"OPEN 5.3.2"
"Wed May 29 2019 08:33:49"
"Unit="	"PSC-895"
"ComputeList="	"/User/Configs/Comps/Default"
"BLCTable="	"/Sys/Lib/StdBLCTable"
"LightSource="	"6400-02B RedBlue #SI-1032"	1	0.16
"LogFormat="	"/User/Configs/LogFormats/Std Output"
"LogCodes="	-35	-21	-36	30	23	36	21	25	-33	-34	-32	-9	-10	-8	-1	-2	-4	-5	-14	-15	-7	-12	-13	-11	-65	-66	-72	-23
"PromptList="	"/User/Configs/Prompts/Default (none)"
"Stability= (CO2S 60s SLP<1)(H2OS 60s SLP<1)(Flow 60s SLP<1)(Ci 20s SLP<1)"
"08:33:58 1500 starting"
$STARTOFDATA$
"Obs"	"HHMMSS"	"FTime"	"Photo"	"Cond"	"Ci"	"Trmmol"	"VpdL"	"Area"	"StmRat"	"BLCond"	"Tair"	"Tleaf"	"TBlk"	"CO2R"	"CO2S"	"H2OR"	"H2OS"	"RH_R"	"RH_S"	"Flow"	"PARi"	"PARo"	"Press"	"CsMch"	"HsMch"	"StableF"	"Status"
1	"08:33:58"	0.0	12.5	0.714	348	6.4	1.04	3.5	1	3.94	22.01	25.71	20.31	399.03	385.96	16.953	22.429	64.73	85.64	399.9	2296	93	101.4	-0.262	0.442	0.2	111115
2	"08:34:45"	80.0	40.5	1.01	282	9.05	1.11	3.5	1	3.94	22.64	25.77	21.15	404.19	365.87	14.177	21.926	52.10	80.57	399.9	1499	95	101.4	-0.262	0.442	0.2	111115
3	"08:35:15"	110.0	14.4	1.5	356	11.1	1.01	3.5	1	3.94	22.34	25.71	20.66	398.64	382.29	13.225	22.741	49.48	85.08	399.9	1500	96	101.4	-0.262	0.442	0.2	111115
4	"08:35:45"	140.0	14.1	1.28	355	10.2	1.04	3.5	1	3.94	22.23	25.71	20.52	399.33	383.55	13.724	22.467	51.68	84.60	399.8	1499	70	101.4	-0.262	0.442	0.5	111115
5	"08:36:15"	170.0	13.9	1.24	355	9.97	1.04	3.5	1	3.94	22.18	25.64	20.44	399.45	383.96	13.754	22.289	51.96	84.21	399.9	1499	72	101.4	-0.262	0.442	0.5	111115
6	"08:36:45"	200.0	13.6	1.12	353	9.84	1.12	3.5	1	3.94	22.18	25.94	20.43	399.50	384.26	13.753	22.174	51.96	83.77	399.9	1500	72	101.4	-0.262	0.442	0.8	111115
7	"08:37:15"	230.0	13.7	1.13	354	9.67	1.09	3.5	1	3.94	22.18	25.73	20.41	399.57	384.35	13.749	22.024	51.93	83.19	399.9	1499	72	101.4	-0.262	0.442	0.8	111115
8	"08:37:45"	260.0	13.1	1.11	355	9.53	1.08	3.5	1	3.94	22.18	25.65	20.40	399.57	384.88	13.749	21.904	51.94	82.74	399.8	1499	73	101.4	-0.262	0.442	1.0	111115
9	"08:38:15"	290.5	13	1.05	354	9.39	1.11	3.5	1	3.94	22.20	25.73	20.41	399.50	384.93	13.754	21.793	51.91	82.25	399.9	1499	73	101.4	-0.262	0.442	1.0	111115
10	"08:38:45"	320.5	12.8	1	354	9.17	1.13	3.5	1	3.94	22.20	25.75	20.41	399.50	385.24	13.761	21.617	51.93	81.57	399.9	1498	74	101.4	-0.262	0.442	0.8	111115
11	"08:39:15"	350.5	12.9	0.893	351	8.91	1.21	3.5	1	3.94	22.18	26.01	20.40	399.64	385.38	13.775	21.408	52.03	80.86	399.9	1500	74	101.4	-0.262	0.442	0.8	111115
12	"08:39:45"	380.5	12.4	0.841	351	8.6	1.22	3.5	1	3.94	22.19	25.97	20.40	399.56	385.77	13.793	21.161	52.08	79.89	399.8	1500	75	101.4	-0.262	0.442	0.8	111115
13	"08:40:15"	410.5	12.8	0.811	349	8.26	1.21	3.5	1	3.94	22.21	25.76	20.41	399.60	385.62	13.810	20.885	52.07	78.75	399.8	1500	75	101.4	-0.262	0.442	0.8	111115
14	"08:40:45"	440.5	12.3	0.66	345	7.49	1.31	3.5	1	3.94	22.23	25.92	20.44	399.59	386.31	13.817	20.238	52.05	76.24	399.9	1499	76	101.4	-0.262	0.442	0.8	111115
15	"08:41:15"	470.5	11.9	0.314	314	4.61	1.57	3.5	1	3.94	22.25	25.98	20.48	399.74	387.75	13.830	17.794	52.04	66.95	399.9	1499	76	101.4	-0.262	0.442	0.2	111115
16	"08:41:45"	500.5	11.4	0.136	241	2.36	1.78	3.5	1	3.94	22.28	26.09	20.52	399.69	388.88	13.851	15.885	51.99	59.63	399.8	1499	77	101.4	-0.262	0.442	0.2	111115
17	"08:42:15"	530.5	11.7	0.107	201	1.88	1.79	3.5	1	3.94	22.31	25.93	20.53	399.75	388.84	13.867	15.490	51.96	58.04	399.8	1499	77	101.4	-0.262	0.442	0.5	111115
18	"08:42:45"	560.5	11.8	0.0945	177	1.67	1.79	3.5	1	3.94	22.36	25.83	20.57	399.69	388.80	13.882	15.320	51.89	57.26	399.8	1499	78	101.4	-0.262	0.442	0.8	111115
19	"08:43:16"	591.5	11.6	0.0929	178	1.71	1.86	3.5	1	3.94	22.43	26.24	20.65	399.70	389.01	13.886	15.362	51.67	57.17	399.8	1500	78	101.4	-0.262	0.442	0.8	111115
20	"08:43:46"	621.5	11.9	0.0894	163	1.63	1.84	3.5	1	3.94	22.47	26.10	20.68	399.68	388.71	13.890	15.294	51.55	56.76	399.8	1500	79	101.4	-0.262	0.442	0.8	111115
21	"08:44:16"	651.5	11.7	0.0872	161	1.61	1.86	3.5	1	3.94	22.50	26.20	20.70	399.68	388.85	13.909	15.296	51.53	56.67	399.8	1500	79	101.4	-0.262	0.442	0.8	111115
22	"08:44:47"	682.5	11.9	0.0877	160	1.6	1.84	3.5	1	3.94	22.49	26.08	20.68	399.74	388.79	13.923	15.298	51.63	56.73	399.9	1500	80	101.4	-0.262	0.442	0.8	111115
23	"08:45:17"	712.5	11.9	0.0848	152	1.58	1.88	3.5	1	3.94	22.51	26.29	20.70	399.74	388.80	13.943	15.304	51.63	56.67	399.8	1500	80	101.4	-0.262	0.442	0.8	111115
24	"08:45:48"	743.5	12	0.0858	152	1.57	1.85	3.5	1	3.94	22.56	26.16	20.76	399.70	388.63	13.956	15.312	51.52	56.52	399.8	1499	81	101.4	-0.262	0.442	0.8	111115
25	"08:46:18"	773.5	12.2	0.0836	142	1.57	1.89	3.5	1	3.94	22.56	26.34	20.75	399.89	388.65	13.969	15.319	51.56	56.54	399.8	1499	81	101.4	-0.262	0.442	0.8	111115
26	"08:46:48"	803.5	12.1	0.0806	135	1.52	1.91	3.5	1	3.94	22.60	26.41	20.79	399.79	388.66	13.983	15.296	51.49	56.33	399.9	1499	82	101.3	-0.262	0.442	0.8	111115
27	"08:47:18"	833.5	12.3	0.0814	135	1.5	1.87	3.5	1	3.94	22.64	26.21	20.83	399.94	388.70	13.993	15.290	51.40	56.16	399.9	1499	82	101.4	-0.262	0.442	0.8	111115
28	"08:47:48"	863.5	11.9	0.0784	133	1.48	1.91	3.5	1	3.94	22.70	26.40	20.90	399.68	388.74	14.007	15.285	51.28	55.96	399.8	1499	82	101.3	-0.262	0.442	0.8	111115
29	"08:48:18"	893.5	12.2	0.0788	129	1.52	1.94	3.5	1	3.94	22.78	26.60	20.99	399.92	388.72	14.029	15.336	51.10	55.86	399.8	1499	83	101.3	-0.262	0.442	0.8	111115
30	"08:48:48"	923.5	12.4	0.0791	126	1.53	1.95	3.5	1	3.94	22.79	26.65	20.99	399.90	388.53	14.052	15.370	51.15	55.95	399.8	1500	83	101.4	-0.262	0.442	0.8	111115
31	"08:49:19"	954.5	12.5	0.0776	119	1.5	1.94	3.5	1	3.94	22.83	26.62	21.04	399.87	388.44	14.070	15.360	51.09	55.78	399.8	1500	84	101.3	-0.262	0.442	0.8	111115
32	"08:49:50"	985.5	12.5	0.08	126	1.54	1.94	3.5	1	3.94	22.88	26.66	21.09	399.87	388.41	14.089	15.420	51.01	55.83	399.8	1499	84	101.3	-0.262	0.442	0.8	111115
33	"08:50:20"	1015.5	12.9	0.0798	118	1.53	1.94	3.5	1	3.94	22.92	26.62	21.14	400.00	388.22	14.108	15.428	50.95	55.72	399.8	1499	85	101.3	-0.262	0.442	0.8	111115
34	"08:50:51"	1046.5	12.5	0.0795	123	1.51	1.92	3.5	1	3.94	23.00	26.52	21.21	399.78	388.29	14.123	15.424	50.77	55.45	399.9	1499	86	101.3	-0.262	0.442	0.8	111115
35	"08:51:21"	1076.5	13.1	0.0808	116	1.59	1.98	3.5	1	3.94	23.06	26.88	21.27	399.95	387.94	14.135	15.504	50.63	55.54	399.9	1499	86	101.3	-0.262	0.442	0.8	111115
36	"08:51:51"	1106.5	14.1	0.0801	94.8	1.56	1.96	3.5	1	3.94	23.08	26.79	21.28	401.03	388.20	14.155	15.500	50.63	55.45	399.9	1500	132	101.3	-0.262	0.442	0.8	111115
37	"08:52:22"	1137.5	12.4	0.111	194	2.29	2.1	3.5	1	3.94	23.07	26.74	21.27	398.23	386.61	12.126	14.104	43.41	50.49	399.9	1500	116	101.3	-0.262	0.442	0.5	111115
38	"08:52:52"	1167.5	14.7	0.111	163	2.27	2.09	3.5	1	3.94	23.10	26.94	21.30	403.58	389.96	12.636	14.598	45.13	52.14	399.9	1500	115	101.3	-0.262	0.442	0.8	111115
39	"08:53:22"	1197.5	13.3	0.0962	152	2.07	2.18	3.5	1	3.94	23.14	26.84	21.35	400.17	387.81	11.686	13.475	41.64	48.02	399.8	1500	117	101.3	-0.262	0.442	0.5	111115
40	"08:53:52"	1227.5	13.4	0.0908	137	1.94	2.16	3.5	1	3.94	23.14	26.69	21.33	400.20	387.77	11.689	13.364	41.65	47.62	399.9	1500	98	101.3	-0.262	0.442	0.5	111115
41	"08:54:22"	1257.5	12.4	0.12	207	2.69	2.3	3.5	1	3.94	23.14	26.70	21.33	398.91	387.18	9.717	12.044	34.64	42.93	399.9	1500	108	101.3	-0.262	0.442	0.5	111115
42	"08:54:52"	1287.5	18.7	-0.108	629	-2.68	2.38	3.5	1	3.94	23.14	26.82	21.32	393.11	377.62	13.719	11.403	48.90	40.64	399.8	1500	121	101.3	-0.262	0.442	0.2	111115
43	"08:55:23"	1318.5	17.2	0.0992	94.3	2.01	2.05	3.5	1	3.94	23.13	26.89	21.29	400.80	385.09	13.142	14.873	46.87	53.04	399.9	1500	121	101.3	-0.262	0.442	0.2	111115
44	"08:55:53"	1348.5	10.6	0.184	276	4.57	2.58	3.5	1	3.94	23.08	26.77	21.28	396.96	386.13	5.389	9.356	19.27	33.46	399.8	1500	122	101.3	-0.262	0.442	0.2	111115
45	"08:56:23"	1378.5	14.2	0.0833	99	2.09	2.53	3.5	1	3.94	23.11	26.72	21.29	399.76	386.63	7.922	9.730	28.27	34.73	399.9	1499	123	101.3	-0.262	0.442	0.2	111115
46	"08:56:53"	1408.5	16.2	0.0935	95.7	2.28	2.48	3.5	1	3.94	23.16	26.89	21.34	403.88	388.89	8.665	10.643	30.85	37.88	399.9	1500	124	101.3	-0.262	0.442	0.2	111115
47	"08:57:23"	1438.5	16.1	0.0745	25.8	1.88	2.55	3.5	1	3.94	23.23	27.10	21.42	399.97	385.26	8.716	10.347	30.90	36.68	399.9	1499	124	101.3	-0.262	0.442	0.5	111115
48	"08:57:54"	1469.5	13	0.0899	141	2.25	2.54	3.5	1	3.94	23.26	27.11	21.44	400.08	387.94	8.567	10.517	30.31	37.21	399.8	1499	125	101.3	-0.262	0.442	0.8	111115
49	"08:58:24"	1499.5	13.4	0.0897	133	2.25	2.54	3.5	1	3.94	23.25	27.21	21.42	400.58	388.05	8.722	10.673	30.87	37.78	399.8	1499	81	101.3	-0.262	0.442	0.5	111115
50	"08:58:54"	1529.5	13.7	0.0906	131	2.22	2.48	3.5	1	3.94	23.26	26.92	21.43	400.73	388.01	8.745	10.667	30.93	37.73	399.8	1499	71	101.3	-0.262	0.442	0.8	111115
51	"08:59:24"	1559.5	13.4	0.0897	133	2.24	2.53	3.5	1	3.94	23.31	27.20	21.48	400.66	388.15	8.773	10.717	30.95	37.80	399.9	1499	71	101.3	-0.262	0.442	0.8	111115
52	"08:59:54"	1589.5	13.4	0.0882	131	2.18	2.5	3.5	1	3.94	23.38	27.03	21.55	400.63	388.20	8.805	10.693	30.93	37.56	399.8	1500	71	101.3	-0.262	0.442	0.8	111115
53	"09:00:24"	1619.5	13.4	0.0858	124	2.14	2.52	3.5	1	3.94	23.43	27.14	21.61	400.79	388.35	8.838	10.693	30.95	37.45	399.8	1500	71	101.3	-0.262	0.442	0.8	111115
54	"09:00:54"	1649.5	13.5	0.0862	123	2.16	2.53	3.5	1	3.94	23.49	27.18	21.67	400.74	388.23	8.876	10.742	30.98	37.49	399.9	1500	71	101.3	-0.262	0.442	0.8	111115
55	"09:01:24"	1679.5	13.6	0.0829	111	2.1	2.56	3.5	1	3.94	23.52	27.30	21.71	400.81	388.19	8.913	10.728	31.04	37.36	399.8	1500	71	101.3	-0.262	0.442	0.8	111115
56	"09:01:54"	1709.5	13.5	0.0844	118	2.1	2.52	3.5	1	3.94	23.56	27.15	21.74	400.79	388.30	8.949	10.770	31.09	37.42	399.8	1499	71	101.3	-0.262	0.442	1.0	111115
57	"09:02:24"	1739.5	13.5	0.0837	116	2.09	2.52	3.5	1	3.94	23.59	27.16	21.77	400.82	388.30	8.987	10.794	31.17	37.44	399.8	1499	71	101.3	-0.262	0.442	0.8	111115
58	"09:02:54"	1769.5	13.5	0.0827	113	2.06	2.51	3.5	1	3.94	23.61	27.13	21.79	400.80	388.32	9.022	10.803	31.25	37.42	399.9	1499	72	101.3	-0.262	0.442	0.8	111115
59	"09:03:24"	1799.5	13.1	0.0836	123	2.14	2.59	3.5	1	3.94	23.63	27.54	21.81	400.69	388.53	9.056	10.911	31.33	37.75	399.9	1499	72	101.3	-0.262	0.442	0.8	111115
60	"09:03:54"	1829.5	13.4	0.0828	114	2.08	2.54	3.5	1	3.94	23.65	27.32	21.82	400.77	388.33	9.098	10.902	31.43	37.67	399.9	1499	72	101.3	-0.262	0.442	0.8	111115
61	"09:04:24"	1859.5	13.6	0.0828	110	2.11	2.58	3.5	1	3.94	23.69	27.53	21.86	400.82	388.21	9.134	10.964	31.49	37.80	399.9	1499	72	101.3	-0.262	0.442	0.8	111115
62	"09:04:54"	1889.5	13.4	0.0822	113	2.08	2.55	3.5	1	3.94	23.73	27.41	21.92	400.79	388.40	9.169	10.968	31.53	37.72	399.8	1499	72	101.3	-0.262	0.442	0.8	111115
63	"09:05:24"	1919.5	13.6	0.0822	109	2.08	2.56	3.5	1	3.94	23.78	27.45	21.95	400.91	388.31	9.212	11.015	31.59	37.77	399.8	1499	72	101.3	-0.262	0.442	0.8	111115
64	"09:05:54"	1949.5	14	0.0826	102	2.09	2.55	3.5	1	3.94	23.82	27.45	22.00	400.92	387.98	9.254	11.061	31.65	37.83	399.8	1499	72	101.3	-0.262	0.442	0.8	111115
65	"09:06:24"	1979.5	14.1	0.0832	101	2.12	2.57	3.5	1	3.94	23.88	27.56	22.06	401.07	387.98	9.298	11.130	31.69	37.94	399.8	1500	72	101.3	-0.262	0.442	0.8	111115
66	"09:06:54"	2009.5	14.3	0.0845	102	2.18	2.61	3.5	1	3.94	23.95	27.79	22.14	400.89	387.68	9.343	11.233	31.72	38.13	399.9	1499	72	101.3	-0.262	0.442	0.8	111115
67	"09:07:24"	2039.5	14.2	0.0853	106	2.17	2.58	3.5	1	3.94	24.04	27.64	22.24	400.86	387.70	9.380	11.260	31.66	38.00	399.9	1499	72	101.3	-0.262	0.442	0.8	111115
68	"09:07:54"	2069.5	14.4	0.0839	97.8	2.16	2.6	3.5	1	3.94	24.12	27.78	22.31	400.89	387.55	9.424	11.294	31.65	37.93	399.8	1500	72	101.3	-0.262	0.442	0.8	111115
69	"09:08:24"	2099.5	14.4	0.0847	99.2	2.19	2.62	3.5	1	3.94	24.16	27.88	22.34	400.94	387.55	9.467	11.365	31.72	38.09	399.8	1500	72	101.3	-0.262	0.442	0.8	111115
70	"09:08:54"	2129.5	14.9	0.085	92.1	2.22	2.64	3.5	1	3.94	24.21	28.03	22.38	400.95	387.19	9.507	11.432	31.77	38.20	399.8	1500	72	101.3	-0.262	0.442	0.8	111115
71	"09:09:24"	2159.5	14.4	0.0838	98.1	2.16	2.61	3.5	1	3.94	24.25	27.87	22.42	400.89	387.58	9.545	11.418	31.81	38.06	399.8	1499	72	101.3	-0.262	0.442	0.8	111115
72	"09:09:54"	2189.5	14.7	0.0858	97.2	2.23	2.63	3.5	1	3.94	24.30	28.01	22.47	400.99	387.34	9.586	11.519	31.86	38.28	399.8	1499	72	101.3	-0.262	0.442	0.8	111115
73	"09:10:24"	2219.5	14.7	0.0871	102	2.26	2.63	3.5	1	3.94	24.34	28.02	22.52	400.99	387.36	9.622	11.580	31.89	38.38	399.9	1499	73	101.3	-0.262	0.442	0.8	111115
74	"09:10:54"	2249.5	14.8	0.0893	106	2.35	2.66	3.5	1	3.94	24.41	28.25	22.59	401.00	387.22	9.662	11.697	31.89	38.61	399.8	1499	72	101.3	-0.262	0.442	0.8	111115
75	"09:11:24"	2279.5	13.3	0.176	247	5.47	3.23	3.5	1	3.94	24.40	28.00	22.58	402.14	388.67	0.850	5.611	2.81	18.54	399.9	1500	70	101.3	-0.262	0.442	0.2	111115
76	"09:11:54"	2309.5	9.72	0.0233	-295	0.781	3.35	3.5	1	3.94	24.42	28.10	22.56	387.26	378.49	3.956	4.636	13.06	15.30	399.9	1500	72	101.3	-0.262	0.442	0.2	111115
77	"09:12:25"	2340.5	16.4	0.178	222	5.25	3.06	3.5	1	3.94	24.40	28.38	22.52	406.13	389.99	3.544	8.105	11.70	26.77	399.8	1501	79	101.3	-0.262	0.442	0.5	111115
78	"09:12:55"	2370.5	17.2	0.127	146	4.13	3.34	3.5	1	3.94	24.36	28.01	22.50	399.33	382.89	0.906	4.508	3.00	14.93	399.9	1501	86	101.3	-0.262	0.442	0.2	111115
79	"09:13:25"	2400.5	17.4	0.0882	51.1	2.91	3.34	3.5	1	3.94	24.36	27.91	22.50	401.32	385.07	1.730	4.265	5.73	14.12	399.9	1500	87	101.3	-0.262	0.442	0.2	111115
80	"09:13:55"	2430.5	13.5	0.121	189	3.97	3.35	3.5	1	3.94	24.33	27.96	22.45	400.17	387.05	0.802	4.260	2.66	14.13	399.9	1499	90	101.3	-0.262	0.442	0.5	111115
81	"09:14:25"	2460.5	14.6	0.112	157	3.73	3.41	3.5	1	3.94	24.28	28.08	22.40	400.23	386.19	0.685	3.941	2.28	13.11	399.8	1500	84	101.3	-0.262	0.442	0.8	111115
82	"09:14:55"	2490.5	15.6	0.107	136	3.49	3.32	3.5	1	3.94	24.28	27.92	22.40	403.92	389.05	1.417	4.457	4.71	14.83	399.9	1500	109	101.3	-0.262	0.442	0.8	111115
83	"09:15:25"	2520.5	15.8	0.1	114	3.31	3.36	3.5	1	3.94	24.31	27.86	22.45	400.08	385.14	1.061	3.949	3.52	13.12	399.8	1500	113	101.3	-0.262	0.442	0.8	111115
84	"09:15:55"	2550.5	14.8	0.109	151	3.61	3.36	3.5	1	3.94	24.34	27.99	22.49	400.21	386.08	1.091	4.237	3.62	14.04	399.8	1500	119	101.3	-0.262	0.442	0.5	111115
85	"09:16:25"	2580.5	14.9	0.113	155	3.74	3.37	3.5	1	3.94	24.33	28.09	22.45	400.28	385.94	1.104	4.366	3.66	14.48	399.8	1499	119	101.3	-0.262	0.442	0.8	111115
86	"09:16:55"	2610.5	15	0.113	154	3.72	3.37	3.5	1	3.94	24.34	28.06	22.46	400.35	385.99	1.115	4.358	3.70	14.45	399.9	1499	119	101.3	-0.262	0.442	0.8	111115
87	"09:17:25"	2640.5	14.2	0.116	172	3.89	3.42	3.5	1	3.94	24.41	28.37	22.54	400.31	386.60	1.125	4.518	3.72	14.92	399.8	1500	119	101.3	-0.262	0.442	0.8	111115
88	"09:17:55"	2670.5	14.5	0.119	170	3.97	3.42	3.5	1	3.94	24.49	28.39	22.63	400.51	386.47	1.136	4.593	3.73	15.09	399.8	1499	119	101.3	-0.262	0.442	0.8	111115
89	"09:18:25"	2700.5	15.4	0.107	137	3.6	3.42	3.5	1	3.94	24.54	28.27	22.66	400.58	385.91	1.146	4.284	3.76	14.03	399.9	1500	119	101.3	-0.262	0.442	0.8	111115
90	"09:18:55"	2730.5	15.2	0.0996	122	3.33	3.4	3.5	1	3.94	24.50	28.07	22.60	400.54	386.07	1.155	4.056	3.79	13.32	399.9	1500	119	101.3	-0.262	0.442	0.8	111115
91	"09:19:25"	2760.5	14.3	0.103	146	3.49	3.44	3.5	1	3.94	24.55	28.31	22.67	400.27	386.61	1.165	4.207	3.81	13.77	399.9	1500	119	101.3	-0.262	0.442	0.8	111115
92	"09:19:55"	2790.5	14.8	0.104	140	3.54	3.46	3.5	1	3.94	24.63	28.42	22.77	400.45	386.29	1.173	4.261	3.82	13.88	399.9	1499	119	101.3	-0.262	0.442	0.8	111115
93	"09:20:25"	2820.5	15.1	0.0953	114	3.24	3.46	3.5	1	3.94	24.72	28.30	22.86	400.33	386.05	1.183	4.008	3.83	12.99	399.8	1498	119	101.3	-0.262	0.442	0.8	111115
94	"09:20:55"	2850.5	14.9	0.108	145	3.68	3.47	3.5	1	3.94	24.79	28.55	22.93	400.45	386.16	1.192	4.396	3.85	14.19	399.9	1500	119	101.3	-0.262	0.442	0.8	111115
95	"09:21:25"	2880.5	15.6	0.097	108	3.32	3.48	3.5	1	3.94	24.84	28.43	22.96	400.57	385.75	1.201	4.092	3.86	13.17	399.8	1500	119	101.3	-0.262	0.442	0.8	111115
96	"09:21:55"	2910.5	15.4	0.094	105	3.23	3.49	3.5	1	3.94	24.87	28.48	22.99	400.42	385.88	1.211	4.029	3.89	12.94	399.9	1500	120	101.3	-0.262	0.442	0.8	111115
97	"09:22:25"	2940.5	15.3	0.0955	110	3.28	3.49	3.5	1	3.94	24.94	28.50	23.06	400.41	385.87	1.219	4.082	3.90	13.06	399.9	1499	120	101.3	-0.262	0.442	0.8	111115
98	"09:22:55"	2970.5	15.7	0.0965	107	3.32	3.5	3.5	1	3.94	24.95	28.55	23.06	400.50	385.67	1.227	4.125	3.92	13.19	399.8	1500	120	101.3	-0.262	0.442	0.8	111115
99	"09:23:25"	3000.5	15.6	0.0988	114	3.42	3.52	3.5	1	3.94	24.98	28.68	23.09	400.58	385.77	1.238	4.219	3.95	13.46	399.9	1499	120	101.3	-0.262	0.442	0.8	111115
100	"09:23:55"	3030.5	16.2	0.0989	104	3.43	3.53	3.5	1	3.94	24.98	28.72	23.08	400.63	385.31	1.244	4.238	3.97	13.52	399.9	1499	120	101.3	-0.262	0.442	0.8	111115
101	"09:24:25"	3060.5	16.5	0.0982	96.9	3.37	3.49	3.5	1	3.94	24.93	28.52	23.01	400.62	385.03	1.254	4.191	4.01	13.42	399.9	1500	120	101.3	-0.262	0.442	0.8	111115
102	"09:24:55"	3090.5	15.8	0.11	136	3.79	3.51	3.5	1	3.94	24.89	28.78	22.99	400.52	385.46	1.265	4.567	4.06	14.65	399.9	1500	120	101.3	-0.262	0.442	0.8	111115
103	"09:25:25"	3120.5	15.6	0.11	138	3.76	3.48	3.5	1	3.94	24.93	28.65	23.04	400.40	385.45	1.276	4.553	4.08	14.58	399.8	1500	120	101.3	-0.262	0.442	0.8	111115
104	"09:25:55"	3150.5	16.5	0.106	116	3.6	3.46	3.5	1	3.94	24.94	28.52	23.05	400.65	384.98	1.285	4.423	4.11	14.15	399.9	1500	120	101.3	-0.262	0.442	0.8	111115
105	"09:26:25"	3180.5	16	0.117	147	4.06	3.53	3.5	1	3.94	24.92	28.53	23.04	400.61	385.27	0.279	3.816	0.89	12.22	399.8	1500	133	101.3	-0.262	0.442	0.8	111115
106	"09:26:55"	3210.5	16.2	0.115	138	3.99	3.55	3.5	1	3.94	24.91	28.51	23.02	400.47	384.91	0.104	3.579	0.33	11.47	399.9	1500	132	101.3	-0.262	0.442	0.5	111115
107	"09:27:25"	3240.5	16.7	0.123	147	4.25	3.54	3.5	1	3.94	24.93	28.55	23.03	400.67	384.65	0.071	3.781	0.23	12.10	399.8	1500	79	101.3	-0.262	0.442	0.8	111115
108	"09:27:55"	3270.5	16.6	0.112	127	3.94	3.58	3.5	1	3.94	24.98	28.61	23.09	400.63	384.74	0.059	3.493	0.19	11.15	399.9	1499	77	101.3	-0.262	0.442	0.8	111115
109	"09:28:25"	3300.5	16.8	0.112	124	3.99	3.64	3.5	1	3.94	25.03	28.88	23.16	400.64	384.61	0.052	3.528	0.16	11.22	399.9	1500	89	101.3	-0.262	0.442	0.8	111115
110	"09:28:55"	3330.5	16.5	0.105	114	3.74	3.62	3.5	1	3.94	25.07	28.70	23.20	400.47	384.80	0.049	3.309	0.16	10.50	399.9	1499	89	101.3	-0.262	0.442	0.8	111115
111	"09:29:25"	3360.5	17.1	0.108	110	3.85	3.64	3.5	1	3.94	25.12	28.86	23.25	400.69	384.43	0.051	3.409	0.16	10.79	399.8	1499	89	101.3	-0.262	0.442	0.8	111115
112	"09:29:56"	3391.5	16.7	0.11	121	3.95	3.66	3.5	1	3.94	25.17	28.97	23.30	400.43	384.51	0.051	3.494	0.16	11.02	399.9	1499	89	101.3	-0.262	0.442	0.8	111115
113	"09:30:26"	3421.5	17.4	0.108	106	3.84	3.62	3.5	1	3.94	25.21	28.76	23.33	400.56	384.06	0.051	3.397	0.16	10.69	399.9	1498	89	101.3	-0.262	0.442	0.8	111115
114	"09:30:56"	3451.5	17.8	0.109	101	3.89	3.64	3.5	1	3.94	25.24	28.84	23.34	400.65	383.73	0.054	3.443	0.17	10.82	399.8	1500	89	101.3	-0.262	0.442	0.8	111115
115	"09:31:27"	3482.5	17.4	0.115	121	4.14	3.67	3.5	1	3.94	25.24	29.08	23.35	400.66	384.01	0.055	3.668	0.17	11.52	399.8	1500	84	101.3	-0.262	0.442	0.8	111115
116	"09:31:57"	3512.5	17.7	0.113	112	4.07	3.68	3.5	1	3.94	25.27	29.09	23.38	400.57	383.71	0.057	3.611	0.18	11.32	399.8	1500	75	101.3	-0.262	0.442	0.8	111115
117	"09:32:28"	3543.5	17.6	0.108	102	3.9	3.69	3.5	1	3.94	25.31	29.07	23.42	400.69	383.96	0.058	3.463	0.18	10.84	399.8	1499	76	101.3	-0.262	0.442	0.8	111115
118	"09:32:58"	3573.5	17.4	0.102	91.3	3.69	3.68	3.5	1	3.94	25.39	28.95	23.52	400.53	384.04	0.062	3.285	0.19	10.23	399.8	1499	79	101.3	-0.262	0.442	1.0	111115
119	"09:33:28"	3603.5	-22.2	0.0664	885	2.43	3.69	3.5	1	3.94	25.46	29.03	23.58	360.27	378.93	1.188	3.310	3.68	10.26	399.8	1499	129	101.3	-0.262	0.442	0.8	111115
120	"09:33:59"	3634.5	21.8	-0.055	985	-0.843	1.48	3.5	1	3.94	25.68	29.64	23.67	393.52	374.74	27.303	26.585	83.57	81.38	399.9	1499	124	101.3	-0.262	0.442	0.5	111115
121	"09:34:29"	3664.5	15.7	-0.0344	1.09E+03	-0.442	1.25	3.5	1	3.94	25.63	28.69	23.73	395.54	381.99	27.050	26.674	83.03	81.88	399.9	401	147	101.3	-0.262	0.442	0.2	111115
122	"09:35:00"	3695.5	18.3	-0.0703	784	-0.891	1.22	3.5	1	3.94	25.63	28.60	23.76	401.02	385.28	27.493	26.734	84.40	82.07	399.9	400	83	101.3	-0.262	0.442	0.5	111115
123	"09:35:31"	3726.5	23.2	-0.102	725	-1.29	1.2	3.5	1	3.94	25.68	28.57	23.84	400.37	380.51	27.926	26.830	85.46	82.11	399.9	400	85	101.3	-0.262	0.442	0.5	111115
124	"09:36:02"	3757.5	22.8	-0.0817	811	-1.04	1.22	3.5	1	3.94	25.74	28.69	23.92	402.62	382.97	27.838	26.954	84.91	82.21	399.8	400	85	101.3	-0.262	0.442	0.8	111115
125	"09:36:33"	3788.5	23.3	0.226	203	2.64	1.22	3.5	1	3.94	25.75	28.59	23.92	403.07	381.79	24.521	26.773	74.72	81.58	399.9	400	86	101.3	-0.262	0.442	0.8	111115
126	"09:37:03"	3818.5	26.1	0.304	224	3.61	1.25	3.5	1	3.94	25.77	28.69	23.93	400.65	376.60	23.515	26.594	71.60	80.98	399.9	400	86	101.3	-0.262	0.442	0.5	111115
127	"09:37:34"	3849.5	24.9	0.237	195	2.96	1.3	3.5	1	3.94	25.81	28.64	23.99	400.52	377.75	23.546	26.065	71.52	79.18	399.9	400	86	101.3	-0.262	0.442	0.5	111115
128	"09:38:04"	3879.5	24.7	0.136	74	1.88	1.41	3.5	1	3.94	25.87	28.73	24.06	400.67	378.46	23.583	25.189	71.36	76.22	399.9	400	86	101.3	-0.262	0.442	0.2	111115
129	"09:38:35"	3910.5	24.7	0.101	-24.1	1.46	1.45	3.5	1	3.94	25.96	28.80	24.16	400.66	378.57	23.635	24.885	71.14	74.90	399.8	400	86	101.3	-0.262	0.442	0.5	111115
130	"09:39:05"	3940.5	24.8	0.0885	-82.8	1.3	1.48	3.5	1	3.94	26.03	28.86	24.22	400.70	378.53	23.686	24.798	71.03	74.36	399.9	400	86	101.3	-0.262	0.442	0.8	111115
131	"09:39:35"	3970.5	24.9	0.0843	-105	1.26	1.49	3.5	1	3.94	26.10	28.94	24.30	400.75	378.57	23.715	24.789	70.79	74.00	399.9	400	86	101.3	-0.262	0.442	0.8	111115
132	"09:40:06"	4001.5	25	0.08	-132	1.2	1.5	3.5	1	3.94	26.15	28.95	24.35	400.73	378.50	23.777	24.800	70.76	73.80	399.9	400	86	101.3	-0.262	0.442	0.8	111115
133	"09:40:36"	4031.5	25.2	0.0819	-126	1.21	1.47	3.5	1	3.94	26.25	28.88	24.45	400.81	378.34	23.834	24.863	70.53	73.57	399.9	400	86	101.3	-0.262	0.442	0.8	111115
134	"09:41:06"	4061.5	25	0.0805	-131	1.23	1.53	3.5	1	3.94	26.34	29.14	24.55	400.80	378.49	23.882	24.931	70.30	73.39	399.9	400	86	101.3	-0.262	0.442	0.8	111115
135	"09:41:36"	4091.5	25.3	0.0809	-134	1.25	1.54	3.5	1	3.94	26.44	29.21	24.66	400.81	378.26	23.911	24.975	69.96	73.07	399.9	400	86	101.3	-0.262	0.442	0.8	111115
136	"09:42:07"	4122.5	25.2	0.0813	-130	1.27	1.57	3.5	1	3.94	26.50	29.34	24.69	400.83	378.34	23.932	25.019	69.77	72.94	399.9	400	86	101.3	-0.262	0.442	0.8	111115
137	"09:42:37"	4152.5	25.6	0.0796	-147	1.24	1.56	3.5	1	3.94	26.57	29.33	24.76	400.87	378.09	23.972	25.034	69.63	72.71	399.9	400	86	101.3	-0.262	0.442	0.8	111115
138	"09:43:08"	4183.5	25.5	0.0831	-125	1.28	1.54	3.5	1	3.94	26.66	29.27	24.86	400.86	378.12	24.018	25.108	69.37	72.52	399.9	400	86	101.3	-0.262	0.442	0.8	111115
139	"09:43:38"	4213.5	25.6	0.0829	-129	1.32	1.59	3.5	1	3.94	26.74	29.51	24.95	400.89	378.02	24.076	25.199	69.21	72.44	399.9	399	86	101.3	-0.262	0.442	0.8	111115
140	"09:44:09"	4244.5	25.7	0.0851	-117	1.36	1.6	3.5	1	3.94	26.84	29.60	25.06	400.90	377.99	24.149	25.309	69.00	72.31	399.9	400	86	101.3	-0.262	0.442	0.8	111115
141	"09:44:39"	4274.5	26.2	0.0814	-149	1.27	1.56	3.5	1	3.94	26.89	29.45	25.09	401.03	377.70	24.218	25.304	69.00	72.10	399.9	400	86	101.3	-0.262	0.442	0.8	111115
142	"09:45:10"	4305.5	26.1	0.0799	-156	1.29	1.61	3.5	1	3.94	26.93	29.67	25.14	400.98	377.74	24.289	25.386	69.03	72.15	399.9	400	86	101.3	-0.262	0.442	0.8	111115
143	"09:45:40"	4335.5	26.3	0.0804	-157	1.28	1.59	3.5	1	3.94	26.97	29.61	25.17	401.01	377.60	24.357	25.446	69.08	72.16	399.9	400	86	101.3	-0.262	0.442	0.8	111115
144	"09:46:10"	4365.5	26.9	0.0818	-162	1.28	1.56	3.5	1	3.94	27.04	29.53	25.24	401.28	377.27	24.416	25.506	68.97	72.05	399.9	399	86	101.3	-0.262	0.442	0.8	111115
145	"09:46:40"	4395.5	26.9	0.0754	-205	1.22	1.62	3.5	1	3.94	27.10	29.80	25.31	401.49	377.52	24.544	25.588	69.07	72.01	399.9	399	86	101.3	-0.262	0.442	0.8	111115
146	"09:47:11"	4426.5	25.6	0.146	81.5	2.52	1.75	3.5	1	3.94	27.15	29.78	25.37	401.20	377.94	22.059	24.211	61.89	67.93	399.9	399	86	101.3	-0.262	0.442	0.5	111115
147	"09:47:41"	4456.5	25.8	0.197	151	3.56	1.86	3.5	1	3.94	27.22	29.90	25.43	401.55	377.76	20.419	23.463	57.07	65.58	399.9	399	86	101.3	-0.262	0.442	0.5	111115
148	"09:48:11"	4486.5	26.9	0.135	42.3	2.58	1.94	3.5	1	3.94	27.29	29.74	25.50	401.50	377.14	20.060	22.268	55.84	61.99	399.9	399	86	101.3	-0.262	0.442	0.5	111115
149	"09:48:41"	4516.5	26.4	0.103	-45.1	2	1.94	3.5	1	3.94	27.39	30.09	25.59	401.35	377.58	21.381	23.090	59.17	63.90	399.9	399	86	101.3	-0.262	0.442	0.8	111115
150	"09:49:11"	4546.5	25.9	0.132	46	2.62	2.01	3.5	1	3.94	27.46	29.99	25.67	399.76	376.23	19.906	22.148	54.87	61.05	399.9	399	88	101.3	-0.262	0.442	0.8	111115
151	"09:49:41"	4576.5	26.5	0.12	6.38	2.44	2.06	3.5	1	3.94	27.55	30.11	25.77	399.82	375.83	19.877	21.968	54.49	60.22	399.9	399	88	101.3	-0.262	0.442	0.2	111115
152	"09:50:11"	4606.5	25.9	0.118	10.1	2.44	2.09	3.5	1	3.94	27.60	30.23	25.81	399.66	376.22	19.874	21.967	54.31	60.03	399.9	399	88	101.3	-0.262	0.442	0.8	111115
153	"09:50:41"	4636.5	26.7	0.11	-26.8	2.27	2.07	3.5	1	3.94	27.67	30.10	25.89	399.86	375.72	19.897	21.840	54.16	59.45	399.9	399	88	101.3	-0.262	0.442	0.8	111115
154	"09:51:11"	4666.5	26.6	0.111	-21.5	2.29	2.08	3.5	1	3.94	27.74	30.15	25.96	399.82	375.82	19.936	21.898	54.03	59.35	399.9	399	88	101.3	-0.262	0.442	0.8	111115
155	"09:51:41"	4696.5	26.2	0.113	-9.28	2.38	2.12	3.5	1	3.94	27.79	30.37	26.00	399.88	376.16	19.975	22.014	54.01	59.52	399.9	399	88	101.3	-0.262	0.442	0.8	111115
156	"09:52:11"	4726.5	26.5	0.112	-16.4	2.37	2.13	3.5	1	3.94	27.84	30.40	26.08	399.76	375.82	20.006	22.035	53.91	59.37	399.9	399	88	101.3	-0.262	0.442	0.8	111115
157	"09:52:41"	4756.5	26.7	0.112	-22.2	2.37	2.14	3.5	1	3.94	27.90	30.46	26.13	399.89	375.74	20.038	22.064	53.80	59.24	399.9	399	88	101.3	-0.262	0.442	0.8	111115
158	"09:53:11"	4786.5	26.6	0.112	-18.8	2.4	2.15	3.5	1	3.94	27.96	30.53	26.18	399.86	375.83	20.044	22.094	53.64	59.13	399.9	399	88	101.3	-0.262	0.442	0.8	111115
159	"09:53:41"	4816.5	26.8	0.108	-34.6	2.32	2.16	3.5	1	3.94	28.01	30.54	26.23	399.93	375.74	20.063	22.053	53.54	58.85	399.9	399	88	101.3	-0.262	0.442	0.8	111115
160	"09:54:11"	4846.5	26.3	0.107	-33.4	2.3	2.18	3.5	1	3.94	28.04	30.60	26.26	399.80	376.06	20.087	22.058	53.51	58.76	399.9	399	89	101.3	-0.262	0.442	0.8	111115
161	"09:54:41"	4877.0	26.9	0.107	-42	2.26	2.13	3.5	1	3.94	28.08	30.42	26.31	399.98	375.66	20.114	22.052	53.45	58.60	399.9	399	88	101.3	-0.262	0.442	0.8	111115
162	"09:55:11"	4907.0	26.7	0.109	-30.9	2.35	2.17	3.5	1	3.94	28.15	30.63	26.39	400.07	375.97	20.162	22.171	53.37	58.69	399.9	399	89	101.3	-0.262	0.442	0.8	111115
163	"09:55:41"	4937.0	27	0.104	-54.7	2.23	2.15	3.5	1	3.94	28.20	30.54	26.45	399.88	375.47	20.213	22.121	53.33	58.37	399.9	399	89	101.3	-0.262	0.442	0.8	111115
164	"09:56:11"	4967.0	26.8	0.105	-45.5	2.3	2.19	3.5	1	3.94	28.25	30.73	26.49	399.75	375.58	20.254	22.220	53.30	58.47	399.9	399	89	101.3	-0.262	0.442	0.8	111115
165	"09:56:41"	4997.0	27.3	0.107	-49.7	2.32	2.19	3.5	1	3.94	28.29	30.74	26.53	400.01	375.35	20.279	22.264	53.24	58.45	399.9	399	89	101.3	-0.262	0.442	0.8	111115
166	"09:57:11"	5027.0	27.3	0.107	-48.1	2.33	2.19	3.5	1	3.94	28.33	30.76	26.58	399.99	375.36	20.324	22.314	53.24	58.45	399.9	399	89	101.3	-0.262	0.442	0.8	111115
167	"09:57:41"	5057.0	27.4	0.108	-44.5	2.36	2.19	3.5	1	3.94	28.41	30.79	26.67	399.96	375.23	20.349	22.367	53.05	58.32	399.9	400	89	101.3	-0.262	0.442	0.8	111115
168	"09:58:11"	5087.0	27.2	0.106	-50.7	2.36	2.24	3.5	1	3.94	28.48	30.98	26.72	400.03	375.41	20.347	22.369	52.83	58.08	399.9	400	89	101.3	-0.262	0.442	0.8	111115
169	"09:58:41"	5117.0	27.2	0.103	-61.2	2.31	2.25	3.5	1	3.94	28.53	31.02	26.77	399.96	375.40	20.414	22.391	52.84	57.96	399.9	400	89	101.3	-0.262	0.442	0.8	111115
170	"09:59:11"	5147.0	27.8	0.104	-67.5	2.29	2.21	3.5	1	3.94	28.58	30.88	26.81	400.03	374.95	20.477	22.433	52.87	57.92	399.9	400	89	101.3	-0.262	0.442	0.8	111115
171	"09:59:41"	5177.0	27.8	0.103	-74.1	2.3	2.25	3.5	1	3.94	28.65	31.07	26.90	399.97	374.85	20.505	22.475	52.74	57.80	399.9	400	89	101.3	-0.262	0.442	0.5	111115
172	"10:00:11"	5207.0	28.2	0.108	-59.1	2.4	2.23	3.5	1	3.94	28.74	31.04	26.99	400.12	374.65	20.518	22.568	52.49	57.74	399.9	400	89	101.3	-0.262	0.442	0.8	111115
173	"10:00:41"	5237.0	27.8	0.105	-65.3	2.38	2.29	3.5	1	3.94	28.79	31.24	27.04	400.03	374.95	20.506	22.544	52.29	57.49	399.9	400	89	101.3	-0.262	0.442	0.8	111115
174	"10:01:11"	5267.0	27.6	0.103	-70.3	2.34	2.29	3.5	1	3.94	28.81	31.25	27.07	399.95	375.06	20.514	22.517	52.25	57.35	399.9	400	89	101.3	-0.262	0.442	0.8	111115
175	"10:01:41"	5297.0	27.6	0.104	-66.6	2.37	2.3	3.5	1	3.94	28.89	31.26	27.16	399.90	374.97	20.498	22.523	51.97	57.11	399.9	400	89	101.3	-0.262	0.442	0.8	111115
176	"10:02:11"	5327.0	28.1	0.0561	-436	1.3	2.3	3.5	1	3.94	28.97	31.36	27.22	399.44	374.40	21.610	22.724	54.56	57.37	399.9	399	84	101.3	-0.262	0.442	0.8	111115
177	"10:02:42"	5358.0	22.8	0.378	262	9.11	2.59	3.5	1	3.94	28.99	31.39	27.27	403.12	380.14	12.147	19.963	30.63	50.34	399.9	399	88	101.3	-0.262	0.442	0.5	111115
178	"10:03:13"	5389.0	30.6	0.0908	-180	2.44	2.69	3.5	1	3.94	29.03	31.17	27.29	402.89	375.27	16.261	18.356	40.90	46.16	399.9	400	89	101.3	-0.262	0.442	0.2	111115
179	"10:03:43"	5419.0	26.5	0.135	42.4	3.73	2.8	3.5	1	3.94	29.04	31.25	27.29	399.32	374.88	14.374	17.578	36.14	44.20	399.9	400	90	101.3	-0.262	0.442	0.8	111115
180	"10:04:13"	5449.0	26.5	0.145	63.2	3.99	2.81	3.5	1	3.94	29.00	31.24	27.24	399.51	375.04	13.967	17.402	35.20	43.85	399.9	400	90	101.3	-0.262	0.442	0.2	111115
181	"10:04:43"	5479.0	26.4	0.14	55.1	3.9	2.83	3.5	1	3.94	29.00	31.24	27.27	399.49	375.13	13.877	17.230	34.95	43.40	399.9	400	95	101.3	-0.262	0.442	0.8	111115
182	"10:05:13"	5509.0	26.7	0.135	40.2	3.73	2.8	3.5	1	3.94	29.02	31.08	27.27	399.53	374.97	13.869	17.074	34.90	42.97	399.9	400	94	101.3	-0.262	0.442	0.8	111115
183	"10:05:43"	5539.0	26.4	0.136	47.1	3.82	2.84	3.5	1	3.94	29.03	31.27	27.29	399.62	375.28	13.873	17.157	34.89	43.16	399.9	400	95	101.3	-0.262	0.442	0.8	111115
184	"10:06:13"	5569.0	25.8	0.137	55.9	3.85	2.85	3.5	1	3.94	29.07	31.30	27.32	399.45	375.58	13.880	17.193	34.84	43.15	399.9	400	95	101.3	-0.262	0.442	0.8	111115
185	"10:06:43"	5599.0	26.1	0.128	29.9	3.63	2.88	3.5	1	3.94	29.12	31.34	27.39	399.48	375.41	13.889	17.013	34.75	42.57	399.9	400	95	101.3	-0.262	0.442	0.8	111115
186	"10:07:13"	5629.0	26.1	0.132	40.9	3.76	2.89	3.5	1	3.94	29.18	31.44	27.46	399.60	375.56	13.897	17.133	34.65	42.71	399.9	399	95	101.3	-0.262	0.442	0.8	111115
187	"10:07:43"	5659.0	26.1	0.13	36.2	3.74	2.91	3.5	1	3.94	29.25	31.51	27.52	399.50	375.45	13.898	17.114	34.51	42.50	399.9	399	94	101.3	-0.262	0.442	0.8	111115
188	"10:08:13"	5689.0	25.8	0.13	37.9	3.73	2.92	3.5	1	3.94	29.28	31.53	27.55	399.42	375.60	13.908	17.114	34.48	42.42	399.9	400	95	101.3	-0.262	0.442	0.8	111115
189	"10:08:43"	5719.0	26.2	0.132	38.9	3.81	2.92	3.5	1	3.94	29.31	31.59	27.58	399.65	375.45	13.916	17.192	34.43	42.54	399.9	399	95	101.3	-0.262	0.442	0.8	111115
190	"10:09:13"	5749.0	26.3	0.13	32.7	3.76	2.93	3.5	1	3.94	29.35	31.60	27.61	399.77	375.49	13.943	17.175	34.42	42.41	399.9	399	95	101.3	-0.262	0.442	0.8	111115
191	"10:09:43"	5779.0	26.3	0.127	26.1	3.68	2.92	3.5	1	3.94	29.35	31.57	27.60	399.66	375.39	13.983	17.148	34.52	42.33	399.9	400	95	101.3	-0.262	0.442	0.8	111115
192	"10:10:13"	5809.0	27.2	0.121	-2.27	3.42	2.85	3.5	1	3.94	29.26	31.22	27.50	399.71	374.76	14.019	16.959	34.80	42.10	399.9	400	95	101.3	-0.262	0.442	0.8	111115
193	"10:10:43"	5839.0	26.4	0.128	26.7	3.59	2.84	3.5	1	3.94	29.19	31.27	27.45	399.64	375.36	14.054	17.141	35.02	42.72	399.9	400	95	101.3	-0.262	0.442	0.8	111115
194	"10:11:13"	5869.0	26.4	0.127	24.9	3.57	2.84	3.5	1	3.94	29.20	31.25	27.47	399.58	375.27	14.084	17.152	35.08	42.72	399.9	400	95	101.3	-0.262	0.442	0.8	111115
195	"10:11:43"	5899.0	26.8	0.127	19	3.6	2.87	3.5	1	3.94	29.25	31.40	27.53	399.57	374.93	14.097	17.195	35.00	42.70	399.9	400	95	101.3	-0.262	0.442	0.8	111115
196	"10:12:13"	5929.0	26.4	0.13	31	3.69	2.89	3.5	1	3.94	29.31	31.49	27.59	399.59	375.29	14.103	17.280	34.90	42.76	399.9	400	95	101.3	-0.262	0.442	0.8	111115
197	"10:12:43"	5959.0	26.8	0.125	13.2	3.58	2.9	3.5	1	3.94	29.38	31.51	27.68	399.81	375.19	14.113	17.189	34.78	42.37	399.9	399	95	101.3	-0.262	0.442	0.8	111115
198	"10:13:13"	5989.0	27	0.123	5.36	3.57	2.93	3.5	1	3.94	29.44	31.63	27.72	399.83	375.01	14.110	17.181	34.67	42.21	399.9	400	95	101.3	-0.262	0.442	1.0	111115
199	"10:13:43"	6019.0	26.7	0.126	16.3	3.62	2.92	3.5	1	3.94	29.41	31.59	27.67	399.80	375.23	14.115	17.228	34.74	42.40	399.9	400	95	101.3	-0.262	0.442	0.8	111115
200	"10:14:13"	6049.0	26.8	0.126	16.9	3.63	2.91	3.5	1	3.94	29.39	31.57	27.66	399.78	375.14	14.141	17.262	34.83	42.52	399.9	400	95	101.3	-0.262	0.442	0.8	111115
201	"10:14:43"	6079.0	27.2	0.129	20	3.71	2.91	3.5	1	3.94	29.44	31.59	27.72	399.91	374.92	14.168	17.356	34.80	42.63	399.9	400	95	101.3	-0.262	0.442	0.8	111115
202	"10:15:13"	6109.0	27.1	0.129	20.2	3.72	2.92	3.5	1	3.94	29.49	31.65	27.78	399.87	374.94	14.204	17.399	34.79	42.62	399.9	399	95	101.3	-0.262	0.442	0.8	111115
203	"10:15:43"	6139.0	27.3	0.128	14.4	3.69	2.93	3.5	1	3.94	29.53	31.70	27.81	399.96	374.88	14.234	17.411	34.78	42.54	399.9	400	95	101.3	-0.262	0.442	0.8	111115
204	"10:16:13"	6169.0	27.6	0.13	16.4	3.76	2.93	3.5	1	3.94	29.58	31.74	27.87	400.00	374.63	14.262	17.499	34.76	42.65	399.9	399	95	101.3	-0.262	0.442	0.8	111115
205	"10:16:43"	6199.0	27.5	0.13	15.7	3.76	2.94	3.5	1	3.94	29.63	31.79	27.92	400.14	374.81	14.281	17.517	34.70	42.56	399.9	399	95	101.3	-0.262	0.442	0.8	111115
206	"10:17:13"	6229.0	27.8	0.126	2.98	3.68	2.95	3.5	1	3.94	29.66	31.81	27.95	400.05	374.48	14.312	17.479	34.71	42.39	399.9	399	95	101.3	-0.262	0.442	0.8	111115
207	"10:17:43"	6259.0	27.7	0.128	9.21	3.76	2.97	3.5	1	3.94	29.73	31.91	28.03	400.04	374.56	14.319	17.550	34.58	42.39	399.9	399	95	101.3	-0.262	0.442	1.0	111115
208	"10:18:13"	6289.0	24.1	0.249	196	9	3.79	3.5	1	3.94	29.75	31.61	28.08	400.58	376.53	0.917	8.728	2.21	21.05	399.9	399	89	101.3	-0.262	0.442	0.2	111115
209	"10:18:43"	6319.0	27.6	0.171	91.6	6.78	4.07	3.5	1	3.94	29.79	31.76	28.11	400.82	374.42	0.444	6.337	1.07	15.25	399.9	399	90	101.3	-0.262	0.442	0.2	111115
210	"10:19:13"	6349.0	27.6	0.161	76.1	6.47	4.11	3.5	1	3.94	29.86	31.81	28.17	400.90	374.59	0.372	5.999	0.89	14.38	399.9	399	94	101.3	-0.262	0.442	0.5	111115
211	"10:19:43"	6379.0	27.7	0.162	76.2	6.54	4.16	3.5	1	3.94	29.95	31.97	28.26	401.10	374.76	0.340	6.027	0.81	14.38	399.9	399	94	101.3	-0.262	0.442	0.8	111115
212	"10:20:13"	6409.0	27.3	0.158	73.9	6.45	4.18	3.5	1	3.94	30.04	32.03	28.35	401.02	374.97	0.320	5.934	0.76	14.08	399.9	400	94	101.3	-0.262	0.442	0.8	111115
213	"10:20:43"	6439.0	28	0.145	40.5	5.96	4.22	3.5	1	3.94	30.12	32.00	28.43	401.05	374.57	0.316	5.504	0.75	13.00	399.9	400	94	101.3	-0.262	0.442	0.8	111115
214	"10:21:13"	6469.0	27.8	0.147	47.2	6.06	4.23	3.5	1	3.94	30.19	32.07	28.49	401.16	374.84	0.314	5.585	0.74	13.14	399.9	400	94	101.3	-0.262	0.442	0.8	111115
215	"10:21:43"	6499.0	27.4	0.149	56.7	6.22	4.26	3.5	1	3.94	30.24	32.26	28.52	401.20	375.15	0.315	5.726	0.74	13.43	399.9	400	95	101.3	-0.262	0.442	0.8	111115
216	"10:22:13"	6529.0	28	0.138	26.1	5.75	4.26	3.5	1	3.94	30.27	32.09	28.56	401.25	374.86	0.316	5.320	0.74	12.45	399.9	400	95	101.3	-0.262	0.442	0.8	111115
217	"10:22:43"	6559.0	27.5	0.144	46.6	6.07	4.3	3.5	1	3.94	30.32	32.33	28.60	401.29	375.26	0.317	5.598	0.74	13.07	399.9	400	95	101.3	-0.262	0.442	0.8	111115
218	"10:23:13"	6589.0	27.7	0.142	39	5.98	4.29	3.5	1	3.94	30.33	32.28	28.62	401.21	374.97	0.319	5.522	0.74	12.89	399.9	400	95	101.3	-0.262	0.442	0.8	111115
219	"10:23:43"	6619.0	28.2	0.137	22.9	5.79	4.31	3.5	1	3.94	30.38	32.28	28.67	401.27	374.72	0.322	5.367	0.75	12.49	399.9	400	95	101.3	-0.262	0.442	0.8	111115
220	"10:24:13"	6649.0	28.2	0.14	29.7	5.94	4.32	3.5	1	3.94	30.44	32.36	28.72	401.47	374.83	0.328	5.494	0.76	12.74	399.9	400	94	101.3	-0.262	0.442	0.8	111115
221	"10:24:43"	6679.0	27.3	0.149	56.7	6.28	4.32	3.5	1	3.94	30.46	32.48	28.74	401.22	375.25	0.335	5.796	0.78	13.43	399.9	400	95	101.3	-0.262	0.442	0.8	111115
222	"10:25:13"	6709.0	26.7	0.145	55.9	6.11	4.31	3.5	1	3.94	30.51	32.40	28.79	400.04	374.70	0.344	5.661	0.79	13.08	399.9	400	94	101.3	-0.262	0.442	0.8	111115
223	"10:25:43"	6739.0	28.2	0.138	22.5	5.85	4.32	3.5	1	3.94	30.51	32.36	28.80	399.98	373.34	0.353	5.443	0.82	12.57	399.9	400	95	101.3	-0.262	0.442	0.5	111115
224	"10:26:13"	6769.0	27.5	0.148	51.8	6.2	4.29	3.5	1	3.94	30.46	32.36	28.74	399.68	373.60	0.366	5.761	0.85	13.34	399.9	401	95	101.3	-0.262	0.442	0.8	111115
225	"10:26:43"	6799.0	28	0.148	47.1	6.15	4.24	3.5	1	3.94	30.35	32.16	28.62	399.84	373.30	0.378	5.728	0.88	13.35	399.9	401	95	101.3	-0.262	0.442	0.8	111115
226	"10:27:13"	6829.0	27.4	0.149	54.9	6.15	4.22	3.5	1	3.94	30.29	32.12	28.58	399.58	373.55	0.395	5.749	0.92	13.45	399.9	401	95	101.3	-0.262	0.442	0.8	111115
227	"10:27:43"	6859.0	27.2	0.148	55.6	6.13	4.23	3.5	1	3.94	30.30	32.12	28.60	399.43	373.58	0.412	5.743	0.96	13.43	399.9	401	95	101.3	-0.262	0.442	0.8	111115
228	"10:28:13"	6889.0	27.7	0.152	56.9	6.27	4.23	3.5	1	3.94	30.34	32.20	28.64	399.68	373.37	0.426	5.885	0.99	13.73	399.9	400	94	101.3	-0.262	0.442	0.8	111115
229	"10:28:43"	6919.0	27.7	0.144	41.6	6	4.26	3.5	1	3.94	30.42	32.22	28.73	399.46	373.28	0.443	5.661	1.03	13.15	399.9	400	95	101.3	-0.262	0.442	0.8	111115
230	"10:29:13"	6949.0	27.6	0.143	40	5.98	4.28	3.5	1	3.94	30.42	32.29	28.73	399.73	373.62	0.460	5.660	1.07	13.14	399.9	400	95	101.3	-0.262	0.442	0.8	111115
231	"10:29:43"	6979.0	27.9	0.146	42.6	6.11	4.29	3.5	1	3.94	30.47	32.37	28.77	399.97	373.55	0.482	5.794	1.12	13.42	399.9	400	94	101.3	-0.262	0.442	0.8	111115
232	"10:30:13"	7009.0	27.8	0.138	28	5.83	4.3	3.5	1	3.94	30.49	32.34	28.79	399.83	373.57	0.506	5.580	1.17	12.90	399.9	400	94	101.3	-0.262	0.442	0.8	111115
233	"10:30:43"	7039.0	27.4	0.145	47.4	6.08	4.28	3.5	1	3.94	30.50	32.34	28.80	399.88	373.87	0.531	5.818	1.23	13.45	399.9	400	94	101.3	-0.262	0.442	0.8	111115
234	"10:31:13"	7069.0	28.2	0.138	22.5	5.79	4.29	3.5	1	3.94	30.52	32.29	28.82	400.18	373.60	0.559	5.597	1.29	12.92	399.9	400	95	101.3	-0.262	0.442	0.8	111115
235	"10:31:43"	7099.0	27.6	0.144	43.4	6.04	4.29	3.5	1	3.94	30.50	32.39	28.79	400.12	374.01	0.585	5.841	1.35	13.50	399.9	400	95	101.3	-0.262	0.442	0.8	111115
236	"10:32:13"	7129.0	27.4	0.144	46.4	6.06	4.29	3.5	1	3.94	30.49	32.40	28.79	400.13	374.15	0.620	5.892	1.43	13.62	399.9	400	94	101.3	-0.262	0.442	0.8	111115
237	"10:32:43"	7159.0	28	0.145	40.7	6.08	4.29	3.5	1	3.94	30.52	32.43	28.82	400.31	373.83	0.654	5.946	1.51	13.72	399.9	400	95	101.3	-0.262	0.442	0.8	111115
238	"10:33:13"	7189.0	28.4	0.139	24.1	5.86	4.29	3.5	1	3.94	30.56	32.37	28.86	400.34	373.59	0.691	5.789	1.59	13.33	399.9	400	94	101.3	-0.262	0.442	0.8	111115
239	"10:33:43"	7219.0	28.6	0.134	8.93	5.68	4.32	3.5	1	3.94	30.62	32.44	28.93	400.21	373.37	0.733	5.672	1.68	13.02	399.9	400	94	101.3	-0.262	0.442	0.8	111115
240	"10:34:13"	7249.0	28.9	0.131	-3.2	5.54	4.32	3.5	1	3.94	30.67	32.42	28.96	400.31	373.23	0.779	5.603	1.78	12.83	399.9	400	94	101.3	-0.262	0.442	0.8	111115
