"OPEN 5.3.2"
"Fri May 31 2019 08:20:33"
"Unit="	"PSC-895"
"ComputeList="	"/User/Configs/Comps/Soil Efflux Eqns.LPL"
"BLCTable="	"/Sys/Lib/StdBLCTable"
"LightSource="	"Sun+Sky"	1	0.19
"LogFormat="	"/User/Configs/LogFormats/Soil Efflux Log Fmt"
"LogCodes="	-35	-21	-36	-104	310	311	320	302	303	306	304	321	322	323	324	300	301	330	331	305	307	308	-8	-2	-5	-9	-13	-11	-61	-23
"PromptList="	"/User/Configs/Prompts/Soil Efflux Prompts"
"Stability= (CO2S 15s SLP<1)(H2OS 15s SLP<1)(Flow 15s SLP<1)"
"08:20:34 "
$STARTOFDATA$
"Obs"	"HHMMSS"	"FTime"	"Plot#"	"Mode"	"Smpls"	"EFFLUX"	"C2avg"	"Wavg"	"dc'/dt"	"Vtot"	"RHcmbr%"	"Tsoil_C"	"RHirga%"	"Tsch_C"	"dC/dt"	"dW/dt"	"R(C)m"	"R(C)b"	"InsDpth"	"Vbase"	"Area"	"TBlk"	"CO2S"	"H2OS"	"Tair"	"PARo"	"Press"	"uc_21_mV"	"Status"
1	"08:20:56"	32.5	0	3	8	1.87	410.8	28.18	0.1352	991	73.94	-479.72	63.81	28.43	0.29665	0.088605	0	0	0	991	71.6	31.06	411.41	28.359	30.98	0	101.4	4797.2	110205
2	"08:20:58"	34.5	0	3	12	1.63	411.0	28.26	0.118	991	74.35	-480.32	64.15	28.42	0.25661	0.082899	0	0	0	991	71.6	31.06	412.07	28.514	30.98	0	101.4	4803.2	110205
3	"08:21:00"	36.5	0	3	16	1.7	411.3	28.34	0.1228	991	74.78	-480.86	64.49	28.41	0.26936	0.080378	0	0	0	991	71.6	31.06	412.30	28.662	30.98	0	101.4	4808.6	110205
4	"08:21:02"	38.5	0	3	20	1.54	411.5	28.41	0.1116	991	75.06	-481.23	64.76	28.42	0.2427	0.077771	0	0	0	991	71.6	31.06	412.61	28.784	30.99	0	101.4	4812.3	110205
5	"08:21:04"	40.5	0	3	20	1.4	412.0	28.56	0.1014	991	75.30	-481.44	64.99	28.43	0.22059	0.070578	0	0	0	991	71.6	31.06	413.04	28.889	30.99	0	101.4	4814.4	110205
6	"08:21:06"	42.5	0	3	20	1.34	412.5	28.69	0.0966	991	75.52	-481.51	65.21	28.43	0.21182	0.063325	0	0	0	991	71.6	31.06	413.61	28.982	30.98	0	101.4	4815.1	110205
7	"08:21:08"	44.5	0	3	20	1.34	412.9	28.81	0.09648	991	75.78	-481.73	65.47	28.45	0.21479	0.055619	0	0	0	991	71.6	31.06	414.21	29.104	30.99	0	101.4	4817.3	110205
8	"08:21:10"	46.5	0	3	20	1.46	413.4	28.93	0.1054	991	76.07	-482.04	65.66	28.43	0.23788	0.053285	0	0	0	991	71.6	31.06	414.61	29.192	30.99	0	101.4	4820.4	110205
9	"08:21:12"	48.5	0	3	20	1.46	413.8	29.03	0.1057	991	76.30	-482.20	65.90	28.44	0.23925	0.051641	0	0	0	991	71.6	31.07	414.94	29.298	30.99	0	101.4	4822.0	110205
10	"08:21:14"	50.5	0	3	20	1.5	414.3	29.13	0.1082	991	76.48	-482.34	66.05	28.44	0.24591	0.050286	0	0	0	991	71.6	31.07	415.39	29.365	30.99	0	101.4	4823.4	110205
11	"08:21:16"	52.5	0	3	20	1.33	414.8	29.23	0.09576	991	76.69	-482.55	66.28	28.46	0.21671	0.046683	0	0	0	991	71.6	31.07	415.99	29.466	30.99	0	101.4	4825.5	110205
12	"08:21:18"	54.5	0	3	20	1.35	415.2	29.32	0.0977	991	76.88	-482.78	66.41	28.45	0.22311	0.042857	0	0	0	991	71.6	31.07	416.46	29.527	30.99	0	101.4	4827.8	110205
13	"08:21:20"	56.5	0	3	20	1.34	415.6	29.40	0.09675	991	77.11	-483.13	66.57	28.44	0.22161	0.040818	0	0	0	991	71.6	31.07	416.75	29.601	30.99	0	101.4	4831.3	110205
14	"08:21:22"	58.5	0	3	20	1.41	416.1	29.48	0.1015	991	77.27	-483.47	66.72	28.44	0.23438	0.038447	0	0	0	991	71.6	31.07	417.34	29.667	30.99	0	101.4	4834.7	110205
15	"08:21:24"	60.5	0	3	20	1.37	416.5	29.56	0.09934	991	77.46	-483.72	66.90	28.45	0.22966	0.036883	0	0	0	991	71.6	31.07	417.47	29.750	30.99	0	101.4	4837.2	110205
16	"08:21:26"	62.5	0	3	20	1.23	417.0	29.63	0.08918	991	77.56	-483.89	67.01	28.46	0.20551	0.034654	0	0	0	991	71.6	31.07	418.27	29.802	30.99	0	101.4	4838.9	110205
17	"08:21:28"	64.5	0	3	20	1.29	417.4	29.70	0.09345	991	77.74	-484.12	67.16	28.45	0.21629	0.034043	0	0	0	991	71.6	31.07	418.34	29.865	30.99	0	101.4	4841.2	110205
18	"08:21:30"	66.5	0	3	20	1.22	417.8	29.77	0.08819	991	77.92	-484.45	67.28	28.44	0.20385	0.032713	0	0	0	991	71.6	31.07	418.94	29.919	30.99	0	101.4	4844.5	110205
19	"08:21:32"	68.5	0	3	20	1.34	418.3	29.83	0.09715	991	77.97	-484.76	67.41	28.47	0.227	0.030391	0	0	0	991	71.6	31.07	419.45	29.979	31.00	0	101.4	4847.6	110205
20	"08:21:34"	70.5	0	3	20	1.43	418.7	29.89	0.1034	991	78.13	-484.95	67.55	28.47	0.24265	0.029898	0	0	0	991	71.6	31.07	420.06	30.038	30.99	0	101.4	4849.5	110205
21	"08:21:36"	72.5	0	3	20	1.46	419.3	29.95	0.1054	991	78.25	-485.12	67.66	28.47	0.24762	0.029617	0	0	0	991	71.6	31.07	420.61	30.090	31.00	0	101.4	4851.2	110205
22	"08:21:38"	74.5	0	3	20	1.52	419.7	30.01	0.1099	991	78.44	-485.40	67.79	28.46	0.25923	0.028814	0	0	0	991	71.6	31.07	421.01	30.151	31.00	0	101.4	4854.0	110205
23	"08:21:40"	76.5	0	3	20	1.44	420.2	30.06	0.1042	991	78.49	-485.62	67.91	28.48	0.24525	0.028542	0	0	0	991	71.6	31.07	421.50	30.201	31.00	0	101.4	4856.2	110205
24	"08:21:42"	78.5	0	3	20	1.5	420.7	30.12	0.1086	991	78.71	-485.77	68.06	28.47	0.25645	0.02736	0	0	0	991	71.6	31.07	422.10	30.270	31.00	0	101.4	4857.7	110205
25	"08:21:44"	80.5	0	3	20	1.48	421.2	30.17	0.1071	991	78.82	-485.95	68.18	28.48	0.25289	0.027289	0	0	0	991	71.6	31.07	422.45	30.328	31.00	0	101.4	4859.5	110205
26	"08:21:46"	82.5	0	3	20	1.43	421.7	30.23	0.1031	991	78.90	-486.02	68.28	28.49	0.24313	0.027176	0	0	0	991	71.6	31.08	423.18	30.372	31.00	0	101.4	4860.2	110205
27	"08:21:48"	84.5	0	3	20	1.41	422.2	30.28	0.1022	991	78.97	-486.13	68.34	28.49	0.24118	0.02613	0	0	0	991	71.6	31.07	423.54	30.399	31.00	0	101.4	4861.3	110205
28	"08:21:50"	86.5	0	3	20	1.3	422.7	30.33	0.09387	991	79.06	-486.28	68.45	28.50	0.2216	0.023904	0	0	0	991	71.6	31.07	423.73	30.451	31.00	0	101.4	4862.8	110205
29	"08:21:52"	88.5	0	3	20	1.29	423.1	30.38	0.09286	991	79.16	-486.48	68.53	28.50	0.21986	0.022188	0	0	0	991	71.6	31.08	424.39	30.488	31.00	0	101.4	4864.8	110205
30	"08:21:54"	90.5	0	3	20	1.29	423.6	30.42	0.09332	991	79.24	-486.69	68.61	28.50	0.22137	0.021305	0	0	0	991	71.6	31.08	424.61	30.521	31.00	0	101.4	4866.9	110205
31	"08:21:56"	92.5	0	3	20	1.18	424.0	30.46	0.0856	991	79.29	-486.92	68.68	28.50	0.20255	0.02063	0	0	0	991	71.6	31.08	425.01	30.554	31.00	0	101.4	4869.2	110205
32	"08:21:58"	94.5	0	3	20	1.24	424.4	30.50	0.08927	991	79.46	-487.04	68.83	28.51	0.21165	0.020557	0	0	0	991	71.6	31.08	425.61	30.623	31.00	0	101.4	4870.4	110205
33	"08:22:00"	96.5	0	3	20	1.35	424.9	30.55	0.09723	991	79.59	-487.19	68.92	28.50	0.23119	0.020889	0	0	0	991	71.6	31.08	426.32	30.665	31.00	0	101.4	4871.9	110205
34	"08:22:02"	98.5	0	3	20	1.4	425.4	30.59	0.1014	991	79.67	-487.40	68.98	28.50	0.24113	0.021682	0	0	0	991	71.6	31.08	426.65	30.694	31.00	0	101.4	4874.0	110205
35	"08:22:04"	100.5	0	3	20	1.47	425.8	30.63	0.1063	991	79.75	-487.60	69.08	28.51	0.25326	0.021743	0	0	0	991	71.6	31.08	426.83	30.741	31.00	0	101.4	4876.0	110205
36	"08:22:06"	102.5	0	3	20	1.38	426.3	30.67	0.09952	991	79.82	-487.77	69.17	28.52	0.23627	0.022169	0	0	0	991	71.6	31.08	427.69	30.782	31.00	0	101.4	4877.7	110205
37	"08:22:08"	104.5	0	3	20	1.41	426.8	30.72	0.1017	991	79.97	-487.97	69.26	28.51	0.24218	0.020693	0	0	0	991	71.6	31.08	428.06	30.825	31.01	0	101.4	4879.7	110205
38	"08:22:10"	106.5	0	3	20	1.44	427.3	30.76	0.1043	991	80.02	-488.17	69.34	28.52	0.24905	0.019812	0	0	0	991	71.6	31.08	428.46	30.860	31.01	0	101.4	4881.7	110205
39	"08:22:12"	108.5	0	3	20	1.31	427.7	30.79	0.09487	991	80.05	-488.32	69.38	28.52	0.22656	0.018064	0	0	0	991	71.6	31.09	429.08	30.880	31.01	0	101.4	4883.2	110205
40	"08:22:14"	110.5	0	3	20	1.28	428.2	30.83	0.09242	991	80.17	-488.43	69.44	28.51	0.22114	0.016584	0	0	0	991	71.6	31.09	429.19	30.908	31.01	0	101.4	4884.3	110205
41	"08:22:16"	112.5	0	3	20	1.18	428.7	30.86	0.08528	991	80.27	-488.49	69.57	28.53	0.20368	0.016135	0	0	0	991	71.6	31.09	429.86	30.972	31.01	0	101.4	4884.9	110205
42	"08:22:18"	114.5	0	3	20	1.28	429.1	30.90	0.09274	991	80.29	-488.60	69.60	28.53	0.22191	0.016587	0	0	0	991	71.6	31.09	430.38	30.985	31.01	0	101.4	4886.0	110205
43	"08:22:20"	116.5	0	3	20	1.54	429.6	30.93	0.1115	991	80.44	-488.77	69.69	28.52	0.2678	0.017861	0	0	0	991	71.6	31.09	430.73	31.024	31.01	0	101.4	4887.7	110205
44	"08:22:22"	118.5	0	3	20	1.45	430.1	30.97	0.1047	991	80.51	-488.91	69.73	28.51	0.25088	0.018018	0	0	0	991	71.6	31.09	431.54	31.044	31.01	0	101.4	4889.1	110205
45	"08:22:24"	120.5	0	3	20	1.57	430.6	31.00	0.1133	991	80.56	-489.10	69.80	28.52	0.2722	0.01793	0	0	0	991	71.6	31.09	431.98	31.076	31.01	0	101.4	4891.0	110205
46	"08:22:26"	122.5	0	3	20	1.5	431.1	31.03	0.1087	991	80.64	-489.26	69.89	28.53	0.26173	0.015457	0	0	0	991	71.6	31.09	432.38	31.117	31.01	0	101.4	4892.6	110205
47	"08:22:28"	124.5	0	3	20	1.23	431.6	31.07	0.08867	991	80.72	-489.28	69.95	28.52	0.21236	0.015325	0	0	0	991	71.6	31.09	432.73	31.145	31.02	0	101.4	4892.8	110205
48	"08:22:30"	126.5	0	3	20	1.31	432.0	31.10	0.09459	991	80.81	-489.26	70.03	28.53	0.22746	0.01427	0	0	0	991	71.6	31.10	433.18	31.185	31.02	0	101.4	4892.6	110205
49	"08:22:32"	128.5	0	3	20	1.19	432.5	31.13	0.08597	991	80.90	-489.24	70.11	28.53	0.20536	0.016027	0	0	0	991	71.6	31.10	433.74	31.223	31.02	0	101.4	4892.4	110205
50	"08:22:34"	130.5	0	3	20	1.31	432.9	31.16	0.09465	991	80.87	-489.43	70.12	28.54	0.2267	0.016323	0	0	0	991	71.6	31.10	434.17	31.226	31.02	0	101.4	4894.3	110205
51	"08:22:36"	132.5	0	4	200	1.4	420.0	31.18	0.1011	991	81.00	-489.56	70.20	28.53	0.23686	0.014897	-0.00045346	0.29157	0	991	71.6	31.10	434.69	31.265	31.02	0	101.4	4895.6	110205
52	"08:23:02"	158.5	0	3	8	1.71	410.7	28.50	0.1235	991	74.70	-490.23	64.37	28.46	0.26662	0.091505	0	0	0	991	71.6	31.11	411.42	28.708	31.04	0	101.4	4902.3	110205
53	"08:23:04"	160.5	0	3	12	1.51	410.9	28.59	0.1093	991	74.97	-490.11	64.67	28.48	0.23286	0.088389	0	0	0	991	71.6	31.11	411.67	28.842	31.04	0	101.4	4901.1	110205
54	"08:23:06"	162.5	0	3	16	1.65	411.2	28.66	0.1196	991	75.30	-490.13	64.96	28.48	0.26204	0.079144	0	0	0	991	71.6	31.11	412.12	28.969	31.04	0	101.4	4901.3	110205
55	"08:23:08"	164.5	0	3	20	1.6	411.4	28.73	0.1159	991	75.54	-490.21	65.21	28.49	0.25467	0.075055	0	0	0	991	71.6	31.12	412.82	29.083	31.04	0	101.4	4902.1	110205
56	"08:23:10"	166.5	0	3	20	1.53	411.9	28.88	0.1107	991	75.88	-490.29	65.50	28.49	0.2451	0.066994	0	0	0	991	71.6	31.12	413.37	29.210	31.04	0	101.4	4902.9	110205
57	"08:23:12"	168.5	0	3	20	1.67	412.5	29.01	0.1203	991	76.25	-490.23	65.78	28.48	0.27063	0.062948	0	0	0	991	71.6	31.12	413.69	29.339	31.04	0	101.4	4902.3	110205
58	"08:23:14"	170.5	0	3	20	1.57	413.0	29.13	0.1134	991	76.52	-490.12	65.99	28.47	0.25396	0.061755	0	0	0	991	71.6	31.12	414.44	29.430	31.04	0	101.4	4901.2	110205
59	"08:23:16"	172.5	0	3	20	1.48	413.5	29.25	0.1071	991	76.73	-490.01	66.18	28.47	0.2411	0.055718	0	0	0	991	71.6	31.12	414.62	29.515	31.04	0	101.4	4900.1	110205
60	"08:23:18"	174.5	0	3	20	1.44	414.0	29.35	0.104	991	76.91	-489.92	66.36	28.48	0.2357	0.050114	0	0	0	991	71.6	31.12	415.22	29.597	31.04	0	101.4	4899.2	110205
61	"08:23:20"	176.5	0	3	20	1.37	414.5	29.45	0.09896	991	77.12	-489.76	66.54	28.48	0.22582	0.043958	0	0	0	991	71.6	31.12	415.68	29.677	31.05	0	101.4	4897.6	110205
62	"08:23:22"	178.5	0	3	20	1.55	414.9	29.54	0.112	991	77.24	-489.64	66.69	28.49	0.2595	0.040407	0	0	0	991	71.6	31.12	416.11	29.747	31.05	0	101.4	4896.4	110205
63	"08:23:24"	180.5	0	3	20	1.47	415.4	29.62	0.1065	991	77.40	-489.50	66.83	28.50	0.24637	0.039437	0	0	0	991	71.6	31.12	416.73	29.814	31.05	0	101.4	4895.0	110205
64	"08:23:26"	182.5	0	3	20	1.44	415.9	29.70	0.1041	991	77.61	-489.48	67.02	28.50	0.24085	0.038646	0	0	0	991	71.6	31.13	417.30	29.896	31.05	0	101.4	4894.8	110205
65	"08:23:28"	184.5	0	3	20	1.39	416.4	29.77	0.1007	991	77.80	-489.45	67.18	28.50	0.23322	0.036617	0	0	0	991	71.6	31.13	417.61	29.969	31.05	0	101.4	4894.5	110205
66	"08:23:30"	186.5	0	3	20	1.36	416.9	29.84	0.09797	991	77.86	-489.36	67.27	28.51	0.22734	0.034528	0	0	0	991	71.6	31.13	418.01	30.010	31.05	0	101.4	4893.6	110205
67	"08:23:32"	188.5	0	3	20	1.43	417.3	29.91	0.1032	991	78.05	-489.31	67.42	28.50	0.24109	0.032694	0	0	0	991	71.6	31.13	418.43	30.077	31.05	0	101.4	4893.1	110205
68	"08:23:34"	190.5	0	3	20	1.37	417.8	29.97	0.09877	991	78.18	-489.20	67.55	28.51	0.23069	0.031231	0	0	0	991	71.6	31.13	419.15	30.138	31.05	0	101.4	4892.0	110205
69	"08:23:36"	192.5	0	3	20	1.5	418.3	30.04	0.1081	991	78.26	-489.15	67.64	28.52	0.25359	0.031428	0	0	0	991	71.6	31.13	419.79	30.180	31.05	0	101.4	4891.5	110205
70	"08:23:38"	194.5	0	3	20	1.49	418.8	30.10	0.108	991	78.39	-489.05	67.79	28.53	0.25419	0.029648	0	0	0	991	71.6	31.13	419.97	30.249	31.05	0	101.4	4890.5	110205
71	"08:23:40"	196.5	0	3	20	1.43	419.3	30.15	0.1034	991	78.61	-489.09	67.90	28.51	0.24354	0.027914	0	0	0	991	71.6	31.13	420.51	30.302	31.05	0	101.4	4890.9	110205
72	"08:23:42"	198.5	0	3	20	1.33	419.7	30.21	0.09631	991	78.67	-489.03	68.00	28.52	0.22645	0.026861	0	0	0	991	71.6	31.13	420.90	30.343	31.05	0	101.4	4890.3	110205
73	"08:23:44"	200.5	0	3	20	1.29	420.2	30.26	0.09292	991	78.72	-489.04	68.06	28.53	0.21898	0.024756	0	0	0	991	71.6	31.13	421.40	30.376	31.06	0	101.4	4890.4	110205
74	"08:23:46"	202.5	0	3	20	1.36	420.7	30.31	0.09808	991	78.93	-489.12	68.23	28.53	0.23185	0.024449	0	0	0	991	71.6	31.14	421.95	30.454	31.06	0	101.4	4891.2	110205
75	"08:23:48"	204.5	0	3	20	1.42	421.1	30.36	0.1023	991	79.00	-489.14	68.29	28.52	0.24204	0.025068	0	0	0	991	71.6	31.14	422.18	30.481	31.06	0	101.4	4891.4	110205
76	"08:23:50"	206.5	0	3	20	1.36	421.6	30.41	0.0983	991	79.08	-489.17	68.40	28.54	0.2324	0.024389	0	0	0	991	71.6	31.14	422.81	30.534	31.06	0	101.4	4891.7	110205
77	"08:23:52"	208.5	0	3	20	1.35	422.1	30.46	0.09756	991	79.12	-489.20	68.48	28.55	0.23084	0.023812	0	0	0	991	71.6	31.14	423.30	30.572	31.06	0	101.4	4892.0	110205
78	"08:23:54"	210.5	0	3	20	1.39	422.5	30.50	0.1006	991	79.29	-489.20	68.58	28.54	0.23875	0.02259	0	0	0	991	71.6	31.14	424.00	30.620	31.06	0	101.4	4892.0	110205
79	"08:23:56"	212.5	0	3	20	1.49	423.0	30.55	0.1078	991	79.39	-489.29	68.64	28.53	0.25736	0.020813	0	0	0	991	71.6	31.14	424.38	30.647	31.06	0	101.4	4892.9	110205
80	"08:23:58"	214.5	0	3	20	1.56	423.5	30.59	0.1124	991	79.49	-489.43	68.75	28.54	0.26884	0.020477	0	0	0	991	71.6	31.14	424.94	30.701	31.07	0	101.4	4894.3	110205
81	"08:24:00"	216.5	0	3	20	1.52	424.1	30.63	0.1095	991	79.56	-489.57	68.85	28.55	0.26148	0.02111	0	0	0	991	71.6	31.14	425.29	30.742	31.06	0	101.4	4895.7	110205
82	"08:24:02"	218.5	0	3	20	1.37	424.5	30.67	0.09873	991	79.68	-489.70	68.91	28.54	0.23493	0.020897	0	0	0	991	71.6	31.15	425.64	30.773	31.07	0	101.4	4897.0	110205
83	"08:24:04"	220.5	0	3	20	1.29	425.0	30.71	0.09322	991	79.78	-489.85	69.01	28.55	0.22142	0.020582	0	0	0	991	71.6	31.15	426.04	30.819	31.07	0	101.4	4898.5	110205
84	"08:24:06"	222.5	0	3	20	1.34	425.5	30.76	0.0968	991	79.92	-489.94	69.14	28.55	0.23	0.021212	0	0	0	991	71.6	31.15	427.19	30.877	31.07	0	101.4	4899.4	110205
85	"08:24:08"	224.5	0	3	20	1.47	426.0	30.80	0.106	991	79.95	-489.91	69.17	28.55	0.25306	0.020201	0	0	0	991	71.6	31.15	427.32	30.890	31.07	0	101.4	4899.1	110205
86	"08:24:10"	226.5	0	3	20	1.46	426.3	30.83	0.1052	991	80.06	-489.88	69.26	28.55	0.25154	0.019395	0	0	0	991	71.6	31.15	427.55	30.934	31.07	0	101.4	4898.8	110205
87	"08:24:12"	228.5	0	3	20	1.39	426.8	30.86	0.1004	991	80.08	-489.84	69.28	28.55	0.24031	0.017902	0	0	0	991	71.6	31.15	428.04	30.945	31.07	0	101.4	4898.4	110205
88	"08:24:14"	230.5	0	3	20	1.25	427.3	30.90	0.09037	991	80.27	-489.78	69.43	28.55	0.21602	0.016769	0	0	0	991	71.6	31.15	428.73	31.015	31.07	0	101.4	4897.8	110205
89	"08:24:16"	232.5	0	3	20	1.24	427.8	30.94	0.08955	991	80.34	-489.76	69.49	28.55	0.2144	0.015844	0	0	0	991	71.6	31.15	429.14	31.044	31.07	0	101.4	4897.6	110205
90	"08:24:18"	234.5	0	3	20	1.42	428.3	30.97	0.1026	991	80.38	-489.71	69.52	28.55	0.246	0.017398	0	0	0	991	71.6	31.15	429.39	31.058	31.07	0	101.4	4897.1	110205
91	"08:24:20"	236.5	0	3	20	1.38	428.8	31.01	0.09978	991	80.43	-489.68	69.60	28.56	0.23935	0.016566	0	0	0	991	71.6	31.16	430.06	31.096	31.07	0	101.4	4896.8	110205
92	"08:24:22"	238.5	0	3	20	1.33	429.2	31.04	0.09645	991	80.46	-489.58	69.67	28.57	0.232	0.014604	0	0	0	991	71.6	31.16	430.28	31.129	31.08	0	101.4	4895.8	110205
93	"08:24:24"	240.5	0	3	20	1.27	429.7	31.07	0.09182	991	80.47	-489.40	69.73	28.59	0.2198	0.016265	0	0	0	991	71.6	31.16	431.09	31.156	31.08	0	101.4	4894.0	110205
94	"08:24:26"	242.5	0	3	20	1.41	430.2	31.11	0.1018	991	80.55	-489.34	69.79	28.59	0.2446	0.016265	0	0	0	991	71.6	31.16	431.46	31.185	31.08	0	101.4	4893.4	110205
95	"08:24:28"	244.5	0	3	20	1.54	430.7	31.14	0.1116	991	80.64	-489.35	69.87	28.59	0.26776	0.018122	0	0	0	991	71.6	31.16	432.01	31.225	31.08	0	101.4	4893.5	110205
96	"08:24:30"	246.5	0	3	20	1.46	431.2	31.17	0.1057	991	80.67	-489.34	69.90	28.59	0.25371	0.017021	0	0	0	991	71.6	31.16	432.42	31.240	31.08	0	101.4	4893.4	110205
97	"08:24:32"	248.5	0	3	20	1.36	431.7	31.20	0.09858	991	80.80	-489.36	70.01	28.59	0.23755	0.013938	0	0	0	991	71.6	31.16	432.87	31.293	31.08	0	101.4	4893.6	110205
98	"08:24:34"	250.5	0	3	20	1.26	432.1	31.23	0.09068	991	80.86	-489.33	70.06	28.59	0.21759	0.014846	0	0	0	991	71.6	31.16	433.40	31.317	31.08	0	101.4	4893.3	110205
99	"08:24:36"	252.5	0	3	20	1.37	432.6	31.26	0.09906	991	80.93	-489.29	70.12	28.59	0.23857	0.01425	0	0	0	991	71.6	31.17	434.14	31.342	31.08	0	101.4	4892.9	110205
100	"08:24:38"	254.5	0	3	20	1.46	433.1	31.29	0.1052	991	80.97	-489.23	70.19	28.60	0.25358	0.014883	0	0	0	991	71.6	31.16	434.27	31.373	31.08	0	101.4	4892.3	110205
101	"08:24:40"	256.5	0	3	20	1.48	433.6	31.32	0.1067	991	81.02	-489.25	70.20	28.59	0.25709	0.015223	0	0	0	991	71.6	31.17	434.94	31.383	31.09	0	101.4	4892.5	110205
102	"08:24:42"	258.5	0	3	20	1.44	434.1	31.35	0.1044	991	81.13	-489.22	70.32	28.60	0.25207	0.01354	0	0	0	991	71.6	31.17	435.42	31.441	31.09	0	101.4	4892.2	110205
103	"08:24:42"	259.0	0	4	200	1.45	420.0	31.35	0.1045	991	81.13	-489.22	70.32	28.60	0.25207	0.01354	-0.00055505	0.33764	0	991	71.6	31.17	435.53	31.443	31.09	0	101.4	4892.2	110205
104	"08:25:09"	286.0	0	3	8	1.69	410.3	28.40	0.1222	991	74.12	-490.45	63.89	28.53	0.26257	0.093612	0	0	0	991	71.6	31.18	410.89	28.605	31.11	0	101.4	4904.5	110205
105	"08:25:11"	288.0	0	3	12	1.67	410.5	28.49	0.1207	991	74.52	-490.51	64.22	28.53	0.2597	0.091488	0	0	0	991	71.6	31.19	411.28	28.759	31.11	0	101.4	4905.1	110205
106	"08:25:13"	290.0	0	3	16	1.57	410.8	28.57	0.1133	991	74.90	-490.56	64.52	28.52	0.2443	0.084421	0	0	0	991	71.6	31.19	411.76	28.890	31.11	0	101.4	4905.6	110205
107	"08:25:15"	292.0	0	3	20	1.46	411.0	28.64	0.1058	991	75.15	-490.62	64.80	28.54	0.2279	0.079668	0	0	0	991	71.6	31.19	412.35	29.014	31.11	0	101.4	4906.2	110205
108	"08:25:17"	294.0	0	3	20	1.42	411.5	28.80	0.1027	991	75.47	-490.61	65.07	28.54	0.22373	0.071317	0	0	0	991	71.6	31.19	412.77	29.135	31.11	0	101.4	4906.1	110205
109	"08:25:19"	296.0	0	3	20	1.42	411.9	28.93	0.1023	991	75.72	-490.63	65.32	28.55	0.22598	0.063522	0	0	0	991	71.6	31.19	413.24	29.250	31.11	0	101.4	4906.3	110205
110	"08:25:21"	298.0	0	3	20	1.44	412.4	29.06	0.1043	991	75.96	-490.63	65.52	28.54	0.23246	0.059924	0	0	0	991	71.6	31.19	413.65	29.339	31.11	0	101.4	4906.3	110205
111	"08:25:23"	300.0	0	3	20	1.41	412.8	29.17	0.1017	991	76.18	-490.60	65.73	28.55	0.22834	0.05419	0	0	0	991	71.6	31.19	414.08	29.432	31.11	0	101.4	4906.0	110205
112	"08:25:25"	302.0	0	3	20	1.41	413.3	29.28	0.1018	991	76.37	-490.57	65.91	28.56	0.22984	0.05125	0	0	0	991	71.6	31.20	414.41	29.518	31.12	0	101.4	4905.7	110205
113	"08:25:27"	304.0	0	3	20	1.43	413.8	29.37	0.1033	991	76.50	-490.55	66.06	28.56	0.23585	0.04606	0	0	0	991	71.6	31.20	415.20	29.585	31.12	0	101.4	4905.5	110205
114	"08:25:29"	306.0	0	3	20	1.46	414.3	29.46	0.1057	991	76.74	-490.59	66.26	28.56	0.24356	0.041735	0	0	0	991	71.6	31.20	415.63	29.672	31.12	0	101.4	4905.9	110205
115	"08:25:31"	308.0	0	3	20	1.51	414.8	29.55	0.1092	991	76.98	-490.52	66.45	28.56	0.25272	0.040666	0	0	0	991	71.6	31.20	416.12	29.760	31.12	0	101.4	4905.2	110205
116	"08:25:33"	310.0	0	3	20	1.5	415.3	29.63	0.1084	991	77.10	-490.51	66.59	28.57	0.25152	0.038644	0	0	0	991	71.6	31.20	416.58	29.827	31.12	0	101.4	4905.1	110205
117	"08:25:35"	312.0	0	3	20	1.54	415.8	29.70	0.1112	991	77.35	-490.52	66.75	28.56	0.25803	0.039653	0	0	0	991	71.6	31.20	416.97	29.901	31.12	0	101.4	4905.2	110205
118	"08:25:37"	314.0	0	3	20	1.47	416.3	29.78	0.1063	991	77.51	-490.49	66.87	28.55	0.24702	0.036985	0	0	0	991	71.6	31.20	417.35	29.957	31.12	0	101.4	4904.9	110205
119	"08:25:39"	316.0	0	3	20	1.35	416.7	29.85	0.09778	991	77.70	-490.40	67.04	28.56	0.22712	0.034045	0	0	0	991	71.6	31.20	418.02	30.035	31.12	0	101.4	4904.0	110205
120	"08:25:41"	318.0	0	3	20	1.4	417.2	29.92	0.1008	991	77.84	-490.38	67.17	28.56	0.23512	0.032857	0	0	0	991	71.6	31.21	418.39	30.094	31.12	0	101.4	4903.8	110205
121	"08:25:43"	320.0	0	3	20	1.4	417.7	29.98	0.101	991	77.89	-490.35	67.29	28.58	0.23615	0.031544	0	0	0	991	71.6	31.21	418.80	30.150	31.13	0	101.4	4903.5	110205
122	"08:25:45"	322.0	0	3	20	1.43	418.2	30.05	0.1033	991	77.98	-490.36	67.37	28.58	0.24211	0.031112	0	0	0	991	71.6	31.21	419.43	30.189	31.13	0	101.4	4903.6	110205
123	"08:25:47"	324.0	0	3	20	1.49	418.6	30.10	0.1075	991	78.13	-490.39	67.51	28.59	0.25352	0.028556	0	0	0	991	71.6	31.21	419.88	30.251	31.13	0	101.4	4903.9	110205
124	"08:25:49"	326.0	0	3	20	1.46	419.2	30.16	0.1051	991	78.28	-490.43	67.62	28.58	0.2483	0.0269	0	0	0	991	71.6	31.21	420.21	30.302	31.13	0	101.4	4904.3	110205
125	"08:25:51"	328.0	0	3	20	1.4	419.6	30.22	0.1013	991	78.39	-490.52	67.75	28.59	0.23908	0.026381	0	0	0	991	71.6	31.21	420.73	30.363	31.13	0	101.4	4905.2	110205
126	"08:25:53"	330.0	0	3	20	1.32	420.1	30.27	0.09502	991	78.53	-490.58	67.86	28.59	0.22347	0.026483	0	0	0	991	71.6	31.22	421.31	30.415	31.13	0	101.4	4905.8	110205
127	"08:25:55"	332.0	0	3	20	1.38	420.6	30.32	0.09979	991	78.58	-490.69	67.92	28.60	0.2351	0.026836	0	0	0	991	71.6	31.22	421.99	30.447	31.13	0	101.4	4906.9	110205
128	"08:25:57"	334.0	0	3	20	1.46	421.1	30.37	0.1052	991	78.73	-490.66	68.03	28.59	0.24924	0.024865	0	0	0	991	71.6	31.22	422.37	30.495	31.13	0	101.4	4906.6	110205
129	"08:25:59"	336.0	0	3	20	1.53	421.5	30.42	0.1105	991	78.90	-490.61	68.13	28.59	0.26295	0.023832	0	0	0	991	71.6	31.22	422.87	30.547	31.14	0	101.4	4906.1	110205
130	"08:26:01"	338.0	0	3	20	1.43	422.0	30.47	0.1037	991	78.93	-490.56	68.20	28.59	0.24672	0.022067	0	0	0	991	71.6	31.22	423.32	30.575	31.14	0	101.4	4905.6	110205
131	"08:26:03"	340.0	0	3	20	1.34	422.5	30.51	0.09654	991	79.00	-490.52	68.28	28.60	0.22911	0.021995	0	0	0	991	71.6	31.22	423.90	30.613	31.14	0	101.4	4905.2	110205
132	"08:26:05"	342.0	0	3	20	1.29	423.0	30.55	0.09349	991	79.19	-490.47	68.39	28.59	0.2219	0.021209	0	0	0	991	71.6	31.22	424.23	30.670	31.14	0	101.4	4904.7	110205
133	"08:26:07"	344.0	0	3	20	1.3	423.4	30.60	0.09378	991	79.26	-490.47	68.48	28.60	0.22265	0.021122	0	0	0	991	71.6	31.22	424.55	30.710	31.14	0	101.4	4904.7	110205
134	"08:26:09"	346.0	0	3	20	1.36	423.9	30.64	0.09829	991	79.32	-490.51	68.55	28.60	0.23419	0.020237	0	0	0	991	71.6	31.23	425.13	30.739	31.14	0	101.4	4905.1	110205
135	"08:26:11"	348.0	0	3	20	1.4	424.4	30.68	0.1015	991	79.45	-490.52	68.66	28.60	0.24257	0.01925	0	0	0	991	71.6	31.23	425.94	30.791	31.14	0	101.4	4905.2	110205
136	"08:26:13"	350.0	0	3	20	1.48	424.9	30.72	0.1069	991	79.57	-490.53	68.75	28.60	0.25589	0.019494	0	0	0	991	71.6	31.23	426.01	30.838	31.14	0	101.4	4905.3	110205
137	"08:26:15"	352.0	0	3	20	1.44	425.3	30.76	0.1037	991	79.60	-490.53	68.80	28.61	0.2475	0.02039	0	0	0	991	71.6	31.23	426.78	30.862	31.15	0	101.4	4905.3	110205
138	"08:26:17"	354.0	0	3	20	1.39	425.8	30.80	0.1006	991	79.64	-490.46	68.86	28.62	0.24026	0.019282	0	0	0	991	71.6	31.23	426.94	30.886	31.14	0	101.4	4904.6	110205
139	"08:26:19"	356.0	0	3	20	1.28	426.3	30.83	0.09217	991	79.69	-490.38	68.96	28.63	0.21973	0.018637	0	0	0	991	71.6	31.23	427.50	30.933	31.15	0	101.4	4903.8	110205
140	"08:26:21"	358.0	0	3	20	1.25	426.8	30.87	0.09045	991	79.85	-490.36	69.05	28.62	0.21579	0.017873	0	0	0	991	71.6	31.23	428.03	30.978	31.15	0	101.4	4903.6	110205
141	"08:26:23"	360.0	0	3	20	1.34	427.2	30.91	0.09709	991	79.86	-490.34	69.11	28.63	0.23246	0.017335	0	0	0	991	71.6	31.24	428.50	31.007	31.15	0	101.4	4903.4	110205
142	"08:26:25"	362.0	0	3	20	1.38	427.7	30.94	0.09965	991	79.99	-490.22	69.19	28.63	0.23797	0.019117	0	0	0	991	71.6	31.24	429.00	31.047	31.15	0	101.4	4902.2	110205
143	"08:26:27"	364.0	0	3	20	1.5	428.2	30.98	0.1082	991	80.08	-490.02	69.26	28.62	0.25932	0.018425	0	0	0	991	71.6	31.24	429.36	31.077	31.15	0	101.4	4900.2	110205
144	"08:26:29"	366.0	0	3	20	1.33	428.6	31.02	0.09611	991	80.17	-489.84	69.29	28.62	0.23	0.017297	0	0	0	991	71.6	31.24	429.83	31.095	31.15	0	101.4	4898.4	110205
145	"08:26:31"	368.0	0	3	20	1.29	429.1	31.05	0.0933	991	80.25	-489.39	69.36	28.62	0.22338	0.016535	0	0	0	991	71.6	31.24	430.27	31.130	31.16	0	101.4	4893.9	110205
146	"08:26:33"	370.0	0	3	20	1.31	429.6	31.08	0.09489	991	80.31	-488.97	69.43	28.62	0.22777	0.015513	0	0	0	991	71.6	31.24	430.77	31.160	31.16	0	101.4	4889.7	110205
147	"08:26:35"	372.0	0	3	20	1.28	430.0	31.11	0.09241	991	80.39	-488.61	69.48	28.62	0.22179	0.015155	0	0	0	991	71.6	31.24	431.03	31.188	31.16	0	101.4	4886.1	110205
148	"08:26:37"	374.0	0	3	20	1.32	430.5	31.14	0.09547	991	80.46	-488.25	69.55	28.62	0.2293	0.015246	0	0	0	991	71.6	31.24	431.92	31.221	31.16	0	101.4	4882.5	110205
149	"08:26:39"	376.0	0	3	20	1.43	431.0	31.17	0.1037	991	80.50	-488.02	69.60	28.63	0.24957	0.015256	0	0	0	991	71.6	31.24	432.33	31.247	31.16	0	101.4	4880.2	110205
150	"08:26:41"	378.0	0	3	20	1.57	431.5	31.20	0.1133	991	80.63	-487.97	69.70	28.63	0.27361	0.014843	0	0	0	991	71.6	31.25	433.09	31.293	31.16	0	101.4	4879.7	110205
151	"08:26:43"	380.0	0	3	20	1.58	432.0	31.24	0.1142	991	80.59	-488.07	69.72	28.64	0.27542	0.015445	0	0	0	991	71.6	31.25	433.13	31.304	31.16	0	101.4	4880.7	110205
152	"08:26:45"	382.0	0	3	20	1.45	432.5	31.26	0.1049	991	80.68	-488.05	69.77	28.64	0.25293	0.014647	0	0	0	991	71.6	31.25	433.57	31.327	31.16	0	101.4	4880.5	110205
153	"08:26:47"	384.0	0	3	20	1.21	433.0	31.29	0.08772	991	80.79	-487.95	69.89	28.64	0.21044	0.014521	0	0	0	991	71.6	31.25	434.18	31.378	31.16	0	101.4	4879.5	110205
154	"08:26:49"	386.0	0	4	200	1.43	420.0	31.32	0.1032	991	80.81	-487.92	69.91	28.64	0.21664	0.015036	-0.00049246	0.31007	0	991	71.6	31.25	434.51	31.394	31.16	0	101.4	4879.2	110205
155	"08:27:15"	412.0	0	3	8	1.81	411.2	28.49	0.1306	991	74.16	-487.24	63.81	28.58	0.28467	0.090513	0	0	0	991	71.6	31.26	411.71	28.694	31.19	0	101.4	4872.4	110205
156	"08:27:17"	414.0	0	3	12	1.38	411.4	28.57	0.09962	991	74.53	-487.05	64.12	28.57	0.21108	0.083166	0	0	0	991	71.6	31.26	412.08	28.832	31.19	0	101.4	4870.5	110205
157	"08:27:19"	416.0	0	3	16	1.5	411.6	28.65	0.1087	991	74.81	-486.87	64.40	28.58	0.23524	0.079118	0	0	0	991	71.6	31.27	412.76	28.954	31.19	0	101.4	4868.7	110205
158	"08:27:21"	418.0	0	3	20	1.55	411.9	28.72	0.1117	991	75.11	-486.68	64.70	28.59	0.24419	0.075259	0	0	0	991	71.6	31.27	413.16	29.090	31.19	0	101.4	4866.8	110205
159	"08:27:23"	420.0	0	3	20	1.54	412.4	28.87	0.1114	991	75.42	-486.48	64.95	28.59	0.24651	0.068377	0	0	0	991	71.6	31.27	413.55	29.202	31.19	0	101.4	4864.8	110205
160	"08:27:25"	422.0	0	3	20	1.57	412.8	29.00	0.1136	991	75.63	-486.34	65.14	28.59	0.25424	0.062388	0	0	0	991	71.6	31.27	413.94	29.293	31.19	0	101.4	4863.4	110205
161	"08:27:28"	424.5	0	3	20	1.46	413.3	29.12	0.1053	991	75.92	-486.00	65.43	28.60	0.23584	0.057746	0	0	0	991	71.6	31.27	414.71	29.419	31.19	0	101.4	4860.0	110205
162	"08:27:32"	428.5	0	3	20	1.4	413.7	29.21	0.1015	991	76.42	-486.44	65.85	28.60	0.22758	0.054633	0	0	0	991	71.6	31.27	415.90	29.611	31.19	0	101.4	4864.4	110205
163	"08:27:34"	430.5	0	3	20	1.47	414.3	29.34	0.1065	991	76.54	-486.45	65.97	28.60	0.24294	0.047882	0	0	0	991	71.6	31.28	416.19	29.667	31.19	0	101.4	4864.5	110205
164	"08:27:36"	432.5	0	3	20	1.47	414.9	29.46	0.1065	991	76.72	-486.06	66.16	28.62	0.24435	0.044164	0	0	0	991	71.6	31.28	416.83	29.754	31.19	0	101.4	4860.6	110205
165	"08:27:38"	434.5	0	3	20	1.46	415.6	29.57	0.1055	991	76.84	-485.83	66.29	28.62	0.24298	0.042027	0	0	0	991	71.6	31.28	417.01	29.813	31.19	0	101.4	4858.3	110205
166	"08:27:40"	436.5	0	3	20	1.42	416.2	29.68	0.1029	991	76.99	-485.89	66.45	28.63	0.23808	0.038334	0	0	0	991	71.6	31.28	417.59	29.885	31.19	0	101.4	4858.9	110205
167	"08:27:42"	438.5	0	3	20	1.31	416.8	29.77	0.09491	991	77.17	-485.93	66.59	28.63	0.21972	0.034901	0	0	0	991	71.6	31.28	417.91	29.954	31.19	0	101.4	4859.3	110205
168	"08:27:44"	440.5	0	3	20	1.35	417.3	29.84	0.09764	991	77.34	-485.80	66.73	28.63	0.22662	0.034466	0	0	0	991	71.6	31.28	418.57	30.021	31.20	0	101.4	4858.0	110205
169	"08:27:46"	442.5	0	3	20	1.45	417.8	29.91	0.1045	991	77.47	-485.64	66.84	28.63	0.24464	0.032189	0	0	0	991	71.6	31.28	419.09	30.072	31.20	0	101.4	4856.4	110205
170	"08:27:48"	444.5	0	3	20	1.53	418.3	29.97	0.1104	991	77.56	-485.53	66.96	28.64	0.25882	0.033187	0	0	0	991	71.6	31.28	419.50	30.130	31.20	0	101.4	4855.3	110205
171	"08:27:50"	446.5	0	3	20	1.51	418.7	30.04	0.1092	991	77.70	-485.87	67.09	28.64	0.25703	0.030356	0	0	0	991	71.6	31.29	420.01	30.186	31.20	0	101.4	4858.7	110205
172	"08:27:52"	448.5	0	3	20	1.4	419.2	30.09	0.1013	991	77.83	-486.55	67.18	28.64	0.23838	0.028145	0	0	0	991	71.6	31.29	420.47	30.230	31.20	0	101.4	4865.5	110205
173	"08:27:54"	450.5	0	3	20	1.28	419.7	30.15	0.09251	991	77.99	-487.21	67.32	28.64	0.21694	0.027364	0	0	0	991	71.6	31.29	420.73	30.296	31.20	0	101.4	4872.1	110205
174	"08:27:56"	452.5	0	3	20	1.36	420.2	30.21	0.09811	991	78.10	-487.78	67.42	28.64	0.23129	0.026202	0	0	0	991	71.6	31.29	421.33	30.342	31.20	0	101.4	4877.8	110205
175	"08:27:58"	454.5	0	3	20	1.4	420.6	30.26	0.1013	991	78.19	-488.21	67.50	28.64	0.23911	0.026587	0	0	0	991	71.6	31.29	421.77	30.378	31.20	0	101.4	4882.1	110205
176	"08:28:00"	456.5	0	3	20	1.45	421.1	30.31	0.105	991	78.32	-488.61	67.62	28.65	0.24915	0.024182	0	0	0	991	71.6	31.29	422.32	30.433	31.20	0	101.4	4886.1	110205
177	"08:28:02"	458.5	0	3	20	1.47	421.6	30.36	0.1063	991	78.46	-488.92	67.74	28.65	0.25254	0.023638	0	0	0	991	71.6	31.29	422.81	30.489	31.20	0	101.4	4889.2	110205
178	"08:28:04"	460.5	0	3	20	1.39	422.1	30.40	0.1005	991	78.52	-489.18	67.80	28.65	0.23828	0.02355	0	0	0	991	71.6	31.29	423.25	30.522	31.21	0	101.4	4891.8	110205
179	"08:28:06"	462.5	0	3	20	1.42	422.5	30.45	0.1023	991	78.61	-489.37	67.93	28.67	0.24307	0.023	0	0	0	991	71.6	31.29	423.73	30.578	31.21	0	101.4	4893.7	110205
180	"08:28:08"	464.5	0	3	20	1.31	423.0	30.49	0.09475	991	78.74	-489.54	68.01	28.66	0.22452	0.022489	0	0	0	991	71.6	31.30	424.34	30.616	31.21	0	101.4	4895.4	110205
181	"08:28:10"	466.5	0	3	20	1.4	423.5	30.54	0.1015	991	78.78	-489.67	68.07	28.67	0.24147	0.021744	0	0	0	991	71.6	31.30	424.84	30.645	31.21	0	101.4	4896.7	110205
182	"08:28:12"	468.5	0	3	20	1.47	423.9	30.58	0.106	991	78.91	-489.82	68.15	28.66	0.25305	0.02105	0	0	0	991	71.6	31.30	425.15	30.685	31.21	0	101.4	4898.2	110205
183	"08:28:14"	470.5	0	3	20	1.43	424.4	30.63	0.1032	991	79.05	-489.95	68.27	28.66	0.24576	0.021593	0	0	0	991	71.6	31.30	425.81	30.739	31.21	0	101.4	4899.5	110205
184	"08:28:16"	472.5	0	3	20	1.45	424.9	30.67	0.1048	991	79.14	-490.08	68.35	28.66	0.25041	0.019998	0	0	0	991	71.6	31.30	426.26	30.778	31.21	0	101.4	4900.8	110205
185	"08:28:18"	474.5	0	3	20	1.37	425.4	30.71	0.09919	991	79.22	-490.08	68.41	28.66	0.23669	0.019652	0	0	0	991	71.6	31.30	426.52	30.809	31.22	0	101.4	4900.8	110205
186	"08:28:20"	476.5	0	3	20	1.33	425.9	30.75	0.09625	991	79.36	-490.05	68.50	28.66	0.22897	0.020621	0	0	0	991	71.6	31.30	427.17	30.851	31.22	0	101.4	4900.5	110205
187	"08:28:22"	478.5	0	3	20	1.34	426.3	30.79	0.09671	991	79.41	-490.05	68.59	28.67	0.23045	0.019825	0	0	0	991	71.6	31.30	427.35	30.892	31.22	0	101.4	4900.5	110205
188	"08:28:24"	480.5	0	3	20	1.29	426.8	30.83	0.093	991	79.43	-490.14	68.66	28.68	0.22122	0.019964	0	0	0	991	71.6	31.31	427.94	30.925	31.22	0	101.4	4901.4	110205
189	"08:28:26"	482.5	0	3	20	1.28	427.2	30.87	0.09233	991	79.55	-490.23	68.74	28.68	0.22032	0.018248	0	0	0	991	71.6	31.31	428.54	30.965	31.22	0	101.4	4902.3	110205
190	"08:28:28"	484.5	0	3	20	1.42	427.7	30.90	0.1024	991	79.51	-490.32	68.75	28.69	0.24545	0.01745	0	0	0	991	71.6	31.31	429.29	30.975	31.22	0	101.4	4903.2	110205
191	"08:28:30"	486.5	0	3	20	1.5	428.2	30.93	0.1084	991	79.64	-490.20	68.84	28.68	0.26093	0.015995	0	0	0	991	71.6	31.31	429.49	31.013	31.22	0	101.4	4902.0	110205
192	"08:28:32"	488.5	0	3	20	1.42	428.7	30.97	0.1023	991	79.72	-490.17	68.92	28.69	0.24603	0.01578	0	0	0	991	71.6	31.31	429.86	31.057	31.22	0	101.4	4901.7	110205
193	"08:28:34"	490.5	0	3	20	1.37	429.2	31.00	0.09886	991	79.82	-490.25	68.99	28.69	0.23721	0.0165	0	0	0	991	71.6	31.31	430.29	31.086	31.23	0	101.4	4902.5	110205
194	"08:28:36"	492.5	0	3	20	1.26	429.7	31.03	0.09131	991	79.89	-490.29	69.05	28.69	0.2186	0.016354	0	0	0	991	71.6	31.31	430.82	31.113	31.22	0	101.4	4902.9	110205
195	"08:28:38"	494.5	0	3	20	1.24	430.1	31.06	0.08982	991	79.92	-490.51	69.11	28.70	0.21489	0.016375	0	0	0	991	71.6	31.31	431.18	31.146	31.23	0	101.4	4905.1	110205
196	"08:28:40"	496.5	0	3	20	1.34	430.5	31.10	0.09673	991	80.05	-490.60	69.19	28.69	0.23242	0.015363	0	0	0	991	71.6	31.32	431.72	31.183	31.23	0	101.4	4906.0	110205
197	"08:28:42"	498.5	0	3	20	1.24	431.0	31.13	0.08992	991	80.16	-490.51	69.27	28.69	0.21495	0.016762	0	0	0	991	71.6	31.32	432.14	31.221	31.23	0	101.4	4905.1	110205
198	"08:28:44"	500.5	0	3	20	1.26	431.4	31.16	0.09116	991	80.16	-490.34	69.32	28.70	0.2179	0.016984	0	0	0	991	71.6	31.32	432.49	31.244	31.23	0	101.4	4903.4	110205
199	"08:28:46"	502.5	0	3	20	1.3	431.9	31.20	0.09397	991	80.22	-490.17	69.42	28.71	0.22493	0.016827	0	0	0	991	71.6	31.32	433.30	31.291	31.23	0	101.4	4901.7	110205
200	"08:28:48"	504.5	0	3	20	1.42	432.3	31.23	0.1027	991	80.24	-490.06	69.46	28.72	0.24726	0.015401	0	0	0	991	71.6	31.32	433.72	31.310	31.23	0	101.4	4900.6	110205
201	"08:28:50"	506.5	0	3	20	1.52	432.8	31.26	0.1096	991	80.27	-490.00	69.48	28.72	0.26479	0.014302	0	0	0	991	71.6	31.32	434.09	31.325	31.23	0	101.4	4900.0	110205
202	"08:28:52"	508.5	0	3	20	1.52	433.4	31.29	0.1098	991	80.39	-489.97	69.59	28.72	0.26478	0.014999	0	0	0	991	71.6	31.32	434.76	31.377	31.24	0	101.4	4899.7	110205
203	"08:28:54"	510.5	0	3	20	1.49	433.9	31.32	0.1078	991	80.49	-489.94	69.63	28.71	0.25989	0.015355	0	0	0	991	71.6	31.32	435.28	31.396	31.24	0	101.4	4899.4	110205
204	"08:28:56"	512.5	0	3	20	1.48	434.4	31.35	0.1071	991	80.51	-489.95	69.69	28.73	0.25824	0.014816	0	0	0	991	71.6	31.32	435.65	31.427	31.24	0	101.4	4899.5	110205
205	"08:28:58"	514.5	0	3	20	1.4	434.9	31.38	0.101	991	80.59	-489.96	69.76	28.73	0.24321	0.014658	0	0	0	991	71.6	31.33	436.34	31.459	31.24	0	101.4	4899.6	110205
206	"08:28:58"	515.0	0	4	200	1.43	420.0	31.38	0.103	991	80.52	-489.96	69.74	28.74	0.24321	0.014658	-0.00039083	0.26712	0	991	71.6	31.33	436.24	31.448	31.24	0	101.4	4899.6	110205
207	"08:29:26"	542.5	0	3	8	1.62	409.2	28.08	0.1174	991	72.81	-489.74	62.67	28.65	0.25091	0.093523	0	0	0	991	71.6	31.34	409.77	28.300	31.26	0	101.4	4897.4	110205
208	"08:29:28"	544.5	0	3	12	1.54	409.5	28.17	0.1114	991	73.12	-489.68	62.99	28.66	0.23749	0.090434	0	0	0	991	71.6	31.34	410.09	28.439	31.26	0	101.4	4896.8	110205
209	"08:29:30"	546.5	0	3	16	1.48	409.7	28.25	0.1069	991	73.57	-489.66	63.36	28.66	0.22789	0.086535	0	0	0	991	71.6	31.34	410.60	28.608	31.26	0	101.4	4896.6	110205
210	"08:29:32"	548.5	0	3	20	1.5	409.9	28.33	0.1085	991	73.97	-489.63	63.68	28.65	0.23326	0.083172	0	0	0	991	71.6	31.34	411.35	28.753	31.26	0	101.4	4896.3	110205
211	"08:29:34"	550.5	0	3	20	1.56	410.4	28.50	0.113	991	74.20	-489.67	63.88	28.66	0.24694	0.077029	0	0	0	991	71.6	31.34	411.60	28.843	31.26	0	101.4	4896.7	110205
212	"08:29:36"	552.5	0	3	20	1.49	410.9	28.64	0.1079	991	74.51	-489.84	64.16	28.66	0.23836	0.067116	0	0	0	991	71.6	31.34	412.07	28.969	31.26	0	101.4	4898.4	110205
213	"08:29:38"	554.5	0	3	20	1.52	411.4	28.77	0.1099	991	74.77	-490.02	64.41	28.67	0.24548	0.062191	0	0	0	991	71.6	31.35	412.65	29.083	31.26	0	101.4	4900.2	110205
214	"08:29:40"	556.5	0	3	20	1.44	411.8	28.89	0.1043	991	74.96	-490.17	64.58	28.67	0.23406	0.05606	0	0	0	991	71.6	31.35	413.16	29.162	31.26	0	101.4	4901.7	110205
215	"08:29:42"	558.5	0	3	20	1.35	412.3	29.00	0.09761	991	75.21	-490.16	64.81	28.67	0.21973	0.051072	0	0	0	991	71.6	31.35	413.57	29.267	31.26	0	101.4	4901.6	110205
216	"08:29:44"	560.5	0	3	20	1.47	412.8	29.10	0.106	991	75.41	-490.03	64.99	28.68	0.24061	0.050568	0	0	0	991	71.6	31.35	414.07	29.349	31.26	0	101.4	4900.3	110205
217	"08:29:46"	562.5	0	3	20	1.45	413.3	29.20	0.1051	991	75.64	-489.97	65.21	28.68	0.24027	0.046075	0	0	0	991	71.6	31.35	414.49	29.447	31.26	0	101.4	4899.7	110205
218	"08:29:48"	564.5	0	3	20	1.45	413.7	29.29	0.1051	991	75.80	-490.06	65.32	28.67	0.24063	0.045148	0	0	0	991	71.6	31.35	414.76	29.496	31.26	0	101.4	4900.6	110205
219	"08:29:50"	566.5	0	3	20	1.49	414.2	29.37	0.1078	991	75.97	-490.08	65.50	28.68	0.24868	0.041883	0	0	0	991	71.6	31.35	415.40	29.580	31.26	0	101.4	4900.8	110205
220	"08:29:52"	568.5	0	3	20	1.45	414.7	29.46	0.1044	991	76.20	-489.91	65.67	28.68	0.24176	0.038712	0	0	0	991	71.6	31.35	416.01	29.663	31.27	0	101.4	4899.1	110205
221	"08:29:54"	570.5	0	3	20	1.39	415.2	29.54	0.1006	991	76.35	-489.73	65.83	28.69	0.23242	0.038203	0	0	0	991	71.6	31.36	416.48	29.733	31.27	0	101.4	4897.3	110205
222	"08:29:56"	572.5	0	3	20	1.36	415.6	29.61	0.09825	991	76.49	-489.67	65.91	28.68	0.22776	0.035554	0	0	0	991	71.6	31.36	416.79	29.776	31.27	0	101.4	4896.7	110205
223	"08:29:58"	574.5	0	3	20	1.33	416.1	29.68	0.09644	991	76.64	-489.63	66.06	28.68	0.22354	0.034925	0	0	0	991	71.6	31.36	417.21	29.844	31.27	0	101.4	4896.3	110205
224	"08:30:00"	576.5	0	3	20	1.34	416.5	29.75	0.09684	991	76.80	-489.57	66.21	28.69	0.22558	0.032453	0	0	0	991	71.6	31.36	417.89	29.911	31.27	0	101.4	4895.7	110205
225	"08:30:02"	578.5	0	3	20	1.41	417.0	29.81	0.1015	991	76.96	-489.49	66.33	28.68	0.23779	0.031128	0	0	0	991	71.6	31.36	418.25	29.966	31.27	0	101.4	4894.9	110205
226	"08:30:04"	580.5	0	3	20	1.41	417.5	29.87	0.1017	991	77.08	-489.40	66.44	28.69	0.23817	0.030849	0	0	0	991	71.6	31.36	418.62	30.021	31.27	0	101.4	4894.0	110205
227	"08:30:06"	582.5	0	3	20	1.42	418.0	29.93	0.1028	991	77.21	-489.32	66.55	28.69	0.24197	0.028483	0	0	0	991	71.6	31.36	419.26	30.069	31.27	0	101.4	4893.2	110205
228	"08:30:08"	584.5	0	3	20	1.43	418.4	29.99	0.103	991	77.30	-489.26	66.69	28.70	0.24262	0.0281	0	0	0	991	71.6	31.36	419.67	30.134	31.27	0	101.4	4892.6	110205
229	"08:30:10"	586.5	0	3	20	1.34	418.9	30.04	0.09656	991	77.48	-489.33	66.78	28.69	0.22716	0.027013	0	0	0	991	71.6	31.36	420.21	30.178	31.27	0	101.4	4893.3	110205
230	"08:30:12"	588.5	0	3	20	1.36	419.4	30.10	0.0986	991	77.58	-489.36	66.91	28.70	0.23248	0.02639	0	0	0	991	71.6	31.36	420.75	30.235	31.28	0	101.4	4893.6	110205
231	"08:30:14"	590.5	0	3	20	1.42	419.9	30.15	0.1028	991	77.66	-489.44	67.02	28.71	0.24299	0.026232	0	0	0	991	71.6	31.36	420.85	30.286	31.28	0	101.4	4894.4	110205
232	"08:30:16"	592.5	0	3	20	1.38	420.3	30.20	0.09958	991	77.76	-489.57	67.09	28.71	0.23548	0.025036	0	0	0	991	71.6	31.36	421.70	30.325	31.28	0	101.4	4895.7	110205
233	"08:30:18"	594.5	0	3	20	1.46	420.8	30.25	0.1052	991	77.91	-489.69	67.20	28.70	0.24947	0.024805	0	0	0	991	71.6	31.37	422.07	30.373	31.28	0	101.4	4896.9	110205
234	"08:30:20"	596.5	0	3	20	1.35	421.3	30.30	0.09721	991	78.01	-489.91	67.30	28.71	0.23035	0.023268	0	0	0	991	71.6	31.37	422.84	30.423	31.28	0	101.4	4899.1	110205
235	"08:30:22"	598.5	0	3	20	1.37	421.8	30.35	0.09883	991	78.11	-490.07	67.38	28.71	0.23444	0.023056	0	0	0	991	71.6	31.37	422.99	30.459	31.28	0	101.4	4900.7	110205
236	"08:30:24"	600.5	0	3	20	1.44	422.3	30.39	0.1042	991	78.27	-490.22	67.51	28.71	0.24789	0.022874	0	0	0	991	71.6	31.37	423.62	30.518	31.28	0	101.4	4902.2	110205
237	"08:30:26"	602.5	0	3	20	1.34	422.7	30.44	0.09651	991	78.34	-490.40	67.58	28.71	0.22843	0.023608	0	0	0	991	71.6	31.37	423.83	30.552	31.28	0	101.4	4904.0	110205
238	"08:30:28"	604.5	0	3	20	1.33	423.2	30.48	0.09594	991	78.41	-490.51	67.69	28.72	0.2274	0.022753	0	0	0	991	71.6	31.37	424.49	30.603	31.28	0	101.4	4905.1	110205
239	"08:30:30"	606.5	0	3	20	1.35	423.7	30.53	0.09725	991	78.44	-490.67	67.71	28.72	0.23126	0.021317	0	0	0	991	71.6	31.37	425.16	30.615	31.28	0	101.4	4906.7	110205
240	"08:30:32"	608.5	0	3	20	1.4	424.2	30.57	0.1011	991	78.57	-490.82	67.83	28.73	0.24162	0.019306	0	0	0	991	71.6	31.38	425.48	30.673	31.29	0	101.4	4908.2	110205
241	"08:30:34"	610.5	0	3	20	1.38	424.6	30.61	0.09992	991	78.72	-491.11	67.89	28.71	0.23882	0.019052	0	0	0	991	71.6	31.38	425.89	30.702	31.29	0	101.4	4911.1	110205
242	"08:30:36"	612.5	0	3	20	1.42	425.1	30.64	0.1029	991	78.83	-491.29	68.01	28.72	0.24643	0.018764	0	0	0	991	71.6	31.38	426.34	30.758	31.29	0	101.4	4912.9	110205
243	"08:30:38"	614.5	0	3	20	1.32	425.6	30.69	0.09514	991	78.86	-491.44	68.05	28.72	0.22647	0.020248	0	0	0	991	71.6	31.38	426.49	30.776	31.29	0	101.4	4914.4	110205
244	"08:30:40"	616.5	0	3	20	1.23	426.0	30.72	0.08852	991	79.00	-491.64	68.16	28.72	0.20988	0.020668	0	0	0	991	71.6	31.38	427.25	30.826	31.29	0	101.4	4916.4	110205
245	"08:30:42"	618.5	0	3	20	1.23	426.4	30.76	0.08892	991	79.06	-491.79	68.25	28.73	0.21147	0.019322	0	0	0	991	71.6	31.38	427.57	30.872	31.29	0	101.4	4917.9	110205
246	"08:30:44"	620.5	0	3	20	1.18	426.9	30.80	0.08494	991	79.16	-491.75	68.31	28.73	0.20181	0.018875	0	0	0	991	71.6	31.38	428.10	30.901	31.29	0	101.4	4917.5	110205
247	"08:30:46"	622.5	0	3	20	1.27	427.3	30.84	0.09174	991	79.22	-491.67	68.38	28.73	0.21913	0.017751	0	0	0	991	71.6	31.38	428.67	30.935	31.29	0	101.4	4916.7	110205
248	"08:30:48"	624.5	0	3	20	1.46	427.8	30.87	0.1053	991	79.19	-491.65	68.43	28.75	0.25261	0.01797	0	0	0	991	71.6	31.39	429.21	30.958	31.30	0	101.4	4916.5	110205
249	"08:30:50"	626.5	0	3	20	1.45	428.3	30.91	0.1051	991	79.34	-491.59	68.52	28.75	0.25256	0.016847	0	0	0	991	71.6	31.39	429.57	31.003	31.30	0	101.4	4915.9	110205
250	"08:30:52"	628.5	0	3	20	1.51	428.8	30.94	0.1088	991	79.41	-491.56	68.61	28.75	0.26161	0.016809	0	0	0	991	71.6	31.39	430.06	31.045	31.30	0	101.4	4915.6	110205
251	"08:30:54"	630.5	0	3	20	1.41	429.3	30.98	0.1016	991	79.51	-491.57	68.66	28.74	0.24398	0.01663	0	0	0	991	71.6	31.39	430.42	31.067	31.30	0	101.4	4915.7	110205
252	"08:30:56"	632.5	0	3	20	1.35	429.8	31.01	0.09777	991	79.58	-491.65	68.71	28.74	0.23412	0.017461	0	0	0	991	71.6	31.39	431.13	31.095	31.30	0	101.4	4916.5	110205
253	"08:30:58"	634.5	0	3	20	1.37	430.3	31.05	0.09932	991	79.66	-491.67	68.79	28.75	0.23793	0.017484	0	0	0	991	71.6	31.39	431.71	31.130	31.30	0	101.4	4916.7	110205
254	"08:31:00"	636.5	0	3	20	1.39	430.7	31.08	0.1005	991	79.68	-491.72	68.82	28.75	0.24131	0.016226	0	0	0	991	71.6	31.39	431.79	31.148	31.30	0	101.4	4917.2	110205
255	"08:31:02"	638.5	0	3	20	1.33	431.2	31.11	0.09584	991	79.75	-491.77	68.90	28.76	0.23055	0.014697	0	0	0	991	71.6	31.39	432.52	31.183	31.30	0	101.4	4917.7	110205
256	"08:31:04"	640.5	0	3	20	1.35	431.7	31.14	0.09726	991	79.77	-491.87	68.95	28.77	0.23434	0.01412	0	0	0	991	71.6	31.39	432.79	31.212	31.30	0	101.4	4918.7	110205
257	"08:31:06"	642.5	0	4	200	1.41	420.0	31.16	0.1016	991	79.94	-491.94	69.04	28.75	0.22637	0.014035	-0.00048608	0.30572	0	991	71.6	31.40	433.40	31.254	31.31	0	101.4	4919.4	110205
