"OPEN 5.3.2"
"Fri May 31 2019 12:43:15"
"Unit="	"PSC-895"
"ComputeList="	"/User/Configs/Comps/Soil Efflux Eqns.LPL"
"BLCTable="	"/Sys/Lib/StdBLCTable"
"LightSource="	"Sun+Sky"	1	0.19
"LogFormat="	"/User/Configs/LogFormats/Soil Efflux Log Fmt"
"LogCodes="	-35	-21	-36	-104	310	311	320	302	303	306	304	321	322	323	324	300	301	330	331	305	307	308	-8	-2	-5	-9	-13	-11	-61	-23
"PromptList="	"/User/Configs/Prompts/Soil Efflux Prompts"
"Stability= (CO2S 15s SLP<1)(H2OS 15s SLP<1)(Flow 15s SLP<1)"
"12:43:16 "
$STARTOFDATA$
"Obs"	"HHMMSS"	"FTime"	"Plot#"	"Mode"	"Smpls"	"EFFLUX"	"C2avg"	"Wavg"	"dc'/dt"	"Vtot"	"RHcmbr%"	"Tsoil_C"	"RHirga%"	"Tsch_C"	"dC/dt"	"dW/dt"	"R(C)m"	"R(C)b"	"InsDpth"	"Vbase"	"Area"	"TBlk"	"CO2S"	"H2OS"	"Tair"	"PARo"	"Press"	"uc_21_mV"	"Status"
1	"12:45:11"	151.0	0	3	8	0.972	510.5	23.85	0.0702	991	71.20	-506.06	64.06	26.10	0.1659	0.012579	0	0	0	991	71.6	27.96	510.76	23.879	27.90	0	101.2	5060.6	110205
2	"12:45:13"	153.0	0	3	12	0.922	510.6	23.86	0.06658	991	71.27	-506.06	64.11	26.10	0.15763	0.01135	0	0	0	991	71.6	27.96	511.21	23.897	27.90	0	101.2	5060.6	110205
3	"12:45:15"	155.0	0	3	16	0.985	510.8	23.87	0.07119	991	71.31	-506.07	64.18	26.11	0.16969	0.0099423	0	0	0	991	71.6	27.96	511.32	23.924	27.90	0	101.2	5060.7	110205
4	"12:45:17"	157.0	0	3	20	0.957	511.0	23.88	0.06913	991	71.34	-506.06	64.21	26.11	0.16438	0.010425	0	0	0	991	71.6	27.96	511.94	23.932	27.90	0	101.2	5060.6	110205
5	"12:45:19"	159.0	0	3	20	1.07	511.4	23.90	0.077	991	71.40	-506.06	64.25	26.10	0.18367	0.010496	0	0	0	991	71.6	27.96	512.58	23.947	27.90	0	101.2	5060.6	110205
6	"12:45:21"	161.0	0	3	20	1.19	511.7	23.92	0.08593	991	71.52	-506.05	64.33	26.09	0.20602	0.009698	0	0	0	991	71.6	27.96	512.63	23.974	27.90	0	101.2	5060.5	110205
7	"12:45:23"	163.0	0	3	20	1.18	512.1	23.94	0.08527	991	71.57	-506.07	64.37	26.09	0.20468	0.0091345	0	0	0	991	71.6	27.96	513.29	23.992	27.90	0	101.2	5060.7	110205
8	"12:45:25"	165.0	0	3	20	1.18	512.5	23.96	0.08499	991	71.56	-506.06	64.39	26.10	0.20412	0.008919	0	0	0	991	71.6	27.96	513.60	24.000	27.90	0	101.2	5060.6	110205
9	"12:45:27"	167.0	0	3	20	1.05	512.9	23.98	0.07576	991	71.63	-506.06	64.45	26.10	0.18126	0.009262	0	0	0	991	71.6	27.96	513.76	24.021	27.90	0	101.2	5060.6	110205
10	"12:45:29"	169.0	0	3	20	1.01	513.3	23.99	0.07319	991	71.69	-506.06	64.53	26.11	0.17443	0.010237	0	0	0	991	71.6	27.96	514.15	24.050	27.90	0	101.2	5060.6	110205
11	"12:45:31"	171.0	0	3	20	1.11	513.6	24.01	0.07986	991	71.71	-506.07	64.55	26.11	0.191	0.0098831	0	0	0	991	71.6	27.96	514.73	24.058	27.90	0	101.2	5060.7	110205
12	"12:45:33"	173.0	0	3	20	1.05	514.0	24.03	0.076	991	71.75	-506.07	64.60	26.11	0.18195	0.0090438	0	0	0	991	71.6	27.96	514.83	24.076	27.90	0	101.2	5060.7	110205
13	"12:45:35"	175.0	0	3	20	0.984	514.3	24.05	0.07109	991	71.80	-506.07	64.63	26.11	0.16983	0.0091595	0	0	0	991	71.6	27.95	515.12	24.085	27.90	0	101.2	5060.7	110205
14	"12:45:37"	177.0	0	3	20	0.986	514.7	24.07	0.07123	991	71.91	-506.07	64.73	26.10	0.17052	0.0084941	0	0	0	991	71.6	27.95	515.77	24.121	27.90	0	101.2	5060.7	110205
15	"12:45:39"	179.0	0	3	20	1.05	515.1	24.09	0.07552	991	71.97	-506.07	64.75	26.10	0.18129	0.0080251	0	0	0	991	71.6	27.96	515.86	24.133	27.90	0	101.2	5060.7	110205
16	"12:45:41"	181.0	0	3	20	1.12	515.4	24.10	0.08093	991	72.04	-506.06	64.80	26.09	0.19469	0.0078389	0	0	0	991	71.6	27.95	516.29	24.149	27.90	0	101.2	5060.6	110205
17	"12:45:43"	183.0	0	3	20	1.06	515.8	24.12	0.07633	991	72.10	-506.06	64.83	26.09	0.18274	0.0090426	0	0	0	991	71.6	27.95	516.46	24.161	27.90	0	101.2	5060.6	110205
18	"12:45:45"	185.0	0	3	20	0.95	516.1	24.14	0.06866	991	72.17	-506.05	64.91	26.09	0.16368	0.0094389	0	0	0	991	71.6	27.96	517.15	24.191	27.90	0	101.2	5060.5	110205
19	"12:45:47"	187.0	0	3	20	0.863	516.5	24.15	0.06232	991	72.21	-506.05	64.96	26.09	0.14858	0.0085463	0	0	0	991	71.6	27.96	517.42	24.208	27.90	0	101.2	5060.5	110205
20	"12:45:49"	189.0	0	3	20	0.966	516.8	24.17	0.0698	991	72.18	-506.06	64.97	26.10	0.16665	0.0091353	0	0	0	991	71.6	27.95	517.46	24.210	27.90	0	101.2	5060.6	110205
21	"12:45:51"	191.0	0	3	20	0.985	517.1	24.19	0.07117	991	72.23	-506.06	65.03	26.11	0.17108	0.0071174	0	0	0	991	71.6	27.95	518.28	24.231	27.90	0	101.2	5060.6	110205
22	"12:45:53"	193.0	0	3	20	1.11	517.5	24.20	0.08049	991	72.27	-506.07	65.07	26.11	0.19347	0.0080634	0	0	0	991	71.6	27.96	518.57	24.250	27.90	0	101.2	5060.7	110205
23	"12:45:55"	195.0	0	3	20	1.1	517.9	24.22	0.0794	991	72.39	-506.08	65.16	26.11	0.19045	0.0087005	0	0	0	991	71.6	27.96	518.73	24.282	27.90	0	101.2	5060.8	110205
24	"12:45:57"	197.0	0	3	20	1.09	518.2	24.24	0.07878	991	72.43	-506.08	65.18	26.10	0.18902	0.0085179	0	0	0	991	71.6	27.95	519.27	24.291	27.90	0	101.2	5060.8	110205
25	"12:45:59"	199.0	0	3	20	1.09	518.6	24.26	0.07874	991	72.49	-506.05	65.17	26.09	0.18852	0.0092614	0	0	0	991	71.6	27.95	519.52	24.288	27.90	0	101.2	5060.5	110205
26	"12:46:01"	201.0	0	3	20	0.824	518.9	24.27	0.05955	991	72.51	-506.07	65.21	26.09	0.14231	0.0074956	0	0	0	991	71.6	27.95	519.99	24.304	27.90	0	101.2	5060.7	110205
27	"12:46:03"	203.0	0	3	20	1	519.3	24.29	0.07235	991	72.60	-506.06	65.30	26.09	0.17396	0.0070812	0	0	0	991	71.6	27.95	520.35	24.333	27.90	0	101.2	5060.6	110205
28	"12:46:05"	205.0	0	3	20	1.08	519.7	24.30	0.07799	991	72.58	-506.06	65.31	26.10	0.18792	0.0069039	0	0	0	991	71.6	27.95	520.69	24.335	27.90	0	101.2	5060.6	110205
29	"12:46:07"	207.0	0	3	20	1.14	520.0	24.32	0.08265	991	72.63	-506.08	65.39	26.10	0.1994	0.0068748	0	0	0	991	71.6	27.95	521.17	24.362	27.89	0	101.2	5060.8	110205
30	"12:46:09"	209.0	0	3	20	1.25	520.4	24.33	0.09039	991	72.66	-506.06	65.40	26.10	0.21771	0.0081865	0	0	0	991	71.6	27.95	521.47	24.367	27.89	0	101.2	5060.6	110205
31	"12:46:11"	211.0	0	3	20	1.02	520.8	24.35	0.07372	991	72.67	-506.06	65.44	26.11	0.17732	0.0071035	0	0	0	991	71.6	27.95	521.59	24.379	27.89	0	101.2	5060.6	110205
32	"12:46:13"	213.0	0	3	20	0.904	521.1	24.36	0.06528	991	72.82	-506.07	65.50	26.09	0.15689	0.0065327	0	0	0	991	71.6	27.95	521.87	24.403	27.89	0	101.2	5060.7	110205
33	"12:46:15"	215.0	0	3	20	0.81	521.5	24.37	0.05851	991	72.84	-506.05	65.51	26.08	0.14012	0.0067711	0	0	0	991	71.6	27.95	522.55	24.403	27.89	0	101.2	5060.5	110205
34	"12:46:17"	217.0	0	3	20	0.988	521.8	24.39	0.07139	991	72.87	-506.05	65.57	26.09	0.17231	0.0057514	0	0	0	991	71.6	27.95	522.69	24.425	27.89	0	101.2	5060.5	110205
35	"12:46:19"	219.0	0	3	20	1.05	522.1	24.40	0.07611	991	72.95	-506.06	65.65	26.09	0.18361	0.0063344	0	0	0	991	71.6	27.95	522.86	24.456	27.89	0	101.2	5060.6	110205
36	"12:46:21"	221.0	0	3	20	0.935	522.4	24.41	0.06757	991	72.97	-506.08	65.65	26.09	0.16217	0.0071694	0	0	0	991	71.6	27.95	523.13	24.457	27.89	0	101.2	5060.8	110205
37	"12:46:23"	223.0	0	3	20	0.871	522.8	24.43	0.06294	991	73.03	-506.07	65.70	26.09	0.15077	0.007201	0	0	0	991	71.6	27.95	523.59	24.474	27.89	0	101.2	5060.7	110205
38	"12:46:25"	225.0	0	3	20	0.747	523.1	24.44	0.05395	991	73.09	-506.08	65.75	26.08	0.12827	0.0079681	0	0	0	991	71.6	27.95	523.89	24.488	27.89	0	101.2	5060.8	110205
39	"12:46:27"	227.0	0	3	20	0.952	523.4	24.46	0.06876	991	73.10	-506.06	65.76	26.09	0.16477	0.0077271	0	0	0	991	71.6	27.94	524.40	24.493	27.89	0	101.2	5060.6	110205
40	"12:46:29"	229.0	0	3	20	1.09	523.7	24.47	0.07886	991	73.17	-506.07	65.82	26.09	0.19003	0.0068903	0	0	0	991	71.6	27.94	524.75	24.517	27.89	0	101.2	5060.7	110205
41	"12:46:31"	231.0	0	3	20	1.04	524.1	24.49	0.07526	991	73.14	-506.06	65.83	26.09	0.18102	0.0071987	0	0	0	991	71.6	27.94	525.07	24.518	27.89	0	101.2	5060.6	110205
42	"12:46:33"	233.0	0	3	20	1.04	524.4	24.50	0.07493	991	73.23	-506.06	65.90	26.09	0.18051	0.0066379	0	0	0	991	71.6	27.94	525.50	24.542	27.89	0	101.2	5060.6	110205
43	"12:46:35"	235.0	0	3	20	1.05	524.8	24.52	0.07567	991	73.30	-506.07	65.97	26.09	0.18196	0.0073362	0	0	0	991	71.6	27.94	525.66	24.568	27.89	0	101.2	5060.7	110205
44	"12:46:37"	237.0	0	3	20	0.909	525.2	24.53	0.06565	991	73.23	-506.07	65.96	26.10	0.15694	0.0080543	0	0	0	991	71.6	27.94	525.97	24.561	27.88	0	101.2	5060.7	110205
45	"12:46:39"	239.0	0	3	20	1.01	525.5	24.55	0.07263	991	73.35	-506.07	66.05	26.10	0.17386	0.0084832	0	0	0	991	71.6	27.94	526.28	24.599	27.89	0	101.2	5060.7	110205
46	"12:46:41"	241.0	0	3	20	0.904	525.8	24.56	0.06531	991	73.33	-506.07	66.04	26.10	0.15585	0.0085487	0	0	0	991	71.6	27.94	526.68	24.594	27.88	0	101.2	5060.7	110205
47	"12:46:43"	243.0	0	3	20	0.863	526.1	24.58	0.06235	991	73.37	-506.07	66.09	26.11	0.14999	0.0059167	0	0	0	991	71.6	27.94	526.85	24.613	27.88	0	101.2	5060.7	110205
48	"12:46:45"	245.0	0	3	20	1	526.5	24.59	0.07234	991	73.39	-506.05	66.12	26.11	0.17471	0.0056046	0	0	0	991	71.6	27.94	527.41	24.620	27.88	0	101.2	5060.5	110205
49	"12:46:47"	247.0	0	3	20	0.891	526.8	24.61	0.06435	991	73.45	-506.07	66.17	26.11	0.15461	0.0064288	0	0	0	991	71.6	27.94	527.59	24.642	27.88	0	101.2	5060.7	110205
50	"12:46:49"	249.0	0	3	20	0.963	527.1	24.62	0.06959	991	73.45	-506.06	66.19	26.11	0.16716	0.0070498	0	0	0	991	71.6	27.94	527.95	24.648	27.88	0	101.2	5060.6	110205
51	"12:46:51"	251.0	0	4	200	0.935	530.0	24.63	0.06759	991	73.48	-506.05	66.21	26.11	0.16484	0.0073835	-0.00046075	0.31178	0	991	71.6	27.94	528.32	24.652	27.88	0	101.2	5060.5	110205
52	"12:50:10"	450.0	0	3	8	0.887	510.5	25.47	0.06405	991	76.16	-506.06	68.69	26.06	0.15336	0.0076407	0	0	0	991	71.6	27.87	510.88	25.483	27.82	0	101.2	5060.6	110205
53	"12:50:12"	452.0	0	3	12	1.12	510.7	25.47	0.08127	991	76.16	-506.07	68.70	26.06	0.19764	0.0038361	0	0	0	991	71.6	27.88	511.11	25.484	27.82	0	101.2	5060.7	110205
54	"12:50:14"	454.0	0	3	16	0.968	510.8	25.48	0.06991	991	76.16	-506.07	68.72	26.07	0.16941	0.0044777	0	0	0	991	71.6	27.87	511.67	25.491	27.81	0	101.2	5060.7	110205
55	"12:50:16"	456.0	0	3	20	0.953	511.0	25.48	0.06885	991	76.23	-506.06	68.79	26.07	0.16701	0.0040618	0	0	0	991	71.6	27.87	511.94	25.516	27.81	0	101.2	5060.6	110205
56	"12:50:18"	458.0	0	3	20	0.88	511.3	25.49	0.06358	991	76.25	-506.07	68.79	26.06	0.15392	0.0043424	0	0	0	991	71.6	27.87	512.32	25.515	27.81	0	101.2	5060.7	110205
57	"12:50:20"	460.0	0	3	20	0.862	511.6	25.50	0.06225	991	76.28	-506.07	68.79	26.05	0.1503	0.0050085	0	0	0	991	71.6	27.87	512.39	25.514	27.81	0	101.2	5060.7	110205
58	"12:50:22"	462.0	0	3	20	0.899	511.9	25.51	0.06496	991	76.28	-506.08	68.82	26.06	0.15745	0.0040949	0	0	0	991	71.6	27.87	512.73	25.524	27.81	0	101.2	5060.8	110205
59	"12:50:24"	464.0	0	3	20	0.949	512.3	25.51	0.0686	991	76.36	-506.08	68.88	26.06	0.16634	0.0041746	0	0	0	991	71.6	27.87	513.38	25.545	27.81	0	101.2	5060.8	110205
60	"12:50:26"	466.0	0	3	20	1.01	512.6	25.52	0.07331	991	76.39	-506.06	68.90	26.05	0.17812	0.0037821	0	0	0	991	71.6	27.87	513.27	25.546	27.81	0	101.2	5060.6	110205
61	"12:50:28"	468.0	0	3	20	0.92	512.9	25.53	0.06646	991	76.42	-506.07	68.91	26.05	0.16096	0.0043867	0	0	0	991	71.6	27.87	513.75	25.554	27.81	0	101.2	5060.7	110205
62	"12:50:30"	470.0	0	3	20	1	513.3	25.54	0.07235	991	76.46	-506.06	68.97	26.05	0.17526	0.0047011	0	0	0	991	71.6	27.87	514.29	25.572	27.81	0	101.2	5060.6	110205
63	"12:50:32"	472.0	0	3	20	1.05	513.7	25.55	0.07619	991	76.48	-506.07	69.00	26.06	0.18528	0.0035978	0	0	0	991	71.6	27.87	514.56	25.584	27.81	0	101.2	5060.7	110205
64	"12:50:34"	474.0	0	3	20	1.08	514.0	25.56	0.0778	991	76.49	-506.06	69.01	26.06	0.18897	0.0041005	0	0	0	991	71.6	27.86	514.98	25.587	27.81	0	101.2	5060.6	110205
65	"12:50:36"	476.0	0	3	20	1.2	514.4	25.57	0.08637	991	76.54	-506.07	69.04	26.05	0.20998	0.0041725	0	0	0	991	71.6	27.86	515.35	25.598	27.81	0	101.2	5060.7	110205
66	"12:50:38"	478.0	0	3	20	1.08	514.8	25.58	0.07824	991	76.57	-506.06	69.07	26.05	0.18968	0.0047841	0	0	0	991	71.6	27.86	515.78	25.606	27.80	0	101.2	5060.6	110205
67	"12:50:40"	480.0	0	3	20	0.984	515.2	25.58	0.07109	991	76.57	-506.08	69.07	26.05	0.17233	0.0043807	0	0	0	991	71.6	27.86	515.90	25.606	27.81	0	101.2	5060.8	110205
68	"12:50:42"	482.0	0	3	20	0.94	515.5	25.60	0.06791	991	76.59	-506.06	69.09	26.05	0.16452	0.0043959	0	0	0	991	71.6	27.86	516.05	25.611	27.80	0	101.2	5060.6	110205
69	"12:50:44"	484.0	0	3	20	0.761	515.8	25.60	0.05498	991	76.61	-506.06	69.11	26.05	0.1331	0.0037354	0	0	0	991	71.6	27.86	516.59	25.619	27.80	0	101.2	5060.6	110205
70	"12:50:46"	486.0	0	3	20	0.824	516.1	25.61	0.05957	991	76.63	-506.06	69.14	26.05	0.14489	0.0027496	0	0	0	991	71.6	27.86	517.01	25.631	27.80	0	101.2	5060.6	110205
71	"12:50:48"	488.0	0	3	20	0.954	516.4	25.62	0.06893	991	76.71	-506.07	69.21	26.05	0.16753	0.0034021	0	0	0	991	71.6	27.86	517.64	25.655	27.80	0	101.2	5060.7	110205
72	"12:50:50"	490.0	0	3	20	1.1	516.7	25.63	0.07955	991	76.64	-506.06	69.17	26.05	0.19353	0.0036152	0	0	0	991	71.6	27.86	517.49	25.636	27.80	0	101.2	5060.6	110205
73	"12:50:52"	492.0	0	3	20	1.05	517.1	25.63	0.07555	991	76.69	-506.07	69.20	26.05	0.18336	0.0042088	0	0	0	991	71.6	27.86	517.87	25.648	27.80	0	101.2	5060.7	110205
74	"12:50:54"	494.0	0	3	20	0.949	517.4	25.64	0.06859	991	76.74	-506.05	69.25	26.05	0.16631	0.0041139	0	0	0	991	71.6	27.86	518.39	25.665	27.80	0	101.2	5060.5	110205
75	"12:50:56"	496.0	0	3	20	0.91	517.8	25.65	0.06578	991	76.74	-506.07	69.23	26.05	0.16	0.0030342	0	0	0	991	71.6	27.86	518.81	25.657	27.80	0	101.2	5060.7	110205
76	"12:50:58"	498.0	0	3	20	0.929	518.1	25.65	0.06709	991	76.80	-506.06	69.31	26.05	0.16305	0.0033306	0	0	0	991	71.6	27.86	518.95	25.686	27.80	0	101.2	5060.6	110205
77	"12:51:00"	500.0	0	3	20	0.973	518.4	25.66	0.07032	991	76.77	-506.05	69.30	26.05	0.17009	0.0050158	0	0	0	991	71.6	27.85	519.21	25.680	27.80	0	101.2	5060.5	110205
78	"12:51:02"	502.0	0	3	20	0.953	518.8	25.67	0.06887	991	76.81	-506.07	69.32	26.05	0.16692	0.0042626	0	0	0	991	71.6	27.85	519.58	25.687	27.80	0	101.2	5060.7	110205
79	"12:51:04"	504.0	0	3	20	0.964	519.1	25.68	0.06968	991	76.83	-506.08	69.35	26.05	0.16924	0.0036563	0	0	0	991	71.6	27.86	520.12	25.695	27.80	0	101.2	5060.8	110205
80	"12:51:06"	506.0	0	3	20	0.951	519.4	25.69	0.06871	991	76.82	-506.08	69.36	26.06	0.16689	0.0035938	0	0	0	991	71.6	27.85	520.26	25.699	27.80	0	101.2	5060.8	110205
81	"12:51:08"	508.0	0	3	20	0.908	519.7	25.69	0.06561	991	76.96	-506.07	69.45	26.05	0.15919	0.0037356	0	0	0	991	71.6	27.85	520.47	25.733	27.79	0	101.2	5060.7	110205
82	"12:51:10"	510.0	0	3	20	0.746	520.0	25.70	0.05392	991	76.88	-506.07	69.41	26.05	0.12925	0.0060493	0	0	0	991	71.6	27.85	520.86	25.715	27.79	0	101.2	5060.7	110205
83	"12:51:12"	512.0	0	3	20	0.874	520.4	25.71	0.06316	991	76.92	-506.06	69.43	26.05	0.15238	0.0052401	0	0	0	991	71.6	27.85	521.57	25.720	27.79	0	101.2	5060.6	110205
84	"12:51:14"	514.0	0	3	20	0.98	520.7	25.72	0.07079	991	77.02	-506.07	69.49	26.04	0.17204	0.0034947	0	0	0	991	71.6	27.85	521.56	25.747	27.79	0	101.2	5060.7	110205
85	"12:51:16"	516.0	0	3	20	1.04	521.0	25.73	0.07521	991	77.02	-506.05	69.48	26.04	0.18293	0.0034259	0	0	0	991	71.6	27.85	522.00	25.737	27.79	0	101.2	5060.5	110205
86	"12:51:18"	518.0	0	3	20	1.06	521.4	25.73	0.07647	991	77.03	-506.06	69.50	26.04	0.18686	0.0018857	0	0	0	991	71.6	27.85	522.29	25.744	27.79	0	101.2	5060.6	110205
87	"12:51:20"	520.0	0	3	20	0.934	521.7	25.74	0.0675	991	77.12	-506.07	69.57	26.04	0.1638	0.0037658	0	0	0	991	71.6	27.85	522.49	25.770	27.79	0	101.2	5060.7	110205
88	"12:51:22"	522.0	0	3	20	0.872	522.0	25.75	0.06302	991	77.11	-506.05	69.58	26.04	0.15274	0.0038882	0	0	0	991	71.6	27.85	522.85	25.772	27.79	0	101.2	5060.5	110205
89	"12:51:24"	524.0	0	3	20	0.966	522.4	25.76	0.06983	991	77.12	-506.07	69.60	26.04	0.16931	0.0041889	0	0	0	991	71.6	27.85	523.12	25.780	27.79	0	101.2	5060.7	110205
90	"12:51:26"	526.0	0	3	20	1	522.7	25.76	0.07237	991	77.12	-506.08	69.61	26.05	0.17536	0.0045606	0	0	0	991	71.6	27.85	523.57	25.784	27.79	0	101.2	5060.8	110205
91	"12:51:28"	528.0	0	3	20	0.993	523.1	25.77	0.07172	991	77.07	-506.07	69.58	26.05	0.1745	0.0031831	0	0	0	991	71.6	27.85	523.80	25.769	27.79	0	101.2	5060.7	110205
92	"12:51:30"	530.0	0	3	20	1.01	523.4	25.78	0.07333	991	77.15	-506.05	69.65	26.04	0.17899	0.0021698	0	0	0	991	71.6	27.84	524.23	25.793	27.79	0	101.2	5060.5	110205
93	"12:51:32"	532.0	0	3	20	0.993	523.8	25.78	0.07176	991	77.22	-506.06	69.71	26.05	0.17504	0.0023395	0	0	0	991	71.6	27.84	524.54	25.817	27.79	0	101.2	5060.6	110205
94	"12:51:34"	534.0	0	3	20	1.01	524.1	25.79	0.07305	991	77.20	-506.07	69.67	26.04	0.17735	0.0039035	0	0	0	991	71.6	27.84	525.05	25.800	27.79	0	101.2	5060.7	110205
95	"12:51:36"	536.0	0	3	20	1.09	524.5	25.79	0.0786	991	77.23	-506.06	69.71	26.04	0.19104	0.0038191	0	0	0	991	71.6	27.84	525.26	25.813	27.78	0	101.2	5060.6	110205
96	"12:51:38"	538.0	0	3	20	0.924	524.8	25.80	0.06675	991	77.28	-506.06	69.75	26.04	0.16173	0.0041684	0	0	0	991	71.6	27.84	525.44	25.829	27.78	0	101.2	5060.6	110205
97	"12:51:40"	540.0	0	3	20	0.812	525.1	25.81	0.05865	991	77.28	-506.06	69.73	26.03	0.14225	0.0033904	0	0	0	991	71.6	27.84	525.88	25.819	27.78	0	101.2	5060.6	110205
98	"12:51:42"	542.0	0	3	20	0.782	525.4	25.82	0.05647	991	77.29	-506.07	69.75	26.04	0.13693	0.0033186	0	0	0	991	71.6	27.84	526.11	25.827	27.79	0	101.2	5060.7	110205
99	"12:51:44"	544.0	0	3	20	0.847	525.7	25.82	0.06123	991	77.32	-506.08	69.80	26.04	0.14832	0.003886	0	0	0	991	71.6	27.84	526.57	25.846	27.78	0	101.2	5060.8	110205
100	"12:51:46"	546.0	0	3	20	0.996	526.0	25.83	0.07197	991	77.36	-506.07	69.82	26.04	0.175	0.0033612	0	0	0	991	71.6	27.84	526.80	25.850	27.78	0	101.2	5060.7	110205
101	"12:51:48"	548.0	0	3	20	0.989	526.3	25.84	0.07143	991	77.45	-506.07	69.88	26.03	0.17323	0.0041474	0	0	0	991	71.6	27.84	527.22	25.869	27.78	0	101.2	5060.6	110205
102	"12:51:50"	550.0	0	4	200	0.918	530.0	25.85	0.06633	991	77.44	-506.06	69.86	26.03	0.1696	0.0049521	-0.00022332	0.18469	0	991	71.6	27.84	527.66	25.865	27.78	0	101.2	5060.6	110205
103	"12:55:07"	747.0	0	3	8	0.563	510.4	26.24	0.04066	991	78.87	-506.07	71.16	25.97	0.098147	0.0032628	0	0	0	991	71.6	27.78	510.83	26.245	27.72	0	101.2	5060.7	110205
104	"12:55:09"	749.0	0	3	12	0.988	510.6	26.24	0.07138	991	78.96	-506.07	71.22	25.97	0.17305	0.004291	0	0	0	991	71.6	27.78	511.12	26.269	27.72	0	101.2	5060.7	110205
105	"12:55:11"	751.0	0	3	16	0.941	510.7	26.25	0.06795	991	78.91	-506.06	71.22	25.97	0.16524	0.003146	0	0	0	991	71.6	27.78	511.49	26.263	27.71	0	101.2	5060.6	110205
106	"12:55:13"	753.0	0	3	20	1.04	510.9	26.25	0.07542	991	78.95	-506.06	71.22	25.96	0.18344	0.0033728	0	0	0	991	71.6	27.78	511.88	26.264	27.72	0	101.2	5060.6	110205
107	"12:55:15"	755.0	0	3	20	1.03	511.3	26.25	0.0747	991	78.97	-506.06	71.24	25.96	0.18223	0.002317	0	0	0	991	71.6	27.78	512.19	26.269	27.71	0	101.2	5060.6	110205
108	"12:55:17"	757.0	0	3	20	0.954	511.6	26.26	0.06892	991	79.01	-506.06	71.28	25.96	0.16743	0.0035029	0	0	0	991	71.6	27.78	512.29	26.283	27.71	0	101.2	5060.6	110205
109	"12:55:19"	759.0	0	3	20	0.983	512.0	26.27	0.07105	991	78.98	-506.07	71.28	25.97	0.17263	0.0035183	0	0	0	991	71.6	27.78	512.68	26.282	27.71	0	101.2	5060.7	110205
110	"12:55:21"	761.0	0	3	20	0.908	512.3	26.27	0.06557	991	79.01	-506.06	71.30	25.97	0.15969	0.0025642	0	0	0	991	71.6	27.77	513.28	26.289	27.71	0	101.2	5060.6	110205
111	"12:55:23"	763.0	0	3	20	1.05	512.7	26.28	0.07573	991	79.03	-506.08	71.31	25.96	0.18455	0.0027267	0	0	0	991	71.6	27.77	513.57	26.291	27.71	0	101.2	5060.8	110205
112	"12:55:25"	765.0	0	3	20	1.02	513.0	26.29	0.07336	991	79.04	-506.07	71.32	25.96	0.17947	0.0012921	0	0	0	991	71.6	27.77	513.81	26.295	27.71	0	101.2	5060.7	110205
113	"12:55:27"	767.0	0	3	20	1.02	513.4	26.29	0.07337	991	79.06	-506.06	71.32	25.96	0.17896	0.0023281	0	0	0	991	71.6	27.77	514.23	26.295	27.71	0	101.2	5060.6	110205
114	"12:55:29"	769.0	0	3	20	0.921	513.7	26.29	0.06654	991	79.12	-506.07	71.37	25.96	0.16249	0.0017216	0	0	0	991	71.6	27.77	514.75	26.310	27.71	0	101.2	5060.7	110205
115	"12:55:31"	771.0	0	3	20	0.863	514.0	26.30	0.06233	991	79.06	-506.06	71.35	25.96	0.15229	0.001493	0	0	0	991	71.6	27.77	514.76	26.300	27.71	0	101.2	5060.6	110205
116	"12:55:33"	773.0	0	3	20	0.969	514.4	26.30	0.06999	991	79.09	-506.07	71.39	25.97	0.17123	0.0012404	0	0	0	991	71.6	27.77	514.93	26.316	27.71	0	101.2	5060.7	110205
117	"12:55:35"	775.0	0	3	20	0.903	514.7	26.30	0.06522	991	79.08	-506.06	71.40	25.97	0.15913	0.0019706	0	0	0	991	71.6	27.77	515.51	26.316	27.71	0	101.2	5060.6	110205
118	"12:55:37"	777.0	0	3	20	0.925	515.0	26.31	0.06685	991	79.14	-506.06	71.41	25.96	0.16283	0.0025335	0	0	0	991	71.6	27.77	515.92	26.320	27.71	0	101.2	5060.6	110205
119	"12:55:39"	779.0	0	3	20	0.901	515.3	26.31	0.06506	991	79.13	-506.06	71.43	25.97	0.15842	0.0025736	0	0	0	991	71.6	27.77	516.29	26.327	27.71	0	101.2	5060.6	110205
120	"12:55:41"	781.0	0	3	20	0.984	515.7	26.32	0.07109	991	79.11	-506.07	71.43	25.97	0.1729	0.0031751	0	0	0	991	71.6	27.77	516.57	26.326	27.71	0	101.2	5060.7	110205
121	"12:55:43"	783.0	0	3	20	1.03	516.0	26.32	0.07454	991	79.17	-506.07	71.48	25.97	0.18166	0.002621	0	0	0	991	71.6	27.77	516.88	26.345	27.71	0	101.2	5060.7	110205
122	"12:55:45"	785.0	0	3	20	0.919	516.3	26.33	0.0664	991	79.13	-506.07	71.43	25.96	0.1614	0.0031297	0	0	0	991	71.6	27.76	517.12	26.325	27.70	0	101.2	5060.7	110205
123	"12:55:47"	787.0	0	3	20	0.857	516.6	26.33	0.06195	991	79.20	-506.07	71.49	25.96	0.1506	0.0028766	0	0	0	991	71.6	27.76	517.68	26.344	27.70	0	101.2	5060.7	110205
124	"12:55:49"	789.0	0	3	20	0.901	517.0	26.34	0.06512	991	79.26	-506.06	71.56	25.97	0.15818	0.0032826	0	0	0	991	71.6	27.76	517.71	26.370	27.70	0	101.2	5060.6	110205
125	"12:55:51"	791.0	0	3	20	0.911	517.3	26.35	0.06582	991	79.28	-506.06	71.56	25.96	0.15953	0.0039494	0	0	0	991	71.6	27.76	518.24	26.369	27.70	0	101.2	5060.6	110205
126	"12:55:53"	793.0	0	3	20	0.947	517.6	26.35	0.06839	991	79.24	-506.06	71.52	25.96	0.16624	0.0032262	0	0	0	991	71.6	27.76	518.59	26.355	27.70	0	101.2	5060.6	110205
127	"12:55:55"	795.0	0	3	20	0.985	517.9	26.36	0.07118	991	79.30	-506.06	71.59	25.96	0.1736	0.0022781	0	0	0	991	71.6	27.76	518.84	26.378	27.70	0	101.2	5060.6	110205
128	"12:55:57"	797.0	0	3	20	1.03	518.3	26.36	0.07423	991	79.28	-506.07	71.55	25.96	0.18151	0.0014375	0	0	0	991	71.6	27.76	519.21	26.363	27.70	0	101.2	5060.7	110205
129	"12:55:59"	799.0	0	3	20	0.999	518.6	26.37	0.07218	991	79.35	-506.07	71.61	25.95	0.17675	0.00095782	0	0	0	991	71.6	27.76	519.55	26.384	27.70	0	101.2	5060.7	110205
130	"12:56:01"	801.0	0	3	20	0.99	519.0	26.37	0.07156	991	79.33	-506.05	71.59	25.95	0.17465	0.0020205	0	0	0	991	71.6	27.76	520.33	26.376	27.70	0	101.2	5060.5	110205
131	"12:56:03"	803.0	0	3	20	0.997	519.4	26.37	0.07204	991	79.33	-506.07	71.61	25.96	0.17558	0.0025176	0	0	0	991	71.6	27.76	520.20	26.383	27.70	0	101.2	5060.7	110205
132	"12:56:05"	805.0	0	3	20	0.965	519.7	26.38	0.06969	991	79.33	-506.06	71.61	25.96	0.16992	0.0022725	0	0	0	991	71.6	27.76	520.54	26.385	27.70	0	101.2	5060.6	110205
133	"12:56:07"	807.0	0	3	20	1.02	520.0	26.38	0.07367	991	79.38	-506.06	71.67	25.96	0.17969	0.0023069	0	0	0	991	71.6	27.76	520.92	26.402	27.70	0	101.2	5060.6	110205
134	"12:56:09"	809.0	0	3	20	0.888	520.4	26.39	0.06415	991	79.43	-506.05	71.71	25.96	0.15612	0.0026445	0	0	0	991	71.6	27.76	521.37	26.419	27.70	0	101.2	5060.5	110205
135	"12:56:11"	811.0	0	3	20	0.956	520.7	26.39	0.06904	991	79.43	-506.06	71.70	25.96	0.16768	0.0034757	0	0	0	991	71.6	27.76	521.65	26.417	27.70	0	101.2	5060.6	110205
136	"12:56:13"	813.0	0	3	20	1.07	521.1	26.40	0.07708	991	79.44	-506.06	71.68	25.95	0.18789	0.0026027	0	0	0	991	71.6	27.76	522.14	26.409	27.70	0	101.2	5060.6	110205
137	"12:56:15"	815.0	0	3	20	1.05	521.5	26.41	0.07621	991	79.47	-506.07	71.74	25.96	0.1858	0.002533	0	0	0	991	71.6	27.76	522.35	26.431	27.70	0	101.2	5060.7	110205
138	"12:56:17"	817.0	0	3	20	1.03	521.8	26.41	0.0745	991	79.45	-506.06	71.72	25.96	0.18152	0.0026848	0	0	0	991	71.6	27.76	522.88	26.422	27.70	0	101.2	5060.6	110205
139	"12:56:19"	819.0	0	3	20	0.908	522.2	26.42	0.06559	991	79.52	-506.07	71.75	25.95	0.15966	0.0026125	0	0	0	991	71.6	27.76	522.86	26.433	27.70	0	101.2	5060.7	110205
140	"12:56:21"	821.0	0	3	20	0.802	522.5	26.42	0.05794	991	79.53	-506.07	71.76	25.95	0.14043	0.003419	0	0	0	991	71.6	27.76	523.00	26.438	27.70	0	101.2	5060.7	110205
141	"12:56:23"	823.0	0	3	20	0.69	522.7	26.43	0.04988	991	79.56	-506.06	71.77	25.95	0.12069	0.0033252	0	0	0	991	71.6	27.76	523.62	26.442	27.70	0	101.2	5060.6	110205
142	"12:56:25"	825.0	0	3	20	0.802	523.0	26.43	0.05793	991	79.52	-506.06	71.75	25.95	0.14135	0.0016829	0	0	0	991	71.6	27.76	524.05	26.434	27.70	0	101.2	5060.6	110205
143	"12:56:27"	827.0	0	3	20	0.966	523.4	26.44	0.06981	991	79.58	-506.06	71.81	25.95	0.17033	0.0020346	0	0	0	991	71.6	27.76	524.05	26.456	27.70	0	101.2	5060.6	110205
144	"12:56:29"	829.0	0	3	20	1.06	523.7	26.44	0.07667	991	79.59	-506.05	71.82	25.95	0.18708	0.0022124	0	0	0	991	71.6	27.76	524.79	26.459	27.70	0	101.2	5060.5	110205
145	"12:56:31"	831.0	0	3	20	1.14	524.1	26.45	0.08253	991	79.55	-506.06	71.81	25.96	0.20169	0.0018453	0	0	0	991	71.6	27.76	525.08	26.454	27.70	0	101.2	5060.6	110205
146	"12:56:33"	833.0	0	3	20	1.02	524.5	26.45	0.07345	991	79.62	-506.08	71.82	25.95	0.17884	0.0028203	0	0	0	991	71.6	27.77	525.49	26.467	27.70	0	101.2	5060.8	110205
147	"12:56:35"	835.0	0	3	20	0.938	524.8	26.46	0.06776	991	79.63	-506.07	71.82	25.95	0.16507	0.0024395	0	0	0	991	71.6	27.77	525.82	26.465	27.70	0	101.2	5060.7	110205
148	"12:56:37"	837.0	0	3	20	1.02	525.2	26.46	0.07349	991	79.62	-506.07	71.84	25.96	0.17907	0.0026121	0	0	0	991	71.6	27.77	526.19	26.475	27.70	0	101.2	5060.7	110205
149	"12:56:39"	839.0	0	3	20	0.922	525.5	26.47	0.06662	991	79.68	-506.06	71.90	25.96	0.1614	0.0040568	0	0	0	991	71.6	27.77	526.12	26.495	27.70	0	101.2	5060.6	110205
150	"12:56:41"	841.0	0	3	20	0.883	525.8	26.48	0.06377	991	79.62	-506.07	71.85	25.96	0.15466	0.0035808	0	0	0	991	71.6	27.77	526.84	26.482	27.71	0	101.2	5060.7	110205
151	"12:56:43"	843.0	0	3	20	0.936	526.1	26.48	0.06763	991	79.64	-506.06	71.87	25.96	0.16479	0.0023947	0	0	0	991	71.6	27.77	526.98	26.490	27.71	0	101.2	5060.6	110205
152	"12:56:45"	845.0	0	3	20	0.843	526.5	26.49	0.06092	991	79.73	-506.07	71.92	25.95	0.14859	0.0018345	0	0	0	991	71.6	27.77	527.35	26.507	27.71	0	101.2	5060.7	110205
153	"12:56:47"	847.0	0	4	200	0.953	530.0	26.49	0.06888	991	79.69	-506.07	71.89	25.96	0.14733	0.0020894	-1.6572E-05	0.077661	0	991	71.6	27.77	527.56	26.500	27.71	0	101.2	5060.7	110205
154	"13:00:05"	1045.0	0	3	8	1.12	510.6	26.88	0.08121	991	80.41	-506.07	72.41	26.06	0.19705	0.004643	0	0	0	991	71.6	27.91	510.83	26.896	27.84	0	101.2	5060.7	110205
155	"13:00:07"	1047.0	0	3	12	0.887	510.7	26.88	0.06409	991	80.37	-506.07	72.37	26.06	0.15516	0.0043271	0	0	0	991	71.6	27.91	511.23	26.878	27.84	0	101.2	5060.7	110205
156	"13:00:09"	1049.0	0	3	16	0.91	510.9	26.89	0.06573	991	80.47	-506.07	72.44	26.06	0.1594	0.0038928	0	0	0	991	71.6	27.91	511.88	26.913	27.84	0	101.2	5060.7	110205
157	"13:00:11"	1051.0	0	3	20	0.998	511.1	26.89	0.07212	991	80.45	-506.07	72.45	26.06	0.17472	0.0046525	0	0	0	991	71.6	27.92	512.11	26.915	27.84	0	101.2	5060.7	110205
158	"13:00:13"	1053.0	0	3	20	0.937	511.4	26.90	0.0677	991	80.43	-506.05	72.41	26.06	0.16452	0.003348	0	0	0	991	71.6	27.92	512.24	26.903	27.84	0	101.2	5060.5	110205
159	"13:00:15"	1055.0	0	3	20	1.03	511.8	26.91	0.07474	991	80.47	-506.07	72.44	26.06	0.18218	0.002676	0	0	0	991	71.6	27.92	512.51	26.920	27.85	0	101.2	5060.6	110205
160	"13:00:17"	1057.0	0	3	20	0.867	512.1	26.91	0.06261	991	80.46	-506.06	72.46	26.07	0.15226	0.002903	0	0	0	991	71.6	27.92	512.74	26.932	27.85	0	101.2	5060.6	110205
161	"13:00:19"	1059.0	0	3	20	0.856	512.4	26.92	0.06182	991	80.45	-506.05	72.44	26.07	0.15049	0.0026108	0	0	0	991	71.6	27.92	513.46	26.926	27.85	0	101.2	5060.5	110205
162	"13:00:21"	1061.0	0	3	20	0.978	512.7	26.92	0.07067	991	80.58	-506.07	72.55	26.07	0.17162	0.0037346	0	0	0	991	71.6	27.92	513.75	26.969	27.85	0	101.2	5060.7	110205
163	"13:00:23"	1063.0	0	3	20	0.994	513.1	26.93	0.07178	991	80.44	-506.07	72.44	26.07	0.1743	0.0038432	0	0	0	991	71.6	27.92	513.86	26.927	27.85	0	101.2	5060.7	110205
164	"13:00:25"	1065.0	0	3	20	0.988	513.4	26.94	0.07135	991	80.52	-506.06	72.50	26.07	0.17362	0.0031377	0	0	0	991	71.6	27.93	514.46	26.955	27.86	0	101.2	5060.6	110205
165	"13:00:27"	1067.0	0	3	20	0.956	513.8	26.95	0.0691	991	80.53	-506.06	72.52	26.07	0.16819	0.0029148	0	0	0	991	71.6	27.93	514.64	26.963	27.86	0	101.2	5060.6	110205
166	"13:00:29"	1069.0	0	3	20	0.905	514.1	26.95	0.0654	991	80.50	-506.06	72.50	26.08	0.15886	0.0033966	0	0	0	991	71.6	27.93	514.94	26.956	27.86	0	101.2	5060.6	110205
167	"13:00:31"	1071.0	0	3	20	0.955	514.4	26.96	0.06897	991	80.52	-506.06	72.50	26.08	0.16813	0.0024315	0	0	0	991	71.6	27.93	515.45	26.962	27.86	0	101.2	5060.6	110205
168	"13:00:33"	1073.0	0	3	20	0.939	514.7	26.96	0.06786	991	80.57	-506.05	72.55	26.08	0.16602	0.0012523	0	0	0	991	71.6	27.93	515.60	26.983	27.86	0	101.2	5060.5	110205
169	"13:00:35"	1075.0	0	3	20	0.894	515.1	26.97	0.06459	991	80.55	-506.06	72.56	26.09	0.15768	0.0018719	0	0	0	991	71.6	27.94	516.03	26.988	27.86	0	101.2	5060.6	110205
170	"13:00:37"	1077.0	0	3	20	1.01	515.4	26.97	0.07295	991	80.61	-506.06	72.58	26.08	0.17782	0.0026156	0	0	0	991	71.6	27.94	516.39	27.000	27.87	0	101.2	5060.6	110205
171	"13:00:39"	1079.0	0	3	20	1.06	515.8	26.98	0.07626	991	80.52	-506.08	72.52	26.09	0.18524	0.0039566	0	0	0	991	71.6	27.94	516.82	26.983	27.87	0	101.2	5060.8	110205
172	"13:00:41"	1081.0	0	3	20	1.03	516.1	26.98	0.07432	991	80.57	-506.06	72.56	26.09	0.18084	0.0032541	0	0	0	991	71.6	27.94	516.88	26.999	27.87	0	101.2	5060.6	110205
173	"13:00:43"	1083.0	0	3	20	0.931	516.5	26.99	0.06728	991	80.50	-506.05	72.50	26.09	0.16414	0.0021674	0	0	0	991	71.6	27.94	517.33	26.979	27.87	0	101.2	5060.5	110205
174	"13:00:45"	1085.0	0	3	20	0.887	516.8	26.99	0.06411	991	80.59	-506.06	72.56	26.09	0.15639	0.0020933	0	0	0	991	71.6	27.94	517.63	27.006	27.87	0	101.2	5060.6	110205
175	"13:00:47"	1087.0	0	3	20	0.868	517.1	27.00	0.0627	991	80.59	-506.06	72.56	26.09	0.15291	0.0021475	0	0	0	991	71.6	27.95	518.01	27.009	27.88	0	101.2	5060.6	110205
176	"13:00:49"	1089.0	0	3	20	1.02	517.5	27.00	0.07391	991	80.63	-506.06	72.61	26.09	0.17983	0.0033081	0	0	0	991	71.6	27.95	518.62	27.028	27.88	0	101.2	5060.6	110205
177	"13:00:51"	1091.0	0	3	20	1.15	517.8	27.01	0.08304	991	80.60	-506.06	72.57	26.09	0.20241	0.0030215	0	0	0	991	71.6	27.95	518.58	27.019	27.88	0	101.2	5060.6	110205
178	"13:00:53"	1093.0	0	3	20	0.985	518.2	27.01	0.07114	991	80.59	-506.06	72.58	26.10	0.173	0.0033319	0	0	0	991	71.6	27.95	519.10	27.022	27.88	0	101.2	5060.6	110205
179	"13:00:55"	1095.0	0	3	20	0.875	518.5	27.02	0.06321	991	80.66	-506.06	72.65	26.10	0.15375	0.0028871	0	0	0	991	71.6	27.96	519.32	27.051	27.88	0	101.2	5060.6	110205
180	"13:00:57"	1097.0	0	3	20	0.81	518.8	27.03	0.05849	991	80.66	-506.06	72.62	26.10	0.14245	0.0023623	0	0	0	991	71.6	27.96	519.71	27.044	27.89	0	101.2	5060.6	110205
181	"13:00:59"	1099.0	0	3	20	0.862	519.2	27.03	0.06227	991	80.73	-506.07	72.65	26.09	0.15139	0.0029597	0	0	0	991	71.6	27.96	520.20	27.057	27.89	0	101.2	5060.7	110205
182	"13:01:01"	1101.0	0	3	20	1.06	519.4	27.04	0.07672	991	80.72	-506.07	72.66	26.10	0.18588	0.0048627	0	0	0	991	71.6	27.96	520.23	27.068	27.89	0	101.2	5060.7	110205
183	"13:01:03"	1103.0	0	3	20	1.02	519.8	27.05	0.07386	991	80.71	-506.05	72.66	26.10	0.17898	0.0046217	0	0	0	991	71.6	27.96	520.60	27.065	27.89	0	101.2	5060.5	110205
184	"13:01:05"	1105.0	0	3	20	0.937	520.2	27.06	0.0677	991	80.75	-506.04	72.70	26.10	0.16432	0.0037345	0	0	0	991	71.6	27.96	521.00	27.082	27.89	0	101.2	5060.4	110205
185	"13:01:07"	1107.0	0	3	20	0.911	520.5	27.06	0.06582	991	80.71	-506.06	72.63	26.10	0.16016	0.0028845	0	0	0	991	71.6	27.97	521.28	27.062	27.89	0	101.2	5060.6	110205
186	"13:01:09"	1109.0	0	3	20	0.911	520.8	27.07	0.06584	991	80.75	-506.06	72.68	26.10	0.16123	0.0010036	0	0	0	991	71.6	27.97	521.89	27.084	27.90	0	101.2	5060.6	110205
187	"13:01:11"	1111.0	0	3	20	0.944	521.2	27.07	0.0682	991	80.74	-506.06	72.67	26.11	0.16665	0.001719	0	0	0	991	71.6	27.97	522.17	27.086	27.90	0	101.2	5060.6	110205
188	"13:01:13"	1113.0	0	3	20	1.12	521.5	27.08	0.08106	991	80.74	-506.06	72.68	26.11	0.1981	0.0020021	0	0	0	991	71.6	27.97	522.45	27.094	27.90	0	101.2	5060.6	110205
189	"13:01:15"	1115.0	0	3	20	0.999	521.9	27.08	0.07221	991	80.70	-506.07	72.66	26.12	0.17586	0.0029018	0	0	0	991	71.6	27.97	522.49	27.089	27.90	0	101.2	5060.7	110205
190	"13:01:17"	1117.0	0	3	20	0.935	522.2	27.09	0.06756	991	80.77	-506.07	72.73	26.12	0.16369	0.0042933	0	0	0	991	71.6	27.98	523.23	27.117	27.90	0	101.2	5060.7	110205
191	"13:01:19"	1119.0	0	3	20	0.953	522.6	27.10	0.06888	991	80.75	-506.05	72.72	26.12	0.16684	0.0044711	0	0	0	991	71.6	27.98	523.29	27.114	27.91	0	101.2	5060.5	110205
192	"13:01:21"	1121.0	0	3	20	0.879	522.9	27.10	0.06349	991	80.78	-506.06	72.74	26.12	0.15413	0.0034424	0	0	0	991	71.6	27.98	523.66	27.123	27.91	0	101.2	5060.6	110205
193	"13:01:23"	1123.0	0	3	20	1.07	523.2	27.11	0.07753	991	80.80	-506.04	72.72	26.12	0.18854	0.0036089	0	0	0	991	71.6	27.98	524.33	27.121	27.91	0	101.2	5060.4	110205
194	"13:01:25"	1125.0	0	3	20	1.09	523.6	27.12	0.07876	991	80.81	-506.06	72.77	26.13	0.192	0.0028055	0	0	0	991	71.6	27.99	524.45	27.139	27.91	0	101.2	5060.6	110205
195	"13:01:27"	1127.0	0	3	20	0.965	523.9	27.12	0.06973	991	80.74	-506.06	72.69	26.13	0.16983	0.0027857	0	0	0	991	71.6	27.99	524.75	27.120	27.92	0	101.2	5060.6	110205
196	"13:01:29"	1129.0	0	3	20	0.934	524.2	27.13	0.06752	991	80.82	-506.05	72.73	26.12	0.16446	0.002648	0	0	0	991	71.6	27.99	525.21	27.135	27.92	0	101.2	5060.5	110205
197	"13:01:31"	1131.0	0	3	20	0.883	524.6	27.13	0.06381	991	80.86	-506.05	72.78	26.13	0.15583	0.0017692	0	0	0	991	71.6	27.99	525.56	27.155	27.92	0	101.2	5060.5	110205
198	"13:01:33"	1133.0	0	3	20	0.884	524.9	27.14	0.0639	991	80.87	-506.05	72.82	26.13	0.15523	0.0032823	0	0	0	991	71.6	27.99	525.56	27.170	27.92	0	101.2	5060.5	110205
199	"13:01:35"	1135.0	0	3	20	0.952	525.2	27.14	0.06877	991	80.88	-506.05	72.76	26.12	0.16754	0.0026502	0	0	0	991	71.6	27.99	525.95	27.156	27.92	0	101.2	5060.5	110205
200	"13:01:37"	1137.0	0	3	20	0.934	525.6	27.15	0.0675	991	80.91	-506.06	72.79	26.12	0.16377	0.0038214	0	0	0	991	71.6	28.00	526.32	27.167	27.92	0	101.2	5060.6	110205
201	"13:01:39"	1139.0	0	3	20	0.911	525.9	27.15	0.06581	991	80.87	-506.06	72.78	26.13	0.16035	0.0024735	0	0	0	991	71.6	28.00	526.66	27.167	27.93	0	101.2	5060.6	110205
202	"13:01:41"	1141.0	0	3	20	0.826	526.2	27.16	0.05971	991	80.86	-506.05	72.79	26.13	0.14552	0.0021723	0	0	0	991	71.6	28.00	527.07	27.172	27.93	0	101.2	5060.5	110205
203	"13:01:43"	1143.0	0	3	20	0.846	526.5	27.16	0.06113	991	80.89	-506.06	72.78	26.13	0.149	0.0022007	0	0	0	991	71.6	28.00	527.41	27.176	27.93	0	101.2	5060.6	110205
204	"13:01:45"	1145.0	0	4	200	0.93	530.0	27.17	0.06717	991	80.89	-506.05	72.81	26.14	0.15012	0.0020464	-0.00013174	0.137	0	991	71.6	28.00	527.61	27.187	27.93	0	101.2	5060.5	110205
205	"13:05:01"	1341.0	0	3	8	0.824	510.3	27.59	0.05955	991	81.11	-506.07	72.97	26.35	0.14541	0.0018454	0	0	0	991	71.6	28.22	510.61	27.590	28.15	0	101.2	5060.7	110205
206	"13:05:03"	1343.0	0	3	12	1.13	510.5	27.59	0.08161	991	81.14	-506.06	72.98	26.34	0.19945	0.0022077	0	0	0	991	71.6	28.23	510.89	27.598	28.15	0	101.2	5060.6	110205
207	"13:05:05"	1345.0	0	3	16	1.03	510.7	27.59	0.07443	991	81.14	-506.06	72.99	26.35	0.18187	0.0020982	0	0	0	991	71.6	28.23	511.31	27.604	28.15	0	101.2	5060.6	110205
208	"13:05:07"	1347.0	0	3	19	0.982	510.8	27.59	0.07097	991	81.20	-506.07	73.03	26.34	0.17302	0.002749	0	0	0	991	71.6	28.23	511.77	27.622	28.16	0	101.2	5060.7	110205
209	"13:05:09"	1349.0	0	3	20	0.865	511.1	27.60	0.06246	991	81.22	-506.05	73.02	26.34	0.15226	0.0024516	0	0	0	991	71.6	28.23	511.73	27.621	28.16	0	101.2	5060.5	110205
210	"13:05:11"	1351.0	0	3	20	0.863	511.4	27.60	0.06233	991	81.18	-506.06	73.00	26.35	0.15179	0.0027202	0	0	0	991	71.6	28.24	512.62	27.624	28.16	0	101.2	5060.6	110205
211	"13:05:13"	1353.0	0	3	20	0.981	511.8	27.61	0.07084	991	81.20	-506.07	73.01	26.35	0.17248	0.0031729	0	0	0	991	71.6	28.24	512.55	27.627	28.16	0	101.2	5060.7	110205
212	"13:05:15"	1355.0	0	3	20	0.943	512.1	27.62	0.06815	991	81.19	-506.06	73.02	26.36	0.16585	0.003199	0	0	0	991	71.6	28.24	512.95	27.634	28.16	0	101.2	5060.6	110205
213	"13:05:17"	1357.0	0	3	20	0.939	512.5	27.62	0.06782	991	81.15	-506.04	72.99	26.36	0.16511	0.0030504	0	0	0	991	71.6	28.24	513.23	27.624	28.17	0	101.2	5060.4	110205
214	"13:05:19"	1359.0	0	3	20	0.836	512.8	27.63	0.0604	991	81.24	-506.06	73.06	26.36	0.14727	0.0022824	0	0	0	991	71.6	28.24	513.53	27.656	28.17	0	101.2	5060.6	110205
215	"13:05:21"	1361.0	0	3	20	0.814	513.1	27.63	0.05878	991	81.21	-506.05	73.02	26.36	0.14352	0.0018657	0	0	0	991	71.6	28.25	514.40	27.645	28.17	0	101.2	5060.5	110205
216	"13:05:23"	1363.0	0	3	20	1.11	513.4	27.64	0.07984	991	81.25	-506.06	73.03	26.35	0.1953	0.0018304	0	0	0	991	71.6	28.25	514.28	27.652	28.17	0	101.2	5060.6	110205
217	"13:05:25"	1365.0	0	3	20	0.988	513.8	27.64	0.07142	991	81.26	-506.05	73.04	26.36	0.17393	0.003087	0	0	0	991	71.6	28.25	514.73	27.658	28.18	0	101.2	5060.5	110205
218	"13:05:27"	1367.0	0	3	20	1.07	514.2	27.65	0.07765	991	81.25	-506.05	73.06	26.37	0.18921	0.0031494	0	0	0	991	71.6	28.25	515.22	27.673	28.18	0	101.2	5060.5	110205
219	"13:05:29"	1369.0	0	3	20	1.05	514.5	27.66	0.07597	991	81.21	-506.07	73.04	26.37	0.185	0.0033454	0	0	0	991	71.6	28.26	515.32	27.669	28.18	0	101.2	5060.7	110205
220	"13:05:31"	1371.0	0	3	20	0.937	514.9	27.66	0.06772	991	81.27	-506.06	73.07	26.37	0.16459	0.0035453	0	0	0	991	71.6	28.26	515.64	27.682	28.18	0	101.2	5060.6	110205
221	"13:05:33"	1373.0	0	3	20	0.949	515.2	27.67	0.06857	991	81.28	-506.06	73.09	26.37	0.16691	0.0031209	0	0	0	991	71.6	28.26	515.83	27.696	28.19	0	101.2	5060.6	110205
222	"13:05:35"	1375.0	0	3	20	0.762	515.5	27.68	0.05507	991	81.25	-506.06	73.05	26.37	0.13288	0.0047322	0	0	0	991	71.6	28.26	516.21	27.685	28.19	0	101.2	5060.6	110205
223	"13:05:37"	1377.0	0	3	20	0.824	515.8	27.69	0.05956	991	81.33	-506.04	73.13	26.38	0.14426	0.0040609	0	0	0	991	71.6	28.27	516.73	27.716	28.19	0	101.2	5060.4	110205
224	"13:05:39"	1379.0	0	3	20	1.08	516.2	27.69	0.07805	991	81.23	-506.05	73.05	26.38	0.18977	0.0039805	0	0	0	991	71.6	28.27	517.22	27.690	28.19	0	101.2	5060.5	110205
225	"13:05:41"	1381.0	0	3	20	1.23	516.5	27.70	0.08856	991	81.25	-506.05	73.08	26.39	0.21624	0.0028201	0	0	0	991	71.6	28.27	517.76	27.707	28.20	0	101.2	5060.5	110205
226	"13:05:43"	1383.0	0	3	20	1.15	516.9	27.71	0.083	991	81.28	-506.05	73.11	26.39	0.20325	0.001523	0	0	0	991	71.6	28.27	517.68	27.720	28.20	0	101.2	5060.5	110205
227	"13:05:45"	1385.0	0	3	20	0.952	517.3	27.71	0.06881	991	81.33	-506.06	73.13	26.39	0.1682	0.0018315	0	0	0	991	71.6	28.28	517.96	27.732	28.20	0	101.2	5060.6	110205
228	"13:05:47"	1387.0	0	3	20	0.769	517.6	27.71	0.05558	991	81.30	-506.05	73.09	26.39	0.13536	0.0024046	0	0	0	991	71.6	28.28	518.55	27.721	28.20	0	101.2	5060.5	110205
229	"13:05:49"	1389.0	0	3	20	0.863	517.9	27.72	0.06233	991	81.30	-506.06	73.09	26.39	0.15106	0.0040717	0	0	0	991	71.6	28.28	518.84	27.724	28.20	0	101.2	5060.6	110205
230	"13:05:51"	1391.0	0	3	20	1.05	518.2	27.72	0.07577	991	81.31	-506.06	73.13	26.40	0.18465	0.0030651	0	0	0	991	71.6	28.28	519.10	27.747	28.21	0	101.2	5060.6	110205
231	"13:05:53"	1393.0	0	3	20	1.08	518.6	27.73	0.07769	991	81.34	-506.06	73.16	26.40	0.18878	0.0041855	0	0	0	991	71.6	28.28	519.51	27.760	28.21	0	101.2	5060.6	110205
232	"13:05:55"	1395.0	0	3	20	1.05	518.9	27.74	0.07558	991	81.25	-506.06	73.09	26.41	0.1843	0.0028454	0	0	0	991	71.6	28.29	519.83	27.736	28.21	0	101.2	5060.6	110205
233	"13:05:57"	1397.0	0	3	20	0.929	519.3	27.74	0.06712	991	81.34	-506.06	73.16	26.40	0.164	0.0019157	0	0	0	991	71.6	28.29	520.24	27.767	28.21	0	101.2	5060.6	110205
234	"13:05:59"	1399.0	0	3	20	0.915	519.6	27.75	0.06612	991	81.33	-506.05	73.16	26.41	0.16089	0.0031538	0	0	0	991	71.6	28.29	520.66	27.767	28.22	0	101.2	5060.5	110205
235	"13:06:01"	1401.0	0	3	20	0.985	520.0	27.76	0.07116	991	81.36	-506.06	73.16	26.41	0.17382	0.0021195	0	0	0	991	71.6	28.30	520.68	27.777	28.22	0	101.2	5060.6	110205
236	"13:06:03"	1403.0	0	3	20	0.873	520.3	27.76	0.06307	991	81.41	-506.06	73.19	26.41	0.15289	0.0040551	0	0	0	991	71.6	28.30	521.16	27.792	28.22	0	101.2	5060.6	110205
237	"13:06:05"	1405.0	0	3	20	0.933	520.6	27.77	0.06739	991	81.41	-506.06	73.19	26.41	0.16325	0.0045538	0	0	0	991	71.6	28.30	521.45	27.793	28.22	0	101.2	5060.6	110205
238	"13:06:07"	1407.0	0	3	20	0.901	520.9	27.78	0.06512	991	81.41	-506.05	73.20	26.41	0.15819	0.0036115	0	0	0	991	71.6	28.30	521.81	27.800	28.23	0	101.2	5060.5	110205
239	"13:06:09"	1409.0	0	3	20	0.903	521.3	27.79	0.06527	991	81.33	-506.05	73.15	26.42	0.15888	0.0029862	0	0	0	991	71.6	28.31	521.96	27.786	28.23	0	101.2	5060.5	110205
240	"13:06:11"	1411.0	0	3	20	0.967	521.6	27.79	0.06988	991	81.37	-506.04	73.19	26.42	0.17056	0.0023559	0	0	0	991	71.6	28.31	522.68	27.802	28.23	0	101.2	5060.4	110205
241	"13:06:13"	1413.0	0	3	20	1.04	522.0	27.80	0.07541	991	81.38	-506.06	73.18	26.42	0.18377	0.0030666	0	0	0	991	71.6	28.31	522.86	27.807	28.23	0	101.2	5060.6	110205
242	"13:06:15"	1415.0	0	3	20	1.14	522.3	27.80	0.08269	991	81.41	-506.04	73.21	26.42	0.20147	0.0034567	0	0	0	991	71.6	28.31	523.34	27.821	28.24	0	101.2	5060.4	110205
243	"13:06:17"	1417.0	0	3	20	1.09	522.7	27.81	0.07846	991	81.40	-506.07	73.20	26.43	0.19041	0.0046468	0	0	0	991	71.6	28.32	523.34	27.822	28.24	0	101.2	5060.7	110205
244	"13:06:19"	1419.0	0	3	20	0.953	523.1	27.82	0.06883	991	81.38	-506.04	73.18	26.43	0.16727	0.0036597	0	0	0	991	71.6	28.32	524.08	27.820	28.24	0	101.2	5060.4	110205
245	"13:06:21"	1421.0	0	3	20	0.819	523.4	27.82	0.05918	991	81.39	-506.06	73.21	26.43	0.14482	0.0012998	0	0	0	991	71.6	28.32	524.14	27.828	28.24	0	101.2	5060.6	110205
246	"13:06:23"	1423.0	0	3	20	0.8	523.7	27.83	0.05778	991	81.45	-506.06	73.26	26.44	0.14133	0.001389	0	0	0	991	71.6	28.32	524.60	27.854	28.24	0	101.2	5060.6	110205
247	"13:06:25"	1425.0	0	3	20	0.952	524.0	27.83	0.06879	991	81.37	-506.05	73.19	26.44	0.16798	0.0021769	0	0	0	991	71.6	28.32	525.05	27.835	28.25	0	101.2	5060.5	110205
248	"13:06:27"	1427.0	0	3	20	0.998	524.3	27.84	0.07213	991	81.41	-506.06	73.23	26.44	0.17558	0.0033133	0	0	0	991	71.6	28.33	525.14	27.851	28.25	0	101.2	5060.6	110205
249	"13:06:29"	1429.0	0	3	20	0.912	524.7	27.84	0.06589	991	81.45	-506.03	73.25	26.44	0.15994	0.003866	0	0	0	991	71.6	28.33	525.79	27.863	28.25	0	101.2	5060.3	110205
250	"13:06:31"	1431.0	0	3	20	0.995	525.0	27.85	0.07189	991	81.42	-506.04	73.26	26.45	0.17516	0.0029798	0	0	0	991	71.6	28.33	526.04	27.866	28.25	0	101.2	5060.4	110205
251	"13:06:33"	1433.0	0	3	20	1.08	525.4	27.85	0.07825	991	81.44	-506.05	73.26	26.45	0.19106	0.0025006	0	0	0	991	71.6	28.33	526.18	27.871	28.26	0	101.2	5060.5	110205
252	"13:06:35"	1435.0	0	3	20	0.984	525.7	27.86	0.07108	991	81.50	-506.05	73.26	26.44	0.17309	0.0031576	0	0	0	991	71.6	28.34	526.64	27.877	28.26	0	101.2	5060.5	110205
253	"13:06:37"	1437.0	0	3	20	0.946	526.0	27.86	0.06837	991	81.49	-506.05	73.24	26.44	0.16668	0.0026515	0	0	0	991	71.6	28.34	526.70	27.878	28.26	0	101.2	5060.5	110205
254	"13:06:39"	1439.0	0	3	20	0.884	526.4	27.87	0.06385	991	81.49	-506.05	73.27	26.45	0.15555	0.0027052	0	0	0	991	71.6	28.34	527.37	27.891	28.27	0	101.2	5060.5	110205
255	"13:06:41"	1441.0	0	3	20	0.827	526.7	27.88	0.05974	991	81.47	-506.05	73.25	26.45	0.14531	0.0029448	0	0	0	991	71.6	28.34	527.47	27.886	28.27	0	101.2	5060.5	110205
256	"13:06:42"	1441.5	0	4	200	0.963	530.0	27.88	0.06956	991	81.50	-506.06	73.28	26.45	0.14531	0.0029448	2.5892E-05	0.055834	0	991	71.6	28.35	527.78	27.900	28.27	0	101.2	5060.6	110205
