"OPEN 5.3.2"
"Thr May 30 2019 08:51:52"
"Unit="	"PSC-895"
"ComputeList="	"/User/Configs/Comps/Soil Efflux Eqns.LPL"
"BLCTable="	"/Sys/Lib/StdBLCTable"
"LightSource="	"Sun+Sky"	1	0.19
"LogFormat="	"/User/Configs/LogFormats/Soil Efflux Log Fmt"
"LogCodes="	-35	-21	-36	-104	310	311	320	302	303	306	304	321	322	323	324	300	301	330	331	305	307	308	-8	-2	-5	-9	-13	-11	-61	-23
"PromptList="	"/User/Configs/Prompts/Soil Efflux Prompts"
"Stability= (CO2S 15s SLP<1)(H2OS 15s SLP<1)(Flow 15s SLP<1)"
"08:51:54 "
$STARTOFDATA$
"Obs"	"HHMMSS"	"FTime"	"Plot#"	"Mode"	"Smpls"	"EFFLUX"	"C2avg"	"Wavg"	"dc'/dt"	"Vtot"	"RHcmbr%"	"Tsoil_C"	"RHirga%"	"Tsch_C"	"dC/dt"	"dW/dt"	"R(C)m"	"R(C)b"	"InsDpth"	"Vbase"	"Area"	"TBlk"	"CO2S"	"H2OS"	"Tair"	"PARo"	"Press"	"uc_21_mV"	"Status"
1	"08:54:36"	177.5	0	3	8	-0.0606	416.9	31.16	-0.00438	991	79.98	-506.02	70.07	28.71	-0.016214	0.012504	0	0	0	991	71.6	31.11	417.03	31.195	31.01	0	101.4	5060.2	110205
2	"08:54:38"	179.5	0	3	12	0.38	417.0	31.17	0.02747	991	80.02	-506.03	70.13	28.72	0.062115	0.013557	0	0	0	991	71.6	31.11	417.69	31.222	31.01	0	101.4	5060.3	110205
3	"08:54:40"	181.5	0	3	16	0.677	417.2	31.18	0.0489	991	80.07	-506.02	70.16	28.72	0.11616	0.011149	0	0	0	991	71.6	31.11	417.75	31.238	31.02	0	101.4	5060.2	110205
4	"08:54:42"	183.5	0	3	20	0.691	417.3	31.20	0.04991	991	80.19	-506.03	70.26	28.72	0.11811	0.012448	0	0	0	991	71.6	31.11	417.87	31.284	31.02	0	101.4	5060.3	110205
5	"08:54:44"	185.5	0	3	20	0.667	417.5	31.22	0.04817	991	80.20	-506.03	70.24	28.71	0.1137	0.012679	0	0	0	991	71.6	31.11	418.07	31.284	31.02	0	101.4	5060.3	110205
6	"08:54:46"	187.5	0	3	20	0.554	417.7	31.25	0.04001	991	80.26	-506.04	70.31	28.72	0.093329	0.013066	0	0	0	991	71.6	31.11	417.99	31.312	31.02	0	101.4	5060.4	110205
7	"08:54:48"	189.5	0	3	20	0.401	417.9	31.27	0.02901	991	80.29	-506.03	70.36	28.72	0.066053	0.013216	0	0	0	991	71.6	31.11	418.35	31.335	31.02	0	101.4	5060.3	110205
8	"08:54:50"	191.5	0	3	20	0.479	418.0	31.30	0.03458	991	80.26	-506.03	70.33	28.72	0.081383	0.0095985	0	0	0	991	71.6	31.11	418.57	31.322	31.02	0	101.4	5060.3	110205
9	"08:54:52"	193.5	0	3	20	0.501	418.2	31.31	0.03622	991	80.35	-506.03	70.42	28.73	0.086763	0.0065355	0	0	0	991	71.6	31.11	418.78	31.364	31.02	0	101.4	5060.3	110205
10	"08:54:54"	195.5	0	3	20	0.544	418.4	31.33	0.03931	991	80.39	-506.02	70.45	28.73	0.093612	0.0084135	0	0	0	991	71.6	31.11	418.95	31.380	31.02	0	101.4	5060.2	110205
11	"08:54:56"	197.5	0	3	20	0.562	418.6	31.35	0.04063	991	80.47	-506.04	70.52	28.73	0.095862	0.010772	0	0	0	991	71.6	31.12	419.01	31.416	31.02	0	101.4	5060.4	110205
12	"08:54:58"	199.5	0	3	20	0.538	418.7	31.37	0.03885	991	80.51	-506.03	70.56	28.73	0.090704	0.012505	0	0	0	991	71.6	31.12	419.03	31.432	31.02	0	101.4	5060.3	110205
13	"08:55:00"	201.5	0	3	20	0.477	418.9	31.39	0.03448	991	80.54	-506.02	70.57	28.73	0.079837	0.012598	0	0	0	991	71.6	31.12	419.50	31.442	31.03	0	101.4	5060.2	110205
14	"08:55:02"	203.5	0	3	20	0.47	419.1	31.41	0.03392	991	80.57	-506.03	70.63	28.74	0.07993	0.0092228	0	0	0	991	71.6	31.12	419.58	31.468	31.03	0	101.4	5060.3	110205
15	"08:55:04"	205.5	0	3	20	0.468	419.2	31.44	0.03381	991	80.57	-506.04	70.65	28.74	0.079123	0.010434	0	0	0	991	71.6	31.12	419.50	31.480	31.03	0	101.4	5060.4	110205
16	"08:55:06"	207.5	0	3	20	0.508	419.4	31.45	0.0367	991	80.61	-506.03	70.67	28.74	0.086879	0.009016	0	0	0	991	71.6	31.12	420.03	31.489	31.03	0	101.4	5060.3	110205
17	"08:55:08"	209.5	0	3	20	0.491	419.6	31.47	0.03545	991	80.68	-506.01	70.72	28.73	0.084036	0.0084243	0	0	0	991	71.6	31.12	419.94	31.510	31.03	0	101.4	5060.1	110205
18	"08:55:10"	211.5	0	3	20	0.442	419.8	31.49	0.03195	991	80.75	-506.04	70.77	28.74	0.07582	0.0074353	0	0	0	991	71.6	31.12	420.09	31.537	31.03	0	101.4	5060.4	110205
19	"08:55:12"	213.5	0	3	20	0.51	419.9	31.51	0.03688	991	80.80	-506.03	70.82	28.74	0.08784	0.0078023	0	0	0	991	71.6	31.12	420.45	31.562	31.03	0	101.4	5060.3	110205
20	"08:55:14"	215.5	0	3	20	0.562	420.1	31.52	0.04057	991	80.82	-506.03	70.84	28.74	0.096142	0.00973	0	0	0	991	71.6	31.12	420.43	31.571	31.03	0	101.4	5060.3	110205
21	"08:55:16"	217.5	0	3	20	0.457	420.2	31.54	0.03302	991	80.81	-506.02	70.84	28.74	0.077626	0.0093808	0	0	0	991	71.6	31.12	420.63	31.574	31.03	0	101.4	5060.2	110205
22	"08:55:18"	219.5	0	3	20	0.482	420.4	31.56	0.03484	991	80.86	-506.03	70.87	28.74	0.082609	0.0082574	0	0	0	991	71.6	31.12	420.70	31.586	31.03	0	101.4	5060.3	110205
23	"08:55:20"	221.5	0	3	20	0.526	420.6	31.58	0.038	991	80.94	-506.04	70.94	28.74	0.090478	0.0081058	0	0	0	991	71.6	31.13	421.25	31.623	31.04	0	101.4	5060.4	110205
24	"08:55:22"	223.5	0	3	20	0.536	420.8	31.59	0.03871	991	81.00	-506.03	70.99	28.74	0.09198	0.0086654	0	0	0	991	71.6	31.13	421.11	31.643	31.03	0	101.4	5060.3	110205
25	"08:55:24"	225.5	0	3	20	0.547	420.9	31.61	0.0395	991	81.06	-506.03	71.05	28.74	0.093315	0.010098	0	0	0	991	71.6	31.13	421.01	31.673	31.04	0	101.4	5060.3	110205
26	"08:55:26"	227.5	0	3	20	0.429	421.1	31.63	0.03098	991	81.07	-506.03	71.07	28.75	0.072109	0.010397	0	0	0	991	71.6	31.13	421.60	31.686	31.04	0	101.4	5060.3	110205
27	"08:55:28"	229.5	0	3	20	0.444	421.3	31.65	0.03211	991	81.06	-506.04	71.05	28.75	0.075319	0.0094426	0	0	0	991	71.6	31.13	421.81	31.679	31.04	0	101.4	5060.4	110205
28	"08:55:30"	231.5	0	3	20	0.497	421.4	31.66	0.03591	991	81.09	-506.05	71.10	28.75	0.085566	0.0074943	0	0	0	991	71.6	31.13	421.93	31.698	31.04	0	101.4	5060.5	110205
29	"08:55:32"	233.5	0	3	20	0.589	421.6	31.68	0.04255	991	81.15	-506.03	71.16	28.75	0.10226	0.0068906	0	0	0	991	71.6	31.13	421.96	31.730	31.04	0	101.4	5060.3	110205
30	"08:55:34"	235.5	0	3	20	0.564	421.8	31.70	0.04071	991	81.18	-506.04	71.18	28.75	0.09744	0.0075386	0	0	0	991	71.6	31.13	422.23	31.740	31.04	0	101.4	5060.4	110205
31	"08:55:36"	237.5	0	3	20	0.487	422.0	31.71	0.03519	991	81.25	-506.03	71.24	28.75	0.083253	0.0087026	0	0	0	991	71.6	31.13	422.37	31.766	31.04	0	101.4	5060.3	110205
32	"08:55:38"	239.5	0	3	20	0.488	422.1	31.73	0.03526	991	81.32	-506.04	71.31	28.76	0.082737	0.010323	0	0	0	991	71.6	31.14	422.63	31.800	31.04	0	101.4	5060.4	110205
33	"08:55:40"	241.5	0	3	20	0.44	422.3	31.75	0.03177	991	81.33	-506.02	71.29	28.75	0.074193	0.010072	0	0	0	991	71.6	31.13	422.75	31.793	31.04	0	101.4	5060.2	110205
34	"08:55:42"	243.5	0	3	20	0.478	422.4	31.77	0.03456	991	81.35	-506.03	71.32	28.75	0.081616	0.0089189	0	0	0	991	71.6	31.14	422.93	31.805	31.04	0	101.4	5060.3	110205
35	"08:55:44"	245.5	0	3	20	0.404	422.6	31.78	0.02916	991	81.36	-506.02	71.32	28.75	0.069164	0.0068184	0	0	0	991	71.6	31.14	423.19	31.811	31.05	0	101.4	5060.2	110205
36	"08:55:44"	246.0	0	4	136	0.498	420.0	31.78	0.03596	991	81.36	-506.03	71.33	28.76	0.069164	0.0068184	-0.00048642	0.24025	0	991	71.6	31.14	423.01	31.815	31.05	0	101.4	5060.3	110205
37	"08:57:56"	378.0	0	3	8	0.472	417.3	32.21	0.03407	991	82.00	-506.03	71.93	28.84	0.082974	0.0031153	0	0	0	991	71.6	31.21	417.56	32.212	31.12	0	101.4	5060.3	110205
38	"08:57:58"	380.0	0	3	12	0.631	417.4	32.22	0.04558	991	82.08	-506.04	72.00	28.84	0.11037	0.0056227	0	0	0	991	71.6	31.21	417.85	32.244	31.12	0	101.4	5060.4	110205
39	"08:58:00"	382.0	0	3	16	0.615	417.5	32.23	0.04441	991	82.08	-506.03	72.02	28.84	0.10658	0.0077182	0	0	0	991	71.6	31.21	417.81	32.260	31.12	0	101.4	5060.3	110205
40	"08:58:02"	384.0	0	3	20	0.483	417.6	32.23	0.03493	991	82.09	-506.03	72.00	28.84	0.083521	0.0067645	0	0	0	991	71.6	31.21	418.07	32.251	31.12	0	101.4	5060.3	110205
41	"08:58:04"	386.0	0	3	20	0.466	417.8	32.24	0.0337	991	82.15	-506.03	72.05	28.84	0.08076	0.0060955	0	0	0	991	71.6	31.21	418.18	32.278	31.12	0	101.4	5060.3	110205
42	"08:58:06"	388.0	0	3	20	0.46	417.9	32.26	0.03322	991	82.12	-506.05	72.05	28.84	0.079623	0.0060078	0	0	0	991	71.6	31.22	418.45	32.276	31.12	0	101.4	5060.5	110205
43	"08:58:08"	390.0	0	3	20	0.532	418.1	32.27	0.03845	991	82.22	-506.03	72.11	28.84	0.092795	0.0054212	0	0	0	991	71.6	31.22	418.49	32.307	31.12	0	101.4	5060.3	110205
44	"08:58:10"	392.0	0	3	20	0.581	418.3	32.28	0.04197	991	82.20	-506.04	72.08	28.84	0.10117	0.0062327	0	0	0	991	71.6	31.22	418.86	32.294	31.13	0	101.4	5060.4	110205
45	"08:58:12"	394.0	0	3	20	0.522	418.5	32.29	0.03774	991	82.26	-506.01	72.15	28.84	0.090802	0.0059801	0	0	0	991	71.6	31.22	419.33	32.325	31.13	0	101.4	5060.1	110205
46	"08:58:14"	396.0	0	3	20	0.629	418.7	32.31	0.04544	991	82.29	-506.02	72.17	28.84	0.1099	0.0058927	0	0	0	991	71.6	31.22	419.10	32.341	31.13	0	101.4	5060.2	110205
47	"08:58:16"	398.0	0	3	20	0.553	418.9	32.32	0.03992	991	82.28	-506.03	72.19	28.85	0.095839	0.0068068	0	0	0	991	71.6	31.22	419.40	32.353	31.13	0	101.4	5060.3	110205
48	"08:58:18"	400.0	0	3	20	0.596	419.1	32.33	0.04305	991	82.31	-506.04	72.22	28.85	0.10341	0.0072289	0	0	0	991	71.6	31.22	419.36	32.367	31.13	0	101.4	5060.4	110205
49	"08:58:20"	402.0	0	3	20	0.491	419.3	32.35	0.03548	991	82.38	-506.04	72.28	28.86	0.084414	0.0078226	0	0	0	991	71.6	31.22	419.59	32.399	31.13	0	101.4	5060.4	110205
50	"08:58:22"	404.0	0	3	20	0.407	419.4	32.36	0.02938	991	82.30	-506.03	72.24	28.86	0.069808	0.0066728	0	0	0	991	71.6	31.23	419.77	32.380	31.13	0	101.4	5060.3	110205
51	"08:58:24"	406.0	0	3	20	0.52	419.6	32.37	0.03761	991	82.33	-506.04	72.26	28.86	0.090757	0.0053144	0	0	0	991	71.6	31.23	420.12	32.389	31.13	0	101.4	5060.4	110205
52	"08:58:26"	408.0	0	3	20	0.483	419.8	32.38	0.03487	991	82.37	-506.02	72.29	28.86	0.084678	0.0037352	0	0	0	991	71.6	31.23	420.26	32.406	31.13	0	101.4	5060.2	110205
53	"08:58:28"	410.0	0	3	20	0.606	420.0	32.39	0.04379	991	82.46	-506.04	72.34	28.86	0.10633	0.0047043	0	0	0	991	71.6	31.23	420.48	32.431	31.14	0	101.4	5060.4	110205
54	"08:58:30"	412.0	0	3	20	0.564	420.1	32.40	0.04077	991	82.52	-506.04	72.34	28.85	0.098362	0.0057996	0	0	0	991	71.6	31.23	420.69	32.433	31.14	0	101.4	5060.4	110205
55	"08:58:32"	414.0	0	3	20	0.505	420.3	32.41	0.03649	991	82.49	-506.02	72.36	28.86	0.086939	0.0077091	0	0	0	991	71.6	31.23	420.79	32.441	31.14	0	101.4	5060.2	110205
56	"08:58:34"	416.0	0	3	20	0.502	420.5	32.43	0.03627	991	82.50	-506.03	72.39	28.86	0.087003	0.0063347	0	0	0	991	71.6	31.23	420.85	32.459	31.14	0	101.4	5060.3	110205
57	"08:58:36"	418.0	0	3	20	0.404	420.7	32.44	0.02922	991	82.45	-506.04	72.35	28.87	0.070498	0.0041851	0	0	0	991	71.6	31.23	421.08	32.444	31.14	0	101.4	5060.4	110205
58	"08:58:38"	420.0	0	3	20	0.477	420.8	32.45	0.03449	991	82.53	-506.03	72.43	28.87	0.083679	0.0038537	0	0	0	991	71.6	31.23	421.16	32.478	31.14	0	101.4	5060.3	110205
59	"08:58:40"	422.0	0	3	20	0.463	421.0	32.46	0.03346	991	82.55	-506.03	72.46	28.87	0.080453	0.0054018	0	0	0	991	71.6	31.23	421.67	32.498	31.14	0	101.4	5060.3	110205
60	"08:58:42"	424.0	0	3	20	0.561	421.2	32.47	0.04052	991	82.51	-506.03	72.46	28.88	0.097111	0.0073074	0	0	0	991	71.6	31.24	421.68	32.500	31.14	0	101.4	5060.3	110205
61	"08:58:44"	426.0	0	3	20	0.591	421.4	32.48	0.04268	991	82.58	-506.04	72.50	28.88	0.10309	0.0058352	0	0	0	991	71.6	31.24	421.75	32.518	31.14	0	101.4	5060.4	110205
62	"08:58:46"	428.0	0	3	20	0.575	421.6	32.49	0.04157	991	82.62	-506.03	72.49	28.87	0.1006	0.0052557	0	0	0	991	71.6	31.24	421.96	32.518	31.15	0	101.4	5060.3	110205
63	"08:58:48"	430.0	0	3	20	0.548	421.7	32.50	0.03959	991	82.60	-506.03	72.50	28.88	0.096468	0.0034453	0	0	0	991	71.6	31.24	422.20	32.525	31.15	0	101.4	5060.3	110205
64	"08:58:50"	432.0	0	3	20	0.416	421.9	32.51	0.03008	991	82.61	-506.04	72.47	28.87	0.072762	0.003845	0	0	0	991	71.6	31.24	422.25	32.512	31.15	0	101.4	5060.4	110205
65	"08:58:52"	434.0	0	3	20	0.408	422.1	32.52	0.02945	991	82.73	-506.03	72.55	28.86	0.071165	0.0039099	0	0	0	991	71.6	31.24	422.36	32.551	31.15	0	101.4	5060.3	110205
66	"08:58:54"	436.0	0	3	20	0.39	422.2	32.53	0.02818	991	82.70	-506.03	72.53	28.87	0.067988	0.0040249	0	0	0	991	71.6	31.24	422.56	32.544	31.15	0	101.4	5060.3	110205
67	"08:58:56"	438.0	0	3	20	0.5	422.4	32.54	0.03611	991	82.76	-506.04	72.59	28.87	0.087235	0.0048484	0	0	0	991	71.6	31.25	422.99	32.572	31.15	0	101.4	5060.4	110205
68	"08:58:57"	439.0	0	4	122	0.511	420.0	32.54	0.0369	991	82.79	-506.04	72.59	28.86	0.091018	0.005345	-0.001258	0.56524	0	991	71.6	31.24	423.12	32.572	31.15	0	101.4	5060.4	110205
69	"09:00:58"	559.5	0	3	8	23	422.7	32.64	1.66	991	82.32	-506.03	71.95	28.87	4.1459	-0.084013	0	0	0	991	71.6	31.32	434.26	32.403	31.22	0	101.4	5060.3	110205
70	"09:01:00"	561.5	0	3	12	25.2	427.6	32.48	1.824	991	80.87	-506.03	70.27	28.76	4.5781	-0.14751	0	0	0	991	71.6	31.32	436.55	31.636	31.21	0	101.4	5060.3	110205
71	"09:01:02"	563.5	0	3	16	15.8	429.4	32.24	1.141	991	80.17	-506.04	69.83	28.80	2.911	-0.19836	0	0	0	991	71.6	31.32	433.65	31.427	31.20	0	101.4	5060.4	110205
72	"09:01:04"	565.5	0	3	20	9.92	430.2	32.07	0.7166	991	79.84	-506.03	69.66	28.83	1.8546	-0.1831	0	0	0	991	71.6	31.32	432.72	31.354	31.20	0	101.4	5060.3	110205
73	"09:01:06"	567.5	0	3	20	1.83	433.0	31.79	0.1323	991	79.57	-506.03	69.51	28.85	0.39965	-0.16168	0	0	0	991	71.6	31.32	432.44	31.289	31.21	0	101.4	5060.3	110205
74	"09:01:08"	569.5	0	3	20	-3.47	434.0	31.53	-0.2507	991	79.32	-506.03	69.35	28.87	-0.57538	-0.1004	0	0	0	991	71.6	31.32	432.12	31.222	31.21	0	101.4	5060.3	110205
75	"09:01:10"	571.5	0	3	20	-1.94	433.0	31.35	-0.1404	991	79.24	-506.03	69.29	28.88	-0.33077	-0.03724	0	0	0	991	71.6	31.33	431.77	31.201	31.21	0	101.4	5060.3	110205
"09:05:51 accidentially stopped pre end of third cycle restarted."
76	"09:28:26"	2207.5	0	3	8	0.765	417.1	35.98	0.05529	991	85.68	-506.02	76.08	30.00	0.13832	-0.0022643	0	0	0	991	71.6	32.18	417.41	35.994	32.08	0	101.4	5060.2	110205
77	"09:28:28"	2209.5	0	3	12	0.767	417.2	35.98	0.05545	991	85.66	-506.02	76.05	30.00	0.13685	0.0020708	0	0	0	991	71.6	32.18	417.63	35.985	32.09	0	101.4	5060.2	110205
78	"09:28:30"	2211.5	0	3	16	0.618	417.3	35.98	0.04467	991	85.67	-506.02	76.09	30.00	0.11003	0.002148	0	0	0	991	71.6	32.18	417.72	36.000	32.09	0	101.4	5060.2	110205
79	"09:28:32"	2213.5	0	3	20	0.589	417.4	35.99	0.04258	991	85.70	-506.02	76.10	30.00	0.10462	0.0026397	0	0	0	991	71.6	32.18	417.80	36.008	32.09	0	101.4	5060.2	110205
80	"09:28:34"	2215.5	0	3	20	0.536	417.6	35.99	0.03871	991	85.79	-506.03	76.14	29.99	0.094732	0.0033088	0	0	0	991	71.6	32.18	418.17	36.030	32.09	0	101.4	5060.3	110205
81	"09:28:36"	2217.5	0	3	20	0.46	417.8	36.00	0.03327	991	85.77	-506.03	76.12	30.00	0.081133	0.0034648	0	0	0	991	71.6	32.18	418.03	36.023	32.09	0	101.4	5060.3	110205
82	"09:28:38"	2219.5	0	3	20	0.385	417.9	36.01	0.0278	991	85.72	-506.03	76.09	30.00	0.067596	0.0033548	0	0	0	991	71.6	32.19	418.57	36.013	32.09	0	101.4	5060.3	110205
83	"09:28:40"	2221.5	0	3	20	0.395	418.1	36.01	0.02857	991	85.70	-506.02	76.08	30.00	0.070418	0.0012764	0	0	0	991	71.6	32.18	418.60	36.007	32.09	0	101.4	5060.2	110205
84	"09:28:42"	2223.5	0	3	20	0.402	418.2	36.01	0.02907	991	85.61	-506.02	76.11	30.03	0.071971	0.00055255	0	0	0	991	71.6	32.19	418.68	36.022	32.09	0	101.4	5060.2	110205
85	"09:28:44"	2225.5	0	3	20	0.441	418.4	36.02	0.03186	991	85.74	-506.03	76.15	30.01	0.07867	0.0010654	0	0	0	991	71.6	32.19	418.80	36.044	32.09	0	101.4	5060.3	110205
86	"09:28:46"	2227.5	0	3	20	0.489	418.5	36.02	0.03533	991	85.74	-506.03	76.12	30.01	0.08605	0.0039248	0	0	0	991	71.6	32.19	418.87	36.031	32.09	0	101.4	5060.3	110205
87	"09:28:48"	2229.5	0	3	20	0.308	418.7	36.03	0.02225	991	85.73	-506.02	76.14	30.01	0.053447	0.0042247	0	0	0	991	71.6	32.19	418.95	36.037	32.09	0	101.4	5060.2	110205
88	"09:28:50"	2231.5	0	3	20	0.398	418.8	36.04	0.02874	991	85.73	-506.03	76.15	30.02	0.069999	0.003211	0	0	0	991	71.6	32.19	419.47	36.046	32.09	0	101.4	5060.3	110205
89	"09:28:52"	2233.5	0	3	20	0.543	419.0	36.04	0.03925	991	85.80	-506.03	76.15	30.00	0.09666	0.0019273	0	0	0	991	71.6	32.19	419.65	36.050	32.10	0	101.4	5060.3	110205
90	"09:28:54"	2235.5	0	3	20	0.53	419.2	36.05	0.0383	991	85.81	-506.02	76.15	30.00	0.094296	0.0019203	0	0	0	991	71.6	32.19	419.48	36.056	32.10	0	101.4	5060.2	110205
91	"09:28:56"	2237.5	0	3	20	0.557	419.3	36.05	0.04021	991	85.82	-506.03	76.17	30.01	0.098761	0.0025867	0	0	0	991	71.6	32.19	419.82	36.063	32.10	0	101.4	5060.3	110205
92	"09:28:58"	2239.5	0	3	20	0.404	419.5	36.06	0.02916	991	85.83	-506.02	76.16	30.00	0.071106	0.0030743	0	0	0	991	71.6	32.19	420.08	36.063	32.10	0	101.4	5060.2	110205
93	"09:29:00"	2241.5	0	3	20	0.419	419.7	36.06	0.0303	991	85.81	-506.03	76.18	30.01	0.074047	0.0027996	0	0	0	991	71.6	32.20	420.27	36.074	32.10	0	101.4	5060.3	110205
94	"09:29:02"	2243.5	0	3	20	0.523	419.9	36.06	0.03779	991	85.79	-506.01	76.16	30.01	0.093363	0.001188	0	0	0	991	71.6	32.20	420.42	36.066	32.10	0	101.4	5060.1	110205
95	"09:29:04"	2245.5	0	3	20	0.536	420.1	36.06	0.03873	991	85.75	-506.04	76.15	30.02	0.095816	0.00093807	0	0	0	991	71.6	32.20	420.29	36.067	32.10	0	101.4	5060.4	110205
96	"09:29:06"	2247.5	0	3	20	0.529	420.3	36.07	0.03825	991	85.88	-506.03	76.21	30.01	0.094012	0.0023089	0	0	0	991	71.6	32.20	420.56	36.097	32.10	0	101.4	5060.3	110205
97	"09:29:08"	2249.5	0	3	20	0.466	420.5	36.08	0.03368	991	85.81	-506.02	76.18	30.02	0.082237	0.0032523	0	0	0	991	71.6	32.20	420.91	36.082	32.10	0	101.4	5060.2	110205
98	"09:29:10"	2251.5	0	3	20	0.488	420.6	36.08	0.03526	991	85.84	-506.01	76.23	30.02	0.086069	0.0035113	0	0	0	991	71.6	32.20	420.97	36.109	32.11	0	101.4	5060.1	110205
99	"09:29:12"	2253.5	0	3	20	0.48	420.8	36.09	0.03469	991	85.82	-506.03	76.21	30.02	0.084758	0.0032555	0	0	0	991	71.6	32.20	421.32	36.096	32.11	0	101.4	5060.3	110205
100	"09:29:14"	2255.5	0	3	20	0.495	420.9	36.09	0.03575	991	85.82	-506.03	76.21	30.03	0.088361	0.0010051	0	0	0	991	71.6	32.20	421.25	36.105	32.11	0	101.4	5060.3	110205
101	"09:29:16"	2257.5	0	3	20	0.515	421.1	36.10	0.03724	991	85.89	-506.04	76.27	30.02	0.090935	0.0035947	0	0	0	991	71.6	32.20	421.76	36.131	32.11	0	101.4	5060.4	110205
102	"09:29:18"	2259.5	0	3	20	0.589	421.3	36.10	0.04252	991	85.86	-506.03	76.27	30.03	0.10398	0.0038106	0	0	0	991	71.6	32.21	421.79	36.129	32.11	0	101.4	5060.3	110205
103	"09:29:20"	2261.5	0	3	20	0.549	421.5	36.11	0.03967	991	85.87	-506.03	76.22	30.02	0.097247	0.0029458	0	0	0	991	71.6	32.21	421.75	36.111	32.11	0	101.4	5060.3	110205
104	"09:29:22"	2263.5	0	3	20	0.4	421.6	36.11	0.02889	991	85.86	-506.01	76.20	30.02	0.070901	0.0020033	0	0	0	991	71.6	32.21	421.87	36.103	32.11	0	101.4	5060.1	110205
105	"09:29:24"	2265.5	0	3	20	0.305	421.8	36.12	0.02202	991	85.86	-506.02	76.24	30.03	0.054505	0.00047849	0	0	0	991	71.6	32.21	422.11	36.122	32.11	0	101.4	5060.2	110205
106	"09:29:26"	2267.5	0	3	20	0.31	421.9	36.12	0.02242	991	85.96	-506.02	76.28	30.02	0.055104	0.0013443	0	0	0	991	71.6	32.21	422.26	36.146	32.11	0	101.4	5060.2	110205
107	"09:29:28"	2269.5	0	3	20	0.474	422.1	36.13	0.03425	991	85.87	-506.01	76.27	30.03	0.083988	0.0025366	0	0	0	991	71.6	32.21	422.33	36.142	32.11	0	101.4	5060.1	110205
108	"09:29:30"	2271.5	0	3	20	0.58	422.2	36.13	0.04189	991	85.94	-506.03	76.26	30.02	0.10228	0.0040537	0	0	0	991	71.6	32.21	422.63	36.141	32.12	0	101.4	5060.3	110205
109	"09:29:32"	2273.5	0	3	20	0.519	422.4	36.14	0.03749	991	85.90	-506.04	76.24	30.02	0.091869	0.0028677	0	0	0	991	71.6	32.21	422.82	36.134	32.12	0	101.4	5060.4	110205
110	"09:29:33"	2275.0	0	4	135	0.486	420.0	36.14	0.03512	991	85.87	-506.04	76.25	30.03	0.082363	0.0010153	-0.0014618	0.64906	0	991	71.6	32.21	423.18	36.142	32.12	0	101.4	5060.4	110205
111	"09:31:34"	2396.0	0	3	8	-0.0729	417.1	36.02	-0.005265	991	85.23	-506.03	75.73	30.11	-0.013628	0.0012545	0	0	0	991	71.6	32.28	417.17	36.030	32.18	0	101.4	5060.3	110205
112	"09:31:36"	2398.0	0	3	12	0.115	417.1	36.02	0.008312	991	85.15	-506.02	75.72	30.12	0.019814	0.0019472	0	0	0	991	71.6	32.28	417.32	36.029	32.18	0	101.4	5060.2	110205
113	"09:31:38"	2400.0	0	3	16	0.285	417.2	36.03	0.02057	991	85.19	-506.03	75.75	30.12	0.04974	0.0032113	0	0	0	991	71.6	32.28	417.69	36.047	32.19	0	101.4	5060.3	110205
114	"09:31:40"	2402.0	0	3	20	0.407	417.3	36.03	0.0294	991	85.24	-506.03	75.75	30.12	0.071434	0.0037345	0	0	0	991	71.6	32.28	417.69	36.051	32.19	0	101.4	5060.3	110205
115	"09:31:42"	2404.0	0	3	20	0.58	417.4	36.04	0.04189	991	85.25	-506.03	75.77	30.12	0.10229	0.0042213	0	0	0	991	71.6	32.28	417.92	36.063	32.19	0	101.4	5060.3	110205
116	"09:31:44"	2406.0	0	3	20	0.522	417.6	36.05	0.03772	991	85.24	-506.03	75.79	30.13	0.091998	0.0040004	0	0	0	991	71.6	32.28	418.00	36.074	32.19	0	101.4	5060.3	110205
117	"09:31:46"	2408.0	0	3	20	0.52	417.8	36.06	0.0376	991	85.22	-506.02	75.80	30.13	0.091221	0.0051559	0	0	0	991	71.6	32.28	418.21	36.080	32.19	0	101.4	5060.2	110205
118	"09:31:48"	2410.0	0	3	20	0.448	418.0	36.07	0.03239	991	85.14	-506.04	75.80	30.15	0.078333	0.0049782	0	0	0	991	71.6	32.29	418.53	36.086	32.19	0	101.4	5060.4	110205
119	"09:31:50"	2412.0	0	3	20	0.525	418.2	36.07	0.0379	991	85.31	-506.02	75.82	30.12	0.091959	0.0051613	0	0	0	991	71.6	32.29	418.81	36.090	32.19	0	101.4	5060.2	110205
120	"09:31:52"	2414.0	0	3	20	0.566	418.3	36.08	0.0409	991	85.27	-506.03	75.80	30.13	0.10016	0.0034175	0	0	0	991	71.6	32.29	418.84	36.089	32.19	0	101.4	5060.3	110205
121	"09:31:54"	2416.0	0	3	20	0.429	418.5	36.09	0.031	991	85.31	-506.02	75.82	30.12	0.07639	0.0015118	0	0	0	991	71.6	32.29	419.01	36.099	32.19	0	101.4	5060.2	110205
122	"09:31:56"	2418.0	0	3	20	0.428	418.7	36.09	0.03094	991	85.32	-506.02	75.87	30.14	0.075906	0.0022521	0	0	0	991	71.6	32.29	418.70	36.125	32.20	0	101.4	5060.2	110205
123	"09:31:58"	2420.0	0	3	20	0.251	418.8	36.10	0.01811	991	85.39	-506.03	75.83	30.11	0.043318	0.0038695	0	0	0	991	71.6	32.29	419.41	36.110	32.20	0	101.4	5060.3	110205
124	"09:32:00"	2422.0	0	3	20	0.424	419.0	36.11	0.03065	991	85.38	-506.02	75.87	30.12	0.074112	0.0047412	0	0	0	991	71.6	32.29	419.38	36.131	32.20	0	101.4	5060.2	110205
125	"09:32:02"	2424.0	0	3	20	0.536	419.1	36.11	0.03874	991	85.34	-506.03	75.86	30.13	0.094389	0.0043739	0	0	0	991	71.6	32.29	419.58	36.128	32.20	0	101.4	5060.3	110205
126	"09:32:04"	2426.0	0	3	20	0.484	419.3	36.12	0.03496	991	85.44	-506.04	75.89	30.12	0.085584	0.0029914	0	0	0	991	71.6	32.30	419.52	36.149	32.20	0	101.4	5060.4	110205
127	"09:32:06"	2428.0	0	3	20	0.427	419.4	36.13	0.03083	991	85.39	-506.03	75.85	30.12	0.075595	0.0023518	0	0	0	991	71.6	32.30	419.96	36.132	32.20	0	101.4	5060.3	110205
128	"09:32:08"	2430.0	0	3	20	0.368	419.6	36.13	0.02658	991	85.48	-506.03	75.90	30.12	0.064696	0.0031322	0	0	0	991	71.6	32.30	420.64	36.154	32.20	0	101.4	5060.3	110205
129	"09:32:10"	2432.0	0	3	20	0.611	419.8	36.14	0.04411	991	85.43	-506.02	75.90	30.13	0.10833	0.0029883	0	0	0	991	71.6	32.30	420.24	36.159	32.21	0	101.4	5060.2	110205
130	"09:32:12"	2434.0	0	3	20	0.635	420.0	36.15	0.04584	991	85.42	-506.03	75.90	30.13	0.11259	0.0031005	0	0	0	991	71.6	32.30	420.36	36.163	32.21	0	101.4	5060.3	110205
131	"09:32:14"	2436.0	0	3	20	0.521	420.1	36.15	0.03765	991	85.42	-506.02	75.88	30.13	0.092511	0.0024301	0	0	0	991	71.6	32.30	420.68	36.158	32.21	0	101.4	5060.2	110205
132	"09:32:16"	2438.0	0	3	20	0.333	420.3	36.16	0.02406	991	85.42	-506.02	75.88	30.13	0.05881	0.002264	0	0	0	991	71.6	32.30	420.63	36.157	32.21	0	101.4	5060.2	110205
133	"09:32:18"	2440.0	0	3	20	0.354	420.5	36.16	0.02555	991	85.41	-506.03	75.88	30.13	0.062904	0.0013599	0	0	0	991	71.6	32.30	421.00	36.162	32.21	0	101.4	5060.3	110205
134	"09:32:20"	2442.0	0	3	20	0.573	420.6	36.16	0.04142	991	85.42	-506.03	75.88	30.13	0.1025	0.0010014	0	0	0	991	71.6	32.31	421.39	36.160	32.21	0	101.4	5060.3	110205
135	"09:32:22"	2444.0	0	3	20	0.593	420.8	36.17	0.04282	991	85.55	-506.03	75.95	30.12	0.10525	0.002661	0	0	0	991	71.6	32.31	421.16	36.196	32.21	0	101.4	5060.3	110205
136	"09:32:24"	2446.0	0	3	20	0.506	421.0	36.17	0.03652	991	85.48	-506.03	75.96	30.14	0.088845	0.004413	0	0	0	991	71.6	32.31	421.40	36.206	32.21	0	101.4	5060.3	110205
137	"09:32:26"	2448.0	0	3	20	0.461	421.2	36.18	0.03328	991	85.49	-506.02	75.96	30.14	0.080397	0.005293	0	0	0	991	71.6	32.31	421.51	36.209	32.22	0	101.4	5060.2	110205
138	"09:32:28"	2450.0	0	3	20	0.492	421.4	36.19	0.03551	991	85.56	-506.01	75.97	30.13	0.08597	0.0052299	0	0	0	991	71.6	32.31	421.87	36.215	32.22	0	101.4	5060.1	110205
139	"09:32:30"	2452.0	0	3	20	0.482	421.5	36.20	0.0348	991	85.56	-506.02	75.96	30.13	0.084537	0.0044898	0	0	0	991	71.6	32.31	422.27	36.217	32.22	0	101.4	5060.2	110205
140	"09:32:32"	2454.0	0	3	20	0.52	421.7	36.21	0.03756	991	85.48	-506.02	75.99	30.15	0.092	0.0031239	0	0	0	991	71.6	32.31	422.17	36.233	32.22	0	101.4	5060.2	110205
141	"09:32:34"	2456.0	0	3	20	0.448	421.9	36.22	0.0324	991	85.49	-506.01	75.95	30.14	0.07882	0.0039052	0	0	0	991	71.6	32.31	422.50	36.215	32.22	0	101.4	5060.1	110205
142	"09:32:36"	2458.0	0	3	20	0.454	422.1	36.22	0.03283	991	85.62	-506.04	76.01	30.13	0.07997	0.0037206	0	0	0	991	71.6	32.32	422.30	36.247	32.22	0	101.4	5060.4	110205
143	"09:32:38"	2460.0	0	3	20	0.387	422.2	36.23	0.02799	991	85.65	-506.02	76.02	30.13	0.068022	0.0034968	0	0	0	991	71.6	32.32	422.66	36.254	32.22	0	101.4	5060.2	110205
144	"09:32:40"	2462.0	0	3	20	0.326	422.3	36.24	0.02353	991	85.55	-506.03	76.02	30.15	0.056786	0.0038933	0	0	0	991	71.6	32.32	422.81	36.261	32.23	0	101.4	5060.3	110205
145	"09:32:41"	2463.0	0	4	134	0.46	420.0	36.24	0.03326	991	85.57	-506.04	76.02	30.15	0.068434	0.0039199	0.0013018	-0.5135	0	991	71.6	32.32	422.97	36.261	32.23	0	101.4	5060.4	110205
146	"09:35:35"	2637.0	0	3	8	0.569	417.2	36.26	0.04113	991	85.19	-506.02	75.63	30.24	0.097949	0.009952	0	0	0	991	71.6	32.43	417.41	36.286	32.33	0	101.4	5060.2	110205
147	"09:35:37"	2639.0	0	3	12	0.539	417.3	36.27	0.03895	991	85.18	-506.03	75.62	30.24	0.093807	0.0070225	0	0	0	991	71.6	32.43	417.43	36.282	32.33	0	101.4	5060.3	110205
148	"09:35:39"	2641.0	0	3	16	0.409	417.4	36.27	0.02954	991	85.14	-506.01	75.62	30.25	0.071468	0.0045747	0	0	0	991	71.6	32.43	417.55	36.286	32.33	0	101.4	5060.1	110205
149	"09:35:41"	2643.0	0	3	20	0.439	417.5	36.28	0.03168	991	85.17	-506.03	75.62	30.24	0.076795	0.0045655	0	0	0	991	71.6	32.43	417.95	36.288	32.33	0	101.4	5060.3	110205
150	"09:35:43"	2645.0	0	3	20	0.491	417.6	36.28	0.03546	991	85.16	-506.02	75.64	30.25	0.087017	0.0026249	0	0	0	991	71.6	32.43	418.02	36.304	32.34	0	101.4	5060.2	110205
151	"09:35:45"	2647.0	0	3	20	0.559	417.8	36.29	0.04039	991	85.21	-506.02	75.66	30.25	0.099293	0.0026137	0	0	0	991	71.6	32.43	418.22	36.311	32.34	0	101.4	5060.2	110205
152	"09:35:47"	2649.0	0	3	20	0.522	417.9	36.30	0.0377	991	85.23	-506.03	75.67	30.25	0.091977	0.0040243	0	0	0	991	71.6	32.43	418.40	36.321	32.34	0	101.4	5060.3	110205
153	"09:35:49"	2651.0	0	3	20	0.526	418.1	36.31	0.038	991	85.26	-506.03	75.69	30.25	0.09243	0.004714	0	0	0	991	71.6	32.43	418.59	36.333	32.34	0	101.4	5060.3	110205
154	"09:35:51"	2653.0	0	3	20	0.479	418.3	36.31	0.03458	991	85.13	-506.02	75.65	30.27	0.083782	0.0050517	0	0	0	991	71.6	32.44	418.63	36.319	32.34	0	101.4	5060.2	110205
155	"09:35:53"	2655.0	0	3	20	0.401	418.5	36.32	0.02899	991	85.20	-506.02	75.68	30.26	0.07046	0.0037501	0	0	0	991	71.6	32.44	418.91	36.331	32.34	0	101.4	5060.2	110205
156	"09:35:55"	2657.0	0	3	20	0.41	418.6	36.33	0.02959	991	85.26	-506.02	75.68	30.25	0.072666	0.0020953	0	0	0	991	71.6	32.44	419.18	36.337	32.34	0	101.4	5060.2	110205
157	"09:35:57"	2659.0	0	3	20	0.384	418.8	36.33	0.02775	991	85.22	-506.03	75.72	30.27	0.068253	0.001714	0	0	0	991	71.6	32.44	419.17	36.358	32.35	0	101.4	5060.3	110205
158	"09:35:59"	2661.0	0	3	20	0.422	418.9	36.34	0.03046	991	85.27	-506.03	75.73	30.26	0.074387	0.0031032	0	0	0	991	71.6	32.44	419.33	36.362	32.35	0	101.4	5060.3	110205
159	"09:36:01"	2663.0	0	3	20	0.558	419.1	36.34	0.04031	991	85.29	-506.04	75.75	30.26	0.098866	0.0031424	0	0	0	991	71.6	32.44	419.55	36.376	32.35	0	101.4	5060.4	110205
160	"09:36:03"	2665.0	0	3	20	0.501	419.3	36.35	0.03619	991	85.10	-506.03	75.69	30.29	0.08859	0.0032427	0	0	0	991	71.6	32.44	419.76	36.350	32.35	0	101.4	5060.3	110205
161	"09:36:05"	2667.0	0	3	20	0.505	419.5	36.36	0.03645	991	85.12	-506.01	75.72	30.29	0.089711	0.0021455	0	0	0	991	71.6	32.44	419.96	36.364	32.35	0	101.4	5060.1	110205
162	"09:36:07"	2669.0	0	3	20	0.493	419.6	36.36	0.03565	991	85.21	-506.03	75.72	30.27	0.087938	0.0016251	0	0	0	991	71.6	32.44	420.05	36.370	32.35	0	101.4	5060.3	110205
163	"09:36:09"	2671.0	0	3	20	0.382	419.8	36.36	0.02761	991	85.25	-506.02	75.73	30.27	0.067682	0.0022446	0	0	0	991	71.6	32.45	420.23	36.371	32.35	0	101.4	5060.2	110205
164	"09:36:11"	2673.0	0	3	20	0.458	420.0	36.37	0.03312	991	85.33	-506.02	75.73	30.25	0.081351	0.0023129	0	0	0	991	71.6	32.45	420.42	36.375	32.35	0	101.4	5060.2	110205
165	"09:36:13"	2675.0	0	3	20	0.376	420.1	36.37	0.02717	991	85.38	-506.03	75.78	30.25	0.066673	0.0020451	0	0	0	991	71.6	32.45	420.47	36.401	32.35	0	101.4	5060.3	110205
166	"09:36:15"	2677.0	0	3	20	0.438	420.3	36.38	0.03167	991	85.36	-506.03	75.79	30.26	0.077413	0.0030633	0	0	0	991	71.6	32.45	420.71	36.411	32.35	0	101.4	5060.3	110205
167	"09:36:17"	2679.0	0	3	20	0.454	420.4	36.39	0.03278	991	85.31	-506.03	75.77	30.27	0.080192	0.0030344	0	0	0	991	71.6	32.45	420.91	36.402	32.35	0	101.4	5060.3	110205
168	"09:36:19"	2681.0	0	3	20	0.573	420.7	36.39	0.0414	991	85.25	-506.03	75.81	30.29	0.10134	0.0036762	0	0	0	991	71.6	32.45	421.18	36.418	32.35	0	101.4	5060.3	110205
169	"09:36:21"	2683.0	0	3	20	0.572	420.8	36.40	0.04133	991	85.23	-506.02	75.81	30.30	0.10082	0.0044913	0	0	0	991	71.6	32.45	421.15	36.423	32.35	0	101.4	5060.2	110205
170	"09:36:23"	2685.0	0	3	20	0.422	421.0	36.41	0.03048	991	85.30	-506.02	75.78	30.28	0.074221	0.0035957	0	0	0	991	71.6	32.45	421.29	36.411	32.36	0	101.4	5060.2	110205
171	"09:36:25"	2687.0	0	3	20	0.41	421.1	36.41	0.02963	991	85.37	-506.03	75.80	30.26	0.072253	0.0032328	0	0	0	991	71.6	32.45	421.59	36.419	32.36	0	101.4	5060.3	110205
172	"09:36:27"	2689.0	0	3	20	0.389	421.3	36.42	0.02811	991	85.41	-506.02	75.81	30.26	0.069022	0.0020194	0	0	0	991	71.6	32.45	421.84	36.425	32.36	0	101.4	5060.2	110205
173	"09:36:29"	2691.0	0	3	20	0.517	421.4	36.43	0.03732	991	85.41	-506.01	75.84	30.27	0.091838	0.0021875	0	0	0	991	71.6	32.45	421.72	36.442	32.36	0	101.4	5060.1	110205
174	"09:36:31"	2693.0	0	3	20	0.535	421.6	36.43	0.03863	991	85.41	-506.01	75.83	30.27	0.095142	0.0020716	0	0	0	991	71.6	32.45	422.15	36.440	32.36	0	101.4	5060.1	110205
175	"09:36:33"	2695.0	0	3	20	0.442	421.8	36.43	0.0319	991	85.51	-506.04	75.83	30.25	0.078315	0.0022928	0	0	0	991	71.6	32.45	422.17	36.441	32.36	0	101.4	5060.4	110205
176	"09:36:35"	2697.0	0	3	20	0.368	421.9	36.44	0.0266	991	85.59	-506.02	75.86	30.24	0.065071	0.0024401	0	0	0	991	71.6	32.45	422.55	36.459	32.36	0	101.4	5060.2	110205
177	"09:36:37"	2699.0	0	3	20	0.446	422.1	36.44	0.03226	991	85.47	-506.04	75.85	30.26	0.079132	0.0024658	0	0	0	991	71.6	32.45	422.52	36.455	32.36	0	101.4	5060.4	110205
178	"09:36:39"	2701.0	0	3	20	0.465	422.2	36.45	0.03359	991	85.40	-506.02	75.88	30.28	0.082375	0.0026202	0	0	0	991	71.6	32.45	422.69	36.469	32.36	0	101.4	5060.2	110205
179	"09:36:41"	2703.0	0	3	20	0.471	422.4	36.45	0.03406	991	85.42	-506.02	75.87	30.28	0.083366	0.003004	0	0	0	991	71.6	32.46	422.88	36.464	32.36	0	101.4	5060.2	110205
180	"09:36:42"	2704.0	0	4	134	0.466	420.0	36.45	0.03369	991	85.45	-506.02	75.86	30.27	0.088761	0.0029367	-0.00027367	0.14863	0	991	71.6	32.45	422.95	36.462	32.36	0	101.4	5060.2	110205
