"OPEN 5.3.2"
"Sat Jun  1 2019 15:07:06"
"Unit="	"PSC-895"
"ComputeList="	"/User/Configs/Comps/Soil Efflux Eqns.LPL"
"BLCTable="	"/Sys/Lib/StdBLCTable"
"LightSource="	"Sun+Sky"	1	0.19
"LogFormat="	"/User/Configs/LogFormats/Soil Efflux Log Fmt"
"LogCodes="	-35	-21	-36	-104	310	311	320	302	303	306	304	321	322	323	324	300	301	330	331	305	307	308	-8	-2	-5	-9	-13	-11	-61	-23
"PromptList="	"/User/Configs/Prompts/Soil Efflux Prompts"
"Stability= (CO2S 15s SLP<1)(H2OS 15s SLP<1)(Flow 15s SLP<1)"
"15:07:07 "
$STARTOFDATA$
"Obs"	"HHMMSS"	"FTime"	"Plot#"	"Mode"	"Smpls"	"EFFLUX"	"C2avg"	"Wavg"	"dc'/dt"	"Vtot"	"RHcmbr%"	"Tsoil_C"	"RHirga%"	"Tsch_C"	"dC/dt"	"dW/dt"	"R(C)m"	"R(C)b"	"InsDpth"	"Vbase"	"Area"	"TBlk"	"CO2S"	"H2OS"	"Tair"	"PARo"	"Press"	"uc_21_mV"	"Status"
1	"15:21:10"	855.5	0	3	8	0.166	642.4	27.43	0.01201	991	77.41	-506.06	62.50	26.99	0.024182	0.0083176	0	0	0	991	71.6	31.23	642.42	27.445	30.69	0	100.9	5060.6	110205
2	"15:21:12"	857.5	0	3	12	0.318	642.4	27.43	0.023	991	77.49	-506.06	62.48	26.97	0.053057	0.0057109	0	0	0	991	71.6	31.23	642.90	27.435	30.69	0	100.9	5060.6	110205
3	"15:21:14"	859.5	0	3	16	0.383	642.5	27.43	0.02767	991	77.43	-506.05	62.52	26.99	0.065816	0.0038958	0	0	0	991	71.6	31.23	642.91	27.451	30.68	0	100.9	5060.5	110205
4	"15:21:16"	861.5	0	3	20	0.594	642.6	27.44	0.04291	991	77.48	-506.06	62.57	27.00	0.10234	0.005639	0	0	0	991	71.6	31.23	643.23	27.480	30.69	0	100.9	5060.6	110205
5	"15:21:18"	863.5	0	3	20	0.697	642.8	27.45	0.05033	991	77.40	-506.06	62.59	27.02	0.12086	0.0053533	0	0	0	991	71.6	31.23	643.50	27.489	30.69	0	100.9	5060.6	110205
6	"15:21:20"	865.5	0	3	20	0.656	643.0	27.46	0.04743	991	77.30	-506.06	62.55	27.03	0.11364	0.0054438	0	0	0	991	71.6	31.23	643.34	27.473	30.69	0	100.9	5060.6	110205
7	"15:21:22"	867.5	0	3	20	0.557	643.3	27.47	0.04027	991	77.33	-506.05	62.58	27.04	0.096295	0.0048963	0	0	0	991	71.6	31.23	643.89	27.489	30.69	0	100.9	5060.5	110205
8	"15:21:24"	869.5	0	3	20	0.521	643.5	27.48	0.03766	991	77.24	-506.05	62.58	27.06	0.091627	0.0022305	0	0	0	991	71.6	31.23	644.02	27.488	30.69	0	100.9	5060.5	110205
9	"15:21:26"	871.5	0	3	20	0.533	643.7	27.49	0.03848	991	77.30	-506.06	62.62	27.06	0.092951	0.0033054	0	0	0	991	71.6	31.23	644.30	27.513	30.69	0	100.9	5060.6	110205
10	"15:21:28"	873.5	0	3	20	0.565	643.8	27.49	0.04085	991	77.53	-506.06	62.62	27.01	0.098466	0.0037709	0	0	0	991	71.6	31.23	644.70	27.513	30.70	0	100.9	5060.6	110205
11	"15:21:30"	875.5	0	3	20	0.597	644.1	27.50	0.04312	991	77.65	-506.06	62.65	26.99	0.10292	0.0055326	0	0	0	991	71.6	31.23	644.76	27.528	30.70	0	100.9	5060.6	110205
12	"15:21:32"	877.5	0	3	20	0.614	644.3	27.51	0.04438	991	77.70	-506.05	62.67	26.98	0.10578	0.0058969	0	0	0	991	71.6	31.23	645.01	27.534	30.70	0	100.9	5060.5	110205
13	"15:21:34"	879.5	0	3	20	0.63	644.5	27.52	0.04553	991	77.70	-506.06	62.72	27.00	0.10931	0.0048535	0	0	0	991	71.6	31.23	645.09	27.558	30.70	0	100.9	5060.6	110205
14	"15:21:36"	881.5	0	3	20	0.574	644.7	27.53	0.04145	991	77.36	-506.05	62.69	27.07	0.098805	0.0055156	0	0	0	991	71.6	31.23	645.12	27.546	30.70	0	100.9	5060.5	110205
15	"15:21:38"	883.5	0	3	20	0.539	644.9	27.54	0.03893	991	77.48	-506.05	62.72	27.05	0.093461	0.0041724	0	0	0	991	71.6	31.23	645.52	27.561	30.70	0	100.9	5060.5	110205
16	"15:21:40"	885.5	0	3	20	0.544	645.1	27.55	0.03931	991	77.46	-506.06	62.72	27.06	0.094682	0.0037721	0	0	0	991	71.6	31.23	645.33	27.566	30.70	0	100.9	5060.6	110205
17	"15:21:42"	887.5	0	3	20	0.631	645.3	27.56	0.04556	991	77.52	-506.04	62.77	27.05	0.10982	0.0042172	0	0	0	991	71.6	31.23	645.80	27.583	30.70	0	100.9	5060.4	110205
18	"15:21:44"	889.5	0	3	20	0.521	645.5	27.57	0.03765	991	77.58	-506.04	62.79	27.05	0.090342	0.0041085	0	0	0	991	71.6	31.23	646.15	27.592	30.70	0	100.9	5060.4	110205
19	"15:21:46"	891.5	0	3	20	0.626	645.7	27.57	0.04526	991	77.70	-506.05	62.81	27.03	0.10899	0.0043601	0	0	0	991	71.6	31.23	646.01	27.605	30.70	0	100.9	5060.5	110205
20	"15:21:48"	893.5	0	3	20	0.629	645.9	27.58	0.04543	991	77.82	-506.06	62.83	27.01	0.10929	0.0045262	0	0	0	991	71.6	31.23	646.67	27.615	30.70	0	100.9	5060.6	110205
21	"15:21:50"	895.5	0	3	20	0.767	646.2	27.59	0.05539	991	77.64	-506.06	62.81	27.05	0.13435	0.0038819	0	0	0	991	71.6	31.23	646.83	27.610	30.70	0	100.9	5060.6	110205
22	"15:21:52"	897.5	0	3	20	0.769	646.4	27.60	0.05554	991	77.78	-506.05	62.90	27.04	0.13378	0.0052689	0	0	0	991	71.6	31.23	647.09	27.648	30.70	0	100.9	5060.5	110205
23	"15:21:54"	899.5	0	3	20	0.659	646.7	27.61	0.04763	991	77.73	-506.06	62.88	27.05	0.11377	0.0059623	0	0	0	991	71.6	31.23	647.49	27.641	30.70	0	100.9	5060.6	110205
24	"15:21:56"	901.5	0	3	20	0.827	646.9	27.62	0.05973	991	77.50	-506.06	62.91	27.11	0.14493	0.004123	0	0	0	991	71.6	31.23	647.65	27.656	30.71	0	100.9	5060.6	110205
25	"15:21:58"	903.5	0	3	20	0.734	647.2	27.63	0.053	991	77.58	-506.06	62.88	27.08	0.12861	0.0036406	0	0	0	991	71.6	31.23	647.44	27.642	30.71	0	100.9	5060.6	110205
26	"15:22:00"	905.5	0	3	20	0.596	647.4	27.64	0.04308	991	77.65	-506.06	62.92	27.07	0.10486	0.0024514	0	0	0	991	71.6	31.23	647.72	27.661	30.71	0	100.9	5060.6	110205
27	"15:22:02"	907.5	0	3	20	0.437	647.6	27.65	0.03155	991	77.81	-506.05	62.92	27.04	0.075568	0.0036223	0	0	0	991	71.6	31.23	648.05	27.661	30.71	0	100.9	5060.5	110205
28	"15:22:04"	909.5	0	3	20	0.362	647.8	27.65	0.02613	991	77.70	-506.06	62.92	27.06	0.062031	0.0038318	0	0	0	991	71.6	31.23	648.30	27.663	30.71	0	100.9	5060.6	110205
29	"15:22:06"	911.5	0	3	20	0.452	647.9	27.66	0.03269	991	77.62	-506.05	62.94	27.09	0.078857	0.0029435	0	0	0	991	71.6	31.23	648.57	27.670	30.71	0	100.9	5060.5	110205
30	"15:22:08"	913.5	0	3	20	0.679	648.1	27.67	0.04905	991	77.68	-506.05	62.97	27.08	0.11868	0.0038884	0	0	0	991	71.6	31.22	648.37	27.685	30.71	0	100.9	5060.5	110205
31	"15:22:10"	915.5	0	3	20	0.566	648.3	27.68	0.04086	991	77.58	-506.06	63.00	27.11	0.098759	0.0034004	0	0	0	991	71.6	31.22	648.79	27.696	30.71	0	100.9	5060.6	110205
32	"15:22:12"	917.5	0	3	20	0.645	648.5	27.68	0.04658	991	77.73	-506.06	63.03	27.09	0.1121	0.0045738	0	0	0	991	71.6	31.23	649.30	27.707	30.71	0	100.9	5060.6	110205
33	"15:22:14"	919.5	0	3	20	0.777	648.8	27.69	0.05616	991	77.65	-506.05	63.05	27.11	0.13561	0.0048581	0	0	0	991	71.6	31.23	649.50	27.717	30.71	0	100.9	5060.5	110205
34	"15:22:16"	921.5	0	3	20	0.675	649.0	27.70	0.04878	991	77.52	-506.05	63.02	27.13	0.11782	0.0041736	0	0	0	991	71.6	31.23	649.51	27.705	30.71	0	100.9	5060.5	110205
35	"15:22:18"	923.5	0	3	20	0.648	649.2	27.71	0.04684	991	77.57	-506.06	63.07	27.13	0.11362	0.0032892	0	0	0	991	71.6	31.23	649.85	27.729	30.71	0	100.9	5060.6	110205
36	"15:22:20"	925.5	0	3	20	0.439	649.4	27.71	0.0317	991	77.36	-506.05	63.09	27.19	0.07656	0.0027448	0	0	0	991	71.6	31.23	649.91	27.738	30.71	0	100.9	5060.5	110205
37	"15:22:22"	927.5	0	3	20	0.499	649.6	27.72	0.03609	991	77.63	-506.05	63.10	27.13	0.087426	0.0026922	0	0	0	991	71.6	31.23	650.13	27.738	30.71	0	100.9	5060.5	110205
38	"15:22:24"	929.5	0	3	20	0.669	649.8	27.73	0.04836	991	77.70	-506.06	63.12	27.12	0.11744	0.0031871	0	0	0	991	71.6	31.23	650.45	27.749	30.71	0	100.9	5060.6	110205
39	"15:22:26"	931.5	0	3	20	0.619	650.0	27.73	0.04475	991	77.62	-506.04	63.13	27.14	0.108	0.0039815	0	0	0	991	71.6	31.23	650.26	27.756	30.71	0	100.9	5060.4	110205
40	"15:22:28"	933.5	0	3	20	0.515	650.2	27.74	0.03722	991	77.71	-506.05	63.14	27.12	0.089731	0.0034287	0	0	0	991	71.6	31.23	650.96	27.764	30.71	0	100.9	5060.5	110205
41	"15:22:30"	935.5	0	3	20	0.558	650.5	27.75	0.0403	991	77.62	-506.06	63.13	27.14	0.097156	0.003713	0	0	0	991	71.6	31.23	651.01	27.757	30.71	0	100.9	5060.6	110205
42	"15:22:32"	937.5	0	3	20	0.581	650.6	27.76	0.04197	991	77.78	-506.05	63.21	27.13	0.10123	0.0037966	0	0	0	991	71.6	31.23	651.42	27.789	30.71	0	100.9	5060.5	110205
43	"15:22:34"	939.5	0	3	20	0.727	650.9	27.76	0.05251	991	77.79	-506.05	63.20	27.12	0.12728	0.0038155	0	0	0	991	71.6	31.23	651.28	27.787	30.71	0	100.9	5060.5	110205
44	"15:22:36"	941.5	0	3	20	0.685	651.1	27.77	0.04949	991	77.72	-506.04	63.20	27.14	0.11977	0.0038975	0	0	0	991	71.6	31.23	651.70	27.787	30.71	0	100.9	5060.4	110205
45	"15:22:38"	943.5	0	3	20	0.528	651.3	27.78	0.03817	991	77.82	-506.06	63.20	27.12	0.092386	0.0029808	0	0	0	991	71.6	31.23	651.76	27.788	30.71	0	100.9	5060.6	110205
46	"15:22:40"	945.5	0	3	20	0.597	651.5	27.78	0.04316	991	77.76	-506.06	63.22	27.13	0.10501	0.0025454	0	0	0	991	71.6	31.23	652.02	27.795	30.71	0	100.9	5060.6	110205
47	"15:22:42"	947.5	0	3	20	0.681	651.8	27.79	0.0492	991	77.52	-506.05	63.25	27.19	0.1195	0.0032391	0	0	0	991	71.6	31.23	652.30	27.806	30.71	0	100.9	5060.5	110205
48	"15:22:44"	949.5	0	3	20	0.773	652.0	27.80	0.05588	991	77.79	-506.06	63.28	27.14	0.13573	0.0036408	0	0	0	991	71.6	31.23	652.65	27.818	30.71	0	100.9	5060.6	110205
49	"15:22:46"	951.5	0	3	20	0.635	652.2	27.80	0.04587	991	77.93	-506.05	63.28	27.11	0.11028	0.0046576	0	0	0	991	71.6	31.23	652.81	27.817	30.71	0	100.9	5060.5	110205
50	"15:22:48"	953.5	0	3	20	0.734	652.5	27.81	0.05301	991	78.02	-506.05	63.31	27.10	0.12827	0.0041654	0	0	0	991	71.6	31.23	653.19	27.829	30.71	0	100.9	5060.5	110205
51	"15:22:50"	955.5	0	4	200	0.635	650.0	27.82	0.0459	991	77.89	-506.05	63.33	27.13	0.1287	0.002973	0.00087309	-0.52161	0	991	71.6	31.23	653.59	27.842	30.71	0	100.9	5060.5	110205
52	"15:27:17"	1222.5	0	3	8	0.529	642.3	28.15	0.03823	991	78.64	-506.06	64.24	27.16	0.094012	0.0007727	0	0	0	991	71.6	31.23	642.64	28.160	30.66	0	100.9	5060.6	110205
53	"15:27:19"	1224.5	0	3	12	0.712	642.5	28.15	0.05146	991	78.87	-506.05	64.28	27.12	0.1256	0.0024584	0	0	0	991	71.6	31.23	642.85	28.175	30.66	0	100.9	5060.5	110205
54	"15:27:21"	1226.5	0	3	16	0.74	642.6	28.15	0.05346	991	78.89	-506.06	64.23	27.11	0.13116	0.0015286	0	0	0	991	71.6	31.23	643.21	28.154	30.66	0	100.9	5060.6	110205
55	"15:27:23"	1228.5	0	3	20	0.836	642.8	28.16	0.06043	991	78.82	-506.05	64.29	27.14	0.14791	0.0022663	0	0	0	991	71.6	31.23	643.55	28.177	30.66	0	100.9	5060.5	110205
56	"15:27:25"	1230.5	0	3	20	0.914	643.0	28.16	0.06603	991	78.79	-506.06	64.28	27.14	0.16148	0.0026872	0	0	0	991	71.6	31.23	643.45	28.171	30.65	0	100.9	5060.6	110205
57	"15:27:27"	1232.5	0	3	20	0.755	643.3	28.17	0.05457	991	78.84	-506.06	64.29	27.13	0.13311	0.0027157	0	0	0	991	71.6	31.23	643.99	28.177	30.65	0	100.9	5060.6	110205
58	"15:27:29"	1234.5	0	3	20	0.683	643.6	28.17	0.04934	991	78.84	-506.05	64.32	27.14	0.11988	0.0031974	0	0	0	991	71.6	31.23	644.00	28.188	30.65	0	100.9	5060.5	110205
59	"15:27:31"	1236.5	0	3	20	0.521	643.8	28.18	0.03762	991	78.83	-506.06	64.31	27.14	0.091725	0.0019633	0	0	0	991	71.6	31.23	644.31	28.184	30.65	0	100.9	5060.6	110205
60	"15:27:33"	1238.5	0	3	20	0.443	643.9	28.18	0.03202	991	78.85	-506.06	64.32	27.14	0.078508	0.00099353	0	0	0	991	71.6	31.23	644.44	28.188	30.65	0	100.9	5060.6	110205
61	"15:27:35"	1240.5	0	3	20	0.553	644.1	28.18	0.03993	991	78.77	-506.05	64.32	27.15	0.098978	-0.0003693	0	0	0	991	71.6	31.23	644.86	28.186	30.65	0	100.9	5060.5	110205
62	"15:27:37"	1242.5	0	3	20	0.526	644.3	28.18	0.03798	991	78.84	-506.05	64.31	27.13	0.094186	-0.00042165	0	0	0	991	71.6	31.23	644.75	28.177	30.65	0	100.9	5060.5	110205
63	"15:27:39"	1244.5	0	3	20	0.621	644.5	28.18	0.04489	991	78.89	-506.04	64.34	27.13	0.11069	0.00043419	0	0	0	991	71.6	31.23	645.25	28.193	30.65	0	100.9	5060.4	110205
64	"15:27:41"	1246.5	0	3	20	0.568	644.7	28.18	0.04106	991	79.04	-506.04	64.36	27.10	0.10096	0.00080464	0	0	0	991	71.6	31.23	645.29	28.197	30.65	0	100.9	5060.4	110205
65	"15:27:43"	1248.5	0	3	20	0.634	645.0	28.19	0.04579	991	79.10	-506.06	64.37	27.09	0.11173	0.0022134	0	0	0	991	71.6	31.23	645.79	28.205	30.65	0	100.9	5060.6	110205
66	"15:27:45"	1250.5	0	3	20	0.792	645.3	28.19	0.05725	991	79.05	-506.06	64.39	27.11	0.13921	0.0034917	0	0	0	991	71.6	31.23	645.94	28.209	30.65	0	100.9	5060.6	110205
67	"15:27:47"	1252.5	0	3	20	0.781	645.5	28.20	0.05644	991	79.11	-506.05	64.43	27.10	0.1372	0.0034959	0	0	0	991	71.6	31.23	645.84	28.225	30.65	0	100.9	5060.5	110205
68	"15:27:49"	1254.5	0	3	20	0.591	645.7	28.21	0.0427	991	79.04	-506.06	64.40	27.11	0.10351	0.0030857	0	0	0	991	71.6	31.23	646.10	28.217	30.65	0	100.9	5060.6	110205
69	"15:27:51"	1256.5	0	3	20	0.478	645.9	28.21	0.03456	991	79.05	-506.06	64.42	27.11	0.084113	0.0020026	0	0	0	991	71.6	31.23	646.61	28.223	30.65	0	100.9	5060.6	110205
70	"15:27:53"	1258.5	0	3	20	0.45	646.1	28.22	0.03252	991	79.16	-506.05	64.42	27.09	0.079489	0.001374	0	0	0	991	71.6	31.23	646.66	28.223	30.65	0	100.9	5060.5	110205
71	"15:27:55"	1260.5	0	3	20	0.557	646.3	28.22	0.04023	991	79.16	-506.05	64.43	27.09	0.09864	0.0012088	0	0	0	991	71.6	31.23	646.81	28.225	30.65	0	100.9	5060.5	110205
72	"15:27:57"	1262.5	0	3	20	0.739	646.5	28.22	0.05339	991	79.05	-506.05	64.44	27.12	0.13115	0.0012778	0	0	0	991	71.6	31.23	647.14	28.230	30.65	0	100.9	5060.5	110205
73	"15:27:59"	1264.5	0	3	20	0.721	646.8	28.23	0.05208	991	79.06	-506.06	64.43	27.11	0.12731	0.0021529	0	0	0	991	71.6	31.23	647.48	28.227	30.65	0	100.9	5060.6	110205
74	"15:28:01"	1266.5	0	3	20	0.663	647.0	28.23	0.04787	991	79.11	-506.05	64.45	27.11	0.1171	0.0018714	0	0	0	991	71.6	31.23	647.67	28.234	30.65	0	100.9	5060.5	110205
75	"15:28:03"	1268.5	0	3	20	0.686	647.2	28.23	0.04956	991	79.08	-506.06	64.50	27.13	0.12096	0.002364	0	0	0	991	71.6	31.23	647.82	28.255	30.65	0	100.9	5060.6	110205
76	"15:28:05"	1270.5	0	3	20	0.593	647.5	28.24	0.04287	991	79.22	-506.05	64.49	27.09	0.1042	0.0026726	0	0	0	991	71.6	31.23	647.99	28.250	30.64	0	100.9	5060.5	110205
77	"15:28:07"	1272.5	0	3	20	0.534	647.7	28.24	0.03856	991	79.21	-506.05	64.50	27.10	0.094173	0.0017262	0	0	0	991	71.6	31.23	648.27	28.254	30.64	0	100.9	5060.5	110205
78	"15:28:09"	1274.5	0	3	20	0.767	647.9	28.24	0.05544	991	79.18	-506.05	64.53	27.11	0.13563	0.0021318	0	0	0	991	71.6	31.23	648.70	28.263	30.64	0	100.9	5060.5	110205
79	"15:28:11"	1276.5	0	3	20	0.692	648.2	28.25	0.05002	991	79.16	-506.06	64.52	27.11	0.12266	0.0015133	0	0	0	991	71.6	31.23	648.76	28.261	30.65	0	100.9	5060.6	110205
80	"15:28:13"	1278.5	0	3	20	0.8	648.4	28.26	0.05783	991	79.22	-506.06	64.51	27.10	0.14149	0.0021872	0	0	0	991	71.6	31.23	649.10	28.253	30.64	0	100.9	5060.6	110205
81	"15:28:15"	1280.5	0	3	20	0.769	648.7	28.26	0.05553	991	79.33	-506.06	64.55	27.08	0.1352	0.0030869	0	0	0	991	71.6	31.23	649.30	28.274	30.64	0	100.9	5060.6	110205
82	"15:28:17"	1282.5	0	3	20	0.649	649.0	28.26	0.04689	991	79.32	-506.05	64.55	27.08	0.11436	0.0023024	0	0	0	991	71.6	31.23	649.48	28.269	30.64	0	100.9	5060.5	110205
83	"15:28:19"	1284.5	0	3	20	0.739	649.2	28.27	0.05338	991	79.30	-506.06	64.57	27.10	0.13078	0.0017654	0	0	0	991	71.6	31.23	649.68	28.279	30.64	0	100.9	5060.6	110205
84	"15:28:21"	1286.5	0	3	20	0.617	649.4	28.27	0.04459	991	79.45	-506.05	64.61	27.07	0.10896	0.001895	0	0	0	991	71.6	31.23	649.83	28.293	30.64	0	100.9	5060.5	110205
85	"15:28:23"	1288.5	0	3	20	0.596	649.6	28.28	0.04305	991	79.47	-506.06	64.57	27.06	0.10484	0.0023287	0	0	0	991	71.6	31.23	650.20	28.278	30.64	0	100.9	5060.6	110205
86	"15:28:25"	1290.5	0	3	20	0.56	649.8	28.28	0.04049	991	79.33	-506.06	64.61	27.09	0.099131	0.0014452	0	0	0	991	71.6	31.23	650.24	28.291	30.64	0	100.9	5060.6	110205
87	"15:28:27"	1292.5	0	3	20	0.622	650.1	28.28	0.04495	991	79.26	-506.05	64.60	27.11	0.11009	0.0015378	0	0	0	991	71.6	31.23	650.70	28.285	30.64	0	100.9	5060.5	110205
88	"15:28:29"	1294.5	0	3	20	0.648	650.3	28.29	0.04679	991	79.28	-506.06	64.60	27.10	0.11524	0.00065886	0	0	0	991	71.6	31.23	650.92	28.288	30.64	0	100.9	5060.6	110205
89	"15:28:31"	1296.5	0	3	20	0.728	650.5	28.29	0.05261	991	79.27	-506.06	64.58	27.10	0.12941	0.0009855	0	0	0	991	71.6	31.23	651.20	28.277	30.64	0	100.9	5060.6	110205
90	"15:28:33"	1298.5	0	3	20	0.735	650.8	28.29	0.05314	991	79.30	-506.06	64.63	27.11	0.13101	0.00053226	0	0	0	991	71.6	31.23	651.31	28.296	30.64	0	100.9	5060.6	110205
91	"15:28:35"	1300.5	0	3	20	0.728	651.0	28.29	0.05262	991	79.34	-506.05	64.66	27.10	0.12952	0.00083128	0	0	0	991	71.6	31.23	651.77	28.309	30.64	0	100.9	5060.5	110205
92	"15:28:37"	1302.5	0	3	20	0.723	651.3	28.30	0.05223	991	79.35	-506.05	64.67	27.11	0.12723	0.0028266	0	0	0	991	71.6	31.23	651.83	28.314	30.64	0	100.9	5060.5	110205
93	"15:28:39"	1304.5	0	3	20	0.632	651.5	28.30	0.04563	991	79.39	-506.05	64.68	27.10	0.11092	0.0027991	0	0	0	991	71.6	31.23	651.92	28.314	30.64	0	100.9	5060.5	110205
94	"15:28:41"	1306.5	0	3	20	0.649	651.7	28.30	0.04691	991	79.45	-506.05	64.66	27.08	0.11411	0.002735	0	0	0	991	71.6	31.23	652.13	28.308	30.64	0	100.9	5060.5	110205
95	"15:28:43"	1308.5	0	3	20	0.623	651.9	28.31	0.04502	991	79.48	-506.06	64.73	27.09	0.11028	0.0014997	0	0	0	991	71.6	31.23	652.64	28.335	30.63	0	100.9	5060.6	110205
96	"15:28:45"	1310.5	0	3	20	0.724	652.2	28.31	0.05235	991	79.42	-506.05	64.68	27.09	0.12874	0.00096819	0	0	0	991	71.6	31.23	652.93	28.316	30.63	0	100.9	5060.5	110205
97	"15:28:47"	1312.5	0	3	20	0.612	652.4	28.31	0.04423	991	79.39	-506.06	64.67	27.09	0.10854	0.0011949	0	0	0	991	71.6	31.23	652.99	28.309	30.63	0	100.9	5060.6	110205
98	"15:28:49"	1314.5	0	3	20	0.647	652.6	28.32	0.04676	991	79.44	-506.05	64.71	27.09	0.11472	0.0013021	0	0	0	991	71.6	31.23	652.99	28.324	30.63	0	100.9	5060.5	110205
99	"15:28:51"	1316.5	0	3	20	0.537	652.8	28.32	0.03879	991	79.52	-506.05	64.72	27.08	0.094523	0.002037	0	0	0	991	71.6	31.23	653.38	28.330	30.63	0	100.9	5060.5	110205
100	"15:28:53"	1318.5	0	3	20	0.482	653.0	28.33	0.0348	991	79.58	-506.06	64.74	27.07	0.084264	0.0026138	0	0	0	991	71.6	31.23	653.96	28.338	30.63	0	100.9	5060.6	110205
101	"15:28:55"	1320.5	0	3	20	0.674	653.2	28.33	0.04872	991	79.45	-506.06	64.69	27.09	0.1192	0.0018557	0	0	0	991	71.6	31.23	654.00	28.318	30.63	0	100.9	5060.6	110205
102	"15:28:57"	1322.5	0	4	200	0.647	650.0	28.33	0.04677	991	79.58	-506.06	64.76	27.07	0.13572	0.0011407	-0.00016446	0.15366	0	991	71.6	31.23	654.13	28.345	30.63	0	100.9	5060.6	110205
103	"15:34:15"	1640.5	0	3	8	0.653	642.1	28.45	0.04716	991	80.72	-506.04	65.23	26.89	0.11556	0.0014576	0	0	0	991	71.6	31.23	642.33	28.448	30.57	0	100.9	5060.4	110205
104	"15:34:17"	1642.5	0	3	12	0.554	642.2	28.45	0.04002	991	80.69	-506.05	65.24	26.90	0.098222	0.0009766	0	0	0	991	71.6	31.23	642.65	28.453	30.57	0	100.9	5060.5	110205
105	"15:34:19"	1644.5	0	3	16	0.589	642.3	28.45	0.04256	991	80.66	-506.06	65.24	26.91	0.10449	0.0010071	0	0	0	991	71.6	31.23	643.07	28.454	30.57	0	100.9	5060.6	110205
106	"15:34:21"	1646.5	0	3	20	0.741	642.5	28.45	0.05357	991	80.69	-506.05	65.25	26.90	0.13196	0.00057899	0	0	0	991	71.6	31.23	643.20	28.455	30.57	0	100.9	5060.5	110205
107	"15:34:23"	1648.5	0	3	20	0.785	642.8	28.45	0.0567	991	80.79	-506.07	65.27	26.89	0.14011	-5.3343E-05	0	0	0	991	71.6	31.23	643.29	28.467	30.57	0	100.9	5060.7	110205
108	"15:34:25"	1650.5	0	3	20	0.692	643.0	28.46	0.04998	991	80.78	-506.06	65.25	26.89	0.12323	0.0003862	0	0	0	991	71.6	31.23	643.48	28.457	30.57	0	100.9	5060.6	110205
109	"15:34:27"	1652.5	0	3	20	0.635	643.2	28.46	0.04591	991	80.88	-506.06	65.29	26.88	0.11231	0.0016733	0	0	0	991	71.6	31.23	643.70	28.474	30.57	0	100.9	5060.6	110205
110	"15:34:29"	1654.5	0	3	20	0.578	643.5	28.46	0.0418	991	80.78	-506.05	65.26	26.89	0.10196	0.0019482	0	0	0	991	71.6	31.23	644.12	28.457	30.56	0	100.9	5060.5	110205
111	"15:34:31"	1656.5	0	3	20	0.658	643.7	28.46	0.04751	991	80.87	-506.05	65.33	26.88	0.11607	0.0019697	0	0	0	991	71.6	31.23	644.46	28.487	30.57	0	100.9	5060.5	110205
112	"15:34:33"	1658.5	0	3	20	0.77	643.9	28.47	0.05563	991	80.90	-506.06	65.33	26.88	0.13674	0.0010304	0	0	0	991	71.6	31.23	644.63	28.491	30.57	0	100.9	5060.6	110205
113	"15:34:35"	1660.5	0	3	20	0.699	644.2	28.47	0.05053	991	80.94	-506.06	65.32	26.87	0.12359	0.0018664	0	0	0	991	71.6	31.23	644.77	28.483	30.57	0	100.9	5060.6	110205
114	"15:34:37"	1662.5	0	3	20	0.661	644.4	28.48	0.04774	991	80.96	-506.05	65.32	26.86	0.11607	0.0028136	0	0	0	991	71.6	31.23	644.93	28.484	30.57	0	100.9	5060.5	110205
115	"15:34:39"	1664.5	0	3	20	0.55	644.6	28.48	0.03972	991	80.86	-506.06	65.32	26.88	0.096907	0.0018263	0	0	0	991	71.6	31.23	645.03	28.481	30.56	0	100.9	5060.6	110205
116	"15:34:41"	1666.5	0	3	20	0.512	644.8	28.48	0.03698	991	80.89	-506.05	65.37	26.89	0.090491	0.0013153	0	0	0	991	71.6	31.23	645.42	28.504	30.56	0	100.9	5060.5	110205
117	"15:34:43"	1668.5	0	3	20	0.566	645.0	28.49	0.0409	991	80.87	-506.04	65.35	26.89	0.10005	0.0015152	0	0	0	991	71.6	31.23	645.64	28.496	30.56	0	100.9	5060.4	110205
118	"15:34:45"	1670.5	0	3	20	0.689	645.3	28.49	0.04977	991	80.94	-506.07	65.33	26.87	0.12171	0.0018653	0	0	0	991	71.6	31.23	646.00	28.486	30.56	0	100.9	5060.7	110205
119	"15:34:47"	1672.5	0	3	20	0.806	645.5	28.49	0.05823	991	81.01	-506.06	65.35	26.86	0.14274	0.0016838	0	0	0	991	71.6	31.23	646.00	28.497	30.56	0	100.9	5060.6	110205
120	"15:34:49"	1674.5	0	3	20	0.737	645.8	28.50	0.05328	991	81.02	-506.06	65.39	26.87	0.13118	0.00065924	0	0	0	991	71.6	31.23	646.31	28.512	30.56	0	100.9	5060.6	110205
121	"15:34:51"	1676.5	0	3	20	0.605	646.0	28.50	0.04369	991	81.00	-506.06	65.36	26.86	0.10745	0.00072845	0	0	0	991	71.6	31.23	646.79	28.500	30.56	0	100.9	5060.6	110205
122	"15:34:53"	1678.5	0	3	20	0.647	646.3	28.50	0.04671	991	81.04	-506.06	65.36	26.85	0.11443	0.0014377	0	0	0	991	71.6	31.23	646.99	28.498	30.56	0	100.9	5060.6	110205
123	"15:34:55"	1680.5	0	3	20	0.622	646.5	28.50	0.04491	991	80.95	-506.06	65.36	26.87	0.11057	0.00055143	0	0	0	991	71.6	31.23	647.00	28.498	30.56	0	100.9	5060.6	110205
124	"15:34:57"	1682.5	0	3	20	0.67	646.7	28.50	0.0484	991	80.88	-506.05	65.35	26.88	0.11943	0.00022135	0	0	0	991	71.6	31.23	647.17	28.490	30.56	0	100.9	5060.5	110205
125	"15:34:59"	1684.5	0	3	20	0.619	646.9	28.50	0.0447	991	80.92	-506.06	65.38	26.88	0.1114	-0.0014393	0	0	0	991	71.6	31.23	647.62	28.504	30.56	0	100.9	5060.6	110205
126	"15:35:01"	1686.5	0	3	20	0.59	647.2	28.50	0.0426	991	80.93	-506.06	65.40	26.89	0.10507	0.00028047	0	0	0	991	71.6	31.23	647.62	28.512	30.56	0	100.9	5060.6	110205
127	"15:35:03"	1688.5	0	3	20	0.692	647.4	28.50	0.05001	991	80.97	-506.05	65.43	26.89	0.12226	0.0019554	0	0	0	991	71.6	31.23	647.94	28.522	30.56	0	100.9	5060.5	110205
128	"15:35:05"	1690.5	0	3	20	0.824	647.7	28.51	0.05956	991	80.96	-506.06	65.43	26.89	0.14576	0.0020736	0	0	0	991	71.6	31.23	648.70	28.522	30.56	0	100.9	5060.6	110205
129	"15:35:07"	1692.5	0	3	20	0.757	647.9	28.51	0.05472	991	80.93	-506.06	65.43	26.89	0.13286	0.0034916	0	0	0	991	71.6	31.23	648.56	28.520	30.56	0	100.9	5060.6	110205
130	"15:35:09"	1694.5	0	3	20	0.601	648.2	28.52	0.0434	991	81.03	-506.05	65.43	26.87	0.10653	0.0010161	0	0	0	991	71.6	31.23	648.69	28.521	30.56	0	100.9	5060.5	110205
131	"15:35:11"	1696.5	0	3	20	0.546	648.4	28.52	0.03947	991	81.01	-506.05	65.45	26.88	0.097469	5.7436E-05	0	0	0	991	71.6	31.23	648.99	28.530	30.56	0	100.9	5060.5	110205
132	"15:35:13"	1698.5	0	3	20	0.484	648.6	28.52	0.03495	991	81.04	-506.06	65.48	26.88	0.084963	0.0020547	0	0	0	991	71.6	31.23	649.05	28.544	30.56	0	100.9	5060.6	110205
133	"15:35:15"	1700.5	0	3	20	0.578	648.8	28.53	0.04174	991	81.09	-506.05	65.46	26.86	0.10127	0.0027663	0	0	0	991	71.6	31.23	649.49	28.529	30.56	0	100.9	5060.5	110205
134	"15:35:17"	1702.5	0	3	20	0.696	649.0	28.53	0.05025	991	81.18	-506.06	65.48	26.85	0.12205	0.0031167	0	0	0	991	71.6	31.23	649.80	28.536	30.56	0	100.9	5060.6	110205
135	"15:35:19"	1704.5	0	3	20	0.804	649.3	28.53	0.05812	991	81.22	-506.06	65.48	26.84	0.14252	0.0015465	0	0	0	991	71.6	31.23	650.14	28.540	30.56	0	100.9	5060.6	110205
136	"15:35:21"	1706.5	0	3	20	0.749	649.5	28.53	0.05412	991	81.19	-506.05	65.46	26.84	0.1346	-0.0013742	0	0	0	991	71.6	31.23	650.23	28.529	30.56	0	100.9	5060.5	110205
137	"15:35:23"	1708.5	0	3	20	0.685	649.8	28.53	0.0495	991	81.14	-506.04	65.49	26.86	0.12302	-0.0010935	0	0	0	991	71.6	31.23	650.26	28.540	30.55	0	100.9	5060.4	110205
138	"15:35:25"	1710.5	0	3	20	0.562	650.0	28.53	0.04061	991	81.08	-506.05	65.48	26.87	0.10053	-0.00033233	0	0	0	991	71.6	31.23	650.45	28.535	30.55	0	100.9	5060.5	110205
139	"15:35:27"	1712.5	0	3	20	0.51	650.2	28.53	0.03687	991	81.08	-506.06	65.47	26.87	0.090557	0.00079996	0	0	0	991	71.6	31.23	650.97	28.532	30.55	0	100.9	5060.6	110205
140	"15:35:29"	1714.5	0	3	20	0.591	650.4	28.53	0.04271	991	81.13	-506.05	65.50	26.86	0.10466	0.0012541	0	0	0	991	71.6	31.23	651.07	28.542	30.55	0	100.9	5060.5	110205
141	"15:35:31"	1716.5	0	3	20	0.634	650.6	28.54	0.04577	991	81.08	-506.04	65.53	26.88	0.11167	0.0020984	0	0	0	991	71.6	31.23	651.31	28.554	30.55	0	100.9	5060.4	110205
142	"15:35:33"	1718.5	0	3	20	0.736	650.9	28.54	0.05318	991	81.10	-506.05	65.51	26.87	0.12953	0.0027516	0	0	0	991	71.6	31.23	651.42	28.547	30.55	0	100.9	5060.5	110205
143	"15:35:35"	1720.5	0	3	20	0.65	651.1	28.55	0.04695	991	81.09	-506.07	65.55	26.89	0.11471	0.0019093	0	0	0	991	71.6	31.23	651.78	28.564	30.55	0	100.9	5060.7	110205
144	"15:35:37"	1722.5	0	3	20	0.647	651.3	28.55	0.04674	991	81.16	-506.07	65.53	26.86	0.11432	0.0017194	0	0	0	991	71.6	31.23	651.94	28.554	30.55	0	100.9	5060.7	110205
145	"15:35:39"	1724.5	0	3	20	0.711	651.6	28.55	0.0514	991	81.23	-506.05	65.56	26.86	0.126	0.0014384	0	0	0	991	71.6	31.23	652.17	28.567	30.55	0	100.9	5060.5	110205
146	"15:35:41"	1726.5	0	3	20	0.764	651.9	28.56	0.05519	991	81.20	-506.07	65.55	26.86	0.13442	0.0028338	0	0	0	991	71.6	31.23	652.53	28.567	30.55	0	100.9	5060.7	110205
147	"15:35:43"	1728.5	0	3	20	0.832	652.1	28.56	0.06008	991	81.26	-506.06	65.55	26.85	0.14634	0.0030721	0	0	0	991	71.6	31.23	652.66	28.561	30.55	0	100.9	5060.6	110205
148	"15:35:45"	1730.5	0	3	20	0.696	652.4	28.57	0.05027	991	81.30	-506.05	65.55	26.84	0.12342	0.0011096	0	0	0	991	71.6	31.23	653.01	28.561	30.55	0	100.9	5060.5	110205
149	"15:35:47"	1732.5	0	3	20	0.557	652.6	28.57	0.04027	991	81.29	-506.05	65.60	26.85	0.099394	0.00011398	0	0	0	991	71.6	31.23	653.00	28.583	30.55	0	100.9	5060.5	110205
150	"15:35:49"	1734.5	0	3	20	0.587	652.8	28.57	0.0424	991	81.25	-506.07	65.56	26.85	0.10485	-0.00016528	0	0	0	991	71.6	31.23	653.16	28.567	30.55	0	100.9	5060.7	110205
151	"15:35:51"	1736.5	0	3	20	0.693	653.1	28.57	0.05005	991	81.33	-506.06	65.60	26.84	0.12297	0.0010033	0	0	0	991	71.6	31.23	654.02	28.579	30.55	0	100.9	5060.6	110205
152	"15:35:53"	1738.5	0	3	20	0.756	653.3	28.57	0.05465	991	81.28	-506.06	65.57	26.85	0.13415	0.00127	0	0	0	991	71.6	31.23	653.88	28.567	30.55	0	100.9	5060.6	110205
153	"15:35:55"	1740.5	0	4	200	0.667	650.0	28.57	0.04817	991	81.29	-506.06	65.57	26.84	0.12994	0.0012093	0.0001543	-0.052122	0	991	71.6	31.23	654.06	28.567	30.55	0	100.9	5060.6	110205
