"OPEN 5.3.2"
"Sat Jun  1 2019 09:33:17"
"Unit="	"PSC-895"
"ComputeList="	"/User/Configs/Comps/Soil Efflux Eqns.LPL"
"BLCTable="	"/Sys/Lib/StdBLCTable"
"LightSource="	"Sun+Sky"	1	0.19
"LogFormat="	"/User/Configs/LogFormats/Soil Efflux Log Fmt"
"LogCodes="	-35	-21	-36	-104	310	311	320	302	303	306	304	321	322	323	324	300	301	330	331	305	307	308	-8	-2	-5	-9	-13	-11	-61	-23
"PromptList="	"/User/Configs/Prompts/Soil Efflux Prompts"
"Stability= (CO2S 15s SLP<1)(H2OS 15s SLP<1)(Flow 15s SLP<1)"
"09:33:20 "
$STARTOFDATA$
"Obs"	"HHMMSS"	"FTime"	"Plot#"	"Mode"	"Smpls"	"EFFLUX"	"C2avg"	"Wavg"	"dc'/dt"	"Vtot"	"RHcmbr%"	"Tsoil_C"	"RHirga%"	"Tsch_C"	"dC/dt"	"dW/dt"	"R(C)m"	"R(C)b"	"InsDpth"	"Vbase"	"Area"	"TBlk"	"CO2S"	"H2OS"	"Tair"	"PARo"	"Press"	"uc_21_mV"	"Status"
1	"09:38:12"	304.5	0	3	8	0.671	412.1	29.19	0.04848	991	79.76	-506.06	66.66	27.57	0.11904	0.001727	0	0	0	991	71.6	31.23	412.39	29.188	30.68	0	101.1	5060.6	110205
2	"09:38:14"	306.5	0	3	12	0.55	412.2	29.19	0.03974	991	79.81	-506.05	66.69	27.57	0.097374	0.00189	0	0	0	991	71.6	31.22	412.58	29.199	30.68	0	101.1	5060.5	110205
3	"09:38:16"	308.5	0	3	16	0.571	412.3	29.19	0.04125	991	79.82	-506.05	66.67	27.56	0.10174	0.00041143	0	0	0	991	71.6	31.22	412.63	29.192	30.68	0	101.1	5060.5	110205
4	"09:38:18"	310.5	0	3	20	0.558	412.4	29.19	0.04029	991	79.87	-506.06	66.71	27.56	0.09892	0.0014711	0	0	0	991	71.6	31.22	413.07	29.206	30.67	0	101.1	5060.6	110205
5	"09:38:20"	312.5	0	3	20	0.613	412.6	29.20	0.04431	991	79.87	-506.05	66.70	27.56	0.10839	0.0025188	0	0	0	991	71.6	31.23	413.13	29.200	30.67	0	101.1	5060.5	110205
6	"09:38:22"	314.5	0	3	20	0.615	412.8	29.20	0.04444	991	79.89	-506.05	66.72	27.56	0.10894	0.0019989	0	0	0	991	71.6	31.23	413.35	29.209	30.67	0	101.1	5060.5	110205
7	"09:38:24"	316.5	0	3	20	0.598	413.0	29.20	0.04318	991	79.91	-506.05	66.72	27.55	0.1056	0.0025345	0	0	0	991	71.6	31.22	413.64	29.208	30.67	0	101.1	5060.5	110205
8	"09:38:26"	318.5	0	3	20	0.593	413.2	29.21	0.04288	991	79.85	-506.06	66.70	27.56	0.10533	0.001424	0	0	0	991	71.6	31.22	413.66	29.197	30.67	0	101.1	5060.6	110205
9	"09:38:28"	320.5	0	3	20	0.496	413.4	29.21	0.03583	991	79.93	-506.05	66.75	27.55	0.088173	0.00079228	0	0	0	991	71.6	31.22	413.87	29.215	30.67	0	101.1	5060.5	110205
10	"09:38:30"	322.5	0	3	20	0.52	413.6	29.21	0.03756	991	79.96	-506.05	66.76	27.55	0.091794	0.0023481	0	0	0	991	71.6	31.22	414.14	29.219	30.67	0	101.1	5060.5	110205
11	"09:38:32"	324.5	0	3	20	0.528	413.8	29.22	0.03816	991	79.98	-506.05	66.78	27.55	0.093722	0.0012978	0	0	0	991	71.6	31.22	414.39	29.225	30.67	0	101.1	5060.5	110205
12	"09:38:34"	326.5	0	3	20	0.593	414.0	29.22	0.04284	991	79.97	-506.06	66.78	27.55	0.10528	0.0013058	0	0	0	991	71.6	31.22	414.51	29.226	30.67	0	101.1	5060.6	110205
13	"09:38:36"	328.5	0	3	20	0.666	414.2	29.22	0.04814	991	80.03	-506.05	66.80	27.54	0.11769	0.0028619	0	0	0	991	71.6	31.22	414.72	29.231	30.66	0	101.1	5060.5	110205
14	"09:38:38"	330.5	0	3	20	0.5	414.4	29.23	0.03612	991	80.04	-506.05	66.82	27.54	0.088795	0.0010172	0	0	0	991	71.6	31.22	414.72	29.236	30.66	0	101.1	5060.5	110205
15	"09:38:40"	332.5	0	3	20	0.419	414.6	29.23	0.03025	991	80.04	-506.06	66.80	27.54	0.074312	0.00099196	0	0	0	991	71.6	31.22	415.07	29.232	30.66	0	101.1	5060.6	110205
16	"09:38:42"	334.5	0	3	20	0.433	414.8	29.23	0.03125	991	80.06	-506.06	66.83	27.54	0.076813	0.00090845	0	0	0	991	71.6	31.23	415.04	29.244	30.66	0	101.1	5060.6	110205
17	"09:38:44"	336.5	0	3	20	0.535	414.9	29.23	0.03866	991	80.05	-506.06	66.82	27.54	0.095205	0.0006921	0	0	0	991	71.6	31.23	415.66	29.236	30.66	0	101.1	5060.6	110205
18	"09:38:46"	338.5	0	3	20	0.691	415.1	29.23	0.04992	991	80.05	-506.06	66.82	27.54	0.12237	0.0022229	0	0	0	991	71.6	31.23	415.61	29.240	30.66	0	101.1	5060.6	110205
19	"09:38:48"	340.5	0	3	20	0.551	415.3	29.24	0.03984	991	80.09	-506.06	66.82	27.53	0.097768	0.0015006	0	0	0	991	71.6	31.23	415.80	29.238	30.66	0	101.1	5060.6	110205
20	"09:38:50"	342.5	0	3	20	0.545	415.5	29.24	0.0394	991	80.09	-506.06	66.83	27.53	0.097014	0.00071804	0	0	0	991	71.6	31.23	415.95	29.239	30.66	0	101.1	5060.6	110205
21	"09:38:52"	344.5	0	3	20	0.537	415.7	29.24	0.0388	991	80.14	-506.05	66.86	27.53	0.095613	0.00054141	0	0	0	991	71.6	31.23	416.37	29.255	30.66	0	101.1	5060.5	110205
22	"09:38:54"	346.5	0	3	20	0.647	416.0	29.25	0.04674	991	80.20	-506.04	66.88	27.52	0.11472	0.0017177	0	0	0	991	71.6	31.23	416.35	29.264	30.66	0	101.1	5060.4	110205
23	"09:38:56"	348.5	0	3	20	0.645	416.1	29.25	0.04662	991	80.18	-506.06	66.87	27.53	0.11399	0.002771	0	0	0	991	71.6	31.23	416.81	29.259	30.66	0	101.1	5060.6	110205
24	"09:38:58"	350.5	0	3	20	0.547	416.4	29.26	0.03949	991	80.27	-506.05	66.93	27.52	0.096146	0.0032587	0	0	0	991	71.6	31.23	417.20	29.285	30.66	0	101.1	5060.5	110205
25	"09:39:00"	352.5	0	3	20	0.605	416.6	29.26	0.04371	991	80.25	-506.04	66.90	27.52	0.1065	0.0034389	0	0	0	991	71.6	31.23	417.01	29.269	30.66	0	101.1	5060.4	110205
26	"09:39:02"	354.5	0	3	20	0.512	416.8	29.27	0.03703	991	80.23	-506.05	66.89	27.52	0.090403	0.0024801	0	0	0	991	71.6	31.23	417.32	29.269	30.66	0	101.1	5060.5	110205
27	"09:39:04"	356.5	0	3	20	0.541	416.9	29.27	0.0391	991	80.28	-506.06	66.94	27.52	0.095781	0.0019116	0	0	0	991	71.6	31.23	417.35	29.289	30.66	0	101.1	5060.6	110205
28	"09:39:06"	358.5	0	3	20	0.476	417.1	29.28	0.03441	991	80.31	-506.06	66.93	27.51	0.083892	0.0026007	0	0	0	991	71.6	31.23	417.81	29.285	30.66	0	101.1	5060.6	110205
29	"09:39:08"	360.5	0	3	20	0.504	417.3	29.28	0.03638	991	80.37	-506.06	66.97	27.51	0.088878	0.0023109	0	0	0	991	71.6	31.23	417.73	29.303	30.66	0	101.1	5060.6	110205
30	"09:39:10"	362.5	0	3	20	0.608	417.5	29.29	0.04394	991	80.34	-506.05	66.96	27.51	0.10757	0.0022428	0	0	0	991	71.6	31.23	417.84	29.293	30.66	0	101.1	5060.5	110205
31	"09:39:12"	364.5	0	3	20	0.597	417.7	29.29	0.04315	991	80.35	-506.05	66.96	27.51	0.10554	0.002419	0	0	0	991	71.6	31.23	418.37	29.291	30.66	0	101.1	5060.5	110205
32	"09:39:14"	366.5	0	3	20	0.589	417.9	29.29	0.04254	991	80.36	-506.05	66.97	27.51	0.10447	0.0014425	0	0	0	991	71.6	31.22	418.44	29.298	30.66	0	101.1	5060.5	110205
33	"09:39:16"	368.5	0	3	20	0.58	418.2	29.30	0.04191	991	80.36	-506.06	66.98	27.51	0.10302	0.0011613	0	0	0	991	71.6	31.23	418.87	29.301	30.66	0	101.1	5060.6	110205
34	"09:39:18"	370.5	0	3	20	0.699	418.4	29.30	0.05052	991	80.49	-506.05	67.04	27.50	0.12435	0.0010331	0	0	0	991	71.6	31.23	419.13	29.330	30.66	0	101.1	5060.5	110205
35	"09:39:20"	372.5	0	3	20	0.662	418.6	29.30	0.04784	991	80.46	-506.06	67.02	27.50	0.11743	0.0017257	0	0	0	991	71.6	31.22	418.88	29.315	30.66	0	101.1	5060.6	110205
36	"09:39:22"	374.5	0	3	20	0.511	418.8	29.31	0.03689	991	80.44	-506.05	67.00	27.50	0.089876	0.0028675	0	0	0	991	71.6	31.22	419.14	29.309	30.66	0	101.1	5060.5	110205
37	"09:39:24"	376.5	0	3	20	0.534	419.0	29.31	0.0386	991	80.46	-506.06	67.02	27.50	0.094285	0.0024475	0	0	0	991	71.6	31.23	419.61	29.316	30.66	0	101.1	5060.6	110205
38	"09:39:26"	378.5	0	3	20	0.535	419.2	29.31	0.03866	991	80.51	-506.05	67.06	27.50	0.094708	0.0018343	0	0	0	991	71.6	31.22	419.61	29.328	30.66	0	101.1	5060.5	110205
39	"09:39:28"	380.5	0	3	20	0.622	419.4	29.32	0.04493	991	80.56	-506.05	67.11	27.49	0.11047	0.0011719	0	0	0	991	71.6	31.22	419.88	29.346	30.65	0	101.1	5060.5	110205
40	"09:39:30"	382.5	0	3	20	0.616	419.6	29.32	0.04453	991	80.52	-506.05	67.06	27.49	0.109	0.0023022	0	0	0	991	71.6	31.22	420.11	29.325	30.65	0	101.1	5060.5	110205
41	"09:39:32"	384.5	0	3	20	0.516	419.8	29.33	0.03731	991	80.57	-506.05	67.08	27.49	0.091255	0.0020701	0	0	0	991	71.6	31.22	420.18	29.336	30.65	0	101.1	5060.5	110205
42	"09:39:34"	386.5	0	3	20	0.437	420.0	29.33	0.03159	991	80.55	-506.06	67.08	27.49	0.077457	0.0013403	0	0	0	991	71.6	31.22	420.34	29.331	30.65	0	101.1	5060.6	110205
43	"09:39:36"	388.5	0	3	20	0.435	420.1	29.33	0.03142	991	80.54	-506.04	67.07	27.49	0.077401	0.00048395	0	0	0	991	71.6	31.22	420.41	29.327	30.65	0	101.1	5060.4	110205
44	"09:39:38"	390.5	0	3	20	0.474	420.3	29.33	0.03423	991	80.62	-506.05	67.11	27.48	0.084761	-0.00046813	0	0	0	991	71.6	31.22	420.70	29.343	30.65	0	101.1	5060.5	110205
45	"09:39:40"	392.5	0	3	20	0.496	420.5	29.33	0.03581	991	80.59	-506.05	67.11	27.48	0.087899	0.0012569	0	0	0	991	71.6	31.22	421.10	29.338	30.65	0	101.1	5060.5	110205
46	"09:39:42"	394.5	0	3	20	0.602	420.7	29.34	0.04351	991	80.62	-506.05	67.12	27.48	0.10698	0.0011152	0	0	0	991	71.6	31.22	421.15	29.344	30.65	0	101.1	5060.5	110205
47	"09:39:44"	396.5	0	3	20	0.612	420.9	29.34	0.0442	991	80.67	-506.05	67.15	27.48	0.10836	0.0019021	0	0	0	991	71.6	31.22	421.52	29.355	30.65	0	101.1	5060.5	110205
48	"09:39:46"	398.5	0	3	20	0.648	421.1	29.34	0.04681	991	80.71	-506.06	67.17	27.47	0.11463	0.00226	0	0	0	991	71.6	31.23	421.86	29.364	30.65	0	101.1	5060.6	110205
49	"09:39:48"	400.5	0	3	20	0.693	421.3	29.35	0.05008	991	80.68	-506.05	67.14	27.47	0.12291	0.0018311	0	0	0	991	71.6	31.23	421.93	29.348	30.65	0	101.1	5060.5	110205
50	"09:39:50"	402.5	0	3	20	0.601	421.6	29.35	0.04344	991	80.69	-506.05	67.15	27.47	0.10637	0.0021092	0	0	0	991	71.6	31.23	421.84	29.353	30.65	0	101.1	5060.5	110205
51	"09:39:52"	404.5	0	4	200	0.565	420.0	29.35	0.04079	991	80.73	-506.05	67.17	27.47	0.099167	0.0016545	8.294E-07	0.04044	0	991	71.6	31.23	422.38	29.363	30.65	0	101.1	5060.5	110205
52	"09:44:15"	668.0	0	3	8	0.356	412.0	29.36	0.02575	991	82.04	-506.05	67.40	27.19	0.062596	0.0022385	0	0	0	991	71.6	31.23	412.21	29.363	30.59	0	101.1	5060.5	110205
53	"09:44:17"	670.0	0	3	12	0.733	412.1	29.36	0.05293	991	82.05	-506.05	67.40	27.19	0.13018	0.00099053	0	0	0	991	71.6	31.23	412.53	29.361	30.59	0	101.1	5060.5	110205
54	"09:44:19"	672.0	0	3	16	0.661	412.2	29.36	0.04779	991	82.08	-506.06	67.43	27.19	0.11751	0.0009767	0	0	0	991	71.6	31.23	412.40	29.375	30.59	0	101.1	5060.6	110205
55	"09:44:21"	674.0	0	3	20	0.577	412.3	29.37	0.0417	991	82.14	-506.06	67.48	27.19	0.10188	0.0024279	0	0	0	991	71.6	31.23	412.72	29.396	30.59	0	101.1	5060.6	110205
56	"09:44:23"	676.0	0	3	20	0.604	412.5	29.37	0.04362	991	82.08	-506.06	67.43	27.19	0.10649	0.0027178	0	0	0	991	71.6	31.23	413.27	29.374	30.58	0	101.1	5060.6	110205
57	"09:44:25"	678.0	0	3	20	0.574	412.8	29.38	0.0415	991	82.14	-506.06	67.45	27.18	0.10168	0.0017351	0	0	0	991	71.6	31.22	413.16	29.381	30.58	0	101.1	5060.6	110205
58	"09:44:27"	680.0	0	3	20	0.657	413.0	29.38	0.04749	991	82.18	-506.07	67.47	27.18	0.11685	0.0007648	0	0	0	991	71.6	31.22	413.44	29.388	30.58	0	101.1	5060.7	110205
59	"09:44:29"	682.0	0	3	20	0.674	413.2	29.38	0.04873	991	82.18	-506.06	67.49	27.18	0.12037	-0.00031197	0	0	0	991	71.6	31.22	413.81	29.394	30.58	0	101.1	5060.6	110205
60	"09:44:31"	684.0	0	3	20	0.612	413.4	29.38	0.04422	991	82.22	-506.05	67.52	27.18	0.10879	0.00078025	0	0	0	991	71.6	31.22	414.05	29.405	30.58	0	101.1	5060.5	110205
61	"09:44:33"	686.0	0	3	20	0.588	413.6	29.39	0.04245	991	82.24	-506.05	67.50	27.17	0.10357	0.0027752	0	0	0	991	71.6	31.22	414.18	29.397	30.58	0	101.1	5060.5	110205
62	"09:44:35"	688.0	0	3	20	0.562	413.8	29.39	0.04059	991	82.18	-506.05	67.48	27.18	0.099508	0.0015396	0	0	0	991	71.6	31.23	414.41	29.384	30.58	0	101.1	5060.5	110205
63	"09:44:37"	690.0	0	3	20	0.431	414.0	29.39	0.03115	991	82.28	-506.06	67.54	27.17	0.076534	0.00076833	0	0	0	991	71.6	31.22	414.46	29.407	30.58	0	101.1	5060.6	110205
64	"09:44:39"	692.0	0	3	20	0.466	414.2	29.39	0.0337	991	82.24	-506.07	67.51	27.17	0.082887	0.00065223	0	0	0	991	71.6	31.23	414.74	29.397	30.58	0	101.1	5060.7	110205
65	"09:44:41"	694.0	0	3	20	0.476	414.4	29.40	0.0344	991	82.27	-506.05	67.53	27.17	0.084464	0.0010057	0	0	0	991	71.6	31.23	414.72	29.402	30.58	0	101.1	5060.5	110205
66	"09:44:43"	696.0	0	3	20	0.488	414.5	29.40	0.03528	991	82.30	-506.06	67.57	27.17	0.086297	0.0017638	0	0	0	991	71.6	31.23	415.10	29.419	30.58	0	101.1	5060.6	110205
67	"09:44:45"	698.0	0	3	20	0.579	414.7	29.40	0.04184	991	82.29	-506.06	67.55	27.17	0.10238	0.0020089	0	0	0	991	71.6	31.23	415.48	29.411	30.58	0	101.1	5060.6	110205
68	"09:44:47"	700.0	0	3	20	0.651	415.0	29.41	0.04705	991	82.28	-506.06	67.54	27.17	0.11584	0.00060812	0	0	0	991	71.6	31.23	415.75	29.406	30.58	0	101.1	5060.6	110205
69	"09:44:49"	702.0	0	3	20	0.768	415.2	29.41	0.05549	991	82.30	-506.06	67.55	27.17	0.13673	0.00045757	0	0	0	991	71.6	31.23	415.87	29.412	30.58	0	101.1	5060.6	110205
70	"09:44:51"	704.0	0	3	20	0.728	415.4	29.41	0.05261	991	82.32	-506.06	67.55	27.16	0.12998	-0.00036682	0	0	0	991	71.6	31.23	416.05	29.410	30.57	0	101.1	5060.6	110205
71	"09:44:53"	706.0	0	3	20	0.505	415.7	29.41	0.03646	991	82.40	-506.06	67.59	27.16	0.089917	7.6354E-05	0	0	0	991	71.6	31.23	416.14	29.428	30.58	0	101.1	5060.6	110205
72	"09:44:55"	708.0	0	3	20	0.465	415.9	29.41	0.03357	991	82.35	-506.06	67.54	27.16	0.082385	0.0010175	0	0	0	991	71.6	31.23	416.25	29.409	30.58	0	101.1	5060.6	110205
73	"09:44:57"	710.0	0	3	20	0.423	416.0	29.41	0.03058	991	82.33	-506.05	67.54	27.16	0.074869	0.0013375	0	0	0	991	71.6	31.23	416.29	29.407	30.58	0	101.1	5060.5	110205
74	"09:44:59"	712.0	0	3	20	0.492	416.2	29.41	0.03555	991	82.39	-506.07	67.59	27.16	0.08715	0.0013049	0	0	0	991	71.6	31.23	416.81	29.428	30.58	0	101.1	5060.7	110205
75	"09:45:01"	714.0	0	3	20	0.593	416.4	29.42	0.04281	991	82.40	-506.04	67.60	27.16	0.10511	0.0012041	0	0	0	991	71.6	31.23	416.95	29.429	30.58	0	101.1	5060.4	110205
76	"09:45:03"	716.0	0	3	20	0.635	416.6	29.42	0.04591	991	82.43	-506.04	67.61	27.15	0.11256	0.0016832	0	0	0	991	71.6	31.23	417.17	29.433	30.57	0	101.1	5060.4	110205
77	"09:45:05"	718.0	0	3	20	0.697	416.8	29.42	0.05036	991	82.47	-506.06	67.63	27.15	0.12354	0.0016758	0	0	0	991	71.6	31.23	417.47	29.441	30.57	0	101.1	5060.6	110205
78	"09:45:07"	720.0	0	3	20	0.553	417.0	29.43	0.03999	991	82.46	-506.07	67.60	27.14	0.098063	0.0013981	0	0	0	991	71.6	31.23	417.62	29.431	30.58	0	101.1	5060.7	110205
79	"09:45:09"	722.0	0	3	20	0.522	417.2	29.43	0.03773	991	82.49	-506.06	67.62	27.14	0.092938	0.00034615	0	0	0	991	71.6	31.23	417.93	29.436	30.57	0	101.1	5060.6	110205
80	"09:45:11"	724.0	0	3	20	0.573	417.5	29.43	0.04139	991	82.49	-506.07	67.61	27.14	0.10173	0.00089295	0	0	0	991	71.6	31.23	417.83	29.437	30.57	0	101.1	5060.7	110205
81	"09:45:13"	726.0	0	3	20	0.546	417.6	29.43	0.03948	991	82.50	-506.05	67.63	27.14	0.096964	0.0010506	0	0	0	991	71.6	31.22	418.05	29.439	30.57	0	101.1	5060.5	110205
82	"09:45:15"	728.0	0	3	20	0.53	417.8	29.44	0.0383	991	82.53	-506.06	67.65	27.14	0.093823	0.0015468	0	0	0	991	71.6	31.22	418.16	29.449	30.57	0	101.1	5060.6	110205
83	"09:45:17"	730.0	0	3	20	0.415	418.0	29.44	0.02999	991	82.50	-506.06	67.63	27.14	0.073459	0.0012441	0	0	0	991	71.6	31.22	418.18	29.438	30.57	0	101.1	5060.6	110205
84	"09:45:19"	732.0	0	3	20	0.397	418.1	29.44	0.02868	991	82.52	-506.07	67.66	27.14	0.070297	0.0010605	0	0	0	991	71.6	31.23	418.76	29.449	30.57	0	101.1	5060.7	110205
85	"09:45:21"	734.0	0	3	20	0.615	418.3	29.44	0.04445	991	82.53	-506.07	67.64	27.14	0.10915	0.00119	0	0	0	991	71.6	31.23	418.99	29.442	30.57	0	101.1	5060.6	110205
86	"09:45:23"	736.0	0	3	20	0.634	418.5	29.45	0.04581	991	82.56	-506.07	67.65	27.13	0.1128	0.00049673	0	0	0	991	71.6	31.23	419.10	29.446	30.57	0	101.1	5060.7	110205
87	"09:45:25"	738.0	0	3	20	0.64	418.7	29.45	0.04627	991	82.61	-506.07	67.66	27.12	0.11402	0.00031419	0	0	0	991	71.6	31.23	419.20	29.446	30.57	0	101.1	5060.7	110205
88	"09:45:27"	740.0	0	3	20	0.624	418.9	29.45	0.04506	991	82.53	-506.06	67.62	27.13	0.11126	-0.00016747	0	0	0	991	71.6	31.23	419.57	29.432	30.57	0	101.1	5060.6	110205
89	"09:45:29"	742.0	0	3	20	0.542	419.2	29.45	0.03914	991	82.59	-506.06	67.70	27.14	0.096732	-0.00034915	0	0	0	991	71.6	31.23	419.86	29.465	30.57	0	101.1	5060.6	110205
90	"09:45:31"	744.0	0	3	20	0.674	419.4	29.45	0.0487	991	82.60	-506.05	67.69	27.13	0.11966	0.0011587	0	0	0	991	71.6	31.23	419.99	29.460	30.57	0	101.1	5060.5	110205
91	"09:45:33"	746.0	0	3	20	0.752	419.6	29.45	0.05434	991	82.64	-506.07	67.73	27.13	0.13302	0.0024331	0	0	0	991	71.6	31.23	420.33	29.476	30.57	0	101.1	5060.7	110205
92	"09:45:35"	748.0	0	3	20	0.729	419.9	29.46	0.05264	991	82.65	-506.07	67.72	27.13	0.12831	0.003632	0	0	0	991	71.6	31.23	420.45	29.468	30.57	0	101.1	5060.7	110205
93	"09:45:37"	750.0	0	3	20	0.644	420.1	29.46	0.04654	991	82.67	-506.07	67.71	27.12	0.11341	0.0032492	0	0	0	991	71.6	31.23	420.50	29.465	30.57	0	101.1	5060.7	110205
94	"09:45:39"	752.0	0	3	20	0.53	420.3	29.47	0.03829	991	82.67	-506.05	67.70	27.12	0.094021	0.0010289	0	0	0	991	71.6	31.23	420.74	29.463	30.57	0	101.1	5060.5	110205
95	"09:45:41"	754.0	0	3	20	0.499	420.5	29.47	0.03603	991	82.72	-506.06	67.72	27.11	0.089002	-0.0002379	0	0	0	991	71.6	31.23	420.84	29.470	30.57	0	101.1	5060.6	110205
96	"09:45:43"	756.0	0	3	20	0.457	420.7	29.47	0.03303	991	82.71	-506.05	67.74	27.12	0.081773	-0.00066158	0	0	0	991	71.6	31.23	421.08	29.474	30.56	0	101.1	5060.5	110205
97	"09:45:45"	758.0	0	3	20	0.508	420.9	29.47	0.03671	991	82.72	-506.07	67.74	27.12	0.090138	0.0010007	0	0	0	991	71.6	31.23	421.65	29.476	30.57	0	101.1	5060.7	110205
98	"09:45:47"	760.0	0	3	20	0.636	421.1	29.47	0.04596	991	82.70	-506.05	67.71	27.11	0.11282	0.0012911	0	0	0	991	71.6	31.23	421.53	29.461	30.56	0	101.1	5060.5	110205
99	"09:45:49"	762.0	0	3	20	0.684	421.3	29.47	0.04938	991	82.73	-506.07	67.72	27.11	0.12145	0.00087469	0	0	0	991	71.6	31.23	421.91	29.465	30.57	0	101.1	5060.7	110205
100	"09:45:51"	764.0	0	3	20	0.638	421.5	29.47	0.0461	991	82.77	-506.07	67.75	27.11	0.11361	0.00025275	0	0	0	991	71.6	31.23	422.14	29.476	30.56	0	101.1	5060.7	110205
101	"09:45:53"	766.0	0	3	20	0.56	421.7	29.47	0.04048	991	82.77	-506.05	67.74	27.11	0.099954	-0.00017793	0	0	0	991	71.6	31.23	422.11	29.473	30.56	0	101.1	5060.5	110205
102	"09:45:55"	768.0	0	4	200	0.575	420.0	29.48	0.04154	991	82.79	-506.06	67.76	27.11	0.088289	0.001726	-7.3187E-05	0.072283	0	991	71.6	31.23	422.44	29.481	30.56	0	101.1	5060.6	110205
103	"09:50:05"	1018.0	0	3	8	0.936	412.4	29.42	0.06763	991	83.60	-506.06	67.78	26.90	0.16473	0.0047136	0	0	0	991	71.6	31.23	412.67	29.418	30.52	0	101.1	5060.6	110205
104	"09:50:07"	1020.0	0	3	12	0.619	412.5	29.42	0.0447	991	83.57	-506.06	67.76	26.90	0.1103	-0.00022784	0	0	0	991	71.6	31.23	412.72	29.409	30.52	0	101.1	5060.6	110205
105	"09:50:09"	1022.0	0	3	16	0.504	412.5	29.42	0.03642	991	83.63	-506.06	67.82	26.91	0.089897	-0.00028066	0	0	0	991	71.6	31.23	413.03	29.435	30.52	0	101.1	5060.6	110205
106	"09:50:11"	1024.0	0	3	20	0.547	412.6	29.42	0.0395	991	83.59	-506.05	67.78	26.91	0.097023	0.00081969	0	0	0	991	71.6	31.23	413.23	29.420	30.52	0	101.1	5060.5	110205
107	"09:50:13"	1026.0	0	3	20	0.451	412.8	29.42	0.03261	991	83.60	-506.06	67.79	26.91	0.079758	0.0015192	0	0	0	991	71.6	31.23	413.52	29.428	30.52	0	101.1	5060.6	110205
108	"09:50:15"	1028.0	0	3	20	0.567	413.0	29.42	0.041	991	83.58	-506.06	67.78	26.91	0.10014	0.0021828	0	0	0	991	71.6	31.23	413.66	29.422	30.52	0	101.1	5060.6	110205
109	"09:50:17"	1030.0	0	3	20	0.651	413.2	29.43	0.04707	991	83.65	-506.06	67.79	26.90	0.11544	0.0013812	0	0	0	991	71.6	31.23	413.80	29.427	30.52	0	101.1	5060.6	110205
110	"09:50:19"	1032.0	0	3	20	0.596	413.5	29.43	0.04308	991	83.68	-506.06	67.80	26.90	0.10586	0.00077337	0	0	0	991	71.6	31.23	414.12	29.433	30.52	0	101.1	5060.6	110205
111	"09:50:21"	1034.0	0	3	20	0.704	413.7	29.43	0.05085	991	83.76	-506.06	67.87	26.90	0.12491	0.0010398	0	0	0	991	71.6	31.23	414.57	29.461	30.52	0	101.1	5060.6	110205
112	"09:50:23"	1036.0	0	3	20	0.711	414.0	29.43	0.05136	991	83.64	-506.06	67.78	26.90	0.12569	0.0021505	0	0	0	991	71.6	31.23	414.52	29.424	30.52	0	101.1	5060.6	110205
113	"09:50:25"	1038.0	0	3	20	0.61	414.2	29.44	0.04409	991	83.66	-506.07	67.81	26.90	0.10815	0.0012714	0	0	0	991	71.6	31.23	414.63	29.436	30.53	0	101.1	5060.7	110205
114	"09:50:27"	1040.0	0	3	20	0.445	414.3	29.44	0.03216	991	83.64	-506.06	67.81	26.90	0.079219	0.00017472	0	0	0	991	71.6	31.23	414.75	29.433	30.52	0	101.1	5060.6	110205
115	"09:50:29"	1042.0	0	3	20	0.309	414.5	29.44	0.02233	991	83.66	-506.06	67.83	26.91	0.055107	-0.00015462	0	0	0	991	71.6	31.23	415.13	29.440	30.52	0	101.1	5060.6	110205
116	"09:50:31"	1044.0	0	3	20	0.414	414.7	29.44	0.02993	991	83.66	-506.06	67.82	26.90	0.073629	0.00034506	0	0	0	991	71.6	31.23	415.11	29.437	30.52	0	101.1	5060.6	110205
117	"09:50:33"	1046.0	0	3	20	0.55	414.8	29.44	0.03976	991	83.70	-506.06	67.84	26.90	0.096987	0.0023916	0	0	0	991	71.6	31.23	415.48	29.444	30.52	0	101.1	5060.6	110205
118	"09:50:35"	1048.0	0	3	20	0.691	415.0	29.44	0.0499	991	83.75	-506.05	67.86	26.90	0.12211	0.0021208	0	0	0	991	71.6	31.23	415.75	29.458	30.52	0	101.1	5060.5	110205
119	"09:50:37"	1050.0	0	3	20	0.647	415.3	29.45	0.04676	991	83.78	-506.07	67.85	26.89	0.11451	0.0017971	0	0	0	991	71.6	31.23	415.95	29.457	30.52	0	101.1	5060.7	110205
120	"09:50:39"	1052.0	0	3	20	0.613	415.5	29.45	0.0443	991	83.80	-506.06	67.89	26.89	0.10839	0.0019184	0	0	0	991	71.6	31.23	416.21	29.471	30.52	0	101.1	5060.6	110205
121	"09:50:41"	1054.0	0	3	20	0.69	415.7	29.45	0.04986	991	83.75	-506.06	67.86	26.90	0.12254	0.00088762	0	0	0	991	71.6	31.23	416.18	29.456	30.52	0	101.1	5060.6	110205
122	"09:50:43"	1056.0	0	3	20	0.566	416.0	29.45	0.04088	991	83.73	-506.06	67.85	26.90	0.10084	-0.00017918	0	0	0	991	71.6	31.23	416.66	29.452	30.52	0	101.1	5060.6	110205
123	"09:50:45"	1058.0	0	3	20	0.591	416.2	29.45	0.04271	991	83.74	-506.06	67.86	26.90	0.10526	8.3789E-05	0	0	0	991	71.6	31.23	416.29	29.456	30.52	0	101.1	5060.6	110205
124	"09:50:47"	1060.0	0	3	20	0.514	416.4	29.46	0.03711	991	83.77	-506.05	67.86	26.89	0.091383	0.0002442	0	0	0	991	71.6	31.23	417.07	29.457	30.52	0	101.1	5060.5	110205
125	"09:50:49"	1062.0	0	3	20	0.609	416.6	29.46	0.04399	991	83.80	-506.07	67.88	26.89	0.10766	0.0018151	0	0	0	991	71.6	31.23	417.20	29.470	30.53	0	101.1	5060.7	110205
126	"09:50:51"	1064.0	0	3	20	0.544	416.8	29.46	0.03934	991	83.85	-506.06	67.90	26.89	0.096202	0.0017883	0	0	0	991	71.6	31.23	417.03	29.475	30.52	0	101.1	5060.6	110205
127	"09:50:53"	1066.0	0	3	20	0.485	417.0	29.46	0.03502	991	83.83	-506.06	67.88	26.88	0.085932	0.0009161	0	0	0	991	71.6	31.23	417.54	29.466	30.52	0	101.1	5060.6	110205
128	"09:50:55"	1068.0	0	3	20	0.554	417.1	29.47	0.04	991	83.85	-506.06	67.90	26.89	0.097703	0.0020996	0	0	0	991	71.6	31.23	417.94	29.476	30.53	0	101.1	5060.6	110205
129	"09:50:57"	1070.0	0	3	20	0.644	417.4	29.47	0.04654	991	83.84	-506.05	67.90	26.89	0.11386	0.0020238	0	0	0	991	71.6	31.23	417.99	29.474	30.52	0	101.1	5060.5	110205
130	"09:50:59"	1072.0	0	3	20	0.665	417.6	29.47	0.04805	991	83.85	-506.06	67.88	26.88	0.11767	0.0018036	0	0	0	991	71.6	31.22	417.95	29.466	30.52	0	101.1	5060.6	110205
131	"09:51:01"	1074.0	0	3	20	0.614	417.8	29.48	0.04434	991	83.86	-506.06	67.88	26.88	0.10888	0.00098732	0	0	0	991	71.6	31.22	418.30	29.465	30.52	0	101.1	5060.6	110205
132	"09:51:03"	1076.0	0	3	20	0.544	418.0	29.48	0.03929	991	83.91	-506.08	67.94	26.88	0.096978	-0.00031447	0	0	0	991	71.6	31.23	418.63	29.487	30.52	0	101.1	5060.8	110205
133	"09:51:05"	1078.0	0	3	20	0.545	418.2	29.48	0.03937	991	83.90	-506.06	67.93	26.88	0.096702	0.00080398	0	0	0	991	71.6	31.23	418.62	29.482	30.52	0	101.1	5060.6	110205
134	"09:51:07"	1080.0	0	3	20	0.609	418.4	29.48	0.04397	991	83.91	-506.06	67.94	26.88	0.10785	0.0012346	0	0	0	991	71.6	31.23	418.92	29.486	30.52	0	101.1	5060.6	110205
135	"09:51:09"	1082.0	0	3	20	0.499	418.6	29.48	0.03606	991	83.87	-506.05	67.93	26.88	0.088326	0.0013017	0	0	0	991	71.6	31.23	418.99	29.478	30.52	0	101.1	5060.5	110205
136	"09:51:11"	1084.0	0	3	20	0.441	418.8	29.48	0.03189	991	83.91	-506.06	67.94	26.88	0.07827	0.00081543	0	0	0	991	71.6	31.23	419.38	29.486	30.52	0	101.1	5060.6	110205
137	"09:51:13"	1086.0	0	3	20	0.52	419.0	29.49	0.03754	991	83.91	-506.06	67.94	26.88	0.092318	0.00052291	0	0	0	991	71.6	31.23	419.56	29.484	30.52	0	101.1	5060.6	110205
138	"09:51:15"	1088.0	0	3	20	0.655	419.2	29.49	0.04732	991	83.91	-506.06	67.91	26.88	0.11632	0.00077581	0	0	0	991	71.6	31.23	419.71	29.476	30.52	0	101.1	5060.6	110205
139	"09:51:17"	1090.0	0	3	20	0.541	419.4	29.49	0.03908	991	84.00	-506.05	67.94	26.86	0.09596	0.00085916	0	0	0	991	71.6	31.23	419.93	29.489	30.52	0	101.1	5060.5	110205
140	"09:51:19"	1092.0	0	3	20	0.623	419.6	29.49	0.045	991	84.05	-506.06	67.97	26.86	0.11038	0.0012428	0	0	0	991	71.6	31.23	420.05	29.501	30.52	0	101.1	5060.6	110205
141	"09:51:21"	1094.0	0	3	20	0.475	419.8	29.49	0.0343	991	84.05	-506.05	67.97	26.86	0.084438	0.00025668	0	0	0	991	71.6	31.23	420.37	29.500	30.52	0	101.1	5060.5	110205
142	"09:51:23"	1096.0	0	3	20	0.654	420.0	29.49	0.04724	991	84.06	-506.06	67.98	26.86	0.11613	0.00071576	0	0	0	991	71.6	31.23	420.52	29.506	30.52	0	101.1	5060.6	110205
143	"09:51:25"	1098.0	0	3	20	0.688	420.2	29.49	0.0497	991	83.98	-506.08	67.97	26.87	0.12181	0.0016111	0	0	0	991	71.6	31.23	420.71	29.496	30.52	0	101.1	5060.8	110205
144	"09:51:27"	1100.0	0	3	20	0.574	420.4	29.49	0.04144	991	84.01	-506.07	67.95	26.86	0.10214	2.9758E-05	0	0	0	991	71.6	31.23	421.10	29.491	30.52	0	101.1	5060.7	110205
145	"09:51:29"	1102.0	0	3	20	0.653	420.6	29.50	0.0472	991	84.06	-506.06	68.01	26.86	0.11613	0.00050649	0	0	0	991	71.6	31.23	421.32	29.510	30.52	0	101.1	5060.6	110205
146	"09:51:31"	1104.0	0	3	20	0.574	420.9	29.50	0.04147	991	84.13	-506.07	68.03	26.86	0.10209	0.00031536	0	0	0	991	71.6	31.23	421.49	29.522	30.52	0	101.1	5060.7	110205
147	"09:51:33"	1106.0	0	3	20	0.583	421.1	29.50	0.04211	991	84.05	-506.06	67.98	26.86	0.10346	0.00076358	0	0	0	991	71.6	31.23	421.55	29.496	30.52	0	101.1	5060.6	110205
148	"09:51:35"	1108.0	0	3	20	0.459	421.2	29.50	0.03317	991	84.03	-506.06	67.96	26.86	0.081622	0.00032333	0	0	0	991	71.6	31.23	421.57	29.488	30.52	0	101.1	5060.6	110205
149	"09:51:37"	1110.0	0	3	20	0.391	421.4	29.50	0.02827	991	84.10	-506.07	68.01	26.86	0.069843	-0.00035527	0	0	0	991	71.6	31.23	421.85	29.512	30.52	0	101.1	5060.7	110205
150	"09:51:39"	1112.0	0	3	20	0.496	421.6	29.50	0.03581	991	84.16	-506.06	68.01	26.84	0.087993	0.0006101	0	0	0	991	71.6	31.23	422.40	29.512	30.52	0	101.1	5060.6	110205
151	"09:51:41"	1114.0	0	3	20	0.72	421.8	29.50	0.05203	991	84.12	-506.06	67.99	26.85	0.12796	0.00067966	0	0	0	991	71.6	31.23	422.51	29.504	30.52	0	101.1	5060.6	110205
152	"09:51:43"	1116.0	0	3	20	0.724	422.0	29.50	0.05228	991	84.13	-506.07	67.99	26.85	0.12819	0.0015599	0	0	0	991	71.6	31.23	422.67	29.504	30.52	0	101.1	5060.7	110205
153	"09:51:45"	1118.0	0	4	200	0.58	420.0	29.50	0.04194	991	84.15	-506.06	68.02	26.85	0.12231	0.001212	-5.2265E-05	0.063892	0	991	71.6	31.23	422.55	29.518	30.52	0	101.1	5060.6	110205
