"OPEN 5.3.2"
"Sat Jun  1 2019 13:44:41"
"Unit="	"PSC-895"
"ComputeList="	"/User/Configs/Comps/Soil Efflux Eqns.LPL"
"BLCTable="	"/Sys/Lib/StdBLCTable"
"LightSource="	"Sun+Sky"	1	0.19
"LogFormat="	"/User/Configs/LogFormats/Soil Efflux Log Fmt"
"LogCodes="	-35	-21	-36	-104	310	311	320	302	303	306	304	321	322	323	324	300	301	330	331	305	307	308	-8	-2	-5	-9	-13	-11	-61	-23
"PromptList="	"/User/Configs/Prompts/Soil Efflux Prompts"
"Stability= (CO2S 15s SLP<1)(H2OS 15s SLP<1)(Flow 15s SLP<1)"
"13:44:42 "
$STARTOFDATA$
"Obs"	"HHMMSS"	"FTime"	"Plot#"	"Mode"	"Smpls"	"EFFLUX"	"C2avg"	"Wavg"	"dc'/dt"	"Vtot"	"RHcmbr%"	"Tsoil_C"	"RHirga%"	"Tsch_C"	"dC/dt"	"dW/dt"	"R(C)m"	"R(C)b"	"InsDpth"	"Vbase"	"Area"	"TBlk"	"CO2S"	"H2OS"	"Tair"	"PARo"	"Press"	"uc_21_mV"	"Status"
1	"13:52:22"	489.0	0	3	8	0.436	642.3	26.80	0.03148	991	82.69	-506.09	62.31	25.48	0.07531	0.0031597	0	0	0	991	71.6	31.24	642.73	26.814	30.34	0	100.9	5060.9	110205
2	"13:52:24"	491.0	0	3	12	0.641	642.4	26.80	0.04634	991	82.73	-506.07	62.33	25.48	0.1105	0.0052091	0	0	0	991	71.6	31.24	642.64	26.823	30.33	0	100.9	5060.7	110205
3	"13:52:26"	493.0	0	3	16	0.525	642.5	26.81	0.03794	991	82.71	-506.07	62.35	25.49	0.090188	0.0046969	0	0	0	991	71.6	31.24	642.77	26.834	30.34	0	100.9	5060.7	110205
4	"13:52:28"	495.0	0	3	20	0.501	642.6	26.81	0.0362	991	82.70	-506.09	62.36	25.50	0.085906	0.0046982	0	0	0	991	71.6	31.24	643.17	26.838	30.34	0	100.9	5060.9	110205
5	"13:52:30"	497.0	0	3	20	0.501	642.8	26.82	0.03619	991	82.71	-506.07	62.35	25.50	0.086317	0.0040352	0	0	0	991	71.6	31.24	643.38	26.837	30.34	0	100.9	5060.7	110205
6	"13:52:32"	499.0	0	3	20	0.545	643.0	26.83	0.03938	991	82.76	-506.08	62.37	25.49	0.094899	0.0029304	0	0	0	991	71.6	31.24	643.71	26.847	30.34	0	100.9	5060.8	110205
7	"13:52:34"	501.0	0	3	20	0.644	643.2	26.84	0.04655	991	82.71	-506.08	62.35	25.50	0.11254	0.0029163	0	0	0	991	71.6	31.24	643.46	26.836	30.34	0	100.9	5060.8	110205
8	"13:52:36"	503.0	0	3	20	0.657	643.4	26.84	0.04747	991	82.76	-506.07	62.42	25.50	0.11472	0.0030375	0	0	0	991	71.6	31.24	643.97	26.866	30.34	0	100.9	5060.7	110205
9	"13:52:38"	505.0	0	3	20	0.676	643.6	26.85	0.04882	991	82.75	-506.07	62.44	25.51	0.11749	0.0038784	0	0	0	991	71.6	31.24	644.34	26.874	30.34	0	100.9	5060.7	110205
10	"13:52:40"	507.0	0	3	20	0.689	643.9	26.86	0.04979	991	82.85	-506.06	62.47	25.50	0.11954	0.0043504	0	0	0	991	71.6	31.24	644.38	26.888	30.34	0	100.9	5060.6	110205
11	"13:52:42"	509.0	0	3	20	0.701	644.1	26.87	0.05067	991	82.86	-506.08	62.47	25.49	0.12125	0.0050598	0	0	0	991	71.6	31.24	644.36	26.886	30.34	0	100.9	5060.8	110205
12	"13:52:44"	511.0	0	3	20	0.616	644.3	26.87	0.04448	991	82.88	-506.07	62.48	25.50	0.10668	0.0040432	0	0	0	991	71.6	31.24	645.04	26.894	30.34	0	100.9	5060.7	110205
13	"13:52:46"	513.0	0	3	20	0.575	644.5	26.88	0.04155	991	82.85	-506.08	62.50	25.51	0.099944	0.0033691	0	0	0	991	71.6	31.24	644.95	26.905	30.34	0	100.9	5060.8	110205
14	"13:52:48"	515.0	0	3	20	0.534	644.7	26.89	0.0386	991	82.91	-506.07	62.52	25.50	0.092441	0.0037366	0	0	0	991	71.6	31.24	645.14	26.911	30.34	0	100.9	5060.7	110205
15	"13:52:50"	517.0	0	3	20	0.618	644.9	26.90	0.04462	991	82.97	-506.06	62.56	25.50	0.10686	0.0043332	0	0	0	991	71.6	31.24	645.49	26.931	30.34	0	100.9	5060.6	110205
16	"13:52:52"	519.0	0	3	20	0.728	645.1	26.91	0.05256	991	82.98	-506.07	62.59	25.51	0.12473	0.0068301	0	0	0	991	71.6	31.24	645.54	26.941	30.34	0	100.9	5060.7	110205
17	"13:52:54"	521.0	0	3	20	0.545	645.3	26.92	0.03936	991	82.98	-506.07	62.59	25.51	0.092548	0.0064063	0	0	0	991	71.6	31.24	645.80	26.943	30.34	0	100.9	5060.7	110205
18	"13:52:56"	523.0	0	3	20	0.647	645.5	26.93	0.04677	991	82.99	-506.07	62.58	25.51	0.11112	0.005868	0	0	0	991	71.6	31.23	646.07	26.944	30.34	0	100.9	5060.7	110205
19	"13:52:58"	525.0	0	3	20	0.619	645.8	26.94	0.04471	991	83.03	-506.06	62.61	25.50	0.10712	0.0042554	0	0	0	991	71.6	31.23	646.28	26.953	30.34	0	100.9	5060.6	110205
20	"13:53:00"	527.0	0	3	20	0.589	646.0	26.95	0.04256	991	83.04	-506.06	62.63	25.51	0.10285	0.0027203	0	0	0	991	71.6	31.23	646.47	26.967	30.34	0	100.9	5060.6	110205
21	"13:53:02"	529.0	0	3	20	0.786	646.2	26.96	0.05676	991	83.08	-506.06	62.68	25.51	0.13768	0.002871	0	0	0	991	71.6	31.23	646.52	26.983	30.34	0	100.9	5060.6	110205
22	"13:53:04"	531.0	0	3	20	0.589	646.4	26.96	0.04255	991	83.06	-506.08	62.64	25.51	0.10208	0.0038378	0	0	0	991	71.6	31.23	646.77	26.970	30.34	0	100.9	5060.8	110205
23	"13:53:06"	533.0	0	3	20	0.487	646.6	26.97	0.03518	991	83.15	-506.07	62.72	25.51	0.083456	0.0046054	0	0	0	991	71.6	31.23	646.93	27.005	30.34	0	100.9	5060.7	110205
24	"13:53:08"	535.0	0	3	20	0.509	646.8	26.98	0.03676	991	83.21	-506.07	62.72	25.50	0.086539	0.0058141	0	0	0	991	71.6	31.23	647.24	27.005	30.34	0	100.9	5060.7	110205
25	"13:53:10"	537.0	0	3	20	0.479	647.0	26.99	0.03464	991	83.21	-506.08	62.74	25.50	0.081799	0.0050766	0	0	0	991	71.6	31.24	647.56	27.011	30.34	0	100.9	5060.8	110205
26	"13:53:12"	539.0	0	3	20	0.575	647.1	27.00	0.04156	991	83.22	-506.08	62.75	25.50	0.099125	0.0046177	0	0	0	991	71.6	31.23	647.57	27.018	30.34	0	100.9	5060.8	110205
27	"13:53:14"	541.0	0	3	20	0.653	647.3	27.01	0.04718	991	83.24	-506.07	62.79	25.51	0.11286	0.0047314	0	0	0	991	71.6	31.23	648.01	27.036	30.34	0	100.9	5060.7	110205
28	"13:53:16"	543.0	0	3	20	0.64	647.6	27.02	0.04626	991	83.26	-506.07	62.79	25.51	0.11143	0.0035047	0	0	0	991	71.6	31.23	647.83	27.033	30.34	0	100.9	5060.7	110205
29	"13:53:18"	545.0	0	3	20	0.623	647.7	27.02	0.04505	991	83.32	-506.07	62.84	25.51	0.10838	0.0035873	0	0	0	991	71.6	31.23	648.35	27.052	30.34	0	100.9	5060.7	110205
30	"13:53:20"	547.0	0	3	20	0.713	648.0	27.03	0.05154	991	83.30	-506.07	62.85	25.51	0.12455	0.003302	0	0	0	991	71.6	31.23	648.58	27.060	30.34	0	100.9	5060.7	110205
31	"13:53:22"	549.0	0	3	20	0.58	648.2	27.04	0.04192	991	83.29	-506.06	62.82	25.51	0.10049	0.0038837	0	0	0	991	71.6	31.23	648.84	27.046	30.34	0	100.9	5060.6	110205
32	"13:53:24"	551.0	0	3	20	0.554	648.4	27.05	0.04005	991	83.33	-506.08	62.85	25.51	0.096191	0.0034566	0	0	0	991	71.6	31.23	649.23	27.061	30.34	0	100.9	5060.8	110205
33	"13:53:26"	553.0	0	3	20	0.674	648.6	27.05	0.04873	991	83.33	-506.07	62.87	25.51	0.11721	0.0039213	0	0	0	991	71.6	31.23	649.35	27.067	30.34	0	100.9	5060.7	110205
34	"13:53:28"	555.0	0	3	20	0.53	648.8	27.06	0.03832	991	83.36	-506.08	62.86	25.51	0.092223	0.0030012	0	0	0	991	71.6	31.23	649.52	27.070	30.35	0	100.9	5060.8	110205
35	"13:53:30"	557.0	0	3	20	0.614	649.0	27.07	0.04438	991	83.42	-506.07	62.92	25.51	0.10703	0.0031433	0	0	0	991	71.6	31.23	649.59	27.092	30.34	0	100.9	5060.7	110205
36	"13:53:32"	559.0	0	3	20	0.609	649.3	27.07	0.04402	991	83.45	-506.07	62.93	25.51	0.10589	0.0035458	0	0	0	991	71.6	31.23	649.92	27.095	30.34	0	100.9	5060.7	110205
37	"13:53:34"	561.0	0	3	20	0.654	649.5	27.08	0.04727	991	83.48	-506.06	62.95	25.51	0.11388	0.0035358	0	0	0	991	71.6	31.24	649.90	27.105	30.34	0	100.9	5060.6	110205
38	"13:53:36"	563.0	0	3	20	0.661	649.7	27.09	0.04775	991	83.53	-506.07	63.00	25.51	0.11424	0.004775	0	0	0	991	71.6	31.24	650.14	27.126	30.35	0	100.9	5060.7	110205
39	"13:53:38"	565.0	0	3	20	0.563	649.9	27.10	0.04067	991	83.53	-506.07	63.00	25.51	0.096429	0.0053512	0	0	0	991	71.6	31.23	650.48	27.127	30.35	0	100.9	5060.7	110205
40	"13:53:40"	567.0	0	3	20	0.583	650.1	27.11	0.04214	991	83.51	-506.06	62.97	25.51	0.10061	0.0045131	0	0	0	991	71.6	31.23	650.58	27.117	30.35	0	100.9	5060.6	110205
41	"13:53:42"	569.0	0	3	20	0.57	650.3	27.11	0.04119	991	83.55	-506.07	63.02	25.51	0.099319	0.0029488	0	0	0	991	71.6	31.23	650.76	27.136	30.34	0	100.9	5060.7	110205
42	"13:53:44"	571.0	0	3	20	0.654	650.5	27.12	0.04726	991	83.58	-506.07	63.05	25.51	0.11448	0.0026058	0	0	0	991	71.6	31.23	650.95	27.148	30.34	0	100.9	5060.7	110205
43	"13:53:46"	573.0	0	3	20	0.629	650.7	27.13	0.04544	991	83.55	-506.07	63.04	25.52	0.10937	0.0035369	0	0	0	991	71.6	31.23	651.15	27.145	30.34	0	100.9	5060.7	110205
44	"13:53:48"	575.0	0	3	20	0.587	650.9	27.14	0.04239	991	83.62	-506.07	63.10	25.52	0.10148	0.0041405	0	0	0	991	71.6	31.23	651.59	27.167	30.34	0	100.9	5060.7	110205
45	"13:53:50"	577.0	0	3	20	0.717	651.2	27.14	0.05178	991	83.56	-506.07	63.07	25.52	0.12445	0.0042946	0	0	0	991	71.6	31.23	651.80	27.152	30.34	0	100.9	5060.7	110205
46	"13:53:52"	579.0	0	3	20	0.682	651.4	27.15	0.04925	991	83.60	-506.08	63.09	25.52	0.11956	0.0023378	0	0	0	991	71.6	31.23	651.73	27.161	30.34	0	100.9	5060.8	110205
47	"13:53:54"	581.0	0	3	20	0.486	651.6	27.16	0.0351	991	83.58	-506.07	63.11	25.52	0.08494	0.0020431	0	0	0	991	71.6	31.23	652.14	27.167	30.34	0	100.9	5060.7	110205
48	"13:53:56"	583.0	0	3	20	0.547	651.8	27.16	0.03951	991	83.62	-506.07	63.13	25.52	0.095281	0.0028231	0	0	0	991	71.6	31.24	652.31	27.180	30.34	0	100.9	5060.7	110205
49	"13:53:58"	585.0	0	3	20	0.552	652.0	27.17	0.03985	991	83.71	-506.07	63.16	25.51	0.09621	0.0026541	0	0	0	991	71.6	31.23	652.56	27.192	30.34	0	100.9	5060.7	110205
50	"13:54:00"	587.0	0	3	20	0.706	652.2	27.17	0.05104	991	83.70	-506.07	63.15	25.51	0.12318	0.003476	0	0	0	991	71.6	31.23	652.77	27.191	30.34	0	100.9	5060.7	110205
51	"13:54:02"	589.0	0	4	200	0.605	650.0	27.18	0.04373	991	83.73	-506.08	63.16	25.51	0.12949	0.0035318	0.00011222	-0.029219	0	991	71.6	31.23	652.88	27.194	30.34	0	100.9	5060.8	110205
52	"14:00:27"	974.0	0	3	8	0.901	642.3	27.95	0.06511	991	85.94	-506.07	64.89	25.53	0.15873	0.0021325	0	0	0	991	71.6	31.24	642.42	27.941	30.34	0	100.9	5060.7	110205
53	"14:00:29"	976.0	0	3	12	0.608	642.4	27.95	0.04389	991	86.00	-506.07	64.93	25.52	0.10705	0.0013574	0	0	0	991	71.6	31.23	643.02	27.954	30.34	0	100.9	5060.7	110205
54	"14:00:31"	978.0	0	3	16	0.695	642.6	27.95	0.05018	991	86.03	-506.07	64.96	25.53	0.12178	0.0024975	0	0	0	991	71.6	31.23	643.25	27.970	30.34	0	100.9	5060.7	110205
55	"14:00:33"	980.0	0	3	20	0.68	642.7	27.95	0.04916	991	86.01	-506.06	64.97	25.53	0.11907	0.0027802	0	0	0	991	71.6	31.23	643.23	27.972	30.34	0	100.9	5060.6	110205
56	"14:00:35"	982.0	0	3	20	0.614	642.9	27.96	0.04436	991	86.02	-506.07	64.97	25.53	0.10763	0.0022086	0	0	0	991	71.6	31.23	643.33	27.972	30.34	0	100.9	5060.7	110205
57	"14:00:37"	984.0	0	3	20	0.632	643.1	27.96	0.04564	991	86.06	-506.06	64.99	25.53	0.11084	0.0021471	0	0	0	991	71.6	31.23	643.64	27.977	30.34	0	100.9	5060.6	110205
58	"14:00:39"	986.0	0	3	20	0.584	643.3	27.97	0.04223	991	86.04	-506.07	64.99	25.53	0.10274	0.0016823	0	0	0	991	71.6	31.23	644.03	27.980	30.34	0	100.9	5060.7	110205
59	"14:00:41"	988.0	0	3	20	0.704	643.6	27.97	0.05088	991	86.03	-506.07	65.00	25.53	0.12388	0.0019009	0	0	0	991	71.6	31.23	644.18	27.981	30.34	0	100.9	5060.7	110205
60	"14:00:43"	990.0	0	3	20	0.715	643.8	27.97	0.05168	991	86.01	-506.08	64.98	25.54	0.12567	0.0021648	0	0	0	991	71.6	31.23	644.52	27.978	30.34	0	100.9	5060.8	110205
61	"14:00:45"	992.0	0	3	20	0.73	644.0	27.98	0.05277	991	86.08	-506.08	65.05	25.54	0.12865	0.0017339	0	0	0	991	71.6	31.23	644.26	28.007	30.34	0	100.9	5060.8	110205
62	"14:00:47"	994.0	0	3	20	0.59	644.3	27.98	0.04263	991	86.04	-506.07	65.01	25.54	0.10385	0.0014925	0	0	0	991	71.6	31.24	644.90	27.990	30.34	0	100.9	5060.7	110205
63	"14:00:49"	996.0	0	3	20	0.534	644.5	27.99	0.0386	991	86.05	-506.06	65.00	25.53	0.093863	0.0016097	0	0	0	991	71.6	31.23	644.97	27.984	30.34	0	100.9	5060.6	110205
64	"14:00:51"	998.0	0	3	20	0.675	644.7	27.99	0.04878	991	86.10	-506.08	65.03	25.53	0.11918	0.001197	0	0	0	991	71.6	31.23	645.18	28.001	30.34	0	100.9	5060.8	110205
65	"14:00:53"	1000.0	0	3	20	0.604	644.9	27.99	0.0436	991	86.10	-506.07	65.04	25.53	0.1058	0.0021794	0	0	0	991	71.6	31.23	645.37	28.001	30.34	0	100.9	5060.7	110205
66	"14:00:55"	1002.0	0	3	20	0.665	645.1	27.99	0.04805	991	86.13	-506.07	65.07	25.53	0.11701	0.0017555	0	0	0	991	71.6	31.23	645.71	28.013	30.34	0	100.9	5060.7	110205
67	"14:00:57"	1004.0	0	3	20	0.566	645.3	28.00	0.04087	991	86.13	-506.06	65.05	25.53	0.09881	0.0025809	0	0	0	991	71.6	31.23	645.85	28.006	30.34	0	100.9	5060.6	110205
68	"14:00:59"	1006.0	0	3	20	0.561	645.6	28.00	0.04051	991	86.19	-506.08	65.12	25.53	0.097625	0.0030232	0	0	0	991	71.6	31.24	645.88	28.036	30.34	0	100.9	5060.8	110205
69	"14:01:01"	1008.0	0	3	20	0.653	645.7	28.01	0.04719	991	86.17	-506.08	65.11	25.54	0.1147	0.0020609	0	0	0	991	71.6	31.24	646.60	28.031	30.34	0	100.9	5060.8	110205
70	"14:01:03"	1010.0	0	3	20	0.711	646.0	28.02	0.05136	991	86.14	-506.06	65.08	25.53	0.12393	0.0035841	0	0	0	991	71.6	31.24	646.50	28.021	30.34	0	100.9	5060.6	110205
71	"14:01:05"	1012.0	0	3	20	0.686	646.2	28.02	0.04956	991	86.14	-506.07	65.08	25.54	0.12082	0.0015989	0	0	0	991	71.6	31.24	646.85	28.024	30.34	0	100.9	5060.7	110205
72	"14:01:07"	1014.0	0	3	20	0.728	646.5	28.02	0.05259	991	86.17	-506.09	65.09	25.53	0.12868	0.00099289	0	0	0	991	71.6	31.24	646.98	28.027	30.34	0	100.9	5060.9	110205
73	"14:01:09"	1016.0	0	3	20	0.726	646.7	28.03	0.05243	991	86.24	-506.07	65.15	25.54	0.12851	0.00067465	0	0	0	991	71.6	31.24	647.39	28.052	30.34	0	100.9	5060.7	110205
74	"14:01:11"	1018.0	0	3	20	0.622	647.0	28.03	0.04493	991	86.21	-506.07	65.11	25.53	0.10943	0.0016249	0	0	0	991	71.6	31.24	647.42	28.038	30.34	0	100.9	5060.7	110205
75	"14:01:13"	1020.0	0	3	20	0.622	647.2	28.03	0.04495	991	86.19	-506.07	65.12	25.54	0.10886	0.0025561	0	0	0	991	71.6	31.23	647.73	28.040	30.34	0	100.9	5060.7	110205
76	"14:01:15"	1022.0	0	3	20	0.519	647.4	28.04	0.03751	991	86.20	-506.06	65.15	25.54	0.090229	0.0030647	0	0	0	991	71.6	31.23	647.88	28.049	30.34	0	100.9	5060.6	110205
77	"14:01:17"	1024.0	0	3	20	0.532	647.6	28.04	0.03844	991	86.26	-506.07	65.18	25.54	0.093072	0.0022185	0	0	0	991	71.6	31.23	648.17	28.066	30.34	0	100.9	5060.7	110205
78	"14:01:19"	1026.0	0	3	20	0.617	647.8	28.05	0.04455	991	86.21	-506.07	65.15	25.54	0.10823	0.0020151	0	0	0	991	71.6	31.23	648.41	28.055	30.34	0	100.9	5060.7	110205
79	"14:01:21"	1028.0	0	3	20	0.608	648.0	28.05	0.04395	991	86.26	-506.08	65.17	25.54	0.10605	0.0030938	0	0	0	991	71.6	31.23	648.54	28.062	30.34	0	100.9	5060.8	110205
80	"14:01:23"	1030.0	0	3	20	0.546	648.2	28.06	0.03948	991	86.31	-506.07	65.20	25.53	0.095348	0.0026343	0	0	0	991	71.6	31.23	648.62	28.075	30.34	0	100.9	5060.7	110205
81	"14:01:25"	1032.0	0	3	20	0.693	648.4	28.06	0.05009	991	86.30	-506.08	65.18	25.53	0.12197	0.0018374	0	0	0	991	71.6	31.23	649.21	28.066	30.34	0	100.9	5060.8	110205
82	"14:01:27"	1034.0	0	3	20	0.707	648.7	28.07	0.0511	991	86.28	-506.07	65.17	25.53	0.12509	0.00088089	0	0	0	991	71.6	31.23	649.23	28.061	30.34	0	100.9	5060.7	110205
83	"14:01:29"	1036.0	0	3	20	0.79	648.9	28.07	0.05708	991	86.36	-506.07	65.21	25.53	0.13943	0.0014387	0	0	0	991	71.6	31.23	649.73	28.076	30.34	0	100.9	5060.7	110205
84	"14:01:31"	1038.0	0	3	20	0.781	649.2	28.07	0.05643	991	86.34	-506.08	65.18	25.52	0.13798	0.0012124	0	0	0	991	71.6	31.23	649.45	28.065	30.34	0	100.9	5060.8	110205
85	"14:01:33"	1040.0	0	3	20	0.455	649.4	28.07	0.03287	991	86.34	-506.06	65.21	25.53	0.080867	-3.1596E-05	0	0	0	991	71.6	31.23	649.70	28.072	30.34	0	100.9	5060.6	110205
86	"14:01:35"	1042.0	0	3	20	0.425	649.6	28.07	0.03068	991	86.34	-506.07	65.23	25.53	0.07556	-0.00013824	0	0	0	991	71.6	31.23	649.93	28.078	30.34	0	100.9	5060.7	110205
87	"14:01:37"	1044.0	0	3	20	0.446	649.7	28.07	0.03221	991	86.33	-506.07	65.22	25.53	0.078763	0.00070716	0	0	0	991	71.6	31.24	650.39	28.078	30.34	0	100.9	5060.7	110205
88	"14:01:39"	1046.0	0	3	20	0.504	649.9	28.08	0.03644	991	86.35	-506.07	65.24	25.53	0.08791	0.0025633	0	0	0	991	71.6	31.24	650.48	28.085	30.34	0	100.9	5060.7	110205
89	"14:01:41"	1048.0	0	3	20	0.739	650.1	28.08	0.05339	991	86.32	-506.08	65.24	25.54	0.12945	0.0028066	0	0	0	991	71.6	31.24	650.66	28.086	30.34	0	100.9	5060.8	110205
90	"14:01:43"	1050.0	0	3	20	0.728	650.4	28.09	0.05258	991	86.36	-506.07	65.25	25.54	0.12783	0.0022421	0	0	0	991	71.6	31.24	651.05	28.094	30.34	0	100.9	5060.7	110205
91	"14:01:45"	1052.0	0	3	20	0.74	650.6	28.09	0.05347	991	86.41	-506.06	65.29	25.54	0.13044	0.0016135	0	0	0	991	71.6	31.24	651.20	28.113	30.34	0	100.9	5060.6	110205
92	"14:01:47"	1054.0	0	3	20	0.652	650.8	28.09	0.04707	991	86.36	-506.06	65.27	25.54	0.11393	0.0027758	0	0	0	991	71.6	31.24	651.34	28.105	30.34	0	100.9	5060.6	110205
93	"14:01:49"	1056.0	0	3	20	0.618	651.1	28.10	0.04466	991	86.33	-506.08	65.25	25.55	0.10758	0.0033807	0	0	0	991	71.6	31.24	651.40	28.099	30.35	0	100.9	5060.8	110205
94	"14:01:51"	1058.0	0	3	20	0.478	651.2	28.11	0.03454	991	86.39	-506.07	65.29	25.54	0.082955	0.0029806	0	0	0	991	71.6	31.24	651.79	28.114	30.34	0	100.9	5060.7	110205
95	"14:01:53"	1060.0	0	3	20	0.557	651.5	28.11	0.04021	991	86.47	-506.07	65.30	25.53	0.097105	0.0026893	0	0	0	991	71.6	31.23	652.13	28.117	30.34	0	100.9	5060.7	110205
96	"14:01:55"	1062.0	0	3	20	0.649	651.7	28.11	0.04692	991	86.44	-506.08	65.28	25.53	0.11463	0.0011539	0	0	0	991	71.6	31.23	652.13	28.108	30.34	0	100.9	5060.8	110205
97	"14:01:57"	1064.0	0	3	20	0.666	651.9	28.12	0.04813	991	86.47	-506.07	65.32	25.53	0.11754	0.0012731	0	0	0	991	71.6	31.23	652.49	28.122	30.34	0	100.9	5060.7	110205
98	"14:01:59"	1066.0	0	3	20	0.834	652.2	28.12	0.06027	991	86.50	-506.06	65.34	25.53	0.14786	0.00055259	0	0	0	991	71.6	31.23	653.04	28.131	30.34	0	100.9	5060.6	110205
99	"14:02:01"	1068.0	0	3	20	0.673	652.4	28.12	0.04864	991	86.49	-506.07	65.33	25.53	0.11819	0.002154	0	0	0	991	71.6	31.23	652.94	28.129	30.34	0	100.9	5060.7	110205
100	"14:02:03"	1070.0	0	3	20	0.659	652.7	28.12	0.0476	991	86.49	-506.08	65.32	25.53	0.11608	0.0014845	0	0	0	991	71.6	31.23	652.91	28.123	30.34	0	100.9	5060.8	110205
101	"14:02:05"	1072.0	0	3	20	0.56	652.9	28.13	0.04049	991	86.47	-506.08	65.33	25.53	0.09842	0.0017435	0	0	0	991	71.6	31.23	653.40	28.126	30.34	0	100.9	5060.8	110205
102	"14:02:07"	1074.0	0	4	200	0.625	650.0	28.13	0.04519	991	86.51	-506.06	65.33	25.53	0.080927	0.0010325	-0.00018866	0.16781	0	991	71.6	31.23	653.68	28.124	30.34	0	100.9	5060.6	110205
103	"14:08:20"	1447.0	0	3	8	0.733	642.3	28.42	0.05297	991	87.45	-506.08	66.06	25.52	0.13269	-0.0036783	0	0	0	991	71.6	31.23	642.48	28.419	30.33	0	100.9	5060.8	110205
104	"14:08:22"	1449.0	0	3	12	0.767	642.4	28.42	0.05541	991	87.48	-506.09	66.07	25.52	0.13624	2.2341E-05	0	0	0	991	71.6	31.23	642.83	28.423	30.33	0	100.9	5060.9	110205
105	"14:08:24"	1451.0	0	3	16	0.701	642.6	28.42	0.05066	991	87.47	-506.08	66.04	25.51	0.12395	0.00093622	0	0	0	991	71.6	31.24	642.95	28.412	30.33	0	100.9	5060.8	110205
106	"14:08:26"	1453.0	0	3	20	0.563	642.6	28.42	0.04069	991	87.51	-506.08	66.10	25.52	0.099733	0.00051065	0	0	0	991	71.6	31.24	643.09	28.438	30.33	0	100.9	5060.8	110205
107	"14:08:28"	1455.0	0	3	20	0.494	642.8	28.42	0.03569	991	87.47	-506.08	66.07	25.52	0.087175	0.00089847	0	0	0	991	71.6	31.24	643.54	28.429	30.33	0	100.9	5060.8	110205
108	"14:08:30"	1457.0	0	3	20	0.589	643.1	28.43	0.04254	991	87.48	-506.08	66.06	25.52	0.10389	0.001104	0	0	0	991	71.6	31.24	643.70	28.427	30.33	0	100.9	5060.8	110205
109	"14:08:32"	1459.0	0	3	20	0.603	643.3	28.43	0.04359	991	87.49	-506.07	66.08	25.52	0.10607	0.00172	0	0	0	991	71.6	31.24	643.82	28.435	30.33	0	100.9	5060.7	110205
110	"14:08:34"	1461.0	0	3	20	0.685	643.5	28.43	0.04948	991	87.60	-506.07	66.16	25.52	0.12002	0.0025013	0	0	0	991	71.6	31.24	644.27	28.464	30.33	0	100.9	5060.7	110205
111	"14:08:36"	1463.0	0	3	20	0.609	643.7	28.44	0.04399	991	87.56	-506.07	66.11	25.52	0.10599	0.003295	0	0	0	991	71.6	31.24	644.20	28.449	30.34	0	100.9	5060.7	110205
112	"14:08:38"	1465.0	0	3	20	0.509	643.9	28.45	0.03677	991	87.65	-506.08	66.12	25.50	0.088609	0.0027304	0	0	0	991	71.6	31.24	644.60	28.456	30.34	0	100.9	5060.8	110205
113	"14:08:40"	1467.0	0	3	20	0.647	644.1	28.45	0.04676	991	87.57	-506.07	66.09	25.51	0.11426	0.0010781	0	0	0	991	71.6	31.23	644.71	28.437	30.33	0	100.9	5060.7	110205
114	"14:08:42"	1469.0	0	3	20	0.636	644.3	28.45	0.04596	991	87.60	-506.06	66.13	25.51	0.113	4.4164E-05	0	0	0	991	71.6	31.23	645.08	28.451	30.33	0	100.9	5060.6	110205
115	"14:08:44"	1471.0	0	3	20	0.745	644.6	28.45	0.05386	991	87.55	-506.09	66.13	25.52	0.13294	-0.00073494	0	0	0	991	71.6	31.23	645.66	28.451	30.33	0	100.9	5060.9	110205
116	"14:08:46"	1473.0	0	3	20	0.861	644.9	28.45	0.06219	991	87.72	-506.07	66.15	25.49	0.15213	0.0011804	0	0	0	991	71.6	31.23	645.09	28.459	30.33	0	100.9	5060.7	110205
117	"14:08:48"	1475.0	0	3	20	0.635	645.1	28.45	0.04588	991	87.65	-506.07	66.13	25.50	0.11129	0.0023016	0	0	0	991	71.6	31.23	645.57	28.449	30.33	0	100.9	5060.7	110205
118	"14:08:50"	1477.0	0	3	20	0.52	645.3	28.45	0.03754	991	87.70	-506.07	66.16	25.50	0.091562	0.0011108	0	0	0	991	71.6	31.23	645.77	28.462	30.33	0	100.9	5060.7	110205
119	"14:08:52"	1479.0	0	3	20	0.354	645.5	28.46	0.02554	991	87.68	-506.06	66.15	25.50	0.062332	0.00072325	0	0	0	991	71.6	31.23	645.74	28.458	30.33	0	100.9	5060.6	110205
120	"14:08:54"	1481.0	0	3	20	0.273	645.6	28.46	0.01975	991	87.59	-506.09	66.12	25.51	0.048982	-0.00062146	0	0	0	991	71.6	31.23	645.97	28.442	30.33	0	100.9	5060.9	110205
121	"14:08:56"	1483.0	0	3	20	0.461	645.7	28.45	0.03332	991	87.69	-506.06	66.17	25.50	0.082536	-0.00090644	0	0	0	991	71.6	31.23	646.33	28.462	30.33	0	100.9	5060.6	110205
122	"14:08:58"	1485.0	0	3	20	0.57	645.9	28.45	0.04118	991	87.65	-506.07	66.16	25.50	0.10162	-0.00052439	0	0	0	991	71.6	31.23	646.59	28.455	30.33	0	100.9	5060.7	110205
123	"14:09:00"	1487.0	0	3	20	0.66	646.1	28.46	0.04772	991	87.70	-506.08	66.21	25.51	0.1169	0.00064724	0	0	0	991	71.6	31.24	647.02	28.479	30.33	0	100.9	5060.8	110205
124	"14:09:02"	1489.0	0	3	20	0.815	646.4	28.46	0.05887	991	87.66	-506.07	66.19	25.51	0.14313	0.0024387	0	0	0	991	71.6	31.24	647.22	28.469	30.33	0	100.9	5060.7	110205
125	"14:09:04"	1491.0	0	3	20	0.813	646.7	28.46	0.05878	991	87.59	-506.07	66.14	25.51	0.14342	0.0016714	0	0	0	991	71.6	31.24	647.36	28.450	30.33	0	100.9	5060.7	110205
126	"14:09:06"	1493.0	0	3	20	0.739	646.9	28.46	0.0534	991	87.60	-506.07	66.16	25.52	0.1311	0.00031902	0	0	0	991	71.6	31.24	647.60	28.462	30.33	0	100.9	5060.7	110205
127	"14:09:08"	1495.0	0	3	20	0.686	647.2	28.46	0.04954	991	87.60	-506.07	66.14	25.51	0.12263	-0.0012187	0	0	0	991	71.6	31.24	647.51	28.455	30.33	0	100.9	5060.7	110205
128	"14:09:10"	1497.0	0	3	20	0.452	647.4	28.46	0.03269	991	87.64	-506.07	66.17	25.51	0.081166	-0.0011865	0	0	0	991	71.6	31.24	647.84	28.469	30.33	0	100.9	5060.7	110205
129	"14:09:12"	1499.0	0	3	20	0.563	647.6	28.46	0.04067	991	87.67	-506.08	66.19	25.51	0.09985	0.00022376	0	0	0	991	71.6	31.24	648.26	28.476	30.33	0	100.9	5060.8	110205
130	"14:09:14"	1501.0	0	3	20	0.72	647.9	28.46	0.05203	991	87.69	-506.07	66.19	25.51	0.1266	0.0019966	0	0	0	991	71.6	31.24	648.40	28.476	30.33	0	100.9	5060.7	110205
131	"14:09:16"	1503.0	0	3	20	0.7	648.1	28.47	0.0506	991	87.65	-506.07	66.20	25.52	0.12265	0.0026693	0	0	0	991	71.6	31.24	648.64	28.486	30.33	0	100.9	5060.7	110205
132	"14:09:18"	1505.0	0	3	20	0.721	648.3	28.47	0.05206	991	87.66	-506.07	66.20	25.52	0.12601	0.0030238	0	0	0	991	71.6	31.24	648.79	28.481	30.33	0	100.9	5060.7	110205
133	"14:09:20"	1507.0	0	3	20	0.508	648.5	28.48	0.03671	991	87.68	-506.08	66.20	25.51	0.089423	0.0012696	0	0	0	991	71.6	31.24	649.22	28.481	30.33	0	100.9	5060.8	110205
134	"14:09:22"	1509.0	0	3	20	0.544	648.7	28.48	0.03931	991	87.67	-506.07	66.21	25.52	0.096318	0.00051132	0	0	0	991	71.6	31.23	649.50	28.484	30.33	0	100.9	5060.7	110205
135	"14:09:24"	1511.0	0	3	20	0.744	649.0	28.48	0.05376	991	87.70	-506.07	66.23	25.52	0.13165	0.00080704	0	0	0	991	71.6	31.23	649.59	28.492	30.33	0	100.9	5060.7	110205
136	"14:09:26"	1513.0	0	3	20	0.777	649.2	28.48	0.05614	991	87.70	-506.06	66.24	25.52	0.13717	0.0012901	0	0	0	991	71.6	31.23	650.18	28.494	30.33	0	100.9	5060.6	110205
137	"14:09:28"	1515.0	0	3	20	0.768	649.5	28.49	0.05548	991	87.71	-506.06	66.24	25.52	0.13519	0.0018479	0	0	0	991	71.6	31.23	649.97	28.495	30.33	0	100.9	5060.6	110205
138	"14:09:30"	1517.0	0	3	20	0.624	649.7	28.49	0.04506	991	87.67	-506.08	66.24	25.52	0.11001	0.0012111	0	0	0	991	71.6	31.23	650.05	28.494	30.33	0	100.9	5060.8	110205
139	"14:09:32"	1519.0	0	3	20	0.458	649.9	28.49	0.03306	991	87.67	-506.06	66.22	25.52	0.080441	0.0012646	0	0	0	991	71.6	31.23	650.34	28.482	30.33	0	100.9	5060.6	110205
140	"14:09:34"	1521.0	0	3	20	0.401	650.1	28.49	0.02896	991	87.68	-506.08	66.25	25.52	0.07104	0.00026913	0	0	0	991	71.6	31.23	650.65	28.495	30.33	0	100.9	5060.8	110205
141	"14:09:36"	1523.0	0	3	20	0.522	650.3	28.50	0.03768	991	87.75	-506.07	66.30	25.52	0.09187	0.001172	0	0	0	991	71.6	31.23	651.05	28.515	30.33	0	100.9	5060.7	110205
142	"14:09:38"	1525.0	0	3	20	0.584	650.5	28.50	0.04218	991	87.66	-506.08	66.23	25.52	0.10303	0.0010424	0	0	0	991	71.6	31.23	650.86	28.482	30.33	0	100.9	5060.8	110205
143	"14:09:40"	1527.0	0	3	20	0.712	650.7	28.50	0.05142	991	87.75	-506.09	66.27	25.51	0.12598	0.00069268	0	0	0	991	71.6	31.23	651.49	28.503	30.33	0	100.9	5060.9	110205
144	"14:09:42"	1529.0	0	3	20	0.767	651.0	28.50	0.05542	991	87.74	-506.07	66.29	25.52	0.13498	0.0019208	0	0	0	991	71.6	31.23	651.51	28.506	30.32	0	100.9	5060.7	110205
145	"14:09:44"	1531.0	0	3	20	0.613	651.2	28.50	0.04426	991	87.74	-506.07	66.30	25.52	0.10828	0.00083647	0	0	0	991	71.6	31.24	651.83	28.513	30.33	0	100.9	5060.7	110205
146	"14:09:46"	1533.0	0	3	20	0.678	651.4	28.51	0.049	991	87.79	-506.07	66.29	25.51	0.1199	0.0008856	0	0	0	991	71.6	31.24	652.03	28.510	30.33	0	100.9	5060.7	110205
147	"14:09:48"	1535.0	0	3	20	0.587	651.7	28.51	0.04239	991	87.79	-506.07	66.28	25.51	0.10294	0.0019346	0	0	0	991	71.6	31.24	651.98	28.509	30.33	0	100.9	5060.7	110205
148	"14:09:50"	1537.0	0	3	20	0.464	651.8	28.51	0.03355	991	87.88	-506.07	66.31	25.50	0.082149	0.00049916	0	0	0	991	71.6	31.24	652.58	28.520	30.33	0	100.9	5060.7	110205
149	"14:09:52"	1539.0	0	3	20	0.588	652.0	28.51	0.04249	991	87.78	-506.08	66.25	25.50	0.10422	0.00038116	0	0	0	991	71.6	31.24	652.39	28.496	30.33	0	100.9	5060.8	110205
150	"14:09:54"	1541.0	0	3	20	0.569	652.2	28.51	0.04113	991	87.74	-506.07	66.25	25.51	0.10157	-0.00063608	0	0	0	991	71.6	31.24	653.00	28.496	30.33	0	100.9	5060.7	110205
151	"14:09:56"	1543.0	0	3	20	0.755	652.5	28.51	0.05457	991	87.74	-506.08	66.25	25.52	0.13534	-0.0017322	0	0	0	991	71.6	31.24	653.50	28.501	30.33	0	100.9	5060.8	110205
152	"14:09:58"	1545.0	0	3	20	0.896	652.8	28.51	0.06471	991	87.75	-506.08	66.30	25.52	0.15941	-0.00042278	0	0	0	991	71.6	31.24	653.35	28.516	30.33	0	100.9	5060.8	110205
153	"14:10:00"	1547.0	0	4	200	0.639	650.0	28.51	0.04615	991	87.87	-506.07	66.33	25.51	0.13968	0.00028438	0.00026313	-0.12488	0	991	71.6	31.23	653.57	28.533	30.33	0	100.9	5060.7	110205
