"OPEN 5.3.2"
"Thr May 30 2019 15:59:37"
"Unit="	"PSC-895"
"ComputeList="	"/User/Configs/Comps/Soil Efflux Eqns.LPL"
"BLCTable="	"/Sys/Lib/StdBLCTable"
"LightSource="	"Sun+Sky"	1	0.19
"LogFormat="	"/User/Configs/LogFormats/Soil Efflux Log Fmt"
"LogCodes="	-35	-21	-36	-104	310	311	320	302	303	306	304	321	322	323	324	300	301	330	331	305	307	308	-8	-2	-5	-9	-13	-11	-61	-23
"PromptList="	"/User/Configs/Prompts/Soil Efflux Prompts"
"Stability= (CO2S 15s SLP<1)(H2OS 15s SLP<1)(Flow 15s SLP<1)"
"15:59:38 "
$STARTOFDATA$
"Obs"	"HHMMSS"	"FTime"	"Plot#"	"Mode"	"Smpls"	"EFFLUX"	"C2avg"	"Wavg"	"dc'/dt"	"Vtot"	"RHcmbr%"	"Tsoil_C"	"RHirga%"	"Tsch_C"	"dC/dt"	"dW/dt"	"R(C)m"	"R(C)b"	"InsDpth"	"Vbase"	"Area"	"TBlk"	"CO2S"	"H2OS"	"Tair"	"PARo"	"Press"	"uc_21_mV"	"Status"
1	"16:03:15"	236.0	0	3	8	0.534	495.1	26.49	0.03856	991	71.23	-506.02	63.04	27.85	0.089937	0.010818	0	0	0	991	71.6	30.03	495.47	26.508	29.96	0	101.1	5060.2	110205
2	"16:03:17"	238.0	0	3	12	0.748	495.2	26.50	0.05402	991	71.36	-506.03	63.12	27.84	0.12861	0.010028	0	0	0	991	71.6	30.03	495.68	26.553	29.96	0	101.1	5060.3	110205
3	"16:03:19"	240.0	0	3	16	0.787	495.4	26.52	0.05685	991	71.39	-506.04	63.10	27.84	0.13487	0.011485	0	0	0	991	71.6	30.03	495.96	26.553	29.97	0	101.1	5060.4	110205
4	"16:03:21"	242.0	0	3	20	0.699	495.5	26.53	0.0505	991	71.44	-506.02	63.13	27.83	0.11921	0.011385	0	0	0	991	71.6	30.04	496.00	26.570	29.97	0	101.1	5060.2	110205
5	"16:03:23"	244.0	0	3	20	0.676	495.7	26.55	0.04886	991	71.50	-506.02	63.18	27.84	0.11533	0.011014	0	0	0	991	71.6	30.04	496.43	26.597	29.97	0	101.1	5060.2	110205
6	"16:03:25"	246.0	0	3	20	0.578	495.9	26.57	0.04174	991	71.58	-506.02	63.26	27.84	0.097529	0.011353	0	0	0	991	71.6	30.04	496.50	26.634	29.98	0	101.1	5060.2	110205
7	"16:03:27"	248.0	0	3	20	0.544	496.1	26.59	0.03933	991	71.58	-506.04	63.26	27.85	0.092173	0.010175	0	0	0	991	71.6	30.05	496.78	26.640	29.98	0	101.1	5060.4	110205
8	"16:03:29"	250.0	0	3	20	0.572	496.3	26.61	0.04132	991	71.67	-506.02	63.33	27.85	0.096553	0.011207	0	0	0	991	71.6	30.05	496.85	26.674	29.98	0	101.1	5060.2	110205
9	"16:03:31"	252.0	0	3	20	0.535	496.5	26.64	0.03864	991	71.65	-506.03	63.36	27.86	0.089638	0.011796	0	0	0	991	71.6	30.06	497.05	26.693	29.99	0	101.1	5060.3	110205
10	"16:03:33"	254.0	0	3	20	0.539	496.7	26.66	0.03892	991	71.64	-506.03	63.36	27.87	0.091124	0.010246	0	0	0	991	71.6	30.06	497.04	26.696	29.99	0	101.1	5060.3	110205
11	"16:03:35"	256.0	0	3	20	0.573	496.9	26.68	0.04137	991	71.76	-506.03	63.43	27.86	0.09752	0.009564	0	0	0	991	71.6	30.06	497.48	26.731	29.99	0	101.1	5060.3	110205
12	"16:03:37"	258.0	0	3	20	0.635	497.1	26.70	0.04589	991	71.82	-506.02	63.45	27.86	0.10823	0.010499	0	0	0	991	71.6	30.07	497.77	26.745	29.99	0	101.1	5060.2	110205
13	"16:03:39"	260.0	0	3	20	0.653	497.3	26.72	0.04719	991	71.83	-506.02	63.49	27.87	0.11156	0.010287	0	0	0	991	71.6	30.07	497.87	26.767	30.00	0	101.1	5060.2	110205
14	"16:03:41"	262.0	0	3	20	0.542	497.5	26.74	0.03913	991	71.96	-506.03	63.59	27.87	0.091614	0.010281	0	0	0	991	71.6	30.07	497.84	26.812	30.00	0	101.1	5060.3	110205
15	"16:03:43"	264.0	0	3	20	0.548	497.7	26.76	0.0396	991	71.97	-506.01	63.59	27.87	0.09241	0.010992	0	0	0	991	71.6	30.07	498.34	26.816	30.00	0	101.1	5060.1	110205
16	"16:03:45"	266.0	0	3	20	0.559	497.9	26.78	0.04038	991	71.98	-506.04	63.61	27.88	0.09489	0.0099066	0	0	0	991	71.6	30.08	498.56	26.836	30.01	0	101.1	5060.4	110205
17	"16:03:47"	268.0	0	3	20	0.708	498.1	26.80	0.05119	991	72.09	-506.02	63.68	27.87	0.12093	0.011287	0	0	0	991	71.6	30.08	498.84	26.868	30.01	0	101.1	5060.2	110205
18	"16:03:49"	270.0	0	3	20	0.752	498.3	26.82	0.05432	991	72.10	-506.04	63.69	27.87	0.12877	0.011117	0	0	0	991	71.6	30.09	498.98	26.877	30.02	0	101.1	5060.4	110205
19	"16:03:51"	272.0	0	3	20	0.674	498.6	26.85	0.04868	991	72.05	-506.02	63.74	27.90	0.11495	0.01084	0	0	0	991	71.6	30.09	499.25	26.902	30.02	0	101.1	5060.2	110205
20	"16:03:53"	274.0	0	3	20	0.617	498.8	26.87	0.04455	991	72.06	-506.03	63.76	27.91	0.10453	0.01121	0	0	0	991	71.6	30.09	499.46	26.917	30.02	0	101.1	5060.3	110205
21	"16:03:55"	276.0	0	3	20	0.57	499.0	26.89	0.04121	991	72.09	-506.03	63.77	27.91	0.097228	0.0093466	0	0	0	991	71.6	30.09	499.41	26.926	30.03	0	101.1	5060.3	110205
22	"16:03:57"	278.0	0	3	20	0.628	499.2	26.90	0.04534	991	72.17	-506.03	63.83	27.91	0.10779	0.008698	0	0	0	991	71.6	30.10	499.72	26.958	30.03	0	101.1	5060.3	110205
23	"16:03:59"	280.0	0	3	20	0.624	499.4	26.93	0.04512	991	72.09	-506.01	63.82	27.92	0.10709	0.0089841	0	0	0	991	71.6	30.10	499.88	26.954	30.03	0	101.1	5060.1	110205
24	"16:04:01"	282.0	0	3	20	0.579	499.6	26.94	0.04181	991	72.21	-506.03	63.91	27.92	0.098888	0.0090217	0	0	0	991	71.6	30.10	500.19	26.999	30.03	0	101.1	5060.3	110205
25	"16:04:03"	284.0	0	3	20	0.567	499.8	26.96	0.04094	991	72.27	-506.02	63.91	27.91	0.096375	0.0096755	0	0	0	991	71.6	30.11	500.14	27.001	30.04	0	101.1	5060.2	110205
26	"16:04:05"	286.0	0	3	20	0.502	500.0	26.98	0.03628	991	72.22	-506.03	63.92	27.93	0.085305	0.0088151	0	0	0	991	71.6	30.11	500.29	27.011	30.04	0	101.1	5060.3	110205
27	"16:04:07"	288.0	0	3	20	0.535	500.2	27.00	0.03865	991	72.29	-506.02	63.99	27.93	0.09151	0.0081499	0	0	0	991	71.6	30.11	500.73	27.043	30.04	0	101.1	5060.2	110205
28	"16:04:09"	290.0	0	3	20	0.576	500.4	27.01	0.04161	991	72.36	-506.03	64.02	27.93	0.097821	0.010117	0	0	0	991	71.6	30.12	501.11	27.065	30.05	0	101.1	5060.3	110205
29	"16:04:11"	292.0	0	3	20	0.669	500.6	27.04	0.04832	991	72.49	-506.02	64.08	27.92	0.11398	0.010994	0	0	0	991	71.6	30.12	501.39	27.097	30.05	0	101.1	5060.2	110205
30	"16:04:13"	294.0	0	3	20	0.64	500.8	27.06	0.04624	991	72.53	-506.03	64.08	27.91	0.10887	0.010872	0	0	0	991	71.6	30.12	501.25	27.099	30.05	0	101.1	5060.3	110205
31	"16:04:15"	296.0	0	3	20	0.57	501.0	27.08	0.04117	991	72.51	-506.02	64.17	27.94	0.096563	0.010452	0	0	0	991	71.6	30.12	501.67	27.139	30.05	0	101.1	5060.2	110205
32	"16:04:17"	298.0	0	3	20	0.605	501.2	27.10	0.04375	991	72.48	-506.02	64.17	27.96	0.10342	0.0094989	0	0	0	991	71.6	30.13	501.62	27.147	30.06	0	101.1	5060.2	110205
33	"16:04:19"	300.0	0	3	20	0.524	501.4	27.12	0.03786	991	72.50	-506.03	64.15	27.95	0.089303	0.0086031	0	0	0	991	71.6	30.13	501.88	27.145	30.06	0	101.1	5060.3	110205
34	"16:04:21"	302.0	0	3	20	0.624	501.6	27.13	0.04512	991	72.57	-506.03	64.20	27.95	0.1071	0.0089314	0	0	0	991	71.6	30.13	502.12	27.168	30.07	0	101.1	5060.3	110205
35	"16:04:23"	304.0	0	3	20	0.548	501.8	27.15	0.03957	991	72.57	-506.02	64.24	27.96	0.09388	0.0079546	0	0	0	991	71.6	30.14	502.44	27.193	30.07	0	101.1	5060.2	110205
36	"16:04:25"	306.0	0	3	20	0.542	502.0	27.17	0.03916	991	72.65	-506.02	64.29	27.96	0.092574	0.0085094	0	0	0	991	71.6	30.14	502.53	27.219	30.07	0	101.1	5060.2	110205
37	"16:04:27"	308.0	0	3	20	0.61	502.2	27.19	0.04408	991	72.73	-506.02	64.35	27.96	0.10385	0.010262	0	0	0	991	71.6	30.14	502.94	27.245	30.07	0	101.1	5060.2	110205
38	"16:04:29"	310.0	0	3	20	0.711	502.4	27.21	0.05138	991	72.82	-506.02	64.35	27.94	0.12176	0.010537	0	0	0	991	71.6	30.14	503.02	27.252	30.08	0	101.1	5060.2	110205
39	"16:04:31"	312.0	0	3	20	0.772	502.7	27.23	0.0558	991	72.87	-506.02	64.42	27.95	0.1329	0.010191	0	0	0	991	71.6	30.15	503.28	27.285	30.08	0	101.1	5060.2	110205
40	"16:04:33"	314.0	0	3	20	0.654	502.9	27.25	0.04726	991	72.92	-506.03	64.45	27.95	0.11184	0.010016	0	0	0	991	71.6	30.15	503.38	27.304	30.08	0	101.1	5060.3	110205
41	"16:04:35"	316.0	0	3	20	0.533	503.1	27.27	0.0385	991	72.88	-506.03	64.43	27.96	0.090204	0.0099261	0	0	0	991	71.6	30.15	503.57	27.301	30.09	0	101.1	5060.3	110205
42	"16:04:37"	318.0	0	3	20	0.492	503.3	27.28	0.03553	991	72.82	-506.03	64.46	27.98	0.08317	0.0092727	0	0	0	991	71.6	30.16	503.90	27.318	30.09	0	101.1	5060.3	110205
43	"16:04:39"	320.0	0	3	20	0.594	503.5	27.30	0.04292	991	72.79	-506.04	64.51	28.01	0.10201	0.0082531	0	0	0	991	71.6	30.16	503.95	27.342	30.09	0	101.1	5060.4	110205
44	"16:04:41"	322.0	0	3	20	0.7	503.7	27.32	0.05056	991	72.85	-506.02	64.56	28.01	0.12112	0.0079073	0	0	0	991	71.6	30.16	504.61	27.369	30.10	0	101.1	5060.2	110205
45	"16:04:43"	324.0	0	3	20	0.755	503.9	27.34	0.05458	991	72.94	-506.01	64.57	27.99	0.13068	0.0086561	0	0	0	991	71.6	30.16	504.48	27.378	30.10	0	101.1	5060.1	110205
46	"16:04:45"	326.0	0	3	20	0.61	504.2	27.35	0.04411	991	73.06	-506.02	64.64	27.98	0.10427	0.0095335	0	0	0	991	71.6	30.17	505.00	27.410	30.10	0	101.1	5060.2	110205
47	"16:04:46"	327.0	0	4	182	0.615	500.0	27.36	0.04446	991	73.06	-506.03	64.63	27.98	0.10906	0.0095867	-0.0001746	0.13176	0	991	71.6	30.17	504.85	27.407	30.10	0	101.1	5060.3	110205
48	"16:07:10"	471.0	0	3	8	0.753	495.3	27.56	0.05442	991	72.58	-506.02	64.31	28.20	0.12797	0.013536	0	0	0	991	71.6	30.36	495.63	27.578	30.30	0	101.1	5060.2	110205
49	"16:07:12"	473.0	0	3	12	0.722	495.4	27.56	0.05218	991	72.68	-506.01	64.33	28.19	0.1243	0.009801	0	0	0	991	71.6	30.37	495.70	27.593	30.30	0	101.1	5060.1	110205
50	"16:07:14"	475.0	0	3	16	0.579	495.5	27.57	0.04186	991	72.77	-506.01	64.38	28.18	0.098938	0.0094046	0	0	0	991	71.6	30.37	495.75	27.619	30.30	0	101.1	5060.1	110205
51	"16:07:16"	477.0	0	3	20	0.608	495.6	27.59	0.04394	991	72.71	-506.02	64.43	28.21	0.10327	0.011028	0	0	0	991	71.6	30.37	496.44	27.645	30.31	0	101.1	5060.2	110205
52	"16:07:18"	479.0	0	3	20	0.618	495.9	27.61	0.04464	991	72.78	-506.02	64.47	28.21	0.10485	0.011326	0	0	0	991	71.6	30.37	496.58	27.665	30.31	0	101.1	5060.2	110205
53	"16:07:20"	481.0	0	3	20	0.747	496.1	27.63	0.05399	991	72.85	-506.01	64.48	28.20	0.1277	0.01195	0	0	0	991	71.6	30.38	496.65	27.674	30.31	0	101.1	5060.1	110205
54	"16:07:22"	483.0	0	3	20	0.741	496.3	27.65	0.05352	991	72.87	-506.03	64.52	28.21	0.12727	0.010499	0	0	0	991	71.6	30.38	497.11	27.697	30.31	0	101.1	5060.3	110205
55	"16:07:24"	485.0	0	3	20	0.709	496.6	27.67	0.0512	991	72.88	-506.02	64.55	28.22	0.1221	0.0093791	0	0	0	991	71.6	30.38	497.09	27.711	30.32	0	101.1	5060.2	110205
56	"16:07:26"	487.0	0	3	20	0.687	496.8	27.69	0.04967	991	73.01	-506.01	64.64	28.21	0.11821	0.009517	0	0	0	991	71.6	30.39	497.38	27.756	30.32	0	101.1	5060.1	110205
57	"16:07:28"	489.0	0	3	20	0.584	497.1	27.71	0.04219	991	73.06	-506.02	64.65	28.21	0.099076	0.010724	0	0	0	991	71.6	30.39	497.66	27.767	30.32	0	101.1	5060.2	110205
58	"16:07:30"	491.0	0	3	20	0.583	497.2	27.73	0.04213	991	73.06	-506.02	64.70	28.22	0.098982	0.010624	0	0	0	991	71.6	30.39	497.93	27.793	30.33	0	101.1	5060.2	110205
59	"16:07:32"	493.0	0	3	20	0.51	497.5	27.75	0.03686	991	73.09	-506.02	64.70	28.22	0.086915	0.008652	0	0	0	991	71.6	30.39	498.10	27.796	30.33	0	101.1	5060.2	110205
60	"16:07:34"	495.0	0	3	20	0.528	497.7	27.77	0.03813	991	73.05	-506.02	64.70	28.23	0.090141	0.0084969	0	0	0	991	71.6	30.40	498.19	27.801	30.33	0	101.1	5060.2	110205
61	"16:07:36"	497.0	0	3	20	0.629	497.8	27.79	0.04547	991	73.18	-506.00	64.78	28.22	0.10886	0.0074569	0	0	0	991	71.6	30.40	498.51	27.838	30.33	0	101.1	5060.0	110205
62	"16:07:38"	499.0	0	3	20	0.654	498.1	27.80	0.04728	991	73.25	-506.02	64.83	28.22	0.11258	0.0089659	0	0	0	991	71.6	30.40	498.73	27.863	30.34	0	101.1	5060.2	110205
63	"16:07:40"	501.0	0	3	20	0.673	498.3	27.82	0.0486	991	73.32	-506.02	64.88	28.22	0.11451	0.011589	0	0	0	991	71.6	30.41	498.82	27.891	30.34	0	101.1	5060.2	110205
64	"16:07:42"	503.0	0	3	20	0.692	498.5	27.85	0.05002	991	73.39	-506.02	64.92	28.22	0.11775	0.012073	0	0	0	991	71.6	30.41	498.98	27.913	30.34	0	101.1	5060.2	110205
65	"16:07:44"	505.0	0	3	20	0.665	498.8	27.87	0.04805	991	73.31	-506.02	64.90	28.24	0.11282	0.012182	0	0	0	991	71.6	30.41	499.24	27.910	30.34	0	101.1	5060.2	110205
66	"16:07:46"	507.0	0	3	20	0.724	499.0	27.89	0.05228	991	73.38	-506.02	64.96	28.24	0.12461	0.0096653	0	0	0	991	71.6	30.42	499.82	27.937	30.35	0	101.1	5060.2	110205
67	"16:07:48"	509.0	0	3	20	0.854	499.3	27.91	0.06173	991	73.42	-506.02	64.99	28.24	0.14883	0.0080675	0	0	0	991	71.6	30.42	500.06	27.954	30.35	0	101.1	5060.2	110205
68	"16:07:50"	511.0	0	3	20	0.864	499.6	27.93	0.06242	991	73.46	-506.02	65.06	28.25	0.15035	0.0084483	0	0	0	991	71.6	30.42	500.26	27.992	30.35	0	101.1	5060.2	110205
69	"16:07:52"	513.0	0	3	20	0.751	499.8	27.94	0.05428	991	73.48	-506.01	65.10	28.26	0.12983	0.0091384	0	0	0	991	71.6	30.42	500.29	28.012	30.36	0	101.1	5060.1	110205
70	"16:07:54"	515.0	0	3	20	0.6	500.1	27.96	0.04335	991	73.49	-506.03	65.06	28.25	0.10227	0.010064	0	0	0	991	71.6	30.43	500.63	28.001	30.36	0	101.1	5060.3	110205
71	"16:07:56"	517.0	0	3	20	0.501	500.3	27.98	0.03622	991	73.58	-506.02	65.10	28.24	0.085202	0.0088695	0	0	0	991	71.6	30.43	500.72	28.018	30.36	0	101.1	5060.2	110205
72	"16:07:58"	519.0	0	3	20	0.562	500.4	28.00	0.04063	991	73.57	-506.01	65.15	28.26	0.095917	0.009269	0	0	0	991	71.6	30.43	500.93	28.050	30.37	0	101.1	5060.1	110205
73	"16:08:00"	521.0	0	3	20	0.588	500.6	28.02	0.04251	991	73.62	-506.03	65.20	28.27	0.10111	0.008239	0	0	0	991	71.6	30.44	501.17	28.076	30.37	0	101.1	5060.3	110205
74	"16:08:02"	523.0	0	3	20	0.628	500.9	28.04	0.0454	991	73.71	-506.02	65.24	28.26	0.10757	0.0096153	0	0	0	991	71.6	30.44	501.46	28.097	30.37	0	101.1	5060.2	110205
75	"16:08:04"	525.0	0	3	20	0.706	501.1	28.05	0.05102	991	73.64	-506.01	65.25	28.28	0.12148	0.0096455	0	0	0	991	71.6	30.44	501.88	28.104	30.37	0	101.1	5060.1	110205
76	"16:08:06"	527.0	0	3	20	0.773	501.4	28.07	0.05585	991	73.68	-506.02	65.27	28.28	0.13391	0.0087377	0	0	0	991	71.6	30.45	501.91	28.119	30.38	0	101.1	5060.2	110205
77	"16:08:08"	529.0	0	3	20	0.628	501.6	28.09	0.0454	991	73.74	-506.02	65.30	28.28	0.1074	0.0099293	0	0	0	991	71.6	30.45	502.07	28.140	30.38	0	101.1	5060.2	110205
78	"16:08:10"	531.0	0	3	20	0.517	501.8	28.11	0.03734	991	73.69	-506.02	65.32	28.30	0.088373	0.0080969	0	0	0	991	71.6	30.45	502.16	28.154	30.38	0	101.1	5060.2	110205
79	"16:08:12"	533.0	0	3	20	0.557	502.0	28.13	0.04025	991	73.75	-506.02	65.36	28.29	0.094632	0.0099199	0	0	0	991	71.6	30.45	502.50	28.173	30.39	0	101.1	5060.2	110205
80	"16:08:14"	535.0	0	3	20	0.628	502.2	28.15	0.04536	991	73.92	-506.01	65.42	28.27	0.10806	0.008437	0	0	0	991	71.6	30.46	502.62	28.204	30.39	0	101.1	5060.1	110205
81	"16:08:16"	537.0	0	3	20	0.708	502.4	28.16	0.05118	991	73.77	-506.01	65.40	28.31	0.12295	0.007571	0	0	0	991	71.6	30.46	503.06	28.199	30.39	0	101.1	5060.1	110205
82	"16:08:18"	539.0	0	3	20	0.613	502.6	28.18	0.0443	991	73.90	-506.02	65.50	28.30	0.1051	0.0091065	0	0	0	991	71.6	30.46	503.19	28.245	30.40	0	101.1	5060.2	110205
83	"16:08:20"	541.0	0	3	20	0.586	502.8	28.20	0.04237	991	73.92	-506.03	65.50	28.30	0.10005	0.0096317	0	0	0	991	71.6	30.47	503.42	28.250	30.40	0	101.1	5060.3	110205
84	"16:08:22"	543.0	0	3	20	0.663	503.0	28.22	0.0479	991	73.92	-506.02	65.51	28.31	0.113	0.01108	0	0	0	991	71.6	30.47	503.74	28.263	30.40	0	101.1	5060.2	110205
85	"16:08:24"	545.0	0	3	20	0.752	503.3	28.24	0.05434	991	74.01	-506.03	65.53	28.30	0.12984	0.009367	0	0	0	991	71.6	30.47	503.88	28.275	30.40	0	101.1	5060.3	110205
86	"16:08:26"	547.0	0	3	20	0.739	503.5	28.26	0.05343	991	74.01	-506.02	65.59	28.31	0.1284	0.0078043	0	0	0	991	71.6	30.47	504.04	28.304	30.41	0	101.1	5060.2	110205
87	"16:08:28"	549.0	0	3	20	0.718	503.8	28.27	0.05184	991	74.10	-506.02	65.61	28.30	0.12506	0.0066352	0	0	0	991	71.6	30.48	504.39	28.318	30.41	0	101.1	5060.2	110205
88	"16:08:30"	551.0	0	3	20	0.7	504.0	28.29	0.05059	991	74.12	-506.02	65.64	28.31	0.12118	0.0081246	0	0	0	991	71.6	30.48	504.77	28.335	30.41	0	101.1	5060.2	110205
89	"16:08:32"	553.0	0	3	20	0.698	504.3	28.30	0.05042	991	74.13	-506.01	65.64	28.31	0.12026	0.009087	0	0	0	991	71.6	30.48	504.81	28.338	30.41	0	101.1	5060.1	110205
90	"16:08:34"	555.0	0	3	20	0.619	504.5	28.32	0.04469	991	74.21	-506.03	65.71	28.31	0.10586	0.0094671	0	0	0	991	71.6	30.48	505.24	28.373	30.42	0	101.1	5060.3	110205
91	"16:08:35"	555.5	0	4	169	0.662	500.0	28.32	0.04783	991	74.22	-506.02	65.73	28.31	0.10586	0.0094671	-4.7356E-05	0.071508	0	991	71.6	30.49	505.30	28.382	30.42	0	101.1	5060.2	110205
92	"16:11:15"	715.5	0	3	8	1.17	495.3	28.53	0.08422	991	73.75	-506.02	65.27	28.52	0.20557	0.0065802	0	0	0	991	71.6	30.71	495.62	28.552	30.64	0	101.1	5060.2	110205
93	"16:11:17"	717.5	0	3	12	0.774	495.4	28.54	0.0559	991	73.75	-506.03	65.30	28.54	0.13362	0.0099054	0	0	0	991	71.6	30.72	495.68	28.569	30.65	0	101.1	5060.3	110205
94	"16:11:19"	719.5	0	3	16	0.713	495.5	28.55	0.05153	991	73.78	-506.01	65.34	28.54	0.12311	0.0092738	0	0	0	991	71.6	30.72	496.26	28.588	30.65	0	101.1	5060.1	110205
95	"16:11:21"	721.5	0	3	20	0.738	495.6	28.56	0.05329	991	73.85	-506.02	65.36	28.53	0.12749	0.0092237	0	0	0	991	71.6	30.72	496.22	28.607	30.65	0	101.1	5060.2	110205
96	"16:11:23"	723.5	0	3	20	0.686	495.9	28.58	0.04956	991	73.91	-506.03	65.41	28.54	0.11758	0.010484	0	0	0	991	71.6	30.72	496.72	28.636	30.66	0	101.1	5060.3	110205
97	"16:11:25"	725.5	0	3	20	0.761	496.1	28.60	0.05499	991	73.83	-506.02	65.41	28.56	0.13118	0.010262	0	0	0	991	71.6	30.73	496.73	28.639	30.66	0	101.1	5060.2	110205
98	"16:11:27"	727.5	0	3	20	0.687	496.4	28.62	0.04961	991	73.88	-506.02	65.45	28.56	0.11783	0.010282	0	0	0	991	71.6	30.73	496.68	28.661	30.66	0	101.1	5060.2	110205
99	"16:11:29"	729.5	0	3	20	0.537	496.6	28.63	0.03882	991	73.85	-506.03	65.47	28.57	0.091948	0.0085257	0	0	0	991	71.6	30.73	497.30	28.674	30.67	0	101.1	5060.3	110205
100	"16:11:31"	731.5	0	3	20	0.643	496.8	28.65	0.04645	991	73.93	-506.01	65.53	28.57	0.11128	0.0077522	0	0	0	991	71.6	30.74	497.45	28.703	30.67	0	101.1	5060.1	110205
101	"16:11:33"	733.5	0	3	20	0.746	497.1	28.67	0.0539	991	74.03	-506.02	65.57	28.56	0.1292	0.0088425	0	0	0	991	71.6	30.74	497.67	28.727	30.67	0	101.1	5060.2	110205
102	"16:11:35"	735.5	0	3	20	0.662	497.2	28.69	0.04783	991	74.05	-506.03	65.58	28.57	0.11353	0.010014	0	0	0	991	71.6	30.74	497.86	28.736	30.67	0	101.1	5060.3	110205
103	"16:11:37"	737.5	0	3	20	0.681	497.5	28.71	0.04919	991	74.18	-506.03	65.69	28.57	0.1165	0.010805	0	0	0	991	71.6	30.75	498.11	28.791	30.68	0	101.1	5060.3	110205
104	"16:11:39"	739.5	0	3	20	0.609	497.7	28.73	0.04398	991	74.18	-506.02	65.67	28.57	0.1033	0.011324	0	0	0	991	71.6	30.75	498.34	28.787	30.68	0	101.1	5060.2	110205
105	"16:11:41"	741.5	0	3	20	0.628	498.0	28.75	0.04538	991	74.19	-506.02	65.68	28.57	0.10748	0.0099704	0	0	0	991	71.6	30.75	498.68	28.793	30.68	0	101.1	5060.2	110205
106	"16:11:43"	743.5	0	3	20	0.732	498.1	28.77	0.05287	991	74.25	-506.01	65.71	28.56	0.12683	0.0084691	0	0	0	991	71.6	30.75	498.77	28.813	30.69	0	101.1	5060.1	110205
107	"16:11:45"	745.5	0	3	20	0.572	498.4	28.79	0.04133	991	74.27	-506.02	65.75	28.57	0.098756	0.0073939	0	0	0	991	71.6	30.76	499.07	28.836	30.69	0	101.1	5060.2	110205
108	"16:11:47"	747.5	0	3	20	0.598	498.6	28.80	0.04318	991	74.34	-506.03	65.81	28.57	0.10373	0.0066531	0	0	0	991	71.6	30.76	499.03	28.866	30.69	0	101.1	5060.3	110205
109	"16:11:49"	749.5	0	3	20	0.678	498.8	28.82	0.04896	991	74.31	-506.01	65.76	28.57	0.11644	0.0097808	0	0	0	991	71.6	30.76	499.40	28.848	30.69	0	101.1	5060.1	110205
110	"16:11:51"	751.5	0	3	20	0.643	499.1	28.84	0.04645	991	74.41	-506.02	65.84	28.57	0.11112	0.008014	0	0	0	991	71.6	30.77	499.83	28.884	30.70	0	101.1	5060.2	110205
111	"16:11:53"	753.5	0	3	20	0.683	499.3	28.85	0.04938	991	74.34	-506.02	65.84	28.59	0.11907	0.0066957	0	0	0	991	71.6	30.77	499.90	28.889	30.70	0	101.1	5060.2	110205
112	"16:11:55"	755.5	0	3	20	0.64	499.5	28.87	0.04621	991	74.46	-506.03	65.91	28.59	0.111	0.0070772	0	0	0	991	71.6	30.77	500.09	28.929	30.70	0	101.1	5060.3	110205
113	"16:11:57"	757.5	0	3	20	0.741	499.8	28.89	0.0535	991	74.45	-506.02	65.93	28.59	0.12851	0.008231	0	0	0	991	71.6	30.77	500.47	28.939	30.70	0	101.1	5060.2	110205
114	"16:11:59"	759.5	0	3	20	0.685	500.0	28.90	0.04947	991	74.48	-506.01	65.95	28.59	0.11689	0.011368	0	0	0	991	71.6	30.77	500.70	28.951	30.71	0	101.1	5060.1	110205
115	"16:12:01"	761.5	0	3	20	0.69	500.3	28.92	0.04983	991	74.52	-506.00	65.95	28.59	0.11836	0.010224	0	0	0	991	71.6	30.78	501.14	28.957	30.71	0	101.1	5060.0	110205
116	"16:12:03"	763.5	0	3	20	0.745	500.5	28.94	0.05381	991	74.60	-506.01	66.03	28.59	0.12942	0.0079228	0	0	0	991	71.6	30.78	500.92	28.997	30.71	0	101.1	5060.1	110205
117	"16:12:05"	765.5	0	3	20	0.614	500.7	28.96	0.04439	991	74.51	-506.02	66.02	28.61	0.10611	0.007804	0	0	0	991	71.6	30.78	501.12	28.995	30.71	0	101.1	5060.2	110205
118	"16:12:07"	767.5	0	3	20	0.546	500.9	28.98	0.03942	991	74.66	-506.02	66.07	28.60	0.093353	0.0086438	0	0	0	991	71.6	30.79	501.50	29.021	30.72	0	101.1	5060.2	110205
119	"16:12:09"	769.5	0	3	20	0.486	501.1	28.99	0.0351	991	74.63	-506.02	66.09	28.61	0.082546	0.0088186	0	0	0	991	71.6	30.79	501.48	29.034	30.72	0	101.1	5060.2	110205
120	"16:12:11"	771.5	0	3	20	0.544	501.3	29.01	0.03933	991	74.62	-506.00	66.11	28.62	0.093126	0.0086317	0	0	0	991	71.6	30.79	501.84	29.048	30.72	0	101.1	5060.0	110205
121	"16:12:13"	773.5	0	3	20	0.695	501.5	29.02	0.05022	991	74.68	-506.02	66.13	28.62	0.12136	0.0062911	0	0	0	991	71.6	30.79	502.23	29.063	30.73	0	101.1	5060.2	110205
122	"16:12:15"	775.5	0	3	20	0.716	501.8	29.04	0.05173	991	74.74	-506.02	66.17	28.62	0.1249	0.0066699	0	0	0	991	71.6	30.80	502.46	29.085	30.73	0	101.1	5060.2	110205
123	"16:12:17"	777.5	0	3	20	0.747	502.0	29.05	0.05399	991	74.80	-506.02	66.20	28.61	0.12983	0.0079896	0	0	0	991	71.6	30.80	502.82	29.104	30.73	0	101.1	5060.2	110205
124	"16:12:19"	779.5	0	3	20	0.811	502.3	29.07	0.05858	991	74.76	-506.01	66.21	28.63	0.14079	0.0088229	0	0	0	991	71.6	30.80	503.04	29.111	30.73	0	101.1	5060.1	110205
125	"16:12:21"	781.5	0	3	20	0.806	502.6	29.09	0.0582	991	74.79	-506.02	66.25	28.63	0.13964	0.0092399	0	0	0	991	71.6	30.81	503.43	29.132	30.74	0	101.1	5060.2	110205
126	"16:12:23"	783.5	0	3	20	0.668	502.8	29.11	0.04828	991	74.89	-506.02	66.33	28.63	0.11504	0.0092043	0	0	0	991	71.6	30.81	503.38	29.175	30.74	0	101.1	5060.2	110205
127	"16:12:25"	785.5	0	3	20	0.626	503.0	29.13	0.04524	991	74.88	-506.01	66.33	28.63	0.10747	0.0092223	0	0	0	991	71.6	30.81	503.61	29.174	30.74	0	101.1	5060.1	110205
128	"16:12:27"	787.5	0	3	20	0.588	503.3	29.14	0.04245	991	74.88	-506.02	66.35	28.64	0.10064	0.0090818	0	0	0	991	71.6	30.81	503.89	29.188	30.74	0	101.1	5060.2	110205
129	"16:12:29"	789.5	0	3	20	0.634	503.5	29.16	0.04578	991	74.89	-506.02	66.36	28.65	0.10947	0.0079461	0	0	0	991	71.6	30.82	504.14	29.198	30.75	0	101.1	5060.2	110205
130	"16:12:31"	791.5	0	3	20	0.7	503.7	29.18	0.05059	991	75.00	-506.02	66.39	28.63	0.12191	0.0069543	0	0	0	991	71.6	30.82	504.26	29.218	30.75	0	101.1	5060.2	110205
131	"16:12:33"	793.5	0	3	20	0.689	504.0	29.19	0.04981	991	75.06	-506.02	66.45	28.64	0.11983	0.0072477	0	0	0	991	71.6	30.82	504.60	29.245	30.75	0	101.1	5060.2	110205
132	"16:12:35"	795.5	0	3	20	0.784	504.2	29.21	0.05662	991	75.00	-506.01	66.44	28.65	0.13586	0.0089107	0	0	0	991	71.6	30.82	504.91	29.249	30.76	0	101.1	5060.1	110205
133	"16:12:36"	796.5	0	4	162	0.682	500.0	29.21	0.04925	991	75.04	-506.01	66.47	28.65	0.13685	0.0089789	-0.00029743	0.19796	0	991	71.6	30.83	505.12	29.263	30.76	0	101.1	5060.1	110205
134	"16:15:05"	945.5	0	3	8	0.646	495.2	29.29	0.0467	991	74.40	-506.01	65.84	28.83	0.11183	0.0081148	0	0	0	991	71.6	31.02	495.60	29.318	30.95	0	101.1	5060.1	110205
135	"16:15:07"	947.5	0	3	12	0.672	495.4	29.30	0.04859	991	74.41	-506.02	65.87	28.84	0.11649	0.0081623	0	0	0	991	71.6	31.03	495.87	29.337	30.96	0	101.1	5060.2	110205
136	"16:15:09"	949.5	0	3	16	0.681	495.5	29.31	0.04923	991	74.46	-506.01	65.89	28.83	0.11756	0.009186	0	0	0	991	71.6	31.03	495.85	29.347	30.96	0	101.1	5060.1	110205
137	"16:15:11"	951.5	0	3	20	0.557	495.5	29.32	0.04023	991	74.49	-506.01	65.94	28.84	0.095376	0.0088534	0	0	0	991	71.6	31.03	496.08	29.372	30.96	0	101.1	5060.1	110205
138	"16:15:13"	953.5	0	3	20	0.58	495.8	29.34	0.04191	991	74.50	-506.01	65.94	28.84	0.099878	0.0081935	0	0	0	991	71.6	31.03	496.28	29.378	30.96	0	101.1	5060.1	110205
139	"16:15:15"	955.5	0	3	20	0.57	496.0	29.35	0.04121	991	74.58	-506.01	65.99	28.84	0.098415	0.0076889	0	0	0	991	71.6	31.04	496.78	29.402	30.97	0	101.1	5060.1	110205
140	"16:15:17"	957.5	0	3	20	0.82	496.3	29.37	0.05927	991	74.62	-506.02	66.00	28.83	0.14315	0.0078651	0	0	0	991	71.6	31.04	496.99	29.413	30.97	0	101.1	5060.2	110205
141	"16:15:19"	959.5	0	3	20	0.949	496.5	29.39	0.06856	991	74.62	-506.01	66.04	28.84	0.16591	0.0084869	0	0	0	991	71.6	31.04	496.91	29.432	30.97	0	101.1	5060.1	110205
142	"16:15:21"	961.5	0	3	20	0.694	496.8	29.40	0.05014	991	74.60	-506.02	66.02	28.85	0.12005	0.0087214	0	0	0	991	71.6	31.04	497.25	29.431	30.97	0	101.1	5060.2	110205
143	"16:15:23"	963.5	0	3	20	0.63	497.0	29.42	0.0455	991	74.75	-506.03	66.10	28.84	0.10887	0.0080718	0	0	0	991	71.6	31.05	497.44	29.472	30.98	0	101.1	5060.3	110205
144	"16:15:25"	965.5	0	3	20	0.453	497.3	29.44	0.03277	991	74.69	-506.01	66.11	28.86	0.07659	0.0093304	0	0	0	991	71.6	31.05	497.74	29.479	30.98	0	101.1	5060.1	110205
145	"16:15:27"	967.5	0	3	20	0.605	497.4	29.46	0.04373	991	74.74	-506.02	66.17	28.86	0.10343	0.0101	0	0	0	991	71.6	31.05	498.17	29.513	30.98	0	101.1	5060.2	110205
146	"16:15:29"	969.5	0	3	20	0.797	497.6	29.47	0.05755	991	74.70	-506.01	66.13	28.86	0.1383	0.0090588	0	0	0	991	71.6	31.05	498.16	29.496	30.98	0	101.1	5060.1	110205
147	"16:15:31"	971.5	0	3	20	0.707	497.9	29.49	0.05111	991	74.90	-506.01	66.23	28.84	0.12258	0.0084734	0	0	0	991	71.6	31.06	498.40	29.541	30.98	0	101.1	5060.1	110205
148	"16:15:33"	973.5	0	3	20	0.768	498.1	29.51	0.0555	991	74.79	-506.01	66.21	28.87	0.13392	0.007622	0	0	0	991	71.6	31.06	499.01	29.538	30.99	0	101.1	5060.1	110205
149	"16:15:35"	975.5	0	3	20	0.714	498.4	29.52	0.05159	991	74.86	-506.01	66.26	28.87	0.12413	0.0077652	0	0	0	991	71.6	31.06	498.64	29.567	30.99	0	101.1	5060.1	110205
150	"16:15:37"	977.5	0	3	20	0.553	498.6	29.54	0.03995	991	74.97	-506.00	66.31	28.86	0.094944	0.0083362	0	0	0	991	71.6	31.06	499.49	29.593	30.99	0	101.1	5060.0	110205
151	"16:15:39"	979.5	0	3	20	0.778	498.9	29.56	0.05621	991	74.98	-506.01	66.32	28.86	0.13486	0.0091919	0	0	0	991	71.6	31.06	499.53	29.598	30.99	0	101.1	5060.1	110205
152	"16:15:41"	981.5	0	3	20	0.748	499.1	29.58	0.05401	991	75.00	-506.01	66.36	28.87	0.12906	0.0098678	0	0	0	991	71.6	31.07	499.67	29.620	31.00	0	101.1	5060.1	110205
153	"16:15:43"	983.5	0	3	20	0.766	499.4	29.59	0.05532	991	75.04	-506.01	66.40	28.87	0.13232	0.009876	0	0	0	991	71.6	31.07	500.03	29.640	31.00	0	101.1	5060.1	110205
154	"16:15:45"	985.5	0	3	20	0.823	499.6	29.62	0.05948	991	75.06	-506.03	66.42	28.88	0.14272	0.0097017	0	0	0	991	71.6	31.07	500.61	29.661	31.00	0	101.1	5060.3	110205
155	"16:15:47"	987.5	0	3	20	0.66	499.9	29.63	0.04769	991	75.05	-506.01	66.43	28.88	0.11412	0.0083852	0	0	0	991	71.6	31.07	500.36	29.668	31.01	0	101.1	5060.1	110205
156	"16:15:49"	989.5	0	3	20	0.656	500.1	29.65	0.04738	991	75.08	-506.01	66.50	28.89	0.11315	0.0088176	0	0	0	991	71.6	31.08	500.77	29.700	31.01	0	101.1	5060.1	110205
157	"16:15:51"	991.5	0	3	20	0.687	500.4	29.67	0.04967	991	75.18	-506.02	66.53	28.88	0.11827	0.0098595	0	0	0	991	71.6	31.08	500.98	29.721	31.01	0	101.1	5060.2	110205
158	"16:15:53"	993.5	0	3	20	0.684	500.6	29.69	0.04942	991	75.26	-506.02	66.57	28.88	0.11819	0.0088148	0	0	0	991	71.6	31.08	501.43	29.741	31.01	0	101.1	5060.2	110205
159	"16:15:55"	995.5	0	3	20	0.586	500.8	29.71	0.04231	991	75.26	-506.03	66.57	28.88	0.10009	0.009674	0	0	0	991	71.6	31.09	501.18	29.750	31.02	0	101.1	5060.3	110205
160	"16:15:57"	997.5	0	3	20	0.641	501.0	29.72	0.0463	991	75.31	-506.02	66.60	28.88	0.11052	0.0086526	0	0	0	991	71.6	31.09	501.50	29.761	31.02	0	101.1	5060.2	110205
161	"16:15:59"	999.5	0	3	20	0.531	501.3	29.74	0.03839	991	75.38	-506.02	66.65	28.88	0.090971	0.0084651	0	0	0	991	71.6	31.09	502.18	29.790	31.02	0	101.1	5060.2	110205
162	"16:16:01"	1001.5	0	3	20	0.665	501.5	29.76	0.04806	991	75.31	-506.01	66.62	28.89	0.11531	0.0078474	0	0	0	991	71.6	31.09	501.97	29.781	31.02	0	101.1	5060.1	110205
163	"16:16:03"	1003.5	0	3	20	0.692	501.7	29.77	0.05	991	75.39	-506.01	66.65	28.88	0.12147	0.0052737	0	0	0	991	71.6	31.10	502.37	29.799	31.03	0	101.1	5060.1	110205
164	"16:16:05"	1005.5	0	3	20	0.745	502.0	29.78	0.05382	991	75.35	-506.01	66.69	28.90	0.13111	0.0049795	0	0	0	991	71.6	31.10	502.68	29.820	31.03	0	101.1	5060.1	110205
165	"16:16:07"	1007.5	0	3	20	0.738	502.2	29.79	0.05336	991	75.40	-506.03	66.70	28.90	0.12965	0.0055631	0	0	0	991	71.6	31.10	502.85	29.831	31.03	0	101.1	5060.3	110205
166	"16:16:09"	1009.5	0	3	20	0.679	502.5	29.81	0.04903	991	75.51	-506.02	66.75	28.89	0.11766	0.0079521	0	0	0	991	71.6	31.10	503.13	29.856	31.03	0	101.1	5060.2	110205
167	"16:16:11"	1011.5	0	3	20	0.783	502.7	29.82	0.05656	991	75.54	-506.02	66.78	28.89	0.13517	0.010253	0	0	0	991	71.6	31.11	503.42	29.876	31.04	0	101.1	5060.2	110205
168	"16:16:13"	1013.5	0	3	20	0.713	503.0	29.84	0.05152	991	75.62	-506.02	66.79	28.88	0.12283	0.0098793	0	0	0	991	71.6	31.11	503.42	29.886	31.04	0	101.1	5060.2	110205
169	"16:16:15"	1015.5	0	3	20	0.777	503.2	29.86	0.05614	991	75.65	-506.02	66.84	28.89	0.1343	0.009896	0	0	0	991	71.6	31.11	503.84	29.909	31.04	0	101.1	5060.2	110205
170	"16:16:17"	1017.5	0	3	20	0.784	503.5	29.88	0.05665	991	75.67	-506.02	66.89	28.90	0.13598	0.0090825	0	0	0	991	71.6	31.11	504.06	29.936	31.04	0	101.1	5060.2	110205
171	"16:16:19"	1019.5	0	3	20	0.72	503.7	29.90	0.05199	991	75.65	-506.01	66.90	28.91	0.12473	0.0084764	0	0	0	991	71.6	31.12	504.10	29.947	31.05	0	101.1	5060.1	110205
172	"16:16:21"	1021.5	0	3	20	0.576	503.9	29.92	0.04163	991	75.66	-506.00	66.90	28.91	0.099505	0.0074953	0	0	0	991	71.6	31.12	504.76	29.952	31.05	0	101.1	5060.0	110205
173	"16:16:23"	1023.5	0	3	20	0.665	504.2	29.93	0.04807	991	75.66	-506.01	66.92	28.91	0.11617	0.0062545	0	0	0	991	71.6	31.12	504.59	29.963	31.05	0	101.1	5060.1	110205
174	"16:16:25"	1025.5	0	3	20	0.607	504.4	29.94	0.04389	991	75.71	-506.02	66.95	28.92	0.10562	0.0065301	0	0	0	991	71.6	31.13	505.01	29.983	31.06	0	101.1	5060.2	110205
175	"16:16:25"	1026.0	0	4	161	0.688	500.0	29.94	0.04968	991	75.71	-506.01	66.95	28.92	0.10562	0.0065301	3.3422E-05	0.03297	0	991	71.6	31.13	505.19	29.985	31.06	0	101.1	5060.1	110205
176	"16:19:11"	1192.0	0	3	8	0.466	495.4	30.02	0.03366	991	75.04	-506.03	66.36	29.11	0.077475	0.012107	0	0	0	991	71.6	31.32	495.86	30.055	31.25	0	101.1	5060.3	110205
177	"16:19:13"	1194.0	0	3	12	0.731	495.6	30.03	0.05282	991	75.08	-506.02	66.39	29.11	0.12502	0.012251	0	0	0	991	71.6	31.33	496.05	30.069	31.25	0	101.1	5060.2	110205
178	"16:19:15"	1196.0	0	3	16	0.633	495.7	30.04	0.04573	991	75.09	-506.02	66.41	29.12	0.10802	0.011029	0	0	0	991	71.6	31.33	496.04	30.087	31.26	0	101.1	5060.2	110205
179	"16:19:17"	1198.0	0	3	20	0.629	495.8	30.05	0.04541	991	75.12	-506.01	66.45	29.12	0.10747	0.010567	0	0	0	991	71.6	31.33	496.37	30.105	31.26	0	101.1	5060.1	110205
180	"16:19:19"	1200.0	0	3	20	0.611	496.0	30.07	0.04414	991	75.15	-506.02	66.44	29.11	0.10516	0.0089052	0	0	0	991	71.6	31.33	496.62	30.108	31.26	0	101.1	5060.2	110205
181	"16:19:21"	1202.0	0	3	20	0.73	496.3	30.09	0.05275	991	75.24	-506.03	66.52	29.12	0.12633	0.0093598	0	0	0	991	71.6	31.34	496.81	30.151	31.27	0	101.1	5060.3	110205
182	"16:19:23"	1204.0	0	3	20	0.75	496.5	30.11	0.05417	991	75.27	-506.03	66.52	29.11	0.12966	0.0097502	0	0	0	991	71.6	31.34	497.11	30.154	31.27	0	101.1	5060.3	110205
183	"16:19:25"	1206.0	0	3	20	0.779	496.8	30.13	0.0563	991	75.25	-506.02	66.54	29.13	0.13551	0.0086294	0	0	0	991	71.6	31.34	497.49	30.169	31.27	0	101.1	5060.2	110205
184	"16:19:27"	1208.0	0	3	20	0.829	497.1	30.15	0.05991	991	75.36	-506.02	66.60	29.12	0.14486	0.0079258	0	0	0	991	71.6	31.34	497.56	30.201	31.27	0	101.1	5060.2	110205
185	"16:19:29"	1210.0	0	3	20	0.695	497.3	30.16	0.05021	991	75.34	-506.02	66.60	29.12	0.12094	0.0075462	0	0	0	991	71.6	31.35	497.94	30.200	31.28	0	101.1	5060.2	110205
186	"16:19:31"	1212.0	0	3	20	0.845	497.6	30.18	0.06106	991	75.44	-506.03	66.65	29.12	0.14738	0.0085775	0	0	0	991	71.6	31.35	498.30	30.232	31.28	0	101.1	5060.3	110205
187	"16:19:33"	1214.0	0	3	20	0.695	497.8	30.20	0.05021	991	75.44	-506.02	66.67	29.13	0.11985	0.0096559	0	0	0	991	71.6	31.35	498.30	30.246	31.28	0	101.1	5060.2	110205
188	"16:19:35"	1216.0	0	3	20	0.505	498.0	30.21	0.03648	991	75.40	-506.03	66.68	29.14	0.086027	0.0090472	0	0	0	991	71.6	31.36	498.71	30.256	31.28	0	101.1	5060.3	110205
189	"16:19:37"	1218.0	0	3	20	0.658	498.3	30.23	0.04751	991	75.49	-506.01	66.72	29.13	0.11333	0.0092904	0	0	0	991	71.6	31.36	498.93	30.278	31.29	0	101.1	5060.1	110205
190	"16:19:39"	1220.0	0	3	20	0.651	498.5	30.25	0.04705	991	75.54	-506.01	66.76	29.13	0.11272	0.0082438	0	0	0	991	71.6	31.36	499.20	30.298	31.29	0	101.1	5060.1	110205
191	"16:19:41"	1222.0	0	3	20	0.766	498.7	30.27	0.05531	991	75.55	-506.01	66.78	29.14	0.13326	0.0082419	0	0	0	991	71.6	31.36	499.49	30.313	31.29	0	101.1	5060.1	110205
192	"16:19:43"	1224.0	0	3	20	0.779	499.0	30.28	0.05628	991	75.61	-506.01	66.82	29.14	0.13564	0.0082824	0	0	0	991	71.6	31.36	499.63	30.333	31.29	0	101.1	5060.1	110205
193	"16:19:45"	1226.0	0	3	20	0.619	499.3	30.30	0.04473	991	75.56	-506.01	66.80	29.15	0.10702	0.0081207	0	0	0	991	71.6	31.37	499.71	30.328	31.30	0	101.1	5060.1	110205
194	"16:19:47"	1228.0	0	3	20	0.715	499.5	30.32	0.05164	991	75.65	-506.02	66.86	29.15	0.12353	0.0094045	0	0	0	991	71.6	31.37	500.02	30.365	31.30	0	101.1	5060.2	110205
195	"16:19:49"	1230.0	0	3	20	0.715	499.7	30.33	0.05165	991	75.66	-506.02	66.89	29.15	0.12441	0.0077073	0	0	0	991	71.6	31.37	500.25	30.378	31.30	0	101.1	5060.2	110205
196	"16:19:51"	1232.0	0	3	20	0.723	500.0	30.35	0.05226	991	75.71	-506.02	66.93	29.15	0.12609	0.0074079	0	0	0	991	71.6	31.37	500.43	30.402	31.30	0	101.1	5060.2	110205
197	"16:19:53"	1234.0	0	3	20	0.664	500.2	30.37	0.04796	991	75.70	-506.02	66.93	29.16	0.11535	0.0075455	0	0	0	991	71.6	31.38	500.89	30.406	31.31	0	101.1	5060.2	110205
198	"16:19:55"	1236.0	0	3	20	0.653	500.4	30.38	0.04715	991	75.73	-506.02	66.99	29.17	0.11295	0.0082785	0	0	0	991	71.6	31.38	501.17	30.434	31.31	0	101.1	5060.2	110205
199	"16:19:57"	1238.0	0	3	20	0.745	500.7	30.40	0.05383	991	75.80	-506.01	67.01	29.16	0.12889	0.0095318	0	0	0	991	71.6	31.38	501.36	30.451	31.31	0	101.1	5060.1	110205
200	"16:19:59"	1240.0	0	3	20	0.769	500.9	30.42	0.05555	991	75.76	-506.01	66.99	29.17	0.13338	0.0091365	0	0	0	991	71.6	31.38	501.79	30.445	31.31	0	101.1	5060.1	110205
201	"16:20:01"	1242.0	0	3	20	0.813	501.2	30.43	0.05874	991	75.76	-506.01	67.02	29.18	0.14196	0.0078658	0	0	0	991	71.6	31.39	501.70	30.462	31.32	0	101.1	5060.1	110205
202	"16:20:03"	1244.0	0	3	20	0.701	501.4	30.45	0.05065	991	75.90	-506.02	67.07	29.16	0.12241	0.0067781	0	0	0	991	71.6	31.39	502.11	30.490	31.32	0	101.1	5060.2	110205
203	"16:20:05"	1246.0	0	3	20	0.701	501.7	30.47	0.05066	991	75.95	-506.01	67.10	29.16	0.12196	0.0076857	0	0	0	991	71.6	31.39	502.22	30.511	31.32	0	101.1	5060.1	110205
204	"16:20:07"	1248.0	0	3	20	0.703	501.9	30.48	0.05079	991	76.00	-506.03	67.15	29.17	0.12191	0.0084088	0	0	0	991	71.6	31.40	502.83	30.541	31.33	0	101.1	5060.3	110205
205	"16:20:09"	1250.0	0	3	20	0.783	502.2	30.50	0.05655	991	75.97	-506.01	67.14	29.17	0.13583	0.0091923	0	0	0	991	71.6	31.40	502.88	30.537	31.33	0	101.1	5060.1	110205
206	"16:20:11"	1252.0	0	3	20	0.838	502.5	30.51	0.06054	991	76.08	-506.02	67.24	29.17	0.14621	0.0082641	0	0	0	991	71.6	31.40	503.16	30.587	31.33	0	101.1	5060.2	110205
207	"16:20:13"	1254.0	0	3	20	0.726	502.7	30.53	0.05247	991	76.08	-506.01	67.20	29.17	0.12652	0.0075833	0	0	0	991	71.6	31.40	503.38	30.575	31.33	0	101.1	5060.1	110205
208	"16:20:15"	1256.0	0	3	20	0.686	503.0	30.55	0.04955	991	76.15	-506.04	67.24	29.16	0.11808	0.009862	0	0	0	991	71.6	31.41	503.34	30.597	31.34	0	101.1	5060.4	110205
209	"16:20:17"	1258.0	0	3	20	0.496	503.2	30.57	0.03583	991	76.13	-506.02	67.25	29.17	0.084208	0.0093731	0	0	0	991	71.6	31.41	503.85	30.604	31.34	0	101.1	5060.2	110205
210	"16:20:19"	1260.0	0	3	20	0.559	503.4	30.58	0.04038	991	76.19	-506.04	67.28	29.17	0.096077	0.0082842	0	0	0	991	71.6	31.41	503.98	30.624	31.34	0	101.1	5060.4	110205
211	"16:20:21"	1262.0	0	3	20	0.641	503.6	30.60	0.04634	991	76.12	-506.00	67.28	29.19	0.11198	0.0062326	0	0	0	991	71.6	31.41	504.10	30.626	31.34	0	101.1	5060.0	110205
212	"16:20:23"	1264.0	0	3	20	0.72	503.9	30.61	0.052	991	76.15	-506.02	67.30	29.19	0.12672	0.0049402	0	0	0	991	71.6	31.41	504.45	30.640	31.34	0	101.1	5060.2	110205
213	"16:20:25"	1266.0	0	3	20	0.798	504.1	30.62	0.05767	991	76.24	-506.02	67.37	29.19	0.14058	0.0053845	0	0	0	991	71.6	31.42	504.78	30.673	31.35	0	101.1	5060.2	110205
214	"16:20:27"	1268.0	0	3	20	0.716	504.4	30.64	0.05176	991	76.19	-506.01	67.34	29.19	0.12491	0.0072822	0	0	0	991	71.6	31.42	505.08	30.663	31.35	0	101.1	5060.1	110205
215	"16:20:28"	1268.5	0	4	153	0.702	500.0	30.64	0.05068	991	76.20	-506.02	67.34	29.19	0.12491	0.0072822	5.4536E-06	0.047957	0	991	71.6	31.42	505.20	30.664	31.35	0	101.1	5060.2	110205
