"OPEN 5.3.2"
"Sat Jun  1 2019 10:00:44"
"Unit="	"PSC-895"
"ComputeList="	"/User/Configs/Comps/Soil Efflux Eqns.LPL"
"BLCTable="	"/Sys/Lib/StdBLCTable"
"LightSource="	"Sun+Sky"	1	0.19
"LogFormat="	"/User/Configs/LogFormats/Soil Efflux Log Fmt"
"LogCodes="	-35	-21	-36	-104	310	311	320	302	303	306	304	321	322	323	324	300	301	330	331	305	307	308	-8	-2	-5	-9	-13	-11	-61	-23
"PromptList="	"/User/Configs/Prompts/Soil Efflux Prompts"
"Stability= (CO2S 15s SLP<1)(H2OS 15s SLP<1)(Flow 15s SLP<1)"
"10:00:45 "
$STARTOFDATA$
"Obs"	"HHMMSS"	"FTime"	"Plot#"	"Mode"	"Smpls"	"EFFLUX"	"C2avg"	"Wavg"	"dc'/dt"	"Vtot"	"RHcmbr%"	"Tsoil_C"	"RHirga%"	"Tsch_C"	"dC/dt"	"dW/dt"	"R(C)m"	"R(C)b"	"InsDpth"	"Vbase"	"Area"	"TBlk"	"CO2S"	"H2OS"	"Tair"	"PARo"	"Press"	"uc_21_mV"	"Status"
1	"10:02:17"	109.5	0	3	8	0.616	542.2	24.34	0.04453	991	72.05	-506.08	56.45	26.23	0.10098	0.015419	0	0	0	991	71.6	31.23	542.71	24.364	30.42	0	101.1	5060.8	110205
2	"10:02:19"	111.5	0	3	12	1.11	542.4	24.36	0.08037	991	72.28	-506.08	56.58	26.21	0.18865	0.016253	0	0	0	991	71.6	31.23	543.02	24.417	30.42	0	101.1	5060.8	110205
3	"10:02:21"	113.5	0	3	16	1.19	542.7	24.38	0.0862	991	72.32	-506.08	56.64	26.22	0.20237	0.017399	0	0	0	991	71.6	31.23	543.43	24.447	30.42	0	101.1	5060.8	110205
4	"10:02:23"	115.5	0	3	20	1.02	542.8	24.39	0.0739	991	72.49	-506.07	56.72	26.20	0.17227	0.017065	0	0	0	991	71.6	31.23	543.67	24.479	30.42	0	101.1	5060.7	110205
5	"10:02:25"	117.5	0	3	20	1.02	543.1	24.43	0.07376	991	72.55	-506.07	56.83	26.22	0.17137	0.018072	0	0	0	991	71.6	31.23	543.95	24.528	30.42	0	101.1	5060.7	110205
6	"10:02:27"	119.5	0	3	20	0.911	543.5	24.47	0.06585	991	72.62	-506.07	56.88	26.22	0.15135	0.019085	0	0	0	991	71.6	31.23	544.42	24.553	30.42	0	101.1	5060.7	110205
7	"10:02:29"	121.5	0	3	20	1.01	543.8	24.50	0.07321	991	72.76	-506.07	56.98	26.22	0.16965	0.018706	0	0	0	991	71.6	31.23	544.70	24.593	30.42	0	101.1	5060.7	110205
8	"10:02:31"	123.5	0	3	20	1.11	544.2	24.54	0.08012	991	72.82	-506.05	57.02	26.21	0.1869	0.018248	0	0	0	991	71.6	31.23	544.92	24.608	30.42	0	101.1	5060.5	110205
9	"10:02:33"	125.5	0	3	20	1.02	544.5	24.57	0.07392	991	72.93	-506.06	57.13	26.23	0.17293	0.015963	0	0	0	991	71.6	31.23	545.36	24.660	30.42	0	101.1	5060.6	110205
10	"10:02:35"	127.5	0	3	20	1.01	544.9	24.60	0.07318	991	72.96	-506.07	57.20	26.24	0.17191	0.014529	0	0	0	991	71.6	31.23	545.80	24.689	30.42	0	101.1	5060.7	110205
11	"10:02:37"	129.5	0	3	20	1.02	545.2	24.64	0.07372	991	73.15	-506.08	57.27	26.22	0.17261	0.015622	0	0	0	991	71.6	31.23	546.29	24.719	30.42	0	101.1	5060.8	110205
12	"10:02:39"	131.5	0	3	20	1.19	545.6	24.67	0.08617	991	73.25	-506.07	57.34	26.21	0.20286	0.016274	0	0	0	991	71.6	31.23	546.56	24.753	30.42	0	101.1	5060.7	110205
13	"10:02:41"	133.5	0	3	20	1.18	545.9	24.69	0.08545	991	73.38	-506.07	57.45	26.22	0.2005	0.017338	0	0	0	991	71.6	31.23	546.91	24.800	30.43	0	101.1	5060.7	110205
14	"10:02:43"	135.5	0	3	20	1.08	546.3	24.73	0.07811	991	73.40	-506.06	57.43	26.21	0.18283	0.016615	0	0	0	991	71.6	31.23	547.14	24.791	30.42	0	101.1	5060.6	110205
15	"10:02:45"	137.5	0	3	20	1.08	546.7	24.76	0.07771	991	73.62	-506.07	57.60	26.21	0.18275	0.014959	0	0	0	991	71.6	31.23	547.73	24.866	30.43	0	101.1	5060.7	110205
16	"10:02:47"	139.5	0	3	20	1.13	547.1	24.79	0.08129	991	73.70	-506.07	57.68	26.21	0.19075	0.01643	0	0	0	991	71.6	31.23	547.91	24.898	30.43	0	101.1	5060.7	110205
17	"10:02:49"	141.5	0	3	20	1.15	547.5	24.83	0.08317	991	73.68	-506.06	57.74	26.23	0.1949	0.017283	0	0	0	991	71.6	31.23	548.50	24.924	30.42	0	101.1	5060.6	110205
18	"10:02:51"	143.5	0	3	20	1.23	547.9	24.87	0.08902	991	73.67	-506.08	57.76	26.24	0.20902	0.017762	0	0	0	991	71.6	31.23	548.80	24.935	30.43	0	101.1	5060.8	110205
19	"10:02:53"	145.5	0	3	20	1.15	548.3	24.90	0.08275	991	73.80	-506.06	57.85	26.24	0.19421	0.016625	0	0	0	991	71.6	31.23	549.29	24.972	30.43	0	101.1	5060.6	110205
20	"10:02:55"	147.5	0	3	20	1.14	548.7	24.93	0.0823	991	73.89	-506.08	57.91	26.23	0.19473	0.013738	0	0	0	991	71.6	31.23	549.87	24.999	30.43	0	101.1	5060.8	110205
21	"10:02:57"	149.5	0	3	20	1.17	549.0	24.96	0.08445	991	74.00	-506.07	57.99	26.23	0.20005	0.013669	0	0	0	991	71.6	31.23	550.20	25.031	30.42	0	101.1	5060.7	110205
22	"10:02:59"	151.5	0	3	20	1.08	549.4	24.98	0.07835	991	74.11	-506.07	58.07	26.23	0.18486	0.013989	0	0	0	991	71.6	31.23	550.42	25.062	30.42	0	101.1	5060.7	110205
23	"10:03:01"	153.5	0	3	20	1.14	549.8	25.01	0.08234	991	74.16	-506.08	58.15	26.24	0.19399	0.015205	0	0	0	991	71.6	31.23	550.75	25.095	30.42	0	101.1	5060.8	110205
24	"10:03:03"	155.5	0	3	20	0.982	550.2	25.04	0.07093	991	74.23	-506.07	58.21	26.24	0.16625	0.014614	0	0	0	991	71.6	31.23	550.99	25.121	30.42	0	101.1	5060.7	110205
25	"10:03:05"	157.5	0	3	20	0.938	550.5	25.07	0.06779	991	74.25	-506.07	58.26	26.25	0.15856	0.014564	0	0	0	991	71.6	31.23	551.35	25.140	30.42	0	101.1	5060.7	110205
26	"10:03:07"	159.5	0	3	20	0.956	550.8	25.10	0.06904	991	74.43	-506.06	58.34	26.23	0.16178	0.014236	0	0	0	991	71.6	31.23	551.74	25.176	30.42	0	101.1	5060.6	110205
27	"10:03:09"	161.5	0	3	20	1	551.2	25.13	0.07237	991	74.45	-506.09	58.40	26.25	0.17008	0.014082	0	0	0	991	71.6	31.23	552.08	25.205	30.42	0	101.1	5060.9	110205
28	"10:03:11"	163.5	0	3	20	1.12	551.5	25.16	0.08097	991	74.49	-506.07	58.46	26.26	0.19093	0.014639	0	0	0	991	71.6	31.23	552.46	25.234	30.42	0	101.1	5060.7	110205
29	"10:03:13"	165.5	0	3	20	1.12	551.9	25.19	0.08057	991	74.63	-506.07	58.53	26.24	0.19003	0.014461	0	0	0	991	71.6	31.23	552.98	25.258	30.42	0	101.1	5060.7	110205
30	"10:03:15"	167.5	0	3	20	1.11	552.3	25.21	0.08033	991	74.69	-506.07	58.59	26.25	0.18956	0.01421	0	0	0	991	71.6	31.23	553.05	25.288	30.42	0	101.1	5060.7	110205
31	"10:03:17"	169.5	0	3	20	0.986	552.6	25.24	0.07126	991	74.83	-506.07	58.59	26.22	0.16784	0.01313	0	0	0	991	71.6	31.23	553.42	25.287	30.42	0	101.1	5060.7	110205
32	"10:03:19"	171.5	0	3	20	1.02	553.0	25.27	0.07403	991	74.94	-506.08	58.71	26.23	0.17518	0.012198	0	0	0	991	71.6	31.23	553.91	25.341	30.42	0	101.1	5060.8	110205
33	"10:03:21"	173.5	0	3	20	1.1	553.4	25.29	0.07978	991	74.91	-506.07	58.77	26.25	0.18902	0.012752	0	0	0	991	71.6	31.23	554.44	25.367	30.42	0	101.1	5060.7	110205
34	"10:03:23"	175.5	0	3	20	1.07	553.7	25.32	0.07701	991	75.04	-506.06	58.81	26.23	0.18239	0.012429	0	0	0	991	71.6	31.23	554.71	25.384	30.42	0	101.1	5060.6	110205
35	"10:03:25"	177.5	0	3	20	1.05	554.0	25.34	0.07578	991	75.08	-506.07	58.87	26.24	0.17947	0.012226	0	0	0	991	71.6	31.24	554.97	25.413	30.42	0	101.1	5060.7	110205
36	"10:03:27"	179.5	0	3	20	0.985	554.4	25.37	0.07114	991	75.24	-506.08	58.97	26.24	0.16746	0.01326	0	0	0	991	71.6	31.24	555.47	25.456	30.43	0	101.1	5060.8	110205
37	"10:03:29"	181.5	0	3	20	1.03	554.8	25.40	0.07459	991	75.25	-506.08	58.99	26.24	0.17553	0.013962	0	0	0	991	71.6	31.24	555.79	25.464	30.42	0	101.1	5060.8	110205
38	"10:03:31"	183.5	0	3	20	1.14	555.1	25.42	0.08233	991	75.25	-506.07	59.07	26.26	0.19431	0.014469	0	0	0	991	71.6	31.23	555.91	25.500	30.43	0	101.1	5060.7	110205
39	"10:03:33"	185.5	0	3	20	1.13	555.5	25.45	0.08173	991	75.30	-506.08	59.10	26.26	0.19318	0.013839	0	0	0	991	71.6	31.24	556.62	25.512	30.43	0	101.1	5060.8	110205
40	"10:03:35"	187.5	0	3	20	1.09	555.9	25.48	0.07842	991	75.37	-506.06	59.13	26.25	0.18603	0.012078	0	0	0	991	71.6	31.23	556.76	25.525	30.43	0	101.1	5060.6	110205
41	"10:03:37"	189.5	0	3	20	1.13	556.3	25.50	0.08171	991	75.40	-506.06	59.20	26.26	0.19532	0.009971	0	0	0	991	71.6	31.23	557.31	25.552	30.42	0	101.1	5060.6	110205
42	"10:03:39"	191.5	0	3	20	1.16	556.7	25.52	0.08403	991	75.56	-506.09	59.25	26.25	0.20031	0.01122	0	0	0	991	71.6	31.23	557.52	25.581	30.43	0	101.1	5060.9	110205
43	"10:03:41"	193.5	0	3	20	1.13	557.0	25.55	0.08139	991	75.63	-506.08	59.33	26.26	0.19381	0.011241	0	0	0	991	71.6	31.23	558.06	25.616	30.43	0	101.1	5060.8	110205
44	"10:03:42"	194.0	0	4	168	1.07	550.0	25.55	0.07758	991	75.64	-506.09	59.36	26.26	0.19381	0.011241	0.00021941	-0.043098	0	991	71.6	31.23	557.95	25.630	30.43	0	101.1	5060.9	110205
45	"10:05:18"	291.0	0	3	8	0.563	542.3	26.30	0.04064	991	77.85	-506.08	60.95	26.22	0.09369	0.011279	0	0	0	991	71.6	31.23	542.61	26.308	30.42	0	101.1	5060.8	110205
46	"10:05:20"	293.0	0	3	12	0.996	542.5	26.30	0.07197	991	77.85	-506.06	60.98	26.22	0.17258	0.0079832	0	0	0	991	71.6	31.23	543.32	26.319	30.42	0	101.1	5060.6	110205
47	"10:05:22"	295.0	0	3	16	1.2	542.8	26.31	0.08666	991	78.01	-506.07	61.07	26.21	0.2088	0.0078181	0	0	0	991	71.6	31.23	543.70	26.357	30.42	0	101.1	5060.7	110205
48	"10:05:24"	297.0	0	3	20	1.26	543.0	26.32	0.09083	991	77.99	-506.07	61.10	26.23	0.21819	0.0093818	0	0	0	991	71.6	31.23	544.24	26.372	30.42	0	101.1	5060.7	110205
49	"10:05:26"	299.0	0	3	20	1.23	543.4	26.34	0.08882	991	77.99	-506.07	61.11	26.23	0.213	0.0098504	0	0	0	991	71.6	31.23	544.12	26.379	30.42	0	101.1	5060.7	110205
50	"10:05:28"	301.0	0	3	20	1.01	543.7	26.36	0.07264	991	78.14	-506.07	61.17	26.21	0.17351	0.0092792	0	0	0	991	71.6	31.23	544.73	26.404	30.42	0	101.1	5060.7	110205
51	"10:05:30"	303.0	0	3	20	0.951	544.1	26.37	0.06868	991	78.04	-506.07	61.20	26.25	0.16416	0.0086022	0	0	0	991	71.6	31.23	544.92	26.420	30.43	0	101.1	5060.7	110205
52	"10:05:32"	305.0	0	3	20	0.96	544.5	26.39	0.06937	991	78.08	-506.07	61.23	26.24	0.16692	0.0066676	0	0	0	991	71.6	31.24	545.49	26.430	30.43	0	101.1	5060.7	110205
53	"10:05:34"	307.0	0	3	20	1.14	544.8	26.41	0.08239	991	78.43	-506.08	61.28	26.18	0.19821	0.0079149	0	0	0	991	71.6	31.24	545.86	26.455	30.43	0	101.1	5060.8	110205
54	"10:05:36"	309.0	0	3	20	1.25	545.2	26.42	0.09032	991	78.37	-506.07	61.30	26.20	0.21696	0.009313	0	0	0	991	71.6	31.23	546.58	26.465	30.43	0	101.1	5060.7	110205
55	"10:05:38"	311.0	0	3	20	1.28	545.7	26.44	0.09222	991	78.33	-506.07	61.35	26.23	0.222	0.0086498	0	0	0	991	71.6	31.23	546.72	26.486	30.43	0	101.1	5060.7	110205
56	"10:05:40"	313.0	0	3	20	1.21	546.1	26.46	0.08729	991	78.47	-506.07	61.41	26.21	0.20903	0.010148	0	0	0	991	71.6	31.23	547.03	26.512	30.43	0	101.1	5060.7	110205
57	"10:05:42"	315.0	0	3	20	1.19	546.5	26.48	0.08597	991	78.38	-506.07	61.42	26.23	0.20659	0.0087202	0	0	0	991	71.6	31.23	547.59	26.516	30.43	0	101.1	5060.7	110205
58	"10:05:44"	317.0	0	3	20	0.977	546.9	26.49	0.0706	991	78.62	-506.06	61.48	26.20	0.16936	0.007654	0	0	0	991	71.6	31.23	547.85	26.544	30.43	0	101.1	5060.6	110205
59	"10:05:46"	319.0	0	3	20	0.888	547.2	26.51	0.06418	991	78.75	-506.08	61.50	26.18	0.15279	0.0090349	0	0	0	991	71.6	31.23	548.15	26.551	30.43	0	101.1	5060.8	110205
60	"10:05:48"	321.0	0	3	20	1.02	547.6	26.53	0.07376	991	78.75	-506.08	61.56	26.19	0.17718	0.0075261	0	0	0	991	71.6	31.23	548.36	26.575	30.43	0	101.1	5060.8	110205
61	"10:05:50"	323.0	0	3	20	0.962	547.9	26.54	0.06949	991	78.63	-506.06	61.53	26.21	0.1661	0.0086013	0	0	0	991	71.6	31.23	548.99	26.566	30.43	0	101.1	5060.6	110205
62	"10:05:52"	325.0	0	3	20	1.2	548.3	26.56	0.0869	991	78.60	-506.07	61.61	26.24	0.20942	0.0077611	0	0	0	991	71.6	31.23	549.27	26.600	30.43	0	101.1	5060.7	110205
63	"10:05:54"	327.0	0	3	20	1.16	548.7	26.58	0.08409	991	78.76	-506.06	61.64	26.21	0.2028	0.0071806	0	0	0	991	71.6	31.23	549.64	26.613	30.43	0	101.1	5060.6	110205
64	"10:05:56"	329.0	0	3	20	1.15	549.1	26.59	0.08289	991	78.81	-506.07	61.69	26.22	0.19902	0.0086699	0	0	0	991	71.6	31.24	549.84	26.634	30.43	0	101.1	5060.7	110205
65	"10:05:58"	331.0	0	3	20	1.14	549.5	26.61	0.08201	991	78.94	-506.06	61.72	26.20	0.19673	0.008845	0	0	0	991	71.6	31.23	550.80	26.652	30.43	0	101.1	5060.6	110205
66	"10:06:00"	333.0	0	3	20	1.14	549.9	26.62	0.08272	991	79.08	-506.07	61.80	26.19	0.19797	0.0097357	0	0	0	991	71.6	31.23	550.86	26.683	30.43	0	101.1	5060.7	110205
67	"10:06:02"	335.0	0	3	20	1.1	550.2	26.64	0.07936	991	79.04	-506.07	61.78	26.19	0.19012	0.0090111	0	0	0	991	71.6	31.23	550.97	26.675	30.43	0	101.1	5060.7	110205
68	"10:06:04"	337.0	0	3	20	1.02	550.6	26.66	0.07375	991	79.02	-506.07	61.83	26.21	0.17688	0.0080013	0	0	0	991	71.6	31.23	551.49	26.698	30.43	0	101.1	5060.7	110205
69	"10:06:06"	339.0	0	3	20	1.01	551.0	26.68	0.07332	991	78.95	-506.06	61.90	26.24	0.17597	0.0077736	0	0	0	991	71.6	31.23	552.11	26.725	30.43	0	101.1	5060.6	110205
70	"10:06:08"	341.0	0	3	20	1.04	551.4	26.69	0.0752	991	78.98	-506.07	61.91	26.24	0.18084	0.007328	0	0	0	991	71.6	31.23	552.55	26.730	30.43	0	101.1	5060.7	110205
71	"10:06:10"	343.0	0	3	20	1.26	551.8	26.71	0.09136	991	79.07	-506.07	61.93	26.23	0.22025	0.0079239	0	0	0	991	71.6	31.23	552.93	26.741	30.43	0	101.1	5060.7	110205
72	"10:06:12"	345.0	0	3	20	1.2	552.2	26.72	0.08697	991	78.98	-506.07	61.93	26.25	0.20963	0.0076122	0	0	0	991	71.6	31.23	553.04	26.737	30.43	0	101.1	5060.7	110205
73	"10:06:14"	347.0	0	3	20	1.07	552.6	26.73	0.07702	991	79.20	-506.08	62.00	26.22	0.18598	0.0061307	0	0	0	991	71.6	31.23	553.67	26.769	30.43	0	101.1	5060.8	110205
74	"10:06:16"	349.0	0	3	20	0.939	552.9	26.75	0.06783	991	79.03	-506.07	62.05	26.27	0.16307	0.0067191	0	0	0	991	71.6	31.23	553.77	26.786	30.43	0	101.1	5060.7	110205
75	"10:06:18"	351.0	0	3	20	1.02	553.3	26.76	0.07336	991	79.15	-506.08	62.12	26.26	0.17624	0.007479	0	0	0	991	71.6	31.23	554.39	26.818	30.43	0	101.1	5060.8	110205
76	"10:06:20"	353.0	0	3	20	1.14	553.7	26.78	0.08272	991	79.34	-506.07	62.17	26.23	0.1979	0.0098223	0	0	0	991	71.6	31.23	554.48	26.835	30.43	0	101.1	5060.7	110205
77	"10:06:22"	355.0	0	3	20	1.18	554.0	26.80	0.08548	991	79.17	-506.06	62.18	26.27	0.20452	0.010143	0	0	0	991	71.6	31.23	554.98	26.839	30.42	0	101.1	5060.6	110205
78	"10:06:24"	357.0	0	3	20	1.24	554.4	26.82	0.08949	991	79.49	-506.06	62.24	26.22	0.21479	0.0093754	0	0	0	991	71.6	31.23	555.66	26.865	30.42	0	101.1	5060.6	110205
79	"10:06:26"	359.0	0	3	20	1.09	554.8	26.83	0.07874	991	79.56	-506.08	62.23	26.20	0.18971	0.0069769	0	0	0	991	71.6	31.23	555.86	26.865	30.43	0	101.1	5060.8	110205
80	"10:06:28"	361.0	0	3	20	1.09	555.2	26.85	0.07874	991	79.43	-506.08	62.27	26.24	0.19093	0.0048696	0	0	0	991	71.6	31.23	556.27	26.880	30.43	0	101.1	5060.8	110205
81	"10:06:30"	363.0	0	3	20	1.09	555.6	26.86	0.07852	991	79.63	-506.08	62.30	26.21	0.19007	0.0053769	0	0	0	991	71.6	31.24	556.50	26.894	30.43	0	101.1	5060.8	110205
82	"10:06:32"	365.0	0	3	20	1.04	556.0	26.87	0.07512	991	79.77	-506.07	62.36	26.19	0.18111	0.006416	0	0	0	991	71.6	31.23	557.02	26.919	30.43	0	101.1	5060.7	110205
83	"10:06:34"	367.0	0	3	20	1.15	556.3	26.88	0.08305	991	79.65	-506.07	62.39	26.22	0.19967	0.008113	0	0	0	991	71.6	31.23	557.46	26.932	30.43	0	101.1	5060.7	110205
84	"10:06:36"	369.0	0	3	20	1.14	556.8	26.90	0.0827	991	79.76	-506.07	62.40	26.21	0.19853	0.0085725	0	0	0	991	71.6	31.23	558.11	26.938	30.43	0	101.1	5060.7	110205
85	"10:06:37"	369.5	0	4	157	1.1	550.0	26.90	0.07932	991	79.68	-506.08	62.40	26.22	0.19853	0.0085725	0.0001293	0.0082004	0	991	71.6	31.23	558.25	26.939	30.43	0	101.1	5060.8	110205
86	"10:08:27"	479.5	0	3	8	1.48	542.8	27.32	0.1068	991	80.55	-506.07	63.30	26.29	0.25965	0.005734	0	0	0	991	71.6	31.23	543.14	27.336	30.43	0	101.1	5060.7	110205
87	"10:08:29"	481.5	0	3	12	1.16	543.0	27.33	0.0837	991	80.67	-506.06	63.33	26.27	0.20173	0.0075391	0	0	0	991	71.6	31.23	543.67	27.349	30.43	0	101.1	5060.6	110205
88	"10:08:31"	483.5	0	3	16	1.04	543.1	27.34	0.0752	991	80.77	-506.08	63.40	26.27	0.18086	0.0074539	0	0	0	991	71.6	31.23	543.88	27.380	30.43	0	101.1	5060.8	110205
89	"10:08:33"	485.5	0	3	20	1.09	543.3	27.34	0.07885	991	80.83	-506.07	63.40	26.26	0.19023	0.00675	0	0	0	991	71.6	31.23	544.25	27.383	30.43	0	101.1	5060.7	110205
90	"10:08:35"	487.5	0	3	20	0.992	543.7	27.36	0.0717	991	80.87	-506.07	63.42	26.25	0.17266	0.0066704	0	0	0	991	71.6	31.23	544.67	27.385	30.43	0	101.1	5060.6	110205
91	"10:08:37"	489.5	0	3	20	1.14	544.1	27.37	0.08219	991	80.76	-506.07	63.45	26.28	0.19938	0.0050752	0	0	0	991	71.6	31.23	545.05	27.400	30.43	0	101.1	5060.7	110205
92	"10:08:39"	491.5	0	3	20	1.09	544.4	27.38	0.07881	991	80.62	-506.08	63.44	26.31	0.19136	0.0045573	0	0	0	991	71.6	31.23	545.20	27.396	30.43	0	101.1	5060.8	110205
93	"10:08:41"	493.5	0	3	20	1.08	544.8	27.39	0.07822	991	80.60	-506.08	63.46	26.32	0.19016	0.0041351	0	0	0	991	71.6	31.23	545.80	27.407	30.43	0	101.1	5060.8	110205
94	"10:08:43"	495.5	0	3	20	1.13	545.2	27.40	0.08141	991	80.64	-506.07	63.52	26.33	0.19821	0.0037962	0	0	0	991	71.6	31.23	545.93	27.432	30.43	0	101.1	5060.7	110205
95	"10:08:45"	497.5	0	3	20	1.07	545.6	27.41	0.07708	991	80.92	-506.08	63.55	26.28	0.18652	0.0055893	0	0	0	991	71.6	31.23	546.69	27.445	30.43	0	101.1	5060.8	110205
96	"10:08:47"	499.5	0	3	20	1.13	546.0	27.42	0.0819	991	80.97	-506.08	63.54	26.27	0.19813	0.0060109	0	0	0	991	71.6	31.23	547.04	27.442	30.43	0	101.1	5060.8	110205
97	"10:08:49"	501.5	0	3	20	1.16	546.4	27.43	0.0837	991	80.77	-506.06	63.54	26.31	0.20325	0.0048094	0	0	0	991	71.6	31.24	547.66	27.441	30.43	0	101.1	5060.6	110205
98	"10:08:51"	503.5	0	3	20	1.12	546.8	27.44	0.08122	991	80.86	-506.08	63.57	26.30	0.19755	0.0040942	0	0	0	991	71.6	31.23	547.73	27.458	30.43	0	101.1	5060.8	110205
99	"10:08:53"	505.5	0	3	20	1.15	547.1	27.44	0.08301	991	81.14	-506.06	63.64	26.26	0.20251	0.0030461	0	0	0	991	71.6	31.23	547.98	27.486	30.43	0	101.1	5060.6	110205
100	"10:08:55"	507.5	0	3	20	1.12	547.5	27.46	0.08088	991	81.12	-506.07	63.63	26.26	0.196	0.0052966	0	0	0	991	71.6	31.23	548.66	27.483	30.43	0	101.1	5060.7	110205
101	"10:08:57"	509.5	0	3	20	1.09	547.9	27.47	0.07856	991	81.25	-506.07	63.67	26.24	0.18924	0.0071646	0	0	0	991	71.6	31.23	548.96	27.500	30.43	0	101.1	5060.7	110205
102	"10:08:59"	511.5	0	3	20	1.1	548.3	27.48	0.07934	991	81.02	-506.06	63.67	26.29	0.19143	0.0067076	0	0	0	991	71.6	31.23	549.17	27.501	30.44	0	101.1	5060.6	110205
103	"10:09:01"	513.5	0	3	20	1.06	548.7	27.49	0.07657	991	81.21	-506.07	63.70	26.26	0.18511	0.0058259	0	0	0	991	71.6	31.23	549.77	27.517	30.44	0	101.1	5060.7	110205
104	"10:09:03"	515.5	0	3	20	1.13	549.1	27.50	0.08175	991	81.12	-506.07	63.69	26.27	0.19885	0.0040586	0	0	0	991	71.6	31.23	550.32	27.507	30.43	0	101.1	5060.7	110205
105	"10:09:05"	517.5	0	3	20	1.12	549.5	27.51	0.08059	991	81.34	-506.07	63.76	26.25	0.19561	0.0047348	0	0	0	991	71.6	31.23	550.51	27.539	30.43	0	101.1	5060.7	110205
106	"10:09:07"	519.5	0	3	20	1.2	549.9	27.52	0.08702	991	81.20	-506.08	63.80	26.29	0.21191	0.0038813	0	0	0	991	71.6	31.23	551.08	27.553	30.43	0	101.1	5060.8	110205
107	"10:09:09"	521.5	0	3	20	1.29	550.3	27.53	0.09349	991	81.36	-506.06	63.84	26.26	0.22619	0.0067689	0	0	0	991	71.6	31.23	551.50	27.566	30.43	0	101.1	5060.6	110205
108	"10:09:11"	523.5	0	3	20	1.22	550.8	27.54	0.0879	991	81.17	-506.07	63.78	26.29	0.21239	0.0068593	0	0	0	991	71.6	31.23	551.76	27.547	30.43	0	101.1	5060.7	110205
109	"10:09:13"	525.5	0	3	20	1.19	551.2	27.55	0.0859	991	81.28	-506.08	63.87	26.29	0.20789	0.0061153	0	0	0	991	71.6	31.23	552.20	27.584	30.43	0	101.1	5060.8	110205
110	"10:09:15"	527.5	0	3	20	1.13	551.6	27.57	0.08131	991	81.37	-506.07	63.94	26.28	0.1969	0.0055685	0	0	0	991	71.6	31.23	552.40	27.610	30.43	0	101.1	5060.7	110205
111	"10:09:17"	529.5	0	3	20	1.05	552.0	27.58	0.07581	991	81.36	-506.06	63.93	26.28	0.18443	0.0036951	0	0	0	991	71.6	31.23	553.09	27.607	30.43	0	101.1	5060.6	110205
112	"10:09:19"	531.5	0	3	20	1.1	552.3	27.59	0.07959	991	81.39	-506.07	64.00	26.30	0.1927	0.0055568	0	0	0	991	71.6	31.23	553.28	27.640	30.43	0	101.1	5060.7	110205
113	"10:09:21"	533.5	0	3	20	0.937	552.7	27.59	0.06773	991	81.39	-506.07	63.94	26.28	0.16376	0.0050928	0	0	0	991	71.6	31.23	553.56	27.612	30.43	0	101.1	5060.7	110205
114	"10:09:23"	535.5	0	3	20	0.92	553.0	27.60	0.06648	991	81.21	-506.08	63.97	26.33	0.16132	0.0040251	0	0	0	991	71.6	31.23	554.21	27.633	30.43	0	101.1	5060.8	110205
115	"10:09:25"	537.5	0	3	20	1.08	553.4	27.61	0.07794	991	81.08	-506.07	63.96	26.35	0.18934	0.0043758	0	0	0	991	71.6	31.23	554.67	27.627	30.44	0	101.1	5060.7	110205
116	"10:09:27"	539.5	0	3	20	1.15	553.8	27.62	0.08324	991	81.22	-506.07	64.00	26.34	0.20215	0.0047489	0	0	0	991	71.6	31.23	554.74	27.645	30.44	0	101.1	5060.7	110205
117	"10:09:29"	541.5	0	3	20	1.26	554.2	27.63	0.09105	991	81.51	-506.07	64.06	26.29	0.22098	0.005375	0	0	0	991	71.6	31.23	555.36	27.666	30.43	0	101.1	5060.7	110205
118	"10:09:31"	543.5	0	3	20	1.09	554.6	27.64	0.07897	991	81.52	-506.07	64.05	26.29	0.19071	0.0062821	0	0	0	991	71.6	31.23	555.39	27.664	30.44	0	101.1	5060.7	110205
119	"10:09:33"	545.5	0	3	20	1.01	555.0	27.65	0.07332	991	81.55	-506.07	64.08	26.29	0.1775	0.0050715	0	0	0	991	71.6	31.23	556.07	27.682	30.44	0	101.1	5060.7	110205
120	"10:09:35"	547.5	0	3	20	1.07	555.4	27.67	0.0774	991	81.57	-506.08	64.10	26.29	0.18699	0.0060204	0	0	0	991	71.6	31.23	556.47	27.691	30.44	0	101.1	5060.8	110205
121	"10:09:37"	549.5	0	3	20	1.24	555.8	27.67	0.08943	991	81.47	-506.07	64.11	26.31	0.21741	0.0046248	0	0	0	991	71.6	31.23	556.80	27.692	30.44	0	101.1	5060.7	110205
122	"10:09:39"	551.5	0	3	20	1.23	556.2	27.69	0.08916	991	81.60	-506.07	64.17	26.31	0.21645	0.0051567	0	0	0	991	71.6	31.23	557.04	27.722	30.44	0	101.1	5060.7	110205
123	"10:09:41"	553.5	0	3	20	1.14	556.6	27.70	0.08261	991	81.75	-506.07	64.26	26.30	0.19935	0.0068599	0	0	0	991	71.6	31.23	557.53	27.759	30.44	0	101.1	5060.7	110205
124	"10:09:43"	555.5	0	3	20	1.06	557.0	27.71	0.07624	991	81.73	-506.08	64.23	26.29	0.18422	0.0058677	0	0	0	991	71.6	31.23	558.01	27.748	30.44	0	101.1	5060.8	110205
125	"10:09:43"	556.0	0	4	153	1.11	550.0	27.71	0.08039	991	81.80	-506.09	64.27	26.29	0.18422	0.0058677	0.00010266	0.023924	0	991	71.6	31.23	558.11	27.763	30.44	0	101.1	5060.9	110205
