"OPEN 5.3.2"
"Sat Jun  1 2019 10:41:04"
"Unit="	"PSC-895"
"ComputeList="	"/User/Configs/Comps/Soil Efflux Eqns.LPL"
"BLCTable="	"/Sys/Lib/StdBLCTable"
"LightSource="	"Sun+Sky"	1	0.19
"LogFormat="	"/User/Configs/LogFormats/Soil Efflux Log Fmt"
"LogCodes="	-35	-21	-36	-104	310	311	320	302	303	306	304	321	322	323	324	300	301	330	331	305	307	308	-8	-2	-5	-9	-13	-11	-61	-23
"PromptList="	"/User/Configs/Prompts/Soil Efflux Prompts"
"Stability= (CO2S 15s SLP<1)(H2OS 15s SLP<1)(Flow 15s SLP<1)"
"10:41:05 "
$STARTOFDATA$
"Obs"	"HHMMSS"	"FTime"	"Plot#"	"Mode"	"Smpls"	"EFFLUX"	"C2avg"	"Wavg"	"dc'/dt"	"Vtot"	"RHcmbr%"	"Tsoil_C"	"RHirga%"	"Tsch_C"	"dC/dt"	"dW/dt"	"R(C)m"	"R(C)b"	"InsDpth"	"Vbase"	"Area"	"TBlk"	"CO2S"	"H2OS"	"Tair"	"PARo"	"Press"	"uc_21_mV"	"Status"
1	"10:43:46"	175.0	0	3	8	0.954	542.4	26.25	0.06892	991	79.27	-506.07	60.91	25.88	0.16376	0.010103	0	0	0	991	71.6	31.23	542.77	26.268	30.40	0	101.1	5060.7	110205
2	"10:43:48"	177.0	0	3	12	0.894	542.5	26.26	0.0646	991	79.41	-506.07	60.98	25.87	0.15401	0.0084955	0	0	0	991	71.6	31.23	543.22	26.294	30.40	0	101.1	5060.7	110205
3	"10:43:50"	179.0	0	3	16	0.912	542.7	26.27	0.06593	991	79.45	-506.06	61.02	25.87	0.15685	0.0092586	0	0	0	991	71.6	31.23	543.05	26.313	30.40	0	101.1	5060.6	110205
4	"10:43:52"	181.0	0	3	20	0.838	542.8	26.28	0.06057	991	79.50	-506.07	61.05	25.87	0.14318	0.010152	0	0	0	991	71.6	31.23	543.64	26.329	30.40	0	101.1	5060.7	110205
5	"10:43:54"	183.0	0	3	20	0.97	543.2	26.30	0.0701	991	79.58	-506.07	61.11	25.87	0.1668	0.0097852	0	0	0	991	71.6	31.23	544.15	26.355	30.41	0	101.1	5060.7	110205
6	"10:43:56"	185.0	0	3	20	1.11	543.5	26.32	0.07999	991	79.68	-506.08	61.18	25.87	0.19016	0.011502	0	0	0	991	71.6	31.24	544.45	26.386	30.41	0	101.1	5060.8	110205
7	"10:43:58"	187.0	0	3	20	1.1	543.9	26.35	0.07942	991	79.68	-506.07	61.18	25.87	0.18893	0.011178	0	0	0	991	71.6	31.24	544.78	26.387	30.41	0	101.1	5060.7	110205
8	"10:44:00"	189.0	0	3	20	1.13	544.2	26.37	0.08188	991	79.76	-506.07	61.26	25.87	0.19523	0.010716	0	0	0	991	71.6	31.24	545.28	26.420	30.41	0	101.1	5060.7	110205
9	"10:44:02"	191.0	0	3	20	1.04	544.7	26.39	0.07546	991	79.77	-506.08	61.27	25.88	0.17964	0.010371	0	0	0	991	71.6	31.23	545.96	26.427	30.41	0	101.1	5060.8	110205
10	"10:44:04"	193.0	0	3	20	1.11	545.0	26.41	0.08018	991	79.88	-506.08	61.36	25.87	0.19245	0.0081946	0	0	0	991	71.6	31.23	545.95	26.461	30.41	0	101.1	5060.8	110205
11	"10:44:06"	195.0	0	3	20	1.09	545.4	26.42	0.07889	991	79.85	-506.07	61.37	25.88	0.1889	0.0088861	0	0	0	991	71.6	31.23	546.29	26.466	30.40	0	101.1	5060.7	110205
12	"10:44:08"	197.0	0	3	20	0.918	545.7	26.44	0.06631	991	79.93	-506.08	61.41	25.88	0.158	0.0088538	0	0	0	991	71.6	31.23	546.65	26.482	30.40	0	101.1	5060.8	110205
13	"10:44:10"	199.0	0	3	20	0.83	546.1	26.46	0.05996	991	79.99	-506.07	61.48	25.88	0.1422	0.0092199	0	0	0	991	71.6	31.23	546.90	26.510	30.40	0	101.1	5060.7	110205
14	"10:44:12"	201.0	0	3	20	0.893	546.4	26.48	0.06454	991	80.05	-506.07	61.51	25.88	0.15311	0.0097861	0	0	0	991	71.6	31.23	547.44	26.522	30.40	0	101.1	5060.7	110205
15	"10:44:14"	203.0	0	3	20	1.04	546.7	26.50	0.07512	991	80.08	-506.09	61.54	25.88	0.18006	0.0081082	0	0	0	991	71.6	31.23	547.56	26.536	30.40	0	101.1	5060.9	110205
16	"10:44:16"	205.0	0	3	20	1.08	547.0	26.51	0.07826	991	80.15	-506.08	61.60	25.88	0.18755	0.0085154	0	0	0	991	71.6	31.23	547.82	26.563	30.40	0	101.1	5060.8	110205
17	"10:44:18"	207.0	0	3	20	1.08	547.4	26.53	0.07808	991	80.11	-506.08	61.59	25.89	0.18726	0.0082287	0	0	0	991	71.6	31.23	548.46	26.557	30.40	0	101.1	5060.8	110205
18	"10:44:20"	209.0	0	3	20	0.999	547.8	26.55	0.07216	991	80.27	-506.07	61.69	25.88	0.17266	0.0083093	0	0	0	991	71.6	31.23	548.70	26.604	30.40	0	101.1	5060.7	110205
19	"10:44:22"	211.0	0	3	20	1.01	548.1	26.56	0.07276	991	80.26	-506.08	61.69	25.89	0.17376	0.0089493	0	0	0	991	71.6	31.24	548.91	26.602	30.40	0	101.1	5060.8	110205
20	"10:44:24"	213.0	0	3	20	0.923	548.5	26.58	0.06665	991	80.29	-506.07	61.70	25.89	0.15901	0.0085046	0	0	0	991	71.6	31.24	549.51	26.612	30.41	0	101.1	5060.7	110205
21	"10:44:26"	215.0	0	3	20	0.943	548.8	26.60	0.06815	991	80.38	-506.07	61.79	25.89	0.16278	0.0083406	0	0	0	991	71.6	31.23	549.71	26.652	30.41	0	101.1	5060.7	110205
22	"10:44:28"	217.0	0	3	20	0.976	549.1	26.62	0.07051	991	80.41	-506.06	61.82	25.89	0.16784	0.0096828	0	0	0	991	71.6	31.23	550.09	26.663	30.41	0	101.1	5060.6	110205
23	"10:44:30"	219.0	0	3	20	0.935	549.5	26.63	0.06758	991	80.47	-506.08	61.85	25.89	0.16113	0.0087803	0	0	0	991	71.6	31.23	550.38	26.678	30.41	0	101.1	5060.8	110205
24	"10:44:32"	221.0	0	3	20	0.982	549.8	26.65	0.07098	991	80.49	-506.06	61.91	25.90	0.1691	0.0094724	0	0	0	991	71.6	31.23	550.65	26.702	30.41	0	101.1	5060.6	110205
25	"10:44:34"	223.0	0	3	20	0.9	550.2	26.67	0.06502	991	80.56	-506.07	61.94	25.89	0.1545	0.0093967	0	0	0	991	71.6	31.23	551.11	26.716	30.41	0	101.1	5060.7	110205
26	"10:44:36"	225.0	0	3	20	0.971	550.5	26.69	0.07019	991	80.57	-506.09	61.96	25.90	0.16806	0.0078384	0	0	0	991	71.6	31.23	551.22	26.725	30.41	0	101.1	5060.9	110205
27	"10:44:38"	227.0	0	3	20	0.917	550.8	26.70	0.06625	991	80.63	-506.07	62.00	25.90	0.15871	0.0072492	0	0	0	991	71.6	31.23	551.51	26.741	30.41	0	101.1	5060.7	110205
28	"10:44:40"	229.0	0	3	20	0.878	551.1	26.72	0.06344	991	80.66	-506.07	62.01	25.89	0.1525	0.0060183	0	0	0	991	71.6	31.23	552.06	26.745	30.41	0	101.1	5060.7	110205
29	"10:44:42"	231.0	0	3	20	1.01	551.5	26.73	0.07316	991	80.79	-506.08	62.11	25.89	0.17556	0.0074921	0	0	0	991	71.6	31.23	552.54	26.793	30.41	0	101.1	5060.8	110205
30	"10:44:44"	233.0	0	3	20	1.15	551.9	26.75	0.08332	991	80.79	-506.07	62.12	25.90	0.19945	0.0093751	0	0	0	991	71.6	31.23	552.82	26.798	30.41	0	101.1	5060.7	110205
31	"10:44:46"	235.0	0	3	20	1.19	552.2	26.77	0.08629	991	80.85	-506.07	62.16	25.89	0.20653	0.009782	0	0	0	991	71.6	31.23	552.95	26.811	30.41	0	101.1	5060.7	110205
32	"10:44:48"	237.0	0	3	20	1.06	552.6	26.79	0.07673	991	80.92	-506.08	62.21	25.89	0.1832	0.0094607	0	0	0	991	71.6	31.23	553.51	26.832	30.41	0	101.1	5060.8	110205
33	"10:44:50"	239.0	0	3	20	0.911	552.9	26.80	0.0658	991	80.96	-506.08	62.23	25.89	0.15728	0.0078056	0	0	0	991	71.6	31.23	553.68	26.844	30.41	0	101.1	5060.8	110205
34	"10:44:52"	241.0	0	3	20	0.859	553.3	26.82	0.06208	991	81.02	-506.08	62.28	25.89	0.14801	0.0080076	0	0	0	991	71.6	31.23	554.12	26.859	30.41	0	101.1	5060.8	110205
35	"10:44:54"	243.0	0	3	20	0.893	553.5	26.83	0.06451	991	81.04	-506.06	62.31	25.89	0.15396	0.0080404	0	0	0	991	71.6	31.23	554.37	26.878	30.41	0	101.1	5060.6	110205
36	"10:44:56"	245.0	0	3	20	0.943	553.9	26.85	0.06817	991	81.07	-506.07	62.32	25.89	0.16286	0.0081965	0	0	0	991	71.6	31.23	554.65	26.881	30.41	0	101.1	5060.7	110205
37	"10:44:58"	247.0	0	3	20	0.947	554.2	26.87	0.06844	991	81.16	-506.08	62.38	25.89	0.16356	0.0081535	0	0	0	991	71.6	31.23	554.95	26.905	30.41	0	101.1	5060.8	110205
38	"10:45:00"	249.0	0	3	20	0.933	554.5	26.88	0.0674	991	81.17	-506.06	62.39	25.89	0.16173	0.0068875	0	0	0	991	71.6	31.23	555.18	26.910	30.41	0	101.1	5060.6	110205
39	"10:45:02"	251.0	0	3	20	0.804	554.8	26.89	0.05812	991	81.21	-506.09	62.43	25.89	0.13939	0.0060605	0	0	0	991	71.6	31.23	555.66	26.927	30.41	0	101.1	5060.9	110205
40	"10:45:04"	253.0	0	3	20	0.851	555.1	26.91	0.06145	991	81.24	-506.07	62.46	25.89	0.14746	0.0062542	0	0	0	991	71.6	31.23	555.97	26.938	30.41	0	101.1	5060.7	110205
41	"10:45:06"	255.0	0	3	20	0.961	555.5	26.92	0.06946	991	81.27	-506.08	62.48	25.89	0.16726	0.0060363	0	0	0	991	71.6	31.23	556.22	26.950	30.41	0	101.1	5060.8	110205
42	"10:45:08"	257.0	0	3	20	1.05	555.8	26.93	0.07594	991	81.37	-506.08	62.57	25.89	0.18281	0.0067176	0	0	0	991	71.6	31.23	556.61	26.985	30.41	0	101.1	5060.8	110205
43	"10:45:10"	259.0	0	3	20	1	556.1	26.95	0.07251	991	81.34	-506.06	62.54	25.89	0.1736	0.0080356	0	0	0	991	71.6	31.23	556.83	26.972	30.41	0	101.1	5060.6	110205
44	"10:45:12"	261.0	0	3	20	0.882	556.4	26.96	0.06371	991	81.46	-506.07	62.62	25.89	0.15253	0.0071048	0	0	0	991	71.6	31.23	557.42	27.010	30.41	0	101.1	5060.7	110205
45	"10:45:14"	263.0	0	3	20	0.887	556.7	26.98	0.06407	991	81.50	-506.08	62.64	25.89	0.15259	0.0085238	0	0	0	991	71.6	31.23	557.46	27.018	30.41	0	101.1	5060.8	110205
46	"10:45:16"	265.0	0	3	20	0.936	557.1	26.99	0.06761	991	81.54	-506.07	62.66	25.88	0.16198	0.0072999	0	0	0	991	71.6	31.23	557.96	27.025	30.41	0	101.1	5060.7	110205
47	"10:45:17"	266.0	0	4	182	0.972	550.0	27.00	0.07023	991	81.56	-506.07	62.69	25.89	0.16179	0.0069326	-0.00039546	0.28773	0	991	71.6	31.23	558.42	27.038	30.41	0	101.1	5060.7	110205
48	"10:49:25"	513.5	0	3	8	0.472	542.1	27.88	0.0341	991	84.12	-506.07	64.74	25.89	0.079312	0.0080538	0	0	0	991	71.6	31.23	542.41	27.890	30.38	0	101.1	5060.7	110205
49	"10:49:27"	515.5	0	3	12	0.808	542.3	27.89	0.05841	991	84.16	-506.07	64.78	25.89	0.13935	0.0075327	0	0	0	991	71.6	31.23	542.76	27.905	30.39	0	101.1	5060.7	110205
50	"10:49:29"	517.5	0	3	16	0.859	542.4	27.89	0.06207	991	84.16	-506.07	64.78	25.89	0.14905	0.0062635	0	0	0	991	71.6	31.23	543.03	27.906	30.38	0	101.1	5060.7	110205
51	"10:49:31"	519.5	0	3	20	1.02	542.6	27.90	0.07356	991	84.18	-506.08	64.81	25.89	0.17781	0.005325	0	0	0	991	71.6	31.23	543.53	27.917	30.38	0	101.1	5060.8	110205
52	"10:49:33"	521.5	0	3	20	1.02	542.9	27.91	0.0739	991	84.22	-506.08	64.82	25.89	0.17929	0.0041939	0	0	0	991	71.6	31.23	543.61	27.927	30.39	0	101.1	5060.8	110205
53	"10:49:35"	523.5	0	3	20	0.906	543.3	27.92	0.06545	991	84.27	-506.08	64.83	25.88	0.15867	0.0038919	0	0	0	991	71.6	31.23	543.97	27.928	30.39	0	101.1	5060.8	110205
54	"10:49:37"	525.5	0	3	20	0.773	543.5	27.92	0.05584	991	84.29	-506.07	64.86	25.88	0.13536	0.0033488	0	0	0	991	71.6	31.23	544.22	27.939	30.38	0	101.1	5060.7	110205
55	"10:49:39"	527.5	0	3	20	0.664	543.8	27.93	0.04797	991	84.28	-506.08	64.86	25.89	0.11546	0.0043553	0	0	0	991	71.6	31.23	544.50	27.940	30.38	0	101.1	5060.8	110205
56	"10:49:41"	529.5	0	3	20	0.828	544.1	27.94	0.05985	991	84.35	-506.08	64.90	25.88	0.14502	0.0037216	0	0	0	991	71.6	31.23	545.17	27.957	30.38	0	101.1	5060.8	110205
57	"10:49:43"	531.5	0	3	20	0.965	544.4	27.94	0.06972	991	84.36	-506.06	64.93	25.89	0.17015	0.0021683	0	0	0	991	71.6	31.23	545.13	27.968	30.38	0	101.1	5060.6	110205
58	"10:49:45"	533.5	0	3	20	0.937	544.7	27.95	0.06767	991	84.33	-506.06	64.89	25.88	0.16499	0.002343	0	0	0	991	71.6	31.23	545.61	27.952	30.38	0	101.1	5060.6	110205
59	"10:49:47"	535.5	0	3	20	0.923	545.0	27.95	0.0667	991	84.42	-506.07	64.99	25.89	0.16259	0.0023675	0	0	0	991	71.6	31.23	545.93	27.990	30.38	0	101.1	5060.7	110205
60	"10:49:49"	537.5	0	3	20	0.878	545.4	27.96	0.06341	991	84.41	-506.06	64.95	25.88	0.15392	0.0034523	0	0	0	991	71.6	31.23	546.19	27.973	30.38	0	101.1	5060.6	110205
61	"10:49:51"	539.5	0	3	20	0.87	545.7	27.96	0.06287	991	84.39	-506.06	64.94	25.88	0.15233	0.0038998	0	0	0	991	71.6	31.23	546.59	27.967	30.38	0	101.1	5060.6	110205
62	"10:49:53"	541.5	0	3	20	1.03	546.0	27.97	0.07434	991	84.42	-506.07	64.97	25.88	0.1814	0.0023426	0	0	0	991	71.6	31.23	546.84	27.979	30.38	0	101.1	5060.7	110205
63	"10:49:55"	543.5	0	3	20	0.922	546.3	27.98	0.06661	991	84.51	-506.07	65.03	25.88	0.16214	0.002771	0	0	0	991	71.6	31.23	547.21	28.006	30.38	0	101.1	5060.7	110205
64	"10:49:57"	545.5	0	3	20	0.771	546.6	27.98	0.05568	991	84.53	-506.07	65.05	25.88	0.135	0.0032871	0	0	0	991	71.6	31.23	547.38	28.013	30.38	0	101.1	5060.7	110205
65	"10:49:59"	547.5	0	3	20	0.733	546.9	27.99	0.05295	991	84.51	-506.08	65.05	25.89	0.12807	0.0036702	0	0	0	991	71.6	31.23	547.72	28.014	30.38	0	101.1	5060.8	110205
66	"10:50:01"	549.5	0	3	20	0.734	547.2	28.00	0.053	991	84.48	-506.08	65.03	25.89	0.12804	0.0039473	0	0	0	991	71.6	31.23	548.03	28.007	30.38	0	101.1	5060.8	110205
67	"10:50:03"	551.5	0	3	20	0.902	547.5	28.00	0.06519	991	84.50	-506.08	65.05	25.89	0.15888	0.0023636	0	0	0	991	71.6	31.24	548.42	28.016	30.38	0	101.1	5060.8	110205
68	"10:50:05"	553.5	0	3	20	0.885	547.8	28.01	0.06392	991	84.54	-506.07	65.05	25.88	0.15665	0.00078539	0	0	0	991	71.6	31.24	548.49	28.020	30.38	0	101.1	5060.7	110205
69	"10:50:07"	555.5	0	3	20	0.843	548.1	28.01	0.0609	991	84.56	-506.08	65.06	25.88	0.14877	0.0016137	0	0	0	991	71.6	31.24	548.97	28.024	30.38	0	101.1	5060.8	110205
70	"10:50:09"	557.5	0	3	20	0.864	548.4	28.02	0.06243	991	84.59	-506.07	65.07	25.88	0.15216	0.0022537	0	0	0	991	71.6	31.23	549.51	28.029	30.38	0	101.1	5060.7	110205
71	"10:50:11"	559.5	0	3	20	0.954	548.8	28.02	0.06891	991	84.60	-506.08	65.10	25.88	0.16774	0.0028847	0	0	0	991	71.6	31.24	549.55	28.040	30.38	0	101.1	5060.8	110205
72	"10:50:12"	561.5	0	3	20	0.96	549.0	28.03	0.06938	991	84.62	-506.08	65.10	25.88	0.16852	0.0035325	0	0	0	991	71.6	31.23	550.03	28.043	30.38	0	101.1	5060.8	110205
73	"10:50:14"	563.5	0	3	20	0.923	549.4	28.03	0.06668	991	84.61	-506.08	65.10	25.88	0.16245	0.0025389	0	0	0	991	71.6	31.23	550.12	28.039	30.38	0	101.1	5060.8	110205
74	"10:50:16"	565.5	0	3	20	0.886	549.7	28.04	0.064	991	84.66	-506.07	65.16	25.89	0.1557	0.0028305	0	0	0	991	71.6	31.23	550.56	28.063	30.38	0	101.1	5060.7	110205
75	"10:50:18"	567.5	0	3	20	0.841	550.0	28.04	0.06077	991	84.67	-506.08	65.15	25.88	0.14803	0.002326	0	0	0	991	71.6	31.23	551.16	28.060	30.38	0	101.1	5060.8	110205
76	"10:50:20"	569.5	0	3	20	0.968	550.3	28.05	0.06993	991	84.77	-506.08	65.20	25.87	0.17027	0.0028178	0	0	0	991	71.6	31.23	551.14	28.078	30.38	0	101.1	5060.8	110205
77	"10:50:22"	571.5	0	3	20	0.911	550.7	28.06	0.06583	991	84.74	-506.08	65.21	25.88	0.1595	0.0040192	0	0	0	991	71.6	31.23	551.33	28.080	30.38	0	101.1	5060.8	110205
78	"10:50:24"	573.5	0	3	20	0.848	551.0	28.06	0.06128	991	84.74	-506.07	65.22	25.88	0.14843	0.0038495	0	0	0	991	71.6	31.23	551.67	28.081	30.38	0	101.1	5060.7	110205
79	"10:50:26"	575.5	0	3	20	0.862	551.3	28.07	0.06226	991	84.80	-506.07	65.25	25.88	0.15126	0.0031021	0	0	0	991	71.6	31.23	552.02	28.093	30.38	0	101.1	5060.7	110205
80	"10:50:28"	577.5	0	3	20	0.825	551.6	28.08	0.05963	991	84.76	-506.08	65.23	25.88	0.14578	0.0013425	0	0	0	991	71.6	31.23	552.37	28.081	30.37	0	101.1	5060.8	110205
81	"10:50:30"	579.5	0	3	20	0.843	551.9	28.08	0.06087	991	84.76	-506.07	65.22	25.88	0.14934	0.00045982	0	0	0	991	71.6	31.23	552.71	28.080	30.38	0	101.1	5060.7	110205
82	"10:50:32"	581.5	0	3	20	0.861	552.2	28.08	0.0622	991	84.80	-506.06	65.25	25.87	0.15195	0.0016075	0	0	0	991	71.6	31.23	552.83	28.091	30.37	0	101.1	5060.6	110205
83	"10:50:34"	583.5	0	3	20	0.772	552.5	28.09	0.05579	991	84.78	-506.07	65.25	25.88	0.13585	0.0022357	0	0	0	991	71.6	31.23	553.23	28.091	30.37	0	101.1	5060.7	110205
84	"10:50:36"	585.5	0	3	20	0.795	552.7	28.09	0.05741	991	84.86	-506.07	65.30	25.87	0.13959	0.0026347	0	0	0	991	71.6	31.23	553.48	28.111	30.37	0	101.1	5060.7	110205
85	"10:50:38"	587.5	0	3	20	0.896	553.0	28.09	0.06475	991	84.85	-506.08	65.28	25.87	0.15752	0.0028383	0	0	0	991	71.6	31.23	554.10	28.104	30.37	0	101.1	5060.8	110205
86	"10:50:40"	589.5	0	3	20	0.873	553.3	28.10	0.06308	991	84.89	-506.07	65.32	25.87	0.15403	0.0017583	0	0	0	991	71.6	31.23	554.06	28.115	30.37	0	101.1	5060.7	110205
87	"10:50:42"	591.5	0	3	20	0.841	553.6	28.10	0.0608	991	84.89	-506.06	65.30	25.87	0.14822	0.0020893	0	0	0	991	71.6	31.23	554.44	28.109	30.37	0	101.1	5060.6	110205
88	"10:50:44"	593.5	0	3	20	0.85	553.9	28.11	0.06143	991	84.90	-506.06	65.32	25.87	0.14947	0.0026037	0	0	0	991	71.6	31.23	554.54	28.114	30.37	0	101.1	5060.6	110205
89	"10:50:46"	595.5	0	3	20	0.761	554.2	28.11	0.05501	991	84.90	-506.08	65.30	25.87	0.13442	0.0013461	0	0	0	991	71.6	31.23	554.91	28.110	30.37	0	101.1	5060.8	110205
90	"10:50:48"	597.5	0	3	20	0.866	554.5	28.11	0.06254	991	84.97	-506.06	65.35	25.86	0.15276	0.0016211	0	0	0	991	71.6	31.23	555.53	28.124	30.37	0	101.1	5060.6	110205
91	"10:50:50"	599.5	0	3	20	0.886	554.8	28.12	0.06403	991	85.00	-506.07	65.38	25.86	0.1565	0.0014961	0	0	0	991	71.6	31.23	555.51	28.139	30.37	0	101.1	5060.7	110205
92	"10:50:52"	601.5	0	3	20	0.889	555.1	28.12	0.06424	991	84.97	-506.09	65.37	25.87	0.15683	0.0018427	0	0	0	991	71.6	31.23	555.97	28.134	30.37	0	101.1	5060.9	110205
93	"10:50:54"	603.5	0	3	20	0.955	555.4	28.13	0.06899	991	85.03	-506.08	65.41	25.86	0.16761	0.0033858	0	0	0	991	71.6	31.23	556.24	28.147	30.37	0	101.1	5060.8	110205
94	"10:50:56"	605.5	0	3	20	0.884	555.8	28.13	0.06389	991	84.98	-506.07	65.37	25.86	0.15589	0.0019568	0	0	0	991	71.6	31.23	556.70	28.130	30.37	0	101.1	5060.7	110205
95	"10:50:58"	607.5	0	3	20	0.849	556.1	28.13	0.06133	991	85.00	-506.07	65.38	25.86	0.15019	0.00092207	0	0	0	991	71.6	31.23	556.67	28.132	30.37	0	101.1	5060.7	110205
96	"10:51:00"	609.5	0	3	20	0.763	556.3	28.14	0.05516	991	85.05	-506.07	65.42	25.86	0.13545	0.00016321	0	0	0	991	71.6	31.23	557.35	28.153	30.37	0	101.1	5060.7	110205
97	"10:51:02"	611.5	0	3	20	0.848	556.7	28.14	0.06124	991	85.06	-506.06	65.43	25.86	0.1499	0.0010511	0	0	0	991	71.6	31.23	557.49	28.155	30.37	0	101.1	5060.6	110205
98	"10:51:04"	613.5	0	4	200	0.864	550.0	28.14	0.06241	991	85.07	-506.08	65.43	25.86	0.15991	0.0022536	-5.1755E-05	0.09088	0	991	71.6	31.24	558.00	28.156	30.37	0	101.1	5060.8	110205
99	"10:55:23"	872.5	0	3	8	0.726	542.5	28.42	0.05245	991	86.35	-506.07	66.09	25.76	0.12623	0.0047077	0	0	0	991	71.6	31.24	542.73	28.418	30.35	0	101.1	5060.7	110205
100	"10:55:25"	874.5	0	3	12	0.602	542.6	28.42	0.04349	991	86.39	-506.08	66.13	25.76	0.10466	0.0039	0	0	0	991	71.6	31.23	543.09	28.433	30.35	0	101.1	5060.8	110205
101	"10:55:27"	876.5	0	3	16	0.675	542.7	28.42	0.04875	991	86.37	-506.07	66.13	25.77	0.11805	0.0030704	0	0	0	991	71.6	31.23	543.43	28.435	30.35	0	101.1	5060.7	110205
102	"10:55:29"	878.5	0	3	20	0.9	542.9	28.43	0.06506	991	86.40	-506.08	66.15	25.77	0.15814	0.0030317	0	0	0	991	71.6	31.23	543.82	28.444	30.35	0	101.1	5060.8	110205
103	"10:55:31"	880.5	0	3	20	1.01	543.2	28.43	0.07274	991	86.37	-506.07	66.15	25.77	0.17724	0.0026315	0	0	0	991	71.6	31.23	543.87	28.440	30.35	0	101.1	5060.7	110205
104	"10:55:33"	882.5	0	3	20	0.993	543.5	28.44	0.07172	991	86.36	-506.07	66.16	25.77	0.17495	0.0022528	0	0	0	991	71.6	31.23	544.54	28.442	30.35	0	101.1	5060.7	110205
105	"10:55:35"	884.5	0	3	20	0.876	543.9	28.44	0.06332	991	86.39	-506.08	66.13	25.76	0.1549	0.0012112	0	0	0	991	71.6	31.23	544.80	28.435	30.35	0	101.1	5060.8	110205
106	"10:55:37"	886.5	0	3	20	0.838	544.2	28.44	0.06056	991	86.46	-506.07	66.19	25.77	0.14851	0.00050997	0	0	0	991	71.6	31.23	544.81	28.458	30.35	0	101.1	5060.7	110205
107	"10:55:39"	888.5	0	3	20	0.811	544.5	28.45	0.05863	991	86.49	-506.08	66.20	25.76	0.14306	0.0017533	0	0	0	991	71.6	31.23	545.29	28.463	30.35	0	101.1	5060.8	110205
108	"10:55:41"	890.5	0	3	20	0.824	544.7	28.45	0.05954	991	86.41	-506.08	66.16	25.77	0.14498	0.0023158	0	0	0	991	71.6	31.24	545.71	28.447	30.35	0	101.1	5060.8	110205
109	"10:55:43"	892.5	0	3	20	0.808	545.1	28.45	0.05837	991	86.44	-506.07	66.16	25.76	0.14253	0.0015597	0	0	0	991	71.6	31.24	545.88	28.450	30.35	0	101.1	5060.7	110205
110	"10:55:45"	894.5	0	3	20	0.817	545.4	28.45	0.05904	991	86.44	-506.08	66.17	25.77	0.14481	0.00043276	0	0	0	991	71.6	31.24	546.18	28.454	30.35	0	101.1	5060.8	110205
111	"10:55:47"	896.5	0	3	20	0.986	545.7	28.46	0.07127	991	86.44	-506.08	66.17	25.77	0.17517	-0.00011181	0	0	0	991	71.6	31.24	546.67	28.453	30.35	0	101.1	5060.8	110205
112	"10:55:49"	898.5	0	3	20	0.999	546.0	28.46	0.07219	991	86.53	-506.07	66.20	25.76	0.17652	0.0014611	0	0	0	991	71.6	31.24	546.72	28.470	30.35	0	101.1	5060.7	110205
113	"10:55:51"	900.5	0	3	20	0.92	546.3	28.46	0.06649	991	86.54	-506.08	66.22	25.76	0.16149	0.003303	0	0	0	991	71.6	31.24	547.12	28.478	30.35	0	101.1	5060.8	110205
114	"10:55:53"	902.5	0	3	20	0.92	546.7	28.47	0.06645	991	86.50	-506.07	66.20	25.76	0.16143	0.0032416	0	0	0	991	71.6	31.24	547.53	28.467	30.35	0	101.1	5060.7	110205
115	"10:55:55"	904.5	0	3	20	0.891	547.0	28.47	0.06435	991	86.52	-506.07	66.22	25.77	0.1566	0.0026604	0	0	0	991	71.6	31.23	547.70	28.477	30.35	0	101.1	5060.7	110205
116	"10:55:57"	906.5	0	3	20	0.815	547.3	28.47	0.05887	991	86.53	-506.08	66.23	25.77	0.14358	0.0018677	0	0	0	991	71.6	31.23	548.10	28.481	30.35	0	101.1	5060.8	110205
117	"10:55:59"	908.5	0	3	20	0.87	547.6	28.48	0.06284	991	86.56	-506.07	66.25	25.77	0.15364	0.0012991	0	0	0	991	71.6	31.23	548.28	28.491	30.35	0	101.1	5060.7	110205
118	"10:56:01"	910.5	0	3	20	0.753	547.9	28.48	0.05442	991	86.61	-506.07	66.28	25.77	0.13228	0.0025273	0	0	0	991	71.6	31.23	548.55	28.507	30.36	0	101.1	5060.7	110205
119	"10:56:03"	912.5	0	3	20	0.793	548.1	28.49	0.05727	991	86.63	-506.08	66.29	25.76	0.13887	0.0032546	0	0	0	991	71.6	31.23	549.14	28.508	30.36	0	101.1	5060.8	110205
120	"10:56:05"	914.5	0	3	20	1	548.5	28.49	0.07227	991	86.61	-506.07	66.30	25.77	0.17521	0.0041451	0	0	0	991	71.6	31.23	549.15	28.511	30.35	0	101.1	5060.7	110205
121	"10:56:07"	916.5	0	3	20	0.983	548.8	28.50	0.071	991	86.64	-506.07	66.31	25.77	0.17267	0.0031126	0	0	0	991	71.6	31.23	549.64	28.517	30.36	0	101.1	5060.7	110205
122	"10:56:09"	918.5	0	3	20	0.981	549.1	28.51	0.07086	991	86.57	-506.08	66.26	25.77	0.17336	0.0012831	0	0	0	991	71.6	31.23	550.08	28.500	30.36	0	101.1	5060.8	110205
123	"10:56:11"	920.5	0	3	20	0.911	549.4	28.51	0.06582	991	86.69	-506.09	66.34	25.76	0.16122	0.00085596	0	0	0	991	71.6	31.23	550.12	28.531	30.36	0	101.1	5060.9	110205
124	"10:56:13"	922.5	0	3	20	0.778	549.7	28.51	0.05625	991	86.62	-506.08	66.31	25.77	0.13741	0.0013808	0	0	0	991	71.6	31.23	550.48	28.519	30.36	0	101.1	5060.8	110205
125	"10:56:15"	924.5	0	3	20	0.876	550.0	28.52	0.06329	991	86.75	-506.08	66.38	25.77	0.15368	0.0031789	0	0	0	991	71.6	31.23	550.85	28.552	30.36	0	101.1	5060.8	110205
126	"10:56:17"	926.5	0	3	20	0.861	550.3	28.52	0.0622	991	86.67	-506.07	66.32	25.76	0.15022	0.0045449	0	0	0	991	71.6	31.23	551.18	28.524	30.36	0	101.1	5060.7	110205
127	"10:56:19"	928.5	0	3	20	0.968	550.7	28.53	0.06992	991	86.74	-506.07	66.38	25.76	0.1696	0.0038366	0	0	0	991	71.6	31.23	551.66	28.548	30.35	0	101.1	5060.7	110205
128	"10:56:21"	930.5	0	3	20	1.04	551.0	28.54	0.07524	991	86.74	-506.07	66.38	25.77	0.18348	0.0024158	0	0	0	991	71.6	31.23	551.77	28.550	30.36	0	101.1	5060.7	110205
129	"10:56:23"	932.5	0	3	20	0.826	551.3	28.54	0.05967	991	86.80	-506.08	66.43	25.77	0.1454	0.0021239	0	0	0	991	71.6	31.23	551.97	28.570	30.35	0	101.1	5060.8	110205
130	"10:56:25"	934.5	0	3	20	0.654	551.6	28.55	0.04723	991	86.78	-506.06	66.42	25.76	0.11515	0.0015333	0	0	0	991	71.6	31.23	552.17	28.559	30.35	0	101.1	5060.6	110205
131	"10:56:27"	936.5	0	3	20	0.644	551.9	28.55	0.04654	991	86.78	-506.07	66.43	25.77	0.11292	0.0025141	0	0	0	991	71.6	31.23	552.67	28.567	30.35	0	101.1	5060.7	110205
132	"10:56:29"	938.5	0	3	20	0.778	552.1	28.55	0.05618	991	86.82	-506.09	66.43	25.76	0.13701	0.0017643	0	0	0	991	71.6	31.23	553.08	28.564	30.35	0	101.1	5060.9	110205
133	"10:56:31"	940.5	0	3	20	1.03	552.4	28.56	0.07407	991	86.79	-506.08	66.41	25.76	0.18112	0.0014947	0	0	0	991	71.6	31.23	553.14	28.557	30.35	0	101.1	5060.8	110205
134	"10:56:33"	942.5	0	3	20	0.924	552.7	28.56	0.06679	991	86.74	-506.08	66.41	25.77	0.16354	0.00095633	0	0	0	991	71.6	31.23	553.37	28.557	30.35	0	101.1	5060.8	110205
135	"10:56:35"	944.5	0	3	20	0.823	553.0	28.56	0.05948	991	86.81	-506.09	66.46	25.77	0.14599	0.00026165	0	0	0	991	71.6	31.23	553.65	28.577	30.35	0	101.1	5060.9	110205
136	"10:56:37"	946.5	0	3	20	0.772	553.3	28.56	0.05577	991	86.82	-506.09	66.48	25.77	0.1363	0.001256	0	0	0	991	71.6	31.23	553.93	28.586	30.35	0	101.1	5060.9	110205
137	"10:56:39"	948.5	0	3	20	0.757	553.6	28.57	0.05469	991	86.81	-506.08	66.44	25.76	0.13335	0.0017554	0	0	0	991	71.6	31.23	554.55	28.569	30.35	0	101.1	5060.8	110205
138	"10:56:41"	950.5	0	3	20	0.925	553.9	28.57	0.0668	991	86.81	-506.07	66.46	25.77	0.16273	0.0024547	0	0	0	991	71.6	31.23	554.72	28.579	30.35	0	101.1	5060.7	110205
139	"10:56:43"	952.5	0	3	20	0.965	554.2	28.57	0.06971	991	86.81	-506.07	66.46	25.77	0.17027	0.001734	0	0	0	991	71.6	31.23	554.84	28.579	30.35	0	101.1	5060.7	110205
140	"10:56:45"	954.5	0	3	20	0.905	554.5	28.58	0.0654	991	86.78	-506.06	66.44	25.77	0.16038	0.00053745	0	0	0	991	71.6	31.23	555.56	28.569	30.35	0	101.1	5060.6	110205
141	"10:56:47"	956.5	0	3	20	0.886	554.9	28.58	0.06401	991	86.85	-506.08	66.47	25.76	0.15664	0.0010971	0	0	0	991	71.6	31.23	555.69	28.584	30.35	0	101.1	5060.8	110205
142	"10:56:49"	958.5	0	3	20	0.804	555.2	28.58	0.05807	991	86.86	-506.07	66.49	25.77	0.14216	0.00088534	0	0	0	991	71.6	31.23	555.89	28.593	30.35	0	101.1	5060.7	110205
143	"10:56:51"	960.5	0	3	20	0.82	555.5	28.58	0.05927	991	86.95	-506.06	66.54	25.76	0.145	0.0010568	0	0	0	991	71.6	31.23	556.34	28.614	30.35	0	101.1	5060.6	110205
144	"10:56:53"	962.5	0	3	20	0.976	555.8	28.59	0.07051	991	86.87	-506.08	66.50	25.77	0.17246	0.0013461	0	0	0	991	71.6	31.23	556.51	28.594	30.35	0	101.1	5060.8	110205
145	"10:56:55"	964.5	0	3	20	0.787	556.1	28.59	0.05687	991	86.87	-506.07	66.51	25.77	0.13915	0.00099855	0	0	0	991	71.6	31.23	556.65	28.599	30.35	0	101.1	5060.7	110205
146	"10:56:57"	966.5	0	3	20	0.745	556.3	28.59	0.05381	991	86.89	-506.06	66.52	25.77	0.13135	0.001485	0	0	0	991	71.6	31.23	557.05	28.604	30.35	0	101.1	5060.6	110205
147	"10:56:59"	968.5	0	3	20	0.695	556.6	28.60	0.05023	991	86.91	-506.07	66.52	25.77	0.12208	0.0023216	0	0	0	991	71.6	31.23	557.50	28.609	30.35	0	101.1	5060.7	110205
148	"10:57:01"	970.5	0	3	20	0.795	556.9	28.60	0.05745	991	86.94	-506.08	66.54	25.77	0.13967	0.0025515	0	0	0	991	71.6	31.23	557.74	28.616	30.36	0	101.1	5060.8	110205
149	"10:57:03"	972.5	0	4	200	0.851	550.0	28.60	0.06147	991	86.94	-506.08	66.52	25.76	0.15396	0.0028503	-9.535E-05	0.11391	0	991	71.6	31.23	558.01	28.608	30.36	0	101.1	5060.8	110205
