"OPEN 5.3.2"
"Sat Jun  1 2019 14:12:47"
"Unit="	"PSC-895"
"ComputeList="	"/User/Configs/Comps/Soil Efflux Eqns.LPL"
"BLCTable="	"/Sys/Lib/StdBLCTable"
"LightSource="	"Sun+Sky"	1	0.19
"LogFormat="	"/User/Configs/LogFormats/Soil Efflux Log Fmt"
"LogCodes="	-35	-21	-36	-104	310	311	320	302	303	306	304	321	322	323	324	300	301	330	331	305	307	308	-8	-2	-5	-9	-13	-11	-61	-23
"PromptList="	"/User/Configs/Prompts/Soil Efflux Prompts"
"Stability= (CO2S 15s SLP<1)(H2OS 15s SLP<1)(Flow 15s SLP<1)"
"14:12:48 "
$STARTOFDATA$
"Obs"	"HHMMSS"	"FTime"	"Plot#"	"Mode"	"Smpls"	"EFFLUX"	"C2avg"	"Wavg"	"dc'/dt"	"Vtot"	"RHcmbr%"	"Tsoil_C"	"RHirga%"	"Tsch_C"	"dC/dt"	"dW/dt"	"R(C)m"	"R(C)b"	"InsDpth"	"Vbase"	"Area"	"TBlk"	"CO2S"	"H2OS"	"Tair"	"PARo"	"Press"	"uc_21_mV"	"Status"
1	"14:22:02"	568.0	0	3	8	0.998	642.2	26.16	0.07208	991	78.05	-506.07	60.63	26.04	0.1738	0.0057349	0	0	0	991	71.6	31.23	642.43	26.152	30.38	0	100.9	5060.7	110205
2	"14:22:04"	570.0	0	3	12	0.673	642.3	26.16	0.04861	991	78.12	-506.07	60.63	26.02	0.11909	0.00098344	0	0	0	991	71.6	31.23	642.73	26.157	30.38	0	100.9	5060.7	110205
3	"14:22:06"	572.0	0	3	16	0.764	642.4	26.16	0.05518	991	78.25	-506.07	60.66	26.00	0.13567	0.00037224	0	0	0	991	71.6	31.23	643.00	26.169	30.38	0	100.9	5060.7	110205
4	"14:22:08"	574.0	0	3	20	0.648	642.5	26.16	0.04685	991	78.15	-506.07	60.66	26.03	0.11432	0.001638	0	0	0	991	71.6	31.24	642.76	26.167	30.38	0	100.9	5060.7	110205
5	"14:22:10"	576.0	0	3	20	0.424	642.7	26.16	0.03066	991	78.25	-506.06	60.65	26.00	0.074672	0.0012684	0	0	0	991	71.6	31.24	643.36	26.163	30.38	0	100.9	5060.6	110205
6	"14:22:12"	578.0	0	3	20	0.61	642.9	26.16	0.04406	991	78.22	-506.06	60.66	26.01	0.10693	0.0024345	0	0	0	991	71.6	31.23	643.65	26.168	30.38	0	100.9	5060.6	110205
7	"14:22:14"	580.0	0	3	20	0.576	643.1	26.17	0.04165	991	78.15	-506.06	60.71	26.04	0.10175	0.001282	0	0	0	991	71.6	31.23	643.48	26.187	30.38	0	100.9	5060.6	110205
8	"14:22:16"	582.0	0	3	20	0.518	643.3	26.17	0.03742	991	78.03	-506.07	60.68	26.06	0.091565	0.0009399	0	0	0	991	71.6	31.23	643.93	26.177	30.38	0	100.9	5060.7	110205
9	"14:22:18"	584.0	0	3	20	0.479	643.5	26.17	0.03458	991	78.12	-506.08	60.66	26.03	0.084431	0.001133	0	0	0	991	71.6	31.23	643.78	26.167	30.38	0	100.9	5060.8	110205
10	"14:22:20"	586.0	0	3	20	0.308	643.7	26.18	0.02225	991	78.27	-506.07	60.74	26.02	0.053628	0.001805	0	0	0	991	71.6	31.23	644.25	26.198	30.37	0	100.9	5060.7	110205
11	"14:22:22"	588.0	0	3	20	0.347	643.8	26.18	0.02508	991	78.37	-506.09	60.72	25.99	0.05964	0.0032367	0	0	0	991	71.6	31.23	644.09	26.193	30.38	0	100.9	5060.9	110205
12	"14:22:24"	590.0	0	3	20	0.464	643.9	26.18	0.0335	991	78.28	-506.06	60.75	26.02	0.081454	0.0016258	0	0	0	991	71.6	31.23	644.21	26.202	30.37	0	100.9	5060.6	110205
13	"14:22:26"	592.0	0	3	20	0.399	644.1	26.19	0.02881	991	78.30	-506.07	60.74	26.01	0.069067	0.0028642	0	0	0	991	71.6	31.24	644.81	26.202	30.38	0	100.9	5060.7	110205
14	"14:22:28"	594.0	0	3	20	0.594	644.3	26.19	0.0429	991	78.34	-506.07	60.75	26.01	0.10446	0.0018195	0	0	0	991	71.6	31.24	644.71	26.208	30.38	0	100.9	5060.7	110205
15	"14:22:30"	596.0	0	3	20	0.639	644.5	26.20	0.04616	991	78.27	-506.06	60.78	26.03	0.11289	0.0012504	0	0	0	991	71.6	31.24	645.08	26.224	30.38	0	100.9	5060.6	110205
16	"14:22:32"	598.0	0	3	20	0.594	644.7	26.20	0.04292	991	78.22	-506.07	60.76	26.04	0.1035	0.0033923	0	0	0	991	71.6	31.24	645.10	26.214	30.38	0	100.9	5060.7	110205
17	"14:22:34"	600.0	0	3	20	0.508	644.8	26.21	0.03673	991	78.26	-506.08	60.75	26.03	0.088884	0.0024076	0	0	0	991	71.6	31.23	645.43	26.209	30.38	0	100.9	5060.8	110205
18	"14:22:36"	602.0	0	3	20	0.397	645.0	26.21	0.02872	991	78.18	-506.07	60.79	26.05	0.069493	0.0018975	0	0	0	991	71.6	31.23	645.58	26.223	30.38	0	100.9	5060.7	110205
19	"14:22:38"	604.0	0	3	20	0.417	645.2	26.22	0.03016	991	78.16	-506.07	60.79	26.06	0.073115	0.0017877	0	0	0	991	71.6	31.23	645.77	26.227	30.38	0	100.9	5060.7	110205
20	"14:22:40"	606.0	0	3	20	0.492	645.4	26.22	0.03552	991	78.32	-506.07	60.84	26.04	0.086259	0.0018855	0	0	0	991	71.6	31.23	645.59	26.246	30.38	0	100.9	5060.7	110205
21	"14:22:42"	608.0	0	3	20	0.525	645.5	26.23	0.0379	991	78.33	-506.07	60.81	26.03	0.090764	0.003914	0	0	0	991	71.6	31.23	645.91	26.236	30.38	0	100.9	5060.7	110205
22	"14:22:44"	610.0	0	3	20	0.498	645.7	26.23	0.03596	991	78.35	-506.07	60.81	26.02	0.086371	0.0033511	0	0	0	991	71.6	31.23	646.29	26.234	30.38	0	100.9	5060.7	110205
23	"14:22:46"	612.0	0	3	20	0.544	645.9	26.23	0.03934	991	78.38	-506.08	60.84	26.03	0.096402	0.00076601	0	0	0	991	71.6	31.23	646.24	26.249	30.38	0	100.9	5060.8	110205
24	"14:22:48"	614.0	0	3	20	0.403	646.1	26.24	0.02911	991	78.38	-506.09	60.85	26.03	0.070595	0.0016687	0	0	0	991	71.6	31.23	646.60	26.252	30.38	0	100.9	5060.9	110205
25	"14:22:50"	616.0	0	3	20	0.529	646.2	26.24	0.03823	991	78.46	-506.07	60.88	26.02	0.093345	0.0012517	0	0	0	991	71.6	31.23	646.81	26.263	30.38	0	100.9	5060.7	110205
26	"14:22:52"	618.0	0	3	20	0.55	646.4	26.24	0.03976	991	78.43	-506.07	60.91	26.04	0.096082	0.0028078	0	0	0	991	71.6	31.23	646.92	26.278	30.38	0	100.9	5060.7	110205
27	"14:22:54"	620.0	0	3	20	0.55	646.6	26.25	0.03971	991	78.28	-506.08	60.86	26.05	0.095156	0.0040336	0	0	0	991	71.6	31.23	647.19	26.256	30.38	0	100.9	5060.8	110205
28	"14:22:56"	622.0	0	3	20	0.63	646.8	26.26	0.04554	991	78.38	-506.08	60.90	26.04	0.111	0.0017839	0	0	0	991	71.6	31.23	647.12	26.274	30.38	0	100.9	5060.8	110205
29	"14:22:58"	624.0	0	3	20	0.501	647.0	26.26	0.03622	991	78.40	-506.07	60.91	26.04	0.0881	0.001705	0	0	0	991	71.6	31.23	647.68	26.275	30.38	0	100.9	5060.7	110205
30	"14:23:00"	626.0	0	3	20	0.519	647.2	26.27	0.03747	991	78.31	-506.09	60.88	26.05	0.091641	0.00099121	0	0	0	991	71.6	31.23	647.49	26.263	30.38	0	100.9	5060.9	110205
31	"14:23:02"	628.0	0	3	20	0.508	647.4	26.27	0.03669	991	78.46	-506.07	60.94	26.04	0.089676	0.0010782	0	0	0	991	71.6	31.23	647.92	26.287	30.38	0	100.9	5060.7	110205
32	"14:23:04"	630.0	0	3	20	0.519	647.6	26.27	0.03749	991	78.44	-506.08	60.92	26.04	0.090147	0.003316	0	0	0	991	71.6	31.24	648.07	26.280	30.38	0	100.9	5060.8	110205
33	"14:23:06"	632.0	0	3	20	0.512	647.7	26.28	0.03698	991	78.39	-506.07	60.95	26.06	0.089254	0.0027786	0	0	0	991	71.6	31.24	648.11	26.295	30.38	0	100.9	5060.7	110205
34	"14:23:08"	634.0	0	3	20	0.424	647.9	26.28	0.03062	991	78.41	-506.07	60.93	26.04	0.074449	0.0014669	0	0	0	991	71.6	31.24	648.40	26.285	30.38	0	100.9	5060.7	110205
35	"14:23:10"	636.0	0	3	20	0.514	648.1	26.29	0.03715	991	78.53	-506.08	60.95	26.03	0.090624	0.0013491	0	0	0	991	71.6	31.24	648.60	26.299	30.38	0	100.9	5060.8	110205
36	"14:23:12"	638.0	0	3	20	0.487	648.3	26.29	0.03521	991	78.42	-506.07	60.92	26.04	0.085264	0.0022317	0	0	0	991	71.6	31.24	648.55	26.281	30.38	0	100.9	5060.7	110205
37	"14:23:14"	640.0	0	3	20	0.45	648.4	26.29	0.0325	991	78.45	-506.07	60.98	26.05	0.078735	0.0019977	0	0	0	991	71.6	31.24	648.62	26.308	30.38	0	100.9	5060.7	110205
38	"14:23:16"	642.0	0	3	20	0.343	648.5	26.30	0.02475	991	78.50	-506.08	60.97	26.04	0.059566	0.0021048	0	0	0	991	71.6	31.23	648.80	26.304	30.38	0	100.9	5060.8	110205
39	"14:23:18"	644.0	0	3	20	0.327	648.7	26.30	0.02362	991	78.69	-506.08	61.02	26.01	0.05699	0.0017808	0	0	0	991	71.6	31.24	649.15	26.328	30.38	0	100.9	5060.8	110205
40	"14:23:20"	646.0	0	3	20	0.515	648.8	26.31	0.0372	991	78.45	-506.07	61.00	26.06	0.089344	0.0034626	0	0	0	991	71.6	31.23	649.21	26.321	30.38	0	100.9	5060.7	110205
41	"14:23:22"	648.0	0	3	20	0.631	649.0	26.31	0.04556	991	78.41	-506.08	61.02	26.07	0.109	0.0048813	0	0	0	991	71.6	31.23	649.55	26.326	30.38	0	100.9	5060.8	110205
42	"14:23:24"	650.0	0	3	20	0.625	649.2	26.32	0.04517	991	78.50	-506.07	61.05	26.06	0.10859	0.00405	0	0	0	991	71.6	31.23	650.20	26.341	30.38	0	100.9	5060.7	110205
43	"14:23:26"	652.0	0	3	20	0.614	649.4	26.33	0.04438	991	78.48	-506.08	61.03	26.06	0.10721	0.0031953	0	0	0	991	71.6	31.23	649.98	26.335	30.38	0	100.9	5060.8	110205
44	"14:23:28"	654.0	0	3	20	0.524	649.6	26.33	0.03785	991	78.58	-506.08	61.08	26.05	0.092621	0.00093403	0	0	0	991	71.6	31.23	650.09	26.353	30.38	0	100.9	5060.8	110205
45	"14:23:30"	656.0	0	3	20	0.492	649.8	26.34	0.03555	991	78.46	-506.07	61.06	26.07	0.085953	0.0024565	0	0	0	991	71.6	31.23	650.30	26.349	30.38	0	100.9	5060.7	110205
46	"14:23:32"	658.0	0	3	20	0.566	650.0	26.34	0.04088	991	78.41	-506.07	61.07	26.09	0.099342	0.0020592	0	0	0	991	71.6	31.23	650.48	26.351	30.38	0	100.9	5060.7	110205
47	"14:23:34"	660.0	0	3	20	0.43	650.2	26.35	0.03108	991	78.62	-506.08	61.08	26.05	0.074922	0.0024495	0	0	0	991	71.6	31.23	650.45	26.357	30.38	0	100.9	5060.8	110205
48	"14:23:36"	662.0	0	3	20	0.517	650.3	26.35	0.03732	991	78.53	-506.07	61.10	26.06	0.089828	0.0031768	0	0	0	991	71.6	31.23	650.85	26.358	30.38	0	100.9	5060.7	110205
49	"14:23:38"	664.0	0	3	20	0.49	650.5	26.36	0.03537	991	78.45	-506.08	61.11	26.09	0.085814	0.0020064	0	0	0	991	71.6	31.23	650.91	26.367	30.38	0	100.9	5060.8	110205
50	"14:23:40"	666.0	0	3	20	0.463	650.7	26.36	0.03344	991	78.48	-506.07	61.11	26.08	0.081102	0.0019287	0	0	0	991	71.6	31.23	650.90	26.364	30.38	0	100.9	5060.7	110205
51	"14:23:42"	668.0	0	4	200	0.485	650.0	26.36	0.03502	991	78.55	-506.08	61.11	26.07	0.094747	0.0011941	-0.00077135	0.5364	0	991	71.6	31.23	651.34	26.371	30.38	0	100.9	5060.8	110205
52	"14:28:30"	956.5	0	3	8	0.433	642.1	26.74	0.03127	991	79.56	-506.07	61.95	26.09	0.072162	0.0074203	0	0	0	991	71.6	31.23	642.16	26.753	30.39	0	100.9	5060.7	110205
53	"14:28:32"	958.5	0	3	12	0.532	642.2	26.75	0.03846	991	79.37	-506.08	61.91	26.12	0.090561	0.0063991	0	0	0	991	71.6	31.23	642.83	26.736	30.39	0	100.9	5060.8	110205
54	"14:28:34"	960.5	0	3	16	0.62	642.3	26.75	0.04481	991	79.53	-506.08	61.96	26.10	0.10925	0.0017678	0	0	0	991	71.6	31.23	642.78	26.757	30.39	0	100.9	5060.8	110205
55	"14:28:36"	962.5	0	3	20	0.61	642.5	26.75	0.04409	991	79.54	-506.07	62.00	26.11	0.10749	0.0017754	0	0	0	991	71.6	31.23	643.15	26.774	30.39	0	100.9	5060.7	110205
56	"14:28:38"	964.5	0	3	20	0.622	642.7	26.76	0.04491	991	79.48	-506.06	61.97	26.12	0.1094	0.0019454	0	0	0	991	71.6	31.24	643.12	26.762	30.39	0	100.9	5060.6	110205
57	"14:28:40"	966.5	0	3	20	0.638	642.9	26.76	0.04608	991	79.45	-506.06	61.96	26.12	0.11348	0.0001415	0	0	0	991	71.6	31.24	643.41	26.755	30.39	0	100.9	5060.6	110205
58	"14:28:42"	968.5	0	3	20	0.495	643.1	26.76	0.03574	991	79.53	-506.07	61.99	26.11	0.085835	0.0033986	0	0	0	991	71.6	31.23	643.39	26.773	30.39	0	100.9	5060.7	110205
59	"14:28:44"	970.5	0	3	20	0.401	643.2	26.77	0.02896	991	79.61	-506.08	62.05	26.11	0.069971	0.0021186	0	0	0	991	71.6	31.23	643.63	26.800	30.40	0	100.9	5060.8	110205
60	"14:28:46"	972.5	0	3	20	0.424	643.4	26.78	0.03067	991	79.62	-506.06	62.01	26.10	0.072647	0.0044244	0	0	0	991	71.6	31.23	643.90	26.778	30.39	0	100.9	5060.6	110205
61	"14:28:48"	974.5	0	3	20	0.504	643.6	26.78	0.0364	991	79.57	-506.07	62.04	26.12	0.086138	0.0054159	0	0	0	991	71.6	31.23	643.96	26.792	30.39	0	100.9	5060.7	110205
62	"14:28:50"	976.5	0	3	20	0.586	643.7	26.79	0.04234	991	79.62	-506.07	62.09	26.12	0.10301	0.0020073	0	0	0	991	71.6	31.23	644.07	26.814	30.39	0	100.9	5060.7	110205
63	"14:28:52"	978.5	0	3	20	0.575	643.9	26.79	0.04151	991	79.69	-506.07	62.04	26.09	0.10072	0.0023859	0	0	0	991	71.6	31.23	644.52	26.792	30.39	0	100.9	5060.7	110205
64	"14:28:54"	980.5	0	3	20	0.507	644.1	26.80	0.03664	991	79.74	-506.08	62.07	26.09	0.090169	0.0001826	0	0	0	991	71.6	31.23	644.80	26.807	30.39	0	100.9	5060.8	110205
65	"14:28:56"	982.5	0	3	20	0.572	644.3	26.80	0.04132	991	79.54	-506.07	62.08	26.13	0.10033	0.0022807	0	0	0	991	71.6	31.23	644.72	26.811	30.39	0	100.9	5060.7	110205
66	"14:28:58"	984.5	0	3	20	0.632	644.5	26.80	0.04569	991	79.61	-506.06	62.10	26.12	0.11144	0.0017717	0	0	0	991	71.6	31.23	645.01	26.816	30.39	0	100.9	5060.6	110205
67	"14:29:00"	986.5	0	3	20	0.553	644.7	26.81	0.03997	991	79.57	-506.07	62.11	26.13	0.098406	0.00017271	0	0	0	991	71.6	31.23	645.08	26.821	30.39	0	100.9	5060.7	110205
68	"14:29:02"	988.5	0	3	20	0.509	644.9	26.81	0.03675	991	79.54	-506.08	62.11	26.14	0.089777	0.0011972	0	0	0	991	71.6	31.23	645.46	26.824	30.39	0	100.9	5060.8	110205
69	"14:29:04"	990.5	0	3	20	0.49	645.1	26.81	0.03544	991	79.47	-506.07	62.08	26.15	0.086277	0.0016052	0	0	0	991	71.6	31.23	645.61	26.810	30.39	0	100.9	5060.7	110205
70	"14:29:06"	992.5	0	3	20	0.517	645.3	26.81	0.03734	991	79.56	-506.07	62.12	26.14	0.091178	0.0012838	0	0	0	991	71.6	31.23	645.75	26.822	30.39	0	100.9	5060.7	110205
71	"14:29:08"	994.5	0	3	20	0.485	645.4	26.82	0.03506	991	79.79	-506.07	62.14	26.10	0.085563	0.0012639	0	0	0	991	71.6	31.23	645.90	26.832	30.39	0	100.9	5060.7	110205
72	"14:29:10"	996.5	0	3	20	0.411	645.6	26.82	0.02967	991	79.82	-506.06	62.15	26.09	0.072314	0.0012167	0	0	0	991	71.6	31.23	646.15	26.836	30.39	0	100.9	5060.6	110205
73	"14:29:12"	998.5	0	3	20	0.415	645.8	26.83	0.02996	991	79.85	-506.07	62.15	26.09	0.072483	0.0020243	0	0	0	991	71.6	31.23	646.47	26.838	30.39	0	100.9	5060.7	110205
74	"14:29:14"	1000.5	0	3	20	0.596	646.0	26.83	0.04303	991	79.84	-506.07	62.16	26.09	0.10336	0.0040172	0	0	0	991	71.6	31.23	646.48	26.836	30.39	0	100.9	5060.7	110205
75	"14:29:16"	1002.5	0	3	20	0.721	646.2	26.83	0.0521	991	79.64	-506.07	62.18	26.14	0.12699	0.0021281	0	0	0	991	71.6	31.24	646.74	26.851	30.39	0	100.9	5060.7	110205
76	"14:29:18"	1004.5	0	3	20	0.627	646.4	26.84	0.04533	991	79.73	-506.07	62.21	26.13	0.11028	0.0021572	0	0	0	991	71.6	31.24	646.71	26.860	30.39	0	100.9	5060.7	110205
77	"14:29:20"	1006.5	0	3	20	0.466	646.6	26.85	0.03369	991	79.66	-506.06	62.18	26.14	0.081309	0.0025799	0	0	0	991	71.6	31.24	646.99	26.853	30.39	0	100.9	5060.6	110205
78	"14:29:22"	1008.5	0	3	20	0.352	646.8	26.85	0.02544	991	79.69	-506.08	62.18	26.13	0.060953	0.0026317	0	0	0	991	71.6	31.24	647.08	26.854	30.39	0	100.9	5060.8	110205
79	"14:29:24"	1010.5	0	3	20	0.462	646.9	26.85	0.03338	991	79.73	-506.07	62.21	26.13	0.080495	0.0026505	0	0	0	991	71.6	31.24	647.32	26.866	30.39	0	100.9	5060.7	110205
80	"14:29:26"	1012.5	0	3	20	0.585	647.1	26.86	0.04227	991	79.82	-506.07	62.22	26.11	0.10383	0.00049182	0	0	0	991	71.6	31.24	647.27	26.868	30.39	0	100.9	5060.7	110205
81	"14:29:28"	1014.5	0	3	20	0.611	647.3	26.86	0.04417	991	79.97	-506.07	62.27	26.09	0.10799	0.001284	0	0	0	991	71.6	31.23	647.81	26.890	30.39	0	100.9	5060.7	110205
82	"14:29:30"	1016.5	0	3	20	0.568	647.5	26.86	0.04105	991	79.83	-506.07	62.21	26.11	0.10028	0.0013468	0	0	0	991	71.6	31.23	647.93	26.865	30.39	0	100.9	5060.7	110205
83	"14:29:32"	1018.5	0	3	20	0.606	647.7	26.87	0.04376	991	79.81	-506.06	62.25	26.12	0.10634	0.0022645	0	0	0	991	71.6	31.23	648.19	26.884	30.39	0	100.9	5060.6	110205
84	"14:29:34"	1020.5	0	3	20	0.627	647.9	26.87	0.04527	991	79.76	-506.07	62.25	26.13	0.11017	0.0020958	0	0	0	991	71.6	31.23	648.38	26.884	30.39	0	100.9	5060.7	110205
85	"14:29:36"	1022.5	0	3	20	0.552	648.1	26.87	0.03986	991	79.78	-506.06	62.25	26.13	0.097792	0.00066466	0	0	0	991	71.6	31.23	648.16	26.881	30.39	0	100.9	5060.6	110205
86	"14:29:38"	1024.5	0	3	20	0.42	648.2	26.88	0.03035	991	79.84	-506.07	62.23	26.11	0.073609	0.0017789	0	0	0	991	71.6	31.23	648.85	26.875	30.39	0	100.9	5060.7	110205
87	"14:29:40"	1026.5	0	3	20	0.405	648.4	26.88	0.0293	991	79.83	-506.07	62.27	26.12	0.071925	0.00041277	0	0	0	991	71.6	31.23	649.05	26.888	30.39	0	100.9	5060.7	110205
88	"14:29:42"	1028.5	0	3	20	0.587	648.6	26.88	0.04245	991	79.69	-506.07	62.26	26.15	0.10401	0.00092174	0	0	0	991	71.6	31.23	649.16	26.884	30.39	0	100.9	5060.7	110205
89	"14:29:44"	1030.5	0	3	20	0.769	648.8	26.88	0.05555	991	79.85	-506.08	62.32	26.13	0.13544	0.0021913	0	0	0	991	71.6	31.23	649.26	26.909	30.39	0	100.9	5060.8	110205
90	"14:29:46"	1032.5	0	3	20	0.81	649.1	26.89	0.05852	991	79.73	-506.08	62.25	26.14	0.14298	0.0018844	0	0	0	991	71.6	31.23	649.54	26.879	30.39	0	100.9	5060.8	110205
91	"14:29:48"	1034.5	0	3	20	0.68	649.3	26.89	0.04912	991	79.80	-506.06	62.27	26.12	0.12034	0.0010917	0	0	0	991	71.6	31.23	649.62	26.882	30.39	0	100.9	5060.6	110205
92	"14:29:50"	1036.5	0	3	20	0.389	649.5	26.89	0.02813	991	79.85	-506.07	62.37	26.14	0.068962	0.00056096	0	0	0	991	71.6	31.23	649.85	26.926	30.39	0	100.9	5060.7	110205
93	"14:29:52"	1038.5	0	3	20	0.291	649.6	26.90	0.02103	991	79.81	-506.06	62.31	26.13	0.050907	0.0013709	0	0	0	991	71.6	31.23	650.03	26.897	30.39	0	100.9	5060.6	110205
94	"14:29:54"	1040.5	0	3	20	0.369	649.8	26.90	0.02669	991	79.87	-506.07	62.34	26.13	0.064656	0.0016842	0	0	0	991	71.6	31.23	650.42	26.912	30.39	0	100.9	5060.7	110205
95	"14:29:56"	1042.5	0	3	20	0.427	649.9	26.90	0.03085	991	79.81	-506.05	62.32	26.13	0.074307	0.0025921	0	0	0	991	71.6	31.23	650.22	26.900	30.39	0	100.9	5060.5	110205
96	"14:29:58"	1044.5	0	3	20	0.541	650.0	26.90	0.03911	991	80.04	-506.07	62.45	26.12	0.095447	0.0014155	0	0	0	991	71.6	31.23	650.42	26.960	30.39	0	100.9	5060.7	110205
97	"14:30:00"	1046.5	0	3	20	0.486	650.2	26.91	0.03513	991	79.91	-506.06	62.32	26.11	0.084996	0.0023757	0	0	0	991	71.6	31.23	650.68	26.903	30.39	0	100.9	5060.6	110205
98	"14:30:02"	1048.5	0	3	20	0.44	650.4	26.91	0.03182	991	79.88	-506.07	62.35	26.13	0.077196	0.0018246	0	0	0	991	71.6	31.23	650.91	26.913	30.39	0	100.9	5060.7	110205
99	"14:30:04"	1050.5	0	3	20	0.491	650.6	26.91	0.0355	991	79.78	-506.07	62.32	26.14	0.08684	0.00098922	0	0	0	991	71.6	31.23	651.23	26.904	30.39	0	100.9	5060.7	110205
100	"14:30:06"	1052.5	0	3	20	0.578	650.7	26.92	0.04175	991	79.83	-506.06	62.38	26.15	0.10199	0.0013744	0	0	0	991	71.6	31.23	651.36	26.929	30.39	0	100.9	5060.6	110205
101	"14:30:08"	1054.5	0	3	20	0.664	651.0	26.92	0.04796	991	79.70	-506.07	62.36	26.17	0.11763	0.00088958	0	0	0	991	71.6	31.24	651.26	26.921	30.39	0	100.9	5060.7	110205
102	"14:30:10"	1056.5	0	4	200	0.522	650.0	26.92	0.03769	991	79.72	-506.08	62.38	26.17	0.11229	0.0025648	-0.00013893	0.12799	0	991	71.6	31.24	651.60	26.929	30.39	0	100.9	5060.8	110205
103	"14:35:36"	1382.0	0	3	8	0.324	642.3	27.22	0.02344	991	80.93	-506.08	63.06	26.10	0.058123	-0.00055967	0	0	0	991	71.6	31.23	642.46	27.217	30.38	0	100.9	5060.8	110205
104	"14:35:38"	1384.0	0	3	12	0.483	642.4	27.22	0.03493	991	80.83	-506.06	63.10	26.13	0.085775	0.0004575	0	0	0	991	71.6	31.23	642.79	27.233	30.38	0	100.9	5060.6	110205
105	"14:35:40"	1386.0	0	3	16	0.496	642.5	27.22	0.03582	991	80.72	-506.07	63.12	26.16	0.086754	0.0023183	0	0	0	991	71.6	31.23	642.78	27.240	30.38	0	100.9	5060.7	110205
106	"14:35:42"	1388.0	0	3	20	0.393	642.6	27.23	0.02837	991	80.68	-506.07	63.10	26.16	0.068723	0.0018253	0	0	0	991	71.6	31.23	643.30	27.232	30.38	0	100.9	5060.7	110205
107	"14:35:44"	1390.0	0	3	20	0.56	642.8	27.23	0.04048	991	80.75	-506.06	63.10	26.14	0.098573	0.0018325	0	0	0	991	71.6	31.23	643.24	27.228	30.38	0	100.9	5060.6	110205
108	"14:35:46"	1392.0	0	3	20	0.526	643.0	27.23	0.03801	991	80.86	-506.08	63.13	26.13	0.093362	0.00047777	0	0	0	991	71.6	31.23	643.44	27.244	30.38	0	100.9	5060.8	110205
109	"14:35:48"	1394.0	0	3	20	0.603	643.1	27.24	0.04356	991	80.89	-506.07	63.17	26.13	0.10661	0.0011408	0	0	0	991	71.6	31.23	643.61	27.260	30.38	0	100.9	5060.7	110205
110	"14:35:50"	1396.0	0	3	20	0.599	643.3	27.24	0.04327	991	80.92	-506.08	63.17	26.12	0.10538	0.0018887	0	0	0	991	71.6	31.23	643.94	27.256	30.38	0	100.9	5060.8	110205
111	"14:35:52"	1398.0	0	3	20	0.441	643.6	27.24	0.03189	991	80.91	-506.07	63.18	26.13	0.076428	0.0032931	0	0	0	991	71.6	31.23	643.99	27.261	30.38	0	100.9	5060.7	110205
112	"14:35:54"	1400.0	0	3	20	0.567	643.7	27.25	0.04094	991	80.83	-506.06	63.15	26.14	0.098512	0.0036324	0	0	0	991	71.6	31.23	644.40	27.253	30.38	0	100.9	5060.6	110205
113	"14:35:56"	1402.0	0	3	20	0.604	643.9	27.26	0.04363	991	80.96	-506.07	63.20	26.12	0.1062	0.0020062	0	0	0	991	71.6	31.23	644.39	27.272	30.38	0	100.9	5060.7	110205
114	"14:35:58"	1404.0	0	3	20	0.583	644.1	27.26	0.04212	991	81.07	-506.07	63.22	26.11	0.10284	0.0014605	0	0	0	991	71.6	31.23	644.79	27.279	30.38	0	100.9	5060.7	110205
115	"14:36:00"	1406.0	0	3	20	0.556	644.3	27.26	0.04018	991	80.91	-506.07	63.21	26.14	0.098447	0.00087631	0	0	0	991	71.6	31.23	644.83	27.279	30.38	0	100.9	5060.7	110205
116	"14:36:02"	1408.0	0	3	20	0.489	644.5	27.27	0.03534	991	80.92	-506.07	63.21	26.13	0.086115	0.0014981	0	0	0	991	71.6	31.23	645.37	27.275	30.38	0	100.9	5060.7	110205
117	"14:36:04"	1410.0	0	3	20	0.561	644.7	27.27	0.04055	991	80.84	-506.06	63.17	26.14	0.099148	0.0011953	0	0	0	991	71.6	31.23	645.18	27.261	30.38	0	100.9	5060.6	110205
118	"14:36:06"	1412.0	0	3	20	0.616	644.9	27.27	0.04448	991	80.85	-506.06	63.19	26.14	0.10947	0.00026585	0	0	0	991	71.6	31.23	645.41	27.268	30.38	0	100.9	5060.6	110205
119	"14:36:08"	1414.0	0	3	20	0.523	645.1	27.27	0.03777	991	80.85	-506.07	63.19	26.14	0.093698	-0.00090547	0	0	0	991	71.6	31.23	645.70	27.267	30.38	0	100.9	5060.7	110205
120	"14:36:10"	1416.0	0	3	20	0.515	645.3	27.27	0.03722	991	80.97	-506.06	63.20	26.12	0.091959	-0.00033136	0	0	0	991	71.6	31.23	645.81	27.269	30.38	0	100.9	5060.6	110205
121	"14:36:12"	1418.0	0	3	20	0.378	645.5	27.27	0.02728	991	81.01	-506.08	63.24	26.12	0.066832	0.00060341	0	0	0	991	71.6	31.24	645.95	27.289	30.38	0	100.9	5060.8	110205
122	"14:36:14"	1420.0	0	3	20	0.401	645.6	27.27	0.02894	991	81.08	-506.07	63.21	26.10	0.07006	0.0018972	0	0	0	991	71.6	31.24	646.27	27.277	30.38	0	100.9	5060.7	110205
123	"14:36:16"	1422.0	0	3	20	0.43	645.8	27.27	0.03106	991	81.19	-506.08	63.23	26.08	0.07534	0.0018108	0	0	0	991	71.6	31.24	646.38	27.286	30.38	0	100.9	5060.8	110205
124	"14:36:18"	1424.0	0	3	20	0.561	646.0	27.28	0.04053	991	81.14	-506.08	63.23	26.10	0.099028	0.001277	0	0	0	991	71.6	31.24	646.87	27.289	30.38	0	100.9	5060.8	110205
125	"14:36:20"	1426.0	0	3	20	0.637	646.2	27.28	0.04603	991	81.13	-506.07	63.22	26.10	0.11294	0.00075346	0	0	0	991	71.6	31.23	646.92	27.284	30.38	0	100.9	5060.7	110205
126	"14:36:22"	1428.0	0	3	20	0.69	646.4	27.28	0.04986	991	81.15	-506.07	63.23	26.09	0.12223	0.00096382	0	0	0	991	71.6	31.23	647.10	27.284	30.38	0	100.9	5060.7	110205
127	"14:36:24"	1430.0	0	3	20	0.557	646.6	27.29	0.04028	991	81.07	-506.08	63.24	26.11	0.098136	0.0017034	0	0	0	991	71.6	31.23	647.22	27.292	30.38	0	100.9	5060.8	110205
128	"14:36:26"	1432.0	0	3	20	0.539	646.9	27.29	0.03893	991	80.99	-506.06	63.23	26.12	0.094432	0.0022881	0	0	0	991	71.6	31.23	647.43	27.283	30.38	0	100.9	5060.6	110205
129	"14:36:28"	1434.0	0	3	20	0.611	647.1	27.29	0.04418	991	81.12	-506.08	63.25	26.11	0.10718	0.002547	0	0	0	991	71.6	31.23	647.74	27.299	30.38	0	100.9	5060.8	110205
130	"14:36:30"	1436.0	0	3	20	0.711	647.3	27.30	0.05138	991	81.07	-506.07	63.23	26.11	0.12592	0.0010751	0	0	0	991	71.6	31.23	647.92	27.286	30.38	0	100.9	5060.7	110205
131	"14:36:32"	1438.0	0	3	20	0.678	647.5	27.30	0.04902	991	81.14	-506.09	63.29	26.11	0.12017	0.00095362	0	0	0	991	71.6	31.23	648.08	27.313	30.38	0	100.9	5060.9	110205
132	"14:36:34"	1440.0	0	3	20	0.501	647.7	27.30	0.0362	991	81.05	-506.06	63.28	26.13	0.088365	0.0012769	0	0	0	991	71.6	31.23	648.35	27.308	30.38	0	100.9	5060.6	110205
133	"14:36:36"	1442.0	0	3	20	0.404	647.9	27.30	0.02921	991	80.99	-506.07	63.31	26.15	0.070482	0.0022544	0	0	0	991	71.6	31.23	648.27	27.322	30.38	0	100.9	5060.7	110205
134	"14:36:38"	1444.0	0	3	20	0.42	648.1	27.31	0.03033	991	81.01	-506.07	63.30	26.14	0.072759	0.002981	0	0	0	991	71.6	31.24	648.25	27.316	30.38	0	100.9	5060.7	110205
135	"14:36:40"	1446.0	0	3	20	0.457	648.2	27.31	0.03303	991	80.98	-506.08	63.30	26.15	0.079587	0.0027278	0	0	0	991	71.6	31.24	648.65	27.318	30.38	0	100.9	5060.8	110205
136	"14:36:42"	1448.0	0	3	20	0.395	648.4	27.32	0.02852	991	80.96	-506.07	63.32	26.16	0.069031	0.0018962	0	0	0	991	71.6	31.24	648.95	27.330	30.38	0	100.9	5060.7	110205
137	"14:36:44"	1450.0	0	3	20	0.501	648.6	27.32	0.0362	991	81.16	-506.07	63.35	26.13	0.087691	0.0022983	0	0	0	991	71.6	31.23	649.25	27.342	30.38	0	100.9	5060.7	110205
138	"14:36:46"	1452.0	0	3	20	0.573	648.8	27.33	0.04138	991	81.13	-506.07	63.33	26.13	0.10084	0.0017197	0	0	0	991	71.6	31.24	649.30	27.335	30.39	0	100.9	5060.7	110205
139	"14:36:48"	1454.0	0	3	20	0.79	649.0	27.33	0.05706	991	81.23	-506.07	63.36	26.11	0.13939	0.0018617	0	0	0	991	71.6	31.23	649.69	27.346	30.38	0	100.9	5060.7	110205
140	"14:36:50"	1456.0	0	3	20	0.747	649.2	27.34	0.054	991	81.16	-506.06	63.32	26.12	0.13131	0.0026611	0	0	0	991	71.6	31.23	649.61	27.330	30.38	0	100.9	5060.6	110205
141	"14:36:52"	1458.0	0	3	20	0.455	649.4	27.34	0.03288	991	81.16	-506.07	63.33	26.12	0.080557	0.00073273	0	0	0	991	71.6	31.23	650.10	27.337	30.38	0	100.9	5060.7	110205
142	"14:36:54"	1460.0	0	3	20	0.471	649.6	27.34	0.03403	991	81.11	-506.07	63.36	26.14	0.083282	0.00089114	0	0	0	991	71.6	31.23	649.99	27.346	30.38	0	100.9	5060.7	110205
143	"14:36:56"	1462.0	0	3	20	0.406	649.8	27.34	0.02932	991	81.19	-506.07	63.39	26.13	0.071926	0.00050644	0	0	0	991	71.6	31.23	650.15	27.359	30.38	0	100.9	5060.7	110205
144	"14:36:58"	1464.0	0	3	20	0.383	649.9	27.35	0.02767	991	81.25	-506.07	63.37	26.11	0.067414	0.0011564	0	0	0	991	71.6	31.23	650.46	27.347	30.38	0	100.9	5060.7	110205
145	"14:37:00"	1466.0	0	3	20	0.631	650.1	27.35	0.04559	991	81.28	-506.06	63.42	26.12	0.11026	0.0031278	0	0	0	991	71.6	31.23	650.74	27.368	30.38	0	100.9	5060.6	110205
146	"14:37:02"	1468.0	0	3	20	0.563	650.3	27.35	0.04069	991	81.23	-506.07	63.42	26.13	0.098818	0.0022024	0	0	0	991	71.6	31.23	650.60	27.368	30.38	0	100.9	5060.7	110205
147	"14:37:04"	1470.0	0	3	20	0.695	650.5	27.36	0.05018	991	81.27	-506.07	63.44	26.12	0.12202	0.0024793	0	0	0	991	71.6	31.23	651.12	27.377	30.38	0	100.9	5060.7	110205
148	"14:37:06"	1472.0	0	3	20	0.758	650.8	27.36	0.05478	991	81.20	-506.07	63.42	26.14	0.13357	0.0021622	0	0	0	991	71.6	31.24	651.37	27.374	30.38	0	100.9	5060.7	110205
149	"14:37:08"	1474.0	0	3	20	0.515	651.0	27.37	0.03717	991	81.26	-506.07	63.42	26.12	0.090228	0.0020796	0	0	0	991	71.6	31.24	651.58	27.373	30.38	0	100.9	5060.7	110205
150	"14:37:10"	1476.0	0	3	20	0.526	651.2	27.37	0.03798	991	81.32	-506.08	63.41	26.11	0.092583	0.0015115	0	0	0	991	71.6	31.24	651.29	27.370	30.38	0	100.9	5060.8	110205
151	"14:37:12"	1478.0	0	3	20	0.375	651.3	27.37	0.02706	991	81.20	-506.07	63.41	26.13	0.066333	0.00055323	0	0	0	991	71.6	31.24	651.84	27.369	30.38	0	100.9	5060.7	110205
152	"14:37:14"	1480.0	0	3	20	0.381	651.5	27.37	0.02756	991	81.21	-506.06	63.45	26.14	0.067577	0.00052648	0	0	0	991	71.6	31.23	652.11	27.387	30.38	0	100.9	5060.6	110205
153	"14:37:16"	1482.0	0	4	200	0.542	650.0	27.38	0.03913	991	81.14	-506.07	63.43	26.15	0.10283	0.0012506	1.5849E-05	0.028831	0	991	71.6	31.24	652.23	27.379	30.38	0	100.9	5060.7	110205
