"OPEN 5.3.2"
"Sat Jun  1 2019 12:14:18"
"Unit="	"PSC-895"
"ComputeList="	"/User/Configs/Comps/Soil Efflux Eqns.LPL"
"BLCTable="	"/Sys/Lib/StdBLCTable"
"LightSource="	"Sun+Sky"	1	0.19
"LogFormat="	"/User/Configs/LogFormats/Soil Efflux Log Fmt"
"LogCodes="	-35	-21	-36	-104	310	311	320	302	303	306	304	321	322	323	324	300	301	330	331	305	307	308	-8	-2	-5	-9	-13	-11	-61	-23
"PromptList="	"/User/Configs/Prompts/Soil Efflux Prompts"
"Stability= (CO2S 15s SLP<1)(H2OS 15s SLP<1)(Flow 15s SLP<1)"
"12:14:19 "
$STARTOFDATA$
"Obs"	"HHMMSS"	"FTime"	"Plot#"	"Mode"	"Smpls"	"EFFLUX"	"C2avg"	"Wavg"	"dc'/dt"	"Vtot"	"RHcmbr%"	"Tsoil_C"	"RHirga%"	"Tsch_C"	"dC/dt"	"dW/dt"	"R(C)m"	"R(C)b"	"InsDpth"	"Vbase"	"Area"	"TBlk"	"CO2S"	"H2OS"	"Tair"	"PARo"	"Press"	"uc_21_mV"	"Status"
1	"12:27:45"	828.5	0	3	8	0.537	692.0	28.04	0.03878	991	82.95	-506.07	64.69	26.21	0.097127	-0.0022896	0	0	0	991	71.6	31.23	692.14	28.057	30.49	0	101	5060.7	110205
2	"12:27:47"	830.5	0	3	12	0.786	692.2	28.05	0.05682	991	82.95	-506.06	64.68	26.21	0.13957	0.00047382	0	0	0	991	71.6	31.23	692.88	28.054	30.49	0	101	5060.6	110205
3	"12:27:49"	832.5	0	3	16	0.826	692.3	28.05	0.05967	991	82.95	-506.06	64.68	26.21	0.14532	0.0022638	0	0	0	991	71.6	31.23	692.83	28.055	30.49	0	101	5060.6	110205
4	"12:27:51"	834.5	0	3	20	0.69	692.4	28.05	0.04983	991	82.91	-506.07	64.67	26.22	0.12094	0.0024816	0	0	0	991	71.6	31.23	692.88	28.051	30.49	0	101	5060.7	110205
5	"12:27:53"	836.5	0	3	20	0.607	692.7	28.05	0.04384	991	82.95	-506.07	64.68	26.21	0.10652	0.002021	0	0	0	991	71.6	31.23	693.09	28.057	30.49	0	101	5060.7	110205
6	"12:27:55"	838.5	0	3	20	0.511	692.9	28.06	0.03691	991	82.88	-506.06	64.67	26.23	0.090801	0.00012102	0	0	0	991	71.6	31.23	693.35	28.053	30.49	0	101	5060.6	110205
7	"12:27:57"	840.5	0	3	20	0.428	693.1	28.06	0.03091	991	82.92	-506.07	64.69	26.22	0.07653	-0.00057161	0	0	0	991	71.6	31.23	693.54	28.061	30.49	0	101	5060.7	110205
8	"12:27:59"	842.5	0	3	20	0.532	693.2	28.06	0.03843	991	82.93	-506.07	64.70	26.22	0.093899	0.0010243	0	0	0	991	71.6	31.23	693.73	28.067	30.49	0	101	5060.7	110205
9	"12:28:01"	844.5	0	3	20	0.519	693.4	28.06	0.0375	991	82.91	-506.07	64.71	26.23	0.090952	0.0019629	0	0	0	991	71.6	31.23	694.01	28.068	30.49	0	101	5060.7	110205
10	"12:28:03"	846.5	0	3	20	0.605	693.6	28.06	0.04374	991	82.91	-506.07	64.69	26.23	0.10655	0.0016456	0	0	0	991	71.6	31.23	694.04	28.062	30.49	0	101	5060.7	110205
11	"12:28:05"	848.5	0	3	20	0.591	693.8	28.06	0.04267	991	82.97	-506.06	64.72	26.22	0.10474	0.0004672	0	0	0	991	71.6	31.23	694.49	28.073	30.49	0	101	5060.6	110205
12	"12:28:07"	850.5	0	3	20	0.609	694.0	28.07	0.04403	991	82.94	-506.08	64.70	26.22	0.10849	-9.2046E-05	0	0	0	991	71.6	31.23	694.45	28.066	30.49	0	101	5060.8	110205
13	"12:28:09"	852.5	0	3	20	0.552	694.2	28.07	0.03991	991	82.92	-506.07	64.72	26.23	0.09751	0.0010732	0	0	0	991	71.6	31.23	694.67	28.074	30.49	0	101	5060.7	110205
14	"12:28:11"	854.5	0	3	20	0.485	694.4	28.07	0.03503	991	82.92	-506.08	64.69	26.22	0.085563	0.00096491	0	0	0	991	71.6	31.23	694.63	28.061	30.49	0	101	5060.8	110205
15	"12:28:13"	856.5	0	3	20	0.508	694.6	28.07	0.03671	991	82.95	-506.07	64.73	26.22	0.089523	0.0012235	0	0	0	991	71.6	31.23	695.40	28.073	30.49	0	101	5060.7	110205
16	"12:28:15"	858.5	0	3	20	0.61	694.8	28.07	0.04408	991	82.96	-506.07	64.74	26.22	0.10746	0.0015146	0	0	0	991	71.6	31.23	695.54	28.080	30.49	0	101	5060.7	110205
17	"12:28:17"	860.5	0	3	20	0.731	695.0	28.08	0.0528	991	82.95	-506.07	64.74	26.23	0.12878	0.001729	0	0	0	991	71.6	31.23	695.69	28.079	30.49	0	101	5060.7	110205
18	"12:28:19"	862.5	0	3	20	0.687	695.3	28.08	0.04966	991	82.92	-506.07	64.72	26.23	0.12106	0.0017004	0	0	0	991	71.6	31.23	695.93	28.072	30.49	0	101	5060.7	110205
19	"12:28:21"	864.5	0	3	20	0.541	695.5	28.08	0.03908	991	82.93	-506.08	64.73	26.23	0.095418	0.0011403	0	0	0	991	71.6	31.24	695.88	28.077	30.49	0	101	5060.8	110205
20	"12:28:23"	866.5	0	3	20	0.394	695.7	28.08	0.02847	991	82.95	-506.06	64.75	26.23	0.069442	0.00094572	0	0	0	991	71.6	31.23	695.98	28.085	30.49	0	101	5060.6	110205
21	"12:28:25"	868.5	0	3	20	0.495	695.8	28.09	0.03576	991	83.03	-506.07	64.77	26.22	0.08703	0.0014214	0	0	0	991	71.6	31.23	696.73	28.096	30.49	0	101	5060.7	110205
22	"12:28:27"	870.5	0	3	20	0.757	696.1	28.09	0.05467	991	82.97	-506.07	64.75	26.23	0.13308	0.0021437	0	0	0	991	71.6	31.23	696.66	28.087	30.49	0	101	5060.7	110205
23	"12:28:29"	872.5	0	3	20	0.751	696.3	28.09	0.05425	991	82.98	-506.07	64.78	26.23	0.13229	0.0018109	0	0	0	991	71.6	31.23	696.71	28.100	30.49	0	101	5060.7	110205
24	"12:28:31"	874.5	0	3	20	0.631	696.5	28.09	0.04561	991	82.95	-506.08	64.77	26.23	0.11169	0.00086833	0	0	0	991	71.6	31.23	697.22	28.093	30.49	0	101	5060.8	110205
25	"12:28:33"	876.5	0	3	20	0.501	696.7	28.10	0.03621	991	83.02	-506.07	64.80	26.23	0.088767	0.00057189	0	0	0	991	71.6	31.23	697.15	28.106	30.49	0	101	5060.7	110205
26	"12:28:35"	878.5	0	3	20	0.357	696.9	28.10	0.02582	991	83.12	-506.06	64.82	26.21	0.063112	0.00066917	0	0	0	991	71.6	31.23	697.32	28.116	30.49	0	101	5060.6	110205
27	"12:28:37"	880.5	0	3	20	0.523	697.1	28.10	0.03781	991	83.04	-506.07	64.79	26.22	0.091923	0.0016343	0	0	0	991	71.6	31.23	697.51	28.107	30.49	0	101	5060.7	110205
28	"12:28:39"	882.5	0	3	20	0.562	697.3	28.10	0.04063	991	83.03	-506.06	64.81	26.23	0.098949	0.001537	0	0	0	991	71.6	31.23	697.88	28.112	30.49	0	101	5060.6	110205
29	"12:28:41"	884.5	0	3	20	0.622	697.5	28.11	0.04493	991	83.03	-506.06	64.79	26.22	0.10941	0.001721	0	0	0	991	71.6	31.23	697.92	28.103	30.49	0	101	5060.6	110205
30	"12:28:43"	886.5	0	3	20	0.595	697.7	28.11	0.04298	991	83.04	-506.07	64.82	26.23	0.10536	0.00066722	0	0	0	991	71.6	31.23	698.19	28.117	30.49	0	101	5060.7	110205
31	"12:28:45"	888.5	0	3	20	0.648	697.9	28.11	0.04685	991	83.02	-506.06	64.81	26.23	0.1146	0.0010662	0	0	0	991	71.6	31.23	698.47	28.111	30.49	0	101	5060.6	110205
32	"12:28:47"	890.5	0	3	20	0.601	698.1	28.11	0.04345	991	83.00	-506.06	64.82	26.24	0.106	0.0013954	0	0	0	991	71.6	31.23	698.71	28.115	30.49	0	101	5060.6	110205
33	"12:28:49"	892.5	0	3	20	0.591	698.3	28.12	0.04274	991	83.06	-506.07	64.82	26.23	0.10459	0.00090054	0	0	0	991	71.6	31.23	698.73	28.120	30.49	0	101	5060.7	110205
34	"12:28:51"	894.5	0	3	20	0.666	698.6	28.12	0.04809	991	83.07	-506.07	64.85	26.23	0.11759	0.0011538	0	0	0	991	71.6	31.23	699.03	28.129	30.49	0	101	5060.7	110205
35	"12:28:53"	896.5	0	3	20	0.443	698.7	28.12	0.032	991	83.03	-506.09	64.82	26.23	0.078319	0.00066941	0	0	0	991	71.6	31.23	699.19	28.116	30.49	0	101	5060.9	110205
36	"12:28:55"	898.5	0	3	20	0.486	698.9	28.12	0.03512	991	83.11	-506.07	64.87	26.23	0.085237	0.0017194	0	0	0	991	71.6	31.23	699.31	28.138	30.49	0	101	5060.7	110205
37	"12:28:57"	900.5	0	3	20	0.512	699.1	28.12	0.03698	991	83.08	-506.07	64.85	26.23	0.089572	0.0020838	0	0	0	991	71.6	31.23	699.34	28.129	30.49	0	101	5060.7	110205
38	"12:28:59"	902.5	0	3	20	0.475	699.3	28.13	0.03435	991	83.09	-506.05	64.87	26.23	0.083658	0.0012841	0	0	0	991	71.6	31.23	699.76	28.135	30.49	0	101	5060.5	110205
39	"12:29:01"	904.5	0	3	20	0.649	699.5	28.13	0.04688	991	83.11	-506.06	64.88	26.23	0.11482	0.0008514	0	0	0	991	71.6	31.23	699.74	28.139	30.49	0	101	5060.6	110205
40	"12:29:03"	906.5	0	3	20	0.522	699.7	28.13	0.03775	991	83.11	-506.06	64.88	26.23	0.09248	0.00065552	0	0	0	991	71.6	31.23	700.05	28.139	30.49	0	101	5060.6	110205
41	"12:29:05"	908.5	0	3	20	0.527	699.9	28.13	0.03806	991	83.12	-506.08	64.85	26.22	0.093689	6.1136E-05	0	0	0	991	71.6	31.23	700.64	28.129	30.49	0	101	5060.8	110205
42	"12:29:07"	910.5	0	3	20	0.694	700.1	28.13	0.05011	991	83.10	-506.08	64.85	26.23	0.12298	0.00056928	0	0	0	991	71.6	31.23	700.51	28.129	30.49	0	101	5060.8	110205
43	"12:29:09"	912.5	0	3	20	0.563	700.3	28.13	0.04069	991	83.08	-506.07	64.86	26.23	0.10098	-0.0010916	0	0	0	991	71.6	31.23	700.88	28.130	30.49	0	101	5060.7	110205
44	"12:29:11"	914.5	0	3	20	0.568	700.4	28.13	0.04107	991	83.17	-506.07	64.92	26.23	0.10131	-0.00022752	0	0	0	991	71.6	31.23	701.05	28.155	30.49	0	101	5060.7	110205
45	"12:29:13"	916.5	0	3	20	0.658	700.7	28.13	0.04753	991	83.13	-506.08	64.88	26.23	0.11627	0.0010961	0	0	0	991	71.6	31.23	701.05	28.138	30.49	0	101	5060.8	110205
46	"12:29:15"	918.5	0	3	20	0.524	700.9	28.14	0.03788	991	83.12	-506.08	64.90	26.23	0.09189	0.0019179	0	0	0	991	71.6	31.23	701.55	28.148	30.49	0	101	5060.8	110205
47	"12:29:17"	920.5	0	3	20	0.594	701.1	28.14	0.04292	991	83.18	-506.07	64.94	26.23	0.10368	0.0027976	0	0	0	991	71.6	31.23	701.44	28.164	30.49	0	101	5060.7	110205
48	"12:29:19"	922.5	0	3	20	0.587	701.3	28.15	0.04242	991	83.12	-506.06	64.91	26.23	0.10283	0.0022675	0	0	0	991	71.6	31.23	701.80	28.152	30.49	0	101	5060.6	110205
49	"12:29:21"	924.5	0	3	20	0.508	701.5	28.15	0.03672	991	83.17	-506.07	64.91	26.23	0.089595	0.0011451	0	0	0	991	71.6	31.24	702.06	28.155	30.49	0	101	5060.7	110205
50	"12:29:23"	926.5	0	3	20	0.67	701.7	28.15	0.0484	991	83.24	-506.06	64.95	26.22	0.11847	0.00099317	0	0	0	991	71.6	31.23	702.00	28.172	30.49	0	101	5060.6	110205
51	"12:29:25"	928.5	0	4	200	0.564	700.0	28.15	0.04072	991	83.14	-506.07	64.90	26.23	0.095388	0.00069835	-0.00034506	0.28226	0	991	71.6	31.23	702.17	28.150	30.49	0	101	5060.7	110205
52	"12:35:24"	1287.5	0	3	8	0.543	692.3	28.22	0.03924	991	83.45	-506.06	65.20	26.22	0.097101	-0.00062793	0	0	0	991	71.6	31.23	692.51	28.239	30.46	0	101	5060.6	110205
53	"12:35:26"	1289.5	0	3	12	0.411	692.3	28.23	0.02968	991	83.40	-506.06	65.14	26.21	0.070012	0.0043391	0	0	0	991	71.6	31.23	692.67	28.212	30.46	0	101	5060.6	110205
54	"12:35:28"	1291.5	0	3	16	0.455	692.4	28.23	0.03286	991	83.44	-506.08	65.19	26.22	0.079929	0.0013914	0	0	0	991	71.6	31.23	692.74	28.234	30.46	0	101	5060.8	110205
55	"12:35:30"	1293.5	0	3	20	0.492	692.5	28.23	0.03553	991	83.45	-506.07	65.19	26.22	0.086762	0.0010468	0	0	0	991	71.6	31.23	693.35	28.236	30.46	0	101	5060.7	110205
56	"12:35:32"	1295.5	0	3	20	0.616	692.7	28.23	0.04452	991	83.43	-506.08	65.17	26.21	0.10923	0.00057601	0	0	0	991	71.6	31.23	693.22	28.227	30.46	0	101	5060.8	110205
57	"12:35:34"	1297.5	0	3	20	0.634	692.9	28.23	0.04583	991	83.50	-506.07	65.24	26.22	0.11265	0.00030042	0	0	0	991	71.6	31.23	693.41	28.255	30.46	0	101	5060.7	110205
58	"12:35:36"	1299.5	0	3	20	0.507	693.1	28.23	0.03662	991	83.36	-506.08	65.19	26.23	0.088862	0.0018671	0	0	0	991	71.6	31.23	693.51	28.230	30.46	0	101	5060.8	110205
59	"12:35:38"	1301.5	0	3	20	0.347	693.3	28.24	0.0251	991	83.44	-506.07	65.22	26.22	0.060963	0.0011939	0	0	0	991	71.6	31.23	693.54	28.247	30.46	0	101	5060.7	110205
60	"12:35:40"	1303.5	0	3	20	0.378	693.5	28.24	0.0273	991	83.40	-506.06	65.20	26.22	0.066425	0.0011365	0	0	0	991	71.6	31.23	694.23	28.234	30.46	0	101	5060.6	110205
61	"12:35:42"	1305.5	0	3	20	0.577	693.6	28.24	0.04168	991	83.52	-506.07	65.24	26.21	0.10183	0.0011461	0	0	0	991	71.6	31.23	694.27	28.254	30.46	0	101	5060.7	110205
62	"12:35:44"	1307.5	0	3	20	0.643	693.8	28.24	0.04644	991	83.46	-506.07	65.20	26.21	0.11339	0.0013843	0	0	0	991	71.6	31.23	694.15	28.236	30.46	0	101	5060.7	110205
63	"12:35:46"	1309.5	0	3	20	0.741	694.1	28.24	0.05354	991	83.53	-506.08	65.22	26.21	0.13175	0.00014554	0	0	0	991	71.6	31.23	694.79	28.246	30.46	0	101	5060.8	110205
64	"12:35:48"	1311.5	0	3	20	0.64	694.3	28.24	0.04626	991	83.53	-506.08	65.26	26.22	0.11415	-0.00029768	0	0	0	991	71.6	31.23	694.84	28.261	30.46	0	101	5060.8	110205
65	"12:35:50"	1313.5	0	3	20	0.516	694.5	28.25	0.03731	991	83.47	-506.07	65.24	26.22	0.091866	4.2162E-05	0	0	0	991	71.6	31.23	695.18	28.251	30.46	0	101	5060.7	110205
66	"12:35:52"	1315.5	0	3	20	0.628	694.7	28.25	0.04536	991	83.53	-506.07	65.27	26.22	0.11098	0.0010278	0	0	0	991	71.6	31.23	695.49	28.263	30.46	0	101	5060.7	110205
67	"12:35:54"	1317.5	0	3	20	0.595	695.0	28.25	0.04295	991	83.50	-506.07	65.25	26.22	0.10391	0.0026293	0	0	0	991	71.6	31.23	695.16	28.258	30.46	0	101	5060.7	110205
68	"12:35:56"	1319.5	0	3	20	0.59	695.1	28.25	0.04264	991	83.55	-506.07	65.28	26.21	0.10409	0.0013062	0	0	0	991	71.6	31.23	695.60	28.266	30.46	0	101	5060.7	110205
69	"12:35:58"	1321.5	0	3	20	0.637	695.3	28.26	0.04602	991	83.51	-506.07	65.29	26.23	0.11171	0.0023034	0	0	0	991	71.6	31.23	695.91	28.271	30.46	0	101	5060.7	110205
70	"12:36:00"	1323.5	0	3	20	0.584	695.6	28.26	0.04217	991	83.47	-506.07	65.26	26.22	0.10302	0.0011872	0	0	0	991	71.6	31.23	695.97	28.256	30.46	0	101	5060.7	110205
71	"12:36:02"	1325.5	0	3	20	0.584	695.8	28.26	0.0422	991	83.50	-506.08	65.26	26.22	0.10407	-0.00019506	0	0	0	991	71.6	31.23	696.31	28.259	30.46	0	101	5060.8	110205
72	"12:36:04"	1327.5	0	3	20	0.585	696.0	28.26	0.04227	991	83.55	-506.07	65.28	26.21	0.10432	-0.00031108	0	0	0	991	71.6	31.24	696.59	28.263	30.46	0	101	5060.7	110205
73	"12:36:06"	1329.5	0	3	20	0.539	696.2	28.26	0.03897	991	83.58	-506.09	65.29	26.21	0.09635	-0.00053371	0	0	0	991	71.6	31.24	696.63	28.273	30.46	0	101	5060.9	110205
74	"12:36:08"	1331.5	0	3	20	0.378	696.3	28.26	0.02732	991	83.51	-506.08	65.26	26.22	0.066702	0.00079915	0	0	0	991	71.6	31.24	696.64	28.260	30.46	0	101	5060.8	110205
75	"12:36:10"	1333.5	0	3	20	0.464	696.5	28.26	0.03356	991	83.52	-506.07	65.29	26.22	0.082208	0.00061289	0	0	0	991	71.6	31.24	697.27	28.272	30.46	0	101	5060.7	110205
76	"12:36:12"	1335.5	0	3	20	0.539	696.7	28.27	0.03891	991	83.48	-506.07	65.25	26.22	0.09527	0.00078413	0	0	0	991	71.6	31.23	697.37	28.257	30.46	0	101	5060.7	110205
77	"12:36:14"	1337.5	0	3	20	0.56	696.9	28.27	0.04043	991	83.53	-506.06	65.27	26.21	0.099502	9.1105E-05	0	0	0	991	71.6	31.23	697.55	28.260	30.46	0	101	5060.6	110205
78	"12:36:16"	1339.5	0	3	20	0.635	697.1	28.27	0.0459	991	83.57	-506.06	65.31	26.22	0.11272	0.00046203	0	0	0	991	71.6	31.23	697.61	28.277	30.46	0	101	5060.6	110205
79	"12:36:18"	1341.5	0	3	20	0.433	697.3	28.27	0.03126	991	83.54	-506.08	65.31	26.22	0.07606	0.0013013	0	0	0	991	71.6	31.23	697.72	28.279	30.46	0	101	5060.8	110205
80	"12:36:20"	1343.5	0	3	20	0.428	697.5	28.27	0.03092	991	83.58	-506.06	65.28	26.21	0.07587	0.00040138	0	0	0	991	71.6	31.23	698.12	28.266	30.46	0	101	5060.6	110205
81	"12:36:22"	1345.5	0	3	20	0.567	697.6	28.27	0.04094	991	83.59	-506.07	65.31	26.21	0.099957	0.0011957	0	0	0	991	71.6	31.23	698.15	28.279	30.46	0	101	5060.7	110205
82	"12:36:24"	1347.5	0	3	20	0.554	697.8	28.27	0.04006	991	83.65	-506.06	65.32	26.20	0.097972	0.00095597	0	0	0	991	71.6	31.23	698.23	28.283	30.46	0	101	5060.6	110205
83	"12:36:26"	1349.5	0	3	20	0.648	698.0	28.28	0.04682	991	83.61	-506.07	65.30	26.21	0.11464	0.00092713	0	0	0	991	71.6	31.23	698.55	28.278	30.46	0	101	5060.7	110205
84	"12:36:28"	1351.5	0	3	20	0.525	698.2	28.28	0.03791	991	83.64	-506.07	65.34	26.21	0.092201	0.0016359	0	0	0	991	71.6	31.23	698.77	28.296	30.46	0	101	5060.7	110205
85	"12:36:30"	1353.5	0	3	20	0.568	698.5	28.28	0.04104	991	83.60	-506.07	65.31	26.21	0.099025	0.0028658	0	0	0	991	71.6	31.23	699.04	28.281	30.46	0	101	5060.7	110205
86	"12:36:32"	1355.5	0	3	20	0.697	698.7	28.29	0.05032	991	83.59	-506.06	65.34	26.22	0.12247	0.0020384	0	0	0	991	71.6	31.23	699.61	28.291	30.46	0	101	5060.6	110205
87	"12:36:34"	1357.5	0	3	20	0.786	698.9	28.29	0.05677	991	83.57	-506.07	65.34	26.22	0.13868	0.0015954	0	0	0	991	71.6	31.23	699.59	28.290	30.46	0	101	5060.7	110205
88	"12:36:36"	1359.5	0	3	20	0.727	699.2	28.29	0.05254	991	83.60	-506.07	65.36	26.22	0.12862	0.0010787	0	0	0	991	71.6	31.23	699.69	28.300	30.46	0	101	5060.7	110205
89	"12:36:38"	1361.5	0	3	20	0.514	699.4	28.29	0.03715	991	83.57	-506.07	65.33	26.22	0.09149	1.5081E-05	0	0	0	991	71.6	31.23	699.75	28.291	30.46	0	101	5060.6	110205
90	"12:36:40"	1363.5	0	3	20	0.418	699.6	28.30	0.0302	991	83.66	-506.08	65.39	26.22	0.073274	0.0015499	0	0	0	991	71.6	31.23	699.77	28.315	30.46	0	101	5060.8	110205
91	"12:36:42"	1365.5	0	3	20	0.342	699.7	28.30	0.0247	991	83.69	-506.08	65.39	26.22	0.059372	0.0020163	0	0	0	991	71.6	31.23	700.47	28.315	30.46	0	101	5060.8	110205
92	"12:36:44"	1367.5	0	3	20	0.578	699.9	28.30	0.04173	991	83.70	-506.07	65.38	26.21	0.10063	0.0029535	0	0	0	991	71.6	31.23	700.49	28.309	30.46	0	101	5060.7	110205
93	"12:36:46"	1369.5	0	3	20	0.617	700.1	28.31	0.04457	991	83.69	-506.07	65.39	26.21	0.1088	0.0013251	0	0	0	991	71.6	31.23	700.68	28.311	30.46	0	101	5060.7	110205
94	"12:36:48"	1371.5	0	3	20	0.587	700.3	28.31	0.0424	991	83.73	-506.07	65.39	26.20	0.10373	0.0009585	0	0	0	991	71.6	31.23	700.54	28.310	30.46	0	101	5060.7	110205
95	"12:36:50"	1373.5	0	3	20	0.624	700.5	28.31	0.04511	991	83.74	-506.07	65.42	26.21	0.11138	-0.00039996	0	0	0	991	71.6	31.23	700.93	28.321	30.45	0	101	5060.7	110205
96	"12:36:52"	1375.5	0	3	20	0.628	700.8	28.31	0.04536	991	83.74	-506.07	65.38	26.20	0.11195	-0.00034653	0	0	0	991	71.6	31.23	701.38	28.304	30.45	0	101	5060.7	110205
97	"12:36:54"	1377.5	0	3	20	0.632	700.9	28.31	0.04569	991	83.74	-506.08	65.40	26.20	0.11241	0.0001496	0	0	0	991	71.6	31.23	701.45	28.310	30.45	0	101	5060.8	110205
98	"12:36:56"	1379.5	0	3	20	0.53	701.1	28.31	0.03832	991	83.76	-506.07	65.43	26.20	0.094023	0.00049604	0	0	0	991	71.6	31.22	701.61	28.319	30.45	0	101	5060.7	110205
99	"12:36:58"	1381.5	0	3	20	0.498	701.3	28.31	0.03596	991	83.75	-506.06	65.42	26.20	0.087999	0.00077541	0	0	0	991	71.6	31.22	701.65	28.315	30.45	0	101	5060.6	110205
100	"12:37:00"	1383.5	0	3	20	0.514	701.5	28.31	0.03714	991	83.71	-506.06	65.42	26.21	0.090776	0.00097122	0	0	0	991	71.6	31.23	701.86	28.312	30.45	0	101	5060.6	110205
101	"12:37:02"	1385.5	0	3	20	0.521	701.7	28.32	0.03764	991	83.69	-506.06	65.41	26.21	0.092006	0.00095187	0	0	0	991	71.6	31.23	702.15	28.308	30.45	0	101	5060.6	110205
102	"12:37:04"	1387.5	0	4	200	0.563	700.0	28.32	0.04069	991	83.71	-506.08	65.41	26.21	0.10043	0.00022319	0.00013182	-0.051585	0	991	71.6	31.23	702.14	28.311	30.45	0	101	5060.8	110205
103	"12:44:09"	1812.5	0	3	8	0.689	692.2	28.30	0.04977	991	84.20	-506.07	65.54	26.10	0.12495	-0.0033903	0	0	0	991	71.6	31.24	692.30	28.302	30.41	0	101	5060.7	110205
104	"12:44:11"	1814.5	0	3	12	0.434	692.3	28.30	0.03137	991	84.27	-506.07	65.56	26.09	0.076775	0.00063833	0	0	0	991	71.6	31.23	692.56	28.311	30.41	0	101	5060.7	110205
105	"12:44:13"	1816.5	0	3	16	0.452	692.4	28.30	0.03264	991	84.24	-506.06	65.53	26.09	0.079039	0.0018458	0	0	0	991	71.6	31.23	692.69	28.298	30.41	0	101	5060.6	110205
106	"12:44:15"	1818.5	0	3	20	0.426	692.4	28.30	0.03076	991	84.27	-506.08	65.52	26.09	0.075098	0.00088008	0	0	0	991	71.6	31.23	692.98	28.297	30.41	0	101	5060.8	110205
107	"12:44:17"	1820.5	0	3	20	0.503	692.6	28.30	0.03633	991	84.33	-506.05	65.57	26.08	0.088748	0.00097888	0	0	0	991	71.6	31.23	692.82	28.313	30.41	0	101	5060.5	110205
108	"12:44:19"	1822.5	0	3	20	0.535	692.8	28.31	0.03864	991	84.28	-506.07	65.55	26.09	0.094851	0.0003919	0	0	0	991	71.6	31.23	693.18	28.302	30.41	0	101	5060.7	110205
109	"12:44:21"	1824.5	0	3	20	0.412	692.9	28.31	0.02979	991	84.32	-506.06	65.58	26.08	0.073291	8.8791E-05	0	0	0	991	71.6	31.23	693.33	28.311	30.40	0	101	5060.6	110205
110	"12:44:23"	1826.5	0	3	20	0.426	693.1	28.31	0.03076	991	84.29	-506.06	65.55	26.08	0.075028	0.00099346	0	0	0	991	71.6	31.23	693.72	28.298	30.40	0	101	5060.6	110205
111	"12:44:25"	1828.5	0	3	20	0.596	693.3	28.31	0.04309	991	84.31	-506.07	65.56	26.08	0.10602	9.2164E-05	0	0	0	991	71.6	31.23	693.93	28.305	30.41	0	101	5060.7	110205
112	"12:44:27"	1830.5	0	3	20	0.644	693.5	28.31	0.0465	991	84.34	-506.07	65.60	26.09	0.11443	8.4159E-05	0	0	0	991	71.6	31.23	693.94	28.321	30.40	0	101	5060.7	110205
113	"12:44:29"	1832.5	0	3	20	0.659	693.7	28.31	0.04758	991	84.33	-506.07	65.59	26.09	0.11624	0.0012784	0	0	0	991	71.6	31.23	694.24	28.316	30.40	0	101	5060.7	110205
114	"12:44:31"	1834.5	0	3	20	0.579	693.9	28.31	0.0418	991	84.33	-506.08	65.58	26.08	0.10236	0.000772	0	0	0	991	71.6	31.23	694.50	28.314	30.41	0	101	5060.8	110205
115	"12:44:33"	1836.5	0	3	20	0.563	694.2	28.31	0.04064	991	84.34	-506.07	65.60	26.08	0.099436	0.00088149	0	0	0	991	71.6	31.23	694.67	28.319	30.40	0	101	5060.7	110205
116	"12:44:35"	1838.5	0	3	20	0.763	694.4	28.31	0.05512	991	84.28	-506.07	65.56	26.09	0.13573	-2.9568E-05	0	0	0	991	71.6	31.23	694.83	28.303	30.40	0	101	5060.7	110205
117	"12:44:37"	1840.5	0	3	20	0.592	694.6	28.31	0.04278	991	84.34	-506.09	65.59	26.08	0.10572	-0.00055834	0	0	0	991	71.6	31.23	695.14	28.317	30.40	0	101	5060.9	110205
118	"12:44:39"	1842.5	0	3	20	0.622	694.8	28.31	0.04494	991	84.34	-506.07	65.60	26.08	0.11071	-8.3754E-05	0	0	0	991	71.6	31.23	695.57	28.321	30.40	0	101	5060.7	110205
119	"12:44:41"	1844.5	0	3	20	0.61	695.1	28.31	0.04408	991	84.30	-506.07	65.55	26.08	0.10958	-0.0014497	0	0	0	991	71.6	31.23	695.52	28.300	30.40	0	101	5060.7	110205
120	"12:44:43"	1846.5	0	3	20	0.614	695.2	28.31	0.04434	991	84.42	-506.07	65.62	26.07	0.10939	-0.00031353	0	0	0	991	71.6	31.23	695.78	28.327	30.40	0	101	5060.7	110205
121	"12:44:45"	1848.5	0	3	20	0.627	695.4	28.31	0.04533	991	84.37	-506.07	65.60	26.08	0.11121	0.00054351	0	0	0	991	71.6	31.23	695.81	28.315	30.40	0	101	5060.7	110205
122	"12:44:47"	1850.5	0	3	20	0.478	695.7	28.31	0.03452	991	84.36	-506.08	65.60	26.08	0.084402	0.0008043	0	0	0	991	71.6	31.23	696.23	28.316	30.40	0	101	5060.8	110205
123	"12:44:49"	1852.5	0	3	20	0.455	695.8	28.31	0.03284	991	84.41	-506.07	65.62	26.07	0.07985	0.0013926	0	0	0	991	71.6	31.23	696.10	28.326	30.40	0	101	5060.7	110205
124	"12:44:51"	1854.5	0	3	20	0.519	696.0	28.32	0.03749	991	84.42	-506.07	65.60	26.07	0.091956	0.00046791	0	0	0	991	71.6	31.23	696.56	28.320	30.40	0	101	5060.7	110205
125	"12:44:53"	1856.5	0	3	20	0.534	696.2	28.32	0.0386	991	84.38	-506.09	65.60	26.08	0.095352	-0.00043055	0	0	0	991	71.6	31.23	696.73	28.318	30.40	0	101	5060.9	110205
126	"12:44:55"	1858.5	0	3	20	0.563	696.4	28.32	0.04069	991	84.35	-506.07	65.63	26.09	0.1004	-0.0003088	0	0	0	991	71.6	31.23	696.92	28.324	30.40	0	101	5060.7	110205
127	"12:44:57"	1860.5	0	3	20	0.587	696.5	28.32	0.04243	991	84.33	-506.06	65.60	26.08	0.10408	0.00053025	0	0	0	991	71.6	31.23	696.98	28.316	30.40	0	101	5060.6	110205
128	"12:44:59"	1862.5	0	3	20	0.534	696.7	28.32	0.03859	991	84.36	-506.07	65.60	26.08	0.094605	0.00055726	0	0	0	991	71.6	31.23	697.10	28.318	30.40	0	101	5060.7	110205
129	"12:45:01"	1864.5	0	3	20	0.539	696.9	28.32	0.03893	991	84.36	-506.06	65.61	26.08	0.094688	0.001609	0	0	0	991	71.6	31.23	697.57	28.324	30.40	0	101	5060.6	110205
130	"12:45:03"	1866.5	0	3	20	0.666	697.2	28.32	0.04814	991	84.31	-506.07	65.58	26.09	0.11769	0.0011731	0	0	0	991	71.6	31.23	697.79	28.314	30.40	0	101	5060.7	110205
131	"12:45:05"	1868.5	0	3	20	0.7	697.4	28.32	0.0506	991	84.33	-506.06	65.62	26.09	0.1248	-0.0003071	0	0	0	991	71.6	31.23	697.96	28.326	30.40	0	101	5060.6	110205
132	"12:45:07"	1870.5	0	3	20	0.657	697.6	28.32	0.0475	991	84.39	-506.07	65.61	26.08	0.11637	0.000808	0	0	0	991	71.6	31.23	698.20	28.325	30.40	0	101	5060.7	110205
133	"12:45:09"	1872.5	0	3	20	0.615	697.8	28.33	0.04445	991	84.39	-506.08	65.62	26.08	0.10908	0.00049112	0	0	0	991	71.6	31.24	698.55	28.331	30.40	0	101	5060.8	110205
134	"12:45:11"	1874.5	0	3	20	0.526	698.0	28.33	0.038	991	84.46	-506.06	65.65	26.07	0.092855	0.00098631	0	0	0	991	71.6	31.23	698.37	28.341	30.40	0	101	5060.6	110205
135	"12:45:13"	1876.5	0	3	20	0.607	698.2	28.33	0.04385	991	84.41	-506.07	65.63	26.08	0.10652	0.0019895	0	0	0	991	71.6	31.23	698.87	28.336	30.40	0	101	5060.7	110205
136	"12:45:15"	1878.5	0	3	20	0.671	698.4	28.33	0.04851	991	84.42	-506.08	65.63	26.08	0.11891	0.0007132	0	0	0	991	71.6	31.23	698.94	28.336	30.41	0	101	5060.8	110205
137	"12:45:17"	1880.5	0	3	20	0.567	698.7	28.33	0.041	991	84.39	-506.07	65.61	26.08	0.10101	-0.0001094	0	0	0	991	71.6	31.23	699.29	28.327	30.40	0	101	5060.7	110205
138	"12:45:19"	1882.5	0	3	20	0.476	698.8	28.33	0.03436	991	84.42	-506.08	65.63	26.08	0.084571	3.0518E-05	0	0	0	991	71.6	31.23	699.32	28.334	30.40	0	101	5060.8	110205
139	"12:45:21"	1884.5	0	3	20	0.504	699.0	28.33	0.03642	991	84.43	-506.07	65.63	26.08	0.090046	-0.00051566	0	0	0	991	71.6	31.23	699.53	28.335	30.40	0	101	5060.7	110205
140	"12:45:23"	1886.5	0	3	20	0.534	699.2	28.33	0.03855	991	84.45	-506.07	65.64	26.07	0.094153	0.0010556	0	0	0	991	71.6	31.23	699.77	28.337	30.40	0	101	5060.7	110205
141	"12:45:25"	1888.5	0	3	20	0.658	699.4	28.34	0.04753	991	84.51	-506.07	65.67	26.07	0.11561	0.0019582	0	0	0	991	71.6	31.23	699.77	28.354	30.40	0	101	5060.7	110205
142	"12:45:27"	1890.5	0	3	20	0.622	699.6	28.34	0.04495	991	84.49	-506.08	65.66	26.07	0.10967	0.0013967	0	0	0	991	71.6	31.23	700.25	28.348	30.40	0	101	5060.8	110205
143	"12:45:29"	1892.5	0	3	20	0.667	699.9	28.34	0.04816	991	84.49	-506.06	65.66	26.07	0.11726	0.0018046	0	0	0	991	71.6	31.23	700.28	28.343	30.40	0	101	5060.6	110205
144	"12:45:31"	1894.5	0	3	20	0.555	700.1	28.34	0.04009	991	84.49	-506.07	65.67	26.07	0.098333	0.00050203	0	0	0	991	71.6	31.23	700.60	28.349	30.40	0	101	5060.7	110205
145	"12:45:33"	1896.5	0	3	20	0.578	700.3	28.35	0.04179	991	84.50	-506.07	65.67	26.07	0.10226	0.00085918	0	0	0	991	71.6	31.23	700.68	28.345	30.40	0	101	5060.7	110205
146	"12:45:35"	1898.5	0	3	20	0.55	700.5	28.35	0.03972	991	84.47	-506.07	65.68	26.08	0.097731	8.0329E-05	0	0	0	991	71.6	31.23	701.18	28.351	30.40	0	101	5060.7	110205
147	"12:45:37"	1900.5	0	3	20	0.513	700.7	28.35	0.03708	991	84.49	-506.07	65.66	26.07	0.090851	0.00062102	0	0	0	991	71.6	31.23	701.34	28.343	30.40	0	101	5060.7	110205
148	"12:45:39"	1902.5	0	3	20	0.634	700.9	28.35	0.04578	991	84.52	-506.07	65.69	26.07	0.1124	0.00041149	0	0	0	991	71.6	31.23	701.57	28.355	30.40	0	101	5060.7	110205
149	"12:45:41"	1904.5	0	3	20	0.546	701.1	28.35	0.03944	991	84.57	-506.08	65.73	26.07	0.096147	0.0013097	0	0	0	991	71.6	31.23	701.37	28.374	30.40	0	101	5060.8	110205
150	"12:45:43"	1906.5	0	3	20	0.579	701.2	28.35	0.04181	991	84.50	-506.08	65.68	26.07	0.10154	0.0019161	0	0	0	991	71.6	31.23	701.66	28.352	30.40	0	101	5060.8	110205
151	"12:45:45"	1908.5	0	3	20	0.47	701.4	28.36	0.03397	991	84.53	-506.07	65.68	26.07	0.083282	0.00047644	0	0	0	991	71.6	31.23	702.09	28.353	30.40	0	101	5060.7	110205
152	"12:45:47"	1910.5	0	3	20	0.558	701.7	28.36	0.04033	991	84.53	-506.07	65.70	26.07	0.0993	-1.4E-05	0	0	0	991	71.6	31.23	702.32	28.361	30.40	0	101	5060.7	110205
153	"12:45:49"	1912.5	0	4	200	0.58	700.0	28.36	0.0419	991	84.58	-506.07	65.72	26.07	0.12446	-0.00015481	0.00047751	-0.29235	0	991	71.6	31.24	702.24	28.371	30.40	0	101	5060.7	110205
