"OPEN 5.3.2"
"Thr May 30 2019 12:35:46"
"Unit="	"PSC-895"
"ComputeList="	"/User/Configs/Comps/Soil Efflux Eqns.LPL"
"BLCTable="	"/Sys/Lib/StdBLCTable"
"LightSource="	"Sun+Sky"	1	0.19
"LogFormat="	"/User/Configs/LogFormats/Soil Efflux Log Fmt"
"LogCodes="	-35	-21	-36	-104	310	311	320	302	303	306	304	321	322	323	324	300	301	330	331	305	307	308	-8	-2	-5	-9	-13	-11	-61	-23
"PromptList="	"/User/Configs/Prompts/Soil Efflux Prompts"
"Stability= (CO2S 15s SLP<1)(H2OS 15s SLP<1)(Flow 15s SLP<1)"
"12:35:48 "
$STARTOFDATA$
"Obs"	"HHMMSS"	"FTime"	"Plot#"	"Mode"	"Smpls"	"EFFLUX"	"C2avg"	"Wavg"	"dc'/dt"	"Vtot"	"RHcmbr%"	"Tsoil_C"	"RHirga%"	"Tsch_C"	"dC/dt"	"dW/dt"	"R(C)m"	"R(C)b"	"InsDpth"	"Vbase"	"Area"	"TBlk"	"CO2S"	"H2OS"	"Tair"	"PARo"	"Press"	"uc_21_mV"	"Status"
1	"12:39:00"	206.5	0	3	8	0.179	545.1	22.26	0.01291	991	67.15	-506.05	59.07	25.97	0.017485	0.025486	0	0	0	991	71.6	28.21	545.48	22.335	28.15	0	101.3	5060.5	110205
2	"12:39:02"	208.5	0	3	12	0.268	545.2	22.29	0.01937	991	67.18	-506.07	59.20	26.00	0.031318	0.029122	0	0	0	991	71.6	28.21	545.36	22.381	28.15	0	101.3	5060.7	110205
3	"12:39:04"	210.5	0	3	16	0.503	545.3	22.32	0.03632	991	67.33	-506.06	59.34	26.00	0.073823	0.027497	0	0	0	991	71.6	28.21	545.95	22.435	28.15	0	101.3	5060.6	110205
4	"12:39:06"	212.5	0	3	20	0.593	545.4	22.34	0.04288	991	67.41	-506.06	59.47	26.02	0.091023	0.02552	0	0	0	991	71.6	28.21	545.89	22.486	28.15	0	101.3	5060.6	110205
5	"12:39:08"	214.5	0	3	20	0.656	545.6	22.40	0.04741	991	67.56	-506.05	59.60	26.02	0.10222	0.0254	0	0	0	991	71.6	28.21	546.04	22.536	28.15	0	101.3	5060.5	110205
6	"12:39:10"	216.5	0	3	20	0.576	545.7	22.45	0.04164	991	67.66	-506.06	59.71	26.02	0.088624	0.02435	0	0	0	991	71.6	28.21	546.02	22.575	28.15	0	101.3	5060.6	110205
7	"12:39:12"	218.5	0	3	20	0.514	545.9	22.50	0.03714	991	67.93	-506.06	59.91	26.02	0.076518	0.026221	0	0	0	991	71.6	28.21	546.45	22.653	28.15	0	101.3	5060.6	110205
8	"12:39:14"	220.5	0	3	20	0.599	546.1	22.55	0.04328	991	68.03	-506.05	60.00	26.01	0.090512	0.028137	0	0	0	991	71.6	28.21	546.67	22.684	28.15	0	101.3	5060.5	110205
9	"12:39:16"	222.5	0	3	20	0.654	546.3	22.61	0.04723	991	68.30	-506.06	60.11	25.98	0.10181	0.025225	0	0	0	991	71.6	28.21	546.86	22.725	28.15	0	101.3	5060.6	110205
10	"12:39:18"	224.5	0	3	20	0.779	546.5	22.65	0.0563	991	68.57	-506.06	60.27	25.96	0.12489	0.023762	0	0	0	991	71.6	28.21	547.33	22.787	28.15	0	101.3	5060.6	110205
11	"12:39:20"	226.5	0	3	20	0.809	546.8	22.70	0.05842	991	68.77	-506.05	60.33	25.92	0.13118	0.021762	0	0	0	991	71.6	28.21	547.22	22.811	28.15	0	101.3	5060.5	110205
12	"12:39:22"	228.5	0	3	20	0.693	547.0	22.75	0.05008	991	68.87	-506.06	60.47	25.94	0.11117	0.020961	0	0	0	991	71.6	28.21	547.44	22.862	28.15	0	101.3	5060.6	110205
13	"12:39:24"	230.5	0	3	20	0.656	547.2	22.79	0.04739	991	69.07	-506.06	60.59	25.92	0.1036	0.02268	0	0	0	991	71.6	28.21	547.65	22.910	28.15	0	101.3	5060.6	110205
14	"12:39:26"	232.5	0	3	20	0.537	547.4	22.83	0.03876	991	69.07	-506.06	60.65	25.94	0.082525	0.022505	0	0	0	991	71.6	28.21	547.94	22.931	28.15	0	101.3	5060.6	110205
15	"12:39:28"	234.5	0	3	20	0.597	547.6	22.88	0.04313	991	69.36	-506.07	60.87	25.93	0.09378	0.021512	0	0	0	991	71.6	28.21	548.09	23.013	28.15	0	101.3	5060.7	110205
16	"12:39:30"	236.5	0	3	20	0.649	547.8	22.92	0.04691	991	69.43	-506.07	60.99	25.95	0.10235	0.022792	0	0	0	991	71.6	28.21	548.19	23.060	28.15	0	101.3	5060.7	110205
17	"12:39:32"	238.5	0	3	20	0.672	548.0	22.97	0.04856	991	69.49	-506.06	61.06	25.95	0.10604	0.02343	0	0	0	991	71.6	28.21	548.44	23.087	28.15	0	101.3	5060.6	110205
18	"12:39:34"	240.5	0	3	20	0.683	548.2	23.02	0.04932	991	69.58	-506.06	61.12	25.94	0.10793	0.023374	0	0	0	991	71.6	28.21	548.56	23.107	28.15	0	101.3	5060.6	110205
19	"12:39:36"	242.5	0	3	20	0.555	548.4	23.06	0.04007	991	69.79	-506.05	61.32	25.95	0.086078	0.021868	0	0	0	991	71.6	28.21	548.95	23.182	28.15	0	101.3	5060.5	110205
20	"12:39:38"	244.5	0	3	20	0.692	548.6	23.10	0.04997	991	69.88	-506.06	61.40	25.95	0.11139	0.020022	0	0	0	991	71.6	28.21	549.34	23.210	28.15	0	101.3	5060.6	110205
21	"12:39:40"	246.5	0	3	20	0.689	548.8	23.14	0.04979	991	69.98	-506.07	61.50	25.95	0.11084	0.020215	0	0	0	991	71.6	28.21	549.28	23.248	28.15	0	101.3	5060.7	110205
22	"12:39:42"	248.5	0	3	20	0.665	549.0	23.18	0.04804	991	70.15	-506.07	61.65	25.95	0.10627	0.020681	0	0	0	991	71.6	28.21	549.58	23.302	28.15	0	101.3	5060.7	110205
23	"12:39:44"	250.5	0	3	20	0.747	549.2	23.22	0.05401	991	70.23	-506.07	61.71	25.95	0.12046	0.021482	0	0	0	991	71.6	28.20	549.68	23.324	28.15	0	101.3	5060.7	110205
24	"12:39:46"	252.5	0	3	20	0.612	549.5	23.26	0.04422	991	70.39	-506.06	61.83	25.94	0.097904	0.018897	0	0	0	991	71.6	28.20	550.04	23.367	28.15	0	101.3	5060.6	110205
25	"12:39:48"	254.5	0	3	20	0.636	549.7	23.30	0.04597	991	70.48	-506.06	61.93	25.94	0.10202	0.019203	0	0	0	991	71.6	28.20	550.17	23.406	28.15	0	101.3	5060.6	110205
26	"12:39:50"	256.5	0	3	20	0.556	549.8	23.34	0.04019	991	70.61	-506.06	62.06	25.94	0.087799	0.019255	0	0	0	991	71.6	28.20	550.01	23.449	28.14	0	101.3	5060.6	110205
27	"12:39:52"	258.5	0	3	20	0.478	550.0	23.38	0.03457	991	70.73	-506.07	62.13	25.93	0.074351	0.018613	0	0	0	991	71.6	28.20	550.52	23.473	28.14	0	101.3	5060.7	110205
28	"12:39:54"	260.5	0	3	20	0.558	550.2	23.42	0.04033	991	70.94	-506.07	62.25	25.92	0.088395	0.018788	0	0	0	991	71.6	28.20	550.56	23.519	28.14	0	101.3	5060.7	110205
29	"12:39:56"	262.5	0	3	20	0.507	550.3	23.46	0.03666	991	70.98	-506.05	62.34	25.93	0.079157	0.019202	0	0	0	991	71.6	28.20	550.61	23.548	28.14	0	101.3	5060.5	110205
30	"12:39:58"	264.5	0	3	20	0.62	550.5	23.50	0.04477	991	71.15	-506.05	62.49	25.93	0.098702	0.019829	0	0	0	991	71.6	28.20	551.24	23.603	28.14	0	101.3	5060.5	110205
31	"12:40:00"	266.5	0	3	20	0.601	550.7	23.53	0.0434	991	71.22	-506.07	62.58	25.93	0.094924	0.020525	0	0	0	991	71.6	28.19	550.95	23.634	28.14	0	101.3	5060.7	110205
32	"12:40:02"	268.5	0	3	20	0.539	550.9	23.57	0.03893	991	71.40	-506.06	62.67	25.91	0.084106	0.020261	0	0	0	991	71.6	28.19	551.20	23.668	28.13	0	101.3	5060.6	110205
33	"12:40:04"	270.5	0	3	20	0.606	551.0	23.61	0.04381	991	71.45	-506.06	62.76	25.92	0.09762	0.017516	0	0	0	991	71.6	28.19	551.60	23.696	28.13	0	101.3	5060.6	110205
34	"12:40:06"	272.5	0	3	20	0.566	551.2	23.65	0.04086	991	71.62	-506.06	62.86	25.91	0.090886	0.016623	0	0	0	991	71.6	28.19	551.64	23.734	28.13	0	101.3	5060.6	110205
35	"12:40:08"	274.5	0	3	20	0.607	551.4	23.68	0.04384	991	71.69	-506.06	62.99	25.92	0.098071	0.016864	0	0	0	991	71.6	28.19	551.85	23.780	28.13	0	101.3	5060.6	110205
36	"12:40:10"	276.5	0	3	20	0.599	551.6	23.71	0.04328	991	71.76	-506.06	63.04	25.92	0.096699	0.016823	0	0	0	991	71.6	28.19	552.03	23.795	28.12	0	101.3	5060.6	110205
37	"12:40:12"	278.5	0	3	20	0.543	551.8	23.75	0.03926	991	71.89	-506.06	63.16	25.92	0.086549	0.017353	0	0	0	991	71.6	28.18	552.42	23.840	28.12	0	101.3	5060.6	110205
38	"12:40:14"	280.5	0	3	20	0.497	551.9	23.78	0.03591	991	71.98	-506.06	63.27	25.93	0.07818	0.017608	0	0	0	991	71.6	28.18	552.27	23.880	28.12	0	101.3	5060.6	110205
39	"12:40:16"	282.5	0	3	20	0.436	552.1	23.82	0.03153	991	72.01	-506.07	63.30	25.93	0.067936	0.0167	0	0	0	991	71.6	28.18	552.84	23.889	28.12	0	101.3	5060.7	110205
40	"12:40:18"	284.5	0	3	20	0.601	552.3	23.85	0.0434	991	72.16	-506.06	63.41	25.92	0.097176	0.016476	0	0	0	991	71.6	28.18	552.84	23.925	28.12	0	101.3	5060.6	110205
41	"12:40:20"	286.5	0	3	20	0.694	552.5	23.88	0.05017	991	72.29	-506.05	63.56	25.93	0.11383	0.016431	0	0	0	991	71.6	28.18	552.86	23.982	28.12	0	101.3	5060.5	110205
42	"12:40:22"	288.5	0	3	20	0.606	552.7	23.92	0.04381	991	72.32	-506.06	63.58	25.92	0.098129	0.016577	0	0	0	991	71.6	28.18	553.17	23.988	28.12	0	101.3	5060.6	110205
43	"12:40:24"	290.5	0	3	20	0.531	552.8	23.95	0.03834	991	72.49	-506.06	63.70	25.91	0.084699	0.016572	0	0	0	991	71.6	28.18	553.18	24.031	28.12	0	101.3	5060.6	110205
44	"12:40:26"	292.5	0	3	20	0.361	553.0	23.98	0.02605	991	72.65	-506.06	63.83	25.91	0.054706	0.016264	0	0	0	991	71.6	28.17	553.53	24.079	28.11	0	101.3	5060.6	110205
45	"12:40:28"	294.5	0	3	20	0.4	553.2	24.02	0.02891	991	72.69	-506.06	63.89	25.91	0.061436	0.016786	0	0	0	991	71.6	28.17	553.61	24.099	28.11	0	101.3	5060.6	110205
46	"12:40:30"	296.5	0	3	20	0.512	553.3	24.05	0.03702	991	72.80	-506.06	64.00	25.92	0.081666	0.016193	0	0	0	991	71.6	28.17	553.91	24.139	28.11	0	101.3	5060.6	110205
47	"12:40:32"	298.5	0	3	20	0.506	553.5	24.08	0.03652	991	72.87	-506.07	64.07	25.92	0.07957	0.01775	0	0	0	991	71.6	28.17	553.90	24.161	28.11	0	101.3	5060.7	110205
48	"12:40:34"	300.5	0	3	20	0.526	553.7	24.11	0.03804	991	72.98	-506.05	64.15	25.91	0.084147	0.016207	0	0	0	991	71.6	28.17	554.16	24.189	28.11	0	101.3	5060.5	110205
49	"12:40:36"	302.5	0	3	20	0.542	553.8	24.15	0.03914	991	73.08	-506.06	64.26	25.92	0.087913	0.014357	0	0	0	991	71.6	28.17	554.45	24.231	28.11	0	101.3	5060.6	110205
50	"12:40:38"	304.5	0	3	20	0.639	554.0	24.18	0.04615	991	73.16	-506.07	64.36	25.92	0.1042	0.01598	0	0	0	991	71.6	28.17	554.48	24.268	28.10	0	101.3	5060.7	110205
51	"12:40:40"	306.5	0	4	200	0.581	550.0	24.20	0.04197	991	73.21	-506.06	64.44	25.93	0.099223	0.015961	-0.00041634	0.27096	0	991	71.6	28.16	554.70	24.292	28.10	0	101.3	5060.6	110205
52	"12:44:12"	518.5	0	3	8	0.13	545.0	26.02	0.009396	991	78.57	-506.07	69.21	25.91	0.016799	0.011194	0	0	0	991	71.6	28.12	545.14	26.041	28.07	0	101.2	5060.7	110205
53	"12:44:14"	520.5	0	3	12	0.224	545.0	26.03	0.01621	991	78.55	-506.06	69.24	25.92	0.034913	0.0087074	0	0	0	991	71.6	28.12	545.38	26.051	28.07	0	101.3	5060.6	110205
54	"12:44:16"	522.5	0	3	16	0.34	545.1	26.04	0.02457	991	78.67	-506.05	69.33	25.91	0.055182	0.0091432	0	0	0	991	71.6	28.12	545.50	26.082	28.06	0	101.3	5060.5	110205
55	"12:44:18"	524.5	0	3	20	0.486	545.2	26.05	0.03508	991	78.64	-506.07	69.33	25.92	0.080507	0.010011	0	0	0	991	71.6	28.12	545.56	26.086	28.07	0	101.3	5060.7	110205
56	"12:44:20"	526.5	0	3	20	0.472	545.3	26.07	0.03414	991	78.69	-506.06	69.43	25.93	0.079043	0.0084851	0	0	0	991	71.6	28.12	545.85	26.119	28.06	0	101.2	5060.6	110205
57	"12:44:22"	528.5	0	3	20	0.575	545.5	26.08	0.04152	991	78.68	-506.07	69.42	25.93	0.097235	0.0083676	0	0	0	991	71.6	28.12	545.92	26.120	28.07	0	101.2	5060.7	110205
58	"12:44:24"	530.5	0	3	20	0.592	545.7	26.10	0.04277	991	78.75	-506.06	69.50	25.94	0.10104	0.0070313	0	0	0	991	71.6	28.12	546.21	26.143	28.06	0	101.2	5060.6	110205
59	"12:44:26"	532.5	0	3	20	0.504	545.9	26.12	0.03643	991	78.76	-506.07	69.52	25.94	0.085451	0.0070901	0	0	0	991	71.6	28.12	546.20	26.154	28.06	0	101.2	5060.7	110205
60	"12:44:28"	534.5	0	3	20	0.574	546.1	26.13	0.0415	991	78.83	-506.05	69.58	25.94	0.09679	0.0090496	0	0	0	991	71.6	28.12	546.60	26.175	28.06	0	101.2	5060.5	110205
61	"12:44:30"	536.5	0	3	20	0.453	546.3	26.15	0.03275	991	78.86	-506.06	69.63	25.94	0.076033	0.0077671	0	0	0	991	71.6	28.12	546.49	26.194	28.06	0	101.2	5060.6	110205
62	"12:44:32"	538.5	0	3	20	0.441	546.4	26.16	0.03187	991	78.95	-506.06	69.68	25.94	0.073409	0.008611	0	0	0	991	71.6	28.12	546.76	26.215	28.07	0	101.2	5060.6	110205
63	"12:44:34"	540.5	0	3	20	0.407	546.5	26.18	0.02941	991	79.03	-506.06	69.73	25.93	0.067503	0.0083425	0	0	0	991	71.6	28.12	546.82	26.230	28.06	0	101.2	5060.6	110205
64	"12:44:36"	542.5	0	3	20	0.4	546.7	26.20	0.02888	991	79.06	-506.07	69.77	25.93	0.066069	0.0085766	0	0	0	991	71.6	28.12	547.06	26.247	28.06	0	101.3	5060.7	110205
65	"12:44:38"	544.5	0	3	20	0.379	546.8	26.21	0.02737	991	79.06	-506.07	69.75	25.93	0.062331	0.00862	0	0	0	991	71.6	28.12	547.12	26.240	28.06	0	101.2	5060.7	110205
66	"12:44:40"	546.5	0	3	20	0.464	546.9	26.23	0.03356	991	79.15	-506.07	69.84	25.93	0.078693	0.006545	0	0	0	991	71.6	28.12	547.34	26.273	28.06	0	101.3	5060.7	110205
67	"12:44:42"	548.5	0	3	20	0.432	547.1	26.24	0.03123	991	79.15	-506.06	69.88	25.94	0.072938	0.0066307	0	0	0	991	71.6	28.12	547.57	26.286	28.06	0	101.2	5060.6	110205
68	"12:44:44"	550.5	0	3	20	0.47	547.3	26.26	0.03398	991	79.19	-506.06	69.91	25.94	0.079468	0.0070064	0	0	0	991	71.6	28.12	547.63	26.298	28.06	0	101.2	5060.6	110205
69	"12:44:46"	552.5	0	3	20	0.481	547.4	26.27	0.03476	991	79.21	-506.05	69.95	25.95	0.081135	0.0074406	0	0	0	991	71.6	28.12	547.63	26.313	28.06	0	101.2	5060.5	110205
70	"12:44:48"	554.5	0	3	20	0.414	547.5	26.28	0.02989	991	79.25	-506.06	69.97	25.94	0.069165	0.0074884	0	0	0	991	71.6	28.12	548.00	26.321	28.06	0	101.2	5060.6	110205
71	"12:44:50"	556.5	0	3	20	0.564	547.7	26.30	0.04078	991	79.32	-506.06	69.99	25.93	0.096192	0.0069625	0	0	0	991	71.6	28.12	547.93	26.330	28.06	0	101.2	5060.6	110205
72	"12:44:52"	558.5	0	3	20	0.537	547.9	26.32	0.03882	991	79.43	-506.06	70.07	25.93	0.091207	0.007258	0	0	0	991	71.6	28.12	548.47	26.357	28.06	0	101.2	5060.6	110205
73	"12:44:54"	560.5	0	3	20	0.591	548.1	26.33	0.04269	991	79.46	-506.06	70.14	25.94	0.099977	0.0085359	0	0	0	991	71.6	28.12	548.54	26.382	28.06	0	101.2	5060.6	110205
74	"12:44:56"	562.5	0	3	20	0.559	548.3	26.35	0.04041	991	79.46	-506.07	70.18	25.95	0.093836	0.0095264	0	0	0	991	71.6	28.12	548.65	26.400	28.06	0	101.2	5060.7	110205
75	"12:44:58"	564.5	0	3	20	0.434	548.4	26.37	0.03135	991	79.51	-506.06	70.16	25.93	0.072352	0.0081796	0	0	0	991	71.6	28.12	548.80	26.392	28.06	0	101.2	5060.6	110205
76	"12:45:00"	566.5	0	3	20	0.421	548.6	26.38	0.03043	991	79.56	-506.07	70.21	25.93	0.070362	0.0076746	0	0	0	991	71.6	28.12	549.03	26.413	28.06	0	101.2	5060.7	110205
77	"12:45:02"	568.5	0	3	20	0.417	548.7	26.39	0.03014	991	79.60	-506.06	70.25	25.93	0.070645	0.0059116	0	0	0	991	71.6	28.12	549.09	26.422	28.06	0	101.2	5060.6	110205
78	"12:45:04"	570.5	0	3	20	0.408	548.9	26.41	0.02949	991	79.63	-506.06	70.30	25.94	0.068781	0.0063798	0	0	0	991	71.6	28.12	549.16	26.442	28.06	0	101.2	5060.6	110205
79	"12:45:06"	572.5	0	3	20	0.406	549.0	26.42	0.02933	991	79.71	-506.05	70.32	25.93	0.068203	0.0067282	0	0	0	991	71.6	28.12	549.30	26.449	28.06	0	101.2	5060.5	110205
80	"12:45:08"	574.5	0	3	20	0.428	549.1	26.43	0.03093	991	79.71	-506.06	70.38	25.94	0.072371	0.0063091	0	0	0	991	71.6	28.12	549.52	26.473	28.06	0	101.2	5060.6	110205
81	"12:45:10"	576.5	0	3	20	0.418	549.3	26.45	0.03018	991	79.74	-506.06	70.41	25.94	0.06979	0.0076215	0	0	0	991	71.6	28.12	549.54	26.482	28.06	0	101.2	5060.6	110205
82	"12:45:12"	578.5	0	3	20	0.488	549.4	26.46	0.03524	991	79.78	-506.07	70.45	25.94	0.081909	0.0081325	0	0	0	991	71.6	28.12	549.97	26.497	28.06	0	101.2	5060.7	110205
83	"12:45:14"	580.5	0	3	20	0.497	549.6	26.48	0.03589	991	79.84	-506.06	70.48	25.94	0.083606	0.0079488	0	0	0	991	71.6	28.12	549.92	26.509	28.06	0	101.2	5060.6	110205
84	"12:45:16"	582.5	0	3	20	0.458	549.7	26.49	0.03309	991	79.83	-506.05	70.51	25.95	0.077338	0.0069098	0	0	0	991	71.6	28.12	550.16	26.522	28.06	0	101.2	5060.5	110205
85	"12:45:18"	584.5	0	3	20	0.447	549.9	26.51	0.0323	991	79.96	-506.04	70.60	25.94	0.075987	0.0058258	0	0	0	991	71.6	28.12	550.41	26.552	28.06	0	101.2	5060.4	110205
86	"12:45:20"	586.5	0	3	20	0.401	550.0	26.52	0.02898	991	79.98	-506.08	70.60	25.94	0.067355	0.0067144	0	0	0	991	71.6	28.12	550.42	26.560	28.06	0	101.2	5060.8	110205
87	"12:45:22"	588.5	0	3	20	0.478	550.2	26.53	0.03454	991	80.06	-506.06	70.66	25.93	0.080501	0.0075845	0	0	0	991	71.6	28.12	550.79	26.576	28.06	0	101.2	5060.6	110205
88	"12:45:24"	590.5	0	3	20	0.591	550.4	26.55	0.04273	991	80.00	-506.07	70.66	25.95	0.10043	0.0079111	0	0	0	991	71.6	28.12	550.85	26.579	28.06	0	101.2	5060.7	110205
89	"12:45:26"	592.5	0	3	20	0.508	550.6	26.56	0.0367	991	80.08	-506.07	70.72	25.94	0.085732	0.0076921	0	0	0	991	71.6	28.12	550.74	26.601	28.06	0	101.2	5060.7	110205
90	"12:45:28"	594.5	0	3	20	0.459	550.7	26.58	0.03319	991	80.14	-506.06	70.74	25.93	0.07729	0.0074117	0	0	0	991	71.6	28.11	551.23	26.606	28.06	0	101.2	5060.6	110205
91	"12:45:30"	596.5	0	3	20	0.436	550.9	26.59	0.03151	991	80.23	-506.06	70.80	25.93	0.073316	0.0071038	0	0	0	991	71.6	28.12	551.18	26.633	28.06	0	101.2	5060.6	110205
92	"12:45:32"	598.5	0	3	20	0.448	551.1	26.61	0.03233	991	80.21	-506.06	70.84	25.94	0.075371	0.0070627	0	0	0	991	71.6	28.12	551.45	26.644	28.06	0	101.2	5060.6	110205
93	"12:45:34"	600.5	0	3	20	0.538	551.2	26.62	0.03889	991	80.23	-506.07	70.88	25.95	0.091418	0.0071548	0	0	0	991	71.6	28.12	551.74	26.659	28.06	0	101.2	5060.7	110205
94	"12:45:36"	602.5	0	3	20	0.471	551.4	26.64	0.03404	991	80.23	-506.09	70.91	25.96	0.07916	0.0077694	0	0	0	991	71.6	28.12	551.61	26.673	28.06	0	101.2	5060.9	110205
95	"12:45:38"	604.5	0	3	20	0.32	551.5	26.65	0.02312	991	80.30	-506.07	70.96	25.95	0.052438	0.0076108	0	0	0	991	71.6	28.12	551.72	26.691	28.06	0	101.2	5060.7	110205
96	"12:45:40"	606.5	0	3	20	0.358	551.6	26.66	0.02585	991	80.29	-506.05	70.97	25.96	0.0596	0.0068175	0	0	0	991	71.6	28.12	551.89	26.693	28.06	0	101.2	5060.5	110205
97	"12:45:42"	608.5	0	3	20	0.418	551.8	26.68	0.03021	991	80.38	-506.06	71.01	25.95	0.070882	0.0057917	0	0	0	991	71.6	28.12	552.25	26.707	28.06	0	101.2	5060.6	110205
98	"12:45:44"	610.5	0	3	20	0.526	551.9	26.69	0.03803	991	80.38	-506.08	71.06	25.96	0.090203	0.0055835	0	0	0	991	71.6	28.12	552.34	26.727	28.06	0	101.2	5060.8	110205
99	"12:45:46"	612.5	0	3	20	0.53	552.1	26.70	0.03832	991	80.47	-506.06	71.12	25.95	0.090027	0.0071238	0	0	0	991	71.6	28.12	552.26	26.746	28.06	0	101.2	5060.6	110205
100	"12:45:48"	614.5	0	3	20	0.428	552.2	26.72	0.03094	991	80.49	-506.07	71.15	25.96	0.071671	0.0075373	0	0	0	991	71.6	28.12	552.71	26.763	28.06	0	101.2	5060.7	110205
101	"12:45:50"	616.5	0	3	20	0.496	552.4	26.73	0.03583	991	80.51	-506.07	71.19	25.97	0.083033	0.0086892	0	0	0	991	71.6	28.12	552.94	26.777	28.06	0	101.2	5060.7	110205
102	"12:45:52"	618.5	0	4	200	0.462	550.0	26.75	0.03335	991	80.56	-506.07	71.20	25.96	0.088811	0.0090166	0.00030198	-0.13273	0	991	71.6	28.12	552.93	26.780	28.06	0	101.2	5060.7	110205
103	"12:50:13"	880.0	0	3	8	-0.0902	545.1	27.74	-0.006515	991	83.02	-506.05	73.56	26.06	-0.018097	0.0037454	0	0	0	991	71.6	28.18	545.12	27.760	28.12	0	101.3	5060.5	110205
104	"12:50:15"	882.0	0	3	12	0.35	545.2	27.74	0.02529	991	82.97	-506.06	73.53	26.06	0.058561	0.006324	0	0	0	991	71.6	28.18	545.28	27.748	28.12	0	101.3	5060.6	110205
105	"12:50:17"	884.0	0	3	16	0.31	545.2	27.75	0.02243	991	83.09	-506.07	73.57	26.05	0.052734	0.0041535	0	0	0	991	71.6	28.18	545.49	27.766	28.12	0	101.3	5060.7	110205
106	"12:50:19"	886.0	0	3	20	0.331	545.3	27.75	0.02392	991	83.11	-506.07	73.58	26.05	0.056046	0.0047765	0	0	0	991	71.6	28.18	545.56	27.773	28.12	0	101.3	5060.7	110205
107	"12:50:21"	888.0	0	3	20	0.46	545.4	27.76	0.03323	991	83.08	-506.06	73.60	26.06	0.078963	0.0046798	0	0	0	991	71.6	28.18	545.65	27.780	28.12	0	101.3	5060.6	110205
108	"12:50:23"	890.0	0	3	20	0.392	545.5	27.77	0.0283	991	83.12	-506.06	73.65	26.06	0.067009	0.0044395	0	0	0	991	71.6	28.19	545.90	27.798	28.12	0	101.3	5060.6	110205
109	"12:50:25"	892.0	0	3	20	0.409	545.7	27.78	0.02956	991	83.24	-506.06	73.76	26.06	0.069285	0.0058708	0	0	0	991	71.6	28.19	545.92	27.840	28.12	0	101.3	5060.6	110205
110	"12:50:27"	894.0	0	3	20	0.44	545.8	27.79	0.0318	991	83.16	-506.07	73.69	26.06	0.074419	0.0065482	0	0	0	991	71.6	28.19	546.06	27.818	28.12	0	101.3	5060.7	110205
111	"12:50:29"	896.0	0	3	20	0.367	546.0	27.80	0.02648	991	83.21	-506.06	73.70	26.06	0.062145	0.0051311	0	0	0	991	71.6	28.19	546.38	27.822	28.13	0	101.3	5060.6	110205
112	"12:50:31"	898.0	0	3	20	0.368	546.1	27.81	0.02658	991	83.23	-506.06	73.72	26.06	0.062814	0.0043527	0	0	0	991	71.6	28.19	546.24	27.829	28.13	0	101.3	5060.6	110205
113	"12:50:33"	900.0	0	3	20	0.337	546.2	27.82	0.02433	991	83.27	-506.06	73.74	26.06	0.057872	0.0033338	0	0	0	991	71.6	28.19	546.53	27.839	28.13	0	101.3	5060.6	110205
114	"12:50:35"	902.0	0	3	20	0.259	546.3	27.83	0.0187	991	83.26	-506.06	73.76	26.06	0.044221	0.0030192	0	0	0	991	71.6	28.19	546.44	27.849	28.13	0	101.3	5060.6	110205
115	"12:50:37"	904.0	0	3	20	0.292	546.4	27.83	0.02107	991	83.29	-506.06	73.81	26.07	0.049558	0.0038767	0	0	0	991	71.6	28.19	546.71	27.869	28.13	0	101.3	5060.6	110205
116	"12:50:39"	906.0	0	3	20	0.36	546.5	27.84	0.02599	991	83.31	-506.07	73.83	26.07	0.062159	0.0029616	0	0	0	991	71.6	28.19	546.83	27.879	28.13	0	101.3	5060.7	110205
117	"12:50:41"	908.0	0	3	20	0.422	546.6	27.85	0.03052	991	83.31	-506.06	73.81	26.07	0.072543	0.0042686	0	0	0	991	71.6	28.19	547.06	27.875	28.13	0	101.3	5060.6	110205
118	"12:50:43"	910.0	0	3	20	0.448	546.8	27.86	0.03239	991	83.38	-506.07	73.85	26.06	0.077375	0.0038451	0	0	0	991	71.6	28.20	547.20	27.888	28.13	0	101.3	5060.7	110205
119	"12:50:45"	912.0	0	3	20	0.422	546.9	27.87	0.03052	991	83.39	-506.05	73.84	26.06	0.072006	0.0052344	0	0	0	991	71.6	28.20	547.41	27.885	28.13	0	101.3	5060.5	110205
120	"12:50:47"	914.0	0	3	20	0.421	547.1	27.88	0.03044	991	83.43	-506.06	73.85	26.05	0.072688	0.0036464	0	0	0	991	71.6	28.20	547.44	27.892	28.13	0	101.3	5060.6	110205
121	"12:50:49"	916.0	0	3	20	0.437	547.2	27.89	0.03158	991	83.51	-506.07	73.94	26.06	0.074594	0.0052554	0	0	0	991	71.6	28.20	547.59	27.926	28.13	0	101.3	5060.7	110205
122	"12:50:51"	918.0	0	3	20	0.41	547.3	27.89	0.02961	991	83.45	-506.05	73.95	26.07	0.069869	0.0050631	0	0	0	991	71.6	28.20	547.71	27.928	28.13	0	101.3	5060.5	110205
123	"12:50:53"	920.0	0	3	20	0.424	547.5	27.91	0.03065	991	83.44	-506.07	73.92	26.07	0.072387	0.0050933	0	0	0	991	71.6	28.20	547.88	27.925	28.14	0	101.3	5060.7	110205
124	"12:50:55"	922.0	0	3	20	0.382	547.7	27.92	0.02757	991	83.52	-506.06	73.96	26.06	0.064242	0.0061521	0	0	0	991	71.6	28.20	548.17	27.939	28.14	0	101.3	5060.6	110205
125	"12:50:57"	924.0	0	3	20	0.48	547.8	27.93	0.0347	991	83.49	-506.06	73.92	26.06	0.082853	0.0041693	0	0	0	991	71.6	28.20	548.27	27.925	28.14	0	101.3	5060.6	110205
126	"12:50:59"	926.0	0	3	20	0.396	547.9	27.93	0.02863	991	83.52	-506.05	73.99	26.07	0.067925	0.0042116	0	0	0	991	71.6	28.20	548.13	27.949	28.14	0	101.3	5060.5	110205
127	"12:51:01"	928.0	0	3	20	0.255	548.1	27.94	0.01845	991	83.50	-506.06	73.98	26.08	0.043376	0.0034222	0	0	0	991	71.6	28.20	548.47	27.950	28.14	0	101.3	5060.6	110205
128	"12:51:03"	930.0	0	3	20	0.296	548.2	27.95	0.02136	991	83.56	-506.07	74.04	26.08	0.050981	0.002628	0	0	0	991	71.6	28.20	548.54	27.973	28.14	0	101.3	5060.7	110205
129	"12:51:05"	932.0	0	3	20	0.315	548.3	27.96	0.02274	991	83.72	-506.07	74.17	26.07	0.052762	0.005471	0	0	0	991	71.6	28.20	548.58	28.021	28.14	0	101.3	5060.7	110205
130	"12:51:07"	934.0	0	3	20	0.414	548.4	27.97	0.02988	991	83.47	-506.06	73.97	26.08	0.069392	0.0070747	0	0	0	991	71.6	28.21	548.71	27.951	28.14	0	101.3	5060.6	110205
131	"12:51:09"	936.0	0	3	20	0.35	548.5	27.98	0.02531	991	83.61	-506.07	74.11	26.08	0.059401	0.004888	0	0	0	991	71.6	28.21	548.76	28.001	28.14	0	101.3	5060.7	110205
132	"12:51:11"	938.0	0	3	20	0.303	548.7	27.99	0.02189	991	83.55	-506.06	74.01	26.08	0.050546	0.0056809	0	0	0	991	71.6	28.21	549.25	27.968	28.14	0	101.3	5060.6	110205
133	"12:51:13"	940.0	0	3	20	0.31	548.8	28.00	0.02242	991	83.61	-506.06	74.07	26.08	0.054196	0.0015402	0	0	0	991	71.6	28.21	548.94	27.992	28.14	0	101.3	5060.6	110205
134	"12:51:15"	942.0	0	3	20	0.249	548.9	28.00	0.01802	991	83.72	-506.05	74.15	26.08	0.043719	0.00095328	0	0	0	991	71.6	28.21	548.96	28.024	28.14	0	101.3	5060.5	110205
135	"12:51:17"	944.0	0	3	20	0.317	549.0	28.00	0.02293	991	83.65	-506.06	74.10	26.08	0.055033	0.0022516	0	0	0	991	71.6	28.21	549.62	28.003	28.14	0	101.3	5060.6	110205
136	"12:51:19"	946.0	0	3	20	0.453	549.1	28.01	0.03273	991	83.73	-506.06	74.15	26.08	0.079529	0.0014923	0	0	0	991	71.6	28.21	549.61	28.024	28.15	0	101.3	5060.6	110205
137	"12:51:21"	948.0	0	3	20	0.458	549.3	28.01	0.03308	991	83.75	-506.07	74.19	26.08	0.078393	0.0050096	0	0	0	991	71.6	28.21	549.72	28.043	28.15	0	101.3	5060.7	110205
138	"12:51:23"	950.0	0	3	20	0.489	549.4	28.03	0.03531	991	83.83	-506.06	74.27	26.08	0.081367	0.0094579	0	0	0	991	71.6	28.21	549.72	28.071	28.15	0	101.3	5060.6	110205
139	"12:51:25"	952.0	0	3	20	0.32	549.5	28.04	0.02316	991	83.83	-506.07	74.26	26.08	0.051574	0.0093522	0	0	0	991	71.6	28.21	549.93	28.070	28.15	0	101.3	5060.7	110205
140	"12:51:27"	954.0	0	3	20	0.189	549.7	28.05	0.01363	991	83.89	-506.05	74.27	26.07	0.030669	0.0049646	0	0	0	991	71.6	28.21	549.74	28.074	28.15	0	101.3	5060.5	110205
141	"12:51:29"	956.0	0	3	20	0.326	549.7	28.07	0.02352	991	83.95	-506.06	74.33	26.08	0.054195	0.0062835	0	0	0	991	71.6	28.21	550.12	28.101	28.15	0	101.3	5060.6	110205
142	"12:51:31"	958.0	0	3	20	0.348	549.9	28.08	0.02511	991	83.90	-506.07	74.29	26.08	0.059558	0.0037082	0	0	0	991	71.6	28.22	550.25	28.087	28.15	0	101.3	5060.7	110205
143	"12:51:33"	960.0	0	3	20	0.416	550.0	28.09	0.03004	991	83.88	-506.06	74.29	26.08	0.070246	0.0062313	0	0	0	991	71.6	28.22	550.46	28.089	28.15	0	101.3	5060.6	110205
144	"12:51:35"	962.0	0	3	20	0.406	550.1	28.09	0.02935	991	83.88	-506.06	74.31	26.09	0.069631	0.0043193	0	0	0	991	71.6	28.22	550.30	28.101	28.15	0	101.3	5060.6	110205
145	"12:51:37"	964.0	0	3	20	0.431	550.3	28.10	0.03115	991	83.94	-506.05	74.35	26.09	0.075857	0.0011442	0	0	0	991	71.6	28.22	550.63	28.116	28.16	0	101.3	5060.5	110205
146	"12:51:39"	966.0	0	3	20	0.465	550.4	28.10	0.03356	991	83.92	-506.06	74.34	26.09	0.081557	0.0015157	0	0	0	991	71.6	28.22	550.76	28.113	28.15	0	101.3	5060.6	110205
147	"12:51:41"	968.0	0	3	20	0.469	550.6	28.11	0.03392	991	84.01	-506.06	74.44	26.09	0.08153	0.0031145	0	0	0	991	71.6	28.22	550.88	28.151	28.16	0	101.3	5060.6	110205
148	"12:51:43"	970.0	0	3	20	0.451	550.7	28.12	0.03261	991	83.96	-506.07	74.39	26.10	0.074991	0.0089592	0	0	0	991	71.6	28.22	551.00	28.135	28.16	0	101.3	5060.7	110205
149	"12:51:45"	972.0	0	3	20	0.345	550.8	28.13	0.02491	991	83.96	-506.06	74.40	26.10	0.058134	0.0053733	0	0	0	991	71.6	28.22	551.09	28.142	28.16	0	101.3	5060.6	110205
150	"12:51:47"	974.0	0	3	20	0.345	551.0	28.14	0.0249	991	83.94	-506.08	74.39	26.10	0.058624	0.0044627	0	0	0	991	71.6	28.22	551.19	28.139	28.16	0	101.3	5060.8	110205
151	"12:51:49"	976.0	0	3	20	0.3	551.1	28.15	0.02165	991	84.00	-506.07	74.39	26.09	0.053109	0.0001055	0	0	0	991	71.6	28.22	551.50	28.137	28.16	0	101.3	5060.7	110205
152	"12:51:51"	978.0	0	3	20	0.434	551.2	28.15	0.03133	991	84.06	-506.06	74.46	26.09	0.077684	-0.0013229	0	0	0	991	71.6	28.23	551.53	28.165	28.16	0	101.3	5060.6	110205
153	"12:51:53"	980.0	0	4	200	0.38	550.0	28.15	0.02747	991	84.05	-506.06	74.47	26.10	0.067497	0.0032699	0.00043009	-0.20908	0	991	71.6	28.23	551.65	28.172	28.16	0	101.3	5060.6	110205
154	"12:57:14"	1300.5	0	3	8	0.722	545.0	28.79	0.05218	991	85.10	-506.06	75.69	26.26	0.1274	0.0014679	0	0	0	991	71.6	28.33	545.09	28.801	28.26	0	101.3	5060.6	110205
155	"12:57:16"	1302.5	0	3	12	0.31	545.0	28.79	0.02237	991	85.10	-506.06	75.67	26.26	0.05323	0.0031139	0	0	0	991	71.6	28.33	545.08	28.797	28.26	0	101.3	5060.6	110205
156	"12:57:18"	1304.5	0	3	15	0.362	545.1	28.79	0.02612	991	85.21	-506.07	75.72	26.25	0.062791	0.0024946	0	0	0	991	71.6	28.33	545.43	28.818	28.26	0	101.3	5060.7	110205
157	"12:57:20"	1306.5	0	3	19	0.348	545.2	28.80	0.02513	991	85.18	-506.06	75.68	26.25	0.060451	0.0022996	0	0	0	991	71.6	28.33	545.57	28.805	28.26	0	101.3	5060.6	110205
158	"12:57:22"	1308.5	0	3	20	0.368	545.3	28.80	0.02659	991	85.39	-506.06	75.85	26.24	0.063417	0.0033979	0	0	0	991	71.6	28.34	545.70	28.867	28.26	0	101.3	5060.6	110205
159	"12:57:24"	1310.5	0	3	20	0.404	545.4	28.81	0.02918	991	85.33	-506.05	75.76	26.24	0.069858	0.0032892	0	0	0	991	71.6	28.33	545.64	28.835	28.26	0	101.3	5060.5	110205
160	"12:57:26"	1312.5	0	3	20	0.329	545.5	28.82	0.02379	991	85.31	-506.06	75.72	26.23	0.056828	0.0028994	0	0	0	991	71.6	28.33	545.68	28.822	28.26	0	101.3	5060.6	110205
161	"12:57:28"	1314.5	0	3	20	0.315	545.7	28.82	0.02273	991	85.39	-506.07	75.78	26.23	0.05519	0.0011629	0	0	0	991	71.6	28.34	546.31	28.843	28.26	0	101.3	5060.7	110205
162	"12:57:30"	1316.5	0	3	20	0.467	545.9	28.83	0.03377	991	85.40	-506.06	75.74	26.22	0.081898	0.0019181	0	0	0	991	71.6	28.34	546.08	28.831	28.27	0	101.3	5060.6	110205
163	"12:57:32"	1318.5	0	3	20	0.417	546.0	28.83	0.03014	991	85.50	-506.06	75.85	26.22	0.072656	0.0024832	0	0	0	991	71.6	28.34	546.48	28.871	28.26	0	101.3	5060.6	110205
164	"12:57:34"	1320.5	0	3	20	0.549	546.1	28.84	0.03964	991	85.43	-506.06	75.82	26.23	0.094995	0.0042497	0	0	0	991	71.6	28.34	546.51	28.861	28.27	0	101.3	5060.6	110205
165	"12:57:36"	1322.5	0	3	20	0.314	546.3	28.85	0.0227	991	85.39	-506.05	75.84	26.24	0.053211	0.0045838	0	0	0	991	71.6	28.34	546.68	28.869	28.27	0	101.3	5060.5	110205
166	"12:57:38"	1324.5	0	3	20	0.213	546.4	28.85	0.0154	991	85.29	-506.05	75.80	26.25	0.036672	0.0020609	0	0	0	991	71.6	28.34	546.87	28.855	28.27	0	101.3	5060.5	110205
167	"12:57:40"	1326.5	0	3	20	0.373	546.5	28.86	0.02698	991	85.27	-506.06	75.79	26.26	0.065793	0.00091262	0	0	0	991	71.6	28.34	546.68	28.852	28.27	0	101.3	5060.6	110205
168	"12:57:42"	1328.5	0	3	20	0.265	546.6	28.86	0.01912	991	85.36	-506.06	75.86	26.26	0.047569	-0.0010494	0	0	0	991	71.6	28.34	547.01	28.881	28.27	0	101.3	5060.6	110205
169	"12:57:44"	1330.5	0	3	20	0.404	546.7	28.86	0.02916	991	85.36	-506.07	75.87	26.26	0.071261	0.00069507	0	0	0	991	71.6	28.34	547.00	28.886	28.27	0	101.3	5060.7	110205
170	"12:57:46"	1332.5	0	3	20	0.379	546.9	28.86	0.02737	991	85.29	-506.06	75.81	26.26	0.066033	0.002161	0	0	0	991	71.6	28.34	547.44	28.863	28.27	0	101.3	5060.6	110205
171	"12:57:48"	1334.5	0	3	20	0.39	547.0	28.87	0.02817	991	85.38	-506.06	75.89	26.26	0.067456	0.0031293	0	0	0	991	71.6	28.34	547.45	28.891	28.27	0	101.3	5060.6	110205
172	"12:57:50"	1336.5	0	3	20	0.485	547.2	28.87	0.03506	991	85.28	-506.06	75.82	26.26	0.084003	0.0038102	0	0	0	991	71.6	28.34	547.26	28.868	28.27	0	101.3	5060.6	110205
173	"12:57:52"	1338.5	0	3	20	0.279	547.3	28.88	0.02019	991	85.36	-506.06	75.88	26.26	0.049018	0.0010367	0	0	0	991	71.6	28.34	547.36	28.894	28.27	0	101.3	5060.6	110205
174	"12:57:54"	1340.5	0	3	20	0.224	547.4	28.88	0.01619	991	85.33	-506.07	75.85	26.26	0.039008	0.0013872	0	0	0	991	71.6	28.34	547.57	28.881	28.27	0	101.3	5060.7	110205
175	"12:57:56"	1342.5	0	3	20	0.231	547.5	28.88	0.01671	991	85.33	-506.06	75.91	26.28	0.040007	0.0018917	0	0	0	991	71.6	28.34	547.54	28.904	28.27	0	101.3	5060.6	110205
176	"12:57:58"	1344.5	0	3	20	0.277	547.6	28.89	0.02004	991	85.22	-506.06	75.85	26.29	0.047658	0.0028311	0	0	0	991	71.6	28.34	547.91	28.885	28.27	0	101.3	5060.6	110205
177	"12:58:00"	1346.5	0	3	20	0.464	547.7	28.89	0.03354	991	85.35	-506.06	75.93	26.28	0.080536	0.0033519	0	0	0	991	71.6	28.34	548.21	28.916	28.27	0	101.3	5060.6	110205
178	"12:58:02"	1348.5	0	3	20	0.408	547.8	28.90	0.02951	991	85.33	-506.06	75.94	26.28	0.071009	0.0026862	0	0	0	991	71.6	28.34	548.01	28.917	28.27	0	101.3	5060.6	110205
179	"12:58:04"	1350.5	0	3	20	0.237	547.9	28.91	0.01713	991	85.32	-506.05	75.95	26.29	0.040959	0.0020104	0	0	0	991	71.6	28.34	548.11	28.924	28.27	0	101.3	5060.5	110205
180	"12:58:06"	1352.5	0	3	20	0.286	548.0	28.91	0.02067	991	85.36	-506.06	75.98	26.29	0.049341	0.0025776	0	0	0	991	71.6	28.34	548.35	28.932	28.27	0	101.3	5060.6	110205
181	"12:58:08"	1354.5	0	3	20	0.294	548.1	28.91	0.02121	991	85.26	-506.06	75.92	26.29	0.050642	0.0026277	0	0	0	991	71.6	28.34	548.36	28.911	28.27	0	101.3	5060.6	110205
182	"12:58:10"	1356.5	0	3	20	0.317	548.2	28.92	0.02293	991	85.33	-506.06	75.98	26.29	0.055506	0.0015023	0	0	0	991	71.6	28.34	548.65	28.933	28.27	0	101.3	5060.6	110205
183	"12:58:12"	1358.5	0	3	20	0.423	548.3	28.92	0.03059	991	85.34	-506.06	75.99	26.29	0.074337	0.0014851	0	0	0	991	71.6	28.34	548.81	28.937	28.27	0	101.3	5060.6	110205
184	"12:58:14"	1360.5	0	3	20	0.352	548.5	28.93	0.02543	991	85.35	-506.06	75.98	26.29	0.062121	0.00064634	0	0	0	991	71.6	28.34	548.85	28.933	28.27	0	101.3	5060.6	110205
185	"12:58:16"	1362.5	0	3	20	0.474	548.7	28.93	0.03427	991	85.36	-506.07	76.00	26.29	0.082957	0.0022386	0	0	0	991	71.6	28.34	548.94	28.944	28.28	0	101.3	5060.7	110205
186	"12:58:18"	1364.5	0	3	20	0.387	548.8	28.93	0.02795	991	85.42	-506.06	76.02	26.28	0.067547	0.0020291	0	0	0	991	71.6	28.34	548.90	28.949	28.27	0	101.3	5060.6	110205
187	"12:58:20"	1366.5	0	3	20	0.257	548.9	28.94	0.01857	991	85.39	-506.05	76.00	26.28	0.044875	0.0013658	0	0	0	991	71.6	28.34	549.09	28.942	28.27	0	101.3	5060.5	110205
188	"12:58:22"	1368.5	0	3	20	0.238	549.0	28.94	0.01722	991	85.37	-506.06	76.02	26.29	0.040937	0.0024318	0	0	0	991	71.6	28.34	549.04	28.948	28.27	0	101.3	5060.6	110205
189	"12:58:24"	1370.5	0	3	20	0.305	549.1	28.95	0.022	991	85.45	-506.07	76.07	26.29	0.052922	0.0020437	0	0	0	991	71.6	28.35	549.73	28.974	28.28	0	101.3	5060.7	110205
190	"12:58:26"	1372.5	0	3	20	0.572	549.2	28.95	0.04131	991	85.40	-506.06	76.01	26.29	0.09985	0.0029632	0	0	0	991	71.6	28.34	549.45	28.951	28.28	0	101.3	5060.6	110205
191	"12:58:28"	1374.5	0	3	20	0.523	549.4	28.95	0.03781	991	85.43	-506.06	76.06	26.29	0.091402	0.0027041	0	0	0	991	71.6	28.34	549.68	28.970	28.28	0	101.3	5060.6	110205
192	"12:58:30"	1376.5	0	3	20	0.34	549.5	28.96	0.02454	991	85.51	-506.06	76.08	26.28	0.058814	0.002628	0	0	0	991	71.6	28.34	549.80	28.976	28.27	0	101.3	5060.6	110205
193	"12:58:32"	1378.5	0	3	20	0.32	549.7	28.97	0.02316	991	85.58	-506.05	76.12	26.28	0.054083	0.0049787	0	0	0	991	71.6	28.34	549.96	28.991	28.28	0	101.3	5060.5	110205
194	"12:58:34"	1380.5	0	3	20	0.299	549.8	28.97	0.0216	991	85.38	-506.07	76.03	26.30	0.052397	0.0012044	0	0	0	991	71.6	28.35	550.08	28.960	28.28	0	101.3	5060.7	110205
195	"12:58:36"	1382.5	0	3	20	0.356	549.9	28.98	0.02569	991	85.51	-506.07	76.15	26.30	0.062111	0.0018197	0	0	0	991	71.6	28.34	550.24	29.006	28.28	0	101.3	5060.7	110205
196	"12:58:38"	1384.5	0	3	20	0.428	550.0	28.98	0.03094	991	85.46	-506.06	76.13	26.30	0.075223	0.0014443	0	0	0	991	71.6	28.35	550.22	28.997	28.28	0	101.3	5060.6	110205
197	"12:58:40"	1386.5	0	3	20	0.222	550.1	28.99	0.01606	991	85.46	-506.05	76.10	26.30	0.037901	0.0027468	0	0	0	991	71.6	28.35	550.25	28.984	28.28	0	101.3	5060.5	110205
198	"12:58:42"	1388.5	0	3	20	0.317	550.2	28.99	0.02293	991	85.40	-506.06	76.08	26.31	0.054212	0.0037647	0	0	0	991	71.6	28.35	550.74	28.979	28.28	0	101.3	5060.6	110205
199	"12:58:44"	1390.5	0	3	20	0.422	550.4	28.99	0.03051	991	85.43	-506.06	76.09	26.30	0.074651	0.00057779	0	0	0	991	71.6	28.35	550.79	28.983	28.28	0	101.3	5060.6	110205
200	"12:58:46"	1392.5	0	3	20	0.322	550.5	28.99	0.02324	991	85.41	-506.05	76.09	26.31	0.057987	-0.0015487	0	0	0	991	71.6	28.35	550.95	28.982	28.28	0	101.2	5060.5	110205
201	"12:58:48"	1394.5	0	3	20	0.453	550.6	28.99	0.03276	991	85.45	-506.05	76.15	26.31	0.080781	-0.00047393	0	0	0	991	71.6	28.34	551.20	29.003	28.28	0	101.3	5060.5	110205
202	"12:58:50"	1396.5	0	3	20	0.398	550.8	28.99	0.02874	991	85.56	-506.04	76.18	26.30	0.069151	0.0026126	0	0	0	991	71.6	28.35	550.87	29.017	28.28	0	101.3	5060.4	110205
203	"12:58:52"	1398.5	0	3	20	0.287	550.9	29.00	0.02071	991	85.56	-506.05	76.14	26.29	0.049593	0.0022961	0	0	0	991	71.6	28.35	551.17	29.002	28.28	0	101.3	5060.5	110205
204	"12:58:54"	1400.5	0	3	20	0.334	551.0	29.00	0.02417	991	85.58	-506.06	76.18	26.29	0.0574	0.0035046	0	0	0	991	71.6	28.35	551.18	29.015	28.28	0	101.2	5060.6	110205
205	"12:58:54"	1401.0	0	4	200	0.348	550.0	29.00	0.02513	991	85.59	-506.06	76.18	26.29	0.0574	0.0035046	-0.00036044	0.22338	0	991	71.6	28.35	551.20	29.017	28.28	0	101.2	5060.6	110205
