"OPEN 5.3.2"
"Thr May 30 2019 14:50:06"
"Unit="	"PSC-895"
"ComputeList="	"/User/Configs/Comps/Soil Efflux Eqns.LPL"
"BLCTable="	"/Sys/Lib/StdBLCTable"
"LightSource="	"Sun+Sky"	1	0.19
"LogFormat="	"/User/Configs/LogFormats/Soil Efflux Log Fmt"
"LogCodes="	-35	-21	-36	-104	310	311	320	302	303	306	304	321	322	323	324	300	301	330	331	305	307	308	-8	-2	-5	-9	-13	-11	-61	-23
"PromptList="	"/User/Configs/Prompts/Soil Efflux Prompts"
"Stability= (CO2S 15s SLP<1)(H2OS 15s SLP<1)(Flow 15s SLP<1)"
"14:50:08 "
$STARTOFDATA$
"Obs"	"HHMMSS"	"FTime"	"Plot#"	"Mode"	"Smpls"	"EFFLUX"	"C2avg"	"Wavg"	"dc'/dt"	"Vtot"	"RHcmbr%"	"Tsoil_C"	"RHirga%"	"Tsch_C"	"dC/dt"	"dW/dt"	"R(C)m"	"R(C)b"	"InsDpth"	"Vbase"	"Area"	"TBlk"	"CO2S"	"H2OS"	"Tair"	"PARo"	"Press"	"uc_21_mV"	"Status"
1	"14:52:00"	164.0	0	3	8	1.33	545.3	31.77	0.09638	991	81.06	-506.02	71.23	28.75	0.23461	0.0080385	0	0	0	991	71.6	31.07	545.97	31.778	31.00	0	101.1	5060.2	110205
2	"14:52:02"	166.0	0	3	12	1.34	545.5	31.77	0.09653	991	81.16	-506.02	71.31	28.75	0.23619	0.0058754	0	0	0	991	71.6	31.07	546.23	31.818	31.00	0	101.1	5060.2	110205
3	"14:52:04"	168.0	0	3	16	1.19	545.7	31.78	0.08601	991	81.09	-506.03	71.30	28.77	0.20918	0.0074891	0	0	0	991	71.6	31.07	546.70	31.816	31.00	0	101.1	5060.3	110205
4	"14:52:06"	170.0	0	3	20	1.23	545.9	31.79	0.08886	991	81.14	-506.02	71.39	28.78	0.21581	0.0083099	0	0	0	991	71.6	31.07	546.95	31.856	31.00	0	101.1	5060.2	110205
5	"14:52:08"	172.0	0	3	20	1.22	546.4	31.81	0.08804	991	81.21	-506.02	71.39	28.76	0.21269	0.010192	0	0	0	991	71.6	31.07	547.05	31.859	31.00	0	101.1	5060.2	110205
6	"14:52:10"	174.0	0	3	20	1.04	546.7	31.83	0.07482	991	81.25	-506.02	71.43	28.76	0.17975	0.010438	0	0	0	991	71.6	31.07	547.71	31.877	31.00	0	101.1	5060.2	110205
7	"14:52:12"	176.0	0	3	20	1.21	547.2	31.85	0.08719	991	81.26	-506.03	71.46	28.77	0.21111	0.0092465	0	0	0	991	71.6	31.07	548.43	31.893	31.00	0	101.1	5060.3	110205
8	"14:52:14"	178.0	0	3	20	1.09	547.6	31.87	0.07887	991	81.27	-506.02	71.49	28.78	0.19074	0.0087809	0	0	0	991	71.6	31.07	548.61	31.906	31.01	0	101.1	5060.2	110205
9	"14:52:16"	180.0	0	3	20	1.06	547.9	31.89	0.07679	991	81.26	-506.02	71.51	28.78	0.18619	0.0076828	0	0	0	991	71.6	31.07	549.00	31.919	31.01	0	101.1	5060.2	110205
10	"14:52:18"	182.0	0	3	20	1.18	548.3	31.90	0.08497	991	81.38	-506.03	71.54	28.77	0.20636	0.0078959	0	0	0	991	71.6	31.08	548.98	31.932	31.01	0	101.1	5060.3	110205
11	"14:52:20"	184.0	0	3	20	1.01	548.7	31.91	0.07298	991	81.34	-506.03	71.58	28.78	0.17717	0.0069215	0	0	0	991	71.6	31.08	549.85	31.953	31.01	0	101.1	5060.3	110205
12	"14:52:22"	186.0	0	3	20	1.11	549.1	31.93	0.08017	991	81.35	-506.02	71.61	28.79	0.19462	0.0076409	0	0	0	991	71.6	31.08	549.88	31.969	31.01	0	101.1	5060.2	110205
13	"14:52:24"	188.0	0	3	20	1.11	549.5	31.94	0.08001	991	81.43	-506.02	71.64	28.78	0.19408	0.0078518	0	0	0	991	71.6	31.08	550.50	31.984	31.01	0	101.1	5060.2	110205
14	"14:52:26"	190.0	0	3	20	1.1	549.9	31.96	0.07913	991	81.42	-506.03	71.66	28.79	0.19176	0.0080982	0	0	0	991	71.6	31.08	550.85	31.993	31.01	0	101.1	5060.3	110205
15	"14:52:28"	192.0	0	3	20	1.08	550.2	31.98	0.07801	991	81.50	-506.02	71.71	28.79	0.18894	0.0081473	0	0	0	991	71.6	31.08	551.01	32.018	31.01	0	101.1	5060.2	110205
16	"14:52:30"	194.0	0	3	20	1.01	550.6	31.99	0.07299	991	81.52	-506.02	71.73	28.79	0.17693	0.0073808	0	0	0	991	71.6	31.08	551.35	32.028	31.01	0	101.1	5060.2	110205
17	"14:52:32"	196.0	0	3	20	1.12	551.0	32.01	0.08079	991	81.58	-506.02	71.77	28.79	0.19593	0.0079764	0	0	0	991	71.6	31.08	552.05	32.048	31.01	0	101.1	5060.2	110205
18	"14:52:34"	198.0	0	3	20	1.12	551.4	32.02	0.08062	991	81.63	-506.03	71.82	28.79	0.19589	0.0072977	0	0	0	991	71.6	31.08	552.32	32.069	31.01	0	101.1	5060.3	110205
19	"14:52:36"	200.0	0	3	20	1.08	551.7	32.04	0.07803	991	81.64	-506.02	71.83	28.79	0.18917	0.0078211	0	0	0	991	71.6	31.08	552.67	32.074	31.01	0	101.1	5060.2	110205
20	"14:52:38"	202.0	0	3	20	1.03	552.1	32.05	0.07454	991	81.62	-506.03	71.85	28.80	0.18069	0.0075248	0	0	0	991	71.6	31.08	553.27	32.088	31.02	0	101.1	5060.3	110205
21	"14:52:40"	204.0	0	3	20	1.01	552.5	32.07	0.07305	991	81.66	-506.02	71.92	28.80	0.1769	0.0076747	0	0	0	991	71.6	31.08	553.61	32.118	31.02	0	101.1	5060.2	110205
22	"14:52:42"	206.0	0	3	20	1.18	552.9	32.08	0.08526	991	81.60	-506.03	71.91	28.82	0.20633	0.0091974	0	0	0	991	71.6	31.09	553.80	32.121	31.02	0	101.1	5060.3	110205
23	"14:52:44"	208.0	0	3	20	1.15	553.2	32.10	0.08323	991	81.66	-506.01	71.94	28.81	0.20233	0.0073967	0	0	0	991	71.6	31.08	554.18	32.131	31.02	0	101.1	5060.1	110205
24	"14:52:46"	210.0	0	3	20	1.13	553.6	32.11	0.08184	991	81.78	-506.02	71.99	28.80	0.19895	0.0072468	0	0	0	991	71.6	31.08	554.58	32.156	31.02	0	101.1	5060.2	110205
25	"14:52:48"	212.0	0	4	96	1.12	550.0	32.13	0.08069	991	81.69	-506.03	72.02	28.83	0.18882	0.0072276	-0.0015266	0.92033	0	991	71.6	31.09	555.23	32.172	31.02	0	101.1	5060.3	110205
26	"14:54:13"	296.5	0	3	8	0.614	545.4	31.83	0.04435	991	80.92	-506.03	71.20	28.82	0.10385	0.01106	0	0	0	991	71.6	31.12	545.61	31.862	31.05	0	101.1	5060.3	110205
27	"14:54:15"	298.5	0	3	12	1.27	545.7	31.84	0.09187	991	80.90	-506.03	71.19	28.83	0.22188	0.010908	0	0	0	991	71.6	31.12	546.48	31.859	31.05	0	101.1	5060.3	110205
28	"14:54:17"	300.5	0	3	16	1.32	545.9	31.85	0.09515	991	81.02	-506.01	71.23	28.81	0.23071	0.0096636	0	0	0	991	71.6	31.12	546.86	31.876	31.05	0	101.1	5060.1	110205
29	"14:54:19"	302.5	0	3	20	1.31	546.1	31.86	0.09486	991	81.08	-506.03	71.35	28.83	0.23055	0.0086777	0	0	0	991	71.6	31.12	547.59	31.934	31.05	0	101.1	5060.3	110205
30	"14:54:21"	304.5	0	3	20	1.3	546.6	31.88	0.09413	991	81.07	-506.03	71.32	28.83	0.22803	0.0099054	0	0	0	991	71.6	31.12	547.59	31.922	31.06	0	101.1	5060.3	110205
31	"14:54:23"	306.5	0	3	20	1.11	547.0	31.90	0.08015	991	81.16	-506.02	71.41	28.83	0.19357	0.0095007	0	0	0	991	71.6	31.12	548.12	31.963	31.05	0	101.1	5060.2	110205
32	"14:54:25"	308.5	0	3	20	1.07	547.4	31.92	0.07737	991	81.15	-506.02	71.40	28.83	0.18656	0.0096631	0	0	0	991	71.6	31.12	548.40	31.960	31.06	0	101.1	5060.2	110205
33	"14:54:27"	310.5	0	3	20	0.989	547.7	31.93	0.07146	991	81.20	-506.01	71.45	28.83	0.17254	0.0085439	0	0	0	991	71.6	31.12	548.89	31.983	31.06	0	101.1	5060.1	110205
34	"14:54:29"	312.5	0	3	20	1.04	548.1	31.96	0.07489	991	81.19	-506.04	71.50	28.85	0.18133	0.0080574	0	0	0	991	71.6	31.12	549.15	32.007	31.06	0	101.1	5060.4	110205
35	"14:54:31"	314.5	0	3	20	1.07	548.5	31.97	0.07714	991	81.31	-506.02	71.53	28.83	0.18614	0.0094203	0	0	0	991	71.6	31.12	549.30	32.024	31.06	0	101.1	5060.2	110205
36	"14:54:33"	316.5	0	3	20	1.05	548.9	31.99	0.07587	991	81.31	-506.03	71.57	28.84	0.18327	0.0088826	0	0	0	991	71.6	31.12	549.90	32.042	31.06	0	101.1	5060.3	110205
37	"14:54:35"	318.5	0	3	20	1.06	549.2	32.01	0.07689	991	81.41	-506.03	71.62	28.83	0.1862	0.008193	0	0	0	991	71.6	31.12	550.46	32.067	31.06	0	101.1	5060.3	110205
38	"14:54:37"	320.5	0	3	20	1.2	549.7	32.02	0.08693	991	81.31	-506.02	71.61	28.85	0.21136	0.007783	0	0	0	991	71.6	31.13	550.95	32.062	31.06	0	101.1	5060.2	110205
39	"14:54:39"	322.5	0	3	20	1.37	550.1	32.04	0.09885	991	81.31	-506.03	71.62	28.85	0.24023	0.009039	0	0	0	991	71.6	31.13	551.28	32.072	31.06	0	101.1	5060.3	110205
40	"14:54:41"	324.5	0	3	20	1.32	550.5	32.06	0.09571	991	81.34	-506.02	71.68	28.86	0.2331	0.0078959	0	0	0	991	71.6	31.13	551.27	32.097	31.06	0	101.1	5060.2	110205
41	"14:54:43"	326.5	0	3	20	1.14	550.9	32.07	0.0827	991	81.43	-506.03	71.73	28.86	0.20067	0.0080839	0	0	0	991	71.6	31.13	551.93	32.123	31.06	0	101.1	5060.3	110205
42	"14:54:45"	328.5	0	3	20	0.907	551.3	32.09	0.06553	991	81.51	-506.03	71.79	28.86	0.15795	0.0082571	0	0	0	991	71.6	31.13	552.61	32.151	31.06	0	101.1	5060.3	110205
43	"14:54:47"	330.5	0	3	20	1.04	551.7	32.11	0.07529	991	81.50	-506.01	71.76	28.85	0.18167	0.0091599	0	0	0	991	71.6	31.13	552.69	32.138	31.06	0	101.1	5060.1	110205
44	"14:54:49"	332.5	0	3	20	1.06	552.0	32.12	0.07624	991	81.58	-506.02	71.84	28.85	0.18417	0.008887	0	0	0	991	71.6	31.13	552.79	32.174	31.06	0	101.1	5060.2	110205
45	"14:54:51"	334.5	0	3	20	1.04	552.4	32.14	0.07519	991	81.54	-506.04	71.87	28.87	0.18242	0.0073865	0	0	0	991	71.6	31.13	553.41	32.188	31.07	0	101.1	5060.4	110205
46	"14:54:53"	336.5	0	3	20	1.03	552.8	32.16	0.07452	991	81.56	-506.01	71.86	28.86	0.18105	0.0068904	0	0	0	991	71.6	31.13	553.77	32.183	31.07	0	101.1	5060.1	110205
47	"14:54:55"	338.5	0	3	20	0.987	553.2	32.17	0.07133	991	81.68	-506.02	71.93	28.86	0.17287	0.0073257	0	0	0	991	71.6	31.13	554.20	32.220	31.07	0	101.1	5060.2	110205
48	"14:54:57"	340.5	0	3	20	1.18	553.5	32.18	0.0856	991	81.60	-506.03	71.89	28.86	0.20813	0.007585	0	0	0	991	71.6	31.13	554.68	32.201	31.07	0	101.1	5060.3	110205
49	"14:54:58"	341.5	0	4	90	1.11	550.0	32.19	0.08023	991	81.74	-506.01	71.99	28.85	0.21603	0.0065738	-0.00084012	0.54229	0	991	71.6	31.13	555.13	32.243	31.07	0	101.1	5060.1	110205
50	"14:56:41"	444.5	0	3	8	1.05	545.3	32.15	0.07606	991	81.43	-506.03	71.68	28.88	0.18187	0.012359	0	0	0	991	71.6	31.17	545.89	32.178	31.11	0	101.1	5060.3	110205
51	"14:56:43"	446.5	0	3	12	1.19	545.6	32.16	0.08634	991	81.44	-506.03	71.68	28.89	0.20967	0.0082729	0	0	0	991	71.6	31.17	546.27	32.182	31.11	0	101.1	5060.3	110205
52	"14:56:45"	448.5	0	3	16	1.24	545.8	32.17	0.08943	991	81.54	-506.02	71.71	28.87	0.21767	0.0076896	0	0	0	991	71.6	31.17	546.87	32.196	31.11	0	101.1	5060.2	110205
53	"14:56:47"	450.5	0	3	20	1.26	546.0	32.17	0.09094	991	81.54	-506.03	71.73	28.88	0.22119	0.0080794	0	0	0	991	71.6	31.18	547.00	32.208	31.11	0	101.1	5060.3	110205
54	"14:56:49"	452.5	0	3	20	1.21	546.4	32.19	0.08731	991	81.65	-506.02	71.80	28.87	0.21244	0.0076014	0	0	0	991	71.6	31.18	547.42	32.237	31.11	0	101.1	5060.2	110205
55	"14:56:51"	454.5	0	3	20	1.11	546.8	32.21	0.08006	991	81.57	-506.01	71.81	28.89	0.19346	0.0093721	0	0	0	991	71.6	31.18	547.93	32.242	31.11	0	101.1	5060.1	110205
56	"14:56:53"	456.5	0	3	20	1.06	547.2	32.23	0.07642	991	81.71	-506.02	71.88	28.88	0.18468	0.0089086	0	0	0	991	71.6	31.18	548.20	32.277	31.11	0	101.1	5060.2	110205
57	"14:56:55"	458.5	0	3	20	1.02	547.6	32.24	0.07341	991	81.64	-506.02	71.86	28.89	0.17769	0.0080658	0	0	0	991	71.6	31.18	548.39	32.270	31.11	0	101.1	5060.2	110205
58	"14:56:57"	460.5	0	3	20	1.07	547.9	32.26	0.07711	991	81.75	-506.02	71.94	28.88	0.18735	0.0072186	0	0	0	991	71.6	31.18	549.15	32.303	31.11	0	101.1	5060.2	110205
59	"14:56:59"	462.5	0	3	20	1.17	548.4	32.27	0.08464	991	81.77	-506.02	71.95	28.89	0.20612	0.007067	0	0	0	991	71.6	31.18	549.56	32.313	31.11	0	101.1	5060.2	110205
60	"14:57:01"	464.5	0	3	20	1.19	548.8	32.29	0.08596	991	81.76	-506.01	71.96	28.89	0.20923	0.0073613	0	0	0	991	71.6	31.18	549.72	32.313	31.11	0	101.1	5060.1	110205
61	"14:57:03"	466.5	0	3	20	1.15	549.1	32.30	0.08288	991	81.81	-506.02	72.00	28.89	0.20213	0.0064009	0	0	0	991	71.6	31.18	550.12	32.334	31.11	0	101.1	5060.2	110205
62	"14:57:05"	468.5	0	3	20	1.16	549.6	32.31	0.08374	991	81.86	-506.02	72.07	28.89	0.20411	0.0066729	0	0	0	991	71.6	31.18	550.87	32.365	31.11	0	101.1	5060.2	110205
63	"14:57:07"	470.5	0	3	20	1.19	550.0	32.33	0.08595	991	81.83	-506.02	72.06	28.90	0.20954	0.0067487	0	0	0	991	71.6	31.18	551.07	32.365	31.11	0	101.1	5060.2	110205
64	"14:57:09"	472.5	0	3	20	1.19	550.4	32.34	0.0863	991	81.83	-506.02	72.08	28.91	0.20937	0.0085923	0	0	0	991	71.6	31.18	551.44	32.374	31.11	0	101.1	5060.2	110205
65	"14:57:11"	474.5	0	3	20	1.18	550.8	32.36	0.08492	991	81.91	-506.03	72.16	28.91	0.20629	0.0079509	0	0	0	991	71.6	31.18	551.76	32.412	31.12	0	101.1	5060.3	110205
66	"14:57:13"	476.5	0	3	20	1.03	551.2	32.37	0.07451	991	81.94	-506.02	72.16	28.90	0.18044	0.0079867	0	0	0	991	71.6	31.18	552.15	32.414	31.12	0	101.1	5060.2	110205
67	"14:57:15"	478.5	0	3	20	1	551.6	32.39	0.07255	991	82.03	-506.03	72.21	28.90	0.17543	0.0082141	0	0	0	991	71.6	31.19	552.67	32.437	31.12	0	101.1	5060.3	110205
68	"14:57:17"	480.5	0	3	20	1.13	551.9	32.41	0.08177	991	82.00	-506.03	72.22	28.91	0.19811	0.0085821	0	0	0	991	71.6	31.18	552.94	32.442	31.12	0	101.1	5060.3	110205
69	"14:57:19"	482.5	0	3	20	1.15	552.3	32.42	0.08324	991	82.00	-506.01	72.27	28.92	0.20172	0.0086705	0	0	0	991	71.6	31.19	553.35	32.465	31.12	0	101.1	5060.1	110205
70	"14:57:21"	484.5	0	3	20	1.09	552.7	32.44	0.07877	991	82.01	-506.02	72.30	28.93	0.19162	0.006921	0	0	0	991	71.6	31.19	553.81	32.482	31.12	0	101.1	5060.2	110205
71	"14:57:23"	486.5	0	3	20	1.09	553.1	32.45	0.07863	991	81.96	-506.02	72.29	28.93	0.19167	0.0062097	0	0	0	991	71.6	31.19	553.91	32.477	31.12	0	101.1	5060.2	110205
72	"14:57:25"	488.5	0	3	20	1.03	553.5	32.47	0.07431	991	82.07	-506.02	72.31	28.92	0.18102	0.0060747	0	0	0	991	71.6	31.19	554.64	32.490	31.12	0	101.1	5060.2	110205
73	"14:57:27"	490.5	0	3	20	1.13	553.9	32.48	0.08146	991	82.20	-506.02	72.38	28.91	0.19854	0.0064811	0	0	0	991	71.6	31.19	554.84	32.521	31.12	0	101.1	5060.2	110205
74	"14:57:28"	492.0	0	4	95	1.13	550.0	32.49	0.08132	991	82.18	-506.03	72.36	28.91	0.19288	0.0069269	-0.00090764	0.58052	0	991	71.6	31.19	555.16	32.514	31.12	0	101.1	5060.3	110205
75	"14:59:14"	598.0	0	3	8	0.312	545.7	32.40	0.02256	991	81.82	-506.02	72.05	28.94	0.052309	0.0065532	0	0	0	991	71.6	31.22	546.10	32.429	31.15	0	101.1	5060.2	110205
76	"14:59:16"	600.0	0	3	12	0.826	545.9	32.41	0.05967	991	81.78	-506.02	72.06	28.95	0.1419	0.011104	0	0	0	991	71.6	31.22	546.50	32.433	31.15	0	101.1	5060.2	110205
77	"14:59:18"	602.0	0	3	16	0.875	546.0	32.42	0.06323	991	81.91	-506.03	72.10	28.93	0.15153	0.0097168	0	0	0	991	71.6	31.22	546.79	32.452	31.15	0	101.1	5060.3	110205
78	"14:59:20"	604.0	0	3	20	0.95	546.2	32.43	0.06865	991	81.89	-506.04	72.14	28.94	0.16521	0.0093059	0	0	0	991	71.6	31.22	547.38	32.468	31.15	0	101.1	5060.4	110205
79	"14:59:22"	606.0	0	3	20	1.2	546.6	32.45	0.08692	991	81.95	-506.03	72.16	28.94	0.2108	0.0089006	0	0	0	991	71.6	31.22	547.56	32.480	31.15	0	101.1	5060.3	110205
80	"14:59:24"	608.0	0	3	20	1.22	547.0	32.46	0.08802	991	81.96	-505.99	72.22	28.95	0.21482	0.0066174	0	0	0	991	71.6	31.22	548.20	32.501	31.15	0	101.1	5059.9	110205
81	"14:59:26"	610.0	0	3	20	1.25	547.4	32.47	0.09022	991	82.04	-506.01	72.26	28.94	0.22001	0.007077	0	0	0	991	71.6	31.22	548.62	32.519	31.15	0	101.1	5060.1	110205
82	"14:59:28"	612.0	0	3	20	1.18	547.8	32.49	0.08509	991	82.03	-506.02	72.24	28.94	0.20784	0.0060746	0	0	0	991	71.6	31.22	548.96	32.513	31.15	0	101.1	5060.2	110205
83	"14:59:30"	614.0	0	3	20	1.09	548.3	32.50	0.07893	991	82.05	-506.03	72.26	28.94	0.19309	0.0051346	0	0	0	991	71.6	31.22	549.22	32.523	31.15	0	101.1	5060.3	110205
84	"14:59:32"	616.0	0	3	20	1.08	548.6	32.51	0.07797	991	82.10	-506.02	72.30	28.94	0.18994	0.0064546	0	0	0	991	71.6	31.22	549.44	32.540	31.15	0	101.1	5060.2	110205
85	"14:59:34"	618.0	0	3	20	1.02	549.0	32.53	0.07401	991	82.09	-506.02	72.35	28.95	0.18006	0.006535	0	0	0	991	71.6	31.22	550.05	32.563	31.15	0	101.1	5060.2	110205
86	"14:59:36"	620.0	0	3	20	1.08	549.4	32.54	0.07839	991	82.16	-506.02	72.37	28.94	0.19023	0.0077755	0	0	0	991	71.6	31.22	550.67	32.571	31.15	0	101.1	5060.2	110205
87	"14:59:38"	622.0	0	3	20	1.22	549.8	32.55	0.08817	991	82.20	-506.02	72.45	28.95	0.21476	0.0073529	0	0	0	991	71.6	31.22	551.11	32.607	31.15	0	101.1	5060.2	110205
88	"14:59:40"	624.0	0	3	20	1.48	550.3	32.57	0.1069	991	82.20	-506.01	72.42	28.94	0.26107	0.0077535	0	0	0	991	71.6	31.22	551.37	32.593	31.15	0	101.1	5060.1	110205
89	"14:59:42"	626.0	0	3	20	1.34	550.7	32.58	0.09649	991	82.28	-506.01	72.49	28.94	0.23621	0.005952	0	0	0	991	71.6	31.22	551.83	32.623	31.15	0	101.1	5060.1	110205
90	"14:59:44"	628.0	0	3	20	1.25	551.2	32.60	0.09004	991	82.31	-506.02	72.48	28.93	0.21975	0.0066849	0	0	0	991	71.6	31.22	552.33	32.617	31.15	0	101.1	5060.2	110205
91	"14:59:46"	630.0	0	3	20	1.09	551.6	32.61	0.07844	991	82.41	-506.03	72.52	28.92	0.19143	0.0058531	0	0	0	991	71.6	31.22	553.00	32.635	31.15	0	101.1	5060.3	110205
92	"14:59:48"	632.0	0	3	20	1.15	552.1	32.62	0.08276	991	82.43	-506.01	72.58	28.93	0.2027	0.0048853	0	0	0	991	71.6	31.22	552.90	32.658	31.15	0	101.1	5060.1	110205
93	"14:59:50"	634.0	0	3	20	1.19	552.4	32.63	0.08604	991	82.40	-506.04	72.58	28.94	0.21054	0.0054415	0	0	0	991	71.6	31.22	553.32	32.662	31.15	0	101.1	5060.4	110205
94	"14:59:52"	636.0	0	3	20	1.02	552.8	32.64	0.07376	991	82.38	-506.01	72.58	28.94	0.18051	0.0046144	0	0	0	991	71.6	31.22	553.57	32.658	31.14	0	101.1	5060.1	110205
95	"14:59:54"	638.0	0	3	20	1.01	553.2	32.65	0.07288	991	82.40	-506.03	72.61	28.94	0.17805	0.0050917	0	0	0	991	71.6	31.22	554.29	32.671	31.14	0	101.1	5060.3	110205
96	"14:59:56"	640.0	0	3	20	1.02	553.6	32.66	0.07363	991	82.43	-506.01	72.65	28.94	0.18005	0.0048867	0	0	0	991	71.6	31.22	554.79	32.685	31.14	0	101.1	5060.1	110205
97	"14:59:58"	642.0	0	3	20	1.22	554.0	32.67	0.08833	991	82.47	-506.02	72.70	28.95	0.21566	0.0064272	0	0	0	991	71.6	31.22	555.04	32.706	31.14	0	101.1	5060.2	110205
98	"14:59:59"	642.5	0	4	89	1.12	550.0	32.67	0.08088	991	82.47	-506.02	72.69	28.95	0.21566	0.0064272	0.0015641	-0.77937	0	991	71.6	31.22	555.17	32.704	31.14	0	101.1	5060.2	110205
99	"15:01:39"	742.5	0	3	8	1.76	545.4	32.46	0.1269	991	82.00	-506.01	72.34	28.92	0.31509	-6.3851E-05	0	0	0	991	71.6	31.18	545.90	32.476	31.10	0	101.1	5060.1	110205
100	"15:01:41"	744.5	0	3	12	1.33	545.6	32.46	0.09629	991	82.14	-506.02	72.40	28.91	0.23717	0.0034039	0	0	0	991	71.6	31.18	546.29	32.501	31.10	0	101.1	5060.2	110205
101	"15:01:43"	746.5	0	3	16	1.25	545.8	32.47	0.09059	991	82.12	-506.02	72.40	28.91	0.22117	0.0066801	0	0	0	991	71.6	31.18	546.77	32.498	31.10	0	101.1	5060.2	110205
102	"15:01:45"	748.5	0	3	20	1.24	546.1	32.48	0.0895	991	82.13	-506.03	72.44	28.92	0.21808	0.0073709	0	0	0	991	71.6	31.18	547.21	32.517	31.10	0	101.1	5060.3	110205
103	"15:01:47"	750.5	0	3	20	1.18	546.5	32.49	0.08498	991	82.16	-506.02	72.49	28.92	0.20678	0.0074783	0	0	0	991	71.6	31.18	547.36	32.536	31.10	0	101.1	5060.2	110205
104	"15:01:49"	752.5	0	3	20	1.13	546.9	32.51	0.08168	991	82.15	-506.01	72.47	28.92	0.19945	0.005961	0	0	0	991	71.6	31.18	547.76	32.529	31.10	0	101.1	5060.1	110205
105	"15:01:51"	754.5	0	3	20	1.19	547.3	32.52	0.08579	991	82.18	-506.01	72.52	28.92	0.20993	0.0054834	0	0	0	991	71.6	31.17	548.45	32.549	31.10	0	101.1	5060.1	110205
106	"15:01:53"	756.5	0	3	20	1.2	547.7	32.53	0.08702	991	82.22	-506.02	72.57	28.93	0.2127	0.0059859	0	0	0	991	71.6	31.17	548.77	32.573	31.10	0	101.1	5060.2	110205
107	"15:01:55"	758.5	0	3	20	1.24	548.2	32.54	0.08938	991	82.28	-506.02	72.59	28.92	0.21789	0.0071569	0	0	0	991	71.6	31.17	549.29	32.580	31.10	0	101.1	5060.2	110205
108	"15:01:57"	760.5	0	3	20	1.27	548.6	32.56	0.09181	991	82.26	-506.04	72.63	28.93	0.22401	0.0069894	0	0	0	991	71.6	31.17	549.61	32.600	31.10	0	101.1	5060.4	110205
109	"15:01:59"	762.5	0	3	20	1.18	549.0	32.57	0.0851	991	82.26	-506.04	72.62	28.93	0.20775	0.0062744	0	0	0	991	71.6	31.17	550.03	32.593	31.10	0	101.1	5060.4	110205
110	"15:02:01"	764.5	0	3	20	1.11	549.4	32.58	0.08014	991	82.32	-506.02	72.68	28.93	0.19613	0.0050697	0	0	0	991	71.6	31.17	550.18	32.618	31.10	0	101.1	5060.2	110205
111	"15:02:03"	766.5	0	3	20	0.989	549.8	32.59	0.07146	991	82.37	-506.02	72.70	28.92	0.17517	0.0040244	0	0	0	991	71.6	31.17	550.63	32.625	31.10	0	101.1	5060.2	110205
112	"15:02:05"	768.5	0	3	20	0.997	550.1	32.60	0.07202	991	82.42	-506.01	72.73	28.92	0.17594	0.0050698	0	0	0	991	71.6	31.17	551.18	32.638	31.10	0	101.1	5060.1	110205
113	"15:02:07"	770.5	0	3	20	1.06	550.5	32.62	0.07631	991	82.47	-506.03	72.79	28.92	0.18584	0.0064253	0	0	0	991	71.6	31.17	551.67	32.667	31.10	0	101.1	5060.3	110205
114	"15:02:09"	772.5	0	3	20	1.22	550.9	32.63	0.08818	991	82.46	-506.03	72.77	28.92	0.21452	0.0078102	0	0	0	991	71.6	31.17	551.68	32.654	31.10	0	101.1	5060.3	110205
115	"15:02:11"	774.5	0	3	20	1.14	551.3	32.64	0.08218	991	82.53	-506.02	72.80	28.91	0.20062	0.0060108	0	0	0	991	71.6	31.17	552.20	32.664	31.09	0	101.1	5060.2	110205
116	"15:02:13"	776.5	0	3	20	1.02	551.7	32.65	0.07369	991	82.54	-506.03	72.84	28.92	0.18029	0.0046946	0	0	0	991	71.6	31.17	552.69	32.679	31.09	0	101.1	5060.3	110205
117	"15:02:15"	778.5	0	3	20	1.01	552.1	32.66	0.0731	991	82.62	-506.03	72.86	28.90	0.17933	0.0038056	0	0	0	991	71.6	31.17	553.04	32.687	31.09	0	101.1	5060.3	110205
118	"15:02:17"	780.5	0	3	20	1.1	552.5	32.67	0.07962	991	82.59	-506.02	72.90	28.92	0.1955	0.0038443	0	0	0	991	71.6	31.17	553.73	32.700	31.09	0	101.1	5060.2	110205
119	"15:02:19"	782.5	0	3	20	1.32	552.8	32.68	0.09518	991	82.62	-506.03	72.94	28.92	0.23328	0.0053439	0	0	0	991	71.6	31.16	553.91	32.720	31.09	0	101.1	5060.3	110205
120	"15:02:21"	784.5	0	3	20	1.35	553.3	32.69	0.09746	991	82.64	-506.02	72.96	28.92	0.23838	0.0063348	0	0	0	991	71.6	31.16	554.62	32.728	31.09	0	101.1	5060.2	110205
121	"15:02:23"	786.5	0	3	20	1.33	553.8	32.71	0.09583	991	82.69	-506.03	72.98	28.91	0.23382	0.0072099	0	0	0	991	71.6	31.16	554.92	32.734	31.09	0	101.1	5060.3	110205
122	"15:02:24"	788.0	0	4	91	1.18	550.0	32.71	0.08503	991	82.70	-506.02	72.99	28.91	0.2246	0.0074692	-0.00099782	0.63384	0	991	71.6	31.16	555.23	32.737	31.09	0	101.1	5060.2	110205
123	"15:11:31"	1334.5	0	3	8	1.13	545.7	31.62	0.08168	991	82.08	-506.03	72.68	28.45	0.202	0.00091866	0	0	0	991	71.6	30.64	546.24	31.626	30.56	0	101.1	5060.3	110205
124	"15:11:33"	1336.5	0	3	12	1.23	545.9	31.63	0.08911	991	82.18	-506.01	72.75	28.44	0.21669	0.0075342	0	0	0	991	71.6	30.64	546.92	31.649	30.55	0	101.1	5060.1	110205
125	"15:11:35"	1338.5	0	3	16	1.27	546.1	31.63	0.09199	991	82.16	-506.03	72.75	28.44	0.22434	0.0066239	0	0	0	991	71.6	30.64	546.90	31.650	30.55	0	101.1	5060.3	110205
126	"15:11:37"	1340.5	0	3	20	1.19	546.3	31.64	0.08566	991	82.31	-506.03	72.85	28.44	0.20845	0.0069785	0	0	0	991	71.6	30.63	547.32	31.695	30.55	0	101.1	5060.3	110205
127	"15:11:39"	1342.5	0	3	20	1.26	546.8	31.66	0.09138	991	82.30	-506.03	72.91	28.45	0.22136	0.0091992	0	0	0	991	71.6	30.63	547.72	31.713	30.55	0	101.1	5060.3	110205
128	"15:11:41"	1344.5	0	3	20	1.13	547.2	31.67	0.08165	991	82.35	-506.03	72.91	28.44	0.19769	0.0084186	0	0	0	991	71.6	30.63	548.17	31.712	30.55	0	101.1	5060.3	110205
129	"15:11:43"	1346.5	0	3	20	1.16	547.6	31.69	0.08377	991	82.36	-506.03	72.98	28.45	0.2025	0.0091822	0	0	0	991	71.6	30.63	548.95	31.742	30.55	0	101.1	5060.3	110205
130	"15:11:45"	1348.5	0	3	20	1.26	548.0	31.71	0.09108	991	82.42	-506.02	73.02	28.45	0.22042	0.0095598	0	0	0	991	71.6	30.63	549.19	31.754	30.54	0	101.1	5060.2	110205
131	"15:11:47"	1350.5	0	3	20	1.26	548.5	31.73	0.09106	991	82.49	-506.03	73.04	28.44	0.22102	0.008375	0	0	0	991	71.6	30.63	549.68	31.766	30.55	0	101.1	5060.3	110205
132	"15:11:49"	1352.5	0	3	20	1.27	548.9	31.74	0.09179	991	82.59	-506.02	73.11	28.43	0.22244	0.0090301	0	0	0	991	71.6	30.62	549.92	31.786	30.54	0	101.1	5060.2	110205
133	"15:11:51"	1354.5	0	3	20	1.28	549.3	31.76	0.09283	991	82.56	-506.02	73.11	28.43	0.22584	0.0075936	0	0	0	991	71.6	30.62	550.28	31.784	30.54	0	101.1	5060.2	110205
134	"15:11:53"	1356.5	0	3	20	1.25	549.8	31.77	0.09019	991	82.64	-506.04	73.18	28.43	0.2206	0.0052848	0	0	0	991	71.6	30.62	551.14	31.814	30.54	0	101.1	5060.4	110205
135	"15:11:55"	1358.5	0	3	20	1.32	550.2	31.79	0.09527	991	82.69	-506.04	73.21	28.43	0.2329	0.0058062	0	0	0	991	71.6	30.62	551.21	31.823	30.54	0	101.1	5060.4	110205
136	"15:11:57"	1360.5	0	3	20	1.24	550.6	31.80	0.08929	991	82.78	-506.02	73.28	28.42	0.21805	0.0058211	0	0	0	991	71.6	30.62	551.54	31.850	30.53	0	101.1	5060.2	110205
137	"15:11:59"	1362.5	0	3	20	1.12	551.1	31.81	0.08128	991	82.80	-506.03	73.26	28.41	0.19684	0.008202	0	0	0	991	71.6	30.61	552.17	31.839	30.53	0	101.1	5060.3	110205
138	"15:12:01"	1364.5	0	3	20	1.13	551.5	31.83	0.08197	991	82.91	-506.00	73.33	28.40	0.19863	0.008038	0	0	0	991	71.6	30.61	552.47	31.862	30.53	0	101.1	5060.0	110205
139	"15:12:03"	1366.5	0	3	20	1.02	551.9	31.84	0.07349	991	82.95	-506.03	73.38	28.40	0.17849	0.0064991	0	0	0	991	71.6	30.61	552.96	31.884	30.53	0	101.1	5060.3	110205
140	"15:12:05"	1368.5	0	3	20	1.19	552.2	31.85	0.08581	991	82.99	-506.03	73.41	28.40	0.20913	0.0063414	0	0	0	991	71.6	30.61	553.33	31.897	30.53	0	101.1	5060.3	110205
141	"15:12:07"	1370.5	0	3	20	1.18	552.7	31.87	0.08556	991	83.00	-506.03	73.45	28.41	0.20862	0.0061253	0	0	0	991	71.6	30.61	553.38	31.910	30.53	0	101.1	5060.3	110205
142	"15:12:09"	1372.5	0	3	20	1.13	553.0	31.88	0.08131	991	82.97	-506.02	73.47	28.42	0.19761	0.0069462	0	0	0	991	71.6	30.61	554.63	31.914	30.52	0	101.1	5060.2	110205
143	"15:12:11"	1374.5	0	3	20	1.25	553.5	31.89	0.09007	991	83.03	-506.03	73.55	28.42	0.21966	0.0063656	0	0	0	991	71.6	30.60	554.68	31.945	30.52	0	101.1	5060.3	110205
144	"15:12:13"	1376.5	0	3	20	1.18	553.9	31.91	0.08519	991	83.05	-506.02	73.54	28.41	0.20736	0.0067234	0	0	0	991	71.6	30.60	554.98	31.939	30.52	0	101.1	5060.2	110205
145	"15:12:14"	1377.5	0	4	86	1.2	550.0	31.91	0.08648	991	83.04	-506.03	73.57	28.42	0.20796	0.0068522	-0.00052117	0.37312	0	991	71.6	30.60	555.23	31.947	30.52	0	101.1	5060.3	110205
146	"15:13:46"	1470.0	0	3	8	1.48	545.6	31.70	0.1068	991	82.89	-506.02	73.42	28.32	0.26045	0.0073678	0	0	0	991	71.6	30.51	546.15	31.715	30.43	0	101.1	5060.2	110205
147	"15:13:48"	1472.0	0	3	12	1.46	545.8	31.71	0.1053	991	82.96	-506.03	73.52	28.33	0.25622	0.0084838	0	0	0	991	71.6	30.50	546.74	31.751	30.42	0	101.1	5060.3	110205
148	"15:13:50"	1474.0	0	3	16	1.33	546.1	31.72	0.09615	991	82.89	-506.02	73.51	28.34	0.234	0.0076685	0	0	0	991	71.6	30.50	546.74	31.741	30.42	0	101.1	5060.2	110205
149	"15:13:52"	1476.0	0	3	20	1.2	546.2	31.72	0.08645	991	82.94	-506.01	73.53	28.33	0.21075	0.0062557	0	0	0	991	71.6	30.50	547.26	31.746	30.42	0	101.1	5060.1	110205
150	"15:13:54"	1478.0	0	3	20	1.07	546.7	31.74	0.07702	991	82.98	-506.04	73.58	28.33	0.18801	0.0051105	0	0	0	991	71.6	30.50	547.63	31.767	30.42	0	101.1	5060.4	110205
151	"15:13:56"	1480.0	0	3	20	1.22	547.1	31.75	0.08781	991	83.00	-506.02	73.59	28.33	0.21517	0.0043822	0	0	0	991	71.6	30.49	548.36	31.766	30.41	0	101.1	5060.2	110205
152	"15:13:58"	1482.0	0	3	20	1.2	547.5	31.75	0.08663	991	83.03	-506.03	73.64	28.33	0.21242	0.0040918	0	0	0	991	71.6	30.49	548.53	31.783	30.41	0	101.1	5060.3	110205
153	"15:14:00"	1484.0	0	3	20	1.18	547.9	31.76	0.08498	991	83.06	-506.02	73.66	28.33	0.20782	0.0049914	0	0	0	991	71.6	30.49	548.74	31.786	30.41	0	101.1	5060.2	110205
154	"15:14:02"	1486.0	0	3	20	1.09	548.3	31.77	0.07902	991	83.12	-506.02	73.70	28.32	0.19353	0.0041275	0	0	0	991	71.6	30.49	549.61	31.803	30.41	0	101.1	5060.2	110205
155	"15:14:04"	1488.0	0	3	20	1.06	548.7	31.78	0.07681	991	83.23	-506.02	73.74	28.31	0.18747	0.0051288	0	0	0	991	71.6	30.49	549.89	31.816	30.41	0	101.1	5060.2	110205
156	"15:14:06"	1490.0	0	3	20	1.23	549.1	31.79	0.08914	991	83.22	-506.02	73.76	28.31	0.21769	0.0057072	0	0	0	991	71.6	30.48	550.26	31.818	30.40	0	101.1	5060.2	110205
157	"15:14:08"	1492.0	0	3	20	1.23	549.5	31.80	0.08859	991	83.26	-506.02	73.82	28.32	0.21636	0.0056403	0	0	0	991	71.6	30.48	550.52	31.845	30.40	0	101.1	5060.2	110205
158	"15:14:10"	1494.0	0	3	20	1.07	549.9	31.81	0.07702	991	83.16	-506.03	73.77	28.32	0.18769	0.0056367	0	0	0	991	71.6	30.48	550.77	31.820	30.40	0	101.1	5060.3	110205
159	"15:14:12"	1496.0	0	3	20	0.971	550.3	31.82	0.07012	991	83.24	-506.03	73.83	28.32	0.17163	0.0038356	0	0	0	991	71.6	30.48	551.24	31.843	30.40	0	101.1	5060.3	110205
160	"15:14:14"	1498.0	0	3	20	0.968	550.6	31.83	0.06996	991	83.30	-506.03	73.88	28.32	0.1705	0.0051146	0	0	0	991	71.6	30.48	551.45	31.863	30.40	0	101.1	5060.3	110205
161	"15:14:16"	1500.0	0	3	20	1.12	551.0	31.84	0.08076	991	83.35	-506.04	73.87	28.31	0.19733	0.0049606	0	0	0	991	71.6	30.48	552.21	31.858	30.40	0	101.1	5060.4	110205
162	"15:14:18"	1502.0	0	3	20	1.16	551.4	31.85	0.08406	991	83.41	-506.04	73.96	28.31	0.20533	0.0052895	0	0	0	991	71.6	30.48	552.56	31.892	30.40	0	101.1	5060.4	110205
163	"15:14:20"	1504.0	0	3	20	1.15	551.8	31.86	0.083	991	83.38	-506.03	73.96	28.32	0.2022	0.0061481	0	0	0	991	71.6	30.48	552.79	31.884	30.39	0	101.1	5060.3	110205
164	"15:14:22"	1506.0	0	3	20	1.19	552.2	31.87	0.08565	991	83.41	-506.01	73.97	28.31	0.20978	0.0043824	0	0	0	991	71.6	30.47	553.25	31.890	30.39	0	101.1	5060.1	110205
165	"15:14:24"	1508.0	0	3	20	1.01	552.6	31.88	0.07268	991	83.40	-506.04	73.97	28.31	0.17846	0.0029072	0	0	0	991	71.6	30.47	553.84	31.884	30.39	0	101.1	5060.4	110205
166	"15:14:26"	1510.0	0	3	20	1.24	553.0	31.88	0.08961	991	83.45	-506.02	74.04	28.31	0.22143	0.0011768	0	0	0	991	71.6	30.47	554.31	31.910	30.39	0	101.1	5060.2	110205
167	"15:14:28"	1512.0	0	3	20	1.3	553.5	31.89	0.09397	991	83.47	-506.02	74.04	28.31	0.2315	0.002435	0	0	0	991	71.6	30.47	554.37	31.909	30.39	0	101.1	5060.2	110205
168	"15:14:30"	1514.0	0	3	20	1.14	553.9	31.90	0.08241	991	83.57	-506.03	74.09	28.30	0.20218	0.0035767	0	0	0	991	71.6	30.46	554.87	31.925	30.38	0	101.1	5060.3	110205
169	"15:14:31"	1515.0	0	4	90	1.16	550.0	31.90	0.08374	991	83.64	-506.02	74.10	28.29	0.19711	0.0039902	-0.0011931	0.73995	0	991	71.6	30.46	555.33	31.929	30.38	0	101.1	5060.2	110205
170	"15:16:16"	1619.5	0	3	8	1.4	545.6	31.67	0.101	991	83.31	-506.03	73.89	28.21	0.24885	0.0023443	0	0	0	991	71.6	30.36	545.96	31.662	30.29	0	101.1	5060.3	110205
171	"15:16:18"	1621.5	0	3	12	1.06	545.8	31.67	0.07644	991	83.37	-506.03	73.92	28.20	0.18891	0.00080551	0	0	0	991	71.6	30.36	546.33	31.671	30.29	0	101.1	5060.3	110205
172	"15:16:20"	1623.5	0	3	16	1.19	546.0	31.67	0.0863	991	83.42	-506.03	73.98	28.21	0.21292	0.0015486	0	0	0	991	71.6	30.36	546.78	31.696	30.29	0	101.1	5060.3	110205
173	"15:16:22"	1625.5	0	3	20	1.16	546.2	31.67	0.08356	991	83.44	-506.04	74.02	28.21	0.20495	0.0036844	0	0	0	991	71.6	30.36	547.13	31.716	30.29	0	101.1	5060.4	110205
174	"15:16:24"	1627.5	0	3	20	1.11	546.6	31.68	0.08017	991	83.44	-506.03	74.00	28.20	0.19544	0.0056447	0	0	0	991	71.6	30.36	547.46	31.701	30.28	0	101.1	5060.3	110205
175	"15:16:26"	1629.5	0	3	20	1.22	547.0	31.69	0.08843	991	83.52	-506.03	74.07	28.20	0.21593	0.0055517	0	0	0	991	71.6	30.35	548.28	31.729	30.28	0	101.1	5060.3	110205
176	"15:16:28"	1631.5	0	3	20	1.17	547.4	31.70	0.08439	991	83.55	-506.02	74.11	28.20	0.20592	0.0055926	0	0	0	991	71.6	30.35	548.50	31.742	30.28	0	101.1	5060.2	110205
177	"15:16:30"	1633.5	0	3	20	1.17	547.8	31.72	0.08428	991	83.45	-506.03	74.05	28.21	0.20614	0.0047032	0	0	0	991	71.6	30.35	548.66	31.714	30.28	0	101.1	5060.3	110205
178	"15:16:32"	1635.5	0	3	20	1.06	548.2	31.72	0.07659	991	83.53	-506.02	74.13	28.21	0.18776	0.0035249	0	0	0	991	71.6	30.35	549.35	31.745	30.28	0	101.1	5060.2	110205
179	"15:16:34"	1637.5	0	3	20	1.13	548.6	31.73	0.08155	991	83.59	-506.02	74.17	28.21	0.19924	0.0049518	0	0	0	991	71.6	30.35	549.89	31.762	30.28	0	101.1	5060.2	110205
180	"15:16:36"	1639.5	0	3	20	1.15	549.0	31.74	0.08338	991	83.57	-506.04	74.16	28.21	0.20479	0.0031578	0	0	0	991	71.6	30.35	549.85	31.758	30.28	0	101.1	5060.4	110205
181	"15:16:38"	1641.5	0	3	20	1.11	549.4	31.75	0.08022	991	83.57	-506.02	74.17	28.21	0.19715	0.0028237	0	0	0	991	71.6	30.35	550.24	31.758	30.27	0	101.1	5060.2	110205
182	"15:16:40"	1643.5	0	3	20	1.11	549.7	31.75	0.07994	991	83.65	-506.04	74.24	28.21	0.19562	0.0042764	0	0	0	991	71.6	30.35	550.53	31.788	30.27	0	101.1	5060.4	110205
183	"15:16:42"	1645.5	0	3	20	0.933	550.1	31.76	0.06738	991	83.65	-506.02	74.27	28.21	0.16476	0.0038323	0	0	0	991	71.6	30.34	551.39	31.795	30.27	0	101.1	5060.2	110205
184	"15:16:44"	1647.5	0	3	20	1.05	550.5	31.77	0.07585	991	83.63	-506.04	74.27	28.22	0.18503	0.0051059	0	0	0	991	71.6	30.34	551.38	31.794	30.27	0	101.1	5060.4	110205
185	"15:16:46"	1649.5	0	3	20	1.21	550.9	31.78	0.08773	991	83.73	-506.02	74.31	28.20	0.21431	0.005343	0	0	0	991	71.6	30.34	552.22	31.810	30.27	0	101.1	5060.2	110205
186	"15:16:48"	1651.5	0	3	20	1.26	551.3	31.79	0.09095	991	83.75	-506.03	74.33	28.20	0.22291	0.0042312	0	0	0	991	71.6	30.34	552.41	31.816	30.27	0	101.1	5060.3	110205
187	"15:16:50"	1653.5	0	3	20	1.28	551.7	31.80	0.0922	991	83.77	-506.03	74.36	28.20	0.22587	0.0044995	0	0	0	991	71.6	30.34	552.79	31.826	30.27	0	101.1	5060.3	110205
188	"15:16:52"	1655.5	0	3	20	1.1	552.2	31.81	0.07936	991	83.73	-506.02	74.33	28.21	0.19448	0.0037364	0	0	0	991	71.6	30.34	553.33	31.811	30.27	0	101.1	5060.2	110205
189	"15:16:54"	1657.5	0	3	20	1.06	552.6	31.81	0.07624	991	83.84	-506.03	74.39	28.19	0.18708	0.0031283	0	0	0	991	71.6	30.33	553.55	31.835	30.26	0	101.1	5060.3	110205
190	"15:16:56"	1659.5	0	3	20	1.01	552.9	31.82	0.07283	991	83.78	-506.03	74.36	28.20	0.17942	0.0017582	0	0	0	991	71.6	30.33	553.91	31.818	30.26	0	101.1	5060.3	110205
191	"15:16:58"	1661.5	0	3	20	1.13	553.3	31.83	0.08172	991	83.83	-506.03	74.40	28.20	0.20145	0.001768	0	0	0	991	71.6	30.33	554.15	31.834	30.26	0	101.1	5060.3	110205
192	"15:17:00"	1663.5	0	3	20	1.14	553.7	31.83	0.08256	991	83.88	-506.03	74.47	28.20	0.20253	0.0035137	0	0	0	991	71.6	30.33	554.79	31.860	30.26	0	101.1	5060.3	110205
193	"15:17:01"	1665.0	0	4	91	1.13	550.0	31.83	0.08129	991	83.92	-506.03	74.49	28.19	0.20934	0.0050596	-0.00018293	0.18191	0	991	71.6	30.33	555.01	31.863	30.26	0	101.1	5060.3	110205
194	"15:18:33"	1757.0	0	3	8	1.2	545.4	31.58	0.08693	991	83.49	-506.04	74.15	28.13	0.21017	0.0091292	0	0	0	991	71.6	30.26	545.70	31.582	30.18	0	101.1	5060.4	110205
195	"15:18:35"	1759.0	0	3	12	1.34	545.6	31.58	0.09655	991	83.54	-506.04	74.18	28.12	0.23662	0.0044537	0	0	0	991	71.6	30.26	546.12	31.593	30.18	0	101.1	5060.4	110205
196	"15:18:37"	1761.0	0	3	16	1.27	545.8	31.58	0.09162	991	83.54	-506.04	74.20	28.13	0.22378	0.005607	0	0	0	991	71.6	30.26	546.59	31.598	30.18	0	101.1	5060.4	110205
197	"15:18:39"	1763.0	0	3	20	1.19	546.0	31.59	0.08562	991	83.62	-506.03	74.24	28.12	0.20937	0.0047532	0	0	0	991	71.6	30.25	547.11	31.608	30.18	0	101.1	5060.3	110205
198	"15:18:41"	1765.0	0	3	20	1.17	546.4	31.60	0.0848	991	83.61	-506.04	74.23	28.11	0.20826	0.0031165	0	0	0	991	71.6	30.25	547.42	31.600	30.17	0	101.1	5060.4	110205
199	"15:18:43"	1767.0	0	3	20	1.12	546.8	31.60	0.08073	991	83.63	-506.04	74.27	28.12	0.19832	0.0028874	0	0	0	991	71.6	30.25	547.80	31.614	30.17	0	101.1	5060.4	110205
200	"15:18:45"	1769.0	0	3	20	1.17	547.3	31.61	0.08435	991	83.70	-506.03	74.32	28.11	0.2075	0.0025208	0	0	0	991	71.6	30.25	548.50	31.632	30.17	0	101.1	5060.3	110205
201	"15:18:47"	1771.0	0	3	20	1.26	547.7	31.62	0.09113	991	83.67	-506.04	74.34	28.12	0.22357	0.0037731	0	0	0	991	71.6	30.24	548.72	31.635	30.17	0	101.1	5060.4	110205
202	"15:18:49"	1773.0	0	3	20	1.25	548.1	31.62	0.0902	991	83.62	-506.03	74.34	28.13	0.22072	0.0047489	0	0	0	991	71.6	30.24	549.28	31.631	30.16	0	101.1	5060.3	110205
203	"15:18:51"	1775.0	0	3	20	1.21	548.5	31.63	0.08732	991	83.72	-506.03	74.37	28.11	0.21404	0.0039363	0	0	0	991	71.6	30.24	549.38	31.641	30.16	0	101.1	5060.3	110205
204	"15:18:53"	1777.0	0	3	20	0.981	548.9	31.64	0.07087	991	83.75	-506.01	74.40	28.11	0.17379	0.0030437	0	0	0	991	71.6	30.23	549.77	31.647	30.16	0	101.1	5060.1	110205
205	"15:18:55"	1779.0	0	3	20	0.883	549.3	31.64	0.06378	991	83.85	-506.03	74.45	28.10	0.15635	0.0028549	0	0	0	991	71.6	30.23	550.12	31.667	30.16	0	101.1	5060.3	110205
206	"15:18:57"	1781.0	0	3	20	0.954	549.6	31.65	0.06891	991	83.85	-506.04	74.48	28.11	0.16881	0.0032813	0	0	0	991	71.6	30.23	550.75	31.676	30.16	0	101.1	5060.4	110205
207	"15:18:59"	1783.0	0	3	20	1.03	550.0	31.66	0.07448	991	83.87	-506.04	74.50	28.11	0.18202	0.0043035	0	0	0	991	71.6	30.23	550.61	31.684	30.15	0	101.1	5060.4	110205
208	"15:19:01"	1785.0	0	3	20	1.08	550.3	31.67	0.07791	991	83.92	-506.03	74.53	28.10	0.19041	0.0044938	0	0	0	991	71.6	30.23	551.25	31.691	30.15	0	101.1	5060.3	110205
209	"15:19:03"	1787.0	0	3	20	1.04	550.7	31.67	0.07521	991	83.94	-506.02	74.54	28.10	0.18395	0.0040841	0	0	0	991	71.6	30.23	551.77	31.693	30.15	0	101.1	5060.2	110205
210	"15:19:05"	1789.0	0	3	20	1.11	551.1	31.68	0.07991	991	83.98	-506.04	74.60	28.10	0.19604	0.0032758	0	0	0	991	71.6	30.22	552.44	31.714	30.15	0	101.1	5060.4	110205
211	"15:19:07"	1791.0	0	3	20	1.24	551.5	31.69	0.08945	991	83.95	-506.04	74.59	28.10	0.21923	0.0040626	0	0	0	991	71.6	30.22	552.67	31.704	30.15	0	101.1	5060.4	110205
212	"15:19:09"	1793.0	0	3	20	1.3	551.9	31.70	0.09396	991	84.00	-506.04	74.64	28.10	0.23089	0.0032082	0	0	0	991	71.6	30.22	553.13	31.722	30.14	0	101.1	5060.4	110205
213	"15:19:11"	1795.0	0	3	20	1.21	552.4	31.71	0.08729	991	84.06	-506.04	74.66	28.09	0.21349	0.0047139	0	0	0	991	71.6	30.22	553.62	31.730	30.14	0	101.1	5060.4	110205
214	"15:19:13"	1797.0	0	3	20	1.2	552.8	31.71	0.08635	991	84.05	-506.04	74.67	28.09	0.21183	0.0035202	0	0	0	991	71.6	30.22	553.82	31.728	30.14	0	101.1	5060.4	110205
215	"15:19:15"	1799.0	0	3	20	1.1	553.2	31.72	0.07915	991	84.05	-506.04	74.70	28.10	0.19442	0.0027819	0	0	0	991	71.6	30.22	554.13	31.737	30.14	0	101.1	5060.4	110205
216	"15:19:17"	1801.0	0	3	20	1.18	553.6	31.73	0.08521	991	84.10	-506.02	74.72	28.09	0.209	0.0035474	0	0	0	991	71.6	30.21	554.73	31.743	30.14	0	101.1	5060.2	110205
217	"15:19:19"	1803.0	0	3	20	1.14	554.0	31.73	0.08234	991	84.13	-506.02	74.71	28.08	0.20227	0.0028817	0	0	0	991	71.6	30.21	554.95	31.739	30.14	0	101.1	5060.2	110205
218	"15:19:20"	1804.0	0	4	94	1.14	550.0	31.74	0.08263	991	84.13	-506.05	74.73	28.09	0.19958	0.002599	-0.00040684	0.30639	0	991	71.6	30.21	554.95	31.745	30.14	0	101.1	5060.5	110205
219	"15:21:05"	1909.5	0	3	8	1.32	545.6	31.44	0.0952	991	83.76	-506.04	74.47	28.00	0.23706	-0.0024244	0	0	0	991	71.6	30.11	545.97	31.445	30.03	0	101.1	5060.4	110205
220	"15:21:07"	1911.5	0	3	12	0.883	545.7	31.44	0.06377	991	83.76	-506.03	74.47	28.00	0.15826	-0.00064308	0	0	0	991	71.6	30.11	546.34	31.442	30.03	0	101.1	5060.3	110205
221	"15:21:09"	1913.5	0	3	16	0.995	545.9	31.44	0.07187	991	83.78	-506.04	74.50	28.00	0.17719	0.0013129	0	0	0	991	71.6	30.10	547.11	31.453	30.03	0	101.1	5060.4	110205
222	"15:21:11"	1915.5	0	3	20	1.16	546.2	31.45	0.08365	991	83.81	-506.03	74.54	28.00	0.20595	0.0020308	0	0	0	991	71.6	30.10	547.32	31.463	30.02	0	101.1	5060.3	110205
223	"15:21:13"	1917.5	0	3	20	1.27	546.6	31.45	0.09153	991	83.82	-506.01	74.57	28.00	0.22507	0.0027301	0	0	0	991	71.6	30.10	548.01	31.472	30.02	0	101.1	5060.1	110205
224	"15:21:15"	1919.5	0	3	20	1.42	547.0	31.46	0.1027	991	83.86	-506.03	74.57	27.99	0.25254	0.0032202	0	0	0	991	71.6	30.10	547.96	31.472	30.02	0	101.1	5060.3	110205
225	"15:21:17"	1921.5	0	3	20	1.19	547.5	31.46	0.08565	991	83.87	-506.03	74.62	28.00	0.21059	0.0026023	0	0	0	991	71.6	30.10	548.52	31.488	30.02	0	101.1	5060.3	110205
226	"15:21:19"	1923.5	0	3	20	0.913	547.9	31.47	0.06596	991	83.86	-506.03	74.62	28.00	0.16095	0.0041459	0	0	0	991	71.6	30.10	548.55	31.485	30.02	0	101.1	5060.3	110205
227	"15:21:21"	1925.5	0	3	20	0.904	548.2	31.48	0.06535	991	83.91	-506.03	74.67	28.00	0.15918	0.0046193	0	0	0	991	71.6	30.09	549.20	31.503	30.02	0	101.1	5060.3	110205
228	"15:21:23"	1927.5	0	3	20	0.982	548.6	31.49	0.07092	991	83.92	-506.03	74.69	28.00	0.17352	0.0036715	0	0	0	991	71.6	30.09	549.64	31.512	30.01	0	101.1	5060.3	110205
229	"15:21:25"	1929.5	0	3	20	1.16	548.9	31.49	0.08374	991	83.94	-506.02	74.72	28.00	0.2058	0.0026795	0	0	0	991	71.6	30.09	549.99	31.517	30.01	0	101.1	5060.2	110205
230	"15:21:27"	1931.5	0	3	20	1.14	549.3	31.50	0.08249	991	83.92	-506.04	74.69	28.00	0.20336	0.0015558	0	0	0	991	71.6	30.09	550.41	31.501	30.01	0	101.1	5060.4	110205
231	"15:21:29"	1933.5	0	3	20	1.19	549.8	31.50	0.08619	991	84.04	-506.03	74.74	27.98	0.21169	0.0029883	0	0	0	991	71.6	30.09	551.07	31.518	30.01	0	101.1	5060.3	110205
232	"15:21:31"	1935.5	0	3	20	1.24	550.2	31.51	0.08943	991	84.01	-506.02	74.76	27.99	0.21959	0.0031845	0	0	0	991	71.6	30.08	551.45	31.522	30.01	0	101.1	5060.2	110205
233	"15:21:33"	1937.5	0	3	20	1.25	550.6	31.51	0.09005	991	83.95	-506.04	74.75	28.00	0.22152	0.0025165	0	0	0	991	71.6	30.08	551.73	31.513	30.00	0	101.1	5060.4	110205
234	"15:21:35"	1939.5	0	3	20	1.21	551.0	31.52	0.08711	991	84.04	-506.03	74.82	27.99	0.21494	0.0012613	0	0	0	991	71.6	30.08	552.11	31.538	30.00	0	101.1	5060.3	110205
235	"15:21:37"	1941.5	0	3	20	1.12	551.5	31.52	0.08096	991	84.10	-506.03	74.84	27.98	0.19956	0.00153	0	0	0	991	71.6	30.08	552.44	31.537	30.00	0	101.1	5060.3	110205
236	"15:21:39"	1943.5	0	3	20	1.02	551.9	31.53	0.07347	991	84.12	-506.03	74.88	27.98	0.18052	0.0024164	0	0	0	991	71.6	30.07	552.99	31.551	29.99	0	101.1	5060.3	110205
237	"15:21:41"	1945.5	0	3	20	1.05	552.2	31.53	0.07591	991	84.17	-506.03	74.87	27.97	0.18578	0.0037297	0	0	0	991	71.6	30.07	552.86	31.545	29.99	0	101.1	5060.3	110205
238	"15:21:43"	1947.5	0	3	20	0.919	552.6	31.54	0.0664	991	84.21	-506.02	74.93	27.97	0.1623	0.0036268	0	0	0	991	71.6	30.07	553.65	31.563	29.99	0	101.1	5060.2	110205
239	"15:21:45"	1949.5	0	3	20	1.03	553.0	31.54	0.07423	991	84.22	-506.05	74.91	27.97	0.18213	0.0028416	0	0	0	991	71.6	30.07	553.94	31.555	29.99	0	101.1	5060.5	110205
240	"15:21:47"	1951.5	0	3	20	1.11	553.3	31.55	0.08013	991	84.25	-506.03	74.95	27.97	0.1966	0.0030801	0	0	0	991	71.6	30.06	554.44	31.569	29.99	0	101.1	5060.3	110205
241	"15:21:49"	1953.5	0	3	20	1.2	553.7	31.56	0.08676	991	84.26	-506.03	74.99	27.97	0.21309	0.0029702	0	0	0	991	71.6	30.06	554.84	31.581	29.98	0	101.1	5060.3	110205
242	"15:21:51"	1955.0	0	4	91	1.12	550.0	31.56	0.08064	991	84.28	-506.03	75.01	27.97	0.22164	0.0036125	-0.00026161	0.22453	0	991	71.6	30.06	555.10	31.587	29.98	0	101.1	5060.3	110205
