"OPEN 5.3.2"
"Sat Jun  1 2019 09:06:51"
"Unit="	"PSC-895"
"ComputeList="	"/User/Configs/Comps/Soil Efflux Eqns.LPL"
"BLCTable="	"/Sys/Lib/StdBLCTable"
"LightSource="	"Sun+Sky"	1	0.19
"LogFormat="	"/User/Configs/LogFormats/Soil Efflux Log Fmt"
"LogCodes="	-35	-21	-36	-104	310	311	320	302	303	306	304	321	322	323	324	300	301	330	331	305	307	308	-8	-2	-5	-9	-13	-11	-61	-23
"PromptList="	"/User/Configs/Prompts/Soil Efflux Prompts"
"Stability= (CO2S 15s SLP<1)(H2OS 15s SLP<1)(Flow 15s SLP<1)"
"09:06:52 "
$STARTOFDATA$
"Obs"	"HHMMSS"	"FTime"	"Plot#"	"Mode"	"Smpls"	"EFFLUX"	"C2avg"	"Wavg"	"dc'/dt"	"Vtot"	"RHcmbr%"	"Tsoil_C"	"RHirga%"	"Tsch_C"	"dC/dt"	"dW/dt"	"R(C)m"	"R(C)b"	"InsDpth"	"Vbase"	"Area"	"TBlk"	"CO2S"	"H2OS"	"Tair"	"PARo"	"Press"	"uc_21_mV"	"Status"
1	"09:10:36"	245.5	0	4	167	1.05	420.0	31.60	0.07598	991	77.10	-506.03	69.94	29.56	0.18895	0.013361	0.00012965	0.021527	0	991	71.6	31.22	428.27	31.662	31.26	0	101.1	5060.3	110205
2	"09:14:22"	471.5	0	4	165	1.05	420.0	33.34	0.07597	991	80.62	-506.04	73.67	29.70	0.15768	0.005873	0.00030784	-0.053322	0	991	71.6	31.22	428.15	33.374	31.27	0	101.1	5060.4	110205
3	"09:16:44"	614.0	0	3	8	0.566	412.5	33.74	0.0409	991	81.42	-506.04	74.56	29.73	0.098652	0.0073242	0	0	0	991	71.6	31.22	412.82	33.761	31.26	0	101.1	5060.4	110205
4	"09:16:46"	616.0	0	3	12	0.732	412.6	33.74	0.05289	991	81.40	-506.04	74.53	29.72	0.13002	0.003692	0	0	0	991	71.6	31.22	413.31	33.752	31.27	0	101.1	5060.4	110205
5	"09:16:48"	618.0	0	3	16	0.91	412.8	33.75	0.06577	991	81.49	-506.02	74.61	29.72	0.16127	0.0056013	0	0	0	991	71.6	31.22	413.46	33.783	31.26	0	101.1	5060.2	110205
6	"09:16:50"	620.0	0	3	20	0.978	413.0	33.75	0.07066	991	81.47	-506.03	74.60	29.72	0.17373	0.004944	0	0	0	991	71.6	31.22	414.05	33.776	31.26	0	101.1	5060.3	110205
7	"09:16:52"	622.0	0	3	20	1.1	413.3	33.76	0.07929	991	81.55	-506.04	74.67	29.72	0.19493	0.0055667	0	0	0	991	71.6	31.22	414.47	33.807	31.26	0	101.1	5060.4	110205
8	"09:16:54"	624.0	0	3	20	1.08	413.7	33.78	0.078	991	81.56	-506.03	74.70	29.73	0.19121	0.0067652	0	0	0	991	71.6	31.22	414.65	33.820	31.26	0	101.1	5060.3	110205
9	"09:16:56"	626.0	0	3	20	1.05	414.1	33.79	0.07581	991	81.57	-506.03	74.67	29.72	0.18557	0.0071842	0	0	0	991	71.6	31.22	414.89	33.812	31.26	0	101.1	5060.3	110205
10	"09:16:58"	628.0	0	3	20	1.03	414.5	33.80	0.07452	991	81.66	-506.04	74.74	29.72	0.18275	0.0062272	0	0	0	991	71.6	31.22	415.42	33.840	31.26	0	101.1	5060.4	110205
11	"09:17:00"	630.0	0	3	20	1.08	414.9	33.81	0.07808	991	81.64	-506.03	74.73	29.72	0.19196	0.0054123	0	0	0	991	71.6	31.22	415.82	33.835	31.26	0	101.1	5060.3	110205
12	"09:17:02"	632.0	0	3	20	1.03	415.2	33.83	0.07426	991	81.70	-506.03	74.80	29.72	0.183	0.0041394	0	0	0	991	71.6	31.22	415.95	33.864	31.26	0	101.1	5060.3	110205
13	"09:17:04"	634.0	0	3	20	0.922	415.5	33.84	0.0666	991	81.69	-506.04	74.79	29.72	0.16384	0.0044086	0	0	0	991	71.6	31.22	416.24	33.857	31.26	0	101.1	5060.4	110205
14	"09:17:06"	636.0	0	3	20	0.895	415.9	33.84	0.06464	991	81.72	-506.03	74.83	29.72	0.15838	0.0057234	0	0	0	991	71.6	31.22	416.78	33.876	31.26	0	101.1	5060.3	110205
15	"09:17:08"	638.0	0	3	20	0.906	416.2	33.86	0.06548	991	81.77	-506.04	74.86	29.72	0.16076	0.0050384	0	0	0	991	71.6	31.22	417.40	33.890	31.26	0	101.1	5060.4	110205
16	"09:17:10"	640.0	0	3	20	1.04	416.5	33.87	0.07523	991	81.84	-506.04	74.91	29.71	0.18486	0.0053914	0	0	0	991	71.6	31.22	417.47	33.910	31.26	0	101.1	5060.4	110205
17	"09:17:12"	642.0	0	3	20	1.08	416.9	33.88	0.0777	991	81.85	-506.04	74.95	29.72	0.19079	0.0059156	0	0	0	991	71.6	31.22	418.07	33.925	31.26	0	101.1	5060.4	110205
18	"09:17:14"	644.0	0	3	20	1.06	417.3	33.89	0.07676	991	81.86	-506.03	74.93	29.71	0.18795	0.0070885	0	0	0	991	71.6	31.22	418.25	33.920	31.26	0	101.1	5060.3	110205
19	"09:17:16"	646.0	0	3	20	1.02	417.7	33.90	0.07402	991	81.83	-506.04	74.92	29.72	0.18144	0.0063532	0	0	0	991	71.6	31.22	418.58	33.912	31.26	0	101.1	5060.4	110205
20	"09:17:18"	648.0	0	3	20	1.04	418.0	33.91	0.07487	991	81.91	-506.03	75.00	29.72	0.18475	0.0036018	0	0	0	991	71.6	31.22	419.33	33.947	31.26	0	101.1	5060.3	110205
21	"09:17:20"	650.0	0	3	20	1.11	418.4	33.92	0.08047	991	81.92	-506.03	75.00	29.72	0.19848	0.0040366	0	0	0	991	71.6	31.22	419.36	33.946	31.26	0	101.1	5060.3	110205
22	"09:17:22"	652.0	0	3	20	1.07	418.8	33.93	0.07753	991	81.94	-506.03	75.01	29.71	0.19121	0.0039166	0	0	0	991	71.6	31.22	419.85	33.951	31.26	0	101.1	5060.3	110205
23	"09:17:24"	654.0	0	3	20	1.07	419.2	33.94	0.07748	991	82.00	-506.03	75.05	29.71	0.19059	0.0050569	0	0	0	991	71.6	31.22	420.14	33.968	31.26	0	101.1	5060.3	110205
24	"09:17:26"	656.0	0	3	20	0.953	419.5	33.95	0.06886	991	82.02	-506.04	75.09	29.71	0.16883	0.0058007	0	0	0	991	71.6	31.22	420.45	33.987	31.26	0	101.1	5060.4	110205
25	"09:17:28"	658.0	0	3	20	0.89	419.9	33.96	0.06431	991	82.07	-506.04	75.12	29.71	0.15803	0.0045573	0	0	0	991	71.6	31.22	421.09	34.000	31.26	0	101.1	5060.4	110205
26	"09:17:30"	660.0	0	3	20	0.987	420.2	33.97	0.07128	991	82.02	-506.03	75.10	29.71	0.17483	0.0058527	0	0	0	991	71.6	31.22	421.37	33.987	31.25	0	101.1	5060.3	110205
27	"09:17:32"	662.0	0	3	20	1.02	420.6	33.98	0.07386	991	82.04	-506.03	75.12	29.71	0.18174	0.0047229	0	0	0	991	71.6	31.22	421.36	33.995	31.25	0	101.1	5060.3	110205
28	"09:17:34"	664.0	0	3	20	1.04	420.9	33.99	0.07523	991	82.09	-506.02	75.17	29.71	0.18551	0.003843	0	0	0	991	71.6	31.22	421.77	34.014	31.25	0	101.1	5060.2	110205
29	"09:17:36"	666.0	0	3	20	0.959	421.3	34.00	0.06932	991	82.12	-506.04	75.19	29.71	0.17109	0.0032306	0	0	0	991	71.6	31.22	422.10	34.024	31.25	0	101.1	5060.4	110205
30	"09:17:38"	668.0	0	3	20	0.945	421.7	34.01	0.06831	991	82.20	-506.03	75.22	29.70	0.16825	0.003916	0	0	0	991	71.6	31.22	422.49	34.039	31.25	0	101.1	5060.3	110205
31	"09:17:40"	670.0	0	3	20	1	422.0	34.02	0.0726	991	82.18	-506.04	75.23	29.71	0.17846	0.0049869	0	0	0	991	71.6	31.22	422.93	34.041	31.25	0	101.1	5060.4	110205
32	"09:17:42"	672.0	0	3	20	1.07	422.4	34.03	0.07707	991	82.21	-506.04	75.27	29.71	0.18962	0.0048954	0	0	0	991	71.6	31.22	423.24	34.056	31.25	0	101.1	5060.4	110205
33	"09:17:44"	674.0	0	3	20	0.998	422.5	34.03	0.07213	991	82.26	-506.03	75.29	29.70	0.17721	0.005205	0	0	0	991	71.6	31.22	424.00	34.065	31.25	0	101.1	5060.3	110205
34	"09:17:46"	676.0	0	3	20	1.17	423.0	34.04	0.08459	991	82.26	-506.04	75.31	29.71	0.20837	0.004822	0	0	0	991	71.6	31.22	424.16	34.075	31.25	0	101.1	5060.4	110205
35	"09:17:48"	678.0	0	3	20	1.07	423.4	34.05	0.07714	991	82.33	-506.03	75.38	29.71	0.1896	0.0053293	0	0	0	991	71.6	31.22	424.33	34.101	31.25	0	101.1	5060.3	110205
36	"09:17:50"	680.0	0	3	20	1.07	423.8	34.06	0.07735	991	82.32	-506.03	75.36	29.70	0.19012	0.0053262	0	0	0	991	71.6	31.22	424.79	34.090	31.25	0	101.1	5060.3	110205
37	"09:17:52"	682.0	0	3	20	1.02	424.2	34.08	0.07348	991	82.36	-506.04	75.40	29.70	0.18079	0.0046508	0	0	0	991	71.6	31.22	425.08	34.109	31.25	0	101.1	5060.4	110205
38	"09:17:54"	684.0	0	3	20	0.955	424.7	34.08	0.069	991	82.36	-506.03	75.38	29.70	0.16998	0.0039063	0	0	0	991	71.6	31.22	425.78	34.102	31.25	0	101.1	5060.3	110205
39	"09:17:56"	686.0	0	3	20	1.12	425.0	34.10	0.08103	991	82.45	-506.03	75.46	29.70	0.19979	0.0041236	0	0	0	991	71.6	31.22	425.86	34.132	31.25	0	101.1	5060.3	110205
40	"09:17:58"	688.0	0	3	20	1.06	425.4	34.10	0.07675	991	82.43	-506.02	75.44	29.70	0.1889	0.0046754	0	0	0	991	71.6	31.22	426.56	34.119	31.24	0	101.1	5060.2	110205
41	"09:18:00"	690.0	0	3	20	1.06	425.8	34.11	0.07663	991	82.46	-506.03	75.46	29.69	0.18891	0.0039745	0	0	0	991	71.6	31.22	426.47	34.129	31.24	0	101.1	5060.3	110205
42	"09:18:02"	692.0	0	3	20	0.989	426.1	34.12	0.07148	991	82.46	-506.04	75.46	29.69	0.17599	0.0042029	0	0	0	991	71.6	31.22	426.89	34.130	31.24	0	101.1	5060.4	110205
43	"09:18:04"	694.0	0	3	20	0.912	426.5	34.13	0.06589	991	82.52	-506.04	75.52	29.70	0.1626	0.0030453	0	0	0	991	71.6	31.22	427.76	34.156	31.24	0	101.1	5060.4	110205
44	"09:18:06"	696.0	0	3	20	1.07	426.8	34.13	0.07728	991	82.48	-506.04	75.48	29.70	0.19111	0.0026706	0	0	0	991	71.6	31.22	427.77	34.140	31.24	0	101.1	5060.4	110205
45	"09:18:07"	697.0	0	4	164	1.01	420.0	34.13	0.07327	991	82.53	-506.04	75.53	29.69	0.18707	0.0028409	0.0005257	-0.14752	0	991	71.6	31.22	428.09	34.160	31.24	0	101.1	5060.4	110205
46	"09:20:54"	863.5	0	3	8	1.5	412.6	34.08	0.1086	991	83.21	-506.04	75.74	29.52	0.26648	0.0084554	0	0	0	991	71.6	31.22	413.21	34.093	31.16	0	101.1	5060.4	110205
47	"09:20:56"	865.5	0	3	12	1.31	412.8	34.09	0.09473	991	83.20	-506.03	75.73	29.51	0.23332	0.0052264	0	0	0	991	71.6	31.22	413.36	34.079	31.16	0	101.1	5060.3	110205
48	"09:20:58"	867.5	0	3	16	1.15	413.0	34.09	0.08305	991	83.22	-506.05	75.73	29.51	0.20536	0.0027017	0	0	0	991	71.6	31.22	413.79	34.084	31.16	0	101.1	5060.5	110205
49	"09:21:00"	869.5	0	3	20	1.14	413.2	34.09	0.08255	991	83.26	-506.04	75.78	29.51	0.20387	0.0032686	0	0	0	991	71.6	31.22	414.21	34.101	31.16	0	101.1	5060.4	110205
50	"09:21:02"	871.5	0	3	20	1.06	413.6	34.10	0.07643	991	83.38	-506.04	75.84	29.50	0.18915	0.0020802	0	0	0	991	71.6	31.22	414.65	34.125	31.15	0	101.1	5060.4	110205
51	"09:21:04"	873.5	0	3	20	1.04	414.0	34.10	0.07516	991	83.37	-506.04	75.82	29.50	0.18556	0.0030814	0	0	0	991	71.6	31.22	414.90	34.115	31.15	0	101.1	5060.4	110205
52	"09:21:06"	875.5	0	3	20	1.09	414.4	34.11	0.07889	991	83.40	-506.05	75.83	29.49	0.19437	0.0041644	0	0	0	991	71.6	31.22	415.12	34.118	31.15	0	101.1	5060.5	110205
53	"09:21:08"	877.5	0	3	20	1.01	414.7	34.12	0.07306	991	83.40	-506.03	75.86	29.49	0.18015	0.0035219	0	0	0	991	71.6	31.22	415.69	34.123	31.15	0	101.1	5060.3	110205
54	"09:21:10"	879.5	0	3	20	1.02	415.1	34.12	0.07372	991	83.46	-506.02	75.89	29.49	0.18187	0.0033071	0	0	0	991	71.6	31.22	415.99	34.136	31.15	0	101.1	5060.2	110205
55	"09:21:12"	881.5	0	3	20	0.955	415.4	34.13	0.06899	991	83.49	-506.03	75.90	29.48	0.17099	0.0012423	0	0	0	991	71.6	31.22	416.29	34.135	31.15	0	101.1	5060.3	110205
56	"09:21:14"	883.5	0	3	20	1	415.8	34.13	0.07234	991	83.42	-506.05	75.86	29.49	0.17917	0.0015869	0	0	0	991	71.6	31.22	416.90	34.119	31.15	0	101.1	5060.5	110205
57	"09:21:16"	885.5	0	3	20	1.06	416.1	34.13	0.07625	991	83.43	-506.03	75.89	29.49	0.18963	-9.2551E-05	0	0	0	991	71.6	31.22	416.90	34.127	31.14	0	101.1	5060.3	110205
58	"09:21:18"	887.5	0	3	20	0.991	416.5	34.13	0.07163	991	83.51	-506.04	75.92	29.48	0.17775	0.00079923	0	0	0	991	71.6	31.22	417.48	34.140	31.14	0	101.1	5060.4	110205
59	"09:21:20"	889.5	0	3	20	1.09	416.9	34.13	0.07895	991	83.56	-506.04	75.95	29.48	0.19581	0.0011162	0	0	0	991	71.6	31.22	418.10	34.151	31.14	0	101.1	5060.4	110205
60	"09:21:22"	891.5	0	3	20	1.12	417.3	34.14	0.08106	991	83.57	-506.04	75.95	29.47	0.20074	0.0018084	0	0	0	991	71.6	31.22	418.16	34.146	31.14	0	101.1	5060.4	110205
61	"09:21:24"	893.5	0	3	20	1.08	417.6	34.14	0.07829	991	83.58	-506.03	75.95	29.47	0.1931	0.0036066	0	0	0	991	71.6	31.22	418.53	34.145	31.14	0	101.1	5060.3	110205
62	"09:21:26"	895.5	0	3	20	1.11	418.0	34.14	0.08012	991	83.57	-506.04	75.96	29.47	0.19871	0.0011125	0	0	0	991	71.6	31.22	418.75	34.142	31.14	0	101.1	5060.4	110205
63	"09:21:28"	897.5	0	3	20	0.905	418.4	34.15	0.06541	991	83.60	-506.04	75.96	29.46	0.16222	0.00089218	0	0	0	991	71.6	31.21	419.09	34.140	31.13	0	101.1	5060.4	110205
64	"09:21:30"	899.5	0	3	20	0.81	418.7	34.15	0.05849	991	83.59	-506.04	75.98	29.47	0.14547	-0.0001177	0	0	0	991	71.6	31.22	419.53	34.144	31.13	0	101.1	5060.4	110205
65	"09:21:32"	901.5	0	3	20	0.945	419.0	34.15	0.06828	991	83.67	-506.04	76.02	29.46	0.17011	-0.00080685	0	0	0	991	71.6	31.22	419.96	34.160	31.13	0	101.1	5060.4	110205
66	"09:21:34"	903.5	0	3	20	0.971	419.4	34.15	0.07016	991	83.66	-506.04	76.04	29.46	0.17413	0.00071972	0	0	0	991	71.6	31.22	420.42	34.167	31.13	0	101.1	5060.4	110205
67	"09:21:36"	905.5	0	3	20	1.1	419.7	34.15	0.07964	991	83.65	-506.04	76.03	29.46	0.19737	0.0014562	0	0	0	991	71.6	31.22	420.74	34.161	31.13	0	101.1	5060.4	110205
68	"09:21:38"	907.5	0	3	20	1.17	420.1	34.15	0.08469	991	83.67	-506.04	76.04	29.46	0.20982	0.0017058	0	0	0	991	71.6	31.22	421.19	34.161	31.13	0	101.1	5060.4	110205
69	"09:21:40"	909.5	0	3	20	1.05	420.5	34.16	0.07621	991	83.76	-506.04	76.06	29.45	0.18842	0.0023561	0	0	0	991	71.6	31.22	421.33	34.173	31.13	0	101.1	5060.4	110205
70	"09:21:42"	911.5	0	3	20	1.07	420.9	34.16	0.07758	991	83.74	-506.04	76.04	29.44	0.19245	0.00096888	0	0	0	991	71.6	31.23	421.92	34.163	31.13	0	101.1	5060.4	110205
71	"09:21:44"	913.5	0	3	20	1.04	421.3	34.16	0.07505	991	83.78	-506.04	76.06	29.44	0.18629	0.00062244	0	0	0	991	71.6	31.22	422.20	34.165	31.12	0	101.1	5060.4	110205
72	"09:21:46"	915.5	0	3	20	1.04	421.7	34.16	0.07522	991	83.79	-506.04	76.05	29.43	0.18681	0.00039669	0	0	0	991	71.6	31.22	422.56	34.162	31.12	0	101.1	5060.4	110205
73	"09:21:48"	917.5	0	3	20	1.03	422.0	34.16	0.07439	991	83.77	-506.05	76.02	29.43	0.18489	9.5666E-05	0	0	0	991	71.6	31.22	422.94	34.145	31.12	0	101.1	5060.5	110205
74	"09:21:50"	919.5	0	3	20	0.954	422.4	34.16	0.06892	991	83.81	-506.03	76.05	29.43	0.17143	-0.00025844	0	0	0	991	71.6	31.22	423.20	34.157	31.12	0	101.1	5060.3	110205
75	"09:21:52"	921.5	0	3	20	0.982	422.7	34.16	0.07094	991	83.80	-506.04	76.05	29.43	0.17683	-0.0011216	0	0	0	991	71.6	31.22	423.96	34.151	31.12	0	101.1	5060.4	110205
76	"09:21:54"	923.5	0	3	20	1.01	423.1	34.16	0.07302	991	83.85	-506.04	76.09	29.42	0.18182	-0.00068675	0	0	0	991	71.6	31.22	423.79	34.163	31.12	0	101.1	5060.4	110205
77	"09:21:56"	925.5	0	3	20	0.943	423.4	34.16	0.0681	991	83.87	-506.03	76.11	29.42	0.16956	-0.00063627	0	0	0	991	71.6	31.22	424.35	34.171	31.11	0	101.1	5060.3	110205
78	"09:21:58"	927.5	0	3	20	0.92	423.8	34.16	0.06644	991	83.83	-506.04	76.09	29.42	0.16514	5.5609E-05	0	0	0	991	71.6	31.22	424.77	34.156	31.11	0	101.1	5060.4	110205
79	"09:22:00"	929.5	0	3	20	0.992	424.1	34.16	0.07167	991	83.88	-506.03	76.13	29.42	0.17748	0.0015673	0	0	0	991	71.6	31.22	425.13	34.171	31.11	0	101.1	5060.3	110205
80	"09:22:02"	931.5	0	3	20	1.13	424.5	34.16	0.08168	991	83.86	-506.03	76.08	29.41	0.20251	0.0011989	0	0	0	991	71.6	31.22	425.43	34.147	31.11	0	101.1	5060.3	110205
81	"09:22:04"	933.5	0	3	20	1.21	424.9	34.17	0.0871	991	83.93	-506.05	76.14	29.41	0.21584	0.0015518	0	0	0	991	71.6	31.23	425.74	34.174	31.11	0	101.1	5060.5	110205
82	"09:22:06"	935.5	0	3	20	1.01	425.3	34.17	0.07326	991	83.96	-506.03	76.16	29.41	0.18085	0.0028362	0	0	0	991	71.6	31.23	426.14	34.180	31.11	0	101.1	5060.3	110205
83	"09:22:08"	937.5	0	3	20	0.939	425.6	34.17	0.06784	991	83.95	-506.04	76.11	29.40	0.16847	0.00035388	0	0	0	991	71.6	31.22	426.66	34.162	31.11	0	101.1	5060.4	110205
84	"09:22:10"	939.5	0	3	20	0.891	426.0	34.17	0.06436	991	83.97	-506.04	76.12	29.40	0.15994	0.00010743	0	0	0	991	71.6	31.22	427.13	34.167	31.11	0	101.1	5060.4	110205
85	"09:22:12"	941.5	0	3	20	1.08	426.3	34.17	0.07777	991	83.99	-506.04	76.14	29.40	0.19393	-0.0013925	0	0	0	991	71.6	31.22	427.41	34.166	31.11	0	101.1	5060.4	110205
86	"09:22:14"	943.5	0	3	20	1.14	426.7	34.17	0.08205	991	84.06	-506.02	76.18	29.39	0.2047	-0.0017318	0	0	0	991	71.6	31.22	427.98	34.181	31.10	0	101.1	5060.2	110205
87	"09:22:16"	945.5	0	3	20	1.1	427.1	34.17	0.07973	991	84.03	-506.03	76.15	29.38	0.19758	0.0013493	0	0	0	991	71.6	31.22	427.98	34.161	31.10	0	101.1	5060.3	110205
88	"09:22:17"	946.5	0	4	166	1.04	420.0	34.17	0.07485	991	84.05	-506.03	76.17	29.38	0.19211	0.0014612	-0.00042627	0.25389	0	991	71.6	31.22	428.10	34.168	31.10	0	101.1	5060.3	110205
89	"09:24:40"	1089.5	0	3	8	1.14	412.4	33.80	0.08251	991	84.41	-506.03	75.72	29.12	0.20594	-0.0024251	0	0	0	991	71.6	31.22	412.63	33.798	31.01	0	101.1	5060.3	110205
90	"09:24:42"	1091.5	0	3	12	0.805	412.5	33.80	0.05816	991	84.44	-506.04	75.73	29.11	0.14591	-0.003476	0	0	0	991	71.6	31.22	413.14	33.801	31.01	0	101.1	5060.4	110205
91	"09:24:44"	1093.5	0	3	16	0.795	412.7	33.80	0.05746	991	84.49	-506.04	75.76	29.11	0.14362	-0.002206	0	0	0	991	71.6	31.22	413.27	33.812	31.01	0	101.1	5060.4	110205
92	"09:24:46"	1095.5	0	3	20	0.922	412.9	33.80	0.06659	991	84.44	-506.06	75.69	29.11	0.1658	-0.0010279	0	0	0	991	71.6	31.22	413.75	33.784	31.01	0	101.1	5060.6	110205
93	"09:24:48"	1097.5	0	3	20	0.981	413.2	33.80	0.07088	991	84.51	-506.05	75.74	29.10	0.17635	-0.0008062	0	0	0	991	71.6	31.22	414.03	33.803	31.01	0	101.1	5060.5	110205
94	"09:24:50"	1099.5	0	3	20	1.11	413.5	33.80	0.08045	991	84.55	-506.05	75.74	29.09	0.19917	0.0014316	0	0	0	991	71.6	31.22	414.34	33.801	31.01	0	101.1	5060.5	110205
95	"09:24:52"	1101.5	0	3	20	0.983	413.9	33.80	0.07101	991	84.56	-506.04	75.76	29.09	0.17581	0.0012349	0	0	0	991	71.6	31.22	414.75	33.806	31.01	0	101.1	5060.4	110205
96	"09:24:54"	1103.5	0	3	20	0.958	414.3	33.80	0.06925	991	84.53	-506.05	75.72	29.09	0.1716	0.00080586	0	0	0	991	71.6	31.22	415.10	33.784	31.01	0	101.1	5060.5	110205
97	"09:24:56"	1105.5	0	3	20	1.05	414.6	33.80	0.07559	991	84.55	-506.03	75.72	29.08	0.18737	0.00073579	0	0	0	991	71.6	31.22	415.75	33.787	31.01	0	101.1	5060.3	110205
98	"09:24:58"	1107.5	0	3	20	1.16	415.0	33.80	0.08365	991	84.55	-506.05	75.74	29.09	0.20854	-0.0019173	0	0	0	991	71.6	31.23	415.84	33.794	31.01	0	101.1	5060.5	110205
99	"09:25:00"	1109.5	0	3	20	1.06	415.4	33.80	0.07671	991	84.58	-506.04	75.72	29.08	0.19065	-0.00037706	0	0	0	991	71.6	31.23	416.04	33.784	31.01	0	101.1	5060.4	110205
100	"09:25:02"	1111.5	0	3	20	0.859	415.7	33.80	0.06203	991	84.61	-506.05	75.77	29.08	0.15411	-0.00018592	0	0	0	991	71.6	31.23	416.83	33.805	31.00	0	101.1	5060.5	110205
101	"09:25:04"	1113.5	0	3	20	0.898	416.1	33.80	0.06489	991	84.64	-506.03	75.78	29.08	0.16054	0.0013852	0	0	0	991	71.6	31.23	417.01	33.810	31.00	0	101.1	5060.3	110205
102	"09:25:06"	1115.5	0	3	20	0.892	416.4	33.80	0.06445	991	84.61	-506.05	75.75	29.08	0.1597	0.00077844	0	0	0	991	71.6	31.23	417.41	33.793	31.00	0	101.1	5060.5	110205
103	"09:25:08"	1117.5	0	3	20	1.05	416.7	33.80	0.07564	991	84.65	-506.04	75.75	29.07	0.18848	-0.0015474	0	0	0	991	71.6	31.22	417.81	33.793	31.00	0	101.1	5060.4	110205
104	"09:25:10"	1119.5	0	3	20	1.03	417.1	33.80	0.07423	991	84.70	-506.05	75.77	29.06	0.18449	-0.00045078	0	0	0	991	71.6	31.23	418.03	33.803	31.00	0	101.1	5060.5	110205
105	"09:25:12"	1121.5	0	3	20	0.908	417.5	33.80	0.06562	991	84.70	-506.05	75.78	29.06	0.16297	-0.00012638	0	0	0	991	71.6	31.22	418.20	33.801	31.00	0	101.1	5060.5	110205
106	"09:25:14"	1123.5	0	3	20	0.913	417.8	33.80	0.06595	991	84.69	-506.05	75.75	29.06	0.16317	0.0013457	0	0	0	991	71.6	31.22	418.65	33.788	31.00	0	101.1	5060.5	110205
107	"09:25:16"	1125.5	0	3	20	0.944	418.1	33.80	0.06818	991	84.78	-506.04	75.83	29.05	0.16866	0.0014313	0	0	0	991	71.6	31.22	419.03	33.817	31.00	0	101.1	5060.4	110205
108	"09:25:18"	1127.5	0	3	20	0.972	418.5	33.80	0.07024	991	84.75	-506.04	75.81	29.05	0.17444	-0.00011127	0	0	0	991	71.6	31.22	419.32	33.806	31.00	0	101.1	5060.4	110205
109	"09:25:20"	1129.5	0	3	20	1.07	418.8	33.80	0.07724	991	84.75	-506.04	75.79	29.05	0.19229	-0.0012067	0	0	0	991	71.6	31.22	419.92	33.797	31.00	0	101.1	5060.4	110205
110	"09:25:22"	1131.5	0	3	20	1.15	419.2	33.80	0.08278	991	84.72	-506.05	75.74	29.05	0.20577	-0.00058984	0	0	0	991	71.6	31.22	420.09	33.774	31.00	0	101.1	5060.5	110205
111	"09:25:24"	1133.5	0	3	20	1.08	419.6	33.80	0.07769	991	84.80	-506.04	75.79	29.04	0.19303	-0.0003365	0	0	0	991	71.6	31.22	420.76	33.794	30.99	0	101.1	5060.4	110205
112	"09:25:26"	1135.5	0	3	20	1.07	420.0	33.80	0.07741	991	84.82	-506.04	75.79	29.03	0.19221	-6.0163E-05	0	0	0	991	71.6	31.22	420.86	33.795	30.99	0	101.1	5060.4	110205
113	"09:25:28"	1137.5	0	3	20	0.984	420.4	33.80	0.07109	991	84.87	-506.04	75.84	29.03	0.17625	0.00057619	0	0	0	991	71.6	31.22	421.26	33.812	30.99	0	101.1	5060.4	110205
114	"09:25:30"	1139.5	0	3	20	0.947	420.7	33.80	0.06845	991	84.90	-506.05	75.82	29.02	0.16936	0.0013215	0	0	0	991	71.6	31.22	421.65	33.804	30.99	0	101.1	5060.5	110205
115	"09:25:32"	1141.5	0	3	20	0.974	421.1	33.80	0.07036	991	84.90	-506.05	75.80	29.02	0.1743	0.00083367	0	0	0	991	71.6	31.22	422.05	33.791	30.99	0	101.1	5060.5	110205
116	"09:25:34"	1143.5	0	3	20	1.02	421.4	33.80	0.07367	991	84.96	-506.03	75.84	29.01	0.18311	-0.000509	0	0	0	991	71.6	31.22	422.37	33.807	30.99	0	101.1	5060.3	110205
117	"09:25:36"	1145.5	0	3	20	1.09	421.8	33.80	0.07901	991	84.92	-506.05	75.83	29.02	0.19598	0.00037749	0	0	0	991	71.6	31.22	422.70	33.802	30.99	0	101.1	5060.5	110205
118	"09:25:38"	1147.5	0	3	20	1	422.1	33.81	0.07251	991	85.00	-506.04	75.87	29.01	0.17956	0.00099932	0	0	0	991	71.6	31.22	423.18	33.815	30.99	0	101.1	5060.4	110205
119	"09:25:40"	1149.5	0	3	20	0.96	422.5	33.81	0.06935	991	84.95	-506.04	75.85	29.01	0.17144	0.0016408	0	0	0	991	71.6	31.22	423.39	33.803	30.98	0	101.1	5060.4	110205
120	"09:25:42"	1151.5	0	3	20	0.916	422.8	33.81	0.06617	991	84.99	-506.05	75.87	29.01	0.16345	0.0018364	0	0	0	991	71.6	31.22	423.94	33.811	30.98	0	101.1	5060.5	110205
121	"09:25:44"	1153.5	0	3	20	0.941	423.2	33.81	0.06799	991	85.01	-506.04	75.87	29.00	0.16895	-0.00036827	0	0	0	991	71.6	31.22	424.13	33.804	30.98	0	101.1	5060.4	110205
122	"09:25:46"	1155.5	0	3	20	1.01	423.5	33.81	0.07262	991	85.04	-506.04	75.88	29.00	0.18058	-0.00072657	0	0	0	991	71.6	31.22	424.45	33.808	30.98	0	101.1	5060.4	110205
123	"09:25:48"	1157.5	0	3	20	0.998	423.9	33.81	0.07211	991	85.05	-506.04	75.89	29.00	0.17921	-0.00047235	0	0	0	991	71.6	31.22	425.01	33.810	30.98	0	101.1	5060.4	110205
124	"09:25:50"	1159.5	0	3	20	0.96	424.2	33.81	0.06937	991	85.07	-506.04	75.88	28.99	0.1724	-0.00046301	0	0	0	991	71.6	31.22	425.30	33.802	30.98	0	101.1	5060.4	110205
125	"09:25:52"	1161.5	0	3	20	0.953	424.6	33.81	0.06885	991	85.14	-506.04	75.91	28.98	0.17069	0.00048663	0	0	0	991	71.6	31.22	425.52	33.821	30.98	0	101.1	5060.4	110205
126	"09:25:54"	1163.5	0	3	20	0.946	425.0	33.81	0.06837	991	85.09	-506.05	75.86	28.98	0.16985	-0.00030593	0	0	0	991	71.6	31.22	425.68	33.793	30.98	0	101.1	5060.5	110205
127	"09:25:56"	1165.5	0	3	20	0.848	425.3	33.80	0.06127	991	85.08	-506.05	75.85	28.98	0.15345	-0.0030875	0	0	0	991	71.6	31.22	426.17	33.785	30.98	0	101.1	5060.5	110205
128	"09:25:58"	1167.5	0	3	20	0.942	425.6	33.80	0.06808	991	85.11	-506.04	75.88	28.98	0.17077	-0.0040205	0	0	0	991	71.6	31.22	426.36	33.793	30.97	0	101.1	5060.4	110205
129	"09:26:00"	1169.5	0	3	20	0.926	426.0	33.79	0.06688	991	85.11	-506.03	75.87	28.97	0.16688	-0.0019814	0	0	0	991	71.6	31.22	427.02	33.787	30.97	0	101.1	5060.3	110205
130	"09:26:02"	1171.5	0	3	20	0.941	426.3	33.79	0.06798	991	85.13	-506.05	75.87	28.97	0.16901	-0.00061485	0	0	0	991	71.6	31.22	427.41	33.785	30.97	0	101.1	5060.5	110205
131	"09:26:04"	1173.5	0	3	20	1.09	426.7	33.79	0.07902	991	85.18	-506.04	75.90	28.96	0.19632	-0.00041828	0	0	0	991	71.6	31.22	427.48	33.793	30.97	0	101.1	5060.4	110205
132	"09:26:06"	1175.5	0	3	20	0.891	427.0	33.79	0.06436	991	85.16	-506.05	75.87	28.96	0.16055	-0.0018367	0	0	0	991	71.6	31.22	427.57	33.780	30.97	0	101.1	5060.5	110205
133	"09:26:07"	1177.0	0	4	175	0.977	420.0	33.78	0.07058	991	85.21	-506.05	75.89	28.95	0.15582	-0.0021548	7.877E-05	0.0375	0	991	71.6	31.22	428.07	33.792	30.97	0	101.1	5060.5	110205
134	"09:28:37"	1326.5	0	3	8	0.0399	412.3	33.37	0.002885	991	85.49	-506.05	75.23	28.68	0.0098862	-0.0064057	0	0	0	991	71.6	31.22	412.69	33.366	30.90	0	101.1	5060.5	110205
135	"09:28:39"	1328.5	0	3	12	0.733	412.5	33.37	0.05296	991	85.47	-506.05	75.20	28.68	0.13326	-0.0045336	0	0	0	991	71.6	31.22	412.93	33.354	30.90	0	101.1	5060.5	110205
136	"09:28:41"	1330.5	0	3	16	0.896	412.6	33.36	0.06474	991	85.52	-506.05	75.24	28.67	0.16175	-0.0028381	0	0	0	991	71.6	31.22	413.34	33.367	30.90	0	101.1	5060.5	110205
137	"09:28:43"	1332.5	0	3	20	0.865	412.8	33.36	0.06247	991	85.55	-506.04	75.25	28.67	0.15562	-0.0016802	0	0	0	991	71.6	31.22	413.81	33.367	30.90	0	101.1	5060.4	110205
138	"09:28:45"	1334.5	0	3	20	1.02	413.1	33.36	0.07368	991	85.54	-506.05	75.23	28.66	0.18318	-0.0011521	0	0	0	991	71.6	31.22	414.04	33.353	30.90	0	101.1	5060.5	110205
139	"09:28:47"	1336.5	0	3	20	1.04	413.5	33.36	0.07549	991	85.56	-506.04	75.25	28.66	0.18765	-0.0010966	0	0	0	991	71.6	31.22	414.53	33.363	30.89	0	101.1	5060.4	110205
140	"09:28:49"	1338.5	0	3	20	1.12	413.9	33.36	0.08102	991	85.55	-506.03	75.24	28.66	0.20128	-0.00092216	0	0	0	991	71.6	31.22	414.83	33.354	30.89	0	101.1	5060.3	110205
141	"09:28:51"	1340.5	0	3	20	1.06	414.2	33.36	0.07629	991	85.55	-506.05	75.22	28.66	0.18954	-0.0008677	0	0	0	991	71.6	31.22	414.93	33.346	30.89	0	101.1	5060.5	110205
142	"09:28:53"	1342.5	0	3	20	0.906	414.6	33.35	0.06549	991	85.59	-506.05	75.22	28.65	0.16241	-5.7645E-05	0	0	0	991	71.6	31.22	415.69	33.347	30.89	0	101.1	5060.5	110205
143	"09:28:55"	1344.5	0	3	20	0.904	415.0	33.35	0.06533	991	85.60	-506.05	75.24	28.65	0.16216	-0.00038536	0	0	0	991	71.6	31.22	415.80	33.358	30.89	0	101.1	5060.5	110205
144	"09:28:57"	1346.5	0	3	20	0.975	415.3	33.35	0.07046	991	85.64	-506.04	75.23	28.64	0.17472	-1.7163E-05	0	0	0	991	71.6	31.22	416.39	33.347	30.89	0	101.1	5060.4	110205
145	"09:28:59"	1348.5	0	3	20	1.12	415.6	33.35	0.081	991	85.64	-506.04	75.23	28.64	0.20077	0.00015351	0	0	0	991	71.6	31.22	416.84	33.349	30.89	0	101.1	5060.4	110205
146	"09:29:01"	1350.5	0	3	20	1.15	416.0	33.35	0.0829	991	85.63	-506.05	75.22	28.64	0.20571	-0.00040055	0	0	0	991	71.6	31.23	416.93	33.345	30.89	0	101.1	5060.5	110205
147	"09:29:03"	1352.5	0	3	20	0.968	416.4	33.35	0.06994	991	85.68	-506.05	75.24	28.63	0.17363	-0.00051675	0	0	0	991	71.6	31.23	416.96	33.352	30.89	0	101.1	5060.5	110205
148	"09:29:05"	1354.5	0	3	20	0.868	416.7	33.35	0.06274	991	85.71	-506.06	75.26	28.63	0.15549	0.00015614	0	0	0	991	71.6	31.23	417.42	33.360	30.89	0	101.1	5060.6	110205
149	"09:29:07"	1356.5	0	3	20	0.835	417.1	33.35	0.06034	991	85.69	-506.04	75.23	28.63	0.14924	0.0008202	0	0	0	991	71.6	31.22	417.99	33.345	30.89	0	101.1	5060.4	110205
150	"09:29:09"	1358.5	0	3	20	0.927	417.4	33.35	0.06699	991	85.68	-506.05	75.22	28.63	0.16575	0.00080077	0	0	0	991	71.6	31.23	418.63	33.337	30.89	0	101.1	5060.5	110205
151	"09:29:11"	1360.5	0	3	20	1.12	417.7	33.35	0.08095	991	85.71	-506.03	75.24	28.63	0.20046	0.00053218	0	0	0	991	71.6	31.22	418.45	33.348	30.89	0	101.1	5060.3	110205
152	"09:29:13"	1362.5	0	3	20	0.964	418.0	33.35	0.06965	991	85.72	-506.04	75.22	28.62	0.17283	-0.00034587	0	0	0	991	71.6	31.22	418.89	33.336	30.89	0	101.1	5060.4	110205
153	"09:29:15"	1364.5	0	3	20	0.866	418.4	33.35	0.06258	991	85.74	-506.04	75.25	28.62	0.15517	-6.4397E-05	0	0	0	991	71.6	31.22	419.40	33.344	30.89	0	101.1	5060.4	110205
154	"09:29:17"	1366.5	0	3	20	0.989	418.8	33.35	0.07144	991	85.77	-506.03	75.26	28.61	0.17701	0.00023852	0	0	0	991	71.6	31.22	419.83	33.349	30.89	0	101.1	5060.3	110205
155	"09:29:19"	1368.5	0	3	20	1.05	419.2	33.35	0.07551	991	85.80	-506.05	75.27	28.61	0.18733	-0.00026939	0	0	0	991	71.6	31.22	420.05	33.350	30.88	0	101.1	5060.5	110205
156	"09:29:21"	1370.5	0	3	20	1.1	419.5	33.35	0.07943	991	85.84	-506.04	75.29	28.60	0.19677	0.00032489	0	0	0	991	71.6	31.22	420.33	33.356	30.88	0	101.1	5060.4	110205
157	"09:29:23"	1372.5	0	3	20	0.896	419.8	33.35	0.06473	991	85.84	-506.04	75.29	28.60	0.16019	0.00066862	0	0	0	991	71.6	31.22	420.57	33.355	30.88	0	101.1	5060.4	110205
158	"09:29:25"	1374.5	0	3	20	0.781	420.2	33.35	0.05641	991	85.85	-506.05	75.28	28.60	0.1396	0.00054143	0	0	0	991	71.6	31.22	421.03	33.356	30.88	0	101.1	5060.5	110205
159	"09:29:27"	1376.5	0	3	20	0.919	420.5	33.36	0.06637	991	85.90	-506.05	75.30	28.59	0.16409	0.0010388	0	0	0	991	71.6	31.22	421.41	33.358	30.88	0	101.1	5060.5	110205
160	"09:29:29"	1378.5	0	3	20	1.05	420.8	33.36	0.07582	991	85.86	-506.04	75.26	28.59	0.18819	-0.00056002	0	0	0	991	71.6	31.22	421.69	33.337	30.88	0	101.1	5060.4	110205
161	"09:29:31"	1380.5	0	3	20	0.965	421.2	33.35	0.0697	991	85.92	-506.04	75.30	28.59	0.17365	-0.0019788	0	0	0	991	71.6	31.23	421.95	33.357	30.88	0	101.1	5060.4	110205
162	"09:29:33"	1382.5	0	3	20	1.03	421.5	33.35	0.07445	991	85.93	-506.04	75.29	28.58	0.18511	-0.0012489	0	0	0	991	71.6	31.23	422.64	33.352	30.88	0	101.1	5060.4	110205
163	"09:29:35"	1384.5	0	3	20	1.11	421.9	33.35	0.07994	991	85.96	-506.05	75.31	28.58	0.19855	-0.00087681	0	0	0	991	71.6	31.23	422.97	33.362	30.88	0	101.1	5060.5	110205
164	"09:29:37"	1386.5	0	3	20	1.12	422.3	33.35	0.08094	991	85.89	-506.03	75.26	28.58	0.20027	0.00084782	0	0	0	991	71.6	31.23	423.28	33.337	30.88	0	101.1	5060.3	110205
165	"09:29:39"	1388.5	0	3	20	1.07	422.7	33.35	0.07714	991	85.97	-506.05	75.30	28.58	0.19112	0.00024816	0	0	0	991	71.6	31.23	423.46	33.355	30.88	0	101.1	5060.5	110205
166	"09:29:41"	1390.5	0	3	20	0.883	423.0	33.35	0.06377	991	85.95	-506.05	75.26	28.57	0.15828	-0.00045129	0	0	0	991	71.6	31.23	423.92	33.339	30.88	0	101.1	5060.5	110205
167	"09:29:43"	1392.5	0	3	20	0.876	423.4	33.35	0.06327	991	85.97	-506.04	75.27	28.57	0.15688	-0.00013637	0	0	0	991	71.6	31.22	424.44	33.337	30.88	0	101.1	5060.4	110205
168	"09:29:45"	1394.5	0	3	20	1.03	423.7	33.35	0.07457	991	86.04	-506.04	75.34	28.57	0.18487	-3.5371E-05	0	0	0	991	71.6	31.22	424.59	33.369	30.88	0	101.1	5060.4	110205
169	"09:29:47"	1396.5	0	3	20	1.12	424.1	33.35	0.08124	991	86.01	-506.04	75.31	28.57	0.20021	0.0026501	0	0	0	991	71.6	31.22	425.02	33.354	30.88	0	101.1	5060.4	110205
170	"09:29:49"	1398.5	0	3	20	1.1	424.5	33.35	0.07958	991	86.02	-506.05	75.32	28.57	0.19674	0.001216	0	0	0	991	71.6	31.22	425.45	33.359	30.88	0	101.1	5060.5	110205
171	"09:29:51"	1400.5	0	3	20	0.976	424.8	33.36	0.07053	991	86.02	-506.05	75.29	28.56	0.17424	0.0013076	0	0	0	991	71.6	31.22	425.76	33.343	30.88	0	101.1	5060.5	110205
172	"09:29:53"	1402.5	0	3	20	0.896	425.2	33.36	0.06476	991	86.06	-506.04	75.31	28.56	0.16036	0.00040049	0	0	0	991	71.6	31.22	425.97	33.353	30.87	0	101.1	5060.4	110205
173	"09:29:55"	1404.5	0	3	20	0.91	425.5	33.36	0.06577	991	86.09	-506.06	75.33	28.55	0.16312	-0.0002246	0	0	0	991	71.6	31.23	426.45	33.359	30.87	0	101.1	5060.6	110205
174	"09:29:57"	1406.5	0	3	20	0.981	425.9	33.36	0.07091	991	86.06	-506.05	75.31	28.56	0.17567	0.00019235	0	0	0	991	71.6	31.22	426.75	33.348	30.87	0	101.1	5060.5	110205
175	"09:29:59"	1408.5	0	3	20	1.02	426.2	33.36	0.07383	991	86.07	-506.04	75.31	28.55	0.1834	-0.00090101	0	0	0	991	71.6	31.22	427.19	33.347	30.87	0	101.1	5060.4	110205
176	"09:30:01"	1410.5	0	3	20	1.03	426.6	33.35	0.07472	991	86.05	-506.04	75.30	28.55	0.186	-0.0017908	0	0	0	991	71.6	31.22	427.28	33.336	30.87	0	101.1	5060.4	110205
177	"09:30:03"	1412.5	0	3	20	1.03	426.9	33.35	0.07425	991	86.12	-506.02	75.33	28.54	0.18519	-0.0026392	0	0	0	991	71.6	31.22	427.88	33.349	30.87	0	101.1	5060.2	110205
178	"09:30:05"	1414.5	0	3	20	0.895	427.3	33.35	0.06465	991	86.17	-506.05	75.35	28.54	0.16056	-0.00071619	0	0	0	991	71.6	31.22	428.17	33.361	30.87	0	101.1	5060.5	110205
179	"09:30:05"	1415.0	0	4	177	0.971	420.0	33.35	0.07014	991	86.15	-506.04	75.34	28.54	0.16056	-0.00071619	0.00054017	-0.15673	0	991	71.6	31.22	428.30	33.354	30.87	0	101.1	5060.4	110205
