"OPEN 5.3.2"
"Fri May 31 2019 16:46:02"
"Unit="	"PSC-895"
"ComputeList="	"/User/Configs/Comps/Soil Efflux Eqns.LPL"
"BLCTable="	"/Sys/Lib/StdBLCTable"
"LightSource="	"Sun+Sky"	1	0.19
"LogFormat="	"/User/Configs/LogFormats/Soil Efflux Log Fmt"
"LogCodes="	-35	-21	-36	-104	310	311	320	302	303	306	304	321	322	323	324	300	301	330	331	305	307	308	-8	-2	-5	-9	-13	-11	-61	-23
"PromptList="	"/User/Configs/Prompts/Soil Efflux Prompts"
"Stability= (CO2S 15s SLP<1)(H2OS 15s SLP<1)(Flow 15s SLP<1)"
"16:46:03 "
$STARTOFDATA$
"Obs"	"HHMMSS"	"FTime"	"Plot#"	"Mode"	"Smpls"	"EFFLUX"	"C2avg"	"Wavg"	"dc'/dt"	"Vtot"	"RHcmbr%"	"Tsoil_C"	"RHirga%"	"Tsch_C"	"dC/dt"	"dW/dt"	"R(C)m"	"R(C)b"	"InsDpth"	"Vbase"	"Area"	"TBlk"	"CO2S"	"H2OS"	"Tair"	"PARo"	"Press"	"uc_21_mV"	"Status"
1	"16:57:18"	726.0	0	3	8	0.176	641.9	23.75	0.01268	991	73.27	-506.05	64.33	25.50	0.029572	0.0024037	0	0	0	991	71.6	27.78	642.23	23.752	27.71	0	101	5060.5	110205
2	"16:57:20"	728.0	0	3	12	0.415	642.0	23.76	0.03	991	73.40	-506.06	64.41	25.49	0.070071	0.00551	0	0	0	991	71.6	27.78	642.29	23.785	27.71	0	101	5060.6	110205
3	"16:57:22"	730.0	0	3	16	0.297	642.0	23.77	0.02144	991	73.39	-506.06	64.42	25.50	0.048192	0.006796	0	0	0	991	71.6	27.78	642.43	23.790	27.71	0	101	5060.6	110205
4	"16:57:24"	732.0	0	3	20	0.433	642.1	23.77	0.03126	991	73.42	-506.05	64.49	25.50	0.072599	0.006364	0	0	0	991	71.6	27.78	642.44	23.813	27.71	0	101	5060.5	110205
5	"16:57:26"	734.0	0	3	20	0.52	642.3	23.78	0.03758	991	73.40	-506.06	64.48	25.51	0.087956	0.0066389	0	0	0	991	71.6	27.78	642.86	23.812	27.71	0	101	5060.6	110205
6	"16:57:28"	736.0	0	3	20	0.494	642.4	23.80	0.0357	991	73.33	-506.06	64.44	25.51	0.084024	0.0055877	0	0	0	991	71.6	27.78	642.82	23.797	27.71	0	101	5060.6	110205
7	"16:57:30"	738.0	0	3	20	0.533	642.6	23.80	0.03852	991	73.39	-506.06	64.51	25.52	0.092592	0.0030917	0	0	0	991	71.6	27.78	643.05	23.821	27.71	0	101	5060.6	110205
8	"16:57:32"	740.0	0	3	20	0.388	642.8	23.81	0.028	991	73.50	-506.07	64.58	25.51	0.066418	0.0035912	0	0	0	991	71.6	27.78	643.21	23.848	27.71	0	101	5060.7	110205
9	"16:57:34"	742.0	0	3	20	0.469	642.9	23.82	0.03385	991	73.45	-506.05	64.54	25.51	0.080796	0.0035825	0	0	0	991	71.6	27.78	643.19	23.835	27.71	0	101	5060.5	110205
10	"16:57:36"	744.0	0	3	20	0.532	643.1	23.83	0.03843	991	73.50	-506.06	64.60	25.52	0.091615	0.0042453	0	0	0	991	71.6	27.78	643.75	23.857	27.71	0	101	5060.6	110205
11	"16:57:38"	746.0	0	3	20	0.514	643.3	23.84	0.03713	991	73.49	-506.07	64.62	25.53	0.087495	0.0056288	0	0	0	991	71.6	27.78	643.52	23.864	27.71	0	101	5060.7	110205
12	"16:57:40"	748.0	0	3	20	0.473	643.4	23.85	0.03414	991	73.50	-506.06	64.62	25.53	0.080432	0.0052304	0	0	0	991	71.6	27.78	643.94	23.867	27.71	0	101	5060.6	110205
13	"16:57:42"	750.0	0	3	20	0.413	643.6	23.86	0.02984	991	73.51	-506.05	64.65	25.53	0.07028	0.0045749	0	0	0	991	71.6	27.78	643.90	23.875	27.71	0	101	5060.5	110205
14	"16:57:44"	752.0	0	3	20	0.398	643.7	23.86	0.02878	991	73.62	-506.06	64.68	25.51	0.06782	0.004366	0	0	0	991	71.6	27.78	643.96	23.890	27.71	0	101	5060.6	110205
15	"16:57:46"	754.0	0	3	20	0.437	643.9	23.87	0.03155	991	73.65	-506.07	64.71	25.52	0.075277	0.0033603	0	0	0	991	71.6	27.78	644.05	23.901	27.71	0	101	5060.7	110205
16	"16:57:48"	756.0	0	3	20	0.401	644.0	23.88	0.02896	991	73.62	-506.06	64.73	25.53	0.068257	0.0043699	0	0	0	991	71.6	27.78	644.13	23.908	27.71	0	101	5060.6	110205
17	"16:57:50"	758.0	0	3	20	0.374	644.1	23.89	0.02702	991	73.65	-506.06	64.77	25.53	0.062241	0.0062579	0	0	0	991	71.6	27.78	644.42	23.925	27.71	0	101	5060.6	110205
18	"16:57:52"	760.0	0	3	20	0.503	644.3	23.90	0.03633	991	73.66	-506.08	64.79	25.53	0.085157	0.0062236	0	0	0	991	71.6	27.78	644.77	23.931	27.71	0	101	5060.8	110205
19	"16:57:54"	762.0	0	3	20	0.47	644.4	23.92	0.03398	991	73.67	-506.05	64.84	25.54	0.079334	0.0062709	0	0	0	991	71.6	27.78	644.93	23.948	27.71	0	101	5060.5	110205
20	"16:57:56"	764.0	0	3	20	0.502	644.6	23.93	0.03629	991	73.71	-506.06	64.83	25.53	0.085681	0.0052559	0	0	0	991	71.6	27.78	644.74	23.948	27.71	0	101	5060.6	110205
21	"16:57:58"	766.0	0	3	20	0.415	644.7	23.94	0.03001	991	73.81	-506.06	64.90	25.53	0.070544	0.0048072	0	0	0	991	71.6	27.78	645.22	23.974	27.71	0	101	5060.6	110205
22	"16:58:00"	768.0	0	3	20	0.491	644.9	23.95	0.03551	991	73.81	-506.06	64.89	25.53	0.083774	0.0052253	0	0	0	991	71.6	27.78	645.41	23.972	27.71	0	101	5060.6	110205
23	"16:58:02"	770.0	0	3	20	0.587	645.1	23.96	0.04238	991	73.85	-506.06	64.94	25.53	0.10084	0.0049434	0	0	0	991	71.6	27.79	645.30	23.988	27.71	0	101	5060.6	110205
24	"16:58:04"	772.0	0	3	20	0.547	645.2	23.97	0.03954	991	73.84	-506.06	64.92	25.53	0.093404	0.0056357	0	0	0	991	71.6	27.78	645.47	23.982	27.71	0	101	5060.6	110205
25	"16:58:06"	774.0	0	3	20	0.496	645.4	23.98	0.03583	991	73.84	-506.06	64.95	25.54	0.085398	0.0039597	0	0	0	991	71.6	27.79	645.91	23.991	27.71	0	101	5060.6	110205
26	"16:58:08"	776.0	0	3	20	0.442	645.6	23.99	0.03195	991	73.95	-506.06	65.03	25.53	0.0761	0.0035976	0	0	0	991	71.6	27.79	646.14	24.022	27.71	0	101	5060.6	110205
27	"16:58:10"	778.0	0	3	20	0.544	645.8	24.00	0.03927	991	73.92	-506.06	65.02	25.53	0.093386	0.0046867	0	0	0	991	71.6	27.79	646.28	24.017	27.71	0	101	5060.6	110205
28	"16:58:12"	780.0	0	3	20	0.547	645.9	24.00	0.03953	991	73.98	-506.07	65.04	25.53	0.094079	0.0045914	0	0	0	991	71.6	27.79	646.16	24.030	27.72	0	101	5060.7	110205
29	"16:58:14"	782.0	0	3	20	0.475	646.1	24.01	0.03432	991	74.03	-506.06	65.07	25.53	0.080788	0.005329	0	0	0	991	71.6	27.79	646.58	24.041	27.72	0	101	5060.6	110205
30	"16:58:16"	784.0	0	3	20	0.399	646.3	24.02	0.0288	991	74.01	-506.05	65.06	25.53	0.068188	0.0038606	0	0	0	991	71.6	27.79	646.63	24.037	27.72	0	101	5060.5	110205
31	"16:58:18"	786.0	0	3	20	0.34	646.4	24.03	0.02455	991	74.10	-506.06	65.14	25.53	0.057518	0.0042018	0	0	0	991	71.6	27.79	646.88	24.068	27.72	0	101	5060.6	110205
32	"16:58:20"	788.0	0	3	20	0.443	646.5	24.04	0.03198	991	74.08	-506.05	65.12	25.53	0.074895	0.0055275	0	0	0	991	71.6	27.79	646.89	24.058	27.72	0	101	5060.5	110205
33	"16:58:22"	790.0	0	3	20	0.491	646.7	24.05	0.03546	991	74.18	-506.07	65.19	25.52	0.083751	0.0050628	0	0	0	991	71.6	27.79	647.03	24.085	27.72	0	101	5060.7	110205
34	"16:58:24"	792.0	0	3	20	0.481	646.8	24.06	0.03475	991	74.16	-506.07	65.17	25.52	0.081969	0.00511	0	0	0	991	71.6	27.79	647.41	24.081	27.72	0	101	5060.7	110205
35	"16:58:26"	794.0	0	3	20	0.536	647.0	24.07	0.03875	991	74.09	-506.06	65.19	25.55	0.092468	0.0041114	0	0	0	991	71.6	27.79	647.26	24.089	27.72	0	101	5060.6	110205
36	"16:58:28"	796.0	0	3	20	0.334	647.1	24.08	0.02416	991	74.21	-506.06	65.23	25.53	0.056946	0.0036436	0	0	0	991	71.6	27.79	647.41	24.105	27.72	0	101	5060.6	110205
37	"16:58:30"	798.0	0	3	20	0.396	647.3	24.09	0.02858	991	74.28	-506.06	65.28	25.53	0.067105	0.004693	0	0	0	991	71.6	27.79	647.96	24.125	27.72	0	101	5060.6	110205
38	"16:58:32"	800.0	0	3	20	0.486	647.4	24.10	0.03508	991	74.24	-506.07	65.26	25.53	0.083297	0.004348	0	0	0	991	71.6	27.79	647.78	24.116	27.72	0	101	5060.7	110205
39	"16:58:34"	802.0	0	3	20	0.489	647.6	24.10	0.03535	991	74.28	-506.06	65.28	25.53	0.083489	0.0050401	0	0	0	991	71.6	27.79	647.88	24.128	27.72	0	101	5060.6	110205
40	"16:58:36"	804.0	0	3	20	0.548	647.7	24.11	0.03962	991	74.29	-506.07	65.30	25.54	0.094207	0.0047271	0	0	0	991	71.6	27.79	648.14	24.137	27.72	0	101	5060.7	110205
41	"16:58:38"	806.0	0	3	20	0.526	648.0	24.12	0.03797	991	74.35	-506.07	65.34	25.53	0.090693	0.0039081	0	0	0	991	71.6	27.79	648.39	24.154	27.73	0	101	5060.7	110205
42	"16:58:40"	808.0	0	3	20	0.49	648.1	24.13	0.03537	991	74.43	-506.05	65.38	25.52	0.083892	0.0045041	0	0	0	991	71.6	27.79	648.64	24.165	27.72	0	101	5060.5	110205
43	"16:58:42"	810.0	0	3	20	0.55	648.3	24.14	0.03972	991	74.36	-506.06	65.35	25.53	0.094411	0.0047678	0	0	0	991	71.6	27.79	648.66	24.156	27.72	0	101	5060.6	110205
44	"16:58:44"	812.0	0	3	20	0.49	648.4	24.15	0.03542	991	74.37	-506.07	65.41	25.54	0.083868	0.0047543	0	0	0	991	71.6	27.79	648.71	24.176	27.72	0	101	5060.7	110205
45	"16:58:46"	814.0	0	3	20	0.438	648.6	24.16	0.03161	991	74.44	-506.06	65.44	25.54	0.074451	0.0048292	0	0	0	991	71.6	27.79	648.83	24.188	27.72	0	101	5060.6	110205
46	"16:58:48"	816.0	0	3	20	0.496	648.8	24.17	0.03581	991	74.44	-506.06	65.46	25.54	0.0845	0.0052255	0	0	0	991	71.6	27.80	648.96	24.197	27.73	0	101	5060.6	110205
47	"16:58:50"	818.0	0	3	20	0.427	648.9	24.18	0.03087	991	74.44	-506.07	65.48	25.55	0.072114	0.0055928	0	0	0	991	71.6	27.80	649.41	24.208	27.73	0	101	5060.7	110205
48	"16:58:52"	820.0	0	3	20	0.513	649.1	24.19	0.03704	991	74.42	-506.06	65.47	25.55	0.087353	0.0054688	0	0	0	991	71.6	27.80	649.57	24.204	27.73	0	101	5060.6	110205
49	"16:58:54"	822.0	0	3	20	0.476	649.2	24.20	0.03437	991	74.44	-506.06	65.51	25.56	0.082128	0.003494	0	0	0	991	71.6	27.80	649.57	24.217	27.73	0	101	5060.6	110205
50	"16:58:56"	824.0	0	3	20	0.374	649.3	24.21	0.02706	991	74.46	-506.05	65.55	25.56	0.064884	0.0023891	0	0	0	991	71.6	27.80	649.67	24.231	27.73	0	101	5060.5	110205
51	"16:58:58"	826.0	0	4	200	0.473	650.0	24.21	0.03419	991	74.54	-506.07	65.60	25.56	0.068478	0.0028621	0.00030637	-0.16495	0	991	71.6	27.80	649.98	24.254	27.73	0	101	5060.7	110205
52	"17:09:01"	1429.0	0	3	8	-0.215	642.0	25.77	-0.01551	991	78.93	-506.05	69.78	25.62	-0.039391	0.0019487	0	0	0	991	71.6	27.78	642.14	25.775	27.71	0	101	5060.5	110205
53	"17:09:03"	1431.0	0	3	12	0.327	642.1	25.77	0.02365	991	78.89	-506.07	69.73	25.62	0.056673	0.0022074	0	0	0	991	71.6	27.78	642.43	25.760	27.71	0	101	5060.7	110205
54	"17:09:05"	1433.0	0	3	16	0.515	642.2	25.77	0.03723	991	78.85	-506.06	69.74	25.63	0.091789	-0.00045102	0	0	0	991	71.6	27.78	642.59	25.760	27.71	0	101	5060.6	110205
55	"17:09:07"	1435.0	0	3	20	0.502	642.3	25.77	0.03626	991	78.89	-506.06	69.77	25.63	0.089201	-0.00013308	0	0	0	991	71.6	27.78	642.72	25.773	27.71	0	101	5060.6	110205
56	"17:09:09"	1437.0	0	3	20	0.483	642.5	25.77	0.03487	991	78.90	-506.07	69.79	25.63	0.085826	-0.0002094	0	0	0	991	71.6	27.78	642.89	25.776	27.71	0	101	5060.7	110205
57	"17:09:11"	1439.0	0	3	20	0.484	642.7	25.77	0.03494	991	78.90	-506.06	69.81	25.63	0.085331	0.00081352	0	0	0	991	71.6	27.78	642.99	25.782	27.71	0	101	5060.6	110205
58	"17:09:13"	1441.0	0	3	20	0.557	642.9	25.77	0.04023	991	78.94	-506.07	69.82	25.62	0.096457	0.0036566	0	0	0	991	71.6	27.78	643.68	25.788	27.71	0	101	5060.7	110205
59	"17:09:15"	1443.0	0	3	20	0.722	643.1	25.78	0.05215	991	78.92	-506.06	69.82	25.63	0.12669	0.0022245	0	0	0	991	71.6	27.78	643.44	25.785	27.71	0	101	5060.6	110205
60	"17:09:17"	1445.0	0	3	20	0.555	643.2	25.78	0.04008	991	78.92	-506.06	69.85	25.63	0.097709	0.0012233	0	0	0	991	71.6	27.78	643.60	25.798	27.71	0	101	5060.6	110205
61	"17:09:19"	1447.0	0	3	20	0.429	643.4	25.79	0.03097	991	78.90	-506.06	69.84	25.64	0.074879	0.0018582	0	0	0	991	71.6	27.78	643.89	25.792	27.71	0	101	5060.6	110205
62	"17:09:21"	1449.0	0	3	20	0.421	643.6	25.79	0.03039	991	78.97	-506.07	69.87	25.63	0.073443	0.0018899	0	0	0	991	71.6	27.78	644.08	25.805	27.71	0	101	5060.7	110205
63	"17:09:23"	1451.0	0	3	20	0.355	643.8	25.79	0.02566	991	78.94	-506.06	69.87	25.63	0.061059	0.0030403	0	0	0	991	71.6	27.78	643.95	25.804	27.71	0	101	5060.6	110205
64	"17:09:25"	1453.0	0	3	20	0.487	643.9	25.80	0.03519	991	78.97	-506.06	69.88	25.63	0.084621	0.0028405	0	0	0	991	71.6	27.77	644.10	25.806	27.71	0	101	5060.6	110205
65	"17:09:27"	1455.0	0	3	20	0.352	644.0	25.80	0.02546	991	79.01	-506.07	69.93	25.63	0.061737	0.0012573	0	0	0	991	71.6	27.77	644.34	25.824	27.71	0	101	5060.7	110205
66	"17:09:29"	1457.0	0	3	20	0.317	644.2	25.81	0.02287	991	79.03	-506.06	69.95	25.63	0.054787	0.0021642	0	0	0	991	71.6	27.77	644.50	25.828	27.71	0	101	5060.6	110205
67	"17:09:31"	1459.0	0	3	20	0.392	644.3	25.81	0.0283	991	79.03	-506.06	69.95	25.63	0.067887	0.002518	0	0	0	991	71.6	27.77	644.55	25.828	27.70	0	101	5060.6	110205
68	"17:09:33"	1461.0	0	3	20	0.392	644.4	25.82	0.0283	991	79.04	-506.07	69.96	25.63	0.067753	0.0027145	0	0	0	991	71.6	27.77	645.24	25.833	27.71	0	101	5060.7	110205
69	"17:09:35"	1463.0	0	3	20	0.595	644.6	25.82	0.04295	991	79.07	-506.06	69.99	25.63	0.10393	0.0024745	0	0	0	991	71.6	27.77	645.32	25.842	27.70	0	101	5060.6	110205
70	"17:09:37"	1465.0	0	3	20	0.671	644.8	25.83	0.04849	991	79.07	-506.06	69.98	25.63	0.11771	0.0022396	0	0	0	991	71.6	27.77	645.23	25.836	27.70	0	101	5060.6	110205
71	"17:09:39"	1467.0	0	3	20	0.602	645.0	25.83	0.04348	991	79.08	-506.06	69.97	25.62	0.10556	0.0019643	0	0	0	991	71.6	27.77	645.51	25.833	27.70	0	101	5060.6	110205
72	"17:09:41"	1469.0	0	3	20	0.546	645.2	25.83	0.03946	991	79.11	-506.07	69.99	25.62	0.096843	0.000221	0	0	0	991	71.6	27.77	645.29	25.842	27.70	0	101	5060.7	110205
73	"17:09:43"	1471.0	0	3	20	0.338	645.4	25.84	0.0244	991	79.16	-506.06	70.06	25.63	0.059516	0.00068227	0	0	0	991	71.6	27.77	645.62	25.864	27.70	0	101	5060.6	110205
74	"17:09:45"	1473.0	0	3	20	0.407	645.5	25.84	0.02944	991	79.13	-506.08	70.02	25.63	0.071652	0.001053	0	0	0	991	71.6	27.77	646.00	25.854	27.70	0	101	5060.8	110205
75	"17:09:47"	1475.0	0	3	20	0.512	645.7	25.84	0.03699	991	79.16	-506.06	70.04	25.62	0.088941	0.0029772	0	0	0	991	71.6	27.77	646.04	25.858	27.70	0	101	5060.6	110205
76	"17:09:49"	1477.0	0	3	20	0.523	645.9	25.85	0.03782	991	79.14	-506.05	70.02	25.62	0.09025	0.0040548	0	0	0	991	71.6	27.77	646.25	25.850	27.70	0	101	5060.5	110205
77	"17:09:51"	1479.0	0	3	20	0.476	646.0	25.85	0.03442	991	79.18	-506.07	70.09	25.63	0.083535	0.0016059	0	0	0	991	71.6	27.77	646.44	25.874	27.70	0	101	5060.7	110205
78	"17:09:53"	1481.0	0	3	20	0.467	646.2	25.86	0.03375	991	79.16	-506.07	70.11	25.64	0.081749	0.0018137	0	0	0	991	71.6	27.77	646.67	25.882	27.70	0	101	5060.7	110205
79	"17:09:55"	1483.0	0	3	20	0.398	646.3	25.86	0.02876	991	79.16	-506.06	70.10	25.63	0.0693	0.0020778	0	0	0	991	71.6	27.77	646.90	25.874	27.70	0	101	5060.6	110205
80	"17:09:57"	1485.0	0	3	20	0.568	646.5	25.87	0.04103	991	79.24	-506.06	70.12	25.62	0.09931	0.0023051	0	0	0	991	71.6	27.77	647.09	25.883	27.70	0	101	5060.6	110205
81	"17:09:59"	1487.0	0	3	20	0.618	646.7	25.87	0.04465	991	79.26	-506.07	70.11	25.62	0.10763	0.0031698	0	0	0	991	71.6	27.77	647.35	25.878	27.70	0	101	5060.7	110205
82	"17:10:01"	1489.0	0	3	20	0.571	646.9	25.88	0.04126	991	79.25	-506.07	70.12	25.62	0.10112	0.00043341	0	0	0	991	71.6	27.77	647.51	25.882	27.70	0	101	5060.7	110205
83	"17:10:03"	1491.0	0	3	20	0.591	647.1	25.88	0.04272	991	79.22	-506.07	70.14	25.63	0.10487	0.00017784	0	0	0	991	71.6	27.77	647.60	25.887	27.70	0	101	5060.7	110205
84	"17:10:05"	1493.0	0	3	20	0.463	647.3	25.88	0.03348	991	79.26	-506.06	70.16	25.63	0.082069	0.0003309	0	0	0	991	71.6	27.77	647.94	25.896	27.70	0	101	5060.6	110205
85	"17:10:07"	1495.0	0	3	20	0.481	647.5	25.88	0.03478	991	79.22	-506.06	70.15	25.63	0.084984	0.00074795	0	0	0	991	71.6	27.76	647.82	25.892	27.70	0	101	5060.6	110205
86	"17:10:09"	1497.0	0	3	20	0.469	647.7	25.88	0.03386	991	79.26	-506.05	70.19	25.63	0.081984	0.0018392	0	0	0	991	71.6	27.77	648.19	25.903	27.70	0	101	5060.5	110205
87	"17:10:11"	1499.0	0	3	20	0.487	647.8	25.89	0.03517	991	79.24	-506.05	70.17	25.63	0.084847	0.0023858	0	0	0	991	71.6	27.77	648.02	25.895	27.70	0	101	5060.5	110205
88	"17:10:13"	1501.0	0	3	20	0.484	648.0	25.89	0.03498	991	79.23	-506.06	70.12	25.62	0.084917	0.0015758	0	0	0	991	71.6	27.76	648.24	25.878	27.70	0	101	5060.6	110205
89	"17:10:15"	1503.0	0	3	20	0.457	648.1	25.89	0.03304	991	79.29	-506.07	70.19	25.62	0.080826	0.00057639	0	0	0	991	71.6	27.77	648.67	25.901	27.69	0	101	5060.7	110205
90	"17:10:17"	1505.0	0	3	20	0.413	648.3	25.90	0.02983	991	79.30	-506.05	70.23	25.63	0.072589	0.0011051	0	0	0	991	71.6	27.76	648.51	25.918	27.69	0	101	5060.5	110205
91	"17:10:19"	1507.0	0	3	20	0.453	648.4	25.90	0.03271	991	79.33	-506.07	70.23	25.63	0.078845	0.002313	0	0	0	991	71.6	27.76	649.05	25.916	27.69	0	101	5060.7	110205
92	"17:10:21"	1509.0	0	3	20	0.498	648.6	25.91	0.036	991	79.26	-506.06	70.21	25.63	0.085943	0.003811	0	0	0	991	71.6	27.76	649.03	25.906	27.69	0	101	5060.6	110205
93	"17:10:23"	1511.0	0	3	20	0.607	648.8	25.91	0.04387	991	79.37	-506.06	70.30	25.63	0.10558	0.0033688	0	0	0	991	71.6	27.76	649.39	25.938	27.69	0	101	5060.6	110205
94	"17:10:25"	1513.0	0	3	20	0.602	649.0	25.92	0.04352	991	79.36	-506.06	70.28	25.63	0.1049	0.0030732	0	0	0	991	71.6	27.76	649.55	25.929	27.69	0	101	5060.6	110205
95	"17:10:27"	1515.0	0	3	20	0.559	649.2	25.92	0.04042	991	79.42	-506.07	70.32	25.63	0.097979	0.0020564	0	0	0	991	71.6	27.76	649.67	25.948	27.69	0	101	5060.7	110205
96	"17:10:29"	1517.0	0	3	20	0.495	649.3	25.93	0.03576	991	79.46	-506.06	70.35	25.62	0.085939	0.0029081	0	0	0	991	71.6	27.76	649.56	25.954	27.69	0	101	5060.6	110205
97	"17:10:31"	1519.0	0	3	20	0.385	649.5	25.93	0.02782	991	79.37	-506.07	70.27	25.62	0.066802	0.0023678	0	0	0	991	71.6	27.76	650.14	25.926	27.69	0	101	5060.7	110205
98	"17:10:33"	1521.0	0	3	20	0.536	649.7	25.94	0.03871	991	79.41	-506.07	70.30	25.62	0.094413	0.0011047	0	0	0	991	71.6	27.76	649.98	25.934	27.69	0	101	5060.7	110205
99	"17:10:35"	1523.0	0	3	20	0.591	649.9	25.94	0.04268	991	79.47	-506.06	70.35	25.62	0.10414	0.0011463	0	0	0	991	71.6	27.76	650.15	25.953	27.69	0	101	5060.6	110205
100	"17:10:37"	1525.0	0	3	20	0.556	650.0	25.94	0.04018	991	79.46	-506.05	70.35	25.62	0.09835	0.00061512	0	0	0	991	71.6	27.76	650.45	25.953	27.69	0	101	5060.5	110205
101	"17:10:39"	1527.0	0	3	20	0.511	650.2	25.95	0.03693	991	79.47	-506.06	70.35	25.62	0.089754	0.0015124	0	0	0	991	71.6	27.76	650.58	25.952	27.69	0	101	5060.6	110205
102	"17:10:41"	1529.0	0	4	200	0.513	650.0	25.95	0.0371	991	79.45	-506.06	70.35	25.62	0.053582	0.0025569	0.00057003	-0.33342	0	991	71.6	27.76	650.89	25.948	27.69	0	101	5060.6	110205
103	"17:20:17"	2104.5	0	3	8	0.717	642.2	26.40	0.05179	991	81.64	-506.07	72.36	25.45	0.12679	0.00066694	0	0	0	991	71.6	27.57	642.38	26.401	27.50	0	101	5060.7	110205
104	"17:20:19"	2106.5	0	3	12	0.672	642.3	26.41	0.04854	991	81.68	-506.07	72.37	25.45	0.11798	0.0019177	0	0	0	991	71.6	27.57	642.70	26.405	27.50	0	101	5060.7	110205
105	"17:20:21"	2108.5	0	3	16	0.58	642.4	26.41	0.04193	991	81.73	-506.06	72.40	25.44	0.10139	0.002454	0	0	0	991	71.6	27.57	643.01	26.415	27.50	0	101	5060.6	110205
106	"17:20:23"	2110.5	0	3	20	0.511	642.5	26.41	0.0369	991	81.73	-506.07	72.43	25.45	0.089486	0.0017644	0	0	0	991	71.6	27.57	642.73	26.425	27.50	0	101	5060.7	110205
107	"17:20:25"	2112.5	0	3	20	0.409	642.6	26.41	0.02957	991	81.63	-506.07	72.37	25.45	0.071784	0.001319	0	0	0	991	71.6	27.57	642.72	26.401	27.50	0	101	5060.7	110205
108	"17:20:27"	2114.5	0	3	20	0.209	642.7	26.41	0.01513	991	81.68	-506.07	72.39	25.45	0.036671	0.00076175	0	0	0	991	71.6	27.57	642.93	26.411	27.50	0	101	5060.7	110205
109	"17:20:29"	2116.5	0	3	20	0.246	642.9	26.42	0.0178	991	81.70	-506.06	72.41	25.45	0.043041	0.0010311	0	0	0	991	71.6	27.57	643.44	26.418	27.50	0	101	5060.6	110205
110	"17:20:31"	2118.5	0	3	20	0.385	643.0	26.42	0.02784	991	81.74	-506.07	72.41	25.44	0.067465	0.0013965	0	0	0	991	71.6	27.56	643.61	26.416	27.50	0	101	5060.7	110205
111	"17:20:33"	2120.5	0	3	20	0.506	643.1	26.42	0.03656	991	81.75	-506.06	72.46	25.45	0.089382	0.0006444	0	0	0	991	71.6	27.56	643.75	26.432	27.49	0	101	5060.6	110205
112	"17:20:35"	2122.5	0	3	20	0.631	643.3	26.42	0.04561	991	81.73	-506.07	72.43	25.45	0.11175	0.00047421	0	0	0	991	71.6	27.56	643.53	26.425	27.50	0	101	5060.7	110205
113	"17:20:37"	2124.5	0	3	20	0.46	643.5	26.42	0.03327	991	81.76	-506.08	72.43	25.44	0.081438	0.00042863	0	0	0	991	71.6	27.56	644.13	26.424	27.50	0	101	5060.8	110205
114	"17:20:39"	2126.5	0	3	20	0.459	643.7	26.42	0.03319	991	81.80	-506.07	72.44	25.43	0.080859	0.0010289	0	0	0	991	71.6	27.56	644.17	26.424	27.49	0	101	5060.7	110205
115	"17:20:41"	2128.5	0	3	20	0.432	643.8	26.42	0.03119	991	81.76	-506.06	72.46	25.44	0.076177	0.00068519	0	0	0	991	71.6	27.56	644.18	26.429	27.49	0	101	5060.6	110205
116	"17:20:43"	2130.5	0	3	20	0.445	644.0	26.43	0.03214	991	81.82	-506.06	72.48	25.44	0.07853	0.00063178	0	0	0	991	71.6	27.56	644.68	26.438	27.49	0	101	5060.6	110205
117	"17:20:45"	2132.5	0	3	20	0.574	644.2	26.43	0.0415	991	81.82	-506.07	72.49	25.44	0.10149	0.00071337	0	0	0	991	71.6	27.56	644.56	26.440	27.49	0	101	5060.7	110205
118	"17:20:47"	2134.5	0	3	20	0.497	644.4	26.43	0.0359	991	81.77	-506.07	72.45	25.44	0.08688	0.0019877	0	0	0	991	71.6	27.56	644.92	26.425	27.49	0	101	5060.7	110205
119	"17:20:49"	2136.5	0	3	20	0.52	644.5	26.43	0.03759	991	81.82	-506.06	72.48	25.44	0.091824	0.00079333	0	0	0	991	71.6	27.56	645.04	26.436	27.49	0	101	5060.6	110205
120	"17:20:51"	2138.5	0	3	20	0.493	644.7	26.43	0.03561	991	81.86	-506.07	72.51	25.43	0.087393	0.00011492	0	0	0	991	71.6	27.56	645.22	26.443	27.49	0	101	5060.7	110205
121	"17:20:53"	2140.5	0	3	20	0.424	644.9	26.44	0.0306	991	81.78	-506.06	72.44	25.44	0.075088	0.00012268	0	0	0	991	71.6	27.56	645.07	26.421	27.49	0	101	5060.6	110205
122	"17:20:55"	2142.5	0	3	20	0.431	645.0	26.44	0.03111	991	81.82	-506.07	72.49	25.44	0.076422	2.2621E-05	0	0	0	991	71.6	27.56	645.57	26.437	27.49	0	101	5060.7	110205
123	"17:20:57"	2144.5	0	3	20	0.413	645.2	26.43	0.02986	991	81.79	-506.06	72.48	25.44	0.072568	0.0012072	0	0	0	991	71.6	27.56	645.73	26.431	27.49	0	101	5060.6	110205
124	"17:20:59"	2146.5	0	3	20	0.466	645.4	26.44	0.03364	991	81.84	-506.06	72.52	25.44	0.082829	-0.00029719	0	0	0	991	71.6	27.56	645.76	26.446	27.49	0	101	5060.6	110205
125	"17:21:01"	2148.5	0	3	20	0.56	645.5	26.44	0.04049	991	81.88	-506.08	72.52	25.43	0.099049	0.00062291	0	0	0	991	71.6	27.56	646.01	26.447	27.49	0	101	5060.8	110205
126	"17:21:03"	2150.5	0	3	20	0.63	645.7	26.44	0.0455	991	81.88	-506.08	72.54	25.43	0.11082	0.0014354	0	0	0	991	71.6	27.56	646.53	26.451	27.49	0	101	5060.8	110205
127	"17:21:05"	2152.5	0	3	20	0.708	646.0	26.44	0.05117	991	81.83	-506.06	72.50	25.44	0.12473	0.0014865	0	0	0	991	71.6	27.56	646.47	26.438	27.49	0	101	5060.6	110205
128	"17:21:07"	2154.5	0	3	20	0.591	646.2	26.44	0.04273	991	81.91	-506.06	72.58	25.43	0.10417	0.0011935	0	0	0	991	71.6	27.55	646.76	26.462	27.49	0	101	5060.6	110205
129	"17:21:09"	2156.5	0	3	20	0.489	646.3	26.45	0.03536	991	81.83	-506.06	72.53	25.44	0.086476	0.00058243	0	0	0	991	71.6	27.55	646.64	26.439	27.48	0	101	5060.6	110205
130	"17:21:11"	2158.5	0	3	20	0.391	646.5	26.45	0.02827	991	81.90	-506.05	72.58	25.43	0.069109	0.00050637	0	0	0	991	71.6	27.55	646.97	26.458	27.48	0	101	5060.5	110205
131	"17:21:13"	2160.5	0	3	20	0.222	646.7	26.45	0.01607	991	81.82	-506.08	72.52	25.44	0.038897	0.0008852	0	0	0	991	71.6	27.55	646.92	26.438	27.48	0	101	5060.8	110205
132	"17:21:15"	2162.5	0	3	20	0.354	646.8	26.45	0.02559	991	81.85	-506.07	72.55	25.44	0.063168	-0.00046064	0	0	0	991	71.6	27.55	647.48	26.448	27.48	0	101	5060.7	110205
133	"17:21:17"	2164.5	0	3	20	0.528	647.0	26.45	0.03818	991	81.88	-506.06	72.56	25.43	0.094628	-0.0012492	0	0	0	991	71.6	27.55	647.44	26.450	27.48	0	101	5060.6	110205
134	"17:21:19"	2166.5	0	3	20	0.583	647.1	26.45	0.04209	991	81.88	-506.06	72.58	25.43	0.1036	-0.0003109	0	0	0	991	71.6	27.55	647.74	26.454	27.48	0	101	5060.6	110205
135	"17:21:21"	2168.5	0	3	20	0.712	647.3	26.45	0.05147	991	81.89	-506.06	72.59	25.43	0.12678	-0.00049688	0	0	0	991	71.6	27.55	648.17	26.457	27.48	0	101	5060.6	110205
136	"17:21:23"	2170.5	0	3	20	0.552	647.5	26.45	0.03989	991	81.89	-506.06	72.59	25.43	0.097237	0.0011576	0	0	0	991	71.6	27.55	647.92	26.454	27.48	0	101	5060.6	110205
137	"17:21:25"	2172.5	0	3	20	0.342	647.7	26.45	0.0247	991	81.90	-506.07	72.57	25.43	0.060303	0.00055427	0	0	0	991	71.6	27.55	648.18	26.448	27.48	0	101	5060.7	110205
138	"17:21:27"	2174.5	0	3	20	0.367	647.9	26.45	0.02655	991	81.87	-506.07	72.57	25.43	0.06531	-0.00014434	0	0	0	991	71.6	27.55	648.12	26.445	27.48	0	101	5060.7	110205
139	"17:21:29"	2176.5	0	3	20	0.296	648.0	26.45	0.02142	991	81.86	-506.08	72.55	25.43	0.052481	0.00018976	0	0	0	991	71.6	27.55	648.26	26.434	27.47	0	101	5060.8	110205
140	"17:21:31"	2178.5	0	3	20	0.374	648.1	26.45	0.02704	991	81.95	-506.07	72.60	25.42	0.067491	-0.0016107	0	0	0	991	71.6	27.54	648.69	26.453	27.47	0	101	5060.7	110205
141	"17:21:33"	2180.5	0	3	20	0.537	648.3	26.45	0.03882	991	81.94	-506.07	72.63	25.43	0.095809	-0.00066849	0	0	0	991	71.6	27.54	649.21	26.463	27.47	0	101	5060.7	110205
142	"17:21:35"	2182.5	0	3	20	0.53	648.5	26.45	0.03832	991	81.83	-506.08	72.54	25.43	0.094095	7.702E-05	0	0	0	991	71.6	27.54	648.87	26.428	27.47	0	101	5060.8	110205
143	"17:21:37"	2184.5	0	3	20	0.576	648.7	26.44	0.04159	991	81.90	-506.06	72.58	25.42	0.10245	-0.00043862	0	0	0	991	71.6	27.54	648.85	26.437	27.47	0	101	5060.6	110205
144	"17:21:39"	2186.5	0	3	20	0.491	648.8	26.44	0.03546	991	81.91	-506.07	72.60	25.42	0.086959	0.00024154	0	0	0	991	71.6	27.54	649.30	26.444	27.47	0	101	5060.7	110205
145	"17:21:41"	2188.5	0	3	20	0.321	649.0	26.45	0.02322	991	81.93	-506.07	72.64	25.43	0.057277	-0.00036106	0	0	0	991	71.6	27.54	649.34	26.456	27.47	0	101	5060.7	110205
146	"17:21:43"	2190.5	0	3	20	0.357	649.1	26.44	0.02583	991	81.93	-506.07	72.61	25.42	0.063191	0.00037541	0	0	0	991	71.6	27.54	649.60	26.447	27.47	0	101	5060.7	110205
147	"17:21:45"	2192.5	0	3	20	0.513	649.3	26.44	0.0371	991	81.92	-506.07	72.63	25.42	0.090445	0.0010387	0	0	0	991	71.6	27.54	649.81	26.449	27.47	0	101	5060.7	110205
148	"17:21:47"	2194.5	0	3	20	0.621	649.5	26.45	0.04485	991	81.93	-506.07	72.63	25.42	0.10933	0.0012542	0	0	0	991	71.6	27.54	649.98	26.450	27.46	0	101	5060.7	110205
149	"17:21:49"	2196.5	0	3	20	0.588	649.7	26.45	0.04248	991	82.04	-506.07	72.71	25.42	0.1028	0.0023415	0	0	0	991	71.6	27.53	650.07	26.478	27.46	0	101	5060.7	110205
150	"17:21:51"	2198.5	0	3	20	0.526	649.9	26.46	0.03803	991	82.01	-506.06	72.69	25.42	0.091132	0.003442	0	0	0	991	71.6	27.53	650.44	26.466	27.46	0	101	5060.6	110205
151	"17:21:53"	2200.5	0	3	20	0.391	650.0	26.46	0.02821	991	81.98	-506.07	72.66	25.42	0.067706	0.0023993	0	0	0	991	71.6	27.53	650.53	26.456	27.46	0	101	5060.7	110205
152	"17:21:55"	2202.5	0	3	20	0.468	650.2	26.46	0.03383	991	81.98	-506.07	72.64	25.41	0.083616	-0.00077115	0	0	0	991	71.6	27.53	650.57	26.451	27.46	0	101	5060.7	110205
153	"17:21:57"	2204.5	0	4	200	0.48	650.0	26.46	0.03466	991	82.04	-506.06	72.70	25.41	0.080734	-0.0016253	-5.8574E-05	0.072733	0	991	71.6	27.53	650.61	26.468	27.46	0	101	5060.6	110205
