"OPEN 5.3.2"
"Fri May 31 2019 10:57:50"
"Unit="	"PSC-895"
"ComputeList="	"/User/Configs/Comps/Soil Efflux Eqns.LPL"
"BLCTable="	"/Sys/Lib/StdBLCTable"
"LightSource="	"Sun+Sky"	1	0.19
"LogFormat="	"/User/Configs/LogFormats/Soil Efflux Log Fmt"
"LogCodes="	-35	-21	-36	-104	310	311	320	302	303	306	304	321	322	323	324	300	301	330	331	305	307	308	-8	-2	-5	-9	-13	-11	-61	-23
"PromptList="	"/User/Configs/Prompts/Soil Efflux Prompts"
"Stability= (CO2S 15s SLP<1)(H2OS 15s SLP<1)(Flow 15s SLP<1)"
"10:57:51 "
$STARTOFDATA$
"Obs"	"HHMMSS"	"FTime"	"Plot#"	"Mode"	"Smpls"	"EFFLUX"	"C2avg"	"Wavg"	"dc'/dt"	"Vtot"	"RHcmbr%"	"Tsoil_C"	"RHirga%"	"Tsch_C"	"dC/dt"	"dW/dt"	"R(C)m"	"R(C)b"	"InsDpth"	"Vbase"	"Area"	"TBlk"	"CO2S"	"H2OS"	"Tair"	"PARo"	"Press"	"uc_21_mV"	"Status"
1	"10:58:43"	73.5	0	3	8	1.41	480.6	28.52	0.1021	991	77.71	-506.05	68.77	27.66	0.2489	0.0060054	0	0	0	991	71.6	29.84	481.17	28.523	29.77	0	101.4	5060.5	110205
2	"10:58:45"	75.5	0	3	12	1.35	480.8	28.53	0.09748	991	77.79	-506.05	68.89	27.67	0.23612	0.0086066	0	0	0	991	71.6	29.84	481.65	28.568	29.77	0	101.4	5060.5	110205
3	"10:58:47"	77.5	0	3	16	1.43	481.1	28.54	0.1035	991	77.78	-506.06	68.96	27.69	0.25042	0.009778	0	0	0	991	71.6	29.84	482.34	28.594	29.77	0	101.4	5060.6	110205
4	"10:58:49"	79.5	0	3	20	1.47	481.3	28.55	0.1064	991	77.75	-506.04	68.97	27.70	0.25736	0.010416	0	0	0	991	71.6	29.83	482.89	28.593	29.76	0	101.4	5060.4	110205
5	"10:58:51"	81.5	0	3	20	1.62	481.9	28.58	0.117	991	77.93	-506.06	69.12	27.69	0.28162	0.013737	0	0	0	991	71.6	29.83	483.37	28.656	29.76	0	101.4	5060.6	110205
6	"10:58:53"	83.5	0	3	20	1.66	482.4	28.60	0.12	991	78.04	-506.05	69.19	27.69	0.28934	0.013465	0	0	0	991	71.6	29.83	484.01	28.683	29.76	0	101.4	5060.5	110205
7	"10:58:55"	85.5	0	3	20	1.66	483.0	28.62	0.1202	991	77.95	-506.07	69.11	27.68	0.29112	0.01088	0	0	0	991	71.6	29.83	484.72	28.649	29.76	0	101.4	5060.7	110205
8	"10:58:57"	87.5	0	3	20	1.79	483.6	28.64	0.1294	991	78.14	-506.06	69.27	27.68	0.31501	0.0084109	0	0	0	991	71.6	29.83	485.25	28.712	29.76	0	101.4	5060.6	110205
9	"10:58:59"	89.5	0	3	20	1.73	484.2	28.66	0.1252	991	78.15	-506.06	69.22	27.66	0.30491	0.0076445	0	0	0	991	71.6	29.82	485.62	28.690	29.76	0	101.4	5060.6	110205
10	"10:59:01"	91.5	0	3	20	1.6	484.8	28.68	0.1156	991	78.17	-506.06	69.32	27.68	0.28057	0.0090886	0	0	0	991	71.6	29.82	486.12	28.724	29.75	0	101.4	5060.6	110205
11	"10:59:03"	93.5	0	3	20	1.54	485.4	28.70	0.1114	991	78.20	-506.07	69.39	27.69	0.27029	0.0090754	0	0	0	991	71.6	29.82	487.04	28.753	29.75	0	101.4	5060.7	110205
12	"10:59:05"	95.5	0	3	20	1.46	485.9	28.72	0.1053	991	78.31	-506.05	69.43	27.68	0.25426	0.010796	0	0	0	991	71.6	29.82	487.26	28.767	29.75	0	101.4	5060.5	110205
13	"10:59:07"	97.5	0	3	20	1.48	486.4	28.74	0.1071	991	78.33	-506.06	69.45	27.67	0.26013	0.0081341	0	0	0	991	71.6	29.82	487.76	28.771	29.75	0	101.4	5060.6	110205
14	"10:59:09"	99.5	0	3	20	1.47	486.9	28.75	0.1059	991	78.34	-506.07	69.45	27.67	0.25719	0.0077964	0	0	0	991	71.6	29.82	488.11	28.774	29.75	0	101.4	5060.7	110205
15	"10:59:11"	101.5	0	3	20	1.31	487.4	28.76	0.09439	991	78.44	-506.05	69.54	27.67	0.22972	0.006101	0	0	0	991	71.6	29.81	488.78	28.805	29.75	0	101.4	5060.5	110205
16	"10:59:13"	103.5	0	3	20	1.42	487.9	28.78	0.1027	991	78.42	-506.06	69.54	27.68	0.25032	0.0056172	0	0	0	991	71.6	29.81	489.25	28.804	29.75	0	101.4	5060.6	110205
17	"10:59:15"	105.5	0	3	20	1.55	488.4	28.79	0.1121	991	78.50	-506.04	69.60	27.67	0.27292	0.0068203	0	0	0	991	71.6	29.81	489.67	28.824	29.74	0	101.4	5060.4	110205
18	"10:59:17"	107.5	0	3	20	1.57	489.0	28.80	0.1137	991	78.56	-506.06	69.64	27.67	0.27699	0.0067493	0	0	0	991	71.6	29.81	490.23	28.841	29.74	0	101.4	5060.6	110205
19	"10:59:19"	109.5	0	3	20	1.51	489.4	28.81	0.1088	991	78.68	-506.06	69.71	27.65	0.26448	0.0076811	0	0	0	991	71.6	29.81	491.00	28.866	29.74	0	101.4	5060.6	110205
20	"10:59:21"	111.5	0	3	20	1.62	490.0	28.83	0.1168	991	78.61	-506.06	69.73	27.67	0.284	0.0081505	0	0	0	991	71.6	29.81	491.81	28.875	29.74	0	101.4	5060.6	110205
21	"10:59:23"	113.5	0	3	20	1.7	490.6	28.85	0.1228	991	78.70	-506.07	69.75	27.66	0.29847	0.0087214	0	0	0	991	71.6	29.81	492.01	28.879	29.74	0	101.4	5060.7	110205
22	"10:59:25"	115.5	0	3	20	1.68	491.2	28.87	0.1215	991	78.83	-506.06	69.82	27.65	0.29536	0.0084516	0	0	0	991	71.6	29.81	492.47	28.906	29.74	0	101.4	5060.6	110205
23	"10:59:27"	117.5	0	3	20	1.51	491.7	28.88	0.1094	991	78.80	-506.05	69.84	27.66	0.26624	0.0069821	0	0	0	991	71.6	29.80	492.97	28.913	29.74	0	101.4	5060.5	110205
24	"10:59:29"	119.5	0	3	20	1.29	492.3	28.90	0.09318	991	78.85	-506.06	69.94	27.67	0.2263	0.006874	0	0	0	991	71.6	29.81	493.65	28.952	29.74	0	101.4	5060.6	110205
25	"10:59:31"	121.5	0	3	20	1.36	492.8	28.91	0.09802	991	78.86	-506.05	69.93	27.66	0.23757	0.0081622	0	0	0	991	71.6	29.80	494.09	28.948	29.73	0	101.4	5060.5	110205
26	"10:59:33"	123.5	0	3	20	1.45	493.2	28.93	0.105	991	78.85	-506.05	69.97	27.67	0.25505	0.0075553	0	0	0	991	71.6	29.80	494.76	28.964	29.73	0	101.4	5060.5	110205
27	"10:59:35"	125.5	0	3	20	1.58	493.8	28.94	0.1142	991	78.95	-506.07	70.02	27.66	0.27783	0.0074853	0	0	0	991	71.6	29.80	495.24	28.983	29.73	0	101.4	5060.7	110205
28	"10:59:37"	127.5	0	3	20	1.64	494.3	28.96	0.1184	991	78.91	-506.06	70.03	27.67	0.2881	0.0074624	0	0	0	991	71.6	29.80	495.83	28.983	29.73	0	101.4	5060.6	110205
29	"10:59:39"	129.5	0	3	20	1.66	494.9	28.97	0.1199	991	78.88	-506.06	70.06	27.69	0.29232	0.0066947	0	0	0	991	71.6	29.80	496.42	28.994	29.73	0	101.4	5060.6	110205
30	"10:59:41"	131.5	0	3	20	1.6	495.5	28.98	0.1158	991	79.07	-506.06	70.10	27.66	0.28203	0.0069413	0	0	0	991	71.6	29.80	496.80	29.011	29.73	0	101.4	5060.6	110205
31	"10:59:43"	133.5	0	3	20	1.37	496.0	29.00	0.0989	991	79.04	-506.06	70.16	27.67	0.24105	0.0055752	0	0	0	991	71.6	29.80	497.22	29.033	29.73	0	101.4	5060.6	110205
32	"10:59:45"	135.5	0	3	20	1.32	496.5	29.01	0.0951	991	79.02	-506.06	70.17	27.68	0.23163	0.005682	0	0	0	991	71.6	29.80	497.67	29.033	29.73	0	101.4	5060.6	110205
33	"10:59:47"	137.5	0	3	20	1.27	496.9	29.02	0.09194	991	79.07	-506.06	70.23	27.68	0.22369	0.0059817	0	0	0	991	71.6	29.80	498.42	29.055	29.73	0	101.4	5060.6	110205
34	"10:59:49"	139.5	0	3	20	1.45	497.4	29.03	0.105	991	79.12	-506.06	70.22	27.67	0.2558	0.0059834	0	0	0	991	71.6	29.80	498.78	29.052	29.73	0	101.4	5060.6	110205
35	"10:59:51"	141.5	0	3	20	1.58	497.9	29.04	0.1139	991	79.10	-506.06	70.30	27.69	0.27832	0.0052754	0	0	0	991	71.6	29.79	499.23	29.081	29.72	0	101.4	5060.6	110205
36	"10:59:53"	143.5	0	3	20	1.56	498.5	29.05	0.1129	991	79.15	-506.06	70.27	27.67	0.27566	0.0055112	0	0	0	991	71.6	29.79	499.85	29.068	29.72	0	101.4	5060.6	110205
37	"10:59:55"	145.5	0	3	20	1.54	499.0	29.06	0.1114	991	79.27	-506.05	70.34	27.66	0.27164	0.0060375	0	0	0	991	71.6	29.79	500.22	29.099	29.72	0	101.4	5060.5	110205
38	"10:59:57"	147.5	0	3	20	1.44	499.6	29.08	0.1038	991	79.17	-506.06	70.37	27.69	0.25293	0.0060255	0	0	0	991	71.6	29.79	500.93	29.110	29.72	0	101.4	5060.6	110205
39	"10:59:59"	149.5	0	3	20	1.51	500.1	29.09	0.1093	991	79.30	-506.07	70.38	27.67	0.26664	0.00564	0	0	0	991	71.6	29.79	501.28	29.116	29.72	0	101.4	5060.7	110205
40	"11:00:01"	151.5	0	3	20	1.53	500.6	29.10	0.1108	991	79.33	-506.06	70.42	27.67	0.27042	0.0055606	0	0	0	991	71.6	29.79	501.91	29.129	29.72	0	101.4	5060.6	110205
41	"11:00:03"	153.5	0	3	20	1.47	501.1	29.11	0.1062	991	79.43	-506.06	70.45	27.65	0.25877	0.0058873	0	0	0	991	71.6	29.79	502.50	29.141	29.72	0	101.4	5060.6	110205
42	"11:00:05"	155.5	0	3	20	1.55	501.7	29.12	0.112	991	79.42	-506.05	70.48	27.66	0.27334	0.0054258	0	0	0	991	71.6	29.79	503.31	29.149	29.72	0	101.4	5060.5	110205
43	"11:00:07"	157.5	0	3	20	1.61	502.2	29.13	0.116	991	79.30	-506.06	70.49	27.69	0.28311	0.0058095	0	0	0	991	71.6	29.79	503.45	29.152	29.72	0	101.4	5060.6	110205
44	"11:00:09"	159.5	0	3	20	1.56	502.7	29.14	0.1126	991	79.46	-506.06	70.57	27.67	0.27535	0.0047501	0	0	0	991	71.6	29.79	504.09	29.183	29.72	0	101.4	5060.6	110205
45	"11:00:11"	161.5	0	3	20	1.52	503.3	29.15	0.11	991	79.40	-506.07	70.57	27.69	0.26831	0.0056632	0	0	0	991	71.6	29.79	504.44	29.182	29.72	0	101.4	5060.7	110205
46	"11:00:13"	163.5	0	3	20	1.28	503.8	29.16	0.09234	991	79.34	-506.06	70.55	27.69	0.22563	0.0040686	0	0	0	991	71.6	29.78	505.10	29.172	29.72	0	101.4	5060.6	110205
47	"11:00:15"	165.5	0	3	20	1.27	504.3	29.17	0.0918	991	79.44	-506.05	70.63	27.69	0.22419	0.0042294	0	0	0	991	71.6	29.78	505.50	29.203	29.71	0	101.4	5060.5	110205
48	"11:00:17"	167.5	0	3	20	1.4	504.7	29.18	0.1014	991	79.40	-506.06	70.60	27.69	0.24783	0.0043446	0	0	0	991	71.6	29.78	506.10	29.191	29.71	0	101.4	5060.6	110205
49	"11:00:19"	169.5	0	3	20	1.46	505.2	29.19	0.1055	991	79.44	-506.05	70.65	27.69	0.25815	0.0037518	0	0	0	991	71.6	29.78	506.47	29.210	29.71	0	101.4	5060.5	110205
50	"11:00:21"	171.5	0	3	20	1.46	505.7	29.19	0.1055	991	79.49	-506.06	70.69	27.69	0.2581	0.0041714	0	0	0	991	71.6	29.78	507.11	29.225	29.71	0	101.4	5060.6	110205
51	"11:00:23"	173.5	0	3	20	1.4	506.2	29.21	0.1009	991	79.57	-506.06	70.68	27.67	0.24657	0.0043786	0	0	0	991	71.6	29.78	507.78	29.221	29.71	0	101.4	5060.6	110205
52	"11:00:24"	174.0	0	4	200	1.47	500.0	29.21	0.1061	991	79.55	-506.07	70.71	27.68	0.24657	0.0043786	-0.00036785	0.28998	0	991	71.6	29.78	507.95	29.232	29.71	0	101.4	5060.7	110205
53	"11:02:15"	285.5	0	3	8	0.978	480.5	29.23	0.07068	991	79.94	-506.06	71.07	27.60	0.17292	0.0027063	0	0	0	991	71.6	29.70	481.16	29.246	29.63	0	101.4	5060.6	110205
54	"11:02:17"	287.5	0	3	12	1.5	480.8	29.24	0.1083	991	79.89	-506.07	71.05	27.61	0.26529	0.0037357	0	0	0	991	71.6	29.70	481.52	29.238	29.63	0	101.4	5060.7	110205
55	"11:02:19"	289.5	0	3	16	1.43	481.0	29.24	0.1031	991	79.94	-506.04	71.07	27.60	0.25244	0.0033423	0	0	0	991	71.6	29.70	482.17	29.241	29.63	0	101.4	5060.4	110205
56	"11:02:21"	291.5	0	3	20	1.49	481.3	29.24	0.1076	991	80.09	-506.06	71.16	27.59	0.26374	0.0031125	0	0	0	991	71.6	29.69	482.64	29.275	29.63	0	101.4	5060.6	110205
57	"11:02:23"	293.5	0	3	20	1.62	481.8	29.25	0.1168	991	80.07	-506.07	71.16	27.59	0.28624	0.0037116	0	0	0	991	71.6	29.69	483.42	29.274	29.63	0	101.4	5060.7	110205
58	"11:02:25"	295.5	0	3	20	1.5	482.4	29.26	0.108	991	80.08	-506.05	71.17	27.59	0.26395	0.0047923	0	0	0	991	71.6	29.69	483.45	29.274	29.62	0	101.4	5060.5	110205
59	"11:02:27"	297.5	0	3	20	1.44	482.9	29.27	0.1043	991	80.21	-506.05	71.25	27.58	0.25468	0.0048993	0	0	0	991	71.6	29.69	484.21	29.303	29.62	0	101.4	5060.5	110205
60	"11:02:29"	299.5	0	3	20	1.42	483.4	29.28	0.1029	991	80.09	-506.05	71.19	27.59	0.25115	0.004995	0	0	0	991	71.6	29.69	484.85	29.278	29.62	0	101.4	5060.5	110205
61	"11:02:31"	301.5	0	3	20	1.53	484.0	29.28	0.1105	991	80.10	-506.06	71.24	27.60	0.27077	0.0033473	0	0	0	991	71.6	29.68	485.33	29.293	29.62	0	101.4	5060.6	110205
62	"11:02:33"	303.5	0	3	20	1.56	484.5	29.29	0.113	991	80.09	-506.05	71.25	27.60	0.277	0.0030416	0	0	0	991	71.6	29.68	485.91	29.295	29.62	0	101.4	5060.5	110205
63	"11:02:35"	305.5	0	3	20	1.6	485.0	29.30	0.1153	991	80.11	-506.06	71.30	27.61	0.28264	0.0031278	0	0	0	991	71.6	29.68	486.34	29.313	29.61	0	101.4	5060.6	110205
64	"11:02:37"	307.5	0	3	20	1.47	485.6	29.30	0.1064	991	80.14	-506.06	71.32	27.60	0.26093	0.0029622	0	0	0	991	71.6	29.68	487.13	29.315	29.61	0	101.4	5060.6	110205
65	"11:02:39"	309.5	0	3	20	1.46	486.1	29.31	0.1056	991	80.14	-506.06	71.39	27.62	0.25798	0.0048179	0	0	0	991	71.6	29.68	487.37	29.340	29.61	0	101.4	5060.6	110205
66	"11:02:41"	311.5	0	3	20	1.58	486.6	29.32	0.1141	991	80.16	-506.07	71.38	27.61	0.27854	0.005379	0	0	0	991	71.6	29.67	487.95	29.334	29.61	0	101.4	5060.7	110205
67	"11:02:43"	313.5	0	3	20	1.43	487.1	29.33	0.1035	991	80.21	-506.05	71.43	27.61	0.25275	0.0050442	0	0	0	991	71.6	29.67	488.56	29.352	29.61	0	101.4	5060.5	110205
68	"11:02:45"	315.5	0	3	20	1.47	487.7	29.34	0.1059	991	80.26	-506.06	71.41	27.59	0.25921	0.0037209	0	0	0	991	71.6	29.67	489.19	29.342	29.61	0	101.4	5060.6	110205
69	"11:02:47"	317.5	0	3	20	1.46	488.2	29.34	0.1056	991	80.27	-506.05	71.47	27.60	0.25875	0.0031944	0	0	0	991	71.6	29.67	489.53	29.362	29.60	0	101.4	5060.5	110205
70	"11:02:49"	319.5	0	3	20	1.4	488.7	29.35	0.1012	991	80.34	-506.05	71.49	27.59	0.24771	0.003551	0	0	0	991	71.6	29.67	489.98	29.366	29.60	0	101.4	5060.5	110205
71	"11:02:51"	321.5	0	3	20	1.44	489.2	29.36	0.1042	991	80.29	-506.06	71.50	27.60	0.25479	0.0039994	0	0	0	991	71.6	29.67	490.54	29.372	29.60	0	101.4	5060.6	110205
72	"11:02:53"	323.5	0	3	20	1.39	489.7	29.37	0.1007	991	80.34	-506.04	71.56	27.60	0.24633	0.0036654	0	0	0	991	71.6	29.66	491.19	29.389	29.60	0	101.4	5060.4	110205
73	"11:02:55"	325.5	0	3	20	1.44	490.2	29.37	0.104	991	80.36	-506.06	71.56	27.60	0.25454	0.0036422	0	0	0	991	71.6	29.66	491.36	29.390	29.60	0	101.4	5060.6	110205
74	"11:02:57"	327.5	0	3	20	1.51	490.7	29.38	0.109	991	80.39	-506.06	71.64	27.61	0.26688	0.0036871	0	0	0	991	71.6	29.66	492.32	29.421	29.60	0	101.4	5060.6	110205
75	"11:02:59"	329.5	0	3	20	1.62	491.3	29.39	0.1168	991	80.37	-506.07	71.57	27.59	0.28593	0.0039718	0	0	0	991	71.6	29.66	492.72	29.385	29.59	0	101.4	5060.7	110205
76	"11:03:01"	331.5	0	3	20	1.62	491.9	29.40	0.1172	991	80.49	-506.06	71.61	27.58	0.28693	0.0038386	0	0	0	991	71.6	29.66	493.32	29.402	29.59	0	101.4	5060.6	110205
77	"11:03:03"	333.5	0	3	20	1.65	492.4	29.40	0.1193	991	80.46	-506.05	71.65	27.59	0.2925	0.0031615	0	0	0	991	71.6	29.66	493.64	29.416	29.59	0	101.4	5060.5	110205
78	"11:03:05"	335.5	0	3	20	1.49	492.9	29.41	0.1079	991	80.60	-506.05	71.69	27.57	0.26436	0.003178	0	0	0	991	71.6	29.65	494.12	29.426	29.59	0	101.4	5060.5	110205
79	"11:03:07"	337.5	0	3	20	1.33	493.5	29.41	0.09643	991	80.51	-506.06	71.71	27.59	0.23652	0.002421	0	0	0	991	71.6	29.65	494.87	29.435	29.59	0	101.4	5060.6	110205
80	"11:03:09"	339.5	0	3	20	1.3	493.9	29.42	0.09418	991	80.50	-506.05	71.68	27.59	0.23106	0.0022239	0	0	0	991	71.6	29.65	495.01	29.418	29.59	0	101.4	5060.5	110205
81	"11:03:11"	341.5	0	3	20	1.24	494.4	29.42	0.08944	991	80.49	-506.07	71.75	27.60	0.21935	0.0023099	0	0	0	991	71.6	29.65	495.96	29.444	29.58	0	101.4	5060.7	110205
82	"11:03:13"	343.5	0	3	20	1.46	494.9	29.43	0.1053	991	80.61	-506.06	71.76	27.58	0.25827	0.0023833	0	0	0	991	71.6	29.65	496.35	29.446	29.58	0	101.4	5060.6	110205
83	"11:03:15"	345.5	0	3	20	1.57	495.5	29.44	0.1134	991	80.59	-506.07	71.77	27.58	0.27768	0.0038303	0	0	0	991	71.6	29.65	496.95	29.448	29.58	0	101.4	5060.7	110205
84	"11:03:17"	347.5	0	3	20	1.55	496.0	29.44	0.1122	991	80.69	-506.06	71.78	27.56	0.27463	0.003629	0	0	0	991	71.6	29.64	497.17	29.451	29.58	0	101.4	5060.6	110205
85	"11:03:19"	349.5	0	3	20	1.54	496.5	29.45	0.1115	991	80.63	-506.06	71.85	27.59	0.27272	0.0043874	0	0	0	991	71.6	29.64	497.88	29.473	29.58	0	101.4	5060.6	110205
86	"11:03:21"	351.5	0	3	20	1.34	497.0	29.46	0.09693	991	80.64	-506.06	71.87	27.59	0.2368	0.0042627	0	0	0	991	71.6	29.64	498.63	29.483	29.58	0	101.4	5060.6	110205
87	"11:03:23"	353.5	0	3	20	1.38	497.5	29.47	0.09987	991	80.70	-506.06	71.90	27.59	0.2435	0.005335	0	0	0	991	71.6	29.64	498.89	29.494	29.58	0	101.4	5060.6	110205
88	"11:03:25"	355.5	0	3	20	1.56	498.1	29.48	0.1125	991	80.74	-506.05	71.95	27.59	0.27429	0.0060364	0	0	0	991	71.6	29.64	499.46	29.510	29.57	0	101.4	5060.5	110205
89	"11:03:27"	357.5	0	3	20	1.49	498.6	29.49	0.1076	991	80.73	-506.05	71.90	27.58	0.26291	0.0044099	0	0	0	991	71.6	29.64	499.75	29.485	29.57	0	101.4	5060.5	110205
90	"11:03:29"	359.5	0	3	20	1.44	499.1	29.49	0.1043	991	80.78	-506.05	71.96	27.58	0.25586	0.0026512	0	0	0	991	71.6	29.64	500.36	29.507	29.57	0	101.4	5060.5	110205
91	"11:03:31"	361.5	0	3	20	1.38	499.6	29.50	0.09967	991	80.77	-506.06	71.97	27.58	0.24445	0.0025045	0	0	0	991	71.6	29.63	501.03	29.513	29.57	0	101.4	5060.6	110205
92	"11:03:33"	363.5	0	3	20	1.42	500.1	29.50	0.1023	991	80.81	-506.05	72.01	27.58	0.25097	0.0022324	0	0	0	991	71.6	29.63	501.54	29.525	29.57	0	101.4	5060.5	110205
93	"11:03:35"	365.5	0	3	20	1.54	500.7	29.51	0.1114	991	80.81	-506.06	72.00	27.58	0.27306	0.0030678	0	0	0	991	71.6	29.63	502.19	29.522	29.57	0	101.4	5060.6	110205
94	"11:03:37"	367.5	0	3	20	1.64	501.2	29.52	0.1184	991	80.88	-506.06	72.05	27.58	0.28996	0.0036174	0	0	0	991	71.6	29.63	502.62	29.541	29.57	0	101.4	5060.6	110205
95	"11:03:39"	369.5	0	3	20	1.53	501.7	29.52	0.1108	991	80.77	-506.05	72.00	27.59	0.27229	0.0018399	0	0	0	991	71.6	29.63	503.13	29.518	29.57	0	101.4	5060.5	110205
96	"11:03:41"	371.5	0	3	20	1.42	502.3	29.53	0.1024	991	80.93	-506.06	72.07	27.57	0.25086	0.0030163	0	0	0	991	71.6	29.63	503.79	29.543	29.56	0	101.4	5060.6	110205
97	"11:03:43"	373.5	0	3	20	1.42	502.8	29.53	0.1026	991	80.94	-506.07	72.06	27.56	0.25149	0.0028291	0	0	0	991	71.6	29.63	504.33	29.541	29.56	0	101.4	5060.7	110205
98	"11:03:45"	375.5	0	3	20	1.41	503.3	29.54	0.1017	991	80.88	-506.05	72.08	27.58	0.24912	0.0030343	0	0	0	991	71.6	29.63	504.83	29.547	29.56	0	101.4	5060.5	110205
99	"11:03:47"	377.5	0	3	20	1.48	503.8	29.54	0.1066	991	80.88	-506.07	72.08	27.58	0.26161	0.002427	0	0	0	991	71.6	29.63	505.09	29.546	29.56	0	101.4	5060.7	110205
100	"11:03:49"	379.5	0	3	20	1.39	504.3	29.55	0.1001	991	80.93	-506.05	72.13	27.58	0.24552	0.0024821	0	0	0	991	71.6	29.63	505.52	29.559	29.56	0	101.4	5060.5	110205
101	"11:03:51"	381.5	0	3	20	1.31	504.8	29.56	0.09501	991	81.00	-506.04	72.20	27.58	0.23229	0.0037193	0	0	0	991	71.6	29.63	506.12	29.585	29.56	0	101.4	5060.4	110205
102	"11:03:53"	383.5	0	3	20	1.34	505.3	29.56	0.09702	991	81.17	-506.06	72.24	27.55	0.2365	0.0051184	0	0	0	991	71.6	29.63	506.70	29.603	29.56	0	101.4	5060.6	110205
103	"11:03:55"	385.5	0	4	200	1.46	500.0	29.57	0.1054	991	81.08	-506.06	72.20	27.56	0.2642	0.0055816	-8.6129E-05	0.14851	0	991	71.6	29.62	507.44	29.587	29.56	0	101.4	5060.6	110205
104	"11:05:35"	485.0	0	3	8	1.24	480.6	29.52	0.08945	991	81.13	-506.06	72.25	27.52	0.21982	0.0013735	0	0	0	991	71.6	29.58	481.24	29.532	29.51	0	101.4	5060.6	110205
105	"11:05:37"	487.0	0	3	12	1.3	480.9	29.53	0.09422	991	81.21	-506.05	72.29	27.51	0.23068	0.0031691	0	0	0	991	71.6	29.58	481.61	29.548	29.51	0	101.4	5060.5	110205
106	"11:05:39"	489.0	0	3	16	1.46	481.1	29.53	0.1057	991	81.22	-506.05	72.29	27.51	0.25833	0.0044436	0	0	0	991	71.6	29.58	482.49	29.549	29.51	0	101.4	5060.5	110205
107	"11:05:41"	491.0	0	3	20	1.51	481.4	29.54	0.1091	991	81.22	-506.06	72.30	27.51	0.2671	0.0034375	0	0	0	991	71.6	29.58	482.76	29.549	29.51	0	101.4	5060.6	110205
108	"11:05:43"	493.0	0	3	20	1.59	481.9	29.54	0.1151	991	81.30	-506.06	72.36	27.51	0.28141	0.0044947	0	0	0	991	71.6	29.58	483.23	29.576	29.51	0	101.4	5060.6	110205
109	"11:05:45"	495.0	0	3	20	1.57	482.5	29.55	0.1133	991	81.29	-506.07	72.37	27.51	0.27701	0.0043764	0	0	0	991	71.6	29.58	483.76	29.578	29.51	0	101.4	5060.7	110205
110	"11:05:47"	497.0	0	3	20	1.5	483.0	29.56	0.1083	991	81.41	-506.06	72.41	27.49	0.26499	0.004095	0	0	0	991	71.6	29.58	484.39	29.593	29.51	0	101.4	5060.6	110205
111	"11:05:49"	499.0	0	3	20	1.51	483.6	29.57	0.1091	991	81.33	-506.06	72.40	27.51	0.26643	0.0048789	0	0	0	991	71.6	29.58	485.07	29.589	29.51	0	101.4	5060.6	110205
112	"11:05:51"	501.0	0	3	20	1.55	484.1	29.58	0.1117	991	81.51	-506.05	72.45	27.48	0.27328	0.0039278	0	0	0	991	71.6	29.58	485.44	29.607	29.51	0	101.4	5060.5	110205
113	"11:05:53"	503.0	0	3	20	1.46	484.6	29.59	0.1052	991	81.46	-506.06	72.46	27.49	0.25704	0.0043879	0	0	0	991	71.6	29.58	486.12	29.606	29.51	0	101.4	5060.6	110205
114	"11:05:55"	505.0	0	3	20	1.46	485.2	29.59	0.1054	991	81.52	-506.06	72.50	27.49	0.25807	0.0034059	0	0	0	991	71.6	29.58	486.41	29.622	29.51	0	101.4	5060.6	110205
115	"11:05:57"	507.0	0	3	20	1.4	485.7	29.60	0.1012	991	81.48	-506.06	72.45	27.49	0.24797	0.0028009	0	0	0	991	71.6	29.58	486.95	29.601	29.51	0	101.4	5060.6	110205
116	"11:05:59"	509.0	0	3	20	1.48	486.2	29.61	0.1072	991	81.50	-506.06	72.50	27.49	0.26318	0.002259	0	0	0	991	71.6	29.58	487.42	29.622	29.51	0	101.4	5060.6	110205
117	"11:06:01"	511.0	0	3	20	1.49	486.7	29.61	0.108	991	81.45	-506.06	72.53	27.51	0.26507	0.0021163	0	0	0	991	71.6	29.58	488.15	29.633	29.51	0	101.4	5060.6	110205
118	"11:06:03"	513.0	0	3	20	1.48	487.2	29.62	0.1067	991	81.50	-506.06	72.58	27.51	0.26125	0.0032767	0	0	0	991	71.6	29.58	488.67	29.652	29.51	0	101.4	5060.6	110205
119	"11:06:05"	515.0	0	3	20	1.48	487.8	29.63	0.1067	991	81.51	-506.05	72.55	27.50	0.26109	0.0038723	0	0	0	991	71.6	29.57	489.08	29.638	29.51	0	101.4	5060.5	110205
120	"11:06:07"	517.0	0	3	20	1.4	488.3	29.63	0.1011	991	81.60	-506.05	72.60	27.49	0.24695	0.0043413	0	0	0	991	71.6	29.57	489.38	29.655	29.50	0	101.4	5060.5	110205
121	"11:06:09"	519.0	0	3	20	1.41	488.8	29.64	0.1022	991	81.55	-506.05	72.58	27.50	0.25006	0.0037219	0	0	0	991	71.6	29.58	490.21	29.650	29.50	0	101.4	5060.5	110205
122	"11:06:11"	521.0	0	3	20	1.4	489.3	29.65	0.1014	991	81.60	-506.07	72.62	27.50	0.24825	0.0031651	0	0	0	991	71.6	29.58	490.89	29.667	29.51	0	101.4	5060.7	110205
123	"11:06:13"	523.0	0	3	20	1.55	489.8	29.65	0.1122	991	81.62	-506.04	72.62	27.49	0.27544	0.0024035	0	0	0	991	71.6	29.57	491.06	29.665	29.50	0	101.4	5060.4	110205
124	"11:06:15"	525.0	0	3	20	1.57	490.3	29.66	0.1136	991	81.62	-506.06	72.64	27.50	0.27794	0.0039695	0	0	0	991	71.6	29.57	491.77	29.676	29.50	0	101.4	5060.6	110205
125	"11:06:17"	527.0	0	3	20	1.59	490.9	29.67	0.1147	991	81.63	-506.05	72.67	27.50	0.2805	0.0044142	0	0	0	991	71.6	29.57	492.32	29.682	29.50	0	101.4	5060.5	110205
126	"11:06:19"	529.0	0	3	20	1.41	491.4	29.68	0.1015	991	81.71	-506.07	72.69	27.49	0.24823	0.0039074	0	0	0	991	71.6	29.57	492.85	29.692	29.50	0	101.4	5060.7	110205
127	"11:06:21"	531.0	0	3	20	1.32	491.9	29.68	0.09506	991	81.67	-506.06	72.69	27.50	0.23245	0.0036665	0	0	0	991	71.6	29.57	493.24	29.693	29.50	0	101.4	5060.6	110205
128	"11:06:23"	533.0	0	3	20	1.35	492.4	29.69	0.09746	991	81.71	-506.06	72.72	27.50	0.2387	0.0029646	0	0	0	991	71.6	29.57	493.77	29.704	29.50	0	101.4	5060.6	110205
129	"11:06:25"	535.0	0	3	20	1.38	492.9	29.70	0.09959	991	81.63	-506.05	72.72	27.51	0.24382	0.003241	0	0	0	991	71.6	29.57	494.39	29.701	29.50	0	101.4	5060.5	110205
130	"11:06:27"	537.0	0	3	20	1.45	493.4	29.70	0.1046	991	81.80	-506.05	72.77	27.49	0.25655	0.0025456	0	0	0	991	71.6	29.57	494.46	29.720	29.50	0	101.4	5060.5	110205
131	"11:06:29"	539.0	0	3	20	1.47	493.9	29.71	0.1061	991	81.68	-506.06	72.78	27.52	0.26025	0.0023345	0	0	0	991	71.6	29.57	495.37	29.726	29.50	0	101.4	5060.6	110205
132	"11:06:31"	541.0	0	3	20	1.53	494.4	29.71	0.1103	991	81.74	-506.05	72.78	27.50	0.27057	0.0027327	0	0	0	991	71.6	29.57	496.05	29.723	29.50	0	101.4	5060.5	110205
133	"11:06:33"	543.0	0	3	20	1.56	495.0	29.72	0.1126	991	81.80	-506.06	72.80	27.49	0.27603	0.0031448	0	0	0	991	71.6	29.57	496.33	29.731	29.50	0	101.4	5060.6	110205
134	"11:06:35"	545.0	0	3	20	1.52	495.5	29.72	0.11	991	81.87	-506.05	72.86	27.49	0.26912	0.0040873	0	0	0	991	71.6	29.57	496.69	29.750	29.50	0	101.4	5060.5	110205
135	"11:06:37"	547.0	0	3	20	1.46	496.0	29.73	0.1058	991	81.88	-506.05	72.84	27.48	0.25929	0.0028406	0	0	0	991	71.6	29.57	497.62	29.744	29.50	0	101.4	5060.5	110205
136	"11:06:39"	549.0	0	3	20	1.45	496.6	29.74	0.1047	991	81.96	-506.06	72.90	27.48	0.25686	0.0023073	0	0	0	991	71.6	29.57	497.96	29.765	29.50	0	101.4	5060.6	110205
137	"11:06:41"	551.0	0	3	20	1.45	497.1	29.74	0.1047	991	81.91	-506.07	72.88	27.48	0.25637	0.0032976	0	0	0	991	71.6	29.57	498.32	29.754	29.49	0	101.4	5060.7	110205
138	"11:06:43"	553.0	0	3	20	1.46	497.6	29.75	0.1053	991	81.93	-506.07	72.89	27.48	0.25788	0.0029764	0	0	0	991	71.6	29.57	498.92	29.758	29.50	0	101.4	5060.7	110205
139	"11:06:45"	555.0	0	3	20	1.51	498.1	29.75	0.1088	991	81.91	-506.05	72.89	27.49	0.26639	0.0033179	0	0	0	991	71.6	29.56	499.81	29.761	29.50	0	101.4	5060.5	110205
140	"11:06:47"	557.0	0	3	20	1.54	498.7	29.76	0.1115	991	81.96	-506.06	72.97	27.49	0.27309	0.0035653	0	0	0	991	71.6	29.56	500.30	29.789	29.49	0	101.4	5060.6	110205
141	"11:06:49"	559.0	0	3	20	1.7	499.3	29.77	0.1226	991	81.92	-506.06	72.97	27.50	0.30037	0.0035294	0	0	0	991	71.6	29.56	500.71	29.790	29.49	0	101.4	5060.6	110205
142	"11:06:51"	561.0	0	3	20	1.6	499.8	29.78	0.1155	991	81.92	-506.06	72.96	27.50	0.28268	0.003645	0	0	0	991	71.6	29.56	501.25	29.784	29.49	0	101.4	5060.6	110205
143	"11:06:53"	563.0	0	3	20	1.48	500.4	29.78	0.1072	991	81.98	-506.06	72.98	27.49	0.26296	0.0026268	0	0	0	991	71.6	29.56	501.74	29.790	29.49	0	101.4	5060.6	110205
144	"11:06:55"	565.0	0	3	20	1.4	500.9	29.79	0.101	991	81.98	-506.05	72.98	27.49	0.24825	0.0010992	0	0	0	991	71.6	29.56	502.24	29.788	29.49	0	101.4	5060.5	110205
145	"11:06:57"	567.0	0	3	20	1.35	501.4	29.79	0.09789	991	82.02	-506.06	73.05	27.49	0.24039	0.0017036	0	0	0	991	71.6	29.56	502.51	29.813	29.49	0	101.4	5060.6	110205
146	"11:06:59"	569.0	0	3	20	1.43	501.9	29.79	0.1031	991	82.03	-506.05	73.04	27.49	0.25297	0.0023458	0	0	0	991	71.6	29.56	503.44	29.812	29.49	0	101.4	5060.5	110205
147	"11:07:01"	571.0	0	3	20	1.42	502.4	29.80	0.1025	991	82.02	-506.06	73.04	27.49	0.25066	0.0038503	0	0	0	991	71.6	29.56	503.55	29.809	29.49	0	101.4	5060.6	110205
148	"11:07:03"	573.0	0	3	20	1.46	502.9	29.81	0.1058	991	82.06	-506.06	73.07	27.49	0.25886	0.0036726	0	0	0	991	71.6	29.56	504.22	29.822	29.49	0	101.4	5060.6	110205
149	"11:07:05"	575.0	0	3	20	1.47	503.4	29.81	0.1062	991	82.01	-506.05	73.11	27.51	0.2602	0.0032175	0	0	0	991	71.6	29.56	504.47	29.831	29.48	0	101.4	5060.5	110205
150	"11:07:07"	577.0	0	3	20	1.41	503.9	29.82	0.1016	991	82.12	-506.06	73.10	27.48	0.24873	0.0033384	0	0	0	991	71.6	29.56	505.45	29.828	29.48	0	101.4	5060.6	110205
151	"11:07:09"	579.0	0	3	20	1.46	504.5	29.83	0.1054	991	82.12	-506.06	73.10	27.48	0.25855	0.002474	0	0	0	991	71.6	29.56	505.96	29.827	29.48	0	101.4	5060.6	110205
152	"11:07:11"	581.0	0	3	20	1.57	505.0	29.83	0.1135	991	82.25	-506.05	73.15	27.46	0.27861	0.0022368	0	0	0	991	71.6	29.56	506.45	29.843	29.48	0	101.4	5060.5	110205
153	"11:07:13"	583.0	0	3	20	1.55	505.5	29.84	0.1122	991	82.23	-506.08	73.17	27.47	0.27553	0.0017423	0	0	0	991	71.6	29.55	506.85	29.855	29.48	0	101.4	5060.8	110205
154	"11:07:15"	585.0	0	4	200	1.48	500.0	29.84	0.1071	991	82.20	-506.06	73.15	27.47	0.26845	0.0018973	5.6996E-05	0.078641	0	991	71.6	29.55	507.29	29.844	29.48	0	101.4	5060.6	110205
155	"11:08:52"	682.5	0	3	8	2.03	480.4	29.70	0.1469	991	81.99	-506.05	73.05	27.44	0.36215	-0.00011667	0	0	0	991	71.6	29.49	480.98	29.701	29.42	0	101.4	5060.5	110205
156	"11:08:54"	684.5	0	3	12	1.68	480.6	29.71	0.1212	991	82.08	-506.06	73.08	27.42	0.29745	0.002317	0	0	0	991	71.6	29.49	481.40	29.712	29.42	0	101.4	5060.6	110205
157	"11:08:56"	686.5	0	3	16	1.54	480.9	29.71	0.1113	991	82.05	-506.06	73.07	27.43	0.27349	0.0017868	0	0	0	991	71.6	29.49	482.14	29.705	29.42	0	101.4	5060.6	110205
158	"11:08:58"	688.5	0	3	20	1.53	481.2	29.71	0.1106	991	82.11	-506.06	73.17	27.44	0.27148	0.0023263	0	0	0	991	71.6	29.49	482.67	29.747	29.42	0	101.4	5060.6	110205
159	"11:09:00"	690.5	0	3	20	1.46	481.7	29.72	0.1057	991	82.13	-506.04	73.16	27.43	0.25891	0.0032352	0	0	0	991	71.6	29.48	483.14	29.738	29.42	0	101.4	5060.4	110205
160	"11:09:02"	692.5	0	3	20	1.52	482.2	29.72	0.1102	991	82.15	-506.06	73.19	27.43	0.26992	0.0031461	0	0	0	991	71.6	29.48	483.73	29.745	29.42	0	101.4	5060.6	110205
161	"11:09:04"	694.5	0	3	20	1.62	482.8	29.73	0.1169	991	82.13	-506.05	73.22	27.44	0.28619	0.0037311	0	0	0	991	71.6	29.48	484.20	29.753	29.41	0	101.4	5060.5	110205
162	"11:09:06"	696.5	0	3	20	1.48	483.3	29.74	0.1073	991	82.15	-506.06	73.19	27.43	0.26288	0.002842	0	0	0	991	71.6	29.48	484.83	29.744	29.41	0	101.4	5060.6	110205
163	"11:09:08"	698.5	0	3	20	1.59	483.9	29.74	0.1148	991	82.23	-506.06	73.22	27.42	0.28166	0.002714	0	0	0	991	71.6	29.48	485.12	29.756	29.41	0	101.4	5060.6	110205
164	"11:09:10"	700.5	0	3	20	1.52	484.4	29.75	0.1096	991	82.28	-506.06	73.24	27.41	0.26874	0.0027078	0	0	0	991	71.6	29.48	485.96	29.761	29.41	0	101.4	5060.6	110205
165	"11:09:12"	702.5	0	3	20	1.53	485.0	29.75	0.1104	991	82.22	-506.07	73.23	27.42	0.27093	0.0024146	0	0	0	991	71.6	29.48	486.20	29.756	29.41	0	101.4	5060.7	110205
166	"11:09:14"	704.5	0	3	20	1.52	485.5	29.76	0.1099	991	82.26	-506.05	73.26	27.42	0.26996	0.0016627	0	0	0	991	71.6	29.48	486.90	29.767	29.41	0	101.4	5060.5	110205
167	"11:09:16"	706.5	0	3	20	1.4	486.0	29.76	0.1014	991	82.13	-506.07	73.25	27.44	0.24909	0.0016067	0	0	0	991	71.6	29.48	487.53	29.759	29.41	0	101.4	5060.7	110205
168	"11:09:18"	708.5	0	3	20	1.52	486.5	29.76	0.1098	991	82.23	-506.06	73.30	27.43	0.26953	0.0021672	0	0	0	991	71.6	29.48	488.08	29.781	29.41	0	101.4	5060.6	110205
169	"11:09:20"	710.5	0	3	20	1.43	487.1	29.77	0.1034	991	82.19	-506.06	73.31	27.44	0.25315	0.0031407	0	0	0	991	71.6	29.47	488.73	29.780	29.41	0	101.4	5060.6	110205
170	"11:09:22"	712.5	0	3	20	1.46	487.6	29.77	0.1053	991	82.25	-506.06	73.34	27.43	0.25819	0.0026795	0	0	0	991	71.6	29.47	488.65	29.787	29.40	0	101.4	5060.6	110205
171	"11:09:24"	714.5	0	3	20	1.3	488.1	29.78	0.0939	991	82.25	-506.06	73.33	27.43	0.23044	0.0019187	0	0	0	991	71.6	29.47	489.14	29.785	29.40	0	101.4	5060.6	110205
172	"11:09:26"	716.5	0	3	20	1.25	488.5	29.78	0.09001	991	82.33	-506.06	73.38	27.42	0.22131	0.00094969	0	0	0	991	71.6	29.47	489.94	29.797	29.40	0	101.4	5060.6	110205
173	"11:09:28"	718.5	0	3	20	1.35	489.0	29.78	0.09732	991	82.35	-506.06	73.36	27.41	0.23964	0.00032775	0	0	0	991	71.6	29.47	490.39	29.786	29.40	0	101.4	5060.6	110205
174	"11:09:30"	720.5	0	3	20	1.49	489.5	29.78	0.1073	991	82.34	-506.06	73.41	27.42	0.26399	0.00091822	0	0	0	991	71.6	29.46	491.19	29.807	29.40	0	101.4	5060.6	110205
175	"11:09:32"	722.5	0	3	20	1.66	490.1	29.79	0.1197	991	82.28	-506.05	73.37	27.43	0.29454	0.00069478	0	0	0	991	71.6	29.46	491.44	29.788	29.40	0	101.4	5060.5	110205
176	"11:09:34"	724.5	0	3	20	1.58	490.6	29.79	0.1143	991	82.30	-506.05	73.42	27.43	0.28024	0.0026816	0	0	0	991	71.6	29.46	492.17	29.805	29.40	0	101.4	5060.5	110205
177	"11:09:36"	726.5	0	3	20	1.47	491.2	29.80	0.1061	991	82.36	-506.06	73.43	27.42	0.25967	0.0034642	0	0	0	991	71.6	29.46	492.55	29.807	29.39	0	101.4	5060.6	110205
178	"11:09:38"	728.5	0	3	20	1.42	491.7	29.80	0.1027	991	82.31	-506.06	73.45	27.43	0.25173	0.0028291	0	0	0	991	71.6	29.46	493.07	29.811	29.39	0	101.4	5060.6	110205
179	"11:09:40"	730.5	0	3	20	1.48	492.2	29.81	0.1067	991	82.38	-506.06	73.48	27.42	0.26189	0.0022534	0	0	0	991	71.6	29.46	493.40	29.820	29.39	0	101.4	5060.6	110205
180	"11:09:42"	732.5	0	3	20	1.48	492.7	29.81	0.1069	991	82.51	-506.07	73.54	27.41	0.26213	0.0022725	0	0	0	991	71.6	29.46	494.05	29.844	29.39	0	101.4	5060.7	110205
181	"11:09:44"	734.5	0	3	20	1.46	493.3	29.82	0.1055	991	82.56	-506.05	73.52	27.39	0.25865	0.0026256	0	0	0	991	71.6	29.45	494.68	29.827	29.39	0	101.4	5060.5	110205
182	"11:09:46"	736.5	0	3	20	1.53	493.8	29.82	0.1109	991	82.42	-506.05	73.50	27.42	0.27159	0.0031705	0	0	0	991	71.6	29.45	495.20	29.821	29.39	0	101.4	5060.5	110205
183	"11:09:48"	738.5	0	3	20	1.5	494.3	29.83	0.108	991	82.46	-506.06	73.56	27.42	0.26523	0.0019554	0	0	0	991	71.6	29.45	495.69	29.842	29.38	0	101.4	5060.6	110205
184	"11:09:50"	740.5	0	3	20	1.49	494.8	29.83	0.1073	991	82.49	-506.05	73.54	27.41	0.26374	0.00137	0	0	0	991	71.6	29.45	495.81	29.831	29.38	0	101.4	5060.5	110205
185	"11:09:52"	742.5	0	3	20	1.37	495.3	29.84	0.09892	991	82.55	-506.07	73.58	27.40	0.24288	0.0016805	0	0	0	991	71.6	29.45	496.52	29.848	29.38	0	101.4	5060.7	110205
186	"11:09:54"	744.5	0	3	20	1.35	495.8	29.84	0.09718	991	82.51	-506.06	73.57	27.41	0.23846	0.0019568	0	0	0	991	71.6	29.45	497.34	29.841	29.38	0	101.4	5060.6	110205
187	"11:09:56"	746.5	0	3	20	1.36	496.3	29.84	0.09853	991	82.67	-506.05	73.61	27.38	0.24197	0.001549	0	0	0	991	71.6	29.44	497.52	29.853	29.38	0	101.4	5060.5	110205
188	"11:09:58"	748.5	0	3	20	1.44	496.8	29.85	0.104	991	82.55	-506.06	73.60	27.40	0.25534	0.0016118	0	0	0	991	71.6	29.44	498.19	29.848	29.38	0	101.4	5060.6	110205
189	"11:10:00"	750.5	0	3	20	1.47	497.3	29.85	0.1063	991	82.57	-506.06	73.61	27.40	0.26103	0.0015864	0	0	0	991	71.6	29.44	498.73	29.853	29.38	0	101.4	5060.6	110205
190	"11:10:02"	752.5	0	3	20	1.54	497.9	29.85	0.1115	991	82.57	-506.07	73.63	27.40	0.2739	0.0014092	0	0	0	991	71.6	29.44	499.69	29.854	29.38	0	101.4	5060.7	110205
191	"11:10:04"	754.5	0	3	20	1.75	498.4	29.86	0.1264	991	82.65	-506.06	73.67	27.39	0.31024	0.0023453	0	0	0	991	71.6	29.44	499.95	29.869	29.37	0	101.4	5060.6	110205
192	"11:10:06"	756.5	0	3	20	1.75	499.0	29.86	0.1264	991	82.70	-506.06	73.66	27.38	0.31051	0.0019879	0	0	0	991	71.6	29.44	500.35	29.863	29.37	0	101.4	5060.6	110205
193	"11:10:08"	758.5	0	3	20	1.6	499.6	29.86	0.1155	991	82.71	-506.06	73.70	27.39	0.28351	0.0019462	0	0	0	991	71.6	29.44	500.87	29.875	29.37	0	101.4	5060.6	110205
194	"11:10:10"	760.5	0	3	20	1.41	500.1	29.87	0.102	991	82.81	-506.05	73.76	27.38	0.25047	0.0016272	0	0	0	991	71.6	29.44	501.34	29.896	29.37	0	101.4	5060.5	110205
195	"11:10:12"	762.5	0	3	20	1.25	500.6	29.87	0.09031	991	82.69	-506.07	73.73	27.39	0.22134	0.0022822	0	0	0	991	71.6	29.43	501.94	29.883	29.37	0	101.4	5060.7	110205
196	"11:10:14"	764.5	0	3	20	1.34	501.1	29.88	0.09652	991	82.74	-506.07	73.76	27.39	0.23696	0.0016817	0	0	0	991	71.6	29.43	502.35	29.894	29.37	0	101.4	5060.7	110205
197	"11:10:16"	766.5	0	3	20	1.37	501.6	29.88	0.09921	991	82.77	-506.06	73.78	27.38	0.24353	0.0017632	0	0	0	991	71.6	29.43	502.85	29.895	29.36	0	101.4	5060.6	110205
198	"11:10:18"	768.5	0	3	20	1.43	502.1	29.88	0.1032	991	82.80	-506.06	73.77	27.38	0.25316	0.0022956	0	0	0	991	71.6	29.43	503.84	29.892	29.36	0	101.4	5060.6	110205
199	"11:10:20"	770.5	0	3	20	1.63	502.6	29.89	0.1176	991	82.71	-506.06	73.76	27.39	0.28965	0.00030865	0	0	0	991	71.6	29.43	504.21	29.885	29.36	0	101.4	5060.6	110205
200	"11:10:22"	772.5	0	3	20	1.64	503.2	29.89	0.1187	991	82.73	-506.07	73.78	27.39	0.29165	0.0013524	0	0	0	991	71.6	29.43	504.51	29.893	29.36	0	101.4	5060.7	110205
201	"11:10:24"	774.5	0	3	20	1.59	503.7	29.89	0.1148	991	82.77	-506.06	73.83	27.39	0.28302	-0.00046303	0	0	0	991	71.6	29.42	505.26	29.909	29.36	0	101.4	5060.6	110205
202	"11:10:26"	776.5	0	3	20	1.51	504.3	29.89	0.1089	991	82.79	-506.04	73.83	27.39	0.26766	0.0012238	0	0	0	991	71.6	29.42	505.57	29.902	29.36	0	101.4	5060.4	110205
203	"11:10:28"	778.5	0	3	20	1.35	504.8	29.90	0.09756	991	82.75	-506.06	73.83	27.40	0.2389	0.002822	0	0	0	991	71.6	29.42	506.14	29.906	29.36	0	101.4	5060.6	110205
204	"11:10:30"	780.5	0	3	20	1.44	505.3	29.90	0.1038	991	82.84	-506.05	73.84	27.38	0.25434	0.0027272	0	0	0	991	71.6	29.42	506.48	29.902	29.35	0	101.4	5060.5	110205
205	"11:10:32"	782.5	0	4	200	1.47	500.0	29.90	0.1062	991	82.74	-506.05	73.86	27.40	0.25284	0.0017862	-0.00021124	0.21182	0	991	71.6	29.42	507.28	29.907	29.35	0	101.4	5060.5	110205
206	"11:12:12"	882.5	0	3	8	1.31	480.6	29.75	0.0943	991	82.50	-506.05	73.76	27.36	0.23099	0.0027002	0	0	0	991	71.6	29.35	481.57	29.753	29.29	0	101.4	5060.5	110205
207	"11:12:14"	884.5	0	3	12	1.55	480.9	29.76	0.112	991	82.52	-506.05	73.81	27.37	0.27366	0.0046036	0	0	0	991	71.6	29.35	481.80	29.772	29.28	0	101.4	5060.5	110205
208	"11:12:16"	886.5	0	3	16	1.45	481.2	29.76	0.1047	991	82.57	-506.06	73.85	27.36	0.25576	0.0046472	0	0	0	991	71.6	29.35	482.28	29.786	29.28	0	101.4	5060.6	110205
209	"11:12:18"	888.5	0	3	20	1.53	481.4	29.76	0.1107	991	82.58	-506.05	73.81	27.35	0.27056	0.0044904	0	0	0	991	71.6	29.35	483.01	29.770	29.28	0	101.4	5060.5	110205
210	"11:12:20"	890.5	0	3	20	1.63	482.0	29.77	0.1178	991	82.59	-506.07	73.89	27.37	0.2887	0.003307	0	0	0	991	71.6	29.35	483.41	29.801	29.28	0	101.4	5060.7	110205
211	"11:12:22"	892.5	0	3	20	1.6	482.6	29.78	0.1158	991	82.57	-506.07	73.87	27.37	0.28361	0.003295	0	0	0	991	71.6	29.35	483.94	29.792	29.28	0	101.4	5060.7	110205
212	"11:12:24"	894.5	0	3	20	1.63	483.1	29.79	0.1181	991	82.52	-506.07	73.89	27.38	0.28955	0.0029323	0	0	0	991	71.6	29.34	484.68	29.796	29.28	0	101.4	5060.7	110205
213	"11:12:26"	896.5	0	3	20	1.46	483.7	29.79	0.1052	991	82.69	-506.06	73.91	27.35	0.2578	0.0025245	0	0	0	991	71.6	29.34	484.93	29.798	29.28	0	101.4	5060.6	110205
214	"11:12:28"	898.5	0	3	20	1.33	484.2	29.79	0.09586	991	82.63	-506.06	73.89	27.35	0.23519	0.0019599	0	0	0	991	71.6	29.34	485.59	29.792	29.28	0	101.4	5060.6	110205
215	"11:12:30"	900.5	0	3	20	1.39	484.7	29.80	0.1006	991	82.64	-506.07	73.89	27.35	0.24775	0.00017449	0	0	0	991	71.6	29.34	485.88	29.789	29.28	0	101.4	5060.7	110205
216	"11:12:32"	902.5	0	3	20	1.34	485.1	29.80	0.09646	991	82.61	-506.07	73.95	27.37	0.23727	0.00078303	0	0	0	991	71.6	29.34	486.81	29.814	29.27	0	101.4	5060.7	110205
217	"11:12:34"	904.5	0	3	20	1.4	485.6	29.80	0.1009	991	82.68	-506.07	74.01	27.37	0.24741	0.0023385	0	0	0	991	71.6	29.34	486.92	29.832	29.27	0	101.4	5060.7	110205
218	"11:12:36"	906.5	0	3	20	1.49	486.2	29.81	0.1074	991	82.70	-506.06	74.00	27.36	0.26303	0.003099	0	0	0	991	71.6	29.34	487.58	29.827	29.27	0	101.4	5060.6	110205
219	"11:12:38"	908.5	0	3	20	1.43	486.7	29.81	0.1031	991	82.77	-506.05	74.01	27.35	0.25186	0.0040726	0	0	0	991	71.6	29.34	487.99	29.831	29.27	0	101.4	5060.5	110205
220	"11:12:40"	910.5	0	3	20	1.58	487.2	29.82	0.114	991	82.86	-506.05	74.02	27.33	0.27936	0.0027604	0	0	0	991	71.6	29.34	488.67	29.837	29.27	0	101.4	5060.5	110205
221	"11:12:42"	912.5	0	3	20	1.5	487.8	29.82	0.108	991	82.87	-506.06	74.01	27.33	0.26516	0.0018605	0	0	0	991	71.6	29.33	488.87	29.827	29.27	0	101.4	5060.6	110205
222	"11:12:44"	914.5	0	3	20	1.45	488.3	29.83	0.1049	991	82.83	-506.05	74.06	27.34	0.25752	0.0015708	0	0	0	991	71.6	29.33	489.72	29.846	29.27	0	101.4	5060.5	110205
223	"11:12:46"	916.5	0	3	20	1.54	488.8	29.83	0.1111	991	82.96	-506.07	74.09	27.32	0.27273	0.0018062	0	0	0	991	71.6	29.33	490.48	29.857	29.27	0	101.4	5060.7	110205
224	"11:12:48"	918.5	0	3	20	1.55	489.4	29.84	0.1117	991	82.97	-506.06	74.08	27.32	0.27369	0.0027884	0	0	0	991	71.6	29.33	490.79	29.847	29.27	0	101.4	5060.6	110205
225	"11:12:50"	920.5	0	3	20	1.58	489.9	29.84	0.1139	991	82.97	-506.06	74.10	27.32	0.27938	0.002231	0	0	0	991	71.6	29.33	491.29	29.853	29.26	0	101.4	5060.6	110205
226	"11:12:52"	922.5	0	3	20	1.59	490.5	29.85	0.1147	991	83.00	-506.07	74.13	27.32	0.28103	0.0030727	0	0	0	991	71.6	29.33	492.02	29.868	29.26	0	101.4	5060.7	110205
227	"11:12:54"	924.5	0	3	20	1.45	491.0	29.85	0.1047	991	83.07	-506.06	74.12	27.30	0.2565	0.0025708	0	0	0	991	71.6	29.33	492.24	29.858	29.26	0	101.4	5060.6	110205
228	"11:12:56"	926.5	0	3	20	1.49	491.5	29.86	0.108	991	83.03	-506.07	74.14	27.31	0.26508	0.0017891	0	0	0	991	71.6	29.32	492.93	29.866	29.26	0	101.4	5060.7	110205
229	"11:12:58"	928.5	0	3	20	1.46	492.1	29.86	0.1057	991	83.03	-506.07	74.15	27.32	0.25948	0.0016208	0	0	0	991	71.6	29.33	493.70	29.866	29.26	0	101.4	5060.7	110205
230	"11:13:00"	930.5	0	3	20	1.57	492.6	29.86	0.1134	991	83.00	-506.06	74.21	27.33	0.27891	0.00076638	0	0	0	991	71.6	29.32	493.94	29.889	29.26	0	101.4	5060.6	110205
231	"11:13:02"	932.5	0	3	20	1.59	493.2	29.87	0.1151	991	83.00	-506.06	74.20	27.33	0.28246	0.0022884	0	0	0	991	71.6	29.32	494.46	29.884	29.26	0	101.4	5060.6	110205
232	"11:13:04"	934.5	0	3	20	1.31	493.6	29.87	0.0948	991	82.96	-506.06	74.17	27.33	0.23249	0.0021018	0	0	0	991	71.6	29.32	494.90	29.868	29.26	0	101.4	5060.6	110205
233	"11:13:06"	936.5	0	3	20	1.37	494.1	29.87	0.09879	991	83.05	-506.06	74.20	27.32	0.24275	0.0012184	0	0	0	991	71.6	29.32	495.55	29.878	29.25	0	101.4	5060.6	110205
234	"11:13:08"	938.5	0	3	20	1.29	494.7	29.88	0.09328	991	83.03	-506.05	74.20	27.32	0.22892	0.0017042	0	0	0	991	71.6	29.32	496.02	29.876	29.25	0	101.4	5060.5	110205
235	"11:13:10"	940.5	0	3	20	1.38	495.1	29.88	0.09972	991	83.05	-506.05	74.25	27.33	0.24553	0.00029373	0	0	0	991	71.6	29.32	496.46	29.895	29.25	0	101.4	5060.5	110205
236	"11:13:12"	942.5	0	3	20	1.57	495.6	29.88	0.1133	991	83.16	-506.06	74.28	27.31	0.27794	0.0022769	0	0	0	991	71.6	29.32	497.22	29.905	29.25	0	101.4	5060.6	110205
237	"11:13:14"	944.5	0	3	20	1.54	496.2	29.89	0.1114	991	83.19	-506.07	74.28	27.30	0.27288	0.0032247	0	0	0	991	71.6	29.32	497.75	29.902	29.25	0	101.4	5060.7	110205
238	"11:13:16"	946.5	0	3	20	1.61	496.8	29.89	0.1161	991	83.18	-506.07	74.30	27.31	0.28456	0.0029645	0	0	0	991	71.6	29.31	498.47	29.911	29.25	0	101.4	5060.7	110205
239	"11:13:18"	948.5	0	3	20	1.59	497.3	29.90	0.115	991	83.15	-506.06	74.30	27.31	0.28132	0.0037859	0	0	0	991	71.6	29.31	498.23	29.908	29.25	0	101.4	5060.6	110205
240	"11:13:20"	950.5	0	3	20	1.31	497.8	29.90	0.09471	991	83.11	-506.06	74.27	27.31	0.23271	0.0011529	0	0	0	991	71.6	29.31	499.15	29.893	29.25	0	101.4	5060.6	110205
241	"11:13:22"	952.5	0	3	20	1.21	498.3	29.90	0.0877	991	83.16	-506.06	74.30	27.31	0.21614	-0.00019215	0	0	0	991	71.6	29.31	499.58	29.904	29.25	0	101.4	5060.6	110205
242	"11:13:24"	954.5	0	3	20	1.14	498.7	29.90	0.08254	991	83.18	-506.05	74.29	27.30	0.20351	-0.00037616	0	0	0	991	71.6	29.31	499.72	29.896	29.24	0	101.4	5060.5	110205
243	"11:13:26"	956.5	0	3	20	1.22	499.2	29.90	0.08846	991	83.14	-506.06	74.31	27.31	0.21848	-0.0010758	0	0	0	991	71.6	29.31	500.60	29.904	29.24	0	101.4	5060.6	110205
244	"11:13:28"	958.5	0	3	20	1.44	499.6	29.90	0.1039	991	83.26	-506.06	74.33	27.29	0.25562	0.00038413	0	0	0	991	71.6	29.31	500.79	29.910	29.24	0	101.4	5060.6	110205
245	"11:13:30"	960.5	0	3	20	1.34	500.1	29.91	0.09688	991	83.25	-506.06	74.37	27.30	0.23781	0.0016375	0	0	0	991	71.6	29.31	501.87	29.924	29.24	0	101.4	5060.6	110205
246	"11:13:32"	962.5	0	3	20	1.64	500.7	29.91	0.1182	991	83.13	-506.06	74.35	27.32	0.28941	0.0033288	0	0	0	991	71.6	29.31	502.08	29.913	29.24	0	101.4	5060.6	110205
247	"11:13:34"	964.5	0	3	20	1.51	501.2	29.91	0.1092	991	83.18	-506.06	74.36	27.31	0.2676	0.0028271	0	0	0	991	71.6	29.30	502.64	29.916	29.24	0	101.4	5060.6	110205
248	"11:13:36"	966.5	0	3	20	1.48	501.7	29.92	0.1069	991	83.19	-506.07	74.39	27.32	0.26263	0.0013146	0	0	0	991	71.6	29.30	502.88	29.925	29.24	0	101.4	5060.7	110205
249	"11:13:38"	968.5	0	3	20	1.46	502.2	29.92	0.1051	991	83.23	-506.05	74.40	27.31	0.25909	-0.00023234	0	0	0	991	71.6	29.30	503.31	29.925	29.23	0	101.4	5060.5	110205
250	"11:13:40"	970.5	0	3	20	1.22	502.8	29.92	0.08803	991	83.27	-506.06	74.44	27.31	0.21677	0.00016439	0	0	0	991	71.6	29.30	503.92	29.941	29.23	0	101.4	5060.6	110205
251	"11:13:42"	972.5	0	3	20	1.45	503.2	29.92	0.1048	991	83.19	-506.07	74.42	27.32	0.2572	0.0020945	0	0	0	991	71.6	29.30	504.82	29.933	29.23	0	101.4	5060.7	110205
252	"11:13:44"	974.5	0	3	20	1.6	503.8	29.93	0.1153	991	83.25	-506.05	74.43	27.31	0.28314	0.0015942	0	0	0	991	71.6	29.30	505.31	29.932	29.23	0	101.4	5060.5	110205
253	"11:13:46"	976.5	0	3	20	1.7	504.3	29.93	0.1226	991	83.24	-506.06	74.45	27.31	0.30107	0.0017269	0	0	0	991	71.6	29.29	505.56	29.937	29.23	0	101.4	5060.6	110205
254	"11:13:48"	978.5	0	3	20	1.63	504.9	29.93	0.1175	991	83.30	-506.07	74.48	27.30	0.28895	0.00081263	0	0	0	991	71.6	29.29	506.41	29.948	29.23	0	101.4	5060.7	110205
255	"11:13:50"	980.5	0	3	20	1.47	505.5	29.94	0.1063	991	83.36	-506.06	74.49	27.29	0.26083	0.002004	0	0	0	991	71.6	29.29	506.80	29.949	29.23	0	101.4	5060.6	110205
256	"11:13:52"	982.5	0	4	200	1.46	500.0	29.94	0.1053	991	83.36	-506.07	74.47	27.29	0.24136	0.0020086	-0.00018306	0.19681	0	991	71.6	29.29	507.24	29.938	29.23	0	101.4	5060.7	110205
