"OPEN 5.3.2"
"Fri May 31 2019 13:14:48"
"Unit="	"PSC-895"
"ComputeList="	"/User/Configs/Comps/Soil Efflux Eqns.LPL"
"BLCTable="	"/Sys/Lib/StdBLCTable"
"LightSource="	"Sun+Sky"	1	0.19
"LogFormat="	"/User/Configs/LogFormats/Soil Efflux Log Fmt"
"LogCodes="	-35	-21	-36	-104	310	311	320	302	303	306	304	321	322	323	324	300	301	330	331	305	307	308	-8	-2	-5	-9	-13	-11	-61	-23
"PromptList="	"/User/Configs/Prompts/Soil Efflux Prompts"
"Stability= (CO2S 15s SLP<1)(H2OS 15s SLP<1)(Flow 15s SLP<1)"
"13:14:49 "
$STARTOFDATA$
"Obs"	"HHMMSS"	"FTime"	"Plot#"	"Mode"	"Smpls"	"EFFLUX"	"C2avg"	"Wavg"	"dc'/dt"	"Vtot"	"RHcmbr%"	"Tsoil_C"	"RHirga%"	"Tsch_C"	"dC/dt"	"dW/dt"	"R(C)m"	"R(C)b"	"InsDpth"	"Vbase"	"Area"	"TBlk"	"CO2S"	"H2OS"	"Tair"	"PARo"	"Press"	"uc_21_mV"	"Status"
1	"13:15:37"	61.0	0	3	8	1.13	548.5	22.54	0.08168	991	64.47	-506.05	57.11	26.86	0.18239	0.033506	0	0	0	991	71.6	29.01	548.74	22.611	28.94	0	101.2	5060.5	110205
2	"13:15:39"	63.0	0	3	12	0.847	548.6	22.57	0.06121	991	64.60	-506.05	57.24	26.87	0.13185	0.03369	0	0	0	991	71.6	29.02	548.89	22.665	28.94	0	101.2	5060.5	110205
3	"13:15:41"	65.0	0	3	16	0.843	548.7	22.60	0.06092	991	64.79	-506.05	57.40	26.87	0.13166	0.032743	0	0	0	991	71.6	29.02	549.11	22.734	28.94	0	101.2	5060.5	110205
4	"13:15:43"	67.0	0	3	20	0.727	548.8	22.63	0.05252	991	65.00	-506.04	57.57	26.86	0.11107	0.032569	0	0	0	991	71.6	29.02	549.12	22.802	28.95	0	101.2	5060.4	110205
5	"13:15:45"	69.0	0	3	20	0.562	549.0	22.70	0.04064	991	65.10	-506.06	57.67	26.87	0.082485	0.031343	0	0	0	991	71.6	29.02	549.35	22.851	28.95	0	101.2	5060.6	110205
6	"13:15:47"	71.0	0	3	20	0.498	549.1	22.76	0.03595	991	65.25	-506.04	57.82	26.88	0.071672	0.030021	0	0	0	991	71.6	29.03	549.53	22.911	28.95	0	101.2	5060.4	110205
7	"13:15:49"	73.0	0	3	20	0.429	549.3	22.82	0.03102	991	65.41	-506.05	57.94	26.88	0.059421	0.03023	0	0	0	991	71.6	29.03	549.68	22.964	28.96	0	101.2	5060.5	110205
8	"13:15:51"	75.0	0	3	20	0.541	549.4	22.88	0.03911	991	65.59	-506.03	58.09	26.88	0.080412	0.028332	0	0	0	991	71.6	29.03	549.93	23.027	28.96	0	101.2	5060.3	110205
9	"13:15:53"	77.0	0	3	20	0.652	549.6	22.93	0.04713	991	65.66	-506.04	58.18	26.88	0.10031	0.02804	0	0	0	991	71.6	29.03	550.06	23.061	28.96	0	101.2	5060.4	110205
10	"13:15:55"	79.0	0	3	20	0.628	549.8	22.99	0.0454	991	65.93	-506.06	58.36	26.87	0.09696	0.026413	0	0	0	991	71.6	29.04	550.16	23.141	28.96	0	101.2	5060.6	110205
11	"13:15:57"	81.0	0	3	20	0.645	550.0	23.04	0.04659	991	66.03	-506.05	58.42	26.87	0.10001	0.026213	0	0	0	991	71.6	29.04	550.55	23.168	28.97	0	101.2	5060.5	110205
12	"13:15:59"	83.0	0	3	20	0.637	550.2	23.09	0.04601	991	66.20	-506.05	58.59	26.87	0.097689	0.027759	0	0	0	991	71.6	29.04	550.92	23.238	28.97	0	101.2	5060.5	110205
13	"13:16:01"	85.0	0	3	20	0.696	550.4	23.15	0.05032	991	66.39	-506.06	58.75	26.88	0.10868	0.027094	0	0	0	991	71.6	29.05	550.96	23.309	28.97	0	101.2	5060.6	110205
14	"13:16:03"	87.0	0	3	20	0.712	550.6	23.20	0.05145	991	66.52	-506.04	58.90	26.89	0.11066	0.028517	0	0	0	991	71.6	29.05	551.10	23.367	28.97	0	101.2	5060.4	110205
15	"13:16:05"	89.0	0	3	20	0.658	550.8	23.26	0.04753	991	66.62	-506.04	58.98	26.89	0.10102	0.028492	0	0	0	991	71.6	29.05	551.52	23.406	28.98	0	101.2	5060.4	110205
16	"13:16:07"	91.0	0	3	20	0.623	551.0	23.32	0.04504	991	66.76	-506.03	59.09	26.89	0.095206	0.027896	0	0	0	991	71.6	29.05	551.47	23.453	28.98	0	101.2	5060.3	110205
17	"13:16:09"	93.0	0	3	20	0.573	551.2	23.37	0.04143	991	66.89	-506.05	59.22	26.89	0.087104	0.026504	0	0	0	991	71.6	29.06	551.97	23.506	28.98	0	101.2	5060.5	110205
18	"13:16:11"	95.0	0	3	20	0.716	551.4	23.42	0.05175	991	67.05	-506.05	59.34	26.89	0.11339	0.02495	0	0	0	991	71.6	29.06	551.83	23.558	28.99	0	101.2	5060.5	110205
19	"13:16:13"	97.0	0	3	20	0.685	551.6	23.47	0.04949	991	67.17	-506.04	59.44	26.89	0.10914	0.022588	0	0	0	991	71.6	29.06	552.36	23.599	28.99	0	101.2	5060.4	110205
20	"13:16:15"	99.0	0	3	20	0.664	551.8	23.52	0.04799	991	67.30	-506.05	59.52	26.89	0.10448	0.024315	0	0	0	991	71.6	29.07	552.29	23.638	28.99	0	101.2	5060.5	110205
21	"13:16:17"	101.0	0	3	20	0.633	552.0	23.57	0.04571	991	67.48	-506.03	59.68	26.89	0.09881	0.024409	0	0	0	991	71.6	29.07	552.56	23.704	28.99	0	101.2	5060.3	110205
22	"13:16:19"	103.0	0	3	20	0.522	552.2	23.62	0.03769	991	67.55	-506.04	59.76	26.89	0.079224	0.024087	0	0	0	991	71.6	29.07	552.77	23.737	28.99	0	101.2	5060.4	110205
23	"13:16:21"	105.0	0	3	20	0.653	552.4	23.66	0.04721	991	67.68	-506.03	59.90	26.90	0.10221	0.02491	0	0	0	991	71.6	29.07	553.14	23.797	29.00	0	101.2	5060.3	110205
24	"13:16:23"	107.0	0	3	20	0.811	552.7	23.71	0.05859	991	67.77	-506.05	59.99	26.91	0.13066	0.024169	0	0	0	991	71.6	29.08	553.52	23.835	29.00	0	101.2	5060.5	110205
25	"13:16:25"	109.0	0	3	20	0.835	552.9	23.76	0.06033	991	67.91	-506.04	60.09	26.90	0.13518	0.023719	0	0	0	991	71.6	29.08	553.35	23.881	29.00	0	101.2	5060.4	110205
26	"13:16:27"	111.0	0	3	20	0.742	553.1	23.81	0.05358	991	68.09	-506.05	60.20	26.89	0.1193	0.022355	0	0	0	991	71.6	29.08	553.69	23.926	29.00	0	101.2	5060.5	110205
27	"13:16:29"	113.0	0	3	20	0.65	553.4	23.85	0.04695	991	68.19	-506.05	60.28	26.90	0.10338	0.021638	0	0	0	991	71.6	29.08	553.85	23.965	29.01	0	101.2	5060.5	110205
28	"13:16:31"	115.0	0	3	20	0.536	553.6	23.89	0.03869	991	68.30	-506.04	60.38	26.90	0.083841	0.020226	0	0	0	991	71.6	29.09	554.11	24.005	29.01	0	101.2	5060.4	110205
29	"13:16:33"	117.0	0	3	20	0.652	553.8	23.93	0.04709	991	68.40	-506.04	60.47	26.90	0.10491	0.019514	0	0	0	991	71.6	29.09	554.43	24.044	29.01	0	101.2	5060.4	110205
30	"13:16:35"	119.0	0	3	20	0.763	554.0	23.97	0.05513	991	68.52	-506.04	60.56	26.90	0.12462	0.019684	0	0	0	991	71.6	29.09	554.49	24.083	29.02	0	101.2	5060.4	110205
31	"13:16:37"	121.0	0	3	20	0.573	554.2	24.01	0.04141	991	68.60	-506.04	60.63	26.90	0.090957	0.019461	0	0	0	991	71.6	29.09	554.47	24.117	29.02	0	101.2	5060.4	110205
32	"13:16:39"	123.0	0	3	20	0.533	554.3	24.05	0.03849	991	68.76	-506.05	60.75	26.90	0.083113	0.020585	0	0	0	991	71.6	29.10	554.92	24.168	29.02	0	101.2	5060.5	110205
33	"13:16:41"	125.0	0	3	20	0.572	554.6	24.09	0.04132	991	68.83	-506.05	60.82	26.91	0.089844	0.02101	0	0	0	991	71.6	29.10	555.03	24.202	29.02	0	101.2	5060.5	110205
34	"13:16:43"	127.0	0	3	20	0.608	554.8	24.13	0.04392	991	68.92	-506.04	60.89	26.90	0.096756	0.020115	0	0	0	991	71.6	29.10	555.50	24.231	29.03	0	101.2	5060.4	110205
35	"13:16:45"	129.0	0	3	20	0.849	555.0	24.17	0.06137	991	68.96	-506.04	60.97	26.92	0.14014	0.019421	0	0	0	991	71.6	29.10	555.87	24.266	29.03	0	101.2	5060.4	110205
36	"13:16:47"	131.0	0	3	20	0.801	555.2	24.21	0.05785	991	69.10	-506.04	61.07	26.91	0.13148	0.019395	0	0	0	991	71.6	29.11	555.76	24.310	29.03	0	101.2	5060.4	110205
37	"13:16:49"	133.0	0	3	20	0.594	555.4	24.25	0.04291	991	69.21	-506.04	61.16	26.92	0.09514	0.018556	0	0	0	991	71.6	29.11	555.80	24.350	29.04	0	101.2	5060.4	110205
38	"13:16:51"	135.0	0	3	20	0.559	555.6	24.29	0.04037	991	69.36	-506.03	61.26	26.91	0.088861	0.018584	0	0	0	991	71.6	29.11	556.33	24.393	29.04	0	101.2	5060.3	110205
39	"13:16:53"	137.0	0	3	20	0.577	555.9	24.33	0.04167	991	69.41	-506.05	61.31	26.91	0.092083	0.018535	0	0	0	991	71.6	29.12	556.37	24.418	29.04	0	101.2	5060.5	110205
40	"13:16:55"	139.0	0	3	20	0.729	556.1	24.36	0.05268	991	69.54	-506.04	61.42	26.92	0.11912	0.01868	0	0	0	991	71.6	29.12	556.69	24.466	29.04	0	101.2	5060.4	110205
41	"13:16:57"	141.0	0	3	20	0.783	556.3	24.40	0.05656	991	69.53	-506.04	61.43	26.92	0.1286	0.018855	0	0	0	991	71.6	29.12	556.87	24.475	29.05	0	101.2	5060.4	110205
42	"13:16:59"	143.0	0	3	20	0.606	556.5	24.44	0.0438	991	69.64	-506.04	61.54	26.93	0.097742	0.017799	0	0	0	991	71.6	29.12	556.91	24.517	29.05	0	101.2	5060.4	110205
43	"13:17:01"	145.0	0	3	20	0.459	556.7	24.47	0.0332	991	69.74	-506.04	61.63	26.93	0.072004	0.017138	0	0	0	991	71.6	29.13	557.04	24.560	29.05	0	101.2	5060.4	110205
44	"13:17:03"	147.0	0	3	20	0.485	556.9	24.51	0.03504	991	69.85	-506.05	61.74	26.94	0.076593	0.017029	0	0	0	991	71.6	29.13	557.33	24.606	29.05	0	101.2	5060.5	110205
45	"13:17:05"	149.0	0	3	20	0.599	557.0	24.54	0.04325	991	69.91	-506.05	61.78	26.94	0.095956	0.018543	0	0	0	991	71.6	29.13	557.51	24.628	29.06	0	101.2	5060.5	110205
46	"13:17:07"	151.0	0	3	20	0.592	557.2	24.58	0.04279	991	70.03	-506.05	61.87	26.93	0.095467	0.017412	0	0	0	991	71.6	29.13	557.63	24.666	29.06	0	101.2	5060.5	110205
47	"13:17:09"	153.0	0	3	20	0.569	557.4	24.61	0.04112	991	70.12	-506.04	61.91	26.93	0.091676	0.016815	0	0	0	991	71.6	29.14	557.99	24.686	29.06	0	101.2	5060.4	110205
48	"13:17:11"	155.0	0	3	20	0.598	557.6	24.64	0.04319	991	70.22	-506.05	62.02	26.93	0.097474	0.015632	0	0	0	991	71.6	29.14	558.02	24.733	29.06	0	101.2	5060.5	110205
49	"13:17:13"	157.0	0	3	20	0.61	557.8	24.68	0.04406	991	70.30	-506.04	62.07	26.93	0.099805	0.015257	0	0	0	991	71.6	29.14	558.30	24.755	29.07	0	101.2	5060.4	110205
50	"13:17:15"	159.0	0	3	20	0.66	558.0	24.71	0.04771	991	70.36	-506.05	62.13	26.94	0.10809	0.016503	0	0	0	991	71.6	29.14	558.62	24.785	29.07	0	101.2	5060.5	110205
51	"13:17:17"	161.0	0	4	200	0.667	550.0	24.73	0.04822	991	70.42	-506.05	62.20	26.94	0.10577	0.016165	-0.00051658	0.33234	0	991	71.6	29.15	558.72	24.815	29.07	0	101.2	5060.5	110205
52	"13:21:21"	405.0	0	3	8	0.538	530.3	26.93	0.03887	991	75.85	-506.06	67.07	27.08	0.095051	0.0013396	0	0	0	991	71.6	29.26	530.59	26.941	29.19	0	101.2	5060.6	110205
53	"13:21:23"	407.0	0	3	12	0.7	530.5	26.94	0.05056	991	75.90	-506.04	67.13	27.08	0.1213	0.0060304	0	0	0	991	71.6	29.26	530.76	26.963	29.19	0	101.2	5060.4	110205
54	"13:21:25"	409.0	0	3	16	0.556	530.6	26.95	0.04016	991	75.99	-506.05	67.18	27.07	0.095893	0.0056431	0	0	0	991	71.6	29.26	530.96	26.982	29.19	0	101.2	5060.5	110205
55	"13:21:27"	411.0	0	3	20	0.595	530.7	26.95	0.04299	991	75.99	-506.04	67.18	27.07	0.10293	0.0055046	0	0	0	991	71.6	29.26	531.29	26.979	29.19	0	101.2	5060.4	110205
56	"13:21:29"	413.0	0	3	20	0.587	530.9	26.96	0.0424	991	76.01	-506.05	67.21	27.07	0.10114	0.0061421	0	0	0	991	71.6	29.26	531.34	26.990	29.19	0	101.2	5060.5	110205
57	"13:21:31"	415.0	0	3	20	0.597	531.1	26.98	0.0431	991	76.03	-506.04	67.23	27.07	0.10327	0.0053897	0	0	0	991	71.6	29.26	531.99	26.997	29.19	0	101.2	5060.4	110205
58	"13:21:33"	417.0	0	3	20	0.697	531.3	26.99	0.05035	991	76.10	-506.05	67.31	27.08	0.12107	0.0055405	0	0	0	991	71.6	29.26	532.16	27.030	29.19	0	101.2	5060.5	110205
59	"13:21:35"	419.0	0	3	20	0.681	531.5	27.00	0.04919	991	76.14	-506.04	67.33	27.07	0.11737	0.0070382	0	0	0	991	71.6	29.26	532.19	27.037	29.19	0	101.2	5060.4	110205
60	"13:21:37"	421.0	0	3	20	0.669	531.8	27.01	0.04835	991	76.16	-506.06	67.38	27.08	0.11536	0.0069424	0	0	0	991	71.6	29.26	532.21	27.056	29.18	0	101.2	5060.6	110205
61	"13:21:39"	423.0	0	3	20	0.566	532.0	27.03	0.04089	991	76.12	-506.05	67.36	27.08	0.097019	0.0068412	0	0	0	991	71.6	29.26	532.50	27.045	29.18	0	101.2	5060.5	110205
62	"13:21:41"	425.0	0	3	20	0.552	532.2	27.04	0.03988	991	76.21	-506.05	67.44	27.08	0.095258	0.0055146	0	0	0	991	71.6	29.25	532.68	27.079	29.18	0	101.2	5060.5	110205
63	"13:21:43"	427.0	0	3	20	0.543	532.4	27.05	0.03921	991	76.30	-506.04	67.48	27.07	0.09362	0.0054986	0	0	0	991	71.6	29.25	533.10	27.093	29.18	0	101.2	5060.4	110205
64	"13:21:45"	429.0	0	3	20	0.635	532.6	27.06	0.04591	991	76.31	-506.04	67.52	27.08	0.10905	0.0074773	0	0	0	991	71.6	29.25	533.06	27.106	29.18	0	101.2	5060.4	110205
65	"13:21:47"	431.0	0	3	20	0.677	532.8	27.08	0.04895	991	76.34	-506.04	67.55	27.08	0.11657	0.0073952	0	0	0	991	71.6	29.25	533.48	27.116	29.18	0	101.2	5060.4	110205
66	"13:21:49"	433.0	0	3	20	0.731	533.1	27.09	0.05278	991	76.30	-506.04	67.53	27.08	0.12597	0.0075023	0	0	0	991	71.6	29.25	533.84	27.107	29.18	0	101.2	5060.4	110205
67	"13:21:51"	435.0	0	3	20	0.874	533.3	27.11	0.06316	991	76.39	-506.04	67.58	27.08	0.15265	0.0054432	0	0	0	991	71.6	29.25	534.23	27.129	29.18	0	101.2	5060.4	110205
68	"13:21:53"	437.0	0	3	20	0.812	533.6	27.12	0.05866	991	76.44	-506.05	67.63	27.08	0.14189	0.0048608	0	0	0	991	71.6	29.25	534.19	27.145	29.18	0	101.2	5060.5	110205
69	"13:21:55"	439.0	0	3	20	0.676	533.8	27.13	0.04882	991	76.44	-506.05	67.65	27.08	0.11745	0.0052153	0	0	0	991	71.6	29.25	534.28	27.152	29.18	0	101.2	5060.5	110205
70	"13:21:57"	441.0	0	3	20	0.506	534.1	27.14	0.03658	991	76.50	-506.03	67.69	27.08	0.086733	0.0062039	0	0	0	991	71.6	29.25	534.81	27.165	29.18	0	101.2	5060.3	110205
71	"13:21:59"	443.0	0	3	20	0.558	534.3	27.15	0.04034	991	76.55	-506.05	67.72	27.08	0.096281	0.0056795	0	0	0	991	71.6	29.25	534.98	27.183	29.18	0	101.2	5060.5	110205
72	"13:22:01"	445.0	0	3	20	0.621	534.5	27.16	0.04487	991	76.59	-506.04	67.79	27.08	0.10707	0.0063707	0	0	0	991	71.6	29.25	534.99	27.202	29.17	0	101.2	5060.4	110205
73	"13:22:03"	447.0	0	3	20	0.655	534.7	27.17	0.0473	991	76.61	-506.04	67.81	27.08	0.11356	0.0054605	0	0	0	991	71.6	29.25	535.13	27.212	29.17	0	101.2	5060.4	110205
74	"13:22:05"	449.0	0	3	20	0.578	534.9	27.19	0.04178	991	76.61	-506.04	67.82	27.08	0.10003	0.0053463	0	0	0	991	71.6	29.25	535.46	27.212	29.17	0	101.2	5060.4	110205
75	"13:22:07"	451.0	0	3	20	0.454	535.1	27.20	0.03282	991	76.67	-506.03	67.86	27.08	0.077645	0.0058666	0	0	0	991	71.6	29.24	535.64	27.230	29.17	0	101.2	5060.3	110205
76	"13:22:09"	453.0	0	3	20	0.594	535.3	27.21	0.04295	991	76.69	-506.05	67.88	27.08	0.10328	0.0046607	0	0	0	991	71.6	29.24	535.85	27.236	29.17	0	101.2	5060.5	110205
77	"13:22:11"	455.0	0	3	20	0.61	535.5	27.22	0.04405	991	76.77	-506.03	67.94	27.07	0.10519	0.0060879	0	0	0	991	71.6	29.24	536.14	27.261	29.17	0	101.2	5060.3	110205
78	"13:22:13"	457.0	0	3	20	0.645	535.7	27.23	0.04661	991	76.75	-506.04	67.94	27.08	0.11145	0.0061805	0	0	0	991	71.6	29.24	536.44	27.259	29.17	0	101.2	5060.4	110205
79	"13:22:15"	459.0	0	3	20	0.678	536.0	27.24	0.04896	991	76.80	-506.04	67.99	27.08	0.11749	0.0057444	0	0	0	991	71.6	29.24	536.72	27.277	29.17	0	101.2	5060.4	110205
80	"13:22:17"	461.0	0	3	20	0.661	536.2	27.25	0.04773	991	76.82	-506.05	68.01	27.08	0.11513	0.0045354	0	0	0	991	71.6	29.24	536.78	27.283	29.17	0	101.2	5060.5	110205
81	"13:22:19"	463.0	0	3	20	0.682	536.4	27.26	0.04925	991	76.89	-506.04	68.06	27.07	0.11933	0.0036784	0	0	0	991	71.6	29.24	536.83	27.300	29.17	0	101.2	5060.4	110205
82	"13:22:21"	465.0	0	3	20	0.625	536.6	27.27	0.04518	991	76.85	-506.04	68.04	27.08	0.10856	0.0050213	0	0	0	991	71.6	29.24	537.30	27.289	29.17	0	101.2	5060.4	110205
83	"13:22:23"	467.0	0	3	20	0.677	536.9	27.28	0.04888	991	76.95	-506.05	68.11	27.07	0.11764	0.0050807	0	0	0	991	71.6	29.24	537.51	27.318	29.17	0	101.2	5060.5	110205
84	"13:22:25"	469.0	0	3	20	0.762	537.1	27.29	0.05507	991	76.96	-506.05	68.13	27.07	0.13203	0.006661	0	0	0	991	71.6	29.24	537.90	27.327	29.17	0	101.2	5060.5	110205
85	"13:22:27"	471.0	0	3	20	0.88	537.4	27.31	0.0636	991	77.00	-506.05	68.16	27.07	0.15272	0.0072322	0	0	0	991	71.6	29.24	537.94	27.341	29.17	0	101.2	5060.5	110205
86	"13:22:29"	473.0	0	3	20	0.753	537.6	27.32	0.05441	991	77.05	-506.04	68.24	27.08	0.13052	0.0064644	0	0	0	991	71.6	29.24	538.25	27.367	29.17	0	101.2	5060.4	110205
87	"13:22:31"	475.0	0	3	20	0.614	537.9	27.33	0.04436	991	76.97	-506.05	68.20	27.09	0.1052	0.0074498	0	0	0	991	71.6	29.24	538.47	27.353	29.16	0	101.2	5060.5	110205
88	"13:22:33"	477.0	0	3	20	0.511	538.1	27.34	0.0369	991	77.04	-506.05	68.25	27.08	0.089012	0.0034915	0	0	0	991	71.6	29.23	538.46	27.372	29.16	0	101.2	5060.5	110205
89	"13:22:35"	479.0	0	3	20	0.516	538.3	27.35	0.03725	991	77.00	-506.04	68.21	27.08	0.090019	0.0032183	0	0	0	991	71.6	29.23	538.86	27.350	29.16	0	101.2	5060.4	110205
90	"13:22:37"	481.0	0	3	20	0.65	538.5	27.36	0.04693	991	77.12	-506.05	68.31	27.08	0.11394	0.0030915	0	0	0	991	71.6	29.23	539.25	27.392	29.16	0	101.2	5060.5	110205
91	"13:22:39"	483.0	0	3	20	0.67	538.7	27.37	0.0484	991	77.15	-506.04	68.32	27.08	0.1173	0.0035393	0	0	0	991	71.6	29.23	539.45	27.394	29.16	0	101.2	5060.4	110205
92	"13:22:41"	485.0	0	3	20	0.72	539.0	27.37	0.05202	991	77.18	-506.04	68.34	27.07	0.12484	0.0060162	0	0	0	991	71.6	29.23	539.55	27.398	29.16	0	101.2	5060.4	110205
93	"13:22:43"	487.0	0	3	20	0.669	539.2	27.39	0.04834	991	77.23	-506.04	68.40	27.07	0.11596	0.0056819	0	0	0	991	71.6	29.23	539.87	27.422	29.16	0	101.2	5060.4	110205
94	"13:22:45"	489.0	0	3	20	0.689	539.4	27.40	0.04979	991	77.23	-506.05	68.41	27.08	0.11877	0.0070736	0	0	0	991	71.6	29.23	539.80	27.425	29.16	0	101.2	5060.5	110205
95	"13:22:47"	491.0	0	3	20	0.51	539.6	27.41	0.03687	991	77.24	-506.04	68.40	27.07	0.088085	0.0049712	0	0	0	991	71.6	29.23	540.14	27.422	29.16	0	101.2	5060.4	110205
96	"13:22:49"	493.0	0	3	20	0.563	539.8	27.42	0.0407	991	77.26	-506.04	68.44	27.07	0.097615	0.0048159	0	0	0	991	71.6	29.23	540.64	27.435	29.16	0	101.2	5060.4	110205
97	"13:22:51"	495.0	0	3	20	0.624	540.0	27.43	0.04511	991	77.32	-506.04	68.51	27.08	0.10856	0.0046951	0	0	0	991	71.6	29.23	540.81	27.461	29.16	0	101.2	5060.4	110205
98	"13:22:53"	497.0	0	3	20	0.713	540.3	27.44	0.05151	991	77.34	-506.05	68.53	27.08	0.12419	0.0049185	0	0	0	991	71.6	29.23	541.07	27.469	29.15	0	101.2	5060.5	110205
99	"13:22:55"	499.0	0	3	20	0.791	540.5	27.45	0.05716	991	77.36	-506.05	68.57	27.08	0.13728	0.0064363	0	0	0	991	71.6	29.23	541.09	27.481	29.15	0	101.2	5060.5	110205
100	"13:22:57"	501.0	0	3	20	0.626	540.8	27.46	0.04521	991	77.36	-506.06	68.56	27.08	0.10778	0.0065294	0	0	0	991	71.6	29.23	541.49	27.483	29.16	0	101.2	5060.6	110205
101	"13:22:59"	503.0	0	3	20	0.608	541.0	27.47	0.04396	991	77.41	-506.05	68.62	27.08	0.10458	0.0067198	0	0	0	991	71.6	29.23	541.35	27.502	29.15	0	101.2	5060.5	110205
102	"13:23:01"	505.0	0	4	200	0.681	550.0	27.48	0.04923	991	77.44	-506.05	68.65	27.08	0.1002	0.0053178	0.00018615	-0.053158	0	991	71.6	29.22	541.81	27.514	29.15	0	101.2	5060.5	110205
103	"13:28:24"	828.0	0	3	8	0.5	530.0	28.37	0.03613	991	80.44	-506.05	71.46	26.96	0.089815	-0.0014786	0	0	0	991	71.6	29.06	530.32	28.368	28.99	0	101.2	5060.5	110205
104	"13:28:26"	830.0	0	3	12	0.764	530.2	28.38	0.05521	991	80.56	-506.05	71.56	26.95	0.13413	0.003446	0	0	0	991	71.6	29.06	530.64	28.405	28.99	0	101.2	5060.5	110205
105	"13:28:28"	832.0	0	3	16	0.736	530.3	28.38	0.05318	991	80.49	-506.05	71.52	26.96	0.12902	0.003619	0	0	0	991	71.6	29.06	530.80	28.386	28.98	0	101.2	5060.5	110205
106	"13:28:30"	834.0	0	3	20	0.644	530.4	28.38	0.04655	991	80.52	-506.05	71.55	26.96	0.11269	0.0036129	0	0	0	991	71.6	29.06	530.77	28.397	28.98	0	101.2	5060.5	110205
107	"13:28:32"	836.0	0	3	20	0.593	530.6	28.39	0.04284	991	80.60	-506.06	71.60	26.95	0.10337	0.0039681	0	0	0	991	71.6	29.06	531.24	28.415	28.98	0	101.2	5060.6	110205
108	"13:28:34"	838.0	0	3	20	0.621	530.9	28.40	0.04484	991	80.55	-506.05	71.56	26.95	0.10908	0.0025154	0	0	0	991	71.6	29.05	531.55	28.399	28.98	0	101.2	5060.5	110205
109	"13:28:36"	840.0	0	3	20	0.72	531.1	28.40	0.05202	991	80.58	-506.06	71.59	26.95	0.12709	0.0019588	0	0	0	991	71.6	29.05	531.65	28.409	28.98	0	101.2	5060.6	110205
110	"13:28:38"	842.0	0	3	20	0.785	531.3	28.41	0.05675	991	80.62	-506.06	71.64	26.95	0.13829	0.0027447	0	0	0	991	71.6	29.05	532.29	28.424	28.98	0	101.2	5060.6	110205
111	"13:28:40"	844.0	0	3	20	0.841	531.6	28.41	0.06078	991	80.70	-506.05	71.69	26.95	0.14791	0.0033027	0	0	0	991	71.6	29.05	532.28	28.443	28.98	0	101.2	5060.5	110205
112	"13:28:42"	846.0	0	3	20	0.79	531.9	28.42	0.05709	991	80.69	-506.06	71.66	26.94	0.13849	0.0039112	0	0	0	991	71.6	29.05	532.50	28.426	28.97	0	101.2	5060.6	110205
113	"13:28:44"	848.0	0	3	20	0.715	532.2	28.42	0.05166	991	80.65	-506.07	71.66	26.95	0.1259	0.0024729	0	0	0	991	71.6	29.05	532.92	28.428	28.98	0	101.2	5060.7	110205
114	"13:28:46"	850.0	0	3	20	0.631	532.4	28.43	0.04562	991	80.71	-506.05	71.72	26.95	0.11204	0.00060678	0	0	0	991	71.6	29.04	532.78	28.446	28.97	0	101.2	5060.5	110205
115	"13:28:48"	852.0	0	3	20	0.383	532.6	28.43	0.02765	991	80.70	-506.06	71.70	26.94	0.067362	0.0013875	0	0	0	991	71.6	29.04	532.99	28.439	28.97	0	101.2	5060.6	110205
116	"13:28:50"	854.0	0	3	20	0.454	532.8	28.43	0.03281	991	80.68	-506.05	71.68	26.94	0.080418	0.00074333	0	0	0	991	71.6	29.04	533.30	28.431	28.97	0	101.2	5060.5	110205
117	"13:28:52"	856.0	0	3	20	0.61	533.0	28.43	0.04408	991	80.66	-506.04	71.70	26.95	0.10749	0.0019708	0	0	0	991	71.6	29.04	533.65	28.428	28.97	0	101.2	5060.4	110205
118	"13:28:54"	858.0	0	3	20	0.672	533.2	28.44	0.04857	991	80.74	-506.06	71.74	26.94	0.11921	0.00078925	0	0	0	991	71.6	29.04	533.75	28.453	28.97	0	101.2	5060.6	110205
119	"13:28:56"	860.0	0	3	20	0.789	533.4	28.44	0.05697	991	80.75	-506.05	71.77	26.95	0.13936	0.0017968	0	0	0	991	71.6	29.04	533.70	28.458	28.97	0	101.2	5060.5	110205
120	"13:28:58"	862.0	0	3	20	0.674	533.7	28.45	0.04869	991	80.77	-506.05	71.79	26.95	0.11763	0.0041915	0	0	0	991	71.6	29.04	534.58	28.465	28.97	0	101.2	5060.5	110205
121	"13:29:00"	864.0	0	3	20	0.722	533.9	28.45	0.05216	991	80.78	-506.05	71.78	26.94	0.12619	0.0041844	0	0	0	991	71.6	29.04	534.48	28.458	28.96	0	101.2	5060.5	110205
122	"13:29:02"	866.0	0	3	20	0.769	534.2	28.46	0.05557	991	80.82	-506.05	71.80	26.94	0.1349	0.0036068	0	0	0	991	71.6	29.03	534.85	28.466	28.96	0	101.2	5060.5	110205
123	"13:29:04"	868.0	0	3	20	0.828	534.4	28.46	0.05985	991	80.84	-506.05	71.82	26.93	0.14697	0.00081216	0	0	0	991	71.6	29.03	534.86	28.469	28.96	0	101.2	5060.5	110205
124	"13:29:06"	870.0	0	3	20	0.714	534.7	28.47	0.0516	991	80.88	-506.05	71.86	26.93	0.12617	0.0016957	0	0	0	991	71.6	29.03	535.35	28.484	28.96	0	101.2	5060.5	110205
125	"13:29:08"	872.0	0	3	20	0.596	534.9	28.47	0.04309	991	80.87	-506.04	71.85	26.93	0.10515	0.0018228	0	0	0	991	71.6	29.03	535.47	28.478	28.96	0	101.2	5060.4	110205
126	"13:29:10"	874.0	0	3	20	0.495	535.1	28.47	0.03576	991	80.83	-506.05	71.86	26.94	0.086972	0.0020357	0	0	0	991	71.6	29.03	535.52	28.477	28.96	0	101.2	5060.5	110205
127	"13:29:12"	876.0	0	3	20	0.495	535.3	28.48	0.03578	991	80.86	-506.05	71.90	26.94	0.086524	0.0029349	0	0	0	991	71.6	29.03	535.85	28.490	28.95	0	101.2	5060.5	110205
128	"13:29:14"	878.0	0	3	20	0.6	535.5	28.49	0.04333	991	80.85	-506.05	71.87	26.94	0.10501	0.0031075	0	0	0	991	71.6	29.03	535.83	28.479	28.95	0	101.2	5060.5	110205
129	"13:29:16"	880.0	0	3	20	0.561	535.7	28.49	0.04052	991	80.88	-506.06	71.90	26.94	0.098697	0.0020328	0	0	0	991	71.6	29.02	536.53	28.488	28.95	0	101.2	5060.6	110205
130	"13:29:18"	882.0	0	3	20	0.717	535.9	28.49	0.05181	991	80.96	-506.06	71.96	26.93	0.12645	0.00212	0	0	0	991	71.6	29.02	536.53	28.509	28.95	0	101.2	5060.6	110205
131	"13:29:20"	884.0	0	3	20	0.654	536.2	28.50	0.04728	991	80.95	-506.05	71.95	26.93	0.11559	0.001588	0	0	0	991	71.6	29.02	536.55	28.502	28.95	0	101.2	5060.5	110205
132	"13:29:22"	886.0	0	3	20	0.64	536.4	28.50	0.04624	991	80.99	-506.06	71.99	26.93	0.11288	0.0018316	0	0	0	991	71.6	29.02	537.07	28.516	28.95	0	101.2	5060.6	110205
133	"13:29:24"	888.0	0	3	20	0.71	536.6	28.50	0.05133	991	80.98	-506.06	71.99	26.93	0.12471	0.0031209	0	0	0	991	71.6	29.02	537.28	28.513	28.95	0	101.2	5060.6	110205
134	"13:29:26"	890.0	0	3	20	0.665	536.9	28.51	0.04806	991	81.02	-506.05	72.03	26.93	0.11738	0.0018231	0	0	0	991	71.6	29.02	537.75	28.526	28.95	0	101.2	5060.5	110205
135	"13:29:28"	892.0	0	3	20	0.791	537.1	28.51	0.05718	991	81.07	-506.05	72.06	26.92	0.1396	0.0022432	0	0	0	991	71.6	29.01	537.83	28.535	28.94	0	101.2	5060.5	110205
136	"13:29:30"	894.0	0	3	20	0.752	537.4	28.52	0.05435	991	81.09	-506.05	72.08	26.93	0.13212	0.003174	0	0	0	991	71.6	29.01	538.27	28.543	28.94	0	101.2	5060.5	110205
137	"13:29:32"	896.0	0	3	20	0.795	537.7	28.53	0.05743	991	81.09	-506.05	72.08	26.92	0.13996	0.0027245	0	0	0	991	71.6	29.01	538.10	28.540	28.94	0	101.2	5060.5	110205
138	"13:29:34"	898.0	0	3	20	0.585	537.8	28.53	0.04229	991	81.05	-506.05	72.06	26.92	0.10335	0.001489	0	0	0	991	71.6	29.01	538.36	28.528	28.94	0	101.2	5060.5	110205
139	"13:29:36"	900.0	0	3	20	0.382	538.0	28.53	0.02758	991	81.07	-506.05	72.07	26.92	0.067757	0.00030189	0	0	0	991	71.6	29.01	538.55	28.529	28.94	0	101.2	5060.5	110205
140	"13:29:38"	902.0	0	3	20	0.586	538.3	28.53	0.04237	991	81.12	-506.06	72.11	26.92	0.10453	-0.00032406	0	0	0	991	71.6	29.01	538.76	28.546	28.94	0	101.2	5060.6	110205
141	"13:29:40"	904.0	0	3	20	0.634	538.5	28.54	0.04583	991	81.12	-506.05	72.12	26.92	0.11227	0.0011065	0	0	0	991	71.6	29.00	539.08	28.547	28.94	0	101.2	5060.5	110205
142	"13:29:42"	906.0	0	3	20	0.79	538.7	28.54	0.05709	991	81.11	-506.05	72.12	26.92	0.13969	0.0016753	0	0	0	991	71.6	29.00	538.99	28.541	28.93	0	101.2	5060.5	110205
143	"13:29:44"	908.0	0	3	20	0.467	538.9	28.54	0.03374	991	81.12	-506.06	72.14	26.92	0.082029	0.0019421	0	0	0	991	71.6	29.00	539.31	28.548	28.93	0	101.2	5060.6	110205
144	"13:29:46"	910.0	0	3	20	0.32	539.1	28.54	0.02313	991	81.17	-506.05	72.17	26.92	0.055759	0.00217	0	0	0	991	71.6	29.00	540.05	28.557	28.93	0	101.2	5060.5	110205
145	"13:29:48"	912.0	0	3	20	0.587	539.3	28.55	0.04243	991	81.18	-506.04	72.18	26.91	0.10321	0.002322	0	0	0	991	71.6	29.00	539.93	28.556	28.93	0	101.2	5060.4	110205
146	"13:29:50"	914.0	0	3	20	0.81	539.5	28.55	0.05855	991	81.19	-506.06	72.20	26.92	0.14277	0.0026038	0	0	0	991	71.6	29.00	540.38	28.564	28.93	0	101.2	5060.6	110205
147	"13:29:52"	916.0	0	3	20	0.842	539.7	28.56	0.06085	991	81.22	-506.05	72.21	26.91	0.14891	0.0017649	0	0	0	991	71.6	28.99	540.45	28.564	28.92	0	101.2	5060.5	110205
148	"13:29:54"	918.0	0	3	20	0.752	540.1	28.56	0.05433	991	81.18	-506.06	72.21	26.92	0.13371	0.0002111	0	0	0	991	71.6	29.00	540.93	28.563	28.92	0	101.2	5060.6	110205
149	"13:29:56"	920.0	0	3	20	0.587	540.3	28.56	0.0424	991	81.24	-506.05	72.26	26.91	0.1041	0.00060724	0	0	0	991	71.6	28.99	540.72	28.580	28.92	0	101.2	5060.5	110205
150	"13:29:58"	922.0	0	3	20	0.613	540.5	28.57	0.04427	991	81.21	-506.03	72.24	26.91	0.10764	0.0025082	0	0	0	991	71.6	28.99	540.94	28.567	28.92	0	101.2	5060.3	110205
151	"13:30:00"	924.0	0	3	20	0.548	540.7	28.57	0.03957	991	81.32	-506.05	72.31	26.91	0.096363	0.0019634	0	0	0	991	71.6	28.99	541.08	28.598	28.92	0	101.2	5060.5	110205
152	"13:30:02"	926.0	0	3	20	0.518	540.9	28.57	0.03744	991	81.32	-506.06	72.32	26.91	0.090249	0.0035368	0	0	0	991	71.6	28.99	541.59	28.596	28.92	0	101.2	5060.6	110205
153	"13:30:04"	928.0	0	4	200	0.563	550.0	28.58	0.04068	991	81.31	-506.04	72.31	26.91	0.10201	0.0027199	-0.00042193	0.27274	0	991	71.6	28.99	541.82	28.589	28.92	0	101.2	5060.4	110205
154	"13:35:26"	1250.0	0	3	8	0.197	530.2	28.77	0.01421	991	82.82	-506.05	73.78	26.71	0.034412	0.0010412	0	0	0	991	71.6	28.75	530.59	28.783	28.69	0	101.2	5060.5	110205
155	"13:35:28"	1252.0	0	3	12	0.531	530.4	28.77	0.03838	991	82.82	-506.04	73.79	26.71	0.093384	0.0019559	0	0	0	991	71.6	28.75	530.60	28.783	28.69	0	101.2	5060.4	110205
156	"13:35:30"	1254.0	0	3	16	0.679	530.5	28.77	0.04908	991	82.81	-506.05	73.80	26.71	0.12015	0.001202	0	0	0	991	71.6	28.75	530.85	28.781	28.68	0	101.2	5060.5	110205
157	"13:35:32"	1256.0	0	3	20	0.576	530.6	28.78	0.04164	991	82.77	-506.05	73.75	26.71	0.10182	0.0011907	0	0	0	991	71.6	28.75	531.23	28.764	28.68	0	101.2	5060.5	110205
158	"13:35:34"	1258.0	0	3	20	0.634	530.8	28.78	0.04578	991	82.78	-506.06	73.79	26.71	0.11249	0.00032646	0	0	0	991	71.6	28.75	531.32	28.776	28.68	0	101.2	5060.6	110205
159	"13:35:36"	1260.0	0	3	20	0.651	531.0	28.78	0.04706	991	82.84	-506.06	73.83	26.71	0.1153	0.00096664	0	0	0	991	71.6	28.75	531.59	28.789	28.68	0	101.2	5060.6	110205
160	"13:35:38"	1262.0	0	3	20	0.586	531.2	28.78	0.04237	991	82.82	-506.05	73.81	26.71	0.10355	0.0013432	0	0	0	991	71.6	28.74	531.74	28.777	28.68	0	101.2	5060.5	110205
161	"13:35:40"	1264.0	0	3	20	0.587	531.4	28.78	0.0424	991	82.85	-506.05	73.83	26.70	0.10364	0.0012956	0	0	0	991	71.6	28.74	532.13	28.785	28.68	0	101.2	5060.5	110205
162	"13:35:42"	1266.0	0	3	20	0.623	531.7	28.79	0.045	991	82.84	-506.05	73.86	26.71	0.10922	0.0027867	0	0	0	991	71.6	28.74	532.39	28.792	28.68	0	101.2	5060.5	110205
163	"13:35:44"	1268.0	0	3	20	0.584	531.9	28.79	0.04216	991	82.86	-506.06	73.85	26.71	0.10314	0.0011427	0	0	0	991	71.6	28.74	532.41	28.791	28.68	0	101.2	5060.6	110205
164	"13:35:46"	1270.0	0	3	20	0.636	532.1	28.79	0.04592	991	82.84	-506.05	73.85	26.71	0.11259	0.00076907	0	0	0	991	71.6	28.74	532.61	28.783	28.67	0	101.2	5060.5	110205
165	"13:35:48"	1272.0	0	3	20	0.737	532.3	28.79	0.05327	991	82.87	-506.06	73.85	26.70	0.13102	0.00013657	0	0	0	991	71.6	28.74	533.01	28.785	28.67	0	101.2	5060.6	110205
166	"13:35:50"	1274.0	0	3	20	0.699	532.6	28.79	0.05053	991	82.89	-506.06	73.86	26.70	0.12444	-0.0001732	0	0	0	991	71.6	28.74	533.35	28.787	28.67	0	101.2	5060.6	110205
167	"13:35:52"	1276.0	0	3	20	0.753	532.8	28.79	0.05439	991	82.98	-506.06	73.93	26.69	0.13324	0.0011014	0	0	0	991	71.6	28.73	533.32	28.811	28.67	0	101.2	5060.6	110205
168	"13:35:54"	1278.0	0	3	20	0.693	533.1	28.79	0.05008	991	82.96	-506.06	73.91	26.69	0.12228	0.0017448	0	0	0	991	71.6	28.73	533.69	28.800	28.67	0	101.2	5060.6	110205
169	"13:35:56"	1280.0	0	3	20	0.61	533.3	28.80	0.04411	991	82.99	-506.05	73.95	26.69	0.10774	0.001479	0	0	0	991	71.6	28.73	533.71	28.816	28.67	0	101.2	5060.5	110205
170	"13:35:58"	1282.0	0	3	20	0.536	533.5	28.80	0.03874	991	82.98	-506.05	73.93	26.69	0.094783	0.0010111	0	0	0	991	71.6	28.73	534.04	28.806	28.67	0	101.2	5060.5	110205
171	"13:36:00"	1284.0	0	3	20	0.565	533.7	28.80	0.04083	991	82.96	-506.06	73.92	26.69	0.10003	0.0008148	0	0	0	991	71.6	28.73	534.39	28.797	28.66	0	101.2	5060.6	110205
172	"13:36:02"	1286.0	0	3	20	0.604	534.0	28.80	0.04362	991	83.02	-506.06	73.99	26.69	0.1068	0.00099458	0	0	0	991	71.6	28.73	534.64	28.823	28.66	0	101.2	5060.6	110205
173	"13:36:04"	1288.0	0	3	20	0.689	534.2	28.81	0.04981	991	82.96	-506.06	73.93	26.69	0.12203	0.0010133	0	0	0	991	71.6	28.73	534.69	28.798	28.66	0	101.2	5060.6	110205
174	"13:36:06"	1290.0	0	3	20	0.719	534.4	28.81	0.05196	991	83.02	-506.04	73.97	26.68	0.12737	0.00092327	0	0	0	991	71.6	28.72	534.99	28.810	28.66	0	101.2	5060.4	110205
175	"13:36:08"	1292.0	0	3	20	0.584	534.6	28.81	0.04219	991	83.04	-506.05	73.99	26.68	0.10367	0.00028276	0	0	0	991	71.6	28.72	535.14	28.815	28.66	0	101.2	5060.5	110205
176	"13:36:10"	1294.0	0	3	20	0.569	534.9	28.81	0.04109	991	83.02	-506.04	73.99	26.69	0.10125	-0.00024731	0	0	0	991	71.6	28.72	535.53	28.816	28.66	0	101.2	5060.4	110205
177	"13:36:12"	1296.0	0	3	20	0.553	535.1	28.81	0.03993	991	83.02	-506.06	73.99	26.69	0.098042	0.00039612	0	0	0	991	71.6	28.72	535.42	28.813	28.66	0	101.2	5060.6	110205
178	"13:36:14"	1298.0	0	3	20	0.633	535.3	28.81	0.04576	991	83.01	-506.06	73.99	26.69	0.11251	0.00020629	0	0	0	991	71.6	28.72	535.82	28.810	28.66	0	101.2	5060.6	110205
179	"13:36:16"	1300.0	0	3	20	0.644	535.5	28.81	0.04656	991	83.08	-506.05	74.05	26.68	0.11396	0.0011302	0	0	0	991	71.6	28.72	536.40	28.830	28.65	0	101.2	5060.5	110205
180	"13:36:18"	1302.0	0	3	20	0.742	535.8	28.82	0.0536	991	83.07	-506.06	74.05	26.69	0.13059	0.0024109	0	0	0	991	71.6	28.72	536.49	28.830	28.65	0	101.2	5060.6	110205
181	"13:36:20"	1304.0	0	3	20	0.674	536.0	28.82	0.04867	991	83.09	-506.06	74.07	26.68	0.11874	0.0019044	0	0	0	991	71.6	28.72	536.47	28.834	28.65	0	101.2	5060.6	110205
182	"13:36:22"	1306.0	0	3	20	0.601	536.2	28.82	0.04339	991	83.08	-506.06	74.05	26.68	0.1058	0.0017793	0	0	0	991	71.6	28.71	536.52	28.824	28.65	0	101.2	5060.6	110205
183	"13:36:24"	1308.0	0	3	20	0.483	536.4	28.83	0.03491	991	83.05	-506.07	74.04	26.68	0.086045	-0.00023736	0	0	0	991	71.6	28.71	537.07	28.817	28.65	0	101.2	5060.7	110205
184	"13:36:26"	1310.0	0	3	20	0.525	536.7	28.83	0.03792	991	83.13	-506.05	74.11	26.68	0.093981	-0.0012012	0	0	0	991	71.6	28.71	537.46	28.845	28.65	0	101.2	5060.5	110205
185	"13:36:28"	1312.0	0	3	20	0.787	536.9	28.83	0.05686	991	83.10	-506.07	74.08	26.68	0.13967	0.00047052	0	0	0	991	71.6	28.71	537.56	28.831	28.65	0	101.2	5060.7	110205
186	"13:36:30"	1314.0	0	3	20	0.824	537.1	28.83	0.05952	991	83.14	-506.07	74.11	26.68	0.14593	0.00097728	0	0	0	991	71.6	28.71	537.78	28.840	28.64	0	101.2	5060.7	110205
187	"13:36:32"	1316.0	0	3	20	0.683	537.4	28.83	0.04933	991	83.08	-506.06	74.05	26.67	0.1205	0.0016249	0	0	0	991	71.6	28.71	537.70	28.813	28.64	0	101.2	5060.6	110205
188	"13:36:34"	1318.0	0	3	20	0.451	537.6	28.83	0.03259	991	83.15	-506.05	74.11	26.67	0.079902	0.00053927	0	0	0	991	71.6	28.71	538.06	28.837	28.64	0	101.2	5060.5	110205
189	"13:36:36"	1320.0	0	3	20	0.439	537.8	28.83	0.03168	991	83.14	-506.05	74.12	26.68	0.077722	0.00045482	0	0	0	991	71.6	28.71	538.31	28.837	28.64	0	101.2	5060.5	110205
190	"13:36:38"	1322.0	0	3	20	0.584	538.0	28.84	0.04216	991	83.21	-506.05	74.18	26.67	0.10299	0.0013957	0	0	0	991	71.6	28.71	538.75	28.856	28.64	0	101.2	5060.5	110205
191	"13:36:40"	1324.0	0	3	20	0.779	538.2	28.84	0.05631	991	83.17	-506.06	74.14	26.67	0.13782	0.0013824	0	0	0	991	71.6	28.70	539.18	28.840	28.64	0	101.2	5060.6	110205
192	"13:36:42"	1326.0	0	3	20	0.925	538.5	28.84	0.06681	991	83.15	-506.06	74.13	26.67	0.16341	0.001834	0	0	0	991	71.6	28.70	539.06	28.834	28.64	0	101.2	5060.6	110205
193	"13:36:44"	1328.0	0	3	20	0.75	538.8	28.84	0.05422	991	83.15	-506.05	74.12	26.67	0.13339	7.821E-05	0	0	0	991	71.6	28.70	539.30	28.828	28.64	0	101.2	5060.5	110205
194	"13:36:46"	1330.0	0	3	20	0.567	539.0	28.84	0.04099	991	83.18	-506.05	74.16	26.67	0.10108	-0.00037365	0	0	0	991	71.6	28.70	539.64	28.843	28.64	0	101.2	5060.5	110205
195	"13:36:48"	1332.0	0	3	20	0.57	539.3	28.84	0.04121	991	83.23	-506.05	74.20	26.67	0.10096	0.00082826	0	0	0	991	71.6	28.70	539.47	28.857	28.63	0	101.2	5060.5	110205
196	"13:36:50"	1334.0	0	3	20	0.487	539.4	28.85	0.03521	991	83.26	-506.06	74.19	26.66	0.085626	0.0018197	0	0	0	991	71.6	28.70	539.92	28.854	28.63	0	101.2	5060.6	110205
197	"13:36:52"	1336.0	0	3	20	0.586	539.6	28.85	0.04234	991	83.22	-506.05	74.18	26.66	0.1028	0.0024878	0	0	0	991	71.6	28.70	540.30	28.844	28.63	0	101.2	5060.5	110205
198	"13:36:54"	1338.0	0	3	20	0.597	539.8	28.85	0.04312	991	83.22	-506.07	74.18	26.66	0.10545	0.0011813	0	0	0	991	71.6	28.70	540.53	28.847	28.63	0	101.2	5060.7	110205
199	"13:36:56"	1340.0	0	3	20	0.559	540.1	28.85	0.04037	991	83.24	-506.07	74.18	26.66	0.09976	-0.00072828	0	0	0	991	71.6	28.70	540.40	28.844	28.63	0	101.2	5060.7	110205
200	"13:36:58"	1342.0	0	3	20	0.692	540.2	28.85	0.05	991	83.33	-506.05	74.26	26.66	0.12324	-0.00037983	0	0	0	991	71.6	28.69	540.90	28.870	28.63	0	101.2	5060.5	110205
201	"13:37:00"	1344.0	0	3	20	0.606	540.5	28.86	0.0438	991	83.32	-506.06	74.25	26.65	0.10683	0.0017005	0	0	0	991	71.6	28.69	540.96	28.864	28.63	0	101.2	5060.6	110205
202	"13:37:02"	1346.0	0	3	20	0.68	540.7	28.86	0.0491	991	83.28	-506.06	74.22	26.66	0.11945	0.0024966	0	0	0	991	71.6	28.70	541.49	28.854	28.63	0	101.2	5060.6	110205
203	"13:37:04"	1348.0	0	3	20	0.751	541.0	28.86	0.05428	991	83.39	-506.06	74.31	26.65	0.13267	0.0016119	0	0	0	991	71.6	28.69	541.64	28.885	28.63	0	101.2	5060.6	110205
204	"13:37:06"	1350.0	0	4	200	0.703	550.0	28.86	0.05077	991	83.33	-506.06	74.27	26.66	0.14358	0.0015983	0.00034523	-0.13911	0	991	71.6	28.69	541.88	28.868	28.62	0	101.2	5060.6	110205
205	"13:41:32"	1616.0	0	3	8	0.809	530.3	28.88	0.05848	991	84.05	-506.06	75.00	26.52	0.14101	0.0051992	0	0	0	991	71.6	28.53	530.52	28.885	28.46	0	101.2	5060.6	110205
206	"13:41:34"	1618.0	0	3	12	0.675	530.4	28.88	0.04877	991	84.01	-506.05	74.94	26.51	0.11852	0.0026734	0	0	0	991	71.6	28.53	530.56	28.861	28.46	0	101.2	5060.5	110205
207	"13:41:36"	1620.0	0	3	16	0.568	530.5	28.88	0.04103	991	84.05	-506.06	74.97	26.51	0.10168	-0.0013572	0	0	0	991	71.6	28.53	530.89	28.871	28.46	0	101.2	5060.6	110205
208	"13:41:38"	1622.0	0	3	20	0.598	530.6	28.88	0.04318	991	84.03	-506.06	74.97	26.51	0.10685	-0.0011607	0	0	0	991	71.6	28.53	531.38	28.869	28.46	0	101.2	5060.6	110205
209	"13:41:40"	1624.0	0	3	20	0.568	530.8	28.87	0.04104	991	84.04	-506.05	74.98	26.51	0.10214	-0.0021747	0	0	0	991	71.6	28.53	531.22	28.873	28.46	0	101.2	5060.5	110205
210	"13:41:42"	1626.0	0	3	20	0.5	531.0	28.87	0.0361	991	84.04	-506.05	74.98	26.51	0.089208	-0.00072594	0	0	0	991	71.6	28.53	531.55	28.872	28.46	0	101.2	5060.5	110205
211	"13:41:44"	1628.0	0	3	20	0.584	531.2	28.87	0.04218	991	84.11	-506.05	75.04	26.51	0.10292	0.0015458	0	0	0	991	71.6	28.52	532.15	28.892	28.46	0	101.2	5060.5	110205
212	"13:41:46"	1630.0	0	3	20	0.735	531.5	28.88	0.0531	991	84.06	-506.06	75.02	26.51	0.12933	0.002363	0	0	0	991	71.6	28.52	531.91	28.881	28.46	0	101.2	5060.6	110205
213	"13:41:48"	1632.0	0	3	20	0.733	531.7	28.88	0.05298	991	84.10	-506.05	75.04	26.51	0.12901	0.0023855	0	0	0	991	71.6	28.52	532.54	28.892	28.46	0	101.2	5060.5	110205
214	"13:41:50"	1634.0	0	3	20	0.859	532.0	28.88	0.06204	991	84.11	-506.05	75.04	26.51	0.1514	0.0021933	0	0	0	991	71.6	28.52	532.98	28.887	28.46	0	101.2	5060.5	110205
215	"13:41:52"	1636.0	0	3	20	0.672	532.3	28.89	0.04858	991	84.14	-506.07	75.04	26.50	0.11894	0.00099661	0	0	0	991	71.6	28.52	532.57	28.886	28.46	0	101.2	5060.7	110205
216	"13:41:54"	1638.0	0	3	20	0.551	532.5	28.89	0.03983	991	84.19	-506.04	75.11	26.50	0.098469	-0.00088009	0	0	0	991	71.6	28.52	533.19	28.908	28.45	0	101.2	5060.4	110205
217	"13:41:56"	1640.0	0	3	20	0.66	532.7	28.89	0.04767	991	84.15	-506.06	75.07	26.50	0.11738	-0.00021444	0	0	0	991	71.6	28.52	533.06	28.890	28.45	0	101.2	5060.6	110205
218	"13:41:58"	1642.0	0	3	20	0.433	532.9	28.89	0.03127	991	84.20	-506.06	75.11	26.50	0.077093	-0.00031869	0	0	0	991	71.6	28.52	533.25	28.907	28.45	0	101.2	5060.6	110205
219	"13:42:00"	1644.0	0	3	20	0.525	533.1	28.89	0.03791	991	84.16	-506.06	75.08	26.50	0.092409	0.0015367	0	0	0	991	71.6	28.52	533.72	28.894	28.45	0	101.2	5060.6	110205
220	"13:42:02"	1646.0	0	3	20	0.673	533.3	28.89	0.0486	991	84.12	-506.05	75.06	26.50	0.11857	0.0018041	0	0	0	991	71.6	28.52	534.02	28.884	28.45	0	101.2	5060.5	110205
221	"13:42:04"	1648.0	0	3	20	0.602	533.5	28.89	0.04353	991	84.10	-506.06	75.06	26.50	0.10701	0.00011669	0	0	0	991	71.6	28.52	534.04	28.880	28.45	0	101.2	5060.6	110205
222	"13:42:06"	1650.0	0	3	20	0.703	533.7	28.89	0.05079	991	84.17	-506.06	75.08	26.50	0.12539	-0.00083579	0	0	0	991	71.6	28.51	534.40	28.889	28.45	0	101.2	5060.6	110205
223	"13:42:08"	1652.0	0	3	20	0.72	534.0	28.89	0.05204	991	84.12	-506.05	75.06	26.50	0.12879	-0.0014106	0	0	0	991	71.6	28.51	534.48	28.878	28.45	0	101.2	5060.5	110205
224	"13:42:10"	1654.0	0	3	20	0.755	534.3	28.89	0.05454	991	84.18	-506.06	75.10	26.50	0.13402	0.00026527	0	0	0	991	71.6	28.51	534.99	28.895	28.45	0	101.2	5060.6	110205
225	"13:42:12"	1656.0	0	3	20	0.683	534.5	28.89	0.04932	991	84.23	-506.05	75.16	26.50	0.12012	0.002153	0	0	0	991	71.6	28.51	534.85	28.914	28.44	0	101.2	5060.5	110205
226	"13:42:14"	1658.0	0	3	20	0.498	534.7	28.89	0.03598	991	84.17	-506.07	75.12	26.50	0.087261	0.0022498	0	0	0	991	71.6	28.51	535.56	28.902	28.45	0	101.2	5060.7	110205
227	"13:42:16"	1660.0	0	3	20	0.524	535.0	28.90	0.03788	991	84.15	-506.06	75.10	26.50	0.092139	0.0019009	0	0	0	991	71.6	28.51	535.51	28.890	28.44	0	101.2	5060.6	110205
228	"13:42:18"	1662.0	0	3	20	0.621	535.1	28.90	0.04488	991	84.15	-506.07	75.12	26.50	0.11047	-0.00014642	0	0	0	991	71.6	28.51	535.68	28.897	28.44	0	101.2	5060.7	110205
229	"13:42:20"	1664.0	0	3	20	0.659	535.3	28.90	0.04762	991	84.22	-506.06	75.18	26.50	0.1176	-0.00084861	0	0	0	991	71.6	28.51	535.81	28.915	28.44	0	101.2	5060.6	110205
230	"13:42:22"	1666.0	0	3	20	0.592	535.6	28.90	0.04275	991	84.21	-506.06	75.18	26.50	0.10478	0.00067436	0	0	0	991	71.6	28.51	536.28	28.913	28.44	0	101.2	5060.6	110205
231	"13:42:24"	1668.0	0	3	20	0.488	535.8	28.90	0.03526	991	84.20	-506.05	75.16	26.50	0.086192	0.00099729	0	0	0	991	71.6	28.50	536.36	28.903	28.44	0	101.2	5060.5	110205
232	"13:42:26"	1670.0	0	3	20	0.561	536.0	28.90	0.0405	991	84.25	-506.07	75.20	26.50	0.098595	0.0018521	0	0	0	991	71.6	28.51	536.41	28.919	28.44	0	101.2	5060.7	110205
233	"13:42:28"	1672.0	0	3	20	0.717	536.2	28.91	0.05178	991	84.25	-506.06	75.20	26.50	0.12648	0.0016252	0	0	0	991	71.6	28.50	537.05	28.918	28.44	0	101.2	5060.6	110205
234	"13:42:30"	1674.0	0	3	20	0.726	536.5	28.91	0.05243	991	84.24	-506.06	75.19	26.49	0.12859	0.00067215	0	0	0	991	71.6	28.50	537.24	28.910	28.44	0	101.2	5060.6	110205
235	"13:42:32"	1676.0	0	3	20	0.684	536.7	28.91	0.04943	991	84.25	-506.06	75.19	26.49	0.12112	0.00083673	0	0	0	991	71.6	28.50	537.43	28.912	28.44	0	101.2	5060.6	110205
236	"13:42:34"	1678.0	0	3	20	0.662	536.9	28.91	0.04784	991	84.28	-506.07	75.19	26.49	0.11718	0.00089446	0	0	0	991	71.6	28.50	537.59	28.911	28.44	0	101.2	5060.7	110205
237	"13:42:36"	1680.0	0	3	20	0.572	537.2	28.91	0.04136	991	84.32	-506.05	75.23	26.48	0.10195	-0.00038487	0	0	0	991	71.6	28.50	537.74	28.919	28.43	0	101.2	5060.5	110205
238	"13:42:38"	1682.0	0	3	20	0.629	537.4	28.91	0.04542	991	84.31	-506.06	75.23	26.48	0.11216	-0.00079466	0	0	0	991	71.6	28.50	537.96	28.917	28.43	0	101.2	5060.6	110205
239	"13:42:40"	1684.0	0	3	20	0.627	537.6	28.91	0.0453	991	84.33	-506.06	75.23	26.48	0.11142	-1.7201E-05	0	0	0	991	71.6	28.50	538.15	28.920	28.43	0	101.2	5060.6	110205
240	"13:42:42"	1686.0	0	3	20	0.657	537.9	28.91	0.04745	991	84.29	-506.06	75.20	26.48	0.11663	0.00013568	0	0	0	991	71.6	28.50	538.62	28.905	28.43	0	101.2	5060.6	110205
241	"13:42:44"	1688.0	0	3	20	0.672	538.1	28.91	0.04854	991	84.29	-506.06	75.20	26.48	0.11899	0.00074098	0	0	0	991	71.6	28.49	538.69	28.906	28.43	0	101.2	5060.6	110205
242	"13:42:46"	1690.0	0	3	20	0.603	538.3	28.91	0.04353	991	84.30	-506.06	75.22	26.48	0.10746	-0.00070089	0	0	0	991	71.6	28.49	538.83	28.909	28.43	0	101.2	5060.6	110205
243	"13:42:48"	1692.0	0	3	20	0.562	538.5	28.91	0.04064	991	84.32	-506.06	75.25	26.48	0.1009	-0.0017017	0	0	0	991	71.6	28.49	539.12	28.916	28.43	0	101.2	5060.6	110205
244	"13:42:50"	1694.0	0	3	20	0.591	538.8	28.91	0.04267	991	84.31	-506.07	75.26	26.48	0.10493	4.7684E-05	0	0	0	991	71.6	28.49	539.30	28.919	28.42	0	101.2	5060.7	110205
245	"13:42:52"	1696.0	0	3	20	0.536	538.9	28.91	0.03874	991	84.36	-506.07	75.29	26.48	0.094508	0.0013994	0	0	0	991	71.6	28.49	539.49	28.928	28.42	0	101.2	5060.7	110205
246	"13:42:54"	1698.0	0	3	20	0.72	539.2	28.91	0.05202	991	84.33	-506.05	75.28	26.48	0.12656	0.0025024	0	0	0	991	71.6	28.49	540.01	28.923	28.42	0	101.2	5060.5	110205
247	"13:42:56"	1700.0	0	3	20	0.762	539.4	28.92	0.05508	991	84.30	-506.05	75.25	26.48	0.13465	0.0014896	0	0	0	991	71.6	28.49	539.81	28.911	28.42	0	101.2	5060.5	110205
248	"13:42:58"	1702.0	0	3	20	0.637	539.7	28.92	0.04605	991	84.34	-506.07	75.28	26.48	0.11296	0.00057864	0	0	0	991	71.6	28.49	540.27	28.921	28.42	0	101.2	5060.7	110205
249	"13:43:00"	1704.0	0	3	20	0.646	539.9	28.92	0.0467	991	84.41	-506.05	75.35	26.48	0.11444	0.00077801	0	0	0	991	71.6	28.49	540.42	28.944	28.42	0	101.2	5060.5	110205
250	"13:43:02"	1706.0	0	3	20	0.575	540.1	28.92	0.04152	991	84.38	-506.05	75.31	26.48	0.10219	-0.00010987	0	0	0	991	71.6	28.48	540.72	28.930	28.42	0	101.2	5060.5	110205
251	"13:43:04"	1708.0	0	3	20	0.53	540.3	28.92	0.03831	991	84.40	-506.05	75.31	26.47	0.094101	0.0002216	0	0	0	991	71.6	28.48	540.77	28.924	28.42	0	101.2	5060.5	110205
252	"13:43:06"	1710.0	0	3	20	0.557	540.5	28.92	0.04024	991	84.35	-506.06	75.30	26.48	0.099086	-0.0001887	0	0	0	991	71.6	28.48	541.07	28.920	28.42	0	101.2	5060.6	110205
253	"13:43:08"	1712.0	0	3	20	0.531	540.7	28.92	0.03839	991	84.41	-506.05	75.33	26.47	0.094644	-0.00037958	0	0	0	991	71.6	28.48	541.25	28.932	28.42	0	101.2	5060.5	110205
254	"13:43:10"	1714.0	0	3	20	0.482	540.9	28.92	0.03483	991	84.34	-506.06	75.28	26.47	0.085954	-0.00049503	0	0	0	991	71.6	28.48	541.45	28.908	28.41	0	101.2	5060.6	110205
255	"13:43:12"	1716.0	0	4	200	0.569	550.0	28.92	0.04114	991	84.41	-506.05	75.32	26.47	0.093113	-0.00065805	-0.000286	0.19844	0	991	71.6	28.48	541.75	28.924	28.41	0	101.2	5060.5	110205
