"OPEN 5.3.2"
"Fri May 31 2019 09:20:27"
"Unit="	"PSC-895"
"ComputeList="	"/User/Configs/Comps/Soil Efflux Eqns.LPL"
"BLCTable="	"/Sys/Lib/StdBLCTable"
"LightSource="	"Sun+Sky"	1	0.19
"LogFormat="	"/User/Configs/LogFormats/Soil Efflux Log Fmt"
"LogCodes="	-35	-21	-36	-104	310	311	320	302	303	306	304	321	322	323	324	300	301	330	331	305	307	308	-8	-2	-5	-9	-13	-11	-61	-23
"PromptList="	"/User/Configs/Prompts/Soil Efflux Prompts"
"Stability= (CO2S 15s SLP<1)(H2OS 15s SLP<1)(Flow 15s SLP<1)"
"09:20:29 same plant from 7"
$STARTOFDATA$
"Obs"	"HHMMSS"	"FTime"	"Plot#"	"Mode"	"Smpls"	"EFFLUX"	"C2avg"	"Wavg"	"dc'/dt"	"Vtot"	"RHcmbr%"	"Tsoil_C"	"RHirga%"	"Tsch_C"	"dC/dt"	"dW/dt"	"R(C)m"	"R(C)b"	"InsDpth"	"Vbase"	"Area"	"TBlk"	"CO2S"	"H2OS"	"Tair"	"PARo"	"Press"	"uc_21_mV"	"Status"
1	"09:22:14"	123.0	0	3	8	1.44	480.8	35.21	0.1041	991	82.35	-506.02	72.00	30.31	0.25035	0.017078	0	0	0	991	71.6	32.74	481.30	35.228	32.67	0	101.4	5060.2	110205
2	"09:22:16"	125.0	0	3	12	1.31	481.0	35.22	0.09475	991	82.37	-506.01	72.05	30.31	0.22907	0.013272	0	0	0	991	71.6	32.74	481.72	35.249	32.67	0	101.4	5060.1	110205
3	"09:22:18"	127.0	0	3	16	1.42	481.3	35.23	0.1024	991	82.45	-506.02	72.11	30.31	0.24805	0.013366	0	0	0	991	71.6	32.74	482.70	35.283	32.67	0	101.4	5060.2	110205
4	"09:22:20"	129.0	0	3	20	1.62	481.6	35.24	0.1168	991	82.49	-506.02	72.11	30.31	0.28409	0.012691	0	0	0	991	71.6	32.74	482.93	35.285	32.67	0	101.4	5060.2	110205
5	"09:22:22"	131.0	0	3	20	1.63	482.1	35.27	0.1176	991	82.56	-506.02	72.21	30.32	0.28648	0.012235	0	0	0	991	71.6	32.74	483.50	35.333	32.67	0	101.4	5060.2	110205
6	"09:22:24"	133.0	0	3	20	1.66	482.7	35.29	0.1197	991	82.63	-506.02	72.26	30.31	0.29131	0.012703	0	0	0	991	71.6	32.74	484.05	35.360	32.68	0	101.4	5060.2	110205
7	"09:22:26"	135.0	0	3	20	1.53	483.2	35.32	0.1103	991	82.66	-506.01	72.31	30.32	0.26837	0.012214	0	0	0	991	71.6	32.74	484.69	35.385	32.68	0	101.4	5060.1	110205
8	"09:22:28"	137.0	0	3	20	1.5	483.8	35.34	0.1086	991	82.68	-506.02	72.34	30.32	0.26366	0.013039	0	0	0	991	71.6	32.74	485.35	35.401	32.68	0	101.4	5060.2	110205
9	"09:22:30"	139.0	0	3	20	1.64	484.3	35.37	0.1182	991	82.74	-506.03	72.39	30.33	0.28797	0.012102	0	0	0	991	71.6	32.74	485.87	35.430	32.68	0	101.4	5060.3	110205
10	"09:22:32"	141.0	0	3	20	1.64	484.9	35.39	0.1184	991	82.82	-506.02	72.48	30.33	0.2884	0.012167	0	0	0	991	71.6	32.74	486.20	35.467	32.68	0	101.4	5060.2	110205
11	"09:22:34"	143.0	0	3	20	1.64	485.5	35.42	0.1185	991	82.85	-506.03	72.51	30.33	0.28793	0.013551	0	0	0	991	71.6	32.75	487.02	35.487	32.68	0	101.4	5060.3	110205
12	"09:22:36"	145.0	0	3	20	1.55	486.1	35.44	0.1121	991	82.84	-506.03	72.53	30.34	0.27245	0.012906	0	0	0	991	71.6	32.75	487.59	35.502	32.68	0	101.4	5060.3	110205
13	"09:22:38"	147.0	0	3	20	1.64	486.6	35.47	0.1184	991	82.88	-506.02	72.58	30.34	0.28782	0.013236	0	0	0	991	71.6	32.75	488.28	35.524	32.68	0	101.4	5060.2	110205
14	"09:22:40"	149.0	0	3	20	1.68	487.2	35.49	0.1217	991	82.97	-506.02	72.62	30.33	0.29714	0.011127	0	0	0	991	71.6	32.75	488.78	35.545	32.68	0	101.4	5060.2	110205
15	"09:22:42"	151.0	0	3	20	1.66	487.8	35.52	0.1201	991	82.94	-506.02	72.61	30.34	0.29386	0.0098093	0	0	0	991	71.6	32.75	489.22	35.547	32.68	0	101.4	5060.2	110205
16	"09:22:44"	153.0	0	3	20	1.63	488.4	35.53	0.1176	991	83.10	-506.02	72.72	30.33	0.28774	0.0096516	0	0	0	991	71.6	32.75	489.75	35.600	32.68	0	101.4	5060.2	110205
17	"09:22:46"	155.0	0	3	20	1.54	488.9	35.56	0.1113	991	83.13	-506.02	72.77	30.34	0.27133	0.011192	0	0	0	991	71.6	32.75	490.25	35.629	32.68	0	101.4	5060.2	110205
18	"09:22:48"	157.0	0	3	20	1.48	489.5	35.58	0.1068	991	83.15	-506.03	72.79	30.34	0.25968	0.011753	0	0	0	991	71.6	32.75	490.99	35.640	32.69	0	101.4	5060.3	110205
19	"09:22:50"	159.0	0	3	20	1.53	490.0	35.60	0.1103	991	83.17	-506.03	72.82	30.35	0.26852	0.011379	0	0	0	991	71.6	32.75	491.59	35.655	32.69	0	101.4	5060.3	110205
20	"09:22:52"	161.0	0	3	20	1.49	490.6	35.62	0.108	991	83.19	-506.02	72.84	30.35	0.26265	0.01192	0	0	0	991	71.6	32.76	491.99	35.669	32.69	0	101.4	5060.2	110205
21	"09:22:54"	163.0	0	3	20	1.43	491.1	35.65	0.1032	991	83.24	-506.02	72.93	30.36	0.25186	0.0095235	0	0	0	991	71.6	32.76	492.36	35.712	32.69	0	101.4	5060.2	110205
22	"09:22:56"	165.0	0	3	20	1.5	491.6	35.67	0.1083	991	83.30	-506.02	72.94	30.35	0.26384	0.011206	0	0	0	991	71.6	32.76	493.17	35.720	32.69	0	101.4	5060.2	110205
23	"09:22:58"	167.0	0	3	20	1.58	492.2	35.69	0.1144	991	83.32	-506.02	72.94	30.35	0.27867	0.011675	0	0	0	991	71.6	32.76	493.45	35.721	32.69	0	101.4	5060.2	110205
24	"09:23:00"	169.0	0	3	20	1.55	492.7	35.71	0.1122	991	83.43	-506.02	73.04	30.35	0.27403	0.010003	0	0	0	991	71.6	32.76	494.33	35.774	32.69	0	101.4	5060.2	110205
25	"09:23:02"	171.0	0	3	20	1.64	493.3	35.73	0.1186	991	83.41	-506.02	73.00	30.34	0.28974	0.010332	0	0	0	991	71.6	32.76	494.69	35.756	32.69	0	101.4	5060.2	110205
26	"09:23:04"	173.0	0	3	20	1.51	493.8	35.75	0.1091	991	83.47	-506.01	73.06	30.35	0.26662	0.009521	0	0	0	991	71.6	32.76	495.27	35.788	32.69	0	101.4	5060.1	110205
27	"09:23:06"	175.0	0	3	20	1.57	494.4	35.77	0.1137	991	83.56	-506.02	73.14	30.35	0.27804	0.0095062	0	0	0	991	71.6	32.76	495.88	35.828	32.69	0	101.4	5060.2	110205
28	"09:23:08"	177.0	0	3	20	1.6	494.9	35.79	0.1155	991	83.55	-506.02	73.15	30.35	0.28175	0.011159	0	0	0	991	71.6	32.77	496.51	35.831	32.69	0	101.4	5060.2	110205
29	"09:23:10"	179.0	0	3	20	1.6	495.5	35.81	0.1156	991	83.64	-506.02	73.18	30.35	0.28277	0.0092555	0	0	0	991	71.6	32.77	497.05	35.858	32.70	0	101.4	5060.2	110205
30	"09:23:12"	181.0	0	3	20	1.62	496.1	35.83	0.117	991	83.65	-506.01	73.22	30.35	0.28668	0.0086828	0	0	0	991	71.6	32.77	497.68	35.871	32.70	0	101.4	5060.1	110205
31	"09:23:14"	183.0	0	3	20	1.64	496.7	35.85	0.1186	991	83.67	-506.02	73.27	30.36	0.29007	0.0095476	0	0	0	991	71.6	32.77	498.24	35.903	32.70	0	101.4	5060.2	110205
32	"09:23:16"	185.0	0	3	20	1.74	497.2	35.87	0.1254	991	83.72	-506.03	73.31	30.36	0.3074	0.0091118	0	0	0	991	71.6	32.77	498.52	35.922	32.70	0	101.4	5060.3	110205
33	"09:23:18"	187.0	0	3	20	1.57	497.8	35.88	0.1134	991	83.77	-506.03	73.32	30.36	0.27674	0.010415	0	0	0	991	71.6	32.77	499.37	35.930	32.70	0	101.4	5060.3	110205
34	"09:23:20"	189.0	0	3	20	1.69	498.4	35.90	0.1224	991	83.81	-506.00	73.35	30.35	0.29942	0.0098979	0	0	0	991	71.6	32.77	499.67	35.947	32.70	0	101.4	5060.0	110205
35	"09:23:22"	191.0	0	3	20	1.52	499.0	35.92	0.1098	991	83.91	-506.02	73.43	30.35	0.2686	0.009026	0	0	0	991	71.6	32.77	500.30	35.986	32.70	0	101.4	5060.2	110205
36	"09:23:24"	193.0	0	3	20	1.44	499.5	35.94	0.1041	991	83.91	-506.02	73.44	30.36	0.25434	0.0089173	0	0	0	991	71.6	32.77	500.71	35.994	32.70	0	101.4	5060.2	110205
37	"09:23:26"	195.0	0	3	20	1.44	500.0	35.96	0.1041	991	83.88	-506.01	73.46	30.37	0.25423	0.0091287	0	0	0	991	71.6	32.77	501.32	36.002	32.70	0	101.4	5060.1	110205
38	"09:23:28"	197.0	0	3	20	1.41	500.5	35.98	0.1021	991	83.90	-506.03	73.50	30.37	0.24897	0.0099107	0	0	0	991	71.6	32.78	501.99	36.025	32.70	0	101.4	5060.3	110205
39	"09:23:30"	199.0	0	3	20	1.63	501.0	36.00	0.1181	991	83.97	-506.02	73.54	30.37	0.28871	0.009809	0	0	0	991	71.6	32.78	502.33	36.052	32.71	0	101.4	5060.2	110205
40	"09:23:32"	201.0	0	3	20	1.67	501.6	36.02	0.1206	991	83.95	-506.02	73.53	30.37	0.29555	0.008681	0	0	0	991	71.6	32.78	502.94	36.046	32.71	0	101.4	5060.2	110205
41	"09:23:34"	203.0	0	3	20	1.64	502.2	36.03	0.1182	991	84.03	-506.04	73.59	30.37	0.29027	0.0071639	0	0	0	991	71.6	32.78	503.63	36.075	32.71	0	101.4	5060.4	110205
42	"09:23:36"	205.0	0	3	20	1.6	502.7	36.05	0.1157	991	84.05	-506.03	73.63	30.38	0.28393	0.0076578	0	0	0	991	71.6	32.78	504.46	36.098	32.71	0	101.4	5060.3	110205
43	"09:23:38"	207.0	0	3	20	1.54	503.3	36.06	0.1111	991	84.11	-506.01	73.66	30.37	0.27189	0.0087212	0	0	0	991	71.6	32.78	504.65	36.113	32.71	0	101.4	5060.1	110205
44	"09:23:40"	209.0	0	3	20	1.59	503.8	36.08	0.1149	991	84.18	-506.01	73.70	30.37	0.28087	0.0096585	0	0	0	991	71.6	32.78	505.34	36.139	32.71	0	101.4	5060.1	110205
45	"09:23:42"	211.0	0	3	20	1.58	504.4	36.10	0.1143	991	84.18	-506.02	73.73	30.38	0.27919	0.0099946	0	0	0	991	71.6	32.79	505.87	36.153	32.71	0	101.4	5060.2	110205
46	"09:23:44"	213.0	0	3	20	1.61	505.0	36.12	0.1162	991	84.20	-506.02	73.73	30.38	0.2842	0.0093827	0	0	0	991	71.6	32.79	506.24	36.159	32.71	0	101.4	5060.2	110205
47	"09:23:46"	215.0	0	3	20	1.62	505.5	36.14	0.1171	991	84.28	-506.04	73.77	30.37	0.28659	0.0089597	0	0	0	991	71.6	32.79	506.84	36.181	32.72	0	101.4	5060.4	110205
48	"09:23:48"	217.0	0	3	20	1.59	506.1	36.16	0.115	991	84.30	-506.01	73.83	30.38	0.28119	0.0094472	0	0	0	991	71.6	32.79	507.41	36.210	32.72	0	101.4	5060.1	110205
49	"09:23:50"	219.0	0	3	20	1.54	506.6	36.18	0.1113	991	84.27	-506.02	73.82	30.38	0.27206	0.0094295	0	0	0	991	71.6	32.79	508.02	36.206	32.72	0	101.4	5060.2	110205
50	"09:23:52"	221.0	0	3	20	1.6	507.2	36.19	0.1154	991	84.28	-506.02	73.83	30.39	0.28348	0.0070256	0	0	0	991	71.6	32.79	508.65	36.216	32.72	0	101.4	5060.2	110205
51	"09:23:54"	223.0	0	4	200	1.57	500.0	36.20	0.1137	991	84.29	-506.02	73.85	30.39	0.2849	0.0066986	4.717E-05	0.090098	0	991	71.6	32.79	509.33	36.229	32.72	0	101.4	5060.2	110205
52	"09:25:30"	318.5	0	3	8	1.66	480.7	36.49	0.1199	991	84.73	-506.02	74.34	30.44	0.29404	0.0087509	0	0	0	991	71.6	32.81	481.21	36.513	32.74	0	101.4	5060.2	110205
53	"09:25:32"	320.5	0	3	12	1.59	481.0	36.49	0.1148	991	84.72	-506.03	74.33	30.44	0.28153	0.0083715	0	0	0	991	71.6	32.81	482.06	36.506	32.74	0	101.4	5060.3	110205
54	"09:25:34"	322.5	0	3	16	1.56	481.3	36.50	0.113	991	84.79	-506.02	74.38	30.43	0.27707	0.0080506	0	0	0	991	71.6	32.81	482.42	36.534	32.74	0	101.4	5060.2	110205
55	"09:25:36"	324.5	0	3	20	1.53	481.5	36.51	0.1108	991	84.84	-506.03	74.44	30.44	0.27182	0.0079713	0	0	0	991	71.6	32.81	483.36	36.563	32.74	0	101.4	5060.3	110205
56	"09:25:38"	326.5	0	3	20	1.62	482.1	36.53	0.1171	991	84.86	-506.01	74.45	30.44	0.28708	0.0085313	0	0	0	991	71.6	32.81	483.80	36.565	32.74	0	101.4	5060.1	110205
57	"09:25:40"	328.5	0	3	20	1.66	482.7	36.54	0.1203	991	84.87	-506.01	74.48	30.44	0.29522	0.0080604	0	0	0	991	71.6	32.81	484.17	36.583	32.74	0	101.4	5060.1	110205
58	"09:25:42"	330.5	0	3	20	1.62	483.3	36.56	0.1171	991	84.89	-506.02	74.52	30.45	0.28733	0.0082412	0	0	0	991	71.6	32.81	484.53	36.603	32.74	0	101.4	5060.2	110205
59	"09:25:44"	332.5	0	3	20	1.54	483.8	36.57	0.1115	991	84.89	-506.01	74.54	30.45	0.27328	0.0082346	0	0	0	991	71.6	32.81	485.35	36.614	32.74	0	101.4	5060.1	110205
60	"09:25:46"	334.5	0	3	20	1.5	484.4	36.59	0.1085	991	84.93	-506.02	74.53	30.44	0.26639	0.007261	0	0	0	991	71.6	32.81	485.92	36.608	32.74	0	101.4	5060.2	110205
61	"09:25:48"	336.5	0	3	20	1.61	485.0	36.60	0.1162	991	85.01	-506.00	74.61	30.44	0.28625	0.0059492	0	0	0	991	71.6	32.81	486.44	36.645	32.74	0	101.4	5060.0	110205
62	"09:25:50"	338.5	0	3	20	1.63	485.5	36.61	0.1177	991	85.02	-506.03	74.60	30.44	0.29019	0.0052084	0	0	0	991	71.6	32.81	487.05	36.644	32.74	0	101.4	5060.3	110205
63	"09:25:52"	340.5	0	3	20	1.72	486.1	36.63	0.1246	991	84.99	-506.02	74.64	30.45	0.30758	0.0049056	0	0	0	991	71.6	32.81	487.79	36.660	32.74	0	101.4	5060.2	110205
64	"09:25:54"	342.5	0	3	20	1.68	486.7	36.64	0.1211	991	85.03	-506.04	74.67	30.46	0.29805	0.0065909	0	0	0	991	71.6	32.81	488.20	36.678	32.74	0	101.4	5060.4	110205
65	"09:25:56"	344.5	0	3	20	1.75	487.3	36.65	0.1264	991	85.09	-506.01	74.68	30.44	0.3104	0.008029	0	0	0	991	71.6	32.81	489.03	36.683	32.74	0	101.4	5060.1	110205
66	"09:25:58"	346.5	0	3	20	1.74	487.9	36.66	0.1255	991	85.15	-506.02	74.73	30.44	0.30924	0.0062608	0	0	0	991	71.6	32.81	489.33	36.708	32.74	0	101.4	5060.2	110205
67	"09:26:00"	348.5	0	3	20	1.56	488.5	36.68	0.1128	991	85.15	-506.02	74.76	30.45	0.27702	0.0073959	0	0	0	991	71.6	32.81	490.04	36.720	32.74	0	101.4	5060.2	110205
68	"09:26:02"	350.5	0	3	20	1.51	489.1	36.69	0.109	991	85.13	-506.03	74.75	30.45	0.26816	0.0063226	0	0	0	991	71.6	32.81	490.52	36.721	32.74	0	101.4	5060.3	110205
69	"09:26:04"	352.5	0	3	20	1.59	489.7	36.71	0.1147	991	85.14	-506.03	74.79	30.46	0.28208	0.0067846	0	0	0	991	71.6	32.81	491.09	36.740	32.74	0	101.4	5060.3	110205
70	"09:26:06"	354.5	0	3	20	1.54	490.2	36.72	0.1111	991	85.11	-506.02	74.78	30.46	0.27301	0.0068107	0	0	0	991	71.6	32.81	491.66	36.733	32.74	0	101.4	5060.2	110205
71	"09:26:08"	356.5	0	3	20	1.53	490.7	36.73	0.1104	991	85.20	-506.01	74.83	30.46	0.27224	0.0050913	0	0	0	991	71.6	32.81	492.28	36.760	32.74	0	101.4	5060.1	110205
72	"09:26:10"	358.5	0	3	20	1.62	491.3	36.74	0.117	991	85.18	-506.00	74.85	30.47	0.28862	0.0052716	0	0	0	991	71.6	32.81	492.86	36.767	32.74	0	101.4	5060.0	110205
73	"09:26:12"	360.5	0	3	20	1.52	491.9	36.76	0.1097	991	85.25	-506.02	74.85	30.45	0.26989	0.0060694	0	0	0	991	71.6	32.81	493.35	36.770	32.74	0	101.4	5060.2	110205
74	"09:26:14"	362.5	0	3	20	1.64	492.4	36.76	0.1182	991	85.33	-506.02	74.92	30.45	0.29115	0.0059484	0	0	0	991	71.6	32.81	494.03	36.804	32.75	0	101.4	5060.2	110205
75	"09:26:16"	364.5	0	3	20	1.55	493.0	36.78	0.1116	991	85.34	-506.01	74.94	30.46	0.27437	0.0067782	0	0	0	991	71.6	32.81	494.58	36.814	32.74	0	101.4	5060.1	110205
76	"09:26:18"	366.5	0	3	20	1.54	493.6	36.79	0.1115	991	85.39	-506.02	74.96	30.45	0.27438	0.0060923	0	0	0	991	71.6	32.81	494.92	36.825	32.74	0	101.4	5060.2	110205
77	"09:26:20"	368.5	0	3	20	1.64	494.1	36.80	0.1188	991	85.35	-506.01	74.97	30.46	0.29255	0.0059664	0	0	0	991	71.6	32.81	495.71	36.830	32.74	0	101.4	5060.1	110205
78	"09:26:22"	370.5	0	3	20	1.7	494.7	36.81	0.1229	991	85.38	-506.01	75.00	30.46	0.30227	0.007158	0	0	0	991	71.6	32.81	496.05	36.840	32.74	0	101.4	5060.1	110205
79	"09:26:24"	372.5	0	3	20	1.65	495.3	36.83	0.1192	991	85.38	-506.02	75.01	30.46	0.29398	0.0051778	0	0	0	991	71.6	32.81	496.81	36.850	32.75	0	101.4	5060.2	110205
80	"09:26:26"	374.5	0	3	20	1.62	495.9	36.84	0.1169	991	85.41	-506.01	75.05	30.47	0.28868	0.0045333	0	0	0	991	71.6	32.81	497.36	36.872	32.75	0	101.4	5060.1	110205
81	"09:26:28"	376.5	0	3	20	1.58	496.4	36.85	0.114	991	85.51	-506.02	75.07	30.45	0.28139	0.004739	0	0	0	991	71.6	32.81	497.87	36.884	32.75	0	101.4	5060.2	110205
82	"09:26:30"	378.5	0	3	20	1.47	497.0	36.86	0.1061	991	85.47	-506.03	75.05	30.46	0.26117	0.005671	0	0	0	991	71.6	32.82	498.57	36.875	32.75	0	101.4	5060.3	110205
83	"09:26:32"	380.5	0	3	20	1.58	497.5	36.87	0.1143	991	85.47	-506.02	75.08	30.46	0.28129	0.0062077	0	0	0	991	71.6	32.81	499.03	36.887	32.75	0	101.4	5060.2	110205
84	"09:26:34"	382.5	0	3	20	1.59	498.1	36.88	0.1151	991	85.59	-506.02	75.15	30.46	0.2835	0.0057683	0	0	0	991	71.6	32.82	499.56	36.923	32.75	0	101.4	5060.2	110205
85	"09:26:36"	384.5	0	3	20	1.64	498.7	36.89	0.1183	991	85.59	-506.02	75.17	30.46	0.29204	0.0047898	0	0	0	991	71.6	32.82	500.01	36.935	32.75	0	101.4	5060.2	110205
86	"09:26:38"	386.5	0	3	20	1.62	499.2	36.90	0.1171	991	85.57	-506.03	75.16	30.46	0.28856	0.0053258	0	0	0	991	71.6	32.82	500.84	36.931	32.75	0	101.4	5060.3	110205
87	"09:26:40"	388.5	0	3	20	1.64	499.8	36.91	0.1182	991	85.59	-506.03	75.18	30.46	0.29107	0.0061916	0	0	0	991	71.6	32.82	501.35	36.943	32.75	0	101.4	5060.3	110205
88	"09:26:42"	390.5	0	3	20	1.77	500.5	36.92	0.1276	991	85.60	-506.00	75.20	30.47	0.31427	0.0061576	0	0	0	991	71.6	32.82	501.96	36.948	32.75	0	101.4	5060.0	110205
89	"09:26:44"	392.5	0	3	20	1.65	501.0	36.94	0.1196	991	85.59	-506.02	75.21	30.47	0.2951	0.0047737	0	0	0	991	71.6	32.82	502.10	36.955	32.75	0	101.4	5060.2	110205
90	"09:26:46"	394.5	0	3	20	1.54	501.6	36.95	0.1109	991	85.63	-506.01	75.26	30.47	0.27371	0.0046261	0	0	0	991	71.6	32.82	502.86	36.978	32.75	0	101.4	5060.1	110205
91	"09:26:48"	396.5	0	3	20	1.5	502.1	36.96	0.108	991	85.63	-506.02	75.27	30.48	0.26594	0.0056804	0	0	0	991	71.6	32.82	503.86	36.987	32.75	0	101.4	5060.2	110205
92	"09:26:50"	398.5	0	3	20	1.6	502.7	36.97	0.1158	991	85.74	-506.02	75.33	30.47	0.28488	0.0061673	0	0	0	991	71.6	32.82	504.36	37.018	32.75	0	101.4	5060.2	110205
93	"09:26:52"	400.5	0	3	20	1.72	503.3	36.98	0.1243	991	85.70	-506.02	75.31	30.47	0.30533	0.0078887	0	0	0	991	71.6	32.82	504.91	37.007	32.75	0	101.4	5060.2	110205
94	"09:26:54"	402.5	0	3	20	1.78	503.9	36.99	0.1283	991	85.73	-506.02	75.31	30.47	0.31602	0.006361	0	0	0	991	71.6	32.82	505.44	37.014	32.75	0	101.4	5060.2	110205
95	"09:26:56"	404.5	0	3	20	1.64	504.5	37.01	0.1186	991	85.77	-506.01	75.32	30.46	0.29282	0.0046073	0	0	0	991	71.6	32.82	505.93	37.011	32.75	0	101.4	5060.1	110205
96	"09:26:58"	406.5	0	3	20	1.48	505.0	37.02	0.1072	991	85.82	-506.02	75.38	30.47	0.2647	0.0040135	0	0	0	991	71.6	32.82	506.32	37.046	32.75	0	101.4	5060.2	110205
97	"09:27:00"	408.5	0	3	20	1.48	505.6	37.03	0.1067	991	85.83	-506.01	75.41	30.47	0.26349	0.0038285	0	0	0	991	71.6	32.82	506.95	37.061	32.75	0	101.4	5060.1	110205
98	"09:27:02"	410.5	0	3	20	1.51	506.2	37.03	0.1093	991	85.84	-506.02	75.42	30.47	0.26907	0.005834	0	0	0	991	71.6	32.82	507.67	37.065	32.75	0	101.4	5060.2	110205
99	"09:27:04"	412.5	0	3	20	1.74	506.7	37.04	0.1255	991	85.81	-506.01	75.42	30.48	0.30935	0.0057486	0	0	0	991	71.6	32.82	508.43	37.067	32.75	0	101.4	5060.1	110205
100	"09:27:06"	414.5	0	3	20	1.77	507.3	37.06	0.1275	991	85.89	-506.01	75.48	30.48	0.31424	0.0059798	0	0	0	991	71.6	32.82	508.89	37.103	32.75	0	101.4	5060.1	110205
101	"09:27:08"	416.5	0	3	20	1.63	507.9	37.07	0.1178	991	85.86	-506.02	75.45	30.48	0.29018	0.0058512	0	0	0	991	71.6	32.83	509.52	37.088	32.76	0	101.4	5060.2	110205
102	"09:27:10"	418.5	0	4	200	1.62	500.0	37.08	0.1168	991	85.93	-506.02	75.49	30.47	0.28722	0.005289	6.5548E-05	0.084054	0	991	71.6	32.83	510.06	37.109	32.75	0	101.4	5060.2	110205
103	"09:28:38"	506.5	0	3	8	1.22	480.6	37.20	0.08834	991	85.93	-506.01	75.49	30.51	0.21653	0.0067565	0	0	0	991	71.6	32.87	481.14	37.197	32.80	0	101.4	5060.1	110205
104	"09:28:40"	508.5	0	3	12	1.59	480.9	37.20	0.1148	991	85.99	-506.02	75.53	30.51	0.28247	0.0066345	0	0	0	991	71.6	32.87	481.96	37.217	32.80	0	101.4	5060.2	110205
105	"09:28:42"	510.5	0	3	16	1.64	481.2	37.20	0.1182	991	85.95	-506.01	75.55	30.53	0.2919	0.0048271	0	0	0	991	71.6	32.88	482.50	37.231	32.80	0	101.4	5060.1	110205
106	"09:28:44"	512.5	0	3	20	1.7	481.6	37.21	0.123	991	85.98	-506.02	75.57	30.53	0.30312	0.0063309	0	0	0	991	71.6	32.88	483.37	37.243	32.80	0	101.4	5060.2	110205
107	"09:28:46"	514.5	0	3	20	1.8	482.2	37.23	0.13	991	86.04	-506.02	75.60	30.52	0.3202	0.0067333	0	0	0	991	71.6	32.88	483.57	37.261	32.80	0	101.4	5060.2	110205
108	"09:28:48"	516.5	0	3	20	1.66	482.8	37.24	0.1201	991	86.03	-506.02	75.58	30.52	0.29575	0.0063881	0	0	0	991	71.6	32.88	484.31	37.250	32.80	0	101.4	5060.2	110205
109	"09:28:50"	518.5	0	3	20	1.64	483.4	37.24	0.1183	991	86.09	-506.02	75.61	30.51	0.29224	0.0044509	0	0	0	991	71.6	32.88	484.72	37.268	32.80	0	101.4	5060.2	110205
110	"09:28:52"	520.5	0	3	20	1.49	483.9	37.26	0.1076	991	86.14	-506.03	75.64	30.51	0.26606	0.00359	0	0	0	991	71.6	32.88	485.49	37.285	32.80	0	101.4	5060.3	110205
111	"09:28:54"	522.5	0	3	20	1.59	484.5	37.27	0.1149	991	86.13	-506.03	75.62	30.51	0.28346	0.0051131	0	0	0	991	71.6	32.88	486.06	37.279	32.81	0	101.4	5060.3	110205
112	"09:28:56"	524.5	0	3	20	1.65	485.0	37.27	0.1192	991	86.20	-506.01	75.68	30.51	0.29395	0.0054468	0	0	0	991	71.6	32.88	486.51	37.306	32.81	0	101.4	5060.1	110205
113	"09:28:58"	526.5	0	3	20	1.63	485.6	37.29	0.1178	991	86.24	-506.02	75.74	30.52	0.2896	0.00745	0	0	0	991	71.6	32.88	487.37	37.339	32.81	0	101.4	5060.2	110205
114	"09:29:00"	528.5	0	3	20	1.76	486.2	37.30	0.127	991	86.18	-506.02	75.69	30.52	0.3128	0.0065034	0	0	0	991	71.6	32.88	487.74	37.315	32.81	0	101.4	5060.2	110205
115	"09:29:02"	530.5	0	3	20	1.64	486.8	37.31	0.1182	991	86.27	-506.02	75.76	30.52	0.29156	0.005235	0	0	0	991	71.6	32.88	488.42	37.353	32.81	0	101.4	5060.2	110205
116	"09:29:04"	532.5	0	3	20	1.67	487.4	37.32	0.1209	991	86.25	-506.02	75.76	30.52	0.29742	0.0067549	0	0	0	991	71.6	32.89	489.08	37.352	32.81	0	101.4	5060.2	110205
117	"09:29:06"	534.5	0	3	20	1.7	488.0	37.34	0.1228	991	86.28	-506.03	75.78	30.52	0.30295	0.0054051	0	0	0	991	71.6	32.89	489.75	37.369	32.81	0	101.4	5060.3	110205
118	"09:29:08"	536.5	0	3	20	1.72	488.7	37.35	0.1244	991	86.29	-506.01	75.79	30.52	0.30685	0.005577	0	0	0	991	71.6	32.89	490.41	37.372	32.81	0	101.4	5060.1	110205
119	"09:29:10"	538.5	0	3	20	1.79	489.3	37.36	0.1292	991	86.25	-506.03	75.77	30.53	0.31862	0.0059737	0	0	0	991	71.6	32.89	490.90	37.364	32.81	0	101.4	5060.3	110205
120	"09:29:12"	540.5	0	3	20	1.59	489.8	37.37	0.1151	991	86.34	-506.03	75.83	30.53	0.28482	0.0033927	0	0	0	991	71.6	32.89	491.11	37.396	32.81	0	101.4	5060.3	110205
121	"09:29:14"	542.5	0	3	20	1.42	490.4	37.38	0.1025	991	86.35	-506.02	75.86	30.53	0.25308	0.0039199	0	0	0	991	71.6	32.89	491.80	37.411	32.81	0	101.4	5060.2	110205
122	"09:29:16"	544.5	0	3	20	1.46	490.9	37.39	0.1055	991	86.36	-506.03	75.84	30.53	0.26022	0.0046647	0	0	0	991	71.6	32.89	492.68	37.407	32.82	0	101.4	5060.3	110205
123	"09:29:18"	546.5	0	3	20	1.64	491.5	37.39	0.1187	991	86.32	-506.02	75.84	30.53	0.29266	0.0054159	0	0	0	991	71.6	32.89	493.17	37.402	32.81	0	101.4	5060.2	110205
124	"09:29:20"	548.5	0	3	20	1.78	492.1	37.40	0.1285	991	86.40	-506.01	75.91	30.53	0.31743	0.0046599	0	0	0	991	71.6	32.89	493.56	37.440	32.81	0	101.4	5060.1	110205
125	"09:29:22"	550.5	0	3	20	1.67	492.7	37.41	0.1209	991	86.36	-506.02	75.91	30.54	0.2981	0.0056581	0	0	0	991	71.6	32.89	494.42	37.444	32.82	0	101.4	5060.2	110205
126	"09:29:24"	552.5	0	3	20	1.62	493.3	37.43	0.1171	991	86.43	-506.00	75.95	30.54	0.28866	0.0056462	0	0	0	991	71.6	32.89	494.80	37.468	32.82	0	101.4	5060.0	110205
127	"09:29:26"	554.5	0	3	20	1.58	493.9	37.44	0.114	991	86.42	-506.02	75.93	30.54	0.28042	0.0067327	0	0	0	991	71.6	32.89	495.31	37.458	32.82	0	101.4	5060.2	110205
128	"09:29:28"	556.5	0	3	20	1.61	494.4	37.45	0.1166	991	86.45	-506.01	75.96	30.54	0.2872	0.0061805	0	0	0	991	71.6	32.90	495.87	37.473	32.82	0	101.4	5060.1	110205
129	"09:29:30"	558.5	0	3	20	1.67	495.0	37.46	0.1208	991	86.50	-506.02	75.99	30.53	0.29863	0.0041181	0	0	0	991	71.6	32.90	496.47	37.486	32.82	0	101.4	5060.2	110205
130	"09:29:32"	560.5	0	3	20	1.56	495.6	37.47	0.113	991	86.49	-506.02	75.99	30.54	0.27901	0.004363	0	0	0	991	71.6	32.90	496.95	37.490	32.82	0	101.4	5060.2	110205
131	"09:29:34"	562.5	0	3	20	1.48	496.1	37.48	0.1072	991	86.54	-506.02	76.03	30.54	0.26445	0.0045444	0	0	0	991	71.6	32.90	497.59	37.515	32.82	0	101.4	5060.2	110205
132	"09:29:36"	564.5	0	3	20	1.6	496.7	37.49	0.1155	991	86.51	-506.01	76.00	30.54	0.28494	0.0050489	0	0	0	991	71.6	32.90	498.32	37.501	32.82	0	101.4	5060.1	110205
133	"09:29:38"	566.5	0	3	20	1.63	497.3	37.49	0.1175	991	86.57	-506.02	76.04	30.54	0.29077	0.0035655	0	0	0	991	71.6	32.90	498.91	37.523	32.82	0	101.4	5060.2	110205
134	"09:29:40"	568.5	0	3	20	1.62	497.8	37.50	0.1173	991	86.56	-506.02	76.04	30.54	0.29009	0.0038366	0	0	0	991	71.6	32.90	499.24	37.519	32.82	0	101.4	5060.2	110205
135	"09:29:42"	570.5	0	3	20	1.64	498.4	37.51	0.1182	991	86.60	-506.02	76.07	30.54	0.29248	0.0032378	0	0	0	991	71.6	32.90	499.87	37.541	32.83	0	101.4	5060.2	110205
136	"09:29:44"	572.5	0	3	20	1.57	499.0	37.52	0.1133	991	86.60	-506.01	76.07	30.54	0.27985	0.0045048	0	0	0	991	71.6	32.90	500.61	37.541	32.82	0	101.4	5060.1	110205
137	"09:29:46"	574.5	0	3	20	1.66	499.6	37.53	0.1201	991	86.63	-506.01	76.09	30.54	0.29627	0.0052015	0	0	0	991	71.6	32.90	501.07	37.553	32.83	0	101.4	5060.1	110205
138	"09:29:48"	576.5	0	3	20	1.79	500.2	37.54	0.1295	991	86.61	-506.02	76.12	30.55	0.32008	0.0043196	0	0	0	991	71.6	32.91	502.25	37.570	32.83	0	101.4	5060.2	110205
139	"09:29:50"	578.5	0	3	20	1.81	500.8	37.55	0.1308	991	86.64	-506.02	76.10	30.54	0.32296	0.0051655	0	0	0	991	71.6	32.91	502.25	37.565	32.83	0	101.4	5060.2	110205
140	"09:29:52"	580.5	0	3	20	1.62	501.4	37.56	0.1169	991	86.65	-506.01	76.13	30.55	0.28891	0.0039582	0	0	0	991	71.6	32.91	502.99	37.578	32.83	0	101.4	5060.1	110205
141	"09:29:54"	582.5	0	3	20	1.56	502.0	37.57	0.1127	991	86.67	-506.02	76.14	30.55	0.27831	0.0042508	0	0	0	991	71.6	32.91	503.33	37.583	32.83	0	101.4	5060.2	110205
142	"09:29:56"	584.5	0	3	20	1.62	502.6	37.57	0.1168	991	86.67	-506.01	76.13	30.55	0.28848	0.0042376	0	0	0	991	71.6	32.91	504.09	37.587	32.83	0	101.4	5060.1	110205
143	"09:29:58"	586.5	0	3	20	1.62	503.1	37.58	0.117	991	86.73	-506.02	76.17	30.54	0.28926	0.0038311	0	0	0	991	71.6	32.91	504.89	37.608	32.83	0	101.4	5060.2	110205
144	"09:30:00"	588.5	0	3	20	1.87	503.8	37.59	0.1349	991	86.72	-506.01	76.19	30.55	0.33327	0.0050508	0	0	0	991	71.6	32.91	505.50	37.618	32.83	0	101.4	5060.1	110205
145	"09:30:02"	590.5	0	3	20	1.73	504.4	37.60	0.1253	991	86.75	-506.01	76.19	30.55	0.30927	0.0052203	0	0	0	991	71.6	32.91	505.94	37.620	32.83	0	101.4	5060.1	110205
146	"09:30:04"	592.5	0	3	20	1.63	505.0	37.61	0.1179	991	86.77	-506.01	76.21	30.55	0.29135	0.0041312	0	0	0	991	71.6	32.91	506.42	37.629	32.83	0	101.4	5060.1	110205
147	"09:30:06"	594.5	0	3	20	1.64	505.6	37.62	0.1185	991	86.79	-506.02	76.23	30.55	0.29278	0.0043569	0	0	0	991	71.6	32.92	506.95	37.645	32.84	0	101.4	5060.2	110205
148	"09:30:08"	596.5	0	3	20	1.37	506.1	37.63	0.09917	991	86.78	-506.02	76.20	30.55	0.24532	0.0029816	0	0	0	991	71.6	32.92	507.46	37.631	32.84	0	101.4	5060.2	110205
149	"09:30:10"	598.5	0	3	20	1.55	506.6	37.63	0.1117	991	86.83	-506.03	76.23	30.54	0.2761	0.0039303	0	0	0	991	71.6	32.92	508.26	37.650	32.84	0	101.4	5060.3	110205
150	"09:30:12"	600.5	0	3	20	1.59	507.2	37.64	0.1147	991	86.85	-506.02	76.26	30.55	0.28307	0.0044861	0	0	0	991	71.6	32.92	508.59	37.663	32.84	0	101.4	5060.2	110205
151	"09:30:14"	602.5	0	3	20	1.6	507.8	37.65	0.1153	991	86.76	-506.02	76.22	30.56	0.28521	0.0036997	0	0	0	991	71.6	32.92	509.34	37.644	32.84	0	101.4	5060.2	110205
152	"09:30:16"	604.5	0	3	20	1.79	508.3	37.65	0.1295	991	86.83	-506.02	76.27	30.55	0.32043	0.0036953	0	0	0	991	71.6	32.92	510.12	37.671	32.84	0	101.4	5060.2	110205
153	"09:30:18"	606.5	0	4	200	1.63	500.0	37.66	0.1179	991	86.86	-506.01	76.30	30.56	0.30023	0.0042698	2.5337E-05	0.10525	0	991	71.6	32.92	510.57	37.691	32.84	0	101.4	5060.1	110205
154	"09:31:54"	703.0	0	3	8	1.34	480.5	37.73	0.0969	991	86.85	-506.01	76.30	30.59	0.23878	0.0049697	0	0	0	991	71.6	32.95	481.24	37.748	32.87	0	101.4	5060.1	110205
155	"09:31:56"	705.0	0	3	12	1.71	480.8	37.74	0.1236	991	86.83	-506.03	76.29	30.59	0.30425	0.0071531	0	0	0	991	71.6	32.95	481.71	37.749	32.87	0	101.4	5060.3	110205
156	"09:31:58"	707.0	0	3	16	1.69	481.1	37.74	0.1218	991	86.88	-506.03	76.35	30.59	0.30077	0.0049029	0	0	0	991	71.6	32.95	482.46	37.773	32.87	0	101.4	5060.3	110205
157	"09:32:00"	709.0	0	3	20	1.65	481.4	37.74	0.1191	991	86.83	-506.03	76.31	30.59	0.29481	0.0036652	0	0	0	991	71.6	32.95	483.05	37.758	32.87	0	101.4	5060.3	110205
158	"09:32:02"	711.0	0	3	20	1.71	482.0	37.75	0.1238	991	86.87	-506.01	76.35	30.60	0.30659	0.0034059	0	0	0	991	71.6	32.95	483.59	37.779	32.87	0	101.4	5060.1	110205
159	"09:32:04"	713.0	0	3	20	1.62	482.6	37.76	0.1171	991	86.89	-506.01	76.35	30.59	0.29036	0.0024716	0	0	0	991	71.6	32.95	484.31	37.779	32.87	0	101.4	5060.1	110205
160	"09:32:06"	715.0	0	3	20	1.69	483.2	37.77	0.1221	991	86.89	-506.01	76.36	30.59	0.30156	0.0047015	0	0	0	991	71.6	32.95	484.63	37.784	32.87	0	101.4	5060.1	110205
161	"09:32:08"	717.0	0	3	20	1.58	483.7	37.77	0.1141	991	86.92	-506.02	76.39	30.60	0.28232	0.0035028	0	0	0	991	71.6	32.95	485.23	37.801	32.87	0	101.4	5060.2	110205
162	"09:32:10"	719.0	0	3	20	1.57	484.3	37.78	0.1132	991	86.90	-506.03	76.40	30.60	0.27974	0.0044584	0	0	0	991	71.6	32.95	486.02	37.811	32.87	0	101.4	5060.3	110205
163	"09:32:12"	721.0	0	3	20	1.69	484.9	37.80	0.1221	991	86.94	-506.02	76.43	30.60	0.30101	0.006106	0	0	0	991	71.6	32.95	486.46	37.821	32.87	0	101.4	5060.2	110205
164	"09:32:14"	723.0	0	3	20	1.58	485.5	37.81	0.1139	991	86.99	-506.03	76.45	30.60	0.28083	0.0054094	0	0	0	991	71.6	32.95	486.97	37.837	32.88	0	101.4	5060.3	110205
165	"09:32:16"	725.0	0	3	20	1.71	486.1	37.81	0.1233	991	86.97	-506.02	76.44	30.60	0.30426	0.0053177	0	0	0	991	71.6	32.95	487.60	37.832	32.88	0	101.4	5060.2	110205
166	"09:32:18"	727.0	0	3	20	1.62	486.7	37.82	0.1167	991	87.00	-506.03	76.48	30.60	0.28921	0.0029317	0	0	0	991	71.6	32.95	488.23	37.851	32.88	0	101.4	5060.3	110205
167	"09:32:20"	729.0	0	3	20	1.59	487.3	37.83	0.1149	991	87.01	-506.02	76.48	30.60	0.28418	0.0036684	0	0	0	991	71.6	32.95	488.85	37.853	32.88	0	101.4	5060.2	110205
168	"09:32:22"	731.0	0	3	20	1.71	487.9	37.84	0.1239	991	87.03	-506.03	76.49	30.60	0.30618	0.0046027	0	0	0	991	71.6	32.95	489.34	37.860	32.88	0	101.4	5060.3	110205
169	"09:32:24"	733.0	0	3	20	1.66	488.5	37.85	0.12	991	87.06	-506.01	76.52	30.60	0.2964	0.0048467	0	0	0	991	71.6	32.95	490.17	37.871	32.88	0	101.4	5060.1	110205
170	"09:32:26"	735.0	0	3	20	1.64	489.0	37.86	0.1184	991	87.05	-506.02	76.49	30.60	0.29289	0.0036602	0	0	0	991	71.6	32.95	490.36	37.861	32.88	0	101.4	5060.2	110205
171	"09:32:28"	737.0	0	3	20	1.58	489.6	37.86	0.1143	991	87.09	-506.01	76.53	30.60	0.28347	0.0021022	0	0	0	991	71.6	32.95	491.27	37.876	32.88	0	101.4	5060.1	110205
172	"09:32:30"	739.0	0	3	20	1.6	490.2	37.87	0.1159	991	87.03	-506.02	76.51	30.61	0.28742	0.0024075	0	0	0	991	71.6	32.95	491.61	37.870	32.88	0	101.4	5060.2	110205
173	"09:32:32"	741.0	0	3	20	1.62	490.8	37.87	0.117	991	87.05	-506.02	76.53	30.61	0.29022	0.0023232	0	0	0	991	71.6	32.95	492.29	37.885	32.88	0	101.4	5060.2	110205
174	"09:32:34"	743.0	0	3	20	1.7	491.4	37.88	0.1228	991	87.10	-506.03	76.59	30.61	0.30399	0.003656	0	0	0	991	71.6	32.96	492.83	37.914	32.88	0	101.4	5060.3	110205
175	"09:32:36"	745.0	0	3	20	1.67	492.0	37.89	0.1209	991	87.07	-506.02	76.58	30.61	0.29868	0.0044245	0	0	0	991	71.6	32.95	493.39	37.904	32.88	0	101.4	5060.2	110205
176	"09:32:38"	747.0	0	3	20	1.62	492.6	37.90	0.1171	991	87.15	-506.02	76.62	30.61	0.28882	0.0055729	0	0	0	991	71.6	32.95	493.99	37.925	32.88	0	101.4	5060.2	110205
177	"09:32:40"	749.0	0	3	20	1.6	493.1	37.90	0.1153	991	87.08	-506.02	76.58	30.61	0.28534	0.0035282	0	0	0	991	71.6	32.95	494.76	37.909	32.88	0	101.4	5060.2	110205
178	"09:32:42"	751.0	0	3	20	1.57	493.7	37.91	0.1137	991	87.17	-506.02	76.61	30.60	0.28149	0.0030748	0	0	0	991	71.6	32.95	495.28	37.924	32.88	0	101.4	5060.2	110205
179	"09:32:44"	753.0	0	3	20	1.66	494.3	37.92	0.1196	991	87.18	-506.02	76.66	30.61	0.29642	0.0027461	0	0	0	991	71.6	32.95	496.00	37.946	32.88	0	101.4	5060.2	110205
180	"09:32:46"	755.0	0	3	20	1.73	494.9	37.92	0.1252	991	87.14	-506.05	76.65	30.62	0.31001	0.003571	0	0	0	991	71.6	32.96	496.39	37.942	32.88	0	101.4	5060.5	110205
181	"09:32:48"	757.0	0	3	20	1.75	495.5	37.93	0.1262	991	87.17	-506.01	76.65	30.61	0.31203	0.0041508	0	0	0	991	71.6	32.95	496.99	37.943	32.88	0	101.4	5060.1	110205
182	"09:32:50"	759.0	0	3	20	1.76	496.1	37.94	0.1273	991	87.23	-506.03	76.71	30.62	0.31563	0.0025383	0	0	0	991	71.6	32.96	497.74	37.976	32.88	0	101.4	5060.3	110205
183	"09:32:52"	761.0	0	3	20	1.69	496.7	37.94	0.122	991	87.19	-506.02	76.69	30.62	0.30211	0.003197	0	0	0	991	71.6	32.95	498.03	37.965	32.88	0	101.4	5060.2	110205
184	"09:32:54"	763.0	0	3	20	1.64	497.3	37.95	0.1187	991	87.17	-506.02	76.67	30.62	0.29375	0.0037229	0	0	0	991	71.6	32.95	498.85	37.954	32.88	0	101.4	5060.2	110205
185	"09:32:56"	765.0	0	3	20	1.71	497.9	37.96	0.1237	991	87.24	-506.02	76.71	30.61	0.30614	0.0034938	0	0	0	991	71.6	32.95	499.23	37.974	32.88	0	101.4	5060.2	110205
186	"09:32:58"	767.0	0	3	20	1.54	498.5	37.96	0.1112	991	87.22	-506.03	76.72	30.62	0.27554	0.0028806	0	0	0	991	71.6	32.95	499.90	37.984	32.88	0	101.4	5060.3	110205
187	"09:33:00"	769.0	0	3	20	1.5	499.0	37.97	0.1082	991	87.29	-506.03	76.74	30.61	0.26822	0.0023366	0	0	0	991	71.6	32.95	500.69	37.991	32.88	0	101.4	5060.3	110205
188	"09:33:02"	771.0	0	3	20	1.66	499.6	37.98	0.1198	991	87.31	-506.02	76.77	30.61	0.29615	0.0042478	0	0	0	991	71.6	32.96	501.32	38.004	32.88	0	101.4	5060.2	110205
189	"09:33:04"	773.0	0	3	20	1.68	500.2	37.98	0.121	991	87.22	-506.01	76.76	30.63	0.29832	0.0059086	0	0	0	991	71.6	32.95	501.77	37.997	32.88	0	101.4	5060.1	110205
190	"09:33:06"	775.0	0	3	20	1.72	500.7	37.99	0.1241	991	87.25	-506.01	76.77	30.62	0.30672	0.0045788	0	0	0	991	71.6	32.95	502.25	38.003	32.88	0	101.4	5060.1	110205
191	"09:33:08"	777.0	0	3	20	1.58	501.3	38.00	0.1141	991	87.32	-506.02	76.82	30.62	0.28182	0.0044789	0	0	0	991	71.6	32.95	503.06	38.030	32.88	0	101.4	5060.2	110205
192	"09:33:10"	779.0	0	3	20	1.53	502.0	38.01	0.1106	991	87.29	-506.02	76.79	30.62	0.27357	0.0033862	0	0	0	991	71.6	32.96	503.53	38.020	32.88	0	101.4	5060.2	110205
193	"09:33:12"	781.0	0	3	20	1.62	502.5	38.02	0.1172	991	87.31	-506.03	76.80	30.62	0.29012	0.0035325	0	0	0	991	71.6	32.96	503.97	38.027	32.88	0	101.4	5060.3	110205
194	"09:33:14"	783.0	0	3	20	1.64	503.1	38.02	0.1184	991	87.38	-506.01	76.86	30.62	0.29274	0.0037927	0	0	0	991	71.6	32.96	504.67	38.049	32.88	0	101.4	5060.1	110205
195	"09:33:16"	785.0	0	3	20	1.66	503.7	38.03	0.1199	991	87.37	-506.03	76.82	30.62	0.29679	0.0031941	0	0	0	991	71.6	32.96	505.55	38.038	32.88	0	101.4	5060.3	110205
196	"09:33:18"	787.0	0	3	20	1.69	504.3	38.04	0.1223	991	87.41	-506.02	76.85	30.61	0.30246	0.0037623	0	0	0	991	71.6	32.96	505.89	38.050	32.88	0	101.4	5060.2	110205
197	"09:33:20"	789.0	0	3	20	1.77	504.9	38.04	0.1277	991	87.43	-506.02	76.86	30.61	0.31651	0.0027605	0	0	0	991	71.6	32.96	506.43	38.055	32.88	0	101.4	5060.2	110205
198	"09:33:22"	791.0	0	3	20	1.69	505.5	38.05	0.1221	991	87.45	-506.01	76.87	30.61	0.30285	0.0024708	0	0	0	991	71.6	32.96	506.97	38.064	32.88	0	101.4	5060.1	110205
199	"09:33:24"	793.0	0	3	20	1.61	506.1	38.06	0.1164	991	87.44	-506.03	76.90	30.62	0.28825	0.003101	0	0	0	991	71.6	32.96	507.51	38.078	32.88	0	101.4	5060.3	110205
200	"09:33:26"	795.0	0	3	20	1.55	506.7	38.06	0.1117	991	87.42	-506.01	76.91	30.62	0.27626	0.0036657	0	0	0	991	71.6	32.96	508.31	38.083	32.89	0	101.4	5060.1	110205
201	"09:33:28"	797.0	0	3	20	1.66	507.3	38.07	0.12	991	87.49	-506.01	76.98	30.63	0.29625	0.0047849	0	0	0	991	71.6	32.96	508.60	38.118	32.89	0	101.4	5060.1	110205
202	"09:33:30"	799.0	0	3	20	1.67	507.8	38.08	0.1209	991	87.43	-506.01	76.92	30.63	0.29848	0.0047666	0	0	0	991	71.6	32.96	509.21	38.088	32.89	0	101.4	5060.1	110205
203	"09:33:32"	801.0	0	3	20	1.57	508.4	38.09	0.1132	991	87.48	-506.01	76.96	30.63	0.28068	0.0022223	0	0	0	991	71.6	32.96	509.87	38.110	32.89	0	101.4	5060.1	110205
204	"09:33:34"	803.0	0	4	200	1.64	500.0	38.09	0.1185	991	87.47	-506.02	76.96	30.63	0.27729	0.0028634	-3.4266E-05	0.13563	0	991	71.6	32.96	510.70	38.109	32.89	0	101.4	5060.2	110205
205	"09:35:02"	890.5	0	3	8	1.77	480.7	38.09	0.1281	991	87.34	-506.01	76.84	30.64	0.31761	0.0026328	0	0	0	991	71.6	32.98	481.44	38.087	32.90	0	101.4	5060.1	110205
206	"09:35:04"	892.5	0	3	12	1.75	481.0	38.09	0.1263	991	87.33	-506.01	76.86	30.65	0.31362	0.0018554	0	0	0	991	71.6	32.98	482.12	38.097	32.90	0	101.4	5060.1	110205
207	"09:35:06"	894.5	0	3	16	1.81	481.3	38.10	0.1309	991	87.37	-506.02	76.91	30.65	0.32386	0.0043732	0	0	0	991	71.6	32.98	482.56	38.122	32.90	0	101.4	5060.2	110205
208	"09:35:08"	896.5	0	3	20	1.63	481.6	38.10	0.1178	991	87.34	-506.01	76.87	30.65	0.29196	0.0030158	0	0	0	991	71.6	32.98	483.09	38.104	32.90	0	101.4	5060.1	110205
209	"09:35:10"	898.5	0	3	20	1.66	482.2	38.11	0.1199	991	87.36	-506.02	76.93	30.66	0.29698	0.0031704	0	0	0	991	71.6	32.98	483.86	38.138	32.91	0	101.4	5060.2	110205
210	"09:35:12"	900.5	0	3	20	1.73	482.8	38.12	0.1248	991	87.39	-506.02	76.95	30.66	0.30847	0.0045889	0	0	0	991	71.6	32.98	484.53	38.149	32.91	0	101.4	5060.2	110205
211	"09:35:14"	902.5	0	3	20	1.75	483.5	38.13	0.1264	991	87.40	-506.01	76.95	30.66	0.31287	0.004053	0	0	0	991	71.6	32.98	485.02	38.147	32.90	0	101.4	5060.1	110205
212	"09:35:16"	904.5	0	3	20	1.87	484.1	38.13	0.1351	991	87.38	-506.01	76.93	30.66	0.33416	0.0048263	0	0	0	991	71.6	32.98	485.92	38.140	32.91	0	101.4	5060.1	110205
213	"09:35:18"	906.5	0	3	20	1.62	484.7	38.14	0.1173	991	87.45	-506.02	76.97	30.66	0.29066	0.0029681	0	0	0	991	71.6	32.98	486.26	38.160	32.91	0	101.4	5060.2	110205
214	"09:35:20"	908.5	0	3	20	1.55	485.3	38.15	0.1118	991	87.50	-506.01	77.01	30.65	0.27739	0.002046	0	0	0	991	71.6	32.98	486.59	38.183	32.91	0	101.4	5060.1	110205
215	"09:35:22"	910.5	0	3	20	1.51	485.8	38.15	0.1091	991	87.44	-506.03	76.98	30.66	0.26989	0.0037612	0	0	0	991	71.6	32.98	487.36	38.169	32.91	0	101.4	5060.3	110205
216	"09:35:24"	912.5	0	3	20	1.5	486.4	38.16	0.1081	991	87.37	-506.02	76.98	30.67	0.2675	0.0034258	0	0	0	991	71.6	32.98	487.86	38.170	32.91	0	101.4	5060.2	110205
217	"09:35:26"	914.5	0	3	20	1.6	487.0	38.17	0.1154	991	87.42	-506.02	77.01	30.67	0.2853	0.0039499	0	0	0	991	71.6	32.98	488.48	38.188	32.91	0	101.4	5060.2	110205
218	"09:35:28"	916.5	0	3	20	1.65	487.5	38.18	0.1189	991	87.47	-506.02	77.01	30.67	0.29437	0.0035601	0	0	0	991	71.6	32.98	489.33	38.193	32.91	0	101.4	5060.2	110205
219	"09:35:30"	918.5	0	3	20	1.78	488.2	38.18	0.1287	991	87.49	-506.03	77.06	30.67	0.31848	0.0041122	0	0	0	991	71.6	32.99	489.79	38.213	32.91	0	101.4	5060.3	110205
220	"09:35:32"	920.5	0	3	20	1.77	488.8	38.19	0.1282	991	87.42	-506.01	77.05	30.68	0.31707	0.0045854	0	0	0	991	71.6	32.99	490.40	38.210	32.91	0	101.4	5060.1	110205
221	"09:35:34"	922.5	0	3	20	1.73	489.4	38.20	0.1248	991	87.51	-506.00	77.06	30.67	0.30882	0.0039181	0	0	0	991	71.6	32.99	491.04	38.215	32.91	0	101.4	5060.0	110205
222	"09:35:36"	924.5	0	3	20	1.65	490.0	38.21	0.119	991	87.53	-506.02	77.09	30.67	0.29456	0.0034007	0	0	0	991	71.6	32.99	491.36	38.231	32.91	0	101.4	5060.2	110205
223	"09:35:38"	926.5	0	3	20	1.52	490.6	38.21	0.1099	991	87.57	-506.01	77.09	30.66	0.27216	0.0028775	0	0	0	991	71.6	32.99	492.16	38.232	32.91	0	101.4	5060.1	110205
224	"09:35:40"	928.5	0	3	20	1.61	491.1	38.22	0.1163	991	87.53	-506.02	77.07	30.67	0.28805	0.0029114	0	0	0	991	71.6	32.99	492.73	38.227	32.91	0	101.4	5060.2	110205
225	"09:35:42"	930.5	0	3	20	1.69	491.7	38.22	0.1218	991	87.56	-506.03	77.10	30.67	0.30217	0.002085	0	0	0	991	71.6	32.99	493.23	38.241	32.91	0	101.4	5060.3	110205
226	"09:35:44"	932.5	0	3	20	1.67	492.3	38.23	0.1209	991	87.51	-506.03	77.08	30.68	0.29994	0.0021879	0	0	0	991	71.6	32.99	493.82	38.234	32.91	0	101.4	5060.3	110205
227	"09:35:46"	934.5	0	3	20	1.63	492.9	38.24	0.118	991	87.59	-506.02	77.11	30.67	0.29236	0.0030878	0	0	0	991	71.6	32.99	494.22	38.245	32.91	0	101.4	5060.2	110205
228	"09:35:48"	936.5	0	3	20	1.56	493.5	38.24	0.1124	991	87.62	-506.01	77.13	30.67	0.27797	0.0036292	0	0	0	991	71.6	32.99	495.10	38.258	32.92	0	101.4	5060.1	110205
229	"09:35:50"	938.5	0	3	20	1.68	494.1	38.25	0.1216	991	87.64	-506.03	77.15	30.67	0.30051	0.004424	0	0	0	991	71.6	32.99	495.69	38.274	32.92	0	101.4	5060.3	110205
230	"09:35:52"	940.5	0	3	20	1.76	494.7	38.26	0.127	991	87.58	-506.03	77.12	30.67	0.31409	0.0044072	0	0	0	991	71.6	32.99	496.13	38.258	32.92	0	101.4	5060.3	110205
231	"09:35:54"	942.5	0	3	20	1.65	495.2	38.26	0.1189	991	87.61	-506.01	77.17	30.68	0.29479	0.0027106	0	0	0	991	71.6	32.99	496.58	38.286	32.92	0	101.4	5060.1	110205
232	"09:35:56"	944.5	0	3	20	1.6	495.8	38.27	0.1158	991	87.68	-506.03	77.20	30.67	0.28722	0.0023289	0	0	0	991	71.6	32.99	497.45	38.303	32.92	0	101.4	5060.3	110205
233	"09:35:58"	946.5	0	3	20	1.6	496.5	38.28	0.1152	991	87.69	-506.02	77.19	30.67	0.28542	0.0031431	0	0	0	991	71.6	32.99	498.29	38.296	32.92	0	101.4	5060.2	110205
234	"09:36:00"	948.5	0	3	20	1.76	497.0	38.28	0.127	991	87.68	-506.03	77.19	30.67	0.31459	0.0031824	0	0	0	991	71.6	33.00	498.75	38.298	32.92	0	101.4	5060.3	110205
235	"09:36:02"	950.5	0	3	20	1.81	497.6	38.29	0.1309	991	87.69	-506.02	77.22	30.68	0.3238	0.0042562	0	0	0	991	71.6	33.00	499.32	38.315	32.92	0	101.4	5060.2	110205
236	"09:36:04"	952.5	0	3	20	1.7	498.3	38.30	0.1229	991	87.67	-506.02	77.22	30.68	0.30451	0.0033041	0	0	0	991	71.6	33.00	499.73	38.314	32.92	0	101.4	5060.2	110205
237	"09:36:06"	954.5	0	3	20	1.54	498.9	38.31	0.1112	991	87.67	-506.02	77.23	30.68	0.27496	0.0037404	0	0	0	991	71.6	33.00	500.34	38.318	32.92	0	101.4	5060.2	110205
238	"09:36:08"	956.5	0	3	20	1.62	499.5	38.31	0.117	991	87.67	-506.02	77.21	30.68	0.28925	0.0040278	0	0	0	991	71.6	33.00	501.07	38.314	32.92	0	101.4	5060.2	110205
239	"09:36:10"	958.5	0	3	20	1.72	500.1	38.32	0.1245	991	87.70	-506.02	77.22	30.68	0.3084	0.0033278	0	0	0	991	71.6	33.00	501.78	38.322	32.92	0	101.4	5060.2	110205
240	"09:36:12"	960.5	0	3	20	1.69	500.6	38.33	0.1218	991	87.71	-506.03	77.26	30.69	0.30184	0.002764	0	0	0	991	71.6	33.00	502.21	38.346	32.93	0	101.4	5060.3	110205
241	"09:36:14"	962.5	0	3	20	1.67	501.2	38.33	0.1209	991	87.74	-506.03	77.29	30.69	0.29899	0.0039684	0	0	0	991	71.6	33.00	502.70	38.360	32.93	0	101.4	5060.3	110205
242	"09:36:16"	964.5	0	3	20	1.53	501.8	38.34	0.1107	991	87.75	-506.04	77.29	30.69	0.27317	0.0048671	0	0	0	991	71.6	33.00	503.42	38.364	32.93	0	101.4	5060.4	110205
243	"09:36:18"	966.5	0	3	20	1.53	502.4	38.35	0.1108	991	87.73	-506.01	77.25	30.68	0.27398	0.0036898	0	0	0	991	71.6	33.00	503.85	38.342	32.93	0	101.4	5060.1	110205
244	"09:36:20"	968.5	0	3	20	1.63	503.0	38.35	0.118	991	87.75	-506.04	77.30	30.69	0.29263	0.0025594	0	0	0	991	71.6	33.01	504.66	38.369	32.93	0	101.4	5060.4	110205
245	"09:36:22"	970.5	0	3	20	1.63	503.6	38.36	0.1176	991	87.74	-506.02	77.31	30.69	0.29221	0.0015457	0	0	0	991	71.6	33.01	504.93	38.374	32.93	0	101.4	5060.2	110205
246	"09:36:24"	972.5	0	3	20	1.55	504.1	38.36	0.1121	991	87.78	-506.02	77.32	30.69	0.27793	0.0025615	0	0	0	991	71.6	33.01	505.87	38.379	32.93	0	101.4	5060.2	110205
247	"09:36:26"	974.5	0	3	20	1.71	504.7	38.37	0.1232	991	87.79	-506.03	77.32	30.69	0.30511	0.0034918	0	0	0	991	71.6	33.01	506.47	38.384	32.93	0	101.4	5060.3	110205
248	"09:36:28"	976.5	0	3	20	1.7	505.3	38.38	0.1231	991	87.79	-506.01	77.34	30.69	0.30408	0.0046126	0	0	0	991	71.6	33.01	506.89	38.394	32.93	0	101.4	5060.1	110205
249	"09:36:30"	978.5	0	3	20	1.67	505.9	38.38	0.1209	991	87.82	-506.02	77.34	30.69	0.2992	0.0037983	0	0	0	991	71.6	33.01	507.30	38.398	32.93	0	101.4	5060.2	110205
250	"09:36:32"	980.5	0	3	20	1.6	506.5	38.39	0.1153	991	87.80	-506.01	77.33	30.69	0.2853	0.003622	0	0	0	991	71.6	33.01	508.04	38.391	32.93	0	101.4	5060.1	110205
251	"09:36:34"	982.5	0	3	20	1.42	507.1	38.40	0.1026	991	87.80	-506.00	77.35	30.70	0.25426	0.0026674	0	0	0	991	71.6	33.01	508.60	38.405	32.93	0	101.4	5060.0	110205
252	"09:36:36"	984.5	0	3	20	1.56	507.6	38.40	0.1131	991	87.81	-506.02	77.37	30.70	0.28058	0.0019497	0	0	0	991	71.6	33.01	509.32	38.415	32.93	0	101.4	5060.2	110205
253	"09:36:38"	986.5	0	3	20	1.72	508.2	38.41	0.1243	991	87.84	-506.03	77.37	30.70	0.30845	0.0023267	0	0	0	991	71.6	33.01	509.83	38.419	32.94	0	101.4	5060.3	110205
254	"09:36:40"	988.5	0	3	20	1.78	508.8	38.41	0.1285	991	87.84	-506.02	77.37	30.70	0.31869	0.0023555	0	0	0	991	71.6	33.01	510.40	38.420	32.94	0	101.4	5060.2	110205
255	"09:36:42"	990.5	0	4	200	1.65	500.0	38.42	0.1192	991	87.84	-506.02	77.38	30.70	0.31216	0.0035141	-0.00017044	0.20441	0	991	71.6	33.01	511.19	38.428	32.94	0	101.4	5060.2	110205
