"OPEN 5.3.2"
"Sat Jun  1 2019 14:38:47"
"Unit="	"PSC-895"
"ComputeList="	"/User/Configs/Comps/Soil Efflux Eqns.LPL"
"BLCTable="	"/Sys/Lib/StdBLCTable"
"LightSource="	"Sun+Sky"	1	0.19
"LogFormat="	"/User/Configs/LogFormats/Soil Efflux Log Fmt"
"LogCodes="	-35	-21	-36	-104	310	311	320	302	303	306	304	321	322	323	324	300	301	330	331	305	307	308	-8	-2	-5	-9	-13	-11	-61	-23
"PromptList="	"/User/Configs/Prompts/Soil Efflux Prompts"
"Stability= (CO2S 15s SLP<1)(H2OS 15s SLP<1)(Flow 15s SLP<1)"
"14:38:48 "
$STARTOFDATA$
"Obs"	"HHMMSS"	"FTime"	"Plot#"	"Mode"	"Smpls"	"EFFLUX"	"C2avg"	"Wavg"	"dc'/dt"	"Vtot"	"RHcmbr%"	"Tsoil_C"	"RHirga%"	"Tsch_C"	"dC/dt"	"dW/dt"	"R(C)m"	"R(C)b"	"InsDpth"	"Vbase"	"Area"	"TBlk"	"CO2S"	"H2OS"	"Tair"	"PARo"	"Press"	"uc_21_mV"	"Status"
1	"14:46:37"	483.5	0	3	8	0.741	642.3	26.23	0.05351	991	78.13	-506.07	60.64	26.06	0.1278	0.0061675	0	0	0	991	71.6	31.23	642.45	26.228	30.42	0	100.9	5060.7	110205
2	"14:46:39"	485.5	0	3	12	0.642	642.4	26.23	0.04637	991	78.13	-506.06	60.67	26.07	0.11418	0.00014455	0	0	0	991	71.6	31.23	643.08	26.242	30.42	0	100.9	5060.6	110205
3	"14:46:41"	487.5	0	3	16	0.889	642.6	26.23	0.06425	991	78.13	-506.06	60.73	26.09	0.15742	0.0014053	0	0	0	991	71.6	31.23	643.08	26.263	30.42	0	100.9	5060.6	110205
4	"14:46:43"	489.5	0	3	20	0.803	642.7	26.24	0.058	991	78.14	-506.07	60.71	26.08	0.14125	0.0025727	0	0	0	991	71.6	31.23	643.46	26.258	30.42	0	100.9	5060.7	110205
5	"14:46:45"	491.5	0	3	20	0.842	643.0	26.24	0.06084	991	78.16	-506.06	60.71	26.08	0.14807	0.0028472	0	0	0	991	71.6	31.23	643.79	26.260	30.42	0	100.9	5060.6	110205
6	"14:46:47"	493.5	0	3	20	0.87	643.3	26.25	0.06286	991	78.25	-506.07	60.77	26.07	0.15155	0.0050879	0	0	0	991	71.6	31.23	643.94	26.285	30.42	0	100.9	5060.7	110205
7	"14:46:49"	495.5	0	3	20	0.782	643.6	26.26	0.05652	991	78.26	-506.07	60.76	26.07	0.13611	0.0048189	0	0	0	991	71.6	31.23	644.28	26.283	30.42	0	100.9	5060.7	110205
8	"14:46:51"	497.5	0	3	20	0.936	643.9	26.27	0.06761	991	78.24	-506.08	60.78	26.08	0.16364	0.0045376	0	0	0	991	71.6	31.23	644.76	26.294	30.42	0	100.9	5060.8	110205
9	"14:46:53"	499.5	0	3	20	0.85	644.2	26.28	0.06143	991	78.23	-506.07	60.78	26.08	0.14782	0.0054053	0	0	0	991	71.6	31.23	644.88	26.293	30.42	0	100.9	5060.7	110205
10	"14:46:55"	501.5	0	3	20	0.805	644.5	26.29	0.05816	991	78.35	-506.07	60.87	26.08	0.14012	0.0048857	0	0	0	991	71.6	31.23	645.01	26.330	30.42	0	100.9	5060.7	110205
11	"14:46:57"	503.5	0	3	20	0.624	644.7	26.30	0.0451	991	78.31	-506.08	60.87	26.09	0.10796	0.0048225	0	0	0	991	71.6	31.23	645.48	26.328	30.42	0	100.9	5060.8	110205
12	"14:46:59"	505.5	0	3	20	0.593	645.0	26.31	0.04286	991	78.38	-506.08	60.88	26.08	0.10213	0.0052818	0	0	0	991	71.6	31.23	645.76	26.335	30.42	0	100.9	5060.8	110205
13	"14:47:01"	507.5	0	3	20	0.719	645.2	26.32	0.05195	991	78.41	-506.07	60.90	26.08	0.12552	0.0038001	0	0	0	991	71.6	31.23	645.91	26.344	30.42	0	100.9	5060.7	110205
14	"14:47:03"	509.5	0	3	20	0.868	645.5	26.32	0.06272	991	78.35	-506.06	60.87	26.08	0.15233	0.0033962	0	0	0	991	71.6	31.23	646.42	26.331	30.42	0	100.9	5060.6	110205
15	"14:47:05"	511.5	0	3	20	0.948	645.8	26.33	0.06846	991	78.43	-506.06	60.93	26.08	0.16709	0.0024673	0	0	0	991	71.6	31.23	646.58	26.354	30.42	0	100.9	5060.6	110205
16	"14:47:07"	513.5	0	3	20	0.888	646.1	26.34	0.06418	991	78.38	-506.07	60.93	26.09	0.15601	0.0032741	0	0	0	991	71.6	31.23	646.64	26.355	30.42	0	100.9	5060.7	110205
17	"14:47:09"	515.5	0	3	20	0.742	646.4	26.34	0.05362	991	78.45	-506.07	60.91	26.07	0.12982	0.0035131	0	0	0	991	71.6	31.23	647.27	26.350	30.42	0	100.9	5060.7	110205
18	"14:47:11"	517.5	0	3	20	0.787	646.7	26.35	0.05687	991	78.56	-506.07	60.99	26.07	0.13783	0.0034931	0	0	0	991	71.6	31.23	647.23	26.385	30.42	0	100.9	5060.7	110205
19	"14:47:13"	519.5	0	3	20	0.704	646.9	26.36	0.05084	991	78.60	-506.08	61.03	26.07	0.12182	0.0052356	0	0	0	991	71.6	31.23	647.44	26.402	30.42	0	100.9	5060.8	110205
20	"14:47:15"	521.5	0	3	20	0.749	647.2	26.37	0.05414	991	78.56	-506.07	61.02	26.08	0.13016	0.0049028	0	0	0	991	71.6	31.23	648.13	26.396	30.42	0	100.9	5060.7	110205
21	"14:47:17"	523.5	0	3	20	0.747	647.4	26.38	0.05399	991	78.59	-506.07	61.03	26.07	0.12929	0.0056809	0	0	0	991	71.6	31.23	648.17	26.400	30.42	0	100.9	5060.7	110205
22	"14:47:19"	525.5	0	3	20	0.746	647.7	26.39	0.05392	991	78.60	-506.07	61.05	26.08	0.13057	0.0034761	0	0	0	991	71.6	31.23	648.44	26.409	30.42	0	100.9	5060.7	110205
23	"14:47:21"	527.5	0	3	20	0.831	647.9	26.40	0.06006	991	78.63	-506.08	61.07	26.08	0.14608	0.0029188	0	0	0	991	71.6	31.23	648.66	26.420	30.42	0	100.9	5060.8	110205
24	"14:47:23"	529.5	0	3	20	0.75	648.2	26.40	0.0542	991	78.67	-506.06	61.11	26.08	0.13074	0.0042566	0	0	0	991	71.6	31.23	648.81	26.437	30.42	0	100.9	5060.6	110205
25	"14:47:25"	531.5	0	3	20	0.73	648.5	26.41	0.05272	991	78.63	-506.07	61.12	26.09	0.12656	0.0050696	0	0	0	991	71.6	31.23	649.21	26.442	30.42	0	100.9	5060.7	110205
26	"14:47:27"	533.5	0	3	20	0.725	648.7	26.42	0.05235	991	78.65	-506.06	61.12	26.09	0.12586	0.0047546	0	0	0	991	71.6	31.23	649.38	26.439	30.42	0	100.9	5060.6	110205
27	"14:47:29"	535.5	0	3	20	0.675	649.0	26.43	0.04874	991	78.71	-506.07	61.16	26.09	0.11759	0.0037947	0	0	0	991	71.6	31.23	649.84	26.456	30.42	0	100.9	5060.7	110205
28	"14:47:31"	537.5	0	3	20	0.699	649.2	26.44	0.05053	991	78.68	-506.06	61.14	26.09	0.1223	0.0033642	0	0	0	991	71.6	31.23	649.73	26.451	30.42	0	100.9	5060.6	110205
29	"14:47:33"	539.5	0	3	20	0.709	649.5	26.44	0.05124	991	78.69	-506.07	61.20	26.10	0.12436	0.0028989	0	0	0	991	71.6	31.23	650.34	26.471	30.42	0	100.9	5060.7	110205
30	"14:47:35"	541.5	0	3	20	0.83	649.8	26.45	0.05999	991	78.66	-506.06	61.16	26.09	0.14559	0.0033793	0	0	0	991	71.6	31.23	650.56	26.455	30.42	0	100.9	5060.6	110205
31	"14:47:37"	543.5	0	3	20	0.765	650.0	26.46	0.05526	991	78.70	-506.07	61.19	26.10	0.13438	0.0027367	0	0	0	991	71.6	31.23	650.57	26.469	30.42	0	100.9	5060.7	110205
32	"14:47:39"	545.5	0	3	20	0.762	650.3	26.46	0.05506	991	78.78	-506.07	61.23	26.09	0.13399	0.0025734	0	0	0	991	71.6	31.23	651.25	26.486	30.42	0	100.9	5060.7	110205
33	"14:47:41"	547.5	0	3	20	0.759	650.6	26.47	0.05482	991	78.78	-506.07	61.23	26.09	0.13246	0.0039701	0	0	0	991	71.6	31.23	651.05	26.486	30.42	0	100.9	5060.7	110205
34	"14:47:43"	549.5	0	3	20	0.757	650.8	26.48	0.0547	991	78.85	-506.06	61.30	26.09	0.13205	0.0041194	0	0	0	991	71.6	31.23	651.58	26.513	30.42	0	100.9	5060.6	110205
35	"14:47:45"	551.5	0	3	20	0.795	651.1	26.49	0.05743	991	78.83	-506.07	61.25	26.08	0.13834	0.0047851	0	0	0	991	71.6	31.23	651.75	26.497	30.42	0	100.9	5060.7	110205
36	"14:47:47"	553.5	0	3	20	0.772	651.4	26.50	0.05579	991	78.93	-506.07	61.30	26.08	0.13425	0.0048286	0	0	0	991	71.6	31.23	652.25	26.516	30.42	0	100.9	5060.7	110205
37	"14:47:49"	555.5	0	3	20	0.741	651.6	26.50	0.05353	991	78.93	-506.07	61.28	26.07	0.12957	0.003508	0	0	0	991	71.6	31.23	652.33	26.508	30.42	0	100.9	5060.7	110205
38	"14:47:51"	557.5	0	3	20	0.787	651.9	26.51	0.05684	991	78.95	-506.07	61.36	26.09	0.13757	0.0037437	0	0	0	991	71.6	31.23	652.60	26.540	30.42	0	100.9	5060.7	110205
39	"14:47:53"	559.5	0	3	20	0.73	652.2	26.52	0.05273	991	78.94	-506.07	61.37	26.09	0.1277	0.0033908	0	0	0	991	71.6	31.23	653.05	26.550	30.42	0	100.9	5060.7	110205
40	"14:47:55"	561.5	0	3	20	0.943	652.5	26.53	0.06816	991	78.95	-506.06	61.38	26.09	0.16488	0.0046402	0	0	0	991	71.6	31.23	653.25	26.553	30.42	0	100.9	5060.6	110205
41	"14:47:57"	563.5	0	3	20	0.906	652.8	26.54	0.06545	991	78.96	-506.06	61.38	26.09	0.15815	0.0047223	0	0	0	991	71.6	31.23	653.31	26.554	30.42	0	100.9	5060.6	110205
42	"14:47:59"	565.5	0	3	20	0.888	653.1	26.55	0.06415	991	79.03	-506.07	61.44	26.10	0.15481	0.0049355	0	0	0	991	71.6	31.23	653.89	26.582	30.42	0	100.9	5060.7	110205
43	"14:48:01"	567.5	0	3	20	0.818	653.4	26.55	0.05913	991	79.12	-506.06	61.43	26.07	0.14296	0.0041148	0	0	0	991	71.6	31.23	654.05	26.576	30.42	0	100.9	5060.6	110205
44	"14:48:03"	569.5	0	3	20	0.611	653.7	26.56	0.04417	991	79.03	-506.07	61.42	26.09	0.10664	0.0033107	0	0	0	991	71.6	31.23	654.27	26.577	30.42	0	100.9	5060.7	110205
45	"14:48:05"	571.5	0	3	20	0.784	653.9	26.57	0.05662	991	79.09	-506.07	61.46	26.09	0.13663	0.0043645	0	0	0	991	71.6	31.23	654.73	26.591	30.42	0	100.9	5060.7	110205
46	"14:48:07"	573.5	0	3	20	0.773	654.2	26.58	0.05585	991	79.05	-506.07	61.46	26.10	0.13546	0.0032749	0	0	0	991	71.6	31.23	654.78	26.588	30.42	0	100.9	5060.7	110205
47	"14:48:09"	575.5	0	3	20	0.83	654.5	26.58	0.05997	991	79.12	-506.07	61.51	26.09	0.14576	0.0030355	0	0	0	991	71.6	31.23	655.42	26.610	30.42	0	100.9	5060.7	110205
48	"14:48:11"	577.5	0	3	20	0.828	654.7	26.59	0.05983	991	79.10	-506.08	61.47	26.09	0.14574	0.0025649	0	0	0	991	71.6	31.23	655.43	26.595	30.42	0	100.9	5060.8	110205
49	"14:48:13"	579.5	0	3	20	0.702	655.0	26.59	0.0507	991	79.12	-506.07	61.50	26.09	0.12364	0.0019679	0	0	0	991	71.6	31.23	655.68	26.605	30.42	0	100.9	5060.7	110205
50	"14:48:15"	581.5	0	3	20	0.599	655.2	26.60	0.0433	991	79.15	-506.07	61.54	26.10	0.10461	0.0031396	0	0	0	991	71.6	31.23	655.70	26.624	30.42	0	100.9	5060.7	110205
51	"14:48:17"	583.5	0	3	20	0.635	655.5	26.61	0.04589	991	79.19	-506.06	61.57	26.10	0.1097	0.0050606	0	0	0	991	71.6	31.23	656.30	26.637	30.42	0	100.9	5060.6	110205
52	"14:48:18"	584.0	0	4	200	0.771	650.0	26.61	0.05571	991	79.14	-506.07	61.53	26.10	0.1097	0.0050606	-0.00024552	0.21529	0	991	71.6	31.23	656.08	26.622	30.42	0	100.9	5060.7	110205
53	"14:52:21"	828.0	0	3	8	0.758	642.4	27.06	0.05476	991	80.29	-506.06	62.53	26.12	0.13337	0.002426	0	0	0	991	71.6	31.23	642.94	27.044	30.42	0	100.9	5060.6	110205
54	"14:52:23"	830.0	0	3	12	0.779	642.5	27.06	0.05631	991	80.35	-506.07	62.55	26.11	0.13714	0.0025281	0	0	0	991	71.6	31.23	642.75	27.057	30.42	0	100.9	5060.7	110205
55	"14:52:25"	832.0	0	3	16	0.839	642.7	27.06	0.0606	991	80.36	-506.07	62.55	26.11	0.14727	0.0031878	0	0	0	991	71.6	31.23	642.95	27.057	30.42	0	100.9	5060.7	110205
56	"14:52:27"	834.0	0	3	20	0.743	642.8	27.06	0.05365	991	80.47	-506.07	62.61	26.10	0.13131	0.001407	0	0	0	991	71.6	31.23	643.53	27.081	30.42	0	100.9	5060.7	110205
57	"14:52:29"	836.0	0	3	20	0.793	643.1	27.07	0.05727	991	80.42	-506.06	62.60	26.11	0.13932	0.0027897	0	0	0	991	71.6	31.23	643.93	27.077	30.42	0	100.9	5060.6	110205
58	"14:52:31"	838.0	0	3	20	0.785	643.3	27.07	0.05674	991	80.52	-506.07	62.66	26.11	0.13794	0.0029045	0	0	0	991	71.6	31.23	644.00	27.103	30.42	0	100.9	5060.7	110205
59	"14:52:33"	840.0	0	3	20	0.916	643.7	27.08	0.06617	991	80.43	-506.07	62.65	26.13	0.16016	0.0044427	0	0	0	991	71.6	31.23	644.42	27.101	30.42	0	100.9	5060.7	110205
60	"14:52:35"	842.0	0	3	20	0.972	644.0	27.09	0.07024	991	80.42	-506.07	62.63	26.12	0.16996	0.0048122	0	0	0	991	71.6	31.23	644.36	27.090	30.42	0	100.9	5060.7	110205
61	"14:52:37"	844.0	0	3	20	0.804	644.3	27.10	0.05806	991	80.51	-506.07	62.67	26.11	0.14158	0.0022948	0	0	0	991	71.6	31.23	644.85	27.108	30.42	0	100.9	5060.7	110205
62	"14:52:39"	846.0	0	3	20	0.732	644.5	27.10	0.05289	991	80.55	-506.06	62.69	26.11	0.12823	0.0032133	0	0	0	991	71.6	31.23	645.35	27.114	30.42	0	100.9	5060.6	110205
63	"14:52:41"	848.0	0	3	20	0.724	644.8	27.11	0.0523	991	80.57	-506.06	62.71	26.11	0.12771	0.0018137	0	0	0	991	71.6	31.23	645.76	27.124	30.42	0	100.9	5060.6	110205
64	"14:52:43"	850.0	0	3	20	0.824	645.1	27.11	0.05951	991	80.56	-506.07	62.73	26.12	0.14413	0.0038659	0	0	0	991	71.6	31.23	645.74	27.131	30.42	0	100.9	5060.7	110205
65	"14:52:45"	852.0	0	3	20	0.845	645.3	27.12	0.06108	991	80.58	-506.08	62.75	26.12	0.14808	0.0037468	0	0	0	991	71.6	31.23	646.30	27.140	30.42	0	100.9	5060.8	110205
66	"14:52:47"	854.0	0	3	20	0.883	645.7	27.13	0.06383	991	80.64	-506.08	62.75	26.11	0.15492	0.0036216	0	0	0	991	71.6	31.23	646.48	27.143	30.42	0	100.9	5060.8	110205
67	"14:52:49"	856.0	0	3	20	0.832	646.0	27.13	0.06012	991	80.62	-506.07	62.75	26.11	0.14599	0.0033187	0	0	0	991	71.6	31.23	646.57	27.139	30.42	0	100.9	5060.7	110205
68	"14:52:51"	858.0	0	3	20	0.666	646.2	27.14	0.04814	991	80.66	-506.06	62.76	26.10	0.11725	0.0021202	0	0	0	991	71.6	31.23	646.83	27.145	30.42	0	100.9	5060.6	110205
69	"14:52:53"	860.0	0	3	20	0.72	646.5	27.14	0.05203	991	80.63	-506.07	62.75	26.11	0.12731	0.0014206	0	0	0	991	71.6	31.23	647.06	27.141	30.42	0	100.9	5060.7	110205
70	"14:52:55"	862.0	0	3	20	0.671	646.8	27.14	0.04849	991	80.72	-506.06	62.83	26.11	0.11935	0.00025106	0	0	0	991	71.6	31.23	647.66	27.174	30.42	0	100.9	5060.6	110205
71	"14:52:57"	864.0	0	3	20	0.824	647.0	27.15	0.05955	991	80.68	-506.08	62.81	26.11	0.14503	0.0026357	0	0	0	991	71.6	31.23	647.76	27.166	30.42	0	100.9	5060.8	110205
72	"14:52:59"	866.0	0	3	20	0.929	647.3	27.16	0.06709	991	80.72	-506.07	62.83	26.11	0.16252	0.0042929	0	0	0	991	71.6	31.23	647.91	27.177	30.42	0	100.9	5060.7	110205
73	"14:53:01"	868.0	0	3	20	0.809	647.6	27.16	0.05845	991	80.77	-506.07	62.87	26.11	0.14067	0.0051223	0	0	0	991	71.6	31.23	648.66	27.195	30.42	0	100.9	5060.7	110205
74	"14:53:03"	870.0	0	3	20	0.884	647.9	27.17	0.06385	991	80.74	-506.07	62.84	26.11	0.15373	0.0055017	0	0	0	991	71.6	31.23	648.38	27.178	30.42	0	100.9	5060.7	110205
75	"14:53:05"	872.0	0	3	20	0.725	648.2	27.18	0.0524	991	80.78	-506.08	62.89	26.11	0.12758	0.0023911	0	0	0	991	71.6	31.23	649.04	27.203	30.42	0	100.9	5060.8	110205
76	"14:53:07"	874.0	0	3	20	0.789	648.5	27.18	0.057	991	80.78	-506.06	62.89	26.12	0.13906	0.0021473	0	0	0	991	71.6	31.23	648.99	27.201	30.42	0	100.9	5060.6	110205
77	"14:53:09"	876.0	0	3	20	0.696	648.7	27.19	0.05027	991	80.76	-506.07	62.88	26.12	0.12268	0.001842	0	0	0	991	71.6	31.23	649.40	27.198	30.42	0	100.9	5060.7	110205
78	"14:53:11"	878.0	0	3	20	0.64	649.0	27.20	0.04627	991	80.84	-506.07	62.91	26.11	0.1129	0.0017319	0	0	0	991	71.6	31.23	649.42	27.212	30.42	0	100.9	5060.7	110205
79	"14:53:13"	880.0	0	3	20	0.752	649.2	27.20	0.05433	991	80.87	-506.07	62.95	26.11	0.13156	0.0035487	0	0	0	991	71.6	31.23	649.95	27.231	30.42	0	100.9	5060.7	110205
80	"14:53:15"	882.0	0	3	20	0.776	649.5	27.21	0.05606	991	80.88	-506.06	62.92	26.10	0.13554	0.0039505	0	0	0	991	71.6	31.23	650.14	27.213	30.42	0	100.9	5060.6	110205
81	"14:53:17"	884.0	0	3	20	0.873	649.7	27.21	0.06309	991	80.85	-506.07	62.93	26.11	0.15309	0.0036324	0	0	0	991	71.6	31.23	650.21	27.219	30.42	0	100.9	5060.7	110205
82	"14:53:19"	886.0	0	3	20	0.781	650.0	27.22	0.05641	991	80.90	-506.07	62.99	26.11	0.13736	0.0025412	0	0	0	991	71.6	31.23	650.63	27.242	30.42	0	100.9	5060.7	110205
83	"14:53:21"	888.0	0	3	20	0.725	650.3	27.23	0.05236	991	80.86	-506.06	62.96	26.11	0.1271	0.0029303	0	0	0	991	71.6	31.23	651.06	27.231	30.42	0	100.9	5060.6	110205
84	"14:53:23"	890.0	0	3	20	0.697	650.6	27.23	0.05033	991	80.87	-506.06	62.97	26.12	0.12266	0.0020885	0	0	0	991	71.6	31.23	651.30	27.235	30.42	0	100.9	5060.6	110205
85	"14:53:25"	892.0	0	3	20	0.845	650.8	27.23	0.06106	991	80.88	-506.07	62.99	26.12	0.1489	0.0024176	0	0	0	991	71.6	31.23	651.76	27.243	30.42	0	100.9	5060.7	110205
86	"14:53:27"	894.0	0	3	20	0.968	651.1	27.24	0.06992	991	80.92	-506.07	63.03	26.12	0.1708	0.0023166	0	0	0	991	71.6	31.23	651.95	27.263	30.42	0	100.9	5060.6	110205
87	"14:53:29"	896.0	0	3	20	0.93	651.4	27.24	0.06722	991	80.92	-506.06	63.03	26.12	0.16442	0.0019093	0	0	0	991	71.6	31.23	652.08	27.263	30.42	0	100.9	5060.6	110205
88	"14:53:31"	898.0	0	3	20	0.749	651.7	27.25	0.05413	991	80.91	-506.07	63.03	26.12	0.1314	0.0030265	0	0	0	991	71.6	31.23	652.24	27.263	30.42	0	100.9	5060.7	110205
89	"14:53:33"	900.0	0	3	20	0.642	652.0	27.25	0.04638	991	80.93	-506.09	63.02	26.12	0.11235	0.0029632	0	0	0	991	71.6	31.23	652.62	27.259	30.42	0	100.9	5060.9	110205
90	"14:53:35"	902.0	0	3	20	0.742	652.3	27.26	0.05359	991	81.03	-506.07	63.06	26.11	0.1304	0.0025364	0	0	0	991	71.6	31.23	653.03	27.274	30.42	0	100.9	5060.7	110205
91	"14:53:37"	904.0	0	3	20	0.809	652.5	27.26	0.05847	991	81.06	-506.06	63.09	26.11	0.14248	0.0024607	0	0	0	991	71.6	31.23	653.39	27.287	30.42	0	100.9	5060.6	110205
92	"14:53:39"	906.0	0	3	20	0.87	652.8	27.27	0.06287	991	81.02	-506.07	63.07	26.11	0.1523	0.003992	0	0	0	991	71.6	31.23	653.77	27.277	30.41	0	100.9	5060.7	110205
93	"14:53:41"	908.0	0	3	20	0.807	653.1	27.28	0.0583	991	81.06	-506.08	63.10	26.11	0.14181	0.0028386	0	0	0	991	71.6	31.23	653.96	27.290	30.42	0	100.9	5060.8	110205
94	"14:53:43"	910.0	0	3	20	0.69	653.4	27.28	0.04988	991	81.09	-506.07	63.13	26.11	0.121	0.0029028	0	0	0	991	71.6	31.23	654.09	27.305	30.42	0	100.9	5060.7	110205
95	"14:53:45"	912.0	0	3	20	0.832	653.7	27.29	0.0601	991	81.10	-506.06	63.15	26.12	0.1465	0.0024579	0	0	0	991	71.6	31.23	654.38	27.311	30.41	0	100.9	5060.6	110205
96	"14:53:47"	914.0	0	3	20	0.807	653.9	27.29	0.05834	991	81.05	-506.08	63.14	26.12	0.142	0.0026827	0	0	0	991	71.6	31.23	654.86	27.302	30.41	0	100.9	5060.8	110205
97	"14:53:49"	916.0	0	3	20	0.908	654.3	27.30	0.06557	991	81.06	-506.08	63.15	26.12	0.15939	0.0033564	0	0	0	991	71.6	31.23	655.03	27.307	30.41	0	100.9	5060.8	110205
98	"14:53:51"	918.0	0	3	20	0.858	654.5	27.31	0.06202	991	81.07	-506.07	63.16	26.12	0.15095	0.0028872	0	0	0	991	71.6	31.23	655.09	27.313	30.41	0	100.9	5060.7	110205
99	"14:53:53"	920.0	0	3	20	0.77	654.8	27.31	0.0556	991	81.11	-506.06	63.17	26.12	0.13505	0.0029959	0	0	0	991	71.6	31.23	655.54	27.316	30.41	0	100.9	5060.6	110205
100	"14:53:55"	922.0	0	3	20	0.721	655.1	27.31	0.05206	991	81.16	-506.07	63.18	26.11	0.12721	0.0016616	0	0	0	991	71.6	31.23	655.59	27.326	30.42	0	100.9	5060.7	110205
101	"14:53:57"	924.0	0	3	20	0.611	655.4	27.32	0.04418	991	81.19	-506.07	63.20	26.11	0.10739	0.0022491	0	0	0	991	71.6	31.23	656.19	27.330	30.41	0	100.9	5060.7	110205
102	"14:53:59"	926.0	0	3	20	0.795	655.6	27.32	0.05741	991	81.11	-506.06	63.20	26.13	0.14038	0.001681	0	0	0	991	71.6	31.23	656.35	27.331	30.41	0	100.9	5060.6	110205
103	"14:54:01"	928.0	0	4	200	0.792	650.0	27.33	0.05721	991	81.15	-506.06	63.20	26.12	0.14858	0.0015432	-0.00014456	0.15117	0	991	71.6	31.23	656.56	27.333	30.41	0	100.9	5060.6	110205
104	"14:58:36"	1202.5	0	3	8	0.267	642.2	27.65	0.01931	991	82.05	-506.06	63.94	26.13	0.047552	6.6031E-05	0	0	0	991	71.6	31.23	642.35	27.660	30.42	0	100.9	5060.6	110205
105	"14:58:38"	1204.5	0	3	12	0.76	642.3	27.65	0.05489	991	82.02	-506.06	63.93	26.14	0.13586	-0.00082676	0	0	0	991	71.6	31.23	643.04	27.657	30.42	0	100.9	5060.6	110205
106	"14:58:40"	1206.5	0	3	16	0.939	642.5	27.65	0.06788	991	82.04	-506.07	63.95	26.14	0.16706	0.00041958	0	0	0	991	71.6	31.23	643.24	27.664	30.42	0	100.9	5060.7	110205
107	"14:58:42"	1208.5	0	3	20	0.889	642.7	27.66	0.06421	991	82.03	-506.06	63.95	26.14	0.15753	0.001183	0	0	0	991	71.6	31.23	643.35	27.663	30.42	0	100.9	5060.6	110205
108	"14:58:44"	1210.5	0	3	20	0.868	642.9	27.66	0.06272	991	82.03	-506.07	63.96	26.14	0.15342	0.0018389	0	0	0	991	71.6	31.23	643.75	27.668	30.42	0	100.9	5060.7	110205
109	"14:58:46"	1212.5	0	3	20	0.821	643.3	27.66	0.05935	991	82.10	-506.07	63.98	26.13	0.14439	0.0029157	0	0	0	991	71.6	31.23	644.19	27.674	30.42	0	100.9	5060.7	110205
110	"14:58:48"	1214.5	0	3	20	0.847	643.6	27.67	0.0612	991	82.10	-506.07	63.98	26.13	0.14912	0.0026434	0	0	0	991	71.6	31.23	644.34	27.677	30.42	0	100.9	5060.7	110205
111	"14:58:50"	1216.5	0	3	20	0.849	643.8	27.67	0.06132	991	82.09	-506.06	63.99	26.14	0.15038	0.001199	0	0	0	991	71.6	31.23	644.50	27.680	30.42	0	100.9	5060.6	110205
112	"14:58:52"	1218.5	0	3	20	0.759	644.1	27.67	0.05484	991	82.13	-506.07	64.03	26.14	0.1341	0.0016476	0	0	0	991	71.6	31.23	644.71	27.697	30.42	0	100.9	5060.7	110205
113	"14:58:54"	1220.5	0	3	20	0.649	644.4	27.68	0.04686	991	82.17	-506.08	64.02	26.13	0.11481	0.0010779	0	0	0	991	71.6	31.23	645.11	27.691	30.42	0	100.9	5060.8	110205
114	"14:58:56"	1222.5	0	3	20	0.663	644.6	27.68	0.0479	991	82.13	-506.07	64.00	26.13	0.11658	0.0022777	0	0	0	991	71.6	31.23	645.28	27.685	30.42	0	100.9	5060.7	110205
115	"14:58:58"	1224.5	0	3	20	0.745	644.9	27.69	0.05383	991	82.14	-506.07	64.02	26.13	0.13048	0.00335	0	0	0	991	71.6	31.23	645.58	27.693	30.42	0	100.9	5060.7	110205
116	"14:59:00"	1226.5	0	3	20	0.71	645.1	27.69	0.05129	991	82.12	-506.07	64.01	26.14	0.12516	0.001937	0	0	0	991	71.6	31.23	645.91	27.691	30.42	0	100.9	5060.7	110205
117	"14:59:02"	1228.5	0	3	20	0.822	645.4	27.70	0.0594	991	82.18	-506.08	64.06	26.14	0.1452	0.0018525	0	0	0	991	71.6	31.23	646.25	27.710	30.42	0	100.9	5060.8	110205
118	"14:59:04"	1230.5	0	3	20	0.845	645.7	27.70	0.06103	991	82.22	-506.07	64.06	26.13	0.14976	0.0010481	0	0	0	991	71.6	31.23	646.41	27.714	30.42	0	100.9	5060.7	110205
119	"14:59:06"	1232.5	0	3	20	0.904	646.0	27.70	0.06528	991	82.26	-506.07	64.08	26.13	0.15961	0.0019792	0	0	0	991	71.6	31.23	646.66	27.721	30.42	0	100.9	5060.7	110205
120	"14:59:08"	1234.5	0	3	20	0.899	646.3	27.71	0.06492	991	82.24	-506.08	64.09	26.13	0.15773	0.0034996	0	0	0	991	71.6	31.23	647.09	27.725	30.42	0	100.9	5060.8	110205
121	"14:59:10"	1236.5	0	3	20	0.812	646.6	27.71	0.05865	991	82.20	-506.06	64.06	26.13	0.14275	0.0027485	0	0	0	991	71.6	31.23	647.12	27.709	30.42	0	100.9	5060.6	110205
122	"14:59:12"	1238.5	0	3	20	0.795	646.9	27.72	0.05742	991	82.21	-506.07	64.07	26.13	0.14047	0.0016321	0	0	0	991	71.6	31.23	647.76	27.714	30.42	0	100.9	5060.7	110205
123	"14:59:14"	1240.5	0	3	20	0.799	647.1	27.72	0.05774	991	82.23	-506.07	64.11	26.14	0.14246	-0.00015853	0	0	0	991	71.6	31.23	647.83	27.735	30.42	0	100.9	5060.7	110205
124	"14:59:16"	1242.5	0	3	20	0.778	647.4	27.72	0.05619	991	82.22	-506.07	64.11	26.14	0.13814	0.00058647	0	0	0	991	71.6	31.23	648.16	27.730	30.42	0	100.9	5060.7	110205
125	"14:59:18"	1244.5	0	3	20	0.886	647.7	27.72	0.06401	991	82.25	-506.08	64.13	26.14	0.15612	0.0025348	0	0	0	991	71.6	31.23	648.59	27.740	30.42	0	100.9	5060.8	110205
126	"14:59:20"	1246.5	0	3	20	0.966	648.0	27.73	0.06982	991	82.25	-506.06	64.16	26.15	0.17003	0.0031776	0	0	0	991	71.6	31.23	648.62	27.753	30.42	0	100.9	5060.6	110205
127	"14:59:22"	1248.5	0	3	20	0.86	648.3	27.74	0.06215	991	82.22	-506.06	64.13	26.15	0.15056	0.0040069	0	0	0	991	71.6	31.23	648.92	27.741	30.42	0	100.9	5060.6	110205
128	"14:59:24"	1250.5	0	3	20	0.714	648.6	27.74	0.05161	991	82.27	-506.07	64.16	26.14	0.12552	0.0025807	0	0	0	991	71.6	31.23	649.43	27.754	30.42	0	100.9	5060.7	110205
129	"14:59:26"	1252.5	0	3	20	0.73	648.9	27.75	0.05275	991	82.26	-506.07	64.16	26.15	0.12833	0.0025836	0	0	0	991	71.6	31.23	649.57	27.758	30.42	0	100.9	5060.7	110205
130	"14:59:28"	1254.5	0	3	20	0.791	649.2	27.75	0.05718	991	82.29	-506.08	64.18	26.15	0.13929	0.0025109	0	0	0	991	71.6	31.23	649.90	27.763	30.42	0	100.9	5060.8	110205
131	"14:59:30"	1256.5	0	3	20	0.917	649.4	27.76	0.06627	991	82.37	-506.06	64.23	26.14	0.16216	0.0018206	0	0	0	991	71.6	31.23	649.98	27.784	30.42	0	100.9	5060.6	110205
132	"14:59:32"	1258.5	0	3	20	0.81	649.7	27.76	0.0585	991	82.37	-506.08	64.20	26.14	0.14258	0.0024447	0	0	0	991	71.6	31.23	650.48	27.772	30.42	0	100.9	5060.8	110205
133	"14:59:34"	1260.5	0	3	20	0.635	650.0	27.77	0.04586	991	82.41	-506.06	64.26	26.14	0.11186	0.0017904	0	0	0	991	71.6	31.23	650.84	27.794	30.42	0	100.9	5060.6	110205
134	"14:59:36"	1262.5	0	3	20	0.783	650.3	27.77	0.05658	991	82.34	-506.07	64.23	26.15	0.13798	0.0022659	0	0	0	991	71.6	31.23	651.20	27.783	30.42	0	100.9	5060.7	110205
135	"14:59:38"	1264.5	0	3	20	0.85	650.5	27.77	0.0614	991	82.34	-506.05	64.23	26.15	0.15003	0.002034	0	0	0	991	71.6	31.23	651.32	27.785	30.42	0	100.9	5060.5	110205
136	"14:59:40"	1266.5	0	3	20	0.878	650.8	27.78	0.0634	991	82.43	-506.07	64.26	26.14	0.15492	0.0020631	0	0	0	991	71.6	31.23	651.40	27.798	30.42	0	100.9	5060.7	110205
137	"14:59:42"	1268.5	0	3	20	0.804	651.1	27.78	0.05809	991	82.39	-506.07	64.24	26.14	0.14163	0.002378	0	0	0	991	71.6	31.23	652.05	27.786	30.42	0	100.9	5060.7	110205
138	"14:59:44"	1270.5	0	3	20	0.795	651.4	27.79	0.05742	991	82.45	-506.07	64.28	26.14	0.1403	0.0018633	0	0	0	991	71.6	31.23	652.25	27.804	30.42	0	100.9	5060.7	110205
139	"14:59:46"	1272.5	0	3	20	0.812	651.7	27.79	0.05867	991	82.43	-506.07	64.25	26.14	0.14305	0.0023737	0	0	0	991	71.6	31.23	652.25	27.796	30.42	0	100.9	5060.7	110205
140	"14:59:48"	1274.5	0	3	20	0.794	651.9	27.80	0.05734	991	82.47	-506.07	64.28	26.13	0.14059	0.0011691	0	0	0	991	71.6	31.23	652.62	27.805	30.42	0	100.9	5060.6	110205
141	"14:59:50"	1276.5	0	3	20	0.733	652.2	27.80	0.05296	991	82.46	-506.07	64.28	26.14	0.12979	0.0011366	0	0	0	991	71.6	31.23	653.01	27.809	30.42	0	100.9	5060.7	110205
142	"14:59:52"	1278.5	0	3	20	0.665	652.5	27.80	0.04801	991	82.46	-506.07	64.29	26.14	0.11765	0.0010742	0	0	0	991	71.6	31.23	653.39	27.813	30.42	0	100.9	5060.7	110205
143	"14:59:54"	1280.5	0	3	20	0.915	652.8	27.80	0.06608	991	82.49	-506.09	64.33	26.15	0.16188	0.0015386	0	0	0	991	71.6	31.23	653.81	27.831	30.42	0	100.9	5060.9	110205
144	"14:59:56"	1282.5	0	3	20	0.976	653.1	27.81	0.07049	991	82.48	-506.06	64.31	26.14	0.17121	0.0038361	0	0	0	991	71.6	31.23	653.83	27.817	30.42	0	100.9	5060.6	110205
145	"14:59:58"	1284.5	0	3	20	0.898	653.4	27.82	0.06488	991	82.51	-506.08	64.35	26.15	0.15768	0.0033813	0	0	0	991	71.6	31.23	654.33	27.836	30.42	0	100.9	5060.8	110205
146	"15:00:00"	1286.5	0	3	20	0.996	653.8	27.82	0.07198	991	82.50	-506.08	64.34	26.15	0.17505	0.0035582	0	0	0	991	71.6	31.23	654.63	27.832	30.42	0	100.9	5060.8	110205
147	"15:00:02"	1288.5	0	3	20	0.769	654.1	27.83	0.05558	991	82.44	-506.07	64.32	26.15	0.13636	0.00097438	0	0	0	991	71.6	31.23	654.90	27.823	30.42	0	100.9	5060.7	110205
148	"15:00:04"	1290.5	0	3	20	0.78	654.3	27.83	0.05635	991	82.48	-506.06	64.32	26.14	0.13933	-0.00061313	0	0	0	991	71.6	31.23	655.18	27.822	30.42	0	100.9	5060.6	110205
149	"15:00:06"	1292.5	0	3	20	0.795	654.6	27.83	0.05742	991	82.58	-506.07	64.39	26.14	0.14146	0.0001599	0	0	0	991	71.6	31.23	655.29	27.852	30.42	0	100.9	5060.7	110205
150	"15:00:08"	1294.5	0	3	20	0.73	654.9	27.83	0.05276	991	82.54	-506.07	64.37	26.15	0.12885	0.0018338	0	0	0	991	71.6	31.23	655.62	27.846	30.42	0	100.9	5060.7	110205
151	"15:00:10"	1296.5	0	3	20	0.886	655.2	27.83	0.06404	991	82.51	-506.08	64.36	26.15	0.15573	0.0031819	0	0	0	991	71.6	31.23	655.65	27.841	30.42	0	100.9	5060.8	110205
152	"15:00:12"	1298.5	0	3	20	0.65	655.4	27.84	0.04697	991	82.53	-506.06	64.39	26.15	0.1146	0.0017964	0	0	0	991	71.6	31.23	655.92	27.851	30.42	0	100.9	5060.6	110205
153	"15:00:14"	1300.5	0	3	20	0.637	655.7	27.84	0.046	991	82.55	-506.06	64.40	26.15	0.11314	0.00042273	0	0	0	991	71.6	31.23	656.53	27.854	30.42	0	100.9	5060.6	110205
154	"15:00:16"	1302.5	0	4	200	0.8	650.0	27.84	0.05777	991	82.56	-506.07	64.40	26.15	0.1274	8.6909E-05	0.0001174	-0.018538	0	991	71.6	31.23	656.61	27.857	30.42	0	100.9	5060.7	110205
