"OPEN 5.3.2"
"Sat Jun  1 2019 11:06:42"
"Unit="	"PSC-895"
"ComputeList="	"/User/Configs/Comps/Soil Efflux Eqns.LPL"
"BLCTable="	"/Sys/Lib/StdBLCTable"
"LightSource="	"Sun+Sky"	1	0.19
"LogFormat="	"/User/Configs/LogFormats/Soil Efflux Log Fmt"
"LogCodes="	-35	-21	-36	-104	310	311	320	302	303	306	304	321	322	323	324	300	301	330	331	305	307	308	-8	-2	-5	-9	-13	-11	-61	-23
"PromptList="	"/User/Configs/Prompts/Soil Efflux Prompts"
"Stability= (CO2S 15s SLP<1)(H2OS 15s SLP<1)(Flow 15s SLP<1)"
"11:06:43 "
$STARTOFDATA$
"Obs"	"HHMMSS"	"FTime"	"Plot#"	"Mode"	"Smpls"	"EFFLUX"	"C2avg"	"Wavg"	"dc'/dt"	"Vtot"	"RHcmbr%"	"Tsoil_C"	"RHirga%"	"Tsch_C"	"dC/dt"	"dW/dt"	"R(C)m"	"R(C)b"	"InsDpth"	"Vbase"	"Area"	"TBlk"	"CO2S"	"H2OS"	"Tair"	"PARo"	"Press"	"uc_21_mV"	"Status"
1	"11:12:26"	356.0	0	3	8	0.712	542.3	25.81	0.05147	991	78.99	-506.07	60.07	25.64	0.12381	0.0046598	0	0	0	991	71.6	31.23	542.72	25.799	30.33	0	101.1	5060.7	110205
2	"11:12:28"	358.0	0	3	12	0.973	542.5	25.81	0.07032	991	79.02	-506.08	60.09	25.63	0.17173	0.0017231	0	0	0	991	71.6	31.23	542.92	25.808	30.33	0	101.1	5060.8	110205
3	"11:12:30"	360.0	0	3	16	0.822	542.6	25.81	0.05937	991	79.07	-506.07	60.09	25.62	0.14421	0.0028198	0	0	0	991	71.6	31.23	542.95	25.804	30.33	0	101.1	5060.7	110205
4	"11:12:32"	362.0	0	3	20	0.66	542.7	25.81	0.0477	991	79.09	-506.07	60.11	25.63	0.11595	0.0021168	0	0	0	991	71.6	31.23	543.30	25.817	30.33	0	101.1	5060.7	110205
5	"11:12:34"	364.0	0	3	20	0.62	543.0	25.81	0.04481	991	79.13	-506.07	60.15	25.62	0.10918	0.0015537	0	0	0	991	71.6	31.23	543.31	25.829	30.33	0	101.1	5060.7	110205
6	"11:12:36"	366.0	0	3	20	0.431	543.2	25.82	0.03113	991	79.03	-506.08	60.09	25.63	0.075334	0.0019737	0	0	0	991	71.6	31.23	543.72	25.805	30.33	0	101.1	5060.8	110205
7	"11:12:38"	368.0	0	3	20	0.555	543.3	25.82	0.04008	991	79.12	-506.07	60.17	25.63	0.098638	-0.00038594	0	0	0	991	71.6	31.23	543.64	25.835	30.33	0	101.1	5060.7	110205
8	"11:12:40"	370.0	0	3	20	0.528	543.5	25.82	0.03813	991	79.12	-506.06	60.17	25.63	0.092869	0.0013885	0	0	0	991	71.6	31.23	543.92	25.835	30.33	0	101.1	5060.6	110205
9	"11:12:42"	372.0	0	3	20	0.552	543.7	25.82	0.03989	991	79.09	-506.07	60.14	25.63	0.096904	0.0018923	0	0	0	991	71.6	31.23	544.23	25.822	30.33	0	101.1	5060.7	110205
10	"11:12:44"	374.0	0	3	20	0.681	543.9	25.83	0.0492	991	79.09	-506.07	60.14	25.63	0.11971	0.0019845	0	0	0	991	71.6	31.23	544.34	25.823	30.33	0	101.1	5060.7	110205
11	"11:12:46"	376.0	0	3	20	0.562	544.1	25.83	0.04063	991	79.19	-506.08	60.22	25.63	0.097867	0.0034136	0	0	0	991	71.6	31.23	544.41	25.856	30.33	0	101.1	5060.8	110205
12	"11:12:48"	378.0	0	3	20	0.555	544.3	25.84	0.04013	991	79.11	-506.07	60.19	25.64	0.097713	0.0014972	0	0	0	991	71.6	31.23	545.04	25.841	30.33	0	101.1	5060.7	110205
13	"11:12:50"	380.0	0	3	20	0.539	544.5	25.84	0.03896	991	79.13	-506.07	60.20	25.64	0.094844	0.0015045	0	0	0	991	71.6	31.23	545.03	25.847	30.33	0	101.1	5060.7	110205
14	"11:12:52"	382.0	0	3	20	0.604	544.7	25.84	0.04367	991	79.15	-506.06	60.22	25.64	0.10605	0.0021486	0	0	0	991	71.6	31.23	545.28	25.856	30.33	0	101.1	5060.6	110205
15	"11:12:54"	384.0	0	3	20	0.604	544.9	25.85	0.04361	991	79.17	-506.07	60.23	25.64	0.10606	0.0018634	0	0	0	991	71.6	31.23	545.48	25.862	30.33	0	101.1	5060.7	110205
16	"11:12:56"	386.0	0	3	20	0.579	545.1	25.85	0.04186	991	79.19	-506.07	60.23	25.63	0.10178	0.0018316	0	0	0	991	71.6	31.24	545.61	25.861	30.33	0	101.1	5060.7	110205
17	"11:12:58"	388.0	0	3	20	0.462	545.3	25.86	0.03334	991	79.13	-506.07	60.19	25.63	0.080815	0.0019155	0	0	0	991	71.6	31.24	545.84	25.842	30.33	0	101.1	5060.7	110205
18	"11:13:00"	390.0	0	3	20	0.49	545.5	25.86	0.03539	991	79.22	-506.08	60.23	25.63	0.086674	0.00042176	0	0	0	991	71.6	31.24	546.02	25.863	30.33	0	101.1	5060.8	110205
19	"11:13:02"	392.0	0	3	20	0.564	545.7	25.86	0.04075	991	79.20	-506.08	60.24	25.63	0.099435	0.0011215	0	0	0	991	71.6	31.24	546.10	25.866	30.33	0	101.1	5060.8	110205
20	"11:13:04"	394.0	0	3	20	0.518	545.9	25.86	0.03746	991	79.20	-506.07	60.25	25.64	0.09123	0.0013657	0	0	0	991	71.6	31.23	546.61	25.867	30.33	0	101.1	5060.7	110205
21	"11:13:06"	396.0	0	3	20	0.665	546.1	25.87	0.04808	991	79.20	-506.08	60.25	25.64	0.11738	0.0012244	0	0	0	991	71.6	31.23	547.07	25.869	30.33	0	101.1	5060.8	110205
22	"11:13:08"	398.0	0	3	20	0.816	546.4	25.87	0.05892	991	79.23	-506.09	60.26	25.63	0.14393	0.0013845	0	0	0	991	71.6	31.23	547.11	25.873	30.33	0	101.1	5060.9	110205
23	"11:13:10"	400.0	0	3	20	0.817	546.6	25.87	0.05901	991	79.25	-506.07	60.28	25.63	0.14468	0.00038513	0	0	0	991	71.6	31.23	547.09	25.879	30.32	0	101.1	5060.7	110205
24	"11:13:12"	402.0	0	3	20	0.69	546.9	25.87	0.04984	991	79.26	-506.07	60.31	25.64	0.12168	0.0012817	0	0	0	991	71.6	31.23	547.29	25.890	30.32	0	101.1	5060.7	110205
25	"11:13:14"	404.0	0	3	20	0.488	547.1	25.87	0.03529	991	79.27	-506.07	60.29	25.63	0.085603	0.001905	0	0	0	991	71.6	31.23	547.61	25.883	30.32	0	101.1	5060.7	110205
26	"11:13:16"	406.0	0	3	20	0.506	547.3	25.88	0.03656	991	79.23	-506.07	60.26	25.63	0.088557	0.0021874	0	0	0	991	71.6	31.23	547.80	25.869	30.32	0	101.1	5060.7	110205
27	"11:13:18"	408.0	0	3	20	0.617	547.5	25.88	0.04461	991	79.26	-506.08	60.31	25.63	0.10892	0.0011362	0	0	0	991	71.6	31.23	548.16	25.887	30.32	0	101.1	5060.8	110205
28	"11:13:20"	410.0	0	3	20	0.853	547.8	25.89	0.0616	991	79.25	-506.07	60.30	25.64	0.15027	0.0017992	0	0	0	991	71.6	31.24	548.54	25.886	30.32	0	101.1	5060.7	110205
29	"11:13:22"	412.0	0	3	20	0.794	548.0	25.89	0.0574	991	79.31	-506.08	60.33	25.63	0.13942	0.0027465	0	0	0	991	71.6	31.24	548.64	25.901	30.32	0	101.1	5060.8	110205
30	"11:13:24"	414.0	0	3	20	0.73	548.3	25.89	0.05273	991	79.36	-506.09	60.37	25.63	0.12757	0.0034361	0	0	0	991	71.6	31.24	548.85	25.919	30.32	0	101.1	5060.9	110205
31	"11:13:26"	416.0	0	3	20	0.604	548.5	25.90	0.04367	991	79.30	-506.07	60.29	25.63	0.10456	0.0047601	0	0	0	991	71.6	31.23	549.15	25.886	30.33	0	101.1	5060.7	110205
32	"11:13:28"	418.0	0	3	20	0.512	548.7	25.91	0.037	991	79.34	-506.08	60.34	25.63	0.089648	0.0021585	0	0	0	991	71.6	31.23	549.22	25.906	30.33	0	101.1	5060.8	110205
33	"11:13:30"	420.0	0	3	20	0.524	548.9	25.91	0.03788	991	79.43	-506.07	60.41	25.63	0.09208	0.0016611	0	0	0	991	71.6	31.23	549.41	25.935	30.32	0	101.1	5060.7	110205
34	"11:13:32"	422.0	0	3	20	0.534	549.1	25.92	0.03856	991	79.35	-506.06	60.37	25.64	0.092653	0.0036488	0	0	0	991	71.6	31.23	549.38	25.920	30.32	0	101.1	5060.6	110205
35	"11:13:34"	424.0	0	3	20	0.478	549.2	25.92	0.03451	991	79.40	-506.08	60.41	25.64	0.083131	0.0028839	0	0	0	991	71.6	31.23	549.82	25.937	30.33	0	101.1	5060.8	110205
36	"11:13:36"	426.0	0	3	20	0.475	549.4	25.92	0.03432	991	79.30	-506.07	60.33	25.64	0.083241	0.0018317	0	0	0	991	71.6	31.23	549.89	25.904	30.33	0	101.1	5060.7	110205
37	"11:13:38"	428.0	0	3	20	0.53	549.6	25.92	0.03832	991	79.37	-506.06	60.36	25.63	0.095039	-0.0016481	0	0	0	991	71.6	31.23	550.05	25.915	30.32	0	101.1	5060.6	110205
38	"11:13:40"	430.0	0	3	20	0.476	549.8	25.93	0.03438	991	79.40	-506.07	60.42	25.64	0.085344	-0.00161	0	0	0	991	71.6	31.23	550.28	25.940	30.33	0	101.1	5060.7	110205
39	"11:13:42"	432.0	0	3	20	0.602	550.0	25.92	0.04348	991	79.42	-506.07	60.42	25.64	0.10607	0.0012583	0	0	0	991	71.6	31.24	550.58	25.944	30.33	0	101.1	5060.7	110205
40	"11:13:44"	434.0	0	3	20	0.618	550.2	25.93	0.04466	991	79.45	-506.09	60.42	25.63	0.10733	0.0041605	0	0	0	991	71.6	31.24	550.79	25.946	30.33	0	101.1	5060.9	110205
41	"11:13:46"	436.0	0	3	20	0.71	550.4	25.93	0.0513	991	79.44	-506.09	60.44	25.64	0.123	0.0052791	0	0	0	991	71.6	31.24	551.23	25.955	30.33	0	101.1	5060.9	110205
42	"11:13:48"	438.0	0	3	20	0.781	550.7	25.94	0.05641	991	79.42	-506.08	60.41	25.64	0.13647	0.0036572	0	0	0	991	71.6	31.24	551.23	25.944	30.33	0	101.1	5060.8	110205
43	"11:13:50"	440.0	0	3	20	0.612	550.9	25.95	0.04421	991	79.49	-506.07	60.46	25.64	0.10728	0.0022642	0	0	0	991	71.6	31.23	551.60	25.962	30.33	0	101.1	5060.7	110205
44	"11:13:52"	442.0	0	3	20	0.561	551.1	25.95	0.04056	991	79.47	-506.07	60.48	25.64	0.098792	0.0014712	0	0	0	991	71.6	31.23	551.51	25.971	30.33	0	101.1	5060.7	110205
45	"11:13:54"	444.0	0	3	20	0.491	551.3	25.96	0.03546	991	79.49	-506.07	60.46	25.63	0.086054	0.0018082	0	0	0	991	71.6	31.23	551.89	25.962	30.33	0	101.1	5060.7	110205
46	"11:13:56"	446.0	0	3	20	0.451	551.5	25.96	0.03255	991	79.50	-506.07	60.46	25.63	0.079401	0.00096363	0	0	0	991	71.6	31.23	551.72	25.961	30.33	0	101.1	5060.7	110205
47	"11:13:58"	448.0	0	3	20	0.561	551.6	25.96	0.04055	991	79.57	-506.07	60.50	25.63	0.099172	0.00070987	0	0	0	991	71.6	31.23	552.47	25.980	30.33	0	101.1	5060.7	110205
48	"11:14:00"	450.0	0	3	20	0.633	551.9	25.97	0.0457	991	79.46	-506.08	60.45	25.64	0.1117	0.00093806	0	0	0	991	71.6	31.23	552.61	25.961	30.33	0	101.1	5060.8	110205
49	"11:14:02"	452.0	0	3	20	0.683	552.1	25.97	0.04935	991	79.52	-506.08	60.49	25.64	0.11996	0.0021639	0	0	0	991	71.6	31.23	552.77	25.979	30.33	0	101.1	5060.8	110205
50	"11:14:04"	454.0	0	3	20	0.736	552.3	25.97	0.05316	991	79.48	-506.08	60.48	25.64	0.12823	0.0041076	0	0	0	991	71.6	31.23	552.72	25.973	30.33	0	101.1	5060.8	110205
51	"11:14:06"	456.0	0	4	200	0.597	550.0	25.98	0.04317	991	79.55	-506.08	60.52	25.64	0.10884	0.0027054	-0.00030849	0.21284	0	991	71.6	31.23	553.18	25.987	30.33	0	101.1	5060.8	110205
52	"11:19:45"	794.5	0	3	8	0.57	542.1	26.22	0.04121	991	80.42	-506.08	61.12	25.60	0.10244	-0.0022092	0	0	0	991	71.6	31.23	542.57	26.213	30.30	0	101.1	5060.8	110205
53	"11:19:47"	796.5	0	3	12	0.972	542.3	26.21	0.07026	991	80.44	-506.08	61.09	25.59	0.17391	-0.0024713	0	0	0	991	71.6	31.23	542.83	26.200	30.30	0	101.1	5060.8	110205
54	"11:19:49"	798.5	0	3	16	0.712	542.4	26.21	0.05143	991	80.45	-506.07	61.13	25.59	0.12672	-0.00073744	0	0	0	991	71.6	31.23	543.03	26.214	30.30	0	101.1	5060.7	110205
55	"11:19:51"	800.5	0	3	20	0.69	542.5	26.22	0.04984	991	80.63	-506.07	61.19	25.57	0.12172	0.0012093	0	0	0	991	71.6	31.23	543.10	26.244	30.30	0	101.1	5060.7	110205
56	"11:19:53"	802.5	0	3	20	0.554	542.7	26.22	0.04003	991	80.68	-506.08	61.16	25.55	0.097013	0.0023075	0	0	0	991	71.6	31.24	543.13	26.230	30.30	0	101.1	5060.8	110205
57	"11:19:55"	804.5	0	3	20	0.442	543.0	26.22	0.0319	991	80.67	-506.08	61.17	25.56	0.07703	0.0023464	0	0	0	991	71.6	31.24	543.56	26.238	30.31	0	101.1	5060.8	110205
58	"11:19:57"	806.5	0	3	20	0.596	543.2	26.23	0.04308	991	80.66	-506.09	61.16	25.56	0.10471	0.001918	0	0	0	991	71.6	31.24	543.57	26.233	30.31	0	101.1	5060.9	110205
59	"11:19:59"	808.5	0	3	20	0.606	543.4	26.23	0.04376	991	80.73	-506.08	61.19	25.55	0.10673	0.0012707	0	0	0	991	71.6	31.24	543.87	26.247	30.30	0	101.1	5060.8	110205
60	"11:20:01"	810.5	0	3	20	0.65	543.6	26.23	0.04697	991	80.64	-506.08	61.24	25.59	0.11454	0.0014469	0	0	0	991	71.6	31.24	544.01	26.267	30.31	0	101.1	5060.8	110205
61	"11:20:03"	812.5	0	3	20	0.6	543.8	26.24	0.04334	991	80.60	-506.10	61.23	25.59	0.10461	0.0032845	0	0	0	991	71.6	31.24	544.36	26.263	30.31	0	101.1	5061.0	110205
62	"11:20:05"	814.5	0	3	20	0.551	544.0	26.25	0.0398	991	80.49	-506.07	61.17	25.60	0.096294	0.0025808	0	0	0	991	71.6	31.24	544.71	26.239	30.31	0	101.1	5060.7	110205
63	"11:20:07"	816.5	0	3	20	0.605	544.2	26.25	0.04374	991	80.57	-506.07	61.21	25.59	0.10652	0.0016144	0	0	0	991	71.6	31.24	544.88	26.257	30.31	0	101.1	5060.7	110205
64	"11:20:09"	818.5	0	3	20	0.627	544.4	26.25	0.04529	991	80.60	-506.08	61.21	25.59	0.11017	0.0019069	0	0	0	991	71.6	31.24	544.94	26.259	30.31	0	101.1	5060.8	110205
65	"11:20:11"	820.5	0	3	20	0.693	544.7	26.26	0.05008	991	80.66	-506.06	61.22	25.58	0.12253	0.00080342	0	0	0	991	71.6	31.23	545.31	26.260	30.31	0	101.1	5060.6	110205
66	"11:20:13"	822.5	0	3	20	0.663	544.9	26.26	0.04791	991	80.81	-506.08	61.22	25.55	0.11679	0.0015253	0	0	0	991	71.6	31.23	545.29	26.266	30.31	0	101.1	5060.8	110205
67	"11:20:15"	824.5	0	3	20	0.657	545.2	26.26	0.0475	991	80.91	-506.07	61.28	25.54	0.11525	0.0024851	0	0	0	991	71.6	31.23	545.92	26.286	30.31	0	101.1	5060.7	110205
68	"11:20:17"	826.5	0	3	20	0.694	545.4	26.27	0.05011	991	80.89	-506.08	61.28	25.55	0.12157	0.002626	0	0	0	991	71.6	31.23	545.86	26.291	30.31	0	101.1	5060.8	110205
69	"11:20:19"	828.5	0	3	20	0.541	545.6	26.27	0.0391	991	80.83	-506.08	61.26	25.55	0.094369	0.0029227	0	0	0	991	71.6	31.23	546.25	26.278	30.31	0	101.1	5060.8	110205
70	"11:20:21"	830.5	0	3	20	0.638	545.8	26.28	0.04611	991	80.66	-506.08	61.25	25.59	0.11186	0.0024318	0	0	0	991	71.6	31.23	546.58	26.272	30.31	0	101.1	5060.8	110205
71	"11:20:23"	832.5	0	3	20	0.7	546.1	26.28	0.05057	991	80.69	-506.08	61.26	25.58	0.12367	0.00091571	0	0	0	991	71.6	31.23	546.73	26.278	30.31	0	101.1	5060.8	110205
72	"11:20:25"	834.5	0	3	20	0.658	546.3	26.28	0.04751	991	80.69	-506.08	61.29	25.59	0.11659	0.00014956	0	0	0	991	71.6	31.23	546.68	26.290	30.31	0	101.1	5060.8	110205
73	"11:20:27"	836.5	0	3	20	0.673	546.5	26.28	0.04866	991	80.71	-506.08	61.31	25.59	0.11881	0.0012249	0	0	0	991	71.6	31.23	547.12	26.297	30.31	0	101.1	5060.8	110205
74	"11:20:29"	838.5	0	3	20	0.502	546.7	26.29	0.03629	991	80.87	-506.08	61.31	25.56	0.087979	0.0020322	0	0	0	991	71.6	31.23	547.19	26.299	30.31	0	101.1	5060.8	110205
75	"11:20:31"	840.5	0	3	20	0.479	546.9	26.29	0.03462	991	80.91	-506.08	61.33	25.55	0.083634	0.0024476	0	0	0	991	71.6	31.23	547.40	26.303	30.30	0	101.1	5060.8	110205
76	"11:20:33"	842.5	0	3	20	0.548	547.1	26.30	0.0396	991	80.93	-506.07	61.33	25.55	0.095951	0.0022966	0	0	0	991	71.6	31.23	547.73	26.303	30.30	0	101.1	5060.7	110205
77	"11:20:35"	844.5	0	3	20	0.687	547.3	26.30	0.04962	991	80.92	-506.06	61.35	25.56	0.12111	0.0013173	0	0	0	991	71.6	31.23	547.97	26.311	30.30	0	101.1	5060.6	110205
78	"11:20:37"	846.5	0	3	20	0.711	547.6	26.30	0.05137	991	80.99	-506.08	61.38	25.55	0.12546	0.001193	0	0	0	991	71.6	31.23	548.15	26.323	30.30	0	101.1	5060.8	110205
79	"11:20:39"	848.5	0	3	20	0.681	547.8	26.31	0.0492	991	80.97	-506.09	61.37	25.55	0.11939	0.0025052	0	0	0	991	71.6	31.23	548.52	26.317	30.30	0	101.1	5060.9	110205
80	"11:20:41"	850.5	0	3	20	0.645	548.0	26.31	0.04659	991	80.94	-506.07	61.35	25.55	0.11344	0.0017287	0	0	0	991	71.6	31.23	548.24	26.306	30.30	0	101.1	5060.7	110205
81	"11:20:43"	852.5	0	3	20	0.557	548.2	26.31	0.04023	991	80.92	-506.07	61.40	25.57	0.098159	0.0011178	0	0	0	991	71.6	31.23	548.91	26.326	30.30	0	101.1	5060.7	110205
82	"11:20:45"	854.5	0	3	20	0.524	548.4	26.32	0.03783	991	80.85	-506.07	61.40	25.58	0.092296	0.0010623	0	0	0	991	71.6	31.23	548.77	26.327	30.30	0	101.1	5060.7	110205
83	"11:20:47"	856.5	0	3	20	0.487	548.6	26.32	0.03517	991	80.92	-506.08	61.43	25.57	0.085647	0.0012782	0	0	0	991	71.6	31.23	549.28	26.339	30.30	0	101.1	5060.8	110205
84	"11:20:49"	858.5	0	3	20	0.594	548.8	26.32	0.04292	991	80.94	-506.08	61.39	25.56	0.10426	0.0020317	0	0	0	991	71.6	31.23	549.45	26.324	30.30	0	101.1	5060.8	110205
85	"11:20:51"	860.5	0	3	20	0.722	549.1	26.33	0.05219	991	80.98	-506.08	61.41	25.56	0.12727	0.0015936	0	0	0	991	71.6	31.23	549.58	26.331	30.30	0	101.1	5060.8	110205
86	"11:20:53"	862.5	0	3	20	0.721	549.3	26.33	0.05211	991	80.96	-506.07	61.38	25.55	0.12729	0.0012064	0	0	0	991	71.6	31.23	549.67	26.317	30.30	0	101.1	5060.7	110205
87	"11:20:55"	864.5	0	3	20	0.65	549.5	26.33	0.04699	991	80.96	-506.06	61.40	25.56	0.11511	0.00049339	0	0	0	991	71.6	31.23	550.16	26.325	30.30	0	101.1	5060.6	110205
88	"11:20:57"	866.5	0	3	20	0.591	549.8	26.33	0.04269	991	81.02	-506.09	61.41	25.55	0.10466	0.00028654	0	0	0	991	71.6	31.24	550.36	26.334	30.30	0	101.1	5060.9	110205
89	"11:20:59"	868.5	0	3	20	0.689	550.0	26.33	0.0498	991	81.10	-506.06	61.46	25.54	0.122	0.0004866	0	0	0	991	71.6	31.24	550.61	26.352	30.30	0	101.1	5060.6	110205
90	"11:21:01"	870.5	0	3	20	0.727	550.2	26.34	0.05253	991	81.10	-506.08	61.42	25.54	0.12834	0.0011377	0	0	0	991	71.6	31.24	550.84	26.340	30.30	0	101.1	5060.8	110205
91	"11:21:03"	872.5	0	3	20	0.694	550.5	26.34	0.05013	991	81.14	-506.07	61.46	25.54	0.12155	0.002708	0	0	0	991	71.6	31.23	551.04	26.356	30.30	0	101.1	5060.7	110205
92	"11:21:05"	874.5	0	3	20	0.681	550.7	26.34	0.04921	991	81.12	-506.07	61.46	25.54	0.11945	0.002435	0	0	0	991	71.6	31.23	551.45	26.354	30.30	0	101.1	5060.7	110205
93	"11:21:07"	876.5	0	3	20	0.748	551.0	26.35	0.05406	991	81.15	-506.08	61.48	25.54	0.13187	0.0015544	0	0	0	991	71.6	31.23	551.53	26.360	30.30	0	101.1	5060.8	110205
94	"11:21:09"	878.5	0	3	20	0.657	551.2	26.35	0.04748	991	81.11	-506.07	61.46	25.54	0.11593	0.0011807	0	0	0	991	71.6	31.23	551.63	26.348	30.30	0	101.1	5060.7	110205
95	"11:21:11"	880.5	0	3	20	0.606	551.4	26.35	0.04376	991	81.11	-506.07	61.47	25.54	0.1071	0.00064942	0	0	0	991	71.6	31.23	552.06	26.352	30.30	0	101.1	5060.7	110205
96	"11:21:13"	882.5	0	3	20	0.549	551.6	26.35	0.03965	991	81.11	-506.08	61.48	25.55	0.097066	0.0005117	0	0	0	991	71.6	31.24	552.26	26.359	30.30	0	101.1	5060.8	110205
97	"11:21:15"	884.5	0	3	20	0.684	551.9	26.35	0.04943	991	81.16	-506.07	61.50	25.54	0.1211	0.00048458	0	0	0	991	71.6	31.24	552.60	26.368	30.30	0	101.1	5060.7	110205
98	"11:21:17"	886.5	0	3	20	0.655	552.0	26.36	0.04734	991	81.15	-506.08	61.48	25.54	0.11575	0.0008711	0	0	0	991	71.6	31.24	552.53	26.361	30.30	0	101.1	5060.8	110205
99	"11:21:19"	888.5	0	3	20	0.566	552.3	26.36	0.04088	991	81.23	-506.08	61.54	25.54	0.09889	0.0026135	0	0	0	991	71.6	31.24	553.00	26.389	30.30	0	101.1	5060.8	110205
100	"11:21:21"	890.5	0	3	20	0.606	552.5	26.37	0.04381	991	81.17	-506.08	61.48	25.54	0.10576	0.0031838	0	0	0	991	71.6	31.24	553.17	26.364	30.30	0	101.1	5060.8	110205
101	"11:21:23"	892.5	0	3	20	0.593	552.7	26.37	0.04285	991	81.21	-506.08	61.50	25.54	0.10341	0.0031824	0	0	0	991	71.6	31.24	553.55	26.374	30.30	0	101.1	5060.8	110205
102	"11:21:25"	894.5	0	4	200	0.633	550.0	26.37	0.04575	991	81.18	-506.07	61.49	25.54	0.1258	0.0022437	-0.00016004	0.13377	0	991	71.6	31.24	553.66	26.371	30.30	0	101.1	5060.7	110205
103	"11:26:34"	1204.0	0	3	8	0.591	542.4	26.56	0.04273	991	81.94	-506.08	61.98	25.51	0.10234	0.004613	0	0	0	991	71.6	31.24	542.61	26.574	30.30	0	101.1	5060.8	110205
104	"11:26:36"	1206.0	0	3	12	0.467	542.5	26.56	0.03377	991	81.80	-506.06	61.97	25.54	0.080941	0.0035753	0	0	0	991	71.6	31.23	542.81	26.572	30.30	0	101.1	5060.6	110205
105	"11:26:38"	1208.0	0	3	16	0.59	542.6	26.57	0.04262	991	81.70	-506.07	61.96	25.56	0.10353	0.0020274	0	0	0	991	71.6	31.23	543.27	26.569	30.30	0	101.1	5060.7	110205
106	"11:26:40"	1210.0	0	3	20	0.638	542.8	26.57	0.04607	991	81.77	-506.09	61.95	25.54	0.11215	0.0017597	0	0	0	991	71.6	31.23	543.49	26.568	30.30	0	101.1	5060.9	110205
107	"11:26:42"	1212.0	0	3	20	0.718	543.0	26.57	0.05186	991	81.97	-506.07	61.98	25.51	0.12658	0.001369	0	0	0	991	71.6	31.23	543.55	26.576	30.30	0	101.1	5060.7	110205
108	"11:26:44"	1214.0	0	3	20	0.714	543.2	26.57	0.05156	991	81.97	-506.08	61.96	25.50	0.12608	0.00091183	0	0	0	991	71.6	31.23	543.60	26.569	30.30	0	101.1	5060.8	110205
109	"11:26:46"	1216.0	0	3	20	0.545	543.4	26.58	0.03934	991	82.02	-506.07	62.03	25.51	0.095693	0.0016358	0	0	0	991	71.6	31.23	544.09	26.595	30.30	0	101.1	5060.7	110205
110	"11:26:48"	1218.0	0	3	20	0.49	543.6	26.58	0.03539	991	81.99	-506.08	61.99	25.50	0.086032	0.0015666	0	0	0	991	71.6	31.23	544.44	26.577	30.30	0	101.1	5060.8	110205
111	"11:26:50"	1220.0	0	3	20	0.529	543.8	26.58	0.03824	991	82.06	-506.09	62.02	25.50	0.093345	0.0009906	0	0	0	991	71.6	31.23	544.21	26.590	30.30	0	101.1	5060.9	110205
112	"11:26:52"	1222.0	0	3	20	0.631	544.0	26.58	0.04562	991	82.07	-506.07	62.02	25.49	0.11116	0.0015185	0	0	0	991	71.6	31.23	544.35	26.589	30.30	0	101.1	5060.7	110205
113	"11:26:54"	1224.0	0	3	20	0.668	544.2	26.59	0.04827	991	82.11	-506.08	62.04	25.49	0.11784	0.0012223	0	0	0	991	71.6	31.24	545.23	26.601	30.30	0	101.1	5060.8	110205
114	"11:26:56"	1226.0	0	3	20	0.695	544.5	26.59	0.05022	991	81.96	-506.08	62.06	25.53	0.12218	0.0020235	0	0	0	991	71.6	31.24	544.68	26.607	30.30	0	101.1	5060.8	110205
115	"11:26:58"	1228.0	0	3	20	0.517	544.7	26.59	0.03735	991	81.89	-506.08	62.03	25.54	0.090607	0.0019739	0	0	0	991	71.6	31.24	545.46	26.596	30.30	0	101.1	5060.8	110205
116	"11:27:00"	1230.0	0	3	20	0.584	544.9	26.60	0.04218	991	81.91	-506.08	62.04	25.53	0.10299	0.0010304	0	0	0	991	71.6	31.24	545.63	26.599	30.30	0	101.1	5060.8	110205
117	"11:27:02"	1232.0	0	3	20	0.633	545.1	26.60	0.0457	991	81.92	-506.08	62.08	25.54	0.11134	0.001579	0	0	0	991	71.6	31.24	546.03	26.619	30.30	0	101.1	5060.8	110205
118	"11:27:04"	1234.0	0	3	20	0.78	545.4	26.61	0.05637	991	81.95	-506.08	62.07	25.54	0.13734	0.0019248	0	0	0	991	71.6	31.24	546.13	26.617	30.30	0	101.1	5060.8	110205
119	"11:27:06"	1236.0	0	3	20	0.881	545.6	26.61	0.06365	991	82.19	-506.09	62.14	25.51	0.1538	0.0044252	0	0	0	991	71.6	31.24	546.28	26.649	30.30	0	101.1	5060.9	110205
120	"11:27:08"	1238.0	0	3	20	0.604	545.9	26.62	0.04366	991	82.14	-506.08	62.08	25.50	0.1049	0.0040953	0	0	0	991	71.6	31.24	546.12	26.620	30.30	0	101.1	5060.8	110205
121	"11:27:10"	1240.0	0	3	20	0.397	546.1	26.62	0.02866	991	82.12	-506.09	62.07	25.50	0.069492	0.0015497	0	0	0	991	71.6	31.23	546.54	26.616	30.30	0	101.1	5060.9	110205
122	"11:27:12"	1242.0	0	3	20	0.34	546.3	26.63	0.02459	991	82.11	-506.08	62.17	25.53	0.059844	0.00094723	0	0	0	991	71.6	31.23	546.81	26.657	30.30	0	101.1	5060.8	110205
123	"11:27:14"	1244.0	0	3	20	0.543	546.4	26.63	0.03921	991	81.99	-506.08	62.10	25.54	0.095653	0.0011118	0	0	0	991	71.6	31.23	547.01	26.630	30.30	0	101.1	5060.8	110205
124	"11:27:16"	1246.0	0	3	20	0.733	546.7	26.63	0.05296	991	81.93	-506.08	62.11	25.55	0.12966	0.00073371	0	0	0	991	71.6	31.23	547.37	26.632	30.30	0	101.1	5060.8	110205
125	"11:27:18"	1248.0	0	3	20	0.777	546.9	26.63	0.05615	991	82.03	-506.07	62.16	25.54	0.137	0.001601	0	0	0	991	71.6	31.23	547.16	26.653	30.30	0	101.1	5060.7	110205
126	"11:27:20"	1250.0	0	3	20	0.781	547.2	26.64	0.05642	991	81.94	-506.08	62.12	25.55	0.13799	0.00098004	0	0	0	991	71.6	31.23	547.78	26.636	30.30	0	101.1	5060.8	110205
127	"11:27:22"	1252.0	0	3	20	0.684	547.4	26.64	0.04942	991	82.07	-506.09	62.17	25.54	0.12045	0.0016393	0	0	0	991	71.6	31.23	547.89	26.657	30.30	0	101.1	5060.9	110205
128	"11:27:24"	1254.0	0	3	20	0.554	547.6	26.64	0.04005	991	82.16	-506.08	62.20	25.53	0.0964	0.0034726	0	0	0	991	71.6	31.23	548.34	26.670	30.30	0	101.1	5060.8	110205
129	"11:27:26"	1256.0	0	3	20	0.694	547.9	26.65	0.05014	991	82.34	-506.08	62.21	25.49	0.12133	0.0031623	0	0	0	991	71.6	31.23	548.34	26.671	30.30	0	101.1	5060.8	110205
130	"11:27:28"	1258.0	0	3	20	0.591	548.1	26.66	0.04274	991	82.26	-506.08	62.18	25.50	0.10355	0.0024443	0	0	0	991	71.6	31.23	548.52	26.659	30.30	0	101.1	5060.8	110205
131	"11:27:30"	1260.0	0	3	20	0.566	548.3	26.66	0.04091	991	82.20	-506.07	62.16	25.50	0.099852	0.0010602	0	0	0	991	71.6	31.23	548.98	26.647	30.29	0	101.1	5060.7	110205
132	"11:27:32"	1262.0	0	3	20	0.724	548.5	26.66	0.05232	991	82.25	-506.09	62.16	25.50	0.12819	0.00047102	0	0	0	991	71.6	31.23	549.01	26.651	30.30	0	101.1	5060.9	110205
133	"11:27:34"	1264.0	0	3	20	0.617	548.8	26.66	0.0446	991	82.27	-506.09	62.19	25.50	0.10997	-0.00083515	0	0	0	991	71.6	31.23	549.53	26.661	30.30	0	101.1	5060.9	110205
134	"11:27:36"	1266.0	0	3	20	0.724	549.0	26.66	0.05231	991	82.25	-506.08	62.16	25.50	0.12876	-0.00057792	0	0	0	991	71.6	31.23	549.26	26.651	30.30	0	101.1	5060.8	110205
135	"11:27:38"	1268.0	0	3	20	0.645	549.2	26.66	0.04663	991	82.13	-506.08	62.21	25.54	0.11404	0.00083778	0	0	0	991	71.6	31.23	549.97	26.674	30.30	0	101.1	5060.8	110205
136	"11:27:40"	1270.0	0	3	20	0.552	549.5	26.66	0.03988	991	82.12	-506.07	62.19	25.53	0.096698	0.0021625	0	0	0	991	71.6	31.23	549.94	26.665	30.30	0	101.1	5060.7	110205
137	"11:27:42"	1272.0	0	3	20	0.687	549.7	26.67	0.04966	991	82.20	-506.08	62.22	25.52	0.1205	0.0025545	0	0	0	991	71.6	31.23	550.37	26.676	30.30	0	101.1	5060.8	110205
138	"11:27:44"	1274.0	0	3	20	0.643	549.9	26.67	0.04649	991	82.34	-506.09	62.21	25.49	0.11261	0.0026951	0	0	0	991	71.6	31.24	550.30	26.670	30.30	0	101.1	5060.9	110205
139	"11:27:46"	1276.0	0	3	20	0.621	550.1	26.67	0.04487	991	82.37	-506.08	62.23	25.49	0.10955	0.0010925	0	0	0	991	71.6	31.23	550.52	26.678	30.30	0	101.1	5060.8	110205
140	"11:27:48"	1278.0	0	3	20	0.558	550.3	26.68	0.04035	991	82.35	-506.08	62.22	25.49	0.098957	0.00017945	0	0	0	991	71.6	31.23	550.85	26.671	30.29	0	101.1	5060.8	110205
141	"11:27:50"	1280.0	0	3	20	0.653	550.5	26.68	0.04717	991	82.36	-506.09	62.23	25.49	0.11554	0.00048228	0	0	0	991	71.6	31.23	551.14	26.675	30.29	0	101.1	5060.9	110205
142	"11:27:52"	1282.0	0	3	20	0.721	550.8	26.68	0.05207	991	82.37	-506.07	62.25	25.49	0.12816	-0.00053197	0	0	0	991	71.6	31.23	551.24	26.684	30.29	0	101.1	5060.7	110205
143	"11:27:54"	1284.0	0	3	20	0.649	551.0	26.68	0.0469	991	82.36	-506.07	62.25	25.50	0.11487	0.00049014	0	0	0	991	71.6	31.23	551.49	26.687	30.29	0	101.1	5060.7	110205
144	"11:27:56"	1286.0	0	3	20	0.574	551.2	26.68	0.04145	991	82.34	-506.07	62.24	25.50	0.10145	0.00056275	0	0	0	991	71.6	31.23	551.61	26.680	30.29	0	101.1	5060.7	110205
145	"11:27:58"	1288.0	0	3	20	0.566	551.4	26.68	0.04092	991	82.38	-506.09	62.28	25.50	0.09976	0.001263	0	0	0	991	71.6	31.24	552.12	26.702	30.29	0	101.1	5060.9	110205
146	"11:28:00"	1290.0	0	3	20	0.682	551.7	26.68	0.04927	991	82.31	-506.08	62.24	25.50	0.11977	0.002149	0	0	0	991	71.6	31.24	552.13	26.684	30.30	0	101.1	5060.8	110205
147	"11:28:02"	1292.0	0	3	20	0.709	551.9	26.69	0.05119	991	82.42	-506.08	62.29	25.49	0.12492	0.001347	0	0	0	991	71.6	31.24	552.36	26.702	30.29	0	101.1	5060.8	110205
148	"11:28:04"	1294.0	0	3	20	0.542	552.1	26.69	0.03916	991	82.46	-506.08	62.29	25.49	0.095366	0.0013837	0	0	0	991	71.6	31.24	552.41	26.702	30.29	0	101.1	5060.8	110205
149	"11:28:06"	1296.0	0	3	20	0.538	552.3	26.69	0.03889	991	82.40	-506.08	62.31	25.50	0.094661	0.0014569	0	0	0	991	71.6	31.24	552.72	26.713	30.30	0	101.1	5060.8	110205
150	"11:28:08"	1298.0	0	3	20	0.427	552.5	26.70	0.03082	991	82.27	-506.07	62.31	25.53	0.073887	0.0031671	0	0	0	991	71.6	31.24	552.94	26.710	30.29	0	101.1	5060.7	110205
151	"11:28:10"	1300.0	0	3	20	0.615	552.6	26.70	0.0444	991	82.38	-506.06	62.36	25.52	0.10699	0.0036005	0	0	0	991	71.6	31.24	553.37	26.734	30.30	0	101.1	5060.6	110205
152	"11:28:12"	1302.0	0	3	20	0.777	552.9	26.71	0.0561	991	82.43	-506.07	62.28	25.49	0.13572	0.0035738	0	0	0	991	71.6	31.24	553.56	26.700	30.30	0	101.1	5060.7	110205
153	"11:28:14"	1304.0	0	4	200	0.625	550.0	26.71	0.04515	991	82.43	-506.08	62.27	25.49	0.12477	0.0013601	5.9081E-05	0.01266	0	991	71.6	31.23	553.62	26.702	30.30	0	101.1	5060.8	110205
