"OPEN 5.3.2"
"Fri May 31 2019 12:02:27"
"Unit="	"PSC-895"
"ComputeList="	"/User/Configs/Comps/Soil Efflux Eqns.LPL"
"BLCTable="	"/Sys/Lib/StdBLCTable"
"LightSource="	"Sun+Sky"	1	0.19
"LogFormat="	"/User/Configs/LogFormats/Soil Efflux Log Fmt"
"LogCodes="	-35	-21	-36	-104	310	311	320	302	303	306	304	321	322	323	324	300	301	330	331	305	307	308	-8	-2	-5	-9	-13	-11	-61	-23
"PromptList="	"/User/Configs/Prompts/Soil Efflux Prompts"
"Stability= (CO2S 15s SLP<1)(H2OS 15s SLP<1)(Flow 15s SLP<1)"
"12:02:28 "
$STARTOFDATA$
"Obs"	"HHMMSS"	"FTime"	"Plot#"	"Mode"	"Smpls"	"EFFLUX"	"C2avg"	"Wavg"	"dc'/dt"	"Vtot"	"RHcmbr%"	"Tsoil_C"	"RHirga%"	"Tsch_C"	"dC/dt"	"dW/dt"	"R(C)m"	"R(C)b"	"InsDpth"	"Vbase"	"Area"	"TBlk"	"CO2S"	"H2OS"	"Tair"	"PARo"	"Press"	"uc_21_mV"	"Status"
1	"12:08:52"	401.5	0	3	8	0.98	510.2	23.86	0.07078	991	69.83	-506.05	62.21	26.44	0.16932	0.0089732	0	0	0	991	71.6	28.47	510.50	23.883	28.41	0	101.3	5060.5	110205
2	"12:08:54"	403.5	0	3	12	0.766	510.3	23.88	0.05537	991	69.89	-506.07	62.27	26.44	0.12952	0.012616	0	0	0	991	71.6	28.47	510.52	23.901	28.41	0	101.3	5060.7	110205
3	"12:08:56"	405.5	0	3	16	0.638	510.4	23.89	0.04613	991	69.95	-506.06	62.33	26.44	0.10857	0.0092149	0	0	0	991	71.6	28.47	510.79	23.926	28.41	0	101.3	5060.6	110205
4	"12:08:58"	407.5	0	3	20	0.51	510.4	23.89	0.03686	991	69.94	-506.05	62.34	26.45	0.085882	0.0090712	0	0	0	991	71.6	28.47	510.88	23.928	28.41	0	101.3	5060.5	110205
5	"12:09:00"	409.5	0	3	20	0.485	510.7	23.91	0.03504	991	70.06	-506.06	62.44	26.44	0.081562	0.0087437	0	0	0	991	71.6	28.47	511.49	23.966	28.41	0	101.3	5060.6	110205
6	"12:09:02"	411.5	0	3	20	0.65	510.9	23.93	0.04697	991	70.04	-506.06	62.44	26.45	0.11097	0.0086211	0	0	0	991	71.6	28.47	511.16	23.966	28.41	0	101.3	5060.6	110205
7	"12:09:04"	413.5	0	3	20	0.599	511.0	23.95	0.04325	991	70.22	-506.07	62.57	26.44	0.10111	0.0099716	0	0	0	991	71.6	28.47	511.63	24.019	28.41	0	101.3	5060.7	110205
8	"12:09:06"	415.5	0	3	20	0.669	511.3	23.97	0.0483	991	70.13	-506.05	62.54	26.45	0.11289	0.011167	0	0	0	991	71.6	28.47	511.73	24.002	28.41	0	101.3	5060.5	110205
9	"12:09:08"	417.5	0	3	20	0.551	511.5	23.99	0.03981	991	70.17	-506.07	62.61	26.47	0.0925	0.010235	0	0	0	991	71.6	28.47	512.00	24.034	28.41	0	101.3	5060.7	110205
10	"12:09:10"	419.5	0	3	20	0.554	511.7	24.01	0.04001	991	70.22	-506.05	62.67	26.47	0.093261	0.0097443	0	0	0	991	71.6	28.47	512.43	24.055	28.41	0	101.3	5060.5	110205
11	"12:09:12"	421.5	0	3	20	0.712	511.9	24.02	0.05143	991	70.25	-506.06	62.74	26.48	0.12214	0.0082104	0	0	0	991	71.6	28.47	512.61	24.082	28.41	0	101.3	5060.6	110205
12	"12:09:14"	423.5	0	3	20	0.697	512.2	24.05	0.05034	991	70.38	-506.07	62.76	26.45	0.11947	0.0081758	0	0	0	991	71.6	28.47	512.85	24.090	28.41	0	101.3	5060.7	110205
13	"12:09:16"	425.5	0	3	20	0.675	512.3	24.06	0.04879	991	70.39	-506.07	62.77	26.45	0.11462	0.010152	0	0	0	991	71.6	28.47	512.58	24.093	28.41	0	101.3	5060.7	110205
14	"12:09:18"	427.5	0	3	20	0.544	512.5	24.08	0.03929	991	70.48	-506.06	62.87	26.46	0.092217	0.0083525	0	0	0	991	71.6	28.47	513.01	24.129	28.41	0	101.3	5060.6	110205
15	"12:09:20"	429.5	0	3	20	0.446	512.7	24.10	0.03223	991	70.53	-506.06	62.91	26.46	0.074536	0.0089309	0	0	0	991	71.6	28.47	513.08	24.146	28.41	0	101.3	5060.6	110205
16	"12:09:22"	431.5	0	3	20	0.322	512.9	24.11	0.02324	991	70.58	-506.07	62.92	26.45	0.053481	0.0069508	0	0	0	991	71.6	28.47	513.20	24.152	28.41	0	101.3	5060.7	110205
17	"12:09:24"	433.5	0	3	20	0.457	513.0	24.13	0.03301	991	70.69	-506.07	63.01	26.45	0.076835	0.0081952	0	0	0	991	71.6	28.47	513.64	24.182	28.41	0	101.3	5060.7	110205
18	"12:09:26"	435.5	0	3	20	0.602	513.2	24.15	0.04347	991	70.68	-506.07	63.05	26.46	0.10187	0.0095189	0	0	0	991	71.6	28.47	513.63	24.198	28.41	0	101.3	5060.7	110205
19	"12:09:28"	437.5	0	3	20	0.674	513.4	24.17	0.04872	991	70.67	-506.06	63.07	26.46	0.11498	0.009141	0	0	0	991	71.6	28.47	514.04	24.202	28.41	0	101.3	5060.6	110205
20	"12:09:30"	439.5	0	3	20	0.721	513.6	24.18	0.0521	991	70.79	-506.06	63.14	26.46	0.12321	0.0092769	0	0	0	991	71.6	28.47	513.98	24.234	28.41	0	101.3	5060.6	110205
21	"12:09:32"	441.5	0	3	20	0.631	513.8	24.20	0.04559	991	70.85	-506.07	63.17	26.45	0.10738	0.0089068	0	0	0	991	71.6	28.47	514.26	24.244	28.41	0	101.3	5060.7	110205
22	"12:09:34"	443.5	0	3	20	0.538	514.1	24.22	0.03886	991	70.91	-506.07	63.26	26.46	0.091192	0.0082624	0	0	0	991	71.6	28.47	514.66	24.279	28.41	0	101.3	5060.7	110205
23	"12:09:36"	445.5	0	3	20	0.592	514.3	24.24	0.04275	991	70.96	-506.06	63.30	26.46	0.10015	0.0093829	0	0	0	991	71.6	28.47	514.92	24.291	28.41	0	101.3	5060.6	110205
24	"12:09:38"	447.5	0	3	20	0.635	514.4	24.26	0.04585	991	70.95	-506.05	63.33	26.47	0.10734	0.010205	0	0	0	991	71.6	28.47	514.86	24.308	28.41	0	101.3	5060.5	110205
25	"12:09:40"	449.5	0	3	20	0.568	514.6	24.28	0.04102	991	71.02	-506.06	63.42	26.48	0.095279	0.010559	0	0	0	991	71.6	28.47	515.14	24.336	28.41	0	101.3	5060.6	110205
26	"12:09:42"	451.5	0	3	20	0.582	514.8	24.30	0.04203	991	71.03	-506.08	63.42	26.47	0.097725	0.010637	0	0	0	991	71.6	28.47	515.22	24.337	28.41	0	101.3	5060.8	110205
27	"12:09:44"	453.5	0	3	20	0.46	515.0	24.32	0.03325	991	70.99	-506.07	63.45	26.49	0.076814	0.0093725	0	0	0	991	71.6	28.47	515.33	24.348	28.41	0	101.3	5060.7	110205
28	"12:09:46"	455.5	0	3	20	0.382	515.1	24.33	0.02758	991	71.08	-506.07	63.48	26.48	0.063931	0.0073462	0	0	0	991	71.6	28.47	515.36	24.362	28.41	0	101.3	5060.7	110205
29	"12:09:48"	457.5	0	3	20	0.37	515.3	24.35	0.02673	991	71.17	-506.06	63.55	26.48	0.062364	0.0063636	0	0	0	991	71.6	28.47	515.66	24.389	28.41	0	101.3	5060.6	110205
30	"12:09:50"	459.5	0	3	20	0.341	515.4	24.36	0.02466	991	71.14	-506.06	63.56	26.48	0.057063	0.0067417	0	0	0	991	71.6	28.47	515.66	24.390	28.41	0	101.3	5060.6	110205
31	"12:09:52"	461.5	0	3	20	0.512	515.6	24.37	0.03699	991	71.21	-506.06	63.63	26.49	0.08771	0.0061283	0	0	0	991	71.6	28.47	515.99	24.415	28.41	0	101.3	5060.6	110205
32	"12:09:54"	463.5	0	3	20	0.577	515.7	24.39	0.04166	991	71.28	-506.07	63.66	26.48	0.098444	0.0075268	0	0	0	991	71.6	28.47	516.52	24.429	28.41	0	101.3	5060.7	110205
33	"12:09:56"	465.5	0	3	20	0.726	516.0	24.40	0.05244	991	71.31	-506.07	63.73	26.49	0.12518	0.0071047	0	0	0	991	71.6	28.47	516.59	24.452	28.41	0	101.3	5060.7	110205
34	"12:09:58"	467.5	0	3	20	0.731	516.2	24.42	0.0528	991	71.34	-506.06	63.76	26.49	0.12558	0.0080279	0	0	0	991	71.6	28.47	516.89	24.461	28.41	0	101.3	5060.6	110205
35	"12:10:00"	469.5	0	3	20	0.659	516.4	24.43	0.04758	991	71.44	-506.08	63.82	26.48	0.11164	0.010072	0	0	0	991	71.6	28.47	516.94	24.489	28.41	0	101.3	5060.8	110205
36	"12:10:02"	471.5	0	3	20	0.566	516.6	24.45	0.04089	991	71.53	-506.06	63.89	26.48	0.095467	0.0095803	0	0	0	991	71.6	28.46	517.24	24.513	28.41	0	101.3	5060.6	110205
37	"12:10:04"	473.5	0	3	20	0.417	516.8	24.47	0.03011	991	71.55	-506.06	63.92	26.48	0.068955	0.0095526	0	0	0	991	71.6	28.47	517.05	24.524	28.41	0	101.3	5060.6	110205
38	"12:10:06"	475.5	0	3	20	0.494	517.0	24.49	0.03567	991	71.56	-506.05	63.94	26.48	0.083678	0.0075643	0	0	0	991	71.6	28.47	517.56	24.528	28.40	0	101.3	5060.5	110205
39	"12:10:08"	477.5	0	3	20	0.569	517.1	24.50	0.04109	991	71.63	-506.07	63.97	26.47	0.09761	0.0064076	0	0	0	991	71.6	28.47	517.87	24.543	28.41	0	101.3	5060.7	110205
40	"12:10:10"	479.5	0	3	20	0.67	517.4	24.52	0.04841	991	71.60	-506.06	63.97	26.48	0.11582	0.0060143	0	0	0	991	71.6	28.46	517.92	24.543	28.41	0	101.3	5060.6	110205
41	"12:10:12"	481.5	0	3	20	0.661	517.6	24.53	0.04777	991	71.72	-506.06	64.07	26.48	0.11434	0.0058515	0	0	0	991	71.6	28.46	518.05	24.578	28.40	0	101.3	5060.6	110205
42	"12:10:14"	483.5	0	3	20	0.656	517.8	24.54	0.04743	991	71.76	-506.07	64.10	26.48	0.11251	0.0077251	0	0	0	991	71.6	28.46	518.50	24.592	28.40	0	101.3	5060.7	110205
43	"12:10:16"	485.5	0	3	20	0.618	518.0	24.56	0.04468	991	71.70	-506.06	64.12	26.49	0.10567	0.0078887	0	0	0	991	71.6	28.46	518.52	24.597	28.40	0	101.3	5060.6	110205
44	"12:10:18"	487.5	0	3	20	0.532	518.2	24.58	0.03846	991	71.74	-506.07	64.15	26.49	0.090346	0.0079309	0	0	0	991	71.6	28.46	519.02	24.609	28.40	0	101.3	5060.7	110205
45	"12:10:20"	489.5	0	3	20	0.538	518.4	24.59	0.03885	991	71.82	-506.05	64.22	26.49	0.091436	0.0076978	0	0	0	991	71.6	28.46	518.96	24.634	28.40	0	101.3	5060.5	110205
46	"12:10:22"	491.5	0	3	20	0.503	518.6	24.61	0.03632	991	71.93	-506.06	64.28	26.48	0.08516	0.0077611	0	0	0	991	71.6	28.46	518.95	24.659	28.40	0	101.3	5060.6	110205
47	"12:10:24"	493.5	0	3	20	0.485	518.8	24.62	0.03506	991	72.00	-506.06	64.27	26.46	0.081715	0.0084006	0	0	0	991	71.6	28.46	519.31	24.652	28.40	0	101.3	5060.6	110205
48	"12:10:26"	495.5	0	3	20	0.611	519.0	24.64	0.04411	991	72.05	-506.07	64.35	26.47	0.1043	0.0077884	0	0	0	991	71.6	28.46	519.45	24.682	28.40	0	101.3	5060.7	110205
49	"12:10:28"	497.5	0	3	20	0.548	519.1	24.65	0.03959	991	72.12	-506.07	64.39	26.46	0.093405	0.007368	0	0	0	991	71.6	28.46	519.65	24.698	28.40	0	101.3	5060.7	110205
50	"12:10:30"	499.5	0	3	20	0.464	519.3	24.67	0.03349	991	72.11	-506.07	64.39	26.47	0.078931	0.0064034	0	0	0	991	71.6	28.46	519.81	24.699	28.40	0	101.3	5060.7	110205
51	"12:10:32"	501.5	0	4	200	0.444	530.0	24.68	0.03205	991	72.16	-506.07	64.47	26.48	0.095261	0.0060305	-0.00062763	0.36469	0	991	71.6	28.46	520.19	24.729	28.40	0	101.3	5060.7	110205
52	"12:15:16"	785.0	0	3	8	0.162	510.4	25.99	0.01173	991	76.00	-506.06	68.11	26.45	0.025779	0.0058227	0	0	0	991	71.6	28.37	510.49	26.003	28.32	0	101.3	5060.6	110205
53	"12:15:18"	787.0	0	3	12	0.453	510.5	26.00	0.03271	991	76.02	-506.06	68.15	26.45	0.077175	0.0061916	0	0	0	991	71.6	28.37	510.59	26.018	28.32	0	101.3	5060.6	110205
54	"12:15:20"	789.0	0	3	16	0.435	510.5	26.00	0.03145	991	76.01	-506.06	68.16	26.46	0.074608	0.0051987	0	0	0	991	71.6	28.37	510.94	26.019	28.32	0	101.3	5060.6	110205
55	"12:15:22"	791.0	0	3	20	0.561	510.6	26.01	0.04056	991	76.01	-506.06	68.20	26.47	0.096816	0.005554	0	0	0	991	71.6	28.37	511.19	26.035	28.32	0	101.3	5060.6	110205
56	"12:15:24"	793.0	0	3	20	0.579	510.8	26.02	0.04183	991	76.04	-506.05	68.21	26.46	0.10011	0.0052247	0	0	0	991	71.6	28.37	511.23	26.036	28.32	0	101.3	5060.5	110205
57	"12:15:26"	795.0	0	3	20	0.501	511.0	26.03	0.03616	991	76.02	-506.07	68.23	26.47	0.08665	0.0043326	0	0	0	991	71.6	28.37	511.60	26.045	28.32	0	101.3	5060.7	110205
58	"12:15:28"	797.0	0	3	20	0.616	511.2	26.03	0.04451	991	76.03	-506.06	68.24	26.47	0.10707	0.0045255	0	0	0	991	71.6	28.37	511.66	26.046	28.32	0	101.3	5060.6	110205
59	"12:15:30"	799.0	0	3	20	0.602	511.4	26.04	0.04349	991	76.07	-506.07	68.27	26.47	0.10559	0.0025672	0	0	0	991	71.6	28.37	512.17	26.060	28.32	0	101.3	5060.7	110205
60	"12:15:32"	801.0	0	3	20	0.647	511.6	26.05	0.04672	991	76.16	-506.06	68.32	26.46	0.11333	0.0029458	0	0	0	991	71.6	28.37	512.02	26.075	28.31	0	101.3	5060.6	110205
61	"12:15:34"	803.0	0	3	20	0.594	511.8	26.06	0.04295	991	76.19	-506.06	68.32	26.45	0.1034	0.0041666	0	0	0	991	71.6	28.37	512.24	26.078	28.31	0	101.3	5060.6	110205
62	"12:15:36"	805.0	0	3	20	0.482	512.0	26.06	0.03484	991	76.21	-506.05	68.36	26.46	0.08321	0.0046563	0	0	0	991	71.6	28.37	512.62	26.089	28.31	0	101.3	5060.5	110205
63	"12:15:38"	807.0	0	3	20	0.658	512.3	26.07	0.04751	991	76.15	-506.08	68.33	26.46	0.11355	0.0061893	0	0	0	991	71.6	28.37	512.80	26.077	28.31	0	101.3	5060.8	110205
64	"12:15:40"	809.0	0	3	20	0.657	512.5	26.08	0.04748	991	76.22	-506.07	68.42	26.47	0.11452	0.0042122	0	0	0	991	71.6	28.37	512.68	26.113	28.31	0	101.3	5060.7	110205
65	"12:15:42"	811.0	0	3	20	0.564	512.6	26.09	0.04078	991	76.26	-506.07	68.45	26.47	0.098453	0.0034517	0	0	0	991	71.6	28.37	513.10	26.123	28.31	0	101.3	5060.7	110205
66	"12:15:44"	813.0	0	3	20	0.504	512.8	26.10	0.03644	991	76.32	-506.06	68.45	26.45	0.087717	0.0035639	0	0	0	991	71.6	28.37	513.48	26.121	28.31	0	101.3	5060.6	110205
67	"12:15:46"	815.0	0	3	20	0.606	513.1	26.11	0.04378	991	76.36	-506.07	68.50	26.46	0.10553	0.003996	0	0	0	991	71.6	28.37	513.33	26.139	28.31	0	101.3	5060.7	110205
68	"12:15:48"	817.0	0	3	20	0.648	513.2	26.12	0.04679	991	76.31	-506.06	68.51	26.47	0.11239	0.0050337	0	0	0	991	71.6	28.37	513.83	26.139	28.31	0	101.3	5060.6	110205
69	"12:15:50"	819.0	0	3	20	0.633	513.4	26.12	0.04574	991	76.38	-506.06	68.51	26.45	0.11046	0.0037857	0	0	0	991	71.6	28.37	514.01	26.140	28.31	0	101.3	5060.6	110205
70	"12:15:52"	821.0	0	3	20	0.577	513.7	26.13	0.04171	991	76.46	-506.06	68.56	26.45	0.10043	0.0040042	0	0	0	991	71.6	28.37	514.15	26.159	28.31	0	101.3	5060.6	110205
71	"12:15:54"	823.0	0	3	20	0.45	513.9	26.14	0.03253	991	76.45	-506.05	68.54	26.45	0.078226	0.003335	0	0	0	991	71.6	28.37	514.47	26.152	28.31	0	101.3	5060.5	110205
72	"12:15:56"	825.0	0	3	20	0.671	514.0	26.15	0.04851	991	76.53	-506.06	68.58	26.43	0.1176	0.0031288	0	0	0	991	71.6	28.37	514.52	26.163	28.31	0	101.3	5060.6	110205
73	"12:15:58"	827.0	0	3	20	0.598	514.3	26.15	0.04324	991	76.45	-506.07	68.56	26.45	0.10433	0.0037545	0	0	0	991	71.6	28.36	514.89	26.156	28.31	0	101.3	5060.7	110205
74	"12:16:00"	829.0	0	3	20	0.647	514.5	26.16	0.04674	991	76.53	-506.06	68.60	26.44	0.11349	0.0027081	0	0	0	991	71.6	28.36	515.04	26.171	28.31	0	101.3	5060.6	110205
75	"12:16:02"	831.0	0	3	20	0.68	514.7	26.17	0.04912	991	76.61	-506.07	68.69	26.44	0.11873	0.0038305	0	0	0	991	71.6	28.36	515.50	26.206	28.31	0	101.3	5060.7	110205
76	"12:16:04"	833.0	0	3	20	0.635	515.0	26.18	0.04585	991	76.54	-506.08	68.68	26.46	0.11013	0.0048981	0	0	0	991	71.6	28.36	515.41	26.202	28.31	0	101.3	5060.8	110205
77	"12:16:06"	835.0	0	3	20	0.631	515.2	26.19	0.04562	991	76.68	-506.05	68.82	26.46	0.10902	0.0059292	0	0	0	991	71.6	28.36	515.62	26.250	28.30	0	101.3	5060.5	110205
78	"12:16:08"	837.0	0	3	20	0.526	515.4	26.20	0.03798	991	76.63	-506.06	68.78	26.46	0.089127	0.0080419	0	0	0	991	71.6	28.36	515.86	26.237	28.30	0	101.3	5060.6	110205
79	"12:16:10"	839.0	0	3	20	0.584	515.6	26.21	0.04218	991	76.65	-506.07	68.83	26.47	0.10013	0.0067402	0	0	0	991	71.6	28.36	516.33	26.257	28.30	0	101.3	5060.7	110205
80	"12:16:12"	841.0	0	3	20	0.633	515.8	26.23	0.04576	991	76.62	-506.06	68.76	26.46	0.10979	0.0051275	0	0	0	991	71.6	28.36	516.28	26.229	28.31	0	101.3	5060.6	110205
81	"12:16:14"	843.0	0	3	20	0.632	516.0	26.23	0.04563	991	76.64	-506.06	68.77	26.45	0.11097	0.0023072	0	0	0	991	71.6	28.36	516.46	26.234	28.30	0	101.3	5060.6	110205
82	"12:16:16"	845.0	0	3	20	0.589	516.2	26.24	0.04254	991	76.70	-506.06	68.83	26.45	0.10476	-0.00030971	0	0	0	991	71.6	28.36	516.69	26.254	28.30	0	101.3	5060.6	110205
83	"12:16:18"	847.0	0	3	20	0.552	516.4	26.24	0.0399	991	76.70	-506.07	68.85	26.46	0.096956	0.002156	0	0	0	991	71.6	28.36	516.91	26.264	28.30	0	101.3	5060.7	110205
84	"12:16:20"	849.0	0	3	20	0.561	516.6	26.25	0.0405	991	76.71	-506.07	68.90	26.47	0.097676	0.003596	0	0	0	991	71.6	28.36	517.22	26.282	28.30	0	101.3	5060.7	110205
85	"12:16:22"	851.0	0	3	20	0.671	516.8	26.26	0.04849	991	76.74	-506.06	68.87	26.46	0.11575	0.0065238	0	0	0	991	71.6	28.36	517.39	26.269	28.30	0	101.3	5060.6	110205
86	"12:16:24"	853.0	0	3	20	0.626	517.0	26.27	0.04525	991	76.88	-506.06	68.95	26.44	0.10837	0.0054268	0	0	0	991	71.6	28.36	517.33	26.298	28.30	0	101.3	5060.6	110205
87	"12:16:26"	855.0	0	3	20	0.512	517.2	26.28	0.03701	991	76.79	-506.07	68.93	26.46	0.088895	0.0039365	0	0	0	991	71.6	28.36	517.81	26.292	28.30	0	101.3	5060.7	110205
88	"12:16:28"	857.0	0	3	20	0.47	517.4	26.28	0.03397	991	76.90	-506.07	68.96	26.44	0.081792	0.0032566	0	0	0	991	71.6	28.36	517.74	26.302	28.30	0	101.3	5060.7	110205
89	"12:16:30"	859.0	0	3	20	0.466	517.6	26.29	0.03365	991	76.81	-506.07	68.95	26.46	0.081398	0.0025318	0	0	0	991	71.6	28.36	518.17	26.297	28.30	0	101.3	5060.7	110205
90	"12:16:32"	861.0	0	3	20	0.52	517.8	26.30	0.03755	991	76.93	-506.07	69.04	26.45	0.090582	0.0032714	0	0	0	991	71.6	28.36	518.32	26.328	28.30	0	101.3	5060.7	110205
91	"12:16:34"	863.0	0	3	20	0.652	518.0	26.31	0.04709	991	76.90	-506.07	69.06	26.46	0.1132	0.0048321	0	0	0	991	71.6	28.36	518.74	26.338	28.30	0	101.3	5060.7	110205
92	"12:16:36"	865.0	0	3	20	0.763	518.2	26.31	0.05515	991	76.87	-506.06	69.02	26.46	0.13287	0.0051017	0	0	0	991	71.6	28.36	518.72	26.325	28.30	0	101.3	5060.6	110205
93	"12:16:38"	867.0	0	3	20	0.705	518.4	26.32	0.05091	991	76.99	-506.07	69.11	26.46	0.12291	0.0042625	0	0	0	991	71.6	28.36	519.04	26.354	28.30	0	101.3	5060.7	110205
94	"12:16:40"	869.0	0	3	20	0.579	518.7	26.33	0.04182	991	77.08	-506.07	69.11	26.44	0.10079	0.0037841	0	0	0	991	71.6	28.36	519.10	26.355	28.30	0	101.3	5060.7	110205
95	"12:16:42"	871.0	0	3	20	0.443	518.8	26.34	0.03202	991	77.04	-506.08	69.11	26.44	0.077791	0.0017605	0	0	0	991	71.6	28.36	519.02	26.353	28.30	0	101.3	5060.8	110205
96	"12:16:44"	873.0	0	3	20	0.452	519.1	26.34	0.03269	991	77.09	-506.06	69.15	26.44	0.078292	0.0038804	0	0	0	991	71.6	28.36	519.76	26.368	28.30	0	101.3	5060.6	110205
97	"12:16:46"	875.0	0	3	20	0.689	519.2	26.35	0.04977	991	77.11	-506.07	69.16	26.44	0.11974	0.0049205	0	0	0	991	71.6	28.36	519.81	26.369	28.30	0	101.3	5060.7	110205
98	"12:16:48"	877.0	0	3	20	0.721	519.5	26.36	0.05206	991	77.12	-506.04	69.18	26.44	0.1257	0.0043039	0	0	0	991	71.6	28.36	520.05	26.379	28.30	0	101.3	5060.4	110205
99	"12:16:50"	879.0	0	3	20	0.683	519.7	26.37	0.04933	991	77.21	-506.06	69.22	26.43	0.11833	0.0055141	0	0	0	991	71.6	28.36	520.13	26.395	28.30	0	101.3	5060.6	110205
100	"12:16:52"	881.0	0	3	20	0.647	519.9	26.38	0.04673	991	77.21	-506.06	69.23	26.44	0.11283	0.0038241	0	0	0	991	71.6	28.35	520.35	26.398	28.30	0	101.3	5060.6	110205
101	"12:16:54"	883.0	0	3	20	0.519	520.1	26.39	0.03753	991	77.24	-506.06	69.26	26.44	0.09091	0.0025542	0	0	0	991	71.6	28.35	520.82	26.409	28.30	0	101.3	5060.6	110205
102	"12:16:56"	885.0	0	4	200	0.703	530.0	26.39	0.05078	991	77.17	-506.06	69.25	26.45	0.11958	0.0032395	0.00057699	-0.25502	0	991	71.6	28.35	520.86	26.401	28.30	0	101.3	5060.6	110205
103	"12:21:31"	1160.5	0	3	8	0.914	510.4	27.00	0.06607	991	79.18	-506.06	71.18	26.40	0.15915	0.0062172	0	0	0	991	71.6	28.28	510.45	27.018	28.22	0	101.3	5060.6	110205
104	"12:21:33"	1162.5	0	3	12	0.714	510.5	27.00	0.05161	991	79.21	-506.05	71.18	26.39	0.12422	0.0050521	0	0	0	991	71.6	28.28	510.62	27.014	28.22	0	101.3	5060.5	110205
105	"12:21:35"	1164.5	0	3	16	0.592	510.5	27.01	0.04279	991	79.19	-506.06	71.18	26.40	0.10304	0.004068	0	0	0	991	71.6	28.28	511.06	27.017	28.22	0	101.3	5060.6	110205
106	"12:21:37"	1166.5	0	3	20	0.618	510.7	27.01	0.04467	991	79.26	-506.06	71.20	26.39	0.10828	0.0029093	0	0	0	991	71.6	28.28	511.10	27.026	28.22	0	101.3	5060.6	110205
107	"12:21:39"	1168.5	0	3	20	0.655	510.9	27.02	0.04734	991	79.26	-506.07	71.21	26.40	0.11501	0.0026016	0	0	0	991	71.6	28.28	511.68	27.033	28.22	0	101.3	5060.7	110205
108	"12:21:41"	1170.5	0	3	20	0.778	511.1	27.02	0.05624	991	79.27	-506.07	71.23	26.39	0.13694	0.0024788	0	0	0	991	71.6	28.28	511.71	27.036	28.22	0	101.3	5060.7	110205
109	"12:21:43"	1172.5	0	3	20	0.765	511.4	27.03	0.0553	991	79.24	-506.07	71.20	26.40	0.13427	0.0031283	0	0	0	991	71.6	28.28	511.85	27.026	28.22	0	101.3	5060.7	110205
110	"12:21:45"	1174.5	0	3	20	0.6	511.6	27.03	0.04335	991	79.26	-506.07	71.25	26.40	0.1045	0.0039119	0	0	0	991	71.6	28.28	512.24	27.043	28.22	0	101.3	5060.7	110205
111	"12:21:47"	1176.5	0	3	20	0.542	511.8	27.04	0.03915	991	79.34	-506.08	71.27	26.39	0.095106	0.0021536	0	0	0	991	71.6	28.28	512.01	27.054	28.22	0	101.3	5060.8	110205
112	"12:21:49"	1178.5	0	3	20	0.525	512.0	27.04	0.03794	991	79.29	-506.08	71.24	26.39	0.092422	0.0015863	0	0	0	991	71.6	28.28	512.67	27.042	28.22	0	101.3	5060.8	110205
113	"12:21:51"	1180.5	0	3	20	0.596	512.2	27.05	0.04305	991	79.27	-506.07	71.26	26.40	0.10574	0.00016372	0	0	0	991	71.6	28.28	512.75	27.048	28.22	0	101.3	5060.7	110205
114	"12:21:53"	1182.5	0	3	20	0.63	512.4	27.05	0.04553	991	79.29	-506.06	71.28	26.40	0.11113	0.0015002	0	0	0	991	71.6	28.28	512.94	27.055	28.22	0	101.3	5060.6	110205
115	"12:21:55"	1184.5	0	3	20	0.665	512.7	27.05	0.04802	991	79.39	-506.07	71.34	26.39	0.11624	0.0034077	0	0	0	991	71.6	28.28	513.37	27.078	28.22	0	101.3	5060.7	110205
116	"12:21:57"	1186.5	0	3	20	0.723	512.9	27.06	0.05226	991	79.38	-506.08	71.36	26.40	0.12643	0.0038375	0	0	0	991	71.6	28.28	513.56	27.087	28.22	0	101.3	5060.8	110205
117	"12:21:59"	1188.5	0	3	20	0.723	513.1	27.07	0.05223	991	79.39	-506.06	71.35	26.40	0.12591	0.0047228	0	0	0	991	71.6	28.28	513.69	27.080	28.22	0	101.3	5060.6	110205
118	"12:22:01"	1190.5	0	3	20	0.685	513.3	27.08	0.04949	991	79.44	-506.06	71.36	26.39	0.11961	0.0038409	0	0	0	991	71.6	28.28	513.94	27.088	28.22	0	101.3	5060.6	110205
119	"12:22:03"	1192.5	0	3	20	0.646	513.6	27.08	0.04667	991	79.50	-506.07	71.45	26.40	0.11262	0.0039905	0	0	0	991	71.6	28.28	514.17	27.120	28.22	0	101.3	5060.7	110205
120	"12:22:05"	1194.5	0	3	20	0.643	513.8	27.09	0.04648	991	79.48	-506.07	71.44	26.40	0.11182	0.0045777	0	0	0	991	71.6	28.28	514.20	27.115	28.22	0	101.3	5060.7	110205
121	"12:22:07"	1196.5	0	3	20	0.546	514.0	27.10	0.03942	991	79.44	-506.06	71.45	26.41	0.094676	0.0042284	0	0	0	991	71.6	28.28	514.58	27.119	28.22	0	101.3	5060.6	110205
122	"12:22:09"	1198.5	0	3	20	0.514	514.2	27.11	0.03717	991	79.43	-506.06	71.41	26.40	0.089428	0.003654	0	0	0	991	71.6	28.28	514.60	27.100	28.22	0	101.3	5060.6	110205
123	"12:22:11"	1200.5	0	3	20	0.43	514.4	27.11	0.03103	991	79.50	-506.06	71.45	26.40	0.075167	0.002107	0	0	0	991	71.6	28.28	514.64	27.119	28.22	0	101.3	5060.6	110205
124	"12:22:13"	1202.5	0	3	20	0.434	514.5	27.12	0.03132	991	79.55	-506.07	71.45	26.39	0.076268	0.0013756	0	0	0	991	71.6	28.28	515.03	27.119	28.22	0	101.3	5060.7	110205
125	"12:22:15"	1204.5	0	3	20	0.647	514.7	27.12	0.04671	991	79.47	-506.06	71.43	26.40	0.11447	0.00066877	0	0	0	991	71.6	28.28	515.18	27.113	28.22	0	101.3	5060.6	110205
126	"12:22:17"	1206.5	0	3	20	0.633	514.9	27.12	0.04571	991	79.55	-506.06	71.53	26.40	0.11195	0.00080803	0	0	0	991	71.6	28.28	515.56	27.147	28.22	0	101.3	5060.6	110205
127	"12:22:19"	1208.5	0	3	20	0.742	515.2	27.13	0.05363	991	79.58	-506.06	71.51	26.39	0.13047	0.0025554	0	0	0	991	71.6	28.28	515.76	27.142	28.22	0	101.3	5060.6	110205
128	"12:22:21"	1210.5	0	3	20	0.795	515.4	27.13	0.05743	991	79.65	-506.05	71.52	26.38	0.1392	0.0037306	0	0	0	991	71.6	28.28	516.02	27.146	28.22	0	101.3	5060.5	110205
129	"12:22:23"	1212.5	0	3	20	0.748	515.7	27.14	0.05408	991	79.60	-506.07	71.53	26.40	0.13076	0.0040894	0	0	0	991	71.6	28.28	516.22	27.150	28.22	0	101.3	5060.7	110205
130	"12:22:25"	1214.5	0	3	20	0.702	515.9	27.14	0.05072	991	79.65	-506.06	71.58	26.39	0.12266	0.0037841	0	0	0	991	71.6	28.28	516.22	27.166	28.22	0	101.3	5060.6	110205
131	"12:22:27"	1216.5	0	3	20	0.564	516.1	27.15	0.04075	991	79.59	-506.08	71.55	26.40	0.099191	0.0018524	0	0	0	991	71.6	28.28	516.77	27.157	28.22	0	101.3	5060.8	110205
132	"12:22:29"	1218.5	0	3	20	0.485	516.3	27.16	0.03501	991	79.70	-506.05	71.59	26.39	0.085095	0.0018325	0	0	0	991	71.6	28.28	516.62	27.172	28.22	0	101.3	5060.5	110205
133	"12:22:31"	1220.5	0	3	20	0.428	516.5	27.16	0.03096	991	79.63	-506.06	71.57	26.40	0.075034	0.002003	0	0	0	991	71.6	28.28	516.87	27.164	28.22	0	101.3	5060.6	110205
134	"12:22:33"	1222.5	0	3	20	0.569	516.7	27.16	0.04114	991	79.59	-506.09	71.55	26.40	0.10092	0.00039105	0	0	0	991	71.6	28.28	517.15	27.158	28.22	0	101.3	5060.9	110205
135	"12:22:35"	1224.5	0	3	20	0.597	516.9	27.16	0.04313	991	79.70	-506.07	71.64	26.40	0.10558	0.00080843	0	0	0	991	71.6	28.28	517.48	27.192	28.22	0	101.3	5060.7	110205
136	"12:22:37"	1226.5	0	3	20	0.641	517.1	27.17	0.04634	991	79.67	-506.07	71.64	26.40	0.11223	0.0031512	0	0	0	991	71.6	28.28	517.53	27.187	28.22	0	101.3	5060.7	110205
137	"12:22:39"	1228.5	0	3	20	0.73	517.3	27.18	0.05272	991	79.70	-506.07	71.67	26.40	0.12712	0.0046776	0	0	0	991	71.6	28.28	517.67	27.199	28.22	0	101.3	5060.7	110205
138	"12:22:41"	1230.5	0	3	20	0.57	517.5	27.18	0.04116	991	79.74	-506.06	71.65	26.39	0.09866	0.0047465	0	0	0	991	71.6	28.27	518.06	27.191	28.22	0	101.3	5060.6	110205
139	"12:22:43"	1232.5	0	3	20	0.62	517.7	27.19	0.04476	991	79.77	-506.06	71.65	26.38	0.1084	0.0030519	0	0	0	991	71.6	28.28	518.38	27.189	28.21	0	101.3	5060.6	110205
140	"12:22:45"	1234.5	0	3	20	0.576	517.9	27.19	0.04161	991	79.72	-506.08	71.65	26.40	0.10226	3.3601E-05	0	0	0	991	71.6	28.28	518.26	27.192	28.22	0	101.3	5060.8	110205
141	"12:22:47"	1236.5	0	3	20	0.505	518.1	27.19	0.03647	991	79.69	-506.05	71.68	26.41	0.089438	0.00041044	0	0	0	991	71.6	28.27	518.80	27.197	28.21	0	101.3	5060.5	110205
142	"12:22:49"	1238.5	0	3	20	0.564	518.3	27.20	0.04073	991	79.78	-506.07	71.72	26.39	0.099552	0.0010428	0	0	0	991	71.6	28.27	518.63	27.211	28.21	0	101.3	5060.7	110205
143	"12:22:51"	1240.5	0	3	20	0.506	518.5	27.20	0.03656	991	79.83	-506.07	71.74	26.39	0.088784	0.002037	0	0	0	991	71.6	28.27	519.10	27.216	28.21	0	101.3	5060.7	110205
144	"12:22:53"	1242.5	0	3	20	0.574	518.7	27.20	0.04145	991	79.85	-506.07	71.76	26.39	0.10039	0.0027807	0	0	0	991	71.6	28.27	519.40	27.226	28.21	0	101.3	5060.7	110205
145	"12:22:55"	1244.5	0	3	20	0.786	518.9	27.21	0.05681	991	79.79	-506.06	71.70	26.39	0.13782	0.0034155	0	0	0	991	71.6	28.27	519.56	27.205	28.21	0	101.3	5060.6	110205
146	"12:22:57"	1246.5	0	3	20	0.676	519.2	27.21	0.04881	991	79.81	-506.06	71.76	26.39	0.1192	0.0014784	0	0	0	991	71.6	28.27	519.80	27.223	28.21	0	101.3	5060.6	110205
147	"12:22:59"	1248.5	0	3	20	0.605	519.4	27.22	0.04368	991	79.83	-506.07	71.78	26.40	0.10662	0.0013814	0	0	0	991	71.6	28.27	519.76	27.230	28.21	0	101.3	5060.7	110205
148	"12:23:01"	1250.5	0	3	20	0.453	519.6	27.22	0.03271	991	79.85	-506.05	71.79	26.39	0.079399	0.0018725	0	0	0	991	71.6	28.27	520.43	27.232	28.21	0	101.3	5060.5	110205
149	"12:23:03"	1252.5	0	3	20	0.497	519.8	27.22	0.03591	991	79.85	-506.07	71.78	26.39	0.087529	0.001365	0	0	0	991	71.6	28.27	520.47	27.225	28.21	0	101.3	5060.7	110205
150	"12:23:05"	1254.5	0	3	20	0.643	520.0	27.22	0.04647	991	79.93	-506.07	71.79	26.38	0.11316	0.0019937	0	0	0	991	71.6	28.27	520.48	27.230	28.21	0	101.3	5060.7	110205
151	"12:23:07"	1256.5	0	3	20	0.667	520.2	27.23	0.04817	991	79.93	-506.07	71.82	26.38	0.11789	0.00095048	0	0	0	991	71.6	28.26	520.84	27.239	28.21	0	101.3	5060.7	110205
152	"12:23:09"	1258.5	0	3	20	0.702	520.4	27.24	0.05069	991	79.99	-506.06	71.84	26.37	0.12346	0.002078	0	0	0	991	71.6	28.26	520.99	27.244	28.21	0	101.3	5060.6	110205
153	"12:23:11"	1260.5	0	4	200	0.524	530.0	27.24	0.03789	991	79.92	-506.08	71.92	26.40	0.096428	0.0025322	-0.00042719	0.2643	0	991	71.6	28.26	521.08	27.271	28.20	0	101.3	5060.8	110205
154	"12:27:47"	1536.0	0	3	8	0.0538	510.1	27.55	0.003886	991	81.15	-506.06	72.99	26.31	0.0099102	-0.00068587	0	0	0	991	71.6	28.18	510.17	27.546	28.12	0	101.3	5060.6	110205
155	"12:27:49"	1538.0	0	3	12	0.369	510.2	27.55	0.02663	991	81.12	-506.06	72.99	26.32	0.066129	-0.001299	0	0	0	991	71.6	28.18	510.80	27.548	28.12	0	101.3	5060.6	110205
156	"12:27:51"	1540.0	0	3	16	0.64	510.3	27.55	0.04625	991	81.18	-506.05	73.02	26.31	0.1138	-0.00026553	0	0	0	991	71.6	28.18	510.81	27.555	28.12	0	101.3	5060.5	110205
157	"12:27:53"	1542.0	0	3	20	0.654	510.5	27.55	0.04725	991	81.19	-506.07	73.07	26.32	0.11552	0.0011298	0	0	0	991	71.6	28.18	511.29	27.577	28.12	0	101.3	5060.7	110205
158	"12:27:55"	1544.0	0	3	20	0.82	510.7	27.55	0.05927	991	81.19	-506.06	73.02	26.31	0.14462	0.0019678	0	0	0	991	71.6	28.18	511.20	27.557	28.12	0	101.3	5060.6	110205
159	"12:27:57"	1546.0	0	3	20	0.713	510.9	27.55	0.05154	991	81.20	-506.08	72.99	26.30	0.12541	0.002374	0	0	0	991	71.6	28.18	511.62	27.547	28.12	0	101.3	5060.8	110205
160	"12:27:59"	1548.0	0	3	20	0.551	511.1	27.56	0.03979	991	81.16	-506.08	73.02	26.32	0.097534	0.00047795	0	0	0	991	71.6	28.18	511.80	27.554	28.12	0	101.3	5060.8	110205
161	"12:28:01"	1550.0	0	3	20	0.528	511.3	27.56	0.03814	991	81.22	-506.06	73.04	26.31	0.093939	-0.00038806	0	0	0	991	71.6	28.18	512.08	27.561	28.12	0	101.3	5060.6	110205
162	"12:28:03"	1552.0	0	3	20	0.565	511.6	27.56	0.04086	991	81.24	-506.07	73.11	26.32	0.10017	0.0004488	0	0	0	991	71.6	28.18	512.38	27.585	28.12	0	101.3	5060.6	110205
163	"12:28:05"	1554.0	0	3	20	0.685	511.8	27.56	0.0495	991	81.22	-506.07	73.06	26.31	0.12051	0.0021496	0	0	0	991	71.6	28.18	512.21	27.570	28.12	0	101.3	5060.7	110205
164	"12:28:07"	1556.0	0	3	20	0.601	512.0	27.56	0.0434	991	81.20	-506.06	73.07	26.32	0.10545	0.0022931	0	0	0	991	71.6	28.18	512.31	27.572	28.12	0	101.3	5060.6	110205
165	"12:28:09"	1558.0	0	3	20	0.502	512.2	27.57	0.03629	991	81.22	-506.06	73.09	26.32	0.088505	0.0012833	0	0	0	991	71.6	28.18	512.71	27.580	28.12	0	101.3	5060.6	110205
166	"12:28:11"	1560.0	0	3	20	0.479	512.4	27.57	0.03463	991	81.22	-506.06	73.14	26.33	0.084309	0.0015033	0	0	0	991	71.6	28.18	513.09	27.594	28.12	0	101.3	5060.6	110205
167	"12:28:13"	1562.0	0	3	20	0.5	512.6	27.58	0.03611	991	81.22	-506.07	73.11	26.32	0.087537	0.0022861	0	0	0	991	71.6	28.18	513.01	27.588	28.12	0	101.3	5060.7	110205
168	"12:28:15"	1564.0	0	3	20	0.578	512.8	27.58	0.04175	991	81.29	-506.07	73.12	26.31	0.10113	0.0027637	0	0	0	991	71.6	28.17	513.44	27.589	28.12	0	101.3	5060.7	110205
169	"12:28:17"	1566.0	0	3	20	0.647	513.0	27.59	0.04677	991	81.25	-506.08	73.14	26.33	0.11354	0.0026296	0	0	0	991	71.6	28.18	513.82	27.601	28.12	0	101.3	5060.8	110205
170	"12:28:19"	1568.0	0	3	20	0.704	513.2	27.59	0.05088	991	81.21	-506.06	73.12	26.33	0.12463	0.00075943	0	0	0	991	71.6	28.18	513.68	27.590	28.12	0	101.3	5060.6	110205
171	"12:28:21"	1570.0	0	3	20	0.685	513.5	27.59	0.0495	991	81.21	-506.08	73.13	26.33	0.12098	0.0012654	0	0	0	991	71.6	28.18	514.17	27.594	28.12	0	101.3	5060.8	110205
172	"12:28:23"	1572.0	0	3	20	0.72	513.7	27.59	0.052	991	81.25	-506.06	73.11	26.32	0.12752	0.0005364	0	0	0	991	71.6	28.17	514.49	27.586	28.12	0	101.3	5060.6	110205
173	"12:28:25"	1574.0	0	3	20	0.573	513.9	27.59	0.04138	991	81.26	-506.06	73.18	26.33	0.1014	0.00055808	0	0	0	991	71.6	28.18	514.73	27.609	28.12	0	101.3	5060.6	110205
174	"12:28:27"	1576.0	0	3	20	0.525	514.1	27.60	0.0379	991	81.28	-506.07	73.19	26.33	0.092169	0.001832	0	0	0	991	71.6	28.18	514.77	27.617	28.12	0	101.3	5060.7	110205
175	"12:28:29"	1578.0	0	3	20	0.671	514.4	27.60	0.04847	991	81.19	-506.06	73.18	26.34	0.11823	0.0016769	0	0	0	991	71.6	28.17	514.86	27.609	28.12	0	101.3	5060.6	110205
176	"12:28:31"	1580.0	0	3	20	0.506	514.6	27.61	0.03654	991	81.29	-506.06	73.20	26.33	0.087992	0.0034065	0	0	0	991	71.6	28.18	514.90	27.616	28.12	0	101.3	5060.6	110205
177	"12:28:33"	1582.0	0	3	20	0.474	514.7	27.61	0.03425	991	81.31	-506.08	73.17	26.32	0.082393	0.0033706	0	0	0	991	71.6	28.17	515.50	27.608	28.12	0	101.3	5060.8	110205
178	"12:28:35"	1584.0	0	3	20	0.62	515.0	27.61	0.04481	991	81.29	-506.08	73.19	26.33	0.10967	0.00086478	0	0	0	991	71.6	28.18	515.83	27.615	28.12	0	101.3	5060.8	110205
179	"12:28:37"	1586.0	0	3	20	0.585	515.2	27.62	0.04224	991	81.36	-506.07	73.20	26.31	0.10335	0.00087259	0	0	0	991	71.6	28.18	515.35	27.615	28.12	0	101.3	5060.7	110205
180	"12:28:39"	1588.0	0	3	20	0.619	515.3	27.62	0.04474	991	81.41	-506.07	73.20	26.30	0.11019	-0.00047218	0	0	0	991	71.6	28.18	515.89	27.618	28.12	0	101.3	5060.7	110205
181	"12:28:41"	1590.0	0	3	20	0.648	515.6	27.62	0.04683	991	81.42	-506.05	73.26	26.31	0.11456	0.00095984	0	0	0	991	71.6	28.17	516.07	27.639	28.12	0	101.3	5060.5	110205
182	"12:28:43"	1592.0	0	3	20	0.602	515.9	27.62	0.04353	991	81.41	-506.05	73.23	26.31	0.10541	0.0029347	0	0	0	991	71.6	28.17	516.71	27.629	28.12	0	101.3	5060.5	110205
183	"12:28:45"	1594.0	0	3	20	0.751	516.1	27.63	0.05428	991	81.46	-506.06	73.25	26.30	0.13228	0.0020955	0	0	0	991	71.6	28.17	516.64	27.635	28.11	0	101.3	5060.6	110205
184	"12:28:47"	1596.0	0	3	20	0.787	516.3	27.63	0.05683	991	81.52	-506.06	73.29	26.30	0.13784	0.0033965	0	0	0	991	71.6	28.17	517.03	27.651	28.12	0	101.3	5060.6	110205
185	"12:28:49"	1598.0	0	3	20	0.504	516.5	27.64	0.03641	991	81.50	-506.07	73.26	26.30	0.088319	0.0021547	0	0	0	991	71.6	28.17	517.01	27.639	28.12	0	101.3	5060.7	110205
186	"12:28:51"	1600.0	0	3	20	0.491	516.7	27.64	0.03548	991	81.62	-506.07	73.31	26.29	0.0862	0.0018644	0	0	0	991	71.6	28.17	517.38	27.661	28.12	0	101.3	5060.7	110205
187	"12:28:53"	1602.0	0	3	20	0.521	516.9	27.65	0.03761	991	81.58	-506.06	73.28	26.28	0.091035	0.0025963	0	0	0	991	71.6	28.17	517.16	27.645	28.11	0	101.3	5060.6	110205
188	"12:28:55"	1604.0	0	3	20	0.53	517.1	27.65	0.03828	991	81.49	-506.08	73.28	26.30	0.093338	0.0013881	0	0	0	991	71.6	28.17	517.47	27.646	28.11	0	101.3	5060.8	110205
189	"12:28:57"	1606.0	0	3	20	0.612	517.3	27.65	0.0442	991	81.53	-506.06	73.31	26.30	0.10821	0.00077292	0	0	0	991	71.6	28.17	517.84	27.659	28.11	0	101.3	5060.6	110205
190	"12:28:59"	1608.0	0	3	20	0.623	517.5	27.65	0.04499	991	81.56	-506.07	73.33	26.30	0.11007	0.00091143	0	0	0	991	71.6	28.17	518.16	27.661	28.11	0	101.3	5060.7	110205
191	"12:29:01"	1610.0	0	3	20	0.601	517.7	27.66	0.0434	991	81.55	-506.08	73.30	26.30	0.10644	0.00037468	0	0	0	991	71.6	28.17	518.19	27.654	28.11	0	101.3	5060.8	110205
192	"12:29:03"	1612.0	0	3	20	0.649	517.9	27.65	0.04687	991	81.62	-506.06	73.32	26.28	0.11456	0.0011321	0	0	0	991	71.6	28.17	518.41	27.658	28.11	0	101.3	5060.6	110205
193	"12:29:05"	1614.0	0	3	20	0.647	518.1	27.66	0.04673	991	81.53	-506.07	73.33	26.30	0.11431	0.00099442	0	0	0	991	71.6	28.17	518.83	27.662	28.11	0	101.3	5060.7	110205
194	"12:29:07"	1616.0	0	3	20	0.605	518.4	27.66	0.04371	991	81.58	-506.06	73.36	26.30	0.10657	0.0015829	0	0	0	991	71.6	28.17	518.93	27.674	28.11	0	101.3	5060.6	110205
195	"12:29:09"	1618.0	0	3	20	0.672	518.6	27.67	0.04859	991	81.57	-506.06	73.36	26.30	0.11811	0.002418	0	0	0	991	71.6	28.17	519.20	27.668	28.11	0	101.3	5060.6	110205
196	"12:29:11"	1620.0	0	3	20	0.622	518.8	27.67	0.04496	991	81.54	-506.05	73.38	26.31	0.10941	0.0020421	0	0	0	991	71.6	28.17	519.04	27.675	28.11	0	101.3	5060.5	110205
197	"12:29:13"	1622.0	0	3	20	0.408	519.0	27.67	0.0295	991	81.57	-506.06	73.40	26.31	0.07194	0.0010248	0	0	0	991	71.6	28.17	519.26	27.684	28.11	0	101.3	5060.6	110205
198	"12:29:15"	1624.0	0	3	20	0.467	519.1	27.67	0.03375	991	81.59	-506.06	73.42	26.31	0.082909	4.0909E-05	0	0	0	991	71.6	28.17	519.78	27.691	28.11	0	101.3	5060.6	110205
199	"12:29:17"	1626.0	0	3	20	0.523	519.3	27.68	0.03778	991	81.59	-506.07	73.41	26.31	0.092069	0.0014318	0	0	0	991	71.6	28.17	519.79	27.685	28.11	0	101.3	5060.7	110205
200	"12:29:19"	1628.0	0	3	20	0.57	519.5	27.68	0.0412	991	81.65	-506.08	73.38	26.29	0.10074	0.00090826	0	0	0	991	71.6	28.17	520.10	27.673	28.11	0	101.3	5060.8	110205
201	"12:29:21"	1630.0	0	3	20	0.693	519.7	27.68	0.05009	991	81.55	-506.06	73.35	26.30	0.12328	-0.000361	0	0	0	991	71.6	28.17	520.21	27.663	28.11	0	101.3	5060.6	110205
202	"12:29:23"	1632.0	0	3	20	0.53	519.9	27.68	0.03832	991	81.63	-506.05	73.41	26.30	0.094505	-0.00062771	0	0	0	991	71.6	28.17	520.85	27.685	28.11	0	101.3	5060.5	110205
203	"12:29:25"	1634.0	0	3	20	0.618	520.2	27.68	0.04462	991	81.69	-506.06	73.46	26.30	0.10957	0.00015959	0	0	0	991	71.6	28.17	520.52	27.704	28.11	0	101.3	5060.6	110205
204	"12:29:27"	1636.0	0	3	20	0.711	520.4	27.68	0.05138	991	81.63	-506.06	73.44	26.30	0.12414	0.0039914	0	0	0	991	71.6	28.17	521.17	27.692	28.11	0	101.3	5060.6	110205
205	"12:29:27"	1636.5	0	4	200	0.6	530.0	27.68	0.04336	991	81.65	-506.06	73.44	26.30	0.12414	0.0039914	4.9872E-05	0.016933	0	991	71.6	28.17	521.03	27.693	28.11	0	101.3	5060.6	110205
206	"12:33:39"	1889.0	0	3	8	1.11	510.1	27.85	0.08052	991	82.29	-506.07	74.04	26.26	0.19555	0.004452	0	0	0	991	71.6	28.11	510.26	27.843	28.06	0	101.2	5060.7	110205
207	"12:33:41"	1891.0	0	3	12	0.728	510.2	27.85	0.05256	991	82.35	-506.08	74.07	26.25	0.12879	0.00072397	0	0	0	991	71.6	28.11	510.71	27.850	28.05	0	101.2	5060.8	110205
208	"12:33:43"	1893.0	0	3	16	0.898	510.4	27.85	0.06485	991	82.35	-506.08	74.08	26.25	0.15921	0.00029369	0	0	0	991	71.6	28.11	511.02	27.857	28.06	0	101.2	5060.8	110205
209	"12:33:45"	1895.0	0	3	20	0.751	510.5	27.86	0.05424	991	82.43	-506.05	74.14	26.25	0.13255	0.0014042	0	0	0	991	71.6	28.11	510.98	27.879	28.05	0	101.2	5060.5	110205
210	"12:33:47"	1897.0	0	3	20	0.617	510.8	27.86	0.04461	991	82.37	-506.07	74.08	26.25	0.10915	0.00087826	0	0	0	991	71.6	28.11	511.66	27.854	28.05	0	101.2	5060.7	110205
211	"12:33:49"	1899.0	0	3	20	0.758	511.0	27.86	0.05476	991	82.32	-506.07	74.09	26.26	0.13372	0.0016257	0	0	0	991	71.6	28.11	511.33	27.857	28.05	0	101.2	5060.7	110205
212	"12:33:51"	1901.0	0	3	20	0.515	511.2	27.86	0.03723	991	82.35	-506.06	74.11	26.26	0.091269	0.00041309	0	0	0	991	71.6	28.11	511.65	27.862	28.05	0	101.2	5060.6	110205
213	"12:33:53"	1903.0	0	3	20	0.605	511.4	27.86	0.04371	991	82.40	-506.08	74.16	26.26	0.10698	0.0008212	0	0	0	991	71.6	28.11	511.81	27.880	28.05	0	101.2	5060.8	110205
214	"12:33:55"	1905.0	0	3	20	0.537	511.6	27.87	0.03881	991	82.40	-506.06	74.16	26.26	0.094107	0.0024087	0	0	0	991	71.6	28.11	512.18	27.884	28.05	0	101.2	5060.6	110205
215	"12:33:57"	1907.0	0	3	20	0.54	511.8	27.87	0.03904	991	82.42	-506.07	74.17	26.26	0.093823	0.0040156	0	0	0	991	71.6	28.11	512.47	27.888	28.05	0	101.2	5060.7	110205
216	"12:33:59"	1909.0	0	3	20	0.682	512.0	27.88	0.04925	991	82.49	-506.07	74.20	26.25	0.11906	0.0037062	0	0	0	991	71.6	28.11	512.37	27.898	28.05	0	101.2	5060.7	110205
217	"12:34:01"	1911.0	0	3	20	0.559	512.2	27.88	0.04036	991	82.40	-506.07	74.15	26.25	0.098402	0.0014556	0	0	0	991	71.6	28.11	512.63	27.877	28.05	0	101.2	5060.7	110205
218	"12:34:03"	1913.0	0	3	20	0.518	512.4	27.89	0.03743	991	82.44	-506.06	74.18	26.25	0.092076	-0.00018051	0	0	0	991	71.6	28.11	512.81	27.886	28.05	0	101.2	5060.6	110205
219	"12:34:05"	1915.0	0	3	20	0.499	512.6	27.89	0.03606	991	82.39	-506.08	74.17	26.26	0.089278	-0.0012497	0	0	0	991	71.6	28.11	513.22	27.888	28.05	0	101.2	5060.8	110205
220	"12:34:07"	1917.0	0	3	20	0.66	512.8	27.89	0.04771	991	82.41	-506.07	74.15	26.25	0.11723	1.546E-06	0	0	0	991	71.6	28.11	513.29	27.876	28.05	0	101.2	5060.7	110205
221	"12:34:09"	1919.0	0	3	20	0.666	513.0	27.89	0.04815	991	82.44	-506.06	74.22	26.26	0.11818	0.00026652	0	0	0	991	71.6	28.11	513.70	27.902	28.05	0	101.2	5060.6	110205
222	"12:34:11"	1921.0	0	3	20	0.697	513.2	27.89	0.05038	991	82.44	-506.07	74.23	26.26	0.12287	0.0017674	0	0	0	991	71.6	28.11	513.69	27.907	28.05	0	101.2	5060.7	110205
223	"12:34:13"	1923.0	0	3	20	0.667	513.5	27.89	0.04818	991	82.39	-506.06	74.20	26.27	0.11743	0.0018404	0	0	0	991	71.6	28.11	514.06	27.895	28.05	0	101.2	5060.6	110205
224	"12:34:15"	1925.0	0	3	20	0.439	513.7	27.89	0.0317	991	82.49	-506.07	74.22	26.25	0.07708	0.0015472	0	0	0	991	71.6	28.11	514.10	27.900	28.05	0	101.2	5060.7	110205
225	"12:34:17"	1927.0	0	3	20	0.532	513.8	27.90	0.03845	991	82.51	-506.06	74.21	26.24	0.093823	0.0012369	0	0	0	991	71.6	28.11	514.47	27.894	28.05	0	101.2	5060.6	110205
226	"12:34:19"	1929.0	0	3	20	0.521	514.1	27.90	0.03767	991	82.53	-506.07	74.27	26.26	0.092067	0.00093562	0	0	0	991	71.6	28.11	514.50	27.921	28.05	0	101.2	5060.7	110205
227	"12:34:21"	1931.0	0	3	20	0.51	514.2	27.90	0.03682	991	82.54	-506.06	74.27	26.25	0.089759	0.0013787	0	0	0	991	71.6	28.11	514.67	27.918	28.05	0	101.2	5060.6	110205
228	"12:34:23"	1933.0	0	3	20	0.616	514.4	27.91	0.04451	991	82.60	-506.07	74.30	26.24	0.10798	0.0026298	0	0	0	991	71.6	28.11	514.83	27.929	28.05	0	101.2	5060.7	110205
229	"12:34:25"	1935.0	0	3	20	0.557	514.6	27.91	0.04023	991	82.55	-506.06	74.28	26.25	0.097547	0.0024879	0	0	0	991	71.6	28.11	515.42	27.923	28.05	0	101.2	5060.6	110205
230	"12:34:27"	1937.0	0	3	20	0.702	514.9	27.92	0.05073	991	82.58	-506.08	74.30	26.25	0.12367	0.0018561	0	0	0	991	71.6	28.11	515.47	27.927	28.05	0	101.2	5060.8	110205
231	"12:34:29"	1939.0	0	3	20	0.813	515.1	27.92	0.05876	991	82.59	-506.06	74.28	26.24	0.14352	0.0016367	0	0	0	991	71.6	28.11	515.52	27.921	28.05	0	101.2	5060.6	110205
232	"12:34:31"	1941.0	0	3	20	0.615	515.3	27.92	0.0444	991	82.57	-506.08	74.29	26.25	0.10884	0.00050045	0	0	0	991	71.6	28.10	515.89	27.925	28.05	0	101.2	5060.8	110205
233	"12:34:33"	1943.0	0	3	20	0.601	515.6	27.92	0.04342	991	82.58	-506.06	74.27	26.24	0.10674	-9.7891E-05	0	0	0	991	71.6	28.11	516.18	27.918	28.05	0	101.2	5060.6	110205
234	"12:34:35"	1945.0	0	3	20	0.592	515.8	27.92	0.04276	991	82.60	-506.06	74.29	26.24	0.10549	-0.00076499	0	0	0	991	71.6	28.10	516.46	27.924	28.05	0	101.2	5060.6	110205
235	"12:34:37"	1947.0	0	3	20	0.724	516.0	27.92	0.05232	991	82.59	-506.05	74.30	26.24	0.12891	-0.00066155	0	0	0	991	71.6	28.10	516.50	27.923	28.05	0	101.2	5060.5	110205
236	"12:34:39"	1949.0	0	3	20	0.744	516.2	27.92	0.05374	991	82.71	-506.05	74.33	26.23	0.13171	0.00065636	0	0	0	991	71.6	28.10	516.78	27.936	28.05	0	101.2	5060.5	110205
237	"12:34:41"	1951.0	0	3	20	0.531	516.5	27.92	0.03838	991	82.66	-506.06	74.29	26.23	0.093999	0.00057391	0	0	0	991	71.6	28.10	517.08	27.919	28.05	0	101.2	5060.6	110205
238	"12:34:43"	1953.0	0	3	20	0.543	516.7	27.92	0.03924	991	82.69	-506.05	74.33	26.23	0.09626	0.00030198	0	0	0	991	71.6	28.10	517.19	27.935	28.05	0	101.2	5060.5	110205
239	"12:34:45"	1955.0	0	3	20	0.535	516.9	27.92	0.03868	991	82.68	-506.06	74.36	26.24	0.09464	0.00075481	0	0	0	991	71.6	28.10	517.44	27.943	28.04	0	101.2	5060.6	110205
240	"12:34:47"	1957.0	0	3	20	0.69	517.1	27.93	0.04989	991	82.62	-506.08	74.33	26.24	0.12137	0.0022849	0	0	0	991	71.6	28.10	517.58	27.936	28.05	0	101.2	5060.8	110205
241	"12:34:49"	1959.0	0	3	20	0.68	517.3	27.93	0.04911	991	82.60	-506.07	74.32	26.24	0.11975	0.0017355	0	0	0	991	71.6	28.10	517.82	27.929	28.04	0	101.2	5060.7	110205
242	"12:34:51"	1961.0	0	3	20	0.687	517.6	27.93	0.0496	991	82.67	-506.07	74.38	26.24	0.12137	0.00098171	0	0	0	991	71.6	28.10	518.19	27.948	28.04	0	101.2	5060.7	110205
243	"12:34:53"	1963.0	0	3	20	0.656	517.8	27.94	0.0474	991	82.64	-506.07	74.34	26.24	0.1164	0.00015896	0	0	0	991	71.6	28.10	518.19	27.934	28.04	0	101.2	5060.7	110205
244	"12:34:55"	1965.0	0	3	20	0.583	518.0	27.94	0.04209	991	82.65	-506.06	74.34	26.24	0.10322	0.00037193	0	0	0	991	71.6	28.10	518.53	27.931	28.04	0	101.2	5060.6	110205
245	"12:34:57"	1967.0	0	3	20	0.499	518.2	27.94	0.03608	991	82.67	-506.07	74.40	26.24	0.088099	0.0010648	0	0	0	991	71.6	28.10	518.71	27.952	28.04	0	101.2	5060.7	110205
246	"12:34:59"	1969.0	0	3	20	0.452	518.4	27.94	0.03267	991	82.67	-506.07	74.36	26.24	0.079504	0.0014486	0	0	0	991	71.6	28.10	518.98	27.940	28.04	0	101.2	5060.7	110205
247	"12:35:01"	1971.0	0	3	20	0.534	518.6	27.94	0.0386	991	82.68	-506.05	74.37	26.24	0.094456	0.00071783	0	0	0	991	71.6	28.10	519.08	27.941	28.04	0	101.2	5060.5	110205
248	"12:35:03"	1973.0	0	3	20	0.569	518.7	27.94	0.04109	991	82.81	-506.06	74.44	26.22	0.10073	0.00041711	0	0	0	991	71.6	28.10	519.43	27.968	28.04	0	101.2	5060.6	110205
249	"12:35:05"	1975.0	0	3	20	0.565	518.9	27.94	0.04085	991	82.69	-506.07	74.41	26.24	0.099643	0.0013646	0	0	0	991	71.6	28.10	519.56	27.957	28.04	0	101.2	5060.7	110205
250	"12:35:07"	1977.0	0	3	20	0.517	519.1	27.95	0.03736	991	82.82	-506.07	74.46	26.22	0.090797	0.0018642	0	0	0	991	71.6	28.10	519.87	27.971	28.04	0	101.2	5060.7	110205
251	"12:35:09"	1979.0	0	3	20	0.624	519.4	27.95	0.04508	991	82.75	-506.07	74.42	26.23	0.10896	0.0033683	0	0	0	991	71.6	28.09	520.10	27.955	28.04	0	101.2	5060.7	110205
252	"12:35:11"	1981.0	0	3	20	0.698	519.6	27.96	0.0504	991	82.72	-506.07	74.44	26.24	0.12268	0.0021895	0	0	0	991	71.6	28.09	519.95	27.959	28.04	0	101.2	5060.7	110205
253	"12:35:13"	1983.0	0	3	20	0.609	519.8	27.96	0.04397	991	82.82	-506.06	74.47	26.23	0.1078	0.00045835	0	0	0	991	71.6	28.09	520.39	27.972	28.04	0	101.2	5060.6	110205
254	"12:35:15"	1985.0	0	3	20	0.603	520.0	27.96	0.04354	991	82.78	-506.06	74.47	26.23	0.10666	0.00058618	0	0	0	991	71.6	28.09	520.76	27.971	28.04	0	101.2	5060.6	110205
255	"12:35:17"	1987.0	0	3	20	0.699	520.3	27.97	0.05049	991	82.81	-506.08	74.47	26.23	0.1228	0.0023797	0	0	0	991	71.6	28.09	520.81	27.968	28.03	0	101.2	5060.8	110205
256	"12:35:19"	1989.0	0	4	200	0.526	530.0	27.97	0.03803	991	82.79	-506.07	74.46	26.23	0.11702	0.0023319	-0.00043687	0.26957	0	991	71.6	28.09	521.17	27.964	28.03	0	101.2	5060.7	110205
