"OPEN 5.3.2"
"Thr May 30 2019 08:27:41"
"Unit="	"PSC-895"
"ComputeList="	"/User/Configs/Comps/Soil Efflux Eqns.LPL"
"BLCTable="	"/Sys/Lib/StdBLCTable"
"LightSource="	"Sun+Sky"	1	0.19
"LogFormat="	"/User/Configs/LogFormats/Soil Efflux Log Fmt"
"LogCodes="	-35	-21	-36	-104	310	311	320	302	303	306	304	321	322	323	324	300	301	330	331	305	307	308	-8	-2	-5	-9	-13	-11	-61	-23
"PromptList="	"/User/Configs/Prompts/Soil Efflux Prompts"
"Stability= (CO2S 15s SLP<1)(H2OS 15s SLP<1)(Flow 15s SLP<1)"
"08:27:44 "
$STARTOFDATA$
"Obs"	"HHMMSS"	"FTime"	"Plot#"	"Mode"	"Smpls"	"EFFLUX"	"C2avg"	"Wavg"	"dc'/dt"	"Vtot"	"RHcmbr%"	"Tsoil_C"	"RHirga%"	"Tsch_C"	"dC/dt"	"dW/dt"	"R(C)m"	"R(C)b"	"InsDpth"	"Vbase"	"Area"	"TBlk"	"CO2S"	"H2OS"	"Tair"	"PARo"	"Press"	"uc_21_mV"	"Status"
1	"08:37:45"	649.0	0	3	8	-0.0347	417.1	31.00	-0.002507	991	82.05	-506.03	72.30	28.17	-0.0081417	0.0045345	0	0	0	991	71.6	30.45	417.18	31.019	30.37	0	101.4	5060.3	110205
2	"08:37:47"	651.0	0	3	12	0.142	417.1	31.00	0.01028	991	82.16	-506.02	72.37	28.17	0.023077	0.0053415	0	0	0	991	71.6	30.45	417.14	31.048	30.37	0	101.4	5060.2	110205
3	"08:37:49"	653.0	0	3	16	0.102	417.1	31.01	0.00738	991	82.11	-506.03	72.29	28.16	0.015284	0.0068256	0	0	0	991	71.6	30.45	417.25	31.017	30.37	0	101.4	5060.3	110205
4	"08:37:51"	655.0	0	3	20	0.197	417.2	31.02	0.01423	991	82.12	-506.04	72.35	28.18	0.032876	0.0052422	0	0	0	991	71.6	30.45	417.38	31.046	30.37	0	101.4	5060.4	110205
5	"08:37:53"	657.0	0	3	20	0.314	417.3	31.03	0.02268	991	82.12	-506.04	72.33	28.17	0.054103	0.0043818	0	0	0	991	71.6	30.45	417.58	31.040	30.37	0	101.4	5060.4	110205
6	"08:37:55"	659.0	0	3	20	0.395	417.4	31.04	0.02853	991	82.14	-506.04	72.39	28.18	0.068613	0.004243	0	0	0	991	71.6	30.45	417.65	31.070	30.37	0	101.4	5060.4	110205
7	"08:37:57"	661.0	0	3	20	0.414	417.5	31.05	0.02989	991	82.14	-506.03	72.40	28.19	0.071937	0.0043334	0	0	0	991	71.6	30.46	417.82	31.073	30.37	0	101.4	5060.3	110205
8	"08:37:59"	663.0	0	3	20	0.331	417.6	31.05	0.02388	991	82.12	-506.03	72.39	28.19	0.056456	0.005849	0	0	0	991	71.6	30.46	417.90	31.070	30.37	0	101.4	5060.3	110205
9	"08:38:01"	665.0	0	3	20	0.353	417.8	31.06	0.02552	991	82.17	-506.04	72.40	28.18	0.061195	0.0042471	0	0	0	991	71.6	30.46	417.88	31.079	30.37	0	101.4	5060.4	110205
10	"08:38:03"	667.0	0	3	20	0.302	417.9	31.07	0.02183	991	82.26	-506.05	72.42	28.17	0.052145	0.0040997	0	0	0	991	71.6	30.46	418.15	31.092	30.38	0	101.4	5060.5	110205
11	"08:38:05"	669.0	0	3	20	0.423	418.0	31.08	0.03056	991	82.30	-506.03	72.47	28.17	0.073455	0.0046586	0	0	0	991	71.6	30.46	418.31	31.110	30.38	0	101.4	5060.3	110205
12	"08:38:07"	671.0	0	3	20	0.418	418.1	31.09	0.03021	991	82.24	-506.03	72.43	28.18	0.072492	0.004861	0	0	0	991	71.6	30.46	418.46	31.099	30.38	0	101.4	5060.3	110205
13	"08:38:09"	673.0	0	3	20	0.355	418.2	31.10	0.02565	991	82.26	-506.03	72.46	28.18	0.061704	0.0038016	0	0	0	991	71.6	30.46	418.36	31.111	30.38	0	101.4	5060.3	110205
14	"08:38:11"	675.0	0	3	20	0.318	418.3	31.10	0.02297	991	82.29	-506.04	72.48	28.18	0.055848	0.0019945	0	0	0	991	71.6	30.46	418.46	31.125	30.38	0	101.4	5060.4	110205
15	"08:38:13"	677.0	0	3	20	0.2	418.4	31.11	0.01444	991	82.25	-506.04	72.48	28.19	0.034569	0.0025349	0	0	0	991	71.6	30.46	418.88	31.128	30.38	0	101.4	5060.4	110205
16	"08:38:15"	679.0	0	3	20	0.323	418.6	31.12	0.02331	991	82.22	-506.04	72.52	28.21	0.055983	0.0036688	0	0	0	991	71.6	30.47	418.71	31.142	30.38	0	101.4	5060.4	110205
17	"08:38:17"	681.0	0	3	20	0.377	418.7	31.13	0.02726	991	82.27	-506.04	72.53	28.20	0.064767	0.0059184	0	0	0	991	71.6	30.47	418.76	31.153	30.38	0	101.4	5060.4	110205
18	"08:38:19"	683.0	0	3	20	0.369	418.8	31.14	0.02668	991	82.29	-506.04	72.54	28.20	0.063415	0.005716	0	0	0	991	71.6	30.47	419.13	31.156	30.39	0	101.4	5060.4	110205
19	"08:38:21"	685.0	0	3	20	0.32	418.9	31.15	0.02311	991	82.33	-506.02	72.57	28.20	0.055433	0.0037639	0	0	0	991	71.6	30.47	419.10	31.169	30.38	0	101.4	5060.2	110205
20	"08:38:23"	687.0	0	3	20	0.312	419.0	31.15	0.02253	991	82.29	-506.03	72.56	28.21	0.054372	0.0029386	0	0	0	991	71.6	30.47	419.40	31.171	30.39	0	101.4	5060.3	110205
21	"08:38:25"	689.0	0	3	20	0.448	419.2	31.16	0.03237	991	82.22	-506.04	72.56	28.22	0.079039	0.0020909	0	0	0	991	71.6	30.47	419.55	31.172	30.39	0	101.4	5060.4	110205
22	"08:38:27"	691.0	0	3	20	0.462	419.3	31.16	0.03339	991	82.38	-506.04	72.58	28.20	0.081231	0.0028357	0	0	0	991	71.6	30.47	419.65	31.182	30.39	0	101.4	5060.4	110205
23	"08:38:29"	693.0	0	3	20	0.372	419.4	31.17	0.02686	991	82.35	-506.05	72.62	28.21	0.065023	0.0030289	0	0	0	991	71.6	30.48	419.72	31.203	30.39	0	101.4	5060.5	110205
24	"08:38:31"	695.0	0	3	20	0.382	419.6	31.18	0.02763	991	82.31	-506.04	72.61	28.22	0.066286	0.0044784	0	0	0	991	71.6	30.47	420.16	31.200	30.39	0	101.4	5060.4	110205
25	"08:38:33"	697.0	0	3	20	0.452	419.7	31.19	0.03268	991	82.44	-506.03	72.61	28.19	0.079069	0.0037324	0	0	0	991	71.6	30.48	419.93	31.199	30.39	0	101.4	5060.3	110205
26	"08:38:35"	699.0	0	3	20	0.458	419.9	31.19	0.03311	991	82.42	-506.03	72.66	28.21	0.080169	0.0036843	0	0	0	991	71.6	30.48	420.09	31.227	30.39	0	101.4	5060.3	110205
27	"08:38:37"	701.0	0	3	20	0.388	420.0	31.20	0.02807	991	82.39	-506.04	72.67	28.22	0.067449	0.0042941	0	0	0	991	71.6	30.48	420.35	31.236	30.40	0	101.4	5060.4	110205
28	"08:38:39"	703.0	0	3	20	0.308	420.2	31.21	0.02226	991	82.47	-506.04	72.66	28.20	0.053021	0.0045152	0	0	0	991	71.6	30.48	420.33	31.229	30.40	0	101.4	5060.4	110205
29	"08:38:41"	705.0	0	3	20	0.288	420.3	31.22	0.0208	991	82.51	-506.04	72.69	28.20	0.049348	0.0046444	0	0	0	991	71.6	30.48	420.71	31.246	30.40	0	101.4	5060.4	110205
30	"08:38:43"	707.0	0	3	20	0.429	420.4	31.23	0.031	991	82.49	-506.04	72.71	28.21	0.074965	0.0036409	0	0	0	991	71.6	30.48	420.71	31.254	30.40	0	101.4	5060.4	110205
31	"08:38:45"	709.0	0	3	20	0.474	420.5	31.24	0.03425	991	82.43	-506.03	72.67	28.22	0.083301	0.0029457	0	0	0	991	71.6	30.48	420.99	31.242	30.40	0	101.4	5060.3	110205
32	"08:38:47"	711.0	0	3	20	0.449	420.7	31.24	0.03241	991	82.43	-506.04	72.69	28.23	0.078961	0.0024693	0	0	0	991	71.6	30.49	421.10	31.255	30.40	0	101.4	5060.4	110205
33	"08:38:49"	713.0	0	3	20	0.351	420.8	31.25	0.02538	991	82.55	-506.03	72.74	28.21	0.061237	0.0032894	0	0	0	991	71.6	30.49	421.01	31.276	30.40	0	101.4	5060.3	110205
34	"08:38:51"	715.0	0	3	20	0.17	420.9	31.25	0.01227	991	82.66	-506.03	72.72	28.19	0.028927	0.0031666	0	0	0	991	71.6	30.49	420.98	31.271	30.41	0	101.4	5060.3	110205
35	"08:38:53"	717.0	0	3	20	0.0943	421.0	31.26	0.006811	991	82.60	-506.04	72.75	28.21	0.015466	0.0031143	0	0	0	991	71.6	30.49	421.26	31.287	30.41	0	101.4	5060.4	110205
36	"08:38:55"	719.0	0	3	20	0.217	421.1	31.27	0.01569	991	82.54	-506.02	72.74	28.22	0.036931	0.0041578	0	0	0	991	71.6	30.49	421.37	31.286	30.41	0	101.4	5060.2	110205
37	"08:38:57"	721.0	0	3	20	0.326	421.1	31.28	0.02356	991	82.54	-506.02	72.78	28.23	0.056423	0.0040634	0	0	0	991	71.6	30.49	421.53	31.301	30.41	0	101.4	5060.2	110205
38	"08:38:59"	723.0	0	3	20	0.32	421.2	31.28	0.02316	991	82.54	-506.04	72.80	28.23	0.055769	0.003256	0	0	0	991	71.6	30.49	421.83	31.309	30.41	0	101.4	5060.4	110205
39	"08:39:01"	725.0	0	3	20	0.353	421.4	31.29	0.0255	991	82.54	-506.03	72.78	28.23	0.061517	0.0033781	0	0	0	991	71.6	30.50	421.77	31.306	30.41	0	101.4	5060.3	110205
40	"08:39:03"	727.0	0	3	20	0.259	421.5	31.30	0.01873	991	82.56	-506.03	72.80	28.23	0.045173	0.0025199	0	0	0	991	71.6	30.50	421.82	31.319	30.41	0	101.4	5060.3	110205
41	"08:39:05"	729.0	0	3	20	0.397	421.6	31.31	0.0287	991	82.49	-506.04	72.80	28.25	0.068976	0.0043783	0	0	0	991	71.6	30.50	421.69	31.323	30.41	0	101.4	5060.4	110205
42	"08:39:07"	731.0	0	3	20	0.417	421.7	31.31	0.0301	991	82.49	-506.03	72.84	28.26	0.072508	0.0042363	0	0	0	991	71.6	30.50	422.03	31.341	30.42	0	101.4	5060.3	110205
43	"08:39:09"	733.0	0	3	20	0.327	421.9	31.32	0.02362	991	82.58	-506.04	72.84	28.24	0.056574	0.0040175	0	0	0	991	71.6	30.50	422.19	31.344	30.42	0	101.4	5060.4	110205
44	"08:39:11"	735.0	0	3	20	0.291	422.0	31.33	0.02103	991	82.53	-506.04	72.83	28.25	0.050146	0.0040958	0	0	0	991	71.6	30.50	422.20	31.340	30.42	0	101.4	5060.4	110205
45	"08:39:13"	737.0	0	3	20	0.259	422.1	31.34	0.0187	991	82.56	-506.04	72.85	28.25	0.045102	0.0024997	0	0	0	991	71.6	30.50	422.36	31.355	30.42	0	101.4	5060.4	110205
46	"08:39:15"	739.0	0	3	20	0.264	422.2	31.34	0.01907	991	82.69	-506.04	72.87	28.23	0.045704	0.0032112	0	0	0	991	71.6	30.50	422.50	31.364	30.42	0	101.4	5060.4	110205
47	"08:39:17"	741.0	0	3	20	0.273	422.3	31.35	0.01971	991	82.81	-506.04	72.89	28.21	0.047071	0.0036761	0	0	0	991	71.6	30.51	422.78	31.376	30.42	0	101.4	5060.4	110205
48	"08:39:19"	743.0	0	3	20	0.431	422.4	31.36	0.03117	991	82.69	-506.04	72.86	28.23	0.075535	0.0033269	0	0	0	991	71.6	30.51	422.87	31.362	30.42	0	101.4	5060.4	110205
49	"08:39:21"	745.0	0	3	20	0.416	422.6	31.36	0.03005	991	82.73	-506.04	72.89	28.23	0.072472	0.0040016	0	0	0	991	71.6	30.51	422.98	31.381	30.43	0	101.4	5060.4	110205
50	"08:39:23"	747.0	0	3	20	0.433	422.7	31.37	0.03128	991	82.73	-506.03	72.91	28.24	0.075565	0.0038459	0	0	0	991	71.6	30.51	423.06	31.388	30.43	0	101.4	5060.3	110205
51	"08:39:24"	747.5	0	4	197	0.335	420.0	31.37	0.02418	991	82.66	-506.03	72.88	28.25	0.075565	0.0038459	0.00096014	-0.37907	0	991	71.6	30.51	423.11	31.378	30.43	0	101.4	5060.3	110205
52	"08:41:55"	899.0	0	3	8	0.485	417.2	31.49	0.03504	991	82.60	-506.04	72.81	28.34	0.084267	0.0053549	0	0	0	991	71.6	30.61	417.53	31.521	30.52	0	101.4	5060.4	110205
53	"08:41:57"	901.0	0	3	12	0.53	417.3	31.50	0.03826	991	82.64	-506.03	72.79	28.32	0.091986	0.0058801	0	0	0	991	71.6	30.61	417.61	31.514	30.52	0	101.4	5060.3	110205
54	"08:41:59"	903.0	0	3	16	0.452	417.4	31.50	0.03265	991	82.78	-506.03	72.82	28.30	0.078712	0.0044971	0	0	0	991	71.6	30.61	417.81	31.529	30.53	0	101.4	5060.3	110205
55	"08:42:01"	905.0	0	3	20	0.535	417.5	31.51	0.03863	991	82.74	-506.04	72.81	28.31	0.092678	0.006395	0	0	0	991	71.6	30.61	417.87	31.529	30.53	0	101.4	5060.4	110205
56	"08:42:03"	907.0	0	3	20	0.438	417.6	31.52	0.03168	991	82.81	-506.04	72.82	28.30	0.076037	0.0051307	0	0	0	991	71.6	30.62	417.99	31.536	30.53	0	101.4	5060.4	110205
57	"08:42:05"	909.0	0	3	20	0.393	417.8	31.53	0.02839	991	82.78	-506.05	72.83	28.31	0.068589	0.0035492	0	0	0	991	71.6	30.62	418.04	31.540	30.53	0	101.4	5060.5	110205
58	"08:42:07"	911.0	0	3	20	0.393	417.9	31.53	0.02836	991	82.69	-506.04	72.82	28.33	0.069075	0.002282	0	0	0	991	71.6	30.62	418.58	31.541	30.53	0	101.4	5060.4	110205
59	"08:42:09"	913.0	0	3	20	0.392	418.1	31.54	0.0283	991	82.75	-506.03	72.87	28.33	0.069231	0.0015878	0	0	0	991	71.6	30.62	418.47	31.563	30.53	0	101.4	5060.3	110205
60	"08:42:11"	915.0	0	3	20	0.506	418.2	31.55	0.03657	991	82.76	-506.03	72.92	28.34	0.088675	0.0038524	0	0	0	991	71.6	30.62	418.59	31.586	30.53	0	101.4	5060.3	110205
61	"08:42:13"	917.0	0	3	20	0.472	418.4	31.56	0.03407	991	82.71	-506.04	72.86	28.34	0.081827	0.0054411	0	0	0	991	71.6	30.62	418.83	31.562	30.53	0	101.4	5060.4	110205
62	"08:42:15"	919.0	0	3	20	0.417	418.5	31.56	0.03009	991	82.71	-506.03	72.89	28.34	0.07241	0.0044797	0	0	0	991	71.6	30.62	418.82	31.578	30.53	0	101.4	5060.3	110205
63	"08:42:17"	921.0	0	3	20	0.354	418.7	31.57	0.02556	991	82.69	-506.05	72.87	28.35	0.061832	0.0030649	0	0	0	991	71.6	30.63	418.95	31.573	30.54	0	101.4	5060.5	110205
64	"08:42:19"	923.0	0	3	20	0.349	418.8	31.57	0.02521	991	82.76	-506.04	72.89	28.33	0.061722	0.0013112	0	0	0	991	71.6	30.63	418.99	31.580	30.54	0	101.4	5060.4	110205
65	"08:42:21"	925.0	0	3	20	0.427	419.0	31.58	0.03083	991	82.81	-506.03	72.89	28.33	0.075917	0.00058398	0	0	0	991	71.6	30.63	419.51	31.586	30.54	0	101.4	5060.3	110205
66	"08:42:23"	927.0	0	3	20	0.513	419.1	31.58	0.03706	991	82.78	-506.04	72.95	28.35	0.09054	0.0023854	0	0	0	991	71.6	30.63	419.44	31.617	30.54	0	101.4	5060.4	110205
67	"08:42:25"	929.0	0	3	20	0.487	419.3	31.59	0.03515	991	82.92	-506.04	72.95	28.32	0.085629	0.0028061	0	0	0	991	71.6	30.63	419.95	31.614	30.54	0	101.4	5060.4	110205
68	"08:42:27"	931.0	0	3	20	0.594	419.5	31.60	0.04295	991	82.90	-506.03	72.97	28.33	0.10378	0.0053819	0	0	0	991	71.6	30.63	419.78	31.628	30.54	0	101.4	5060.3	110205
69	"08:42:29"	933.0	0	3	20	0.531	419.7	31.61	0.03837	991	82.77	-506.04	72.95	28.36	0.092395	0.0055539	0	0	0	991	71.6	30.63	420.08	31.622	30.54	0	101.4	5060.4	110205
70	"08:42:31"	935.0	0	3	20	0.49	419.8	31.61	0.03538	991	82.86	-506.03	72.98	28.34	0.085432	0.0045764	0	0	0	991	71.6	30.63	420.44	31.634	30.55	0	101.4	5060.3	110205
71	"08:42:33"	937.0	0	3	20	0.588	420.0	31.62	0.04252	991	82.83	-506.03	72.95	28.34	0.10326	0.0041207	0	0	0	991	71.6	30.63	420.45	31.624	30.55	0	101.4	5060.3	110205
72	"08:42:35"	939.0	0	3	20	0.463	420.2	31.63	0.03343	991	82.92	-506.04	73.00	28.34	0.081438	0.0026764	0	0	0	991	71.6	30.64	420.53	31.648	30.55	0	101.4	5060.4	110205
73	"08:42:37"	941.0	0	3	20	0.484	420.4	31.64	0.035	991	82.92	-506.03	73.03	28.35	0.0851	0.0031543	0	0	0	991	71.6	30.64	420.90	31.663	30.55	0	101.4	5060.3	110205
74	"08:42:39"	943.0	0	3	20	0.486	420.5	31.64	0.03514	991	82.94	-506.04	72.98	28.33	0.085949	0.0019576	0	0	0	991	71.6	30.64	421.14	31.644	30.55	0	101.4	5060.4	110205
75	"08:42:41"	945.0	0	3	20	0.562	420.8	31.65	0.04059	991	83.08	-506.03	73.04	28.32	0.099625	0.0014872	0	0	0	991	71.6	30.64	421.42	31.673	30.55	0	101.4	5060.3	110205
76	"08:42:43"	947.0	0	3	20	0.723	421.0	31.65	0.05223	991	83.03	-506.04	73.05	28.33	0.12718	0.004255	0	0	0	991	71.6	30.64	421.66	31.679	30.55	0	101.4	5060.4	110205
77	"08:42:45"	949.0	0	3	20	0.714	421.2	31.66	0.05162	991	82.97	-506.04	73.05	28.35	0.12554	0.0045773	0	0	0	991	71.6	30.64	421.52	31.683	30.56	0	101.4	5060.4	110205
78	"08:42:47"	951.0	0	3	20	0.599	421.4	31.67	0.04324	991	82.97	-506.03	73.07	28.35	0.10456	0.0052402	0	0	0	991	71.6	30.64	422.08	31.692	30.56	0	101.4	5060.3	110205
79	"08:42:49"	953.0	0	3	20	0.522	421.7	31.68	0.03768	991	82.97	-506.02	73.06	28.35	0.091487	0.0036766	0	0	0	991	71.6	30.64	422.00	31.688	30.56	0	101.4	5060.2	110205
80	"08:42:51"	955.0	0	3	20	0.607	421.9	31.69	0.04387	991	83.02	-506.03	73.08	28.35	0.10768	0.0016257	0	0	0	991	71.6	30.65	422.31	31.701	30.56	0	101.4	5060.3	110205
81	"08:42:53"	957.0	0	3	20	0.645	422.1	31.69	0.04657	991	83.05	-506.03	73.09	28.35	0.11394	0.0025772	0	0	0	991	71.6	30.65	422.53	31.710	30.56	0	101.4	5060.3	110205
82	"08:42:55"	959.0	0	3	20	0.621	422.3	31.69	0.04488	991	82.99	-506.04	73.08	28.36	0.10987	0.0023015	0	0	0	991	71.6	30.65	422.73	31.707	30.56	0	101.4	5060.4	110205
83	"08:42:57"	961.0	0	3	20	0.471	422.5	31.70	0.03404	991	82.98	-506.05	73.10	28.37	0.083153	0.0021558	0	0	0	991	71.6	30.65	422.70	31.721	30.56	0	101.4	5060.5	110205
84	"08:42:59"	963.0	0	4	128	0.52	420.0	31.70	0.0376	991	83.02	-506.03	73.12	28.36	0.071853	0.003117	0.0022777	-0.91904	0	991	71.6	30.65	423.27	31.725	30.56	0	101.4	5060.3	110205
85	"08:45:17"	1101.0	0	3	8	-0.0929	417.0	31.79	-0.006712	991	82.83	-506.04	72.94	28.45	-0.019971	0.0078551	0	0	0	991	71.6	30.74	417.16	31.813	30.65	0	101.4	5060.4	110205
86	"08:45:19"	1103.0	0	3	12	0.351	417.0	31.80	0.02536	991	82.90	-506.04	73.00	28.44	0.059397	0.0076095	0	0	0	991	71.6	30.74	417.57	31.837	30.65	0	101.4	5060.4	110205
87	"08:45:21"	1105.0	0	3	16	0.494	417.2	31.81	0.0357	991	82.93	-506.05	72.98	28.44	0.085185	0.0070747	0	0	0	991	71.6	30.75	417.54	31.833	30.65	0	101.4	5060.5	110205
88	"08:45:23"	1107.0	0	3	20	0.569	417.3	31.81	0.04112	991	83.07	-506.04	73.00	28.42	0.099085	0.0058358	0	0	0	991	71.6	30.75	417.74	31.845	30.66	0	101.4	5060.4	110205
89	"08:45:25"	1109.0	0	3	20	0.63	417.4	31.82	0.04555	991	82.97	-506.04	73.00	28.44	0.11036	0.0051374	0	0	0	991	71.6	30.75	418.00	31.846	30.66	0	101.4	5060.4	110205
90	"08:45:27"	1111.0	0	3	20	0.557	417.7	31.84	0.04024	991	82.94	-506.04	73.02	28.45	0.097326	0.0049343	0	0	0	991	71.6	30.75	418.08	31.860	30.66	0	101.4	5060.4	110205
91	"08:45:29"	1113.0	0	3	20	0.472	417.8	31.85	0.03411	991	82.97	-506.03	73.07	28.46	0.082094	0.0051067	0	0	0	991	71.6	30.75	418.55	31.882	30.66	0	101.4	5060.3	110205
92	"08:45:31"	1115.0	0	3	20	0.531	418.0	31.86	0.03834	991	82.97	-506.03	73.07	28.46	0.092133	0.0060888	0	0	0	991	71.6	30.75	418.38	31.882	30.66	0	101.4	5060.3	110205
93	"08:45:33"	1117.0	0	3	20	0.468	418.2	31.87	0.03384	991	82.95	-506.03	73.06	28.46	0.081688	0.004496	0	0	0	991	71.6	30.75	418.64	31.882	30.66	0	101.4	5060.3	110205
94	"08:45:35"	1119.0	0	3	20	0.459	418.4	31.87	0.03319	991	83.08	-506.03	73.11	28.45	0.08063	0.0032197	0	0	0	991	71.6	30.75	418.75	31.906	30.66	0	101.4	5060.3	110205
95	"08:45:37"	1121.0	0	3	20	0.493	418.5	31.89	0.03559	991	82.99	-506.04	73.11	28.46	0.086111	0.0042946	0	0	0	991	71.6	30.75	418.90	31.907	30.67	0	101.4	5060.4	110205
96	"08:45:39"	1123.0	0	3	20	0.442	418.7	31.89	0.03192	991	83.00	-506.04	73.09	28.46	0.076837	0.0047323	0	0	0	991	71.6	30.76	419.36	31.904	30.67	0	101.4	5060.4	110205
97	"08:45:41"	1125.0	0	3	20	0.565	418.9	31.90	0.04081	991	83.07	-506.03	73.14	28.46	0.098762	0.0048202	0	0	0	991	71.6	30.76	419.41	31.928	30.67	0	101.4	5060.3	110205
98	"08:45:43"	1127.0	0	3	20	0.44	419.1	31.91	0.03182	991	83.03	-506.04	73.16	28.47	0.076729	0.0044342	0	0	0	991	71.6	30.76	419.45	31.936	30.67	0	101.4	5060.4	110205
99	"08:45:45"	1129.0	0	3	20	0.549	419.3	31.92	0.03969	991	83.09	-506.03	73.18	28.47	0.096956	0.0026315	0	0	0	991	71.6	30.76	419.77	31.950	30.67	0	101.4	5060.3	110205
100	"08:45:47"	1131.0	0	3	20	0.514	419.4	31.93	0.03712	991	83.15	-506.03	73.23	28.47	0.089464	0.0052403	0	0	0	991	71.6	30.76	419.76	31.972	30.67	0	101.4	5060.3	110205
101	"08:45:49"	1133.0	0	3	20	0.432	419.6	31.94	0.03124	991	83.23	-506.03	73.25	28.45	0.073963	0.007483	0	0	0	991	71.6	30.76	420.12	31.978	30.67	0	101.4	5060.3	110205
102	"08:45:51"	1135.0	0	3	20	0.517	419.8	31.95	0.03732	991	83.17	-506.03	73.22	28.46	0.089409	0.0065185	0	0	0	991	71.6	30.76	420.31	31.971	30.67	0	101.4	5060.3	110205
103	"08:45:53"	1137.0	0	3	20	0.383	419.9	31.96	0.02767	991	83.19	-506.03	73.22	28.46	0.0663	0.0048052	0	0	0	991	71.6	30.76	420.27	31.976	30.68	0	101.4	5060.3	110205
104	"08:45:55"	1139.0	0	3	20	0.484	420.1	31.97	0.03494	991	83.28	-506.04	73.28	28.46	0.085545	0.0018795	0	0	0	991	71.6	30.76	420.46	32.006	30.68	0	101.4	5060.4	110205
105	"08:45:57"	1141.0	0	3	20	0.436	420.2	31.98	0.03149	991	83.27	-506.03	73.28	28.46	0.076704	0.0025792	0	0	0	991	71.6	30.77	420.96	32.003	30.68	0	101.4	5060.3	110205
106	"08:45:59"	1143.0	0	3	20	0.414	420.4	31.99	0.0299	991	83.37	-506.03	73.27	28.44	0.072358	0.0035083	0	0	0	991	71.6	30.77	420.63	32.006	30.68	0	101.4	5060.3	110205
107	"08:46:01"	1145.0	0	3	20	0.402	420.5	31.99	0.02901	991	83.29	-506.03	73.30	28.46	0.069721	0.0045793	0	0	0	991	71.6	30.77	420.82	32.020	30.68	0	101.4	5060.3	110205
108	"08:46:03"	1147.0	0	3	20	0.301	420.6	32.00	0.02174	991	83.27	-506.03	73.32	28.47	0.051534	0.0050696	0	0	0	991	71.6	30.77	420.79	32.030	30.68	0	101.4	5060.3	110205
109	"08:46:05"	1149.0	0	3	20	0.392	420.8	32.01	0.02829	991	83.33	-506.03	73.33	28.46	0.067659	0.0051775	0	0	0	991	71.6	30.77	421.33	32.036	30.68	0	101.4	5060.3	110205
110	"08:46:07"	1151.0	0	3	20	0.483	421.0	32.02	0.03491	991	83.36	-506.04	73.37	28.47	0.083938	0.0054027	0	0	0	991	71.6	30.77	421.53	32.059	30.68	0	101.4	5060.4	110205
111	"08:46:09"	1153.0	0	3	20	0.61	421.1	32.03	0.04405	991	83.41	-506.03	73.34	28.45	0.10665	0.0050736	0	0	0	991	71.6	30.77	421.61	32.050	30.69	0	101.4	5060.3	110205
112	"08:46:11"	1155.0	0	3	20	0.559	421.3	32.04	0.04042	991	83.34	-506.03	73.35	28.47	0.098258	0.0037493	0	0	0	991	71.6	30.78	422.05	32.052	30.69	0	101.4	5060.3	110205
113	"08:46:13"	1157.0	0	3	20	0.634	421.5	32.05	0.04581	991	83.42	-506.06	73.36	28.46	0.11179	0.0032834	0	0	0	991	71.6	30.78	422.47	32.065	30.69	0	101.4	5060.6	110205
114	"08:46:15"	1159.0	0	3	20	0.787	421.8	32.06	0.05683	991	83.44	-506.03	73.39	28.46	0.13879	0.0038213	0	0	0	991	71.6	30.78	422.54	32.073	30.69	0	101.4	5060.3	110205
115	"08:46:17"	1161.0	0	3	20	0.972	422.1	32.06	0.07025	991	83.45	-506.03	73.39	28.46	0.17232	0.0029725	0	0	0	991	71.6	30.78	423.04	32.077	30.69	0	101.4	5060.3	110205
116	"08:46:18"	1161.5	0	4	121	0.519	420.0	32.06	0.03749	991	83.42	-506.03	73.40	28.47	0.17232	0.0029725	0.0019622	-0.78662	0	991	71.6	30.78	423.18	32.084	30.69	0	101.4	5060.3	110205
