"OPEN 5.3.2"
"Fri May 31 2019 07:40:33"
"Unit="	"PSC-895"
"ComputeList="	"/User/Configs/Comps/Soil Efflux Eqns.LPL"
"BLCTable="	"/Sys/Lib/StdBLCTable"
"LightSource="	"Sun+Sky"	1	0.19
"LogFormat="	"/User/Configs/LogFormats/Soil Efflux Log Fmt"
"LogCodes="	-35	-21	-36	-104	310	311	320	302	303	306	304	321	322	323	324	300	301	330	331	305	307	308	-8	-2	-5	-9	-13	-11	-61	-23
"PromptList="	"/User/Configs/Prompts/Soil Efflux Prompts"
"Stability= (CO2S 15s SLP<1)(H2OS 15s SLP<1)(Flow 15s SLP<1)"
"07:40:34 "
$STARTOFDATA$
"Obs"	"HHMMSS"	"FTime"	"Plot#"	"Mode"	"Smpls"	"EFFLUX"	"C2avg"	"Wavg"	"dc'/dt"	"Vtot"	"RHcmbr%"	"Tsoil_C"	"RHirga%"	"Tsch_C"	"dC/dt"	"dW/dt"	"R(C)m"	"R(C)b"	"InsDpth"	"Vbase"	"Area"	"TBlk"	"CO2S"	"H2OS"	"Tair"	"PARo"	"Press"	"uc_21_mV"	"Status"
1	"07:41:15"	58.0	0	4	50	1.9	410.0	27.32	0.1376	991	76.67	-408.24	66.85	27.24	0.25081	0.01735	-0.005718	2.482	0	991	71.6	29.68	418.32	27.447	29.60	0	101.4	4082.4	110205
2	"07:41:52"	95.0	0	4	33	0.178	410.0	26.74	0.01284	991	74.93	-409.12	65.45	27.29	0.24149	0.030243	0.005374	-2.1905	0	991	71.6	29.70	429.11	26.912	29.62	0	101.4	4091.2	110205
3	"07:42:26"	128.5	0	4	33	1.74	410.0	27.09	0.1256	991	75.55	-412.97	66.14	27.35	0.24966	0.026986	-0.0024803	1.1425	0	991	71.6	29.72	422.20	27.228	29.64	0	101.4	4129.7	110205
4	"07:43:00"	163.0	0	4	35	1.04	410.0	27.35	0.07485	991	76.20	-413.74	66.65	27.36	0.21952	0.024346	0.00401	-1.5693	0	991	71.6	29.75	418.50	27.480	29.67	0	101.4	4137.4	110205
5	"07:43:42"	205.0	0	4	50	1.65	410.0	27.73	0.1191	991	76.94	-415.53	67.44	27.43	0.18788	0.018622	-0.0054854	2.3681	0	991	71.6	29.78	418.24	27.852	29.70	0	101.4	4155.3	110205
6	"07:45:23"	306.0	0	4	33	0.897	410.0	28.57	0.06477	991	78.82	-416.27	69.22	27.52	0.17979	0.016924	0.0011809	-0.41939	0	991	71.6	29.84	427.58	28.685	29.76	0	101.4	4162.7	110205
7	"07:46:02"	344.5	0	4	34	2.01	410.0	27.55	0.1451	991	76.34	-418.77	66.78	27.48	0.15013	0.028179	-0.0097994	4.1629	0	991	71.6	29.86	418.28	27.710	29.78	0	101.4	4187.7	110205
8	"07:46:58"	401.0	0	4	74	1.25	410.0	27.75	0.09009	991	76.36	-421.87	67.07	27.58	0.16581	0.022636	-0.0028373	1.2534	0	991	71.6	29.89	418.01	27.880	29.81	0	101.4	4218.7	110205
9	"07:47:52"	455.0	0	4	70	1.15	410.0	27.88	0.08342	991	76.59	-421.88	67.22	27.60	0.16064	0.021945	-0.0015373	0.7137	0	991	71.6	29.93	417.95	27.995	29.85	0	101.4	4218.8	110205
10	"07:48:49"	512.0	0	4	76	1.16	410.0	28.05	0.08406	991	76.89	-426.04	67.45	27.62	0.13081	0.020093	-0.0022279	0.99749	0	991	71.6	29.97	417.99	28.151	29.88	0	101.4	4260.4	110205
11	"07:50:53"	636.0	0	4	33	1.92	410.0	28.25	0.1387	991	77.17	-425.85	67.72	27.70	0.15009	0.025824	-0.0072964	3.1302	0	991	71.6	30.04	421.20	28.380	29.95	0	101.4	4258.5	110205
12	"07:51:27"	670.0	0	4	33	1.48	410.0	28.35	0.1071	991	77.34	-426.35	67.89	27.72	0.15256	0.023822	-0.0036526	1.6046	0	991	71.6	30.06	420.89	28.484	29.97	0	101.4	4263.5	110205
13	"07:52:01"	704.0	0	4	33	1.03	410.0	28.39	0.07474	991	77.29	-424.63	67.88	27.75	0.16546	0.022056	-0.00079229	0.39958	0	991	71.6	30.08	420.60	28.512	29.99	0	101.4	4246.3	110205
14	"07:52:36"	738.5	0	4	33	0.588	410.0	28.32	0.04249	991	76.99	-425.82	67.63	27.78	0.16768	0.02473	0.0032949	-1.3084	0	991	71.6	30.10	419.86	28.444	30.02	0	101.4	4258.2	110205
15	"07:53:10"	772.5	0	4	33	1.55	410.0	28.38	0.1119	991	76.96	-428.40	67.69	27.82	0.17322	0.023106	-0.0045465	1.9759	0	991	71.6	30.13	421.11	28.508	30.04	0	101.4	4284.0	110205
16	"07:54:33"	855.5	0	4	33	1.86	410.0	28.23	0.1347	991	76.60	-427.64	67.23	27.83	0.13693	0.026815	-0.0087342	3.7157	0	991	71.6	30.17	419.40	28.390	30.09	0	101.4	4276.4	110205
17	"07:55:07"	889.5	0	4	33	1.67	410.0	28.34	0.1208	991	76.92	-433.29	67.36	27.81	0.16367	0.024411	-0.0067169	2.8747	0	991	71.6	30.19	418.95	28.471	30.10	0	101.4	4332.9	110205
18	"07:55:41"	923.5	0	4	33	0.149	410.0	28.40	0.01074	991	76.66	-428.65	67.48	27.91	0.16403	0.022898	0.008047	-3.2885	0	991	71.6	30.20	418.87	28.542	30.12	0	101.4	4286.5	110205
19	"07:56:01"	943.5	0	3	8	1.1	410.0	27.23	0.07948	991	73.63	-430.90	64.59	27.87	0.17288	0.055024	0	0	0	991	71.6	30.21	410.36	27.344	30.13	0	101.4	4309.0	110205
20	"07:56:03"	945.5	0	3	12	1.19	410.2	27.28	0.08614	991	73.94	-431.66	64.83	27.86	0.1918	0.049077	0	0	0	991	71.6	30.21	410.89	27.443	30.13	0	101.4	4316.6	110205
21	"07:56:05"	947.5	0	3	16	1.17	410.4	27.33	0.08441	991	74.01	-432.20	65.00	27.89	0.18827	0.047355	0	0	0	991	71.6	30.21	411.09	27.515	30.13	0	101.4	4322.0	110205
22	"07:56:07"	949.5	0	3	20	1.09	410.5	27.37	0.07883	991	74.29	-432.24	65.17	27.87	0.17478	0.046607	0	0	0	991	71.6	30.22	411.34	27.591	30.13	0	101.4	4322.4	110205
23	"07:56:09"	951.5	0	3	20	1	410.9	27.46	0.07244	991	74.50	-432.34	65.36	27.87	0.16084	0.042274	0	0	0	991	71.6	30.22	411.59	27.673	30.13	0	101.4	4323.4	110205
24	"07:56:11"	953.5	0	3	20	0.839	411.2	27.54	0.06062	991	74.65	-432.58	65.50	27.88	0.13291	0.039321	0	0	0	991	71.6	30.22	411.77	27.736	30.14	0	101.4	4325.8	110205
25	"07:56:13"	955.5	0	3	20	0.727	411.4	27.62	0.05252	991	74.86	-432.34	65.65	27.87	0.11451	0.035569	0	0	0	991	71.6	30.22	412.14	27.802	30.14	0	101.4	4323.4	110205
26	"07:56:27"	969.0	0	3	20	0.749	411.5	27.64	0.05411	991	75.85	-432.18	66.54	27.88	0.11855	0.035283	0	0	0	991	71.6	30.23	414.12	28.196	30.15	0	101.4	4321.8	110205
27	"07:56:28"	970.0	0	4	26	1.23	410.0	27.64	0.08883	991	75.92	-431.89	66.60	27.88	0.11855	0.035283	-0.023122	9.5689	0	991	71.6	30.23	414.45	28.216	30.15	0	101.4	4318.9	110205
28	"07:56:45"	988.0	0	3	8	0.99	411.6	27.78	0.07155	991	74.84	-434.10	65.73	27.92	0.16143	0.035675	0	0	0	991	71.6	30.25	411.80	27.870	30.16	0	101.4	4341.0	110205
29	"07:56:47"	990.0	0	3	12	0.951	411.7	27.82	0.06873	991	75.05	-434.91	65.88	27.91	0.15476	0.034997	0	0	0	991	71.6	30.25	412.09	27.940	30.16	0	101.4	4349.1	110205
30	"07:56:49"	992.0	0	3	16	0.787	411.8	27.85	0.05687	991	75.18	-435.24	65.98	27.91	0.12575	0.034377	0	0	0	991	71.6	30.25	412.37	27.983	30.16	0	101.4	4352.4	110205
31	"07:56:51"	994.0	0	3	20	0.864	412.0	27.88	0.06239	991	75.30	-435.74	66.13	27.92	0.1404	0.031937	0	0	0	991	71.6	30.25	412.73	28.048	30.16	0	101.4	4357.4	110205
32	"07:56:53"	996.0	0	3	20	0.936	412.3	27.95	0.06762	991	75.65	-436.00	66.29	27.88	0.15346	0.031513	0	0	0	991	71.6	30.25	413.18	28.117	30.17	0	101.4	4360.0	110205
33	"07:56:55"	998.0	0	3	20	0.91	412.6	28.01	0.06572	991	75.69	-436.10	66.43	27.91	0.14912	0.030675	0	0	0	991	71.6	30.25	413.27	28.177	30.17	0	101.4	4361.0	110205
34	"07:56:57"	1000.0	0	3	20	0.986	412.9	28.07	0.07125	991	75.86	-436.04	66.53	27.90	0.16291	0.030267	0	0	0	991	71.6	30.25	413.49	28.222	30.17	0	101.4	4360.4	110205
35	"07:56:59"	1002.0	0	3	20	0.848	413.2	28.13	0.06126	991	75.85	-436.09	66.60	27.92	0.13922	0.02805	0	0	0	991	71.6	30.25	413.86	28.251	30.17	0	101.4	4360.9	110205
36	"07:57:01"	1004.0	0	3	20	0.744	413.4	28.18	0.05376	991	76.00	-435.59	66.77	27.93	0.12238	0.024138	0	0	0	991	71.6	30.26	414.22	28.328	30.17	0	101.4	4355.9	110205
37	"07:57:03"	1006.0	0	3	20	0.929	413.7	28.23	0.0671	991	76.12	-436.01	66.84	27.93	0.15508	0.024583	0	0	0	991	71.6	30.26	414.63	28.362	30.17	0	101.4	4360.1	110205
38	"07:57:05"	1008.0	0	3	20	0.875	414.0	28.28	0.06323	991	76.13	-436.41	66.92	27.94	0.14572	0.024125	0	0	0	991	71.6	30.26	414.80	28.393	30.17	0	101.4	4364.1	110205
39	"07:57:07"	1010.0	0	3	20	0.913	414.3	28.33	0.06594	991	76.42	-436.86	67.03	27.91	0.15262	0.0236	0	0	0	991	71.6	30.26	415.26	28.446	30.17	0	101.4	4368.6	110205
40	"07:57:09"	1012.0	0	3	20	0.997	414.6	28.37	0.07203	991	76.38	-437.04	67.13	27.94	0.16824	0.022228	0	0	0	991	71.6	30.26	415.73	28.490	30.18	0	101.4	4370.4	110205
41	"07:57:11"	1014.0	0	3	20	0.885	415.0	28.42	0.06396	991	76.59	-437.05	67.24	27.92	0.14899	0.020657	0	0	0	991	71.6	30.26	415.64	28.538	30.18	0	101.4	4370.5	110205
42	"07:57:13"	1016.0	0	3	20	0.922	415.2	28.46	0.06665	991	76.74	-436.94	67.33	27.92	0.15466	0.022862	0	0	0	991	71.6	30.26	416.19	28.578	30.18	0	101.4	4369.4	110205
43	"07:57:15"	1018.0	0	3	20	0.85	415.5	28.51	0.06139	991	76.87	-436.98	67.40	27.91	0.14149	0.023305	0	0	0	991	71.6	30.27	416.18	28.613	30.18	0	101.4	4369.8	110205
44	"07:57:17"	1020.0	0	3	20	0.782	415.8	28.55	0.05653	991	77.08	-437.13	67.54	27.89	0.13028	0.021463	0	0	0	991	71.6	30.26	416.53	28.670	30.18	0	101.4	4371.3	110205
45	"07:57:19"	1022.0	0	3	20	0.887	416.1	28.59	0.06405	991	76.97	-437.08	67.57	27.93	0.14944	0.020046	0	0	0	991	71.6	30.27	416.75	28.689	30.18	0	101.4	4370.8	110205
46	"07:57:21"	1024.0	0	3	20	0.93	416.4	28.63	0.0672	991	77.07	-436.92	67.65	27.93	0.15749	0.019357	0	0	0	991	71.6	30.27	417.18	28.723	30.18	0	101.4	4369.2	110205
47	"07:57:23"	1026.0	0	3	20	0.913	416.7	28.67	0.06595	991	77.25	-436.62	67.79	27.93	0.15468	0.018718	0	0	0	991	71.6	30.27	417.22	28.786	30.18	0	101.4	4366.2	110205
48	"07:57:25"	1028.0	0	3	20	0.769	417.0	28.71	0.05554	991	77.39	-436.43	67.87	27.92	0.12851	0.019847	0	0	0	991	71.6	30.27	417.57	28.821	30.19	0	101.4	4364.3	110205
49	"07:57:27"	1030.0	0	3	20	0.757	417.3	28.75	0.05467	991	77.35	-436.52	67.96	27.95	0.12618	0.020292	0	0	0	991	71.6	30.27	418.04	28.860	30.19	0	101.4	4365.2	110205
50	"07:57:28"	1030.5	0	4	85	0.923	410.0	28.75	0.06672	991	77.28	-436.54	67.94	27.96	0.12618	0.020292	-0.00070634	0.35632	0	991	71.6	30.27	417.98	28.854	30.19	0	101.4	4365.4	110205
51	"07:58:11"	1073.5	0	3	8	0.674	410.9	27.73	0.04873	991	74.66	-440.12	65.45	27.93	0.098115	0.052298	0	0	0	991	71.6	30.29	411.27	27.833	30.21	0	101.4	4401.2	110205
52	"07:58:13"	1075.5	0	3	12	1.04	411.1	27.78	0.07538	991	74.95	-440.74	65.73	27.94	0.1646	0.050579	0	0	0	991	71.6	30.29	411.69	27.955	30.21	0	101.4	4407.4	110205
53	"07:58:15"	1077.5	0	3	16	1.01	411.3	27.83	0.07275	991	75.10	-441.35	65.86	27.94	0.15907	0.048297	0	0	0	991	71.6	30.29	411.94	28.009	30.21	0	101.4	4413.5	110205
54	"07:58:17"	1079.5	0	3	20	0.941	411.4	27.87	0.068	991	75.05	-442.21	65.95	27.98	0.14906	0.044293	0	0	0	991	71.6	30.29	412.17	28.047	30.21	0	101.4	4422.1	110205
55	"07:58:19"	1081.5	0	3	20	0.945	411.7	27.95	0.06826	991	75.20	-442.70	66.17	28.00	0.15226	0.038255	0	0	0	991	71.6	30.29	412.53	28.138	30.21	0	101.4	4427.0	110205
56	"07:58:21"	1083.5	0	3	20	0.898	412.0	28.03	0.06485	991	75.50	-443.18	66.31	27.97	0.14547	0.03432	0	0	0	991	71.6	30.29	412.76	28.202	30.21	0	101.4	4431.8	110205
57	"07:58:23"	1085.5	0	3	20	0.892	412.3	28.10	0.06444	991	75.70	-443.97	66.46	27.96	0.14521	0.032538	0	0	0	991	71.6	30.30	413.29	28.267	30.21	0	101.4	4439.7	110205
58	"07:58:25"	1087.5	0	3	20	0.897	412.6	28.16	0.06478	991	75.80	-444.70	66.55	27.96	0.14667	0.031036	0	0	0	991	71.6	30.30	413.21	28.305	30.21	0	101.4	4447.0	110205
59	"07:58:27"	1089.5	0	3	20	0.907	412.9	28.22	0.06552	991	76.04	-445.24	66.68	27.94	0.14905	0.029671	0	0	0	991	71.6	30.29	413.67	28.360	30.21	0	101.4	4452.4	110205
60	"07:58:29"	1091.5	0	3	20	0.9	413.2	28.27	0.06502	991	76.23	-445.62	66.81	27.93	0.14886	0.027212	0	0	0	991	71.6	30.29	414.08	28.414	30.21	0	101.4	4456.2	110205
61	"07:58:31"	1093.5	0	3	20	1.01	413.5	28.33	0.07262	991	76.42	-446.00	66.96	27.93	0.16786	0.026564	0	0	0	991	71.6	30.29	414.37	28.479	30.21	0	101.4	4460.0	110205
62	"07:58:33"	1095.5	0	3	20	0.95	413.8	28.38	0.06863	991	76.45	-446.28	67.05	27.94	0.15751	0.027764	0	0	0	991	71.6	30.29	414.58	28.513	30.21	0	101.4	4462.8	110205
63	"07:58:35"	1097.5	0	3	20	0.925	414.2	28.44	0.06683	991	76.42	-446.42	67.14	27.97	0.15377	0.026145	0	0	0	991	71.6	30.29	414.90	28.551	30.21	0	101.4	4464.2	110205
64	"07:58:37"	1099.5	0	3	20	0.843	414.4	28.49	0.06093	991	76.54	-446.58	67.24	27.97	0.13978	0.024793	0	0	0	991	71.6	30.29	415.14	28.597	30.21	0	101.4	4465.8	110205
65	"07:58:39"	1101.5	0	3	20	0.734	414.7	28.53	0.05306	991	76.71	-446.81	67.37	27.97	0.12153	0.022019	0	0	0	991	71.6	30.29	415.57	28.649	30.21	0	101.4	4468.1	110205
66	"07:58:41"	1103.5	0	3	20	0.836	415.0	28.58	0.06041	991	76.79	-447.10	67.45	27.97	0.14034	0.0204	0	0	0	991	71.6	30.30	415.82	28.685	30.21	0	101.4	4471.0	110205
67	"07:58:43"	1105.5	0	3	20	0.892	415.3	28.62	0.06442	991	77.08	-447.19	67.55	27.93	0.15016	0.020523	0	0	0	991	71.6	30.30	416.08	28.733	30.22	0	101.4	4471.9	110205
68	"07:58:45"	1107.5	0	3	20	0.888	415.6	28.66	0.06413	991	77.29	-447.20	67.67	27.91	0.14934	0.020772	0	0	0	991	71.6	30.30	416.27	28.781	30.21	0	101.4	4472.0	110205
69	"07:58:47"	1109.5	0	3	20	0.978	415.9	28.70	0.07068	991	77.18	-447.19	67.75	27.96	0.16507	0.021779	0	0	0	991	71.6	30.30	416.81	28.817	30.22	0	101.4	4471.9	110205
70	"07:58:49"	1111.5	0	3	20	0.938	416.2	28.74	0.06776	991	77.06	-447.37	67.78	28.00	0.15845	0.020431	0	0	0	991	71.6	30.30	416.81	28.835	30.22	0	101.4	4473.7	110205
71	"07:58:51"	1113.5	0	3	20	0.941	416.5	28.78	0.068	991	77.23	-447.45	67.93	28.00	0.15973	0.018799	0	0	0	991	71.6	30.30	417.41	28.899	30.22	0	101.4	4474.5	110205
72	"07:58:53"	1115.5	0	3	20	0.931	416.8	28.82	0.06729	991	77.40	-447.64	67.98	27.97	0.15777	0.019294	0	0	0	991	71.6	30.30	417.54	28.919	30.22	0	101.4	4476.4	110205
73	"07:58:55"	1117.5	0	4	88	0.933	410.0	28.85	0.06738	991	77.47	-447.83	68.06	27.98	0.14229	0.018559	-0.00039811	0.2306	0	991	71.6	30.30	418.09	28.957	30.22	0	101.4	4478.3	110205
74	"07:59:13"	1136.0	0	3	8	1.53	411.7	28.08	0.1104	991	75.52	-449.42	66.26	27.97	0.25155	0.049125	0	0	0	991	71.6	30.31	412.46	28.207	30.23	0	101.4	4494.2	110205
75	"07:59:15"	1138.0	0	3	12	1.15	411.9	28.13	0.08328	991	75.73	-449.52	66.41	27.96	0.1855	0.047181	0	0	0	991	71.6	30.31	412.44	28.273	30.23	0	101.4	4495.2	110205
76	"07:59:17"	1140.0	0	3	16	1.1	412.1	28.17	0.07932	991	75.73	-449.56	66.55	28.00	0.17689	0.044457	0	0	0	991	71.6	30.31	412.61	28.335	30.23	0	101.4	4495.6	110205
77	"07:59:19"	1142.0	0	3	20	1.04	412.2	28.21	0.07511	991	75.88	-449.47	66.65	27.99	0.1688	0.039032	0	0	0	991	71.6	30.31	412.99	28.380	30.23	0	101.4	4494.7	110205
78	"07:59:21"	1144.0	0	3	20	0.942	412.6	28.28	0.06804	991	76.12	-449.60	66.80	27.97	0.15426	0.032113	0	0	0	991	71.6	30.31	413.18	28.441	30.23	0	101.4	4496.0	110205
79	"07:59:23"	1146.0	0	3	20	0.834	412.8	28.34	0.06025	991	76.14	-449.71	66.87	27.99	0.13718	0.027055	0	0	0	991	71.6	30.31	413.57	28.474	30.23	0	101.4	4497.1	110205
80	"07:59:25"	1148.0	0	3	20	0.871	413.1	28.40	0.06294	991	76.26	-449.91	67.06	28.01	0.14448	0.025478	0	0	0	991	71.6	30.31	413.93	28.555	30.23	0	101.4	4499.1	110205
81	"07:59:27"	1150.0	0	3	20	0.884	413.4	28.45	0.06388	991	76.34	-450.11	67.17	28.02	0.1458	0.027854	0	0	0	991	71.6	30.31	414.48	28.600	30.23	0	101.4	4501.1	110205
82	"07:59:29"	1152.0	0	3	20	0.881	413.7	28.51	0.06368	991	76.45	-450.41	67.25	28.02	0.14507	0.02839	0	0	0	991	71.6	30.32	414.50	28.638	30.24	0	101.4	4504.1	110205
83	"07:59:31"	1154.0	0	3	20	0.948	414.0	28.56	0.0685	991	76.59	-450.62	67.39	28.02	0.15794	0.026068	0	0	0	991	71.6	30.31	414.89	28.696	30.24	0	101.4	4506.2	110205
84	"07:59:33"	1156.0	0	3	20	0.869	414.3	28.61	0.06276	991	76.65	-450.80	67.42	28.02	0.14464	0.024033	0	0	0	991	71.6	30.31	414.96	28.710	30.24	0	101.4	4508.0	110205
85	"07:59:35"	1158.0	0	3	20	0.899	414.6	28.66	0.06493	991	77.04	-450.95	67.56	27.97	0.15129	0.0209	0	0	0	991	71.6	30.31	415.44	28.772	30.24	0	101.4	4509.5	110205
86	"07:59:37"	1160.0	0	3	20	0.838	414.9	28.70	0.06056	991	77.12	-451.05	67.63	27.96	0.14096	0.019836	0	0	0	991	71.6	30.32	415.49	28.800	30.24	0	101.4	4510.5	110205
87	"07:59:39"	1162.0	0	3	20	0.82	415.2	28.74	0.05923	991	77.11	-451.15	67.70	27.99	0.13787	0.019392	0	0	0	991	71.6	30.32	415.87	28.834	30.24	0	101.4	4511.5	110205
88	"07:59:41"	1164.0	0	3	20	0.776	415.5	28.78	0.05607	991	77.12	-451.34	67.86	28.02	0.13004	0.019497	0	0	0	991	71.6	30.32	416.19	28.899	30.24	0	101.4	4513.4	110205
89	"07:59:43"	1166.0	0	3	20	0.721	415.7	28.82	0.05207	991	77.16	-451.47	67.91	28.03	0.11968	0.020657	0	0	0	991	71.6	30.32	416.61	28.923	30.24	0	101.4	4514.7	110205
90	"07:59:45"	1168.0	0	3	20	0.872	416.0	28.86	0.06301	991	77.26	-451.62	67.98	28.03	0.14662	0.020739	0	0	0	991	71.6	30.32	417.02	28.956	30.24	0	101.4	4516.2	110205
91	"07:59:47"	1170.0	0	3	20	0.964	416.3	28.90	0.06962	991	77.33	-451.75	68.10	28.04	0.16302	0.020537	0	0	0	991	71.6	30.32	417.03	29.003	30.24	0	101.4	4517.5	110205
92	"07:59:49"	1172.0	0	3	20	0.969	416.6	28.94	0.07001	991	77.40	-451.93	68.14	28.04	0.16439	0.019543	0	0	0	991	71.6	30.32	417.54	29.025	30.24	0	101.4	4519.3	110205
93	"07:59:51"	1174.0	0	3	20	0.938	416.9	28.98	0.0678	991	77.53	-452.11	68.25	28.03	0.15968	0.017811	0	0	0	991	71.6	30.32	417.75	29.070	30.24	0	101.4	4521.1	110205
94	"07:59:53"	1175.5	0	4	79	1.14	410.0	28.99	0.08235	991	77.60	-452.29	68.31	28.03	0.14992	0.018872	-0.0035005	1.5176	0	991	71.6	30.32	418.06	29.097	30.24	0	101.4	4522.9	110205
95	"08:00:11"	1194.0	0	3	8	1.23	411.8	28.22	0.08895	991	75.88	-453.82	66.47	27.96	0.19963	0.046804	0	0	0	991	71.6	30.33	412.26	28.332	30.25	0	101.4	4538.2	110205
96	"08:00:13"	1196.0	0	3	12	1.25	412.0	28.26	0.09025	991	75.93	-453.98	66.61	27.99	0.20464	0.042597	0	0	0	991	71.6	30.33	412.71	28.391	30.25	0	101.4	4539.8	110205
97	"08:00:15"	1198.0	0	3	16	1.07	412.2	28.29	0.07752	991	75.94	-454.08	66.73	28.02	0.17483	0.038865	0	0	0	991	71.6	30.33	412.61	28.441	30.25	0	101.4	4540.8	110205
98	"08:00:17"	1200.0	0	3	20	0.921	412.3	28.33	0.06655	991	76.11	-454.22	66.89	28.02	0.14842	0.037289	0	0	0	991	71.6	30.33	413.24	28.515	30.25	0	101.4	4542.2	110205
99	"08:00:19"	1202.0	0	3	20	0.935	412.7	28.40	0.06756	991	76.20	-454.22	67.03	28.03	0.15211	0.03443	0	0	0	991	71.6	30.33	413.48	28.570	30.25	0	101.4	4542.2	110205
100	"08:00:21"	1204.0	0	3	20	0.922	413.0	28.47	0.0666	991	76.50	-454.28	67.16	28.00	0.15127	0.030759	0	0	0	991	71.6	30.33	413.75	28.627	30.25	0	101.4	4542.8	110205
101	"08:00:23"	1206.0	0	3	20	0.998	413.3	28.53	0.07209	991	76.51	-454.27	67.25	28.02	0.16557	0.029027	0	0	0	991	71.6	30.33	413.97	28.665	30.25	0	101.4	4542.7	110205
102	"08:00:25"	1208.0	0	3	20	0.981	413.6	28.58	0.07087	991	76.68	-454.03	67.33	28.00	0.16376	0.026148	0	0	0	991	71.6	30.34	414.59	28.701	30.25	0	101.4	4540.3	110205
103	"08:00:27"	1210.0	0	3	20	0.864	413.9	28.63	0.06244	991	76.92	-453.86	67.47	27.99	0.14398	0.023707	0	0	0	991	71.6	30.33	414.60	28.762	30.25	0	101.4	4538.6	110205
104	"08:00:29"	1212.0	0	3	20	0.872	414.2	28.68	0.06298	991	76.93	-454.00	67.58	28.01	0.1451	0.024217	0	0	0	991	71.6	30.34	414.92	28.811	30.26	0	101.4	4540.0	110205
105	"08:00:31"	1214.0	0	3	20	0.875	414.5	28.73	0.06322	991	77.28	-454.21	67.71	27.97	0.14575	0.024039	0	0	0	991	71.6	30.34	415.34	28.868	30.26	0	101.4	4542.1	110205
106	"08:00:33"	1216.0	0	3	20	0.856	414.7	28.78	0.06188	991	77.11	-454.44	67.74	28.01	0.14256	0.023762	0	0	0	991	71.6	30.34	415.42	28.880	30.26	0	101.4	4544.4	110205
107	"08:00:35"	1218.0	0	3	20	0.815	415.0	28.82	0.05887	991	77.29	-454.56	67.85	28.00	0.13566	0.0225	0	0	0	991	71.6	30.34	415.82	28.928	30.26	0	101.4	4545.6	110205
108	"08:00:37"	1220.0	0	3	20	0.935	415.3	28.86	0.06752	991	77.40	-454.69	67.95	28.01	0.1583	0.019453	0	0	0	991	71.6	30.34	416.21	28.974	30.26	0	101.4	4546.9	110205
109	"08:00:39"	1222.0	0	3	20	0.919	415.6	28.91	0.0664	991	77.47	-454.74	68.03	28.01	0.15579	0.018883	0	0	0	991	71.6	30.34	416.44	29.011	30.26	0	101.4	4547.4	110205
110	"08:00:41"	1224.0	0	3	20	0.95	415.9	28.94	0.06865	991	77.45	-454.84	68.14	28.04	0.16111	0.01945	0	0	0	991	71.6	30.34	416.45	29.058	30.26	0	101.4	4548.4	110205
111	"08:00:43"	1226.0	0	3	20	0.855	416.2	28.98	0.06174	991	77.57	-454.78	68.19	28.03	0.14378	0.020035	0	0	0	991	71.6	30.34	417.21	29.080	30.26	0	101.4	4547.8	110205
112	"08:00:45"	1228.0	0	3	20	0.852	416.5	29.02	0.06153	991	77.73	-454.78	68.29	28.02	0.14346	0.019529	0	0	0	991	71.6	30.34	417.49	29.127	30.26	0	101.4	4547.8	110205
113	"08:00:47"	1230.0	0	3	20	0.958	416.9	29.06	0.06924	991	77.82	-454.73	68.33	28.01	0.1627	0.019035	0	0	0	991	71.6	30.35	417.60	29.143	30.26	0	101.4	4547.3	110205
114	"08:00:49"	1232.0	0	3	20	0.919	417.2	29.10	0.06643	991	77.90	-454.81	68.43	28.02	0.1567	0.016846	0	0	0	991	71.6	30.35	417.89	29.188	30.26	0	101.4	4548.1	110205
115	"08:00:51"	1234.0	0	4	80	1.09	410.0	29.12	0.07901	991	78.03	-454.82	68.47	28.00	0.15443	0.016893	-0.0025162	1.1106	0	991	71.6	30.35	418.39	29.209	30.27	0	101.4	4548.2	110205
116	"08:01:10"	1253.0	0	3	8	1.05	411.1	28.18	0.07582	991	75.41	-455.05	66.27	28.05	0.1654	0.051394	0	0	0	991	71.6	30.36	411.47	28.293	30.28	0	101.4	4550.5	110205
117	"08:01:12"	1255.0	0	3	12	1.01	411.3	28.23	0.07266	991	75.78	-454.97	66.44	28.00	0.15844	0.049306	0	0	0	991	71.6	30.36	411.86	28.365	30.28	0	101.4	4549.7	110205
118	"08:01:14"	1257.0	0	3	16	0.972	411.4	28.27	0.07021	991	75.86	-454.87	66.58	28.02	0.15551	0.041988	0	0	0	991	71.6	30.36	412.00	28.422	30.28	0	101.4	4548.7	110205
119	"08:01:16"	1259.0	0	3	20	0.867	411.6	28.30	0.06261	991	76.09	-454.77	66.74	28.01	0.13806	0.038865	0	0	0	991	71.6	30.36	412.41	28.493	30.28	0	101.4	4547.7	110205
120	"08:01:18"	1261.0	0	3	20	0.933	411.9	28.38	0.06742	991	76.24	-454.84	66.88	28.02	0.15207	0.033801	0	0	0	991	71.6	30.36	412.69	28.556	30.28	0	101.4	4548.4	110205
121	"08:01:20"	1263.0	0	3	20	0.98	412.2	28.45	0.0708	991	76.27	-455.02	66.96	28.03	0.16144	0.031352	0	0	0	991	71.6	30.36	413.09	28.593	30.28	0	101.4	4550.2	110205
122	"08:01:22"	1265.0	0	3	20	0.95	412.5	28.51	0.06862	991	76.47	-455.17	67.12	28.03	0.15609	0.031236	0	0	0	991	71.6	30.37	413.30	28.663	30.28	0	101.4	4551.7	110205
123	"08:01:24"	1267.0	0	3	20	0.942	412.8	28.57	0.06804	991	76.43	-455.10	67.21	28.06	0.15542	0.029471	0	0	0	991	71.6	30.37	413.66	28.702	30.28	0	101.4	4551.0	110205
124	"08:01:26"	1269.0	0	3	20	0.893	413.1	28.62	0.06449	991	76.56	-454.97	67.33	28.06	0.14752	0.02741	0	0	0	991	71.6	30.37	413.85	28.748	30.28	0	101.4	4549.7	110205
125	"08:01:28"	1271.0	0	3	20	0.852	413.4	28.68	0.06156	991	76.62	-454.90	67.44	28.08	0.14149	0.02461	0	0	0	991	71.6	30.37	414.15	28.800	30.29	0	101.4	4549.0	110205
126	"08:01:30"	1273.0	0	3	20	0.962	413.7	28.72	0.06952	991	76.72	-454.72	67.50	28.07	0.16156	0.023546	0	0	0	991	71.6	30.37	414.48	28.832	30.29	0	101.4	4547.2	110205
127	"08:01:32"	1275.0	0	3	20	0.874	414.0	28.77	0.06314	991	76.96	-454.42	67.62	28.05	0.14699	0.020772	0	0	0	991	71.6	30.37	414.75	28.886	30.29	0	101.4	4544.2	110205
128	"08:01:34"	1277.0	0	3	20	0.809	414.3	28.81	0.05845	991	77.25	-454.44	67.76	28.02	0.13509	0.021451	0	0	0	991	71.6	30.37	415.11	28.947	30.29	0	101.4	4544.4	110205
129	"08:01:36"	1279.0	0	3	20	0.89	414.6	28.86	0.0643	991	77.28	-454.44	67.83	28.03	0.14878	0.023229	0	0	0	991	71.6	30.37	415.49	28.977	30.29	0	101.4	4544.4	110205
130	"08:01:38"	1281.0	0	3	20	0.792	414.9	28.90	0.0572	991	77.41	-454.42	67.93	28.03	0.13143	0.022792	0	0	0	991	71.6	30.37	415.55	29.022	30.29	0	101.4	4544.2	110205
131	"08:01:40"	1283.0	0	3	20	0.87	415.1	28.94	0.06286	991	77.43	-454.53	67.97	28.04	0.14541	0.022748	0	0	0	991	71.6	30.38	416.01	29.041	30.29	0	101.4	4545.3	110205
132	"08:01:42"	1285.0	0	3	20	0.912	415.5	28.99	0.06588	991	77.61	-454.60	68.09	28.03	0.1535	0.021232	0	0	0	991	71.6	30.38	416.37	29.092	30.29	0	101.4	4546.0	110205
133	"08:01:44"	1287.0	0	3	20	0.898	415.8	29.03	0.0649	991	77.71	-454.66	68.15	28.02	0.15149	0.020255	0	0	0	991	71.6	30.38	416.48	29.118	30.29	0	101.4	4546.6	110205
134	"08:01:46"	1289.0	0	3	20	0.828	416.0	29.07	0.05982	991	77.77	-454.70	68.27	28.04	0.13958	0.018826	0	0	0	991	71.6	30.38	416.59	29.176	30.30	0	101.4	4547.0	110205
135	"08:01:48"	1291.0	0	3	20	0.769	416.3	29.11	0.05554	991	77.84	-454.73	68.33	28.04	0.12902	0.01878	0	0	0	991	71.6	30.38	416.97	29.203	30.30	0	101.4	4547.3	110205
136	"08:01:50"	1293.0	0	3	20	0.766	416.6	29.15	0.05536	991	77.78	-454.83	68.34	28.06	0.129	0.017792	0	0	0	991	71.6	30.38	417.65	29.207	30.30	0	101.4	4548.3	110205
137	"08:01:52"	1295.0	0	3	20	0.86	416.9	29.18	0.06211	991	77.88	-454.92	68.47	28.07	0.14617	0.016634	0	0	0	991	71.6	30.38	417.28	29.267	30.30	0	101.4	4549.2	110205
138	"08:01:54"	1297.0	0	3	20	0.802	417.1	29.21	0.05797	991	77.94	-454.97	68.55	28.08	0.13597	0.016608	0	0	0	991	71.6	30.38	417.76	29.301	30.30	0	101.4	4549.7	110205
139	"08:01:56"	1298.5	0	4	91	1	410.0	29.23	0.07226	991	77.94	-454.93	68.60	28.09	0.13637	0.015823	-0.0019722	0.88087	0	991	71.6	30.39	418.24	29.327	30.30	0	101.4	4549.3	110205
140	"08:02:15"	1317.5	0	3	8	0.968	411.2	28.30	0.06997	991	75.56	-454.88	66.37	28.07	0.15415	0.043878	0	0	0	991	71.6	30.40	411.72	28.397	30.32	0	101.4	4548.8	110205
141	"08:02:17"	1319.5	0	3	12	1.18	411.4	28.34	0.08496	991	75.76	-454.71	66.53	28.07	0.19098	0.044234	0	0	0	991	71.6	30.40	411.68	28.467	30.32	0	101.4	4547.1	110205
142	"08:02:19"	1321.5	0	3	16	0.982	411.6	28.38	0.07095	991	75.84	-454.43	66.68	28.09	0.15823	0.039948	0	0	0	991	71.6	30.40	411.99	28.535	30.32	0	101.4	4544.3	110205
143	"08:02:21"	1323.5	0	3	20	0.859	411.7	28.41	0.06208	991	76.14	-454.17	66.78	28.05	0.13754	0.03703	0	0	0	991	71.6	30.40	412.17	28.576	30.32	0	101.4	4541.7	110205
144	"08:02:23"	1325.5	0	3	20	0.717	411.9	28.49	0.05182	991	76.31	-454.08	66.95	28.06	0.11375	0.033395	0	0	0	991	71.6	30.40	412.54	28.651	30.32	0	101.4	4540.8	110205
145	"08:02:25"	1327.5	0	3	20	0.669	412.2	28.55	0.0483	991	76.49	-453.99	67.05	28.04	0.10646	0.030066	0	0	0	991	71.6	30.41	412.67	28.695	30.32	0	101.4	4539.9	110205
146	"08:02:27"	1329.5	0	3	20	0.768	412.4	28.61	0.05546	991	76.52	-453.74	67.18	28.07	0.12448	0.029244	0	0	0	991	71.6	30.41	413.29	28.751	30.32	0	101.4	4537.4	110205
147	"08:02:29"	1331.5	0	3	20	0.855	412.7	28.66	0.06176	991	76.50	-453.37	67.26	28.10	0.14088	0.027255	0	0	0	991	71.6	30.41	413.39	28.788	30.32	0	101.4	4533.7	110205
148	"08:02:31"	1333.5	0	3	20	0.917	412.9	28.72	0.06626	991	76.74	-453.01	67.40	28.08	0.15319	0.024406	0	0	0	991	71.6	30.41	414.08	28.853	30.33	0	101.4	4530.1	110205
149	"08:02:33"	1335.5	0	3	20	1	413.3	28.77	0.07235	991	76.96	-452.73	67.53	28.07	0.16834	0.024065	0	0	0	991	71.6	30.41	414.24	28.909	30.33	0	101.4	4527.3	110205
150	"08:02:35"	1337.5	0	3	20	0.982	413.6	28.81	0.07094	991	77.04	-452.51	67.61	28.07	0.16507	0.023599	0	0	0	991	71.6	30.41	414.34	28.947	30.33	0	101.4	4525.1	110205
151	"08:02:37"	1339.5	0	3	20	0.905	413.9	28.86	0.06538	991	77.04	-452.33	67.70	28.09	0.15106	0.024223	0	0	0	991	71.6	30.41	414.58	28.987	30.33	0	101.4	4523.3	110205
152	"08:02:39"	1341.5	0	3	20	0.858	414.2	28.91	0.06198	991	77.08	-452.25	67.75	28.10	0.14261	0.024352	0	0	0	991	71.6	30.42	415.04	29.011	30.33	0	101.4	4522.5	110205
153	"08:02:41"	1343.5	0	3	20	0.83	414.5	28.95	0.05996	991	77.25	-452.18	67.89	28.10	0.13888	0.021386	0	0	0	991	71.6	30.42	415.11	29.070	30.33	0	101.4	4521.8	110205
154	"08:02:43"	1345.5	0	3	20	0.858	414.8	29.00	0.06201	991	77.35	-452.33	67.97	28.10	0.14428	0.020579	0	0	0	991	71.6	30.42	415.53	29.109	30.33	0	101.4	4523.3	110205
155	"08:02:45"	1347.5	0	3	20	0.824	415.1	29.04	0.05951	991	77.51	-452.43	68.05	28.08	0.13902	0.018415	0	0	0	991	71.6	30.42	415.95	29.143	30.33	0	101.4	4524.3	110205
156	"08:02:47"	1349.5	0	3	20	0.854	415.4	29.08	0.06168	991	77.64	-452.59	68.17	28.08	0.14405	0.01921	0	0	0	991	71.6	30.42	416.17	29.197	30.34	0	101.4	4525.9	110205
157	"08:02:49"	1351.5	0	3	20	0.86	415.7	29.12	0.06212	991	77.74	-452.62	68.21	28.07	0.14404	0.02174	0	0	0	991	71.6	30.42	416.36	29.214	30.34	0	101.4	4526.2	110205
158	"08:02:51"	1353.5	0	3	20	0.864	415.9	29.16	0.06244	991	77.75	-452.53	68.28	28.09	0.14554	0.020075	0	0	0	991	71.6	30.42	416.55	29.250	30.34	0	101.4	4525.3	110205
159	"08:02:53"	1355.5	0	3	20	0.817	416.2	29.20	0.05905	991	77.85	-452.02	68.43	28.11	0.13748	0.019329	0	0	0	991	71.6	30.43	417.11	29.316	30.34	0	101.4	4520.2	110205
160	"08:02:55"	1357.5	0	3	20	0.903	416.5	29.24	0.06523	991	77.76	-451.52	68.40	28.12	0.15388	0.016667	0	0	0	991	71.6	30.43	417.35	29.306	30.34	0	101.4	4515.2	110205
161	"08:02:57"	1359.5	0	3	20	0.837	416.8	29.27	0.06049	991	77.89	-451.10	68.52	28.12	0.14306	0.014596	0	0	0	991	71.6	30.43	417.37	29.355	30.34	0	101.4	4511.0	110205
162	"08:02:59"	1361.5	0	3	20	0.883	417.1	29.30	0.06379	991	78.02	-450.59	68.59	28.12	0.15011	0.017139	0	0	0	991	71.6	30.43	418.00	29.393	30.34	0	101.4	4505.9	110205
163	"08:02:59"	1362.0	0	4	89	0.915	410.0	29.30	0.0661	991	78.03	-450.39	68.61	28.12	0.15011	0.017139	-0.00067286	0.34198	0	991	71.6	30.43	418.06	29.400	30.34	0	101.4	4503.9	110205
164	"08:06:40"	1583.0	0	3	8	1.18	398.2	25.62	0.08546	991	68.16	-461.80	59.87	28.23	0.16903	0.10279	0	0	0	991	71.6	30.55	398.21	25.843	30.47	0	101.4	4618.0	110205
165	"08:06:42"	1585.0	0	3	12	0.984	398.3	25.71	0.07106	991	68.70	-461.74	60.26	28.20	0.13523	0.098444	0	0	0	991	71.6	30.55	398.97	26.009	30.47	0	101.4	4617.4	110205
166	"08:06:44"	1587.0	0	3	16	1.06	398.5	25.80	0.07663	991	69.07	-461.67	60.59	28.20	0.15226	0.090366	0	0	0	991	71.6	30.55	399.18	26.156	30.47	0	101.4	4616.8	110205
167	"08:06:46"	1589.0	0	3	20	1.12	398.7	25.88	0.08099	991	69.39	-461.59	60.94	28.22	0.16422	0.087441	0	0	0	991	71.6	30.55	399.35	26.305	30.47	0	101.4	4615.9	110205
168	"08:06:48"	1591.0	0	3	20	1.09	399.0	26.05	0.07889	991	69.80	-461.45	61.22	28.20	0.16328	0.076947	0	0	0	991	71.6	30.55	399.57	26.425	30.47	0	101.4	4614.5	110205
169	"08:06:50"	1593.0	0	3	20	1.03	399.3	26.20	0.07445	991	69.99	-461.29	61.46	28.22	0.15521	0.069842	0	0	0	991	71.6	30.55	400.04	26.533	30.47	0	101.4	4612.9	110205
170	"08:06:52"	1595.0	0	3	20	0.957	399.6	26.33	0.06913	991	70.47	-461.11	61.74	28.18	0.14382	0.065461	0	0	0	991	71.6	30.56	400.47	26.654	30.47	0	101.4	4611.1	110205
171	"08:06:54"	1597.0	0	3	20	1.09	399.9	26.46	0.07852	991	70.67	-460.99	61.97	28.20	0.16911	0.060329	0	0	0	991	71.6	30.55	400.65	26.755	30.47	0	101.4	4609.9	110205
172	"08:06:56"	1599.0	0	3	20	1.18	400.3	26.58	0.08492	991	71.01	-460.76	62.30	28.21	0.18546	0.058944	0	0	0	991	71.6	30.56	401.26	26.899	30.48	0	101.4	4607.6	110205
173	"08:06:58"	1601.0	0	3	20	1.12	400.6	26.69	0.08099	991	71.09	-460.63	62.41	28.22	0.17686	0.056264	0	0	0	991	71.6	30.56	401.28	26.945	30.48	0	101.4	4606.3	110205
174	"08:07:00"	1603.0	0	3	20	1.05	400.9	26.80	0.07572	991	71.35	-460.46	62.70	28.24	0.16531	0.052641	0	0	0	991	71.6	30.56	401.95	27.071	30.48	0	101.4	4604.6	110205
175	"08:07:02"	1605.0	0	3	20	1.01	401.3	26.91	0.07321	991	71.61	-460.38	62.90	28.23	0.15971	0.05113	0	0	0	991	71.6	30.56	402.11	27.160	30.48	0	101.4	4603.8	110205
176	"08:07:04"	1607.0	0	3	20	1.05	401.6	27.00	0.07558	991	71.83	-460.56	63.09	28.23	0.16686	0.047976	0	0	0	991	71.6	30.56	402.48	27.244	30.48	0	101.4	4605.6	110205
177	"08:07:06"	1609.0	0	3	20	1.02	401.9	27.10	0.07337	991	72.10	-460.87	63.29	28.22	0.16243	0.045381	0	0	0	991	71.6	30.56	402.68	27.332	30.48	0	101.4	4608.7	110205
178	"08:07:08"	1611.0	0	3	20	0.994	402.3	27.19	0.07185	991	72.30	-461.18	63.46	28.22	0.15884	0.044981	0	0	0	991	71.6	30.57	402.99	27.407	30.48	0	101.4	4611.8	110205
179	"08:07:10"	1613.0	0	3	20	1	402.6	27.27	0.07261	991	72.51	-461.51	63.66	28.23	0.1624	0.040851	0	0	0	991	71.6	30.57	403.55	27.496	30.48	0	101.4	4615.1	110205
180	"08:07:12"	1615.0	0	3	20	0.995	402.9	27.35	0.07191	991	72.67	-461.79	63.78	28.22	0.16119	0.039581	0	0	0	991	71.6	30.57	403.59	27.551	30.48	0	101.4	4617.9	110205
181	"08:07:14"	1617.0	0	3	20	0.941	403.2	27.43	0.06796	991	72.88	-461.95	63.97	28.23	0.15198	0.038232	0	0	0	991	71.6	30.57	403.94	27.636	30.49	0	101.4	4619.5	110205
182	"08:07:16"	1619.0	0	3	20	0.844	403.5	27.51	0.061	991	72.87	-461.88	64.07	28.26	0.13565	0.036168	0	0	0	991	71.6	30.57	404.19	27.679	30.49	0	101.4	4618.8	110205
183	"08:07:18"	1621.0	0	3	20	0.789	403.8	27.58	0.05698	991	73.22	-461.67	64.31	28.24	0.12579	0.03596	0	0	0	991	71.6	30.57	404.57	27.786	30.49	0	101.4	4616.7	110205
184	"08:07:20"	1623.0	0	3	20	0.867	404.0	27.65	0.06266	991	73.28	-461.56	64.44	28.26	0.13992	0.035706	0	0	0	991	71.6	30.57	404.80	27.844	30.49	0	101.4	4615.6	110205
185	"08:07:22"	1625.0	0	3	20	0.869	404.3	27.73	0.06277	991	73.37	-461.42	64.57	28.28	0.14006	0.03603	0	0	0	991	71.6	30.58	405.17	27.900	30.49	0	101.4	4614.2	110205
186	"08:07:24"	1627.0	0	3	20	0.953	404.6	27.80	0.06889	991	73.57	-461.38	64.74	28.27	0.1554	0.035434	0	0	0	991	71.6	30.58	405.54	27.974	30.49	0	101.4	4613.8	110205
187	"08:07:26"	1629.0	0	3	20	0.989	404.9	27.86	0.07146	991	73.73	-461.36	64.83	28.26	0.16308	0.032195	0	0	0	991	71.6	30.58	405.99	28.016	30.49	0	101.4	4613.6	110205
188	"08:07:28"	1631.0	0	3	20	1.02	405.3	27.93	0.07341	991	73.89	-461.33	65.00	28.27	0.16885	0.029906	0	0	0	991	71.6	30.58	406.21	28.092	30.49	0	101.4	4613.3	110205
189	"08:07:30"	1633.0	0	3	20	1.05	405.6	27.99	0.076	991	74.06	-461.33	65.15	28.27	0.17473	0.031141	0	0	0	991	71.6	30.58	406.43	28.160	30.50	0	101.4	4613.3	110205
190	"08:07:32"	1635.0	0	3	20	0.936	405.9	28.05	0.06764	991	74.25	-461.36	65.26	28.26	0.15376	0.031823	0	0	0	991	71.6	30.58	406.72	28.210	30.50	0	101.4	4613.6	110205
191	"08:07:34"	1637.0	0	3	20	0.948	406.3	28.11	0.06852	991	74.56	-461.43	65.41	28.23	0.15647	0.03047	0	0	0	991	71.6	30.58	406.85	28.277	30.50	0	101.4	4614.3	110205
192	"08:07:36"	1639.0	0	3	20	0.944	406.6	28.17	0.0682	991	74.64	-461.52	65.53	28.24	0.15549	0.030952	0	0	0	991	71.6	30.58	407.22	28.330	30.50	0	101.4	4615.2	110205
193	"08:07:38"	1641.0	0	3	20	0.918	406.9	28.24	0.06633	991	74.63	-461.54	65.64	28.27	0.15149	0.029487	0	0	0	991	71.6	30.58	407.59	28.376	30.50	0	101.4	4615.4	110205
194	"08:07:40"	1643.0	0	3	20	0.864	407.2	28.29	0.06243	991	74.72	-461.53	65.71	28.27	0.14211	0.028843	0	0	0	991	71.6	30.59	407.97	28.410	30.50	0	101.4	4615.3	110205
195	"08:07:42"	1645.0	0	3	20	0.782	407.4	28.34	0.05653	991	74.90	-461.44	65.87	28.28	0.12901	0.025293	0	0	0	991	71.6	30.59	408.12	28.479	30.50	0	101.4	4614.4	110205
196	"08:07:44"	1647.0	0	3	20	0.87	407.7	28.40	0.06287	991	75.00	-461.34	65.97	28.28	0.1456	0.023081	0	0	0	991	71.6	30.59	408.51	28.526	30.50	0	101.4	4613.4	110205
197	"08:07:46"	1649.0	0	3	20	0.919	408.0	28.44	0.06643	991	74.93	-461.38	66.03	28.31	0.15402	0.024023	0	0	0	991	71.6	30.59	408.76	28.554	30.50	0	101.4	4613.8	110205
198	"08:07:48"	1651.0	0	3	20	0.885	408.3	28.49	0.06397	991	75.25	-461.40	66.21	28.29	0.14798	0.023846	0	0	0	991	71.6	30.59	409.10	28.636	30.51	0	101.4	4614.0	110205
199	"08:07:50"	1653.0	0	3	20	0.896	408.6	28.54	0.06472	991	75.31	-461.25	66.31	28.30	0.14915	0.025467	0	0	0	991	71.6	30.59	409.36	28.680	30.51	0	101.4	4612.5	110205
200	"08:07:52"	1655.0	0	3	20	0.86	408.9	28.59	0.0621	991	75.47	-461.19	66.38	28.28	0.14294	0.024838	0	0	0	991	71.6	30.59	409.59	28.712	30.51	0	101.4	4611.9	110205
201	"08:07:54"	1657.0	0	3	20	0.879	409.2	28.64	0.06353	991	75.77	-461.15	66.50	28.25	0.14674	0.024132	0	0	0	991	71.6	30.60	410.22	28.765	30.51	0	101.4	4611.5	110205
202	"08:07:56"	1659.0	0	3	20	0.916	409.5	28.69	0.06615	991	75.81	-461.06	66.60	28.27	0.15304	0.024549	0	0	0	991	71.6	30.60	410.20	28.814	30.51	0	101.4	4610.6	110205
203	"08:07:58"	1661.0	0	3	20	0.869	409.8	28.74	0.06279	991	75.78	-460.60	66.70	28.30	0.14515	0.023607	0	0	0	991	71.6	30.60	410.47	28.856	30.51	0	101.4	4606.0	110205
204	"08:08:00"	1663.0	0	3	20	0.947	410.1	28.78	0.06845	991	75.89	-460.33	66.80	28.30	0.15891	0.024074	0	0	0	991	71.6	30.60	410.72	28.899	30.51	0	101.4	4603.3	110205
205	"08:08:02"	1665.0	0	3	20	0.849	410.4	28.83	0.06137	991	76.15	-460.33	66.90	28.27	0.14184	0.023014	0	0	0	991	71.6	30.60	411.16	28.951	30.52	0	101.4	4603.3	110205
206	"08:08:04"	1667.0	0	3	20	0.822	410.7	28.87	0.05935	991	76.10	-460.43	66.92	28.29	0.13793	0.020528	0	0	0	991	71.6	30.60	411.39	28.959	30.52	0	101.4	4604.3	110205
207	"08:08:06"	1669.0	0	3	20	0.785	410.9	28.91	0.05669	991	76.29	-460.50	67.09	28.29	0.13209	0.01875	0	0	0	991	71.6	30.60	411.49	29.037	30.52	0	101.4	4605.0	110205
208	"08:08:08"	1671.0	0	3	20	0.711	411.2	28.95	0.05136	991	76.31	-460.48	67.12	28.30	0.11872	0.019226	0	0	0	991	71.6	30.60	411.94	29.051	30.52	0	101.4	4604.8	110205
209	"08:08:10"	1673.0	0	3	20	0.827	411.4	28.99	0.05972	991	76.44	-460.48	67.23	28.29	0.13894	0.0202	0	0	0	991	71.6	30.60	412.16	29.099	30.52	0	101.4	4604.8	110205
210	"08:08:12"	1675.0	0	3	20	0.797	411.7	29.03	0.05756	991	76.59	-460.59	67.31	28.28	0.13365	0.020099	0	0	0	991	71.6	30.60	412.44	29.135	30.52	0	101.4	4605.9	110205
211	"08:08:14"	1677.0	0	3	20	0.869	412.0	29.07	0.06277	991	76.73	-460.94	67.45	28.29	0.14656	0.019959	0	0	0	991	71.6	30.61	412.62	29.198	30.52	0	101.4	4609.4	110205
212	"08:08:16"	1679.0	0	3	20	0.913	412.3	29.11	0.06598	991	76.76	-461.06	67.48	28.29	0.15459	0.019715	0	0	0	991	71.6	30.61	413.15	29.209	30.52	0	101.4	4610.6	110205
213	"08:08:18"	1681.0	0	3	20	0.846	412.6	29.15	0.06113	991	76.94	-460.95	67.54	28.26	0.14301	0.018779	0	0	0	991	71.6	30.61	413.21	29.239	30.52	0	101.4	4609.5	110205
214	"08:08:20"	1683.0	0	4	200	0.857	410.0	29.18	0.0619	991	77.00	-460.58	67.65	28.28	0.14539	0.018198	-0.0012359	0.5686	0	991	71.6	30.61	413.88	29.286	30.52	0	101.4	4605.8	110205
215	"08:08:42"	1705.0	0	3	8	0.493	400.4	27.30	0.0356	991	72.07	-459.86	63.33	28.30	0.061941	0.063177	0	0	0	991	71.6	30.62	400.70	27.441	30.54	0	101.4	4598.6	110205
216	"08:08:44"	1707.0	0	3	12	0.879	400.5	27.36	0.06348	991	72.18	-459.76	63.54	28.33	0.13103	0.062654	0	0	0	991	71.6	30.62	401.12	27.535	30.54	0	101.4	4597.6	110205
217	"08:08:46"	1709.0	0	3	16	1.05	400.7	27.41	0.07579	991	72.55	-459.67	63.77	28.31	0.16381	0.056804	0	0	0	991	71.6	30.62	401.42	27.636	30.54	0	101.4	4596.7	110205
218	"08:08:48"	1711.0	0	3	20	1.03	400.9	27.46	0.07454	991	72.90	-459.55	64.02	28.29	0.16214	0.053315	0	0	0	991	71.6	30.62	401.60	27.741	30.54	0	101.4	4595.5	110205
219	"08:08:50"	1713.0	0	3	20	1.12	401.2	27.57	0.08068	991	73.24	-459.44	64.14	28.24	0.17895	0.049227	0	0	0	991	71.6	30.62	402.04	27.795	30.54	0	101.4	4594.4	110205
220	"08:08:52"	1715.0	0	3	20	0.989	401.5	27.66	0.07147	991	73.16	-459.30	64.31	28.31	0.15836	0.044034	0	0	0	991	71.6	30.62	402.38	27.870	30.54	0	101.4	4593.0	110205
221	"08:08:54"	1717.0	0	3	20	0.919	401.8	27.75	0.0664	991	73.35	-459.24	64.49	28.31	0.14695	0.041341	0	0	0	991	71.6	30.63	402.48	27.948	30.54	0	101.4	4592.4	110205
222	"08:08:56"	1719.0	0	3	20	0.866	402.1	27.83	0.06255	991	73.52	-459.17	64.64	28.31	0.1389	0.037729	0	0	0	991	71.6	30.63	402.90	28.013	30.54	0	101.4	4591.7	110205
223	"08:08:58"	1721.0	0	3	20	0.83	402.4	27.90	0.05998	991	73.69	-459.03	64.77	28.31	0.1339	0.034427	0	0	0	991	71.6	30.63	403.06	28.076	30.55	0	101.4	4590.3	110205
224	"08:09:00"	1723.0	0	3	20	0.836	402.7	27.97	0.06041	991	73.80	-458.90	64.96	28.33	0.13467	0.035156	0	0	0	991	71.6	30.63	403.30	28.159	30.55	0	101.4	4589.0	110205
225	"08:09:02"	1725.0	0	3	20	0.9	403.0	28.04	0.06505	991	73.97	-458.88	65.06	28.32	0.14595	0.035575	0	0	0	991	71.6	30.63	403.67	28.205	30.55	0	101.4	4588.8	110205
226	"08:09:04"	1727.0	0	3	20	0.948	403.2	28.11	0.0685	991	74.17	-459.10	65.20	28.31	0.15527	0.033619	0	0	0	991	71.6	30.63	404.14	28.266	30.55	0	101.4	4591.0	110205
227	"08:09:06"	1729.0	0	3	20	0.941	403.5	28.17	0.06798	991	74.30	-459.27	65.34	28.32	0.15543	0.03009	0	0	0	991	71.6	30.63	404.38	28.329	30.55	0	101.4	4592.7	110205
228	"08:09:08"	1731.0	0	3	20	0.95	403.9	28.23	0.06862	991	74.36	-459.18	65.45	28.34	0.15744	0.029041	0	0	0	991	71.6	30.63	404.73	28.375	30.55	0	101.4	4591.8	110205
229	"08:09:10"	1733.0	0	3	20	0.929	404.2	28.29	0.06712	991	74.52	-459.09	65.61	28.34	0.1542	0.027928	0	0	0	991	71.6	30.63	404.86	28.444	30.55	0	101.4	4590.9	110205
230	"08:09:12"	1735.0	0	3	20	0.907	404.5	28.34	0.0655	991	74.69	-459.09	65.72	28.33	0.14977	0.02892	0	0	0	991	71.6	30.64	405.39	28.500	30.55	0	101.4	4590.9	110205
231	"08:09:14"	1737.0	0	3	20	0.831	404.7	28.40	0.06004	991	74.80	-459.27	65.86	28.35	0.13574	0.030258	0	0	0	991	71.6	30.64	405.50	28.563	30.55	0	101.4	4592.7	110205
232	"08:09:16"	1739.0	0	3	20	0.839	405.0	28.46	0.06059	991	74.80	-459.62	65.95	28.37	0.13818	0.027649	0	0	0	991	71.6	30.64	405.72	28.600	30.55	0	101.4	4596.2	110205
233	"08:09:18"	1741.0	0	3	20	0.822	405.3	28.51	0.05937	991	74.89	-459.92	66.05	28.38	0.13573	0.026299	0	0	0	991	71.6	30.64	406.17	28.644	30.55	0	101.4	4599.2	110205
234	"08:09:20"	1743.0	0	3	20	0.919	405.6	28.57	0.06641	991	75.14	-460.30	66.15	28.35	0.15379	0.024651	0	0	0	991	71.6	30.64	406.53	28.691	30.56	0	101.4	4603.0	110205
235	"08:09:22"	1745.0	0	3	20	0.907	405.9	28.62	0.06553	991	75.38	-460.48	66.25	28.32	0.15197	0.023723	0	0	0	991	71.6	30.64	406.56	28.737	30.56	0	101.4	4604.8	110205
236	"08:09:24"	1747.0	0	3	20	0.925	406.2	28.66	0.06685	991	75.41	-460.51	66.38	28.35	0.15494	0.024398	0	0	0	991	71.6	30.64	407.02	28.795	30.56	0	101.4	4605.1	110205
237	"08:09:26"	1749.0	0	3	20	0.923	406.5	28.71	0.06669	991	75.55	-460.48	66.47	28.34	0.15412	0.025384	0	0	0	991	71.6	30.64	407.16	28.837	30.56	0	101.4	4604.8	110205
238	"08:09:28"	1751.0	0	3	20	0.782	406.8	28.76	0.0565	991	75.75	-460.45	66.60	28.33	0.12932	0.02445	0	0	0	991	71.6	30.65	407.45	28.894	30.56	0	101.4	4604.5	110205
239	"08:09:30"	1753.0	0	3	20	0.917	407.1	28.81	0.06622	991	75.85	-460.66	66.69	28.33	0.15378	0.023382	0	0	0	991	71.6	30.65	408.08	28.933	30.56	0	101.4	4606.6	110205
240	"08:09:32"	1755.0	0	3	20	0.924	407.4	28.86	0.06674	991	76.05	-460.82	66.80	28.32	0.15503	0.02344	0	0	0	991	71.6	30.65	408.14	28.986	30.56	0	101.4	4608.2	110205
241	"08:09:34"	1757.0	0	3	20	0.898	407.7	28.90	0.0649	991	75.99	-460.93	66.85	28.34	0.15129	0.021574	0	0	0	991	71.6	30.65	408.44	29.009	30.56	0	101.4	4609.3	110205
242	"08:09:36"	1759.0	0	3	20	0.762	407.9	28.95	0.05502	991	76.14	-461.02	66.95	28.34	0.12697	0.021312	0	0	0	991	71.6	30.65	408.54	29.057	30.57	0	101.4	4610.2	110205
243	"08:09:38"	1761.0	0	3	20	0.688	408.2	28.99	0.04968	991	76.27	-461.09	67.01	28.32	0.1138	0.021225	0	0	0	991	71.6	30.65	408.97	29.080	30.57	0	101.4	4610.9	110205
244	"08:09:40"	1763.0	0	3	20	0.84	408.5	29.03	0.06067	991	76.36	-461.21	67.13	28.34	0.14163	0.019627	0	0	0	991	71.6	30.65	409.22	29.137	30.57	0	101.4	4612.1	110205
245	"08:09:42"	1765.0	0	3	20	0.965	408.8	29.07	0.06971	991	76.42	-461.32	67.22	28.35	0.16377	0.020046	0	0	0	991	71.6	30.65	409.66	29.179	30.57	0	101.4	4613.2	110205
246	"08:09:44"	1767.0	0	3	20	1.03	409.1	29.11	0.07449	991	76.41	-461.39	67.30	28.37	0.17561	0.020018	0	0	0	991	71.6	30.66	409.92	29.214	30.57	0	101.4	4613.9	110205
247	"08:09:46"	1769.0	0	3	20	0.932	409.4	29.15	0.06734	991	76.52	-461.45	67.40	28.37	0.15805	0.01977	0	0	0	991	71.6	30.66	410.16	29.258	30.57	0	101.4	4614.5	110205
248	"08:09:48"	1771.0	0	3	20	0.834	409.7	29.19	0.06028	991	76.62	-461.52	67.46	28.37	0.14012	0.020892	0	0	0	991	71.6	30.66	410.49	29.288	30.57	0	101.4	4615.2	110205
249	"08:09:50"	1773.0	0	3	20	0.814	410.0	29.23	0.05879	991	76.72	-461.52	67.53	28.36	0.13762	0.018082	0	0	0	991	71.6	30.66	410.73	29.318	30.57	0	101.4	4615.2	110205
250	"08:09:52"	1775.0	0	3	20	0.777	410.3	29.26	0.05612	991	76.76	-461.52	67.63	28.38	0.13115	0.01777	0	0	0	991	71.6	30.66	410.97	29.367	30.58	0	101.4	4615.2	110205
251	"08:09:54"	1777.0	0	3	20	0.819	410.6	29.30	0.0592	991	76.87	-461.50	67.71	28.38	0.13899	0.017197	0	0	0	991	71.6	30.66	411.13	29.401	30.58	0	101.4	4615.0	110205
252	"08:09:56"	1779.0	0	3	20	0.8	410.8	29.34	0.05777	991	77.01	-461.53	67.76	28.36	0.13512	0.017999	0	0	0	991	71.6	30.66	411.22	29.422	30.58	0	101.4	4615.3	110205
253	"08:09:58"	1781.0	0	3	20	0.76	411.1	29.37	0.05494	991	77.16	-461.56	67.86	28.35	0.12727	0.019964	0	0	0	991	71.6	30.66	411.87	29.472	30.58	0	101.4	4615.6	110205
254	"08:10:00"	1783.0	0	3	20	0.791	411.4	29.41	0.05712	991	77.09	-461.73	67.88	28.37	0.13363	0.017665	0	0	0	991	71.6	30.67	412.00	29.479	30.58	0	101.4	4617.3	110205
255	"08:10:02"	1785.0	0	3	20	0.794	411.6	29.44	0.05738	991	77.25	-462.16	67.99	28.37	0.13491	0.016155	0	0	0	991	71.6	30.67	412.59	29.531	30.58	0	101.4	4621.6	110205
256	"08:10:04"	1787.0	0	3	20	0.959	411.9	29.48	0.0693	991	77.47	-462.57	68.10	28.35	0.1644	0.01604	0	0	0	991	71.6	30.67	412.64	29.581	30.58	0	101.4	4625.7	110205
257	"08:10:06"	1789.0	0	3	20	0.954	412.2	29.51	0.0689	991	77.55	-462.94	68.12	28.33	0.16322	0.016466	0	0	0	991	71.6	30.67	412.87	29.590	30.58	0	101.4	4629.4	110205
258	"08:10:08"	1791.0	0	3	20	0.841	412.5	29.54	0.06074	991	77.62	-463.28	68.18	28.33	0.14262	0.017434	0	0	0	991	71.6	30.67	413.13	29.617	30.58	0	101.4	4632.8	110205
259	"08:10:10"	1793.0	0	3	20	0.862	412.8	29.57	0.06226	991	77.79	-463.59	68.26	28.32	0.14679	0.016487	0	0	0	991	71.6	30.67	413.52	29.654	30.59	0	101.4	4635.9	110205
260	"08:10:12"	1795.0	0	3	20	0.792	413.1	29.61	0.05723	991	77.72	-463.85	68.34	28.36	0.13487	0.015308	0	0	0	991	71.6	30.67	413.82	29.690	30.59	0	101.4	4638.5	110205
261	"08:10:14"	1797.0	0	3	20	0.805	413.4	29.64	0.05816	991	77.73	-464.07	68.40	28.37	0.13738	0.014822	0	0	0	991	71.6	30.67	414.09	29.716	30.59	0	101.4	4640.7	110205
262	"08:10:16"	1799.0	0	3	20	0.837	413.6	29.67	0.06048	991	77.80	-464.29	68.47	28.37	0.14294	0.015253	0	0	0	991	71.6	30.67	414.26	29.749	30.59	0	101.4	4642.9	110205
263	"08:10:18"	1801.0	0	3	20	0.783	413.9	29.70	0.05654	991	77.83	-464.39	68.52	28.38	0.13319	0.015226	0	0	0	991	71.6	30.67	414.62	29.773	30.59	0	101.4	4643.9	110205
264	"08:10:20"	1803.0	0	3	20	0.814	414.2	29.73	0.05882	991	77.84	-464.49	68.57	28.39	0.13898	0.01491	0	0	0	991	71.6	30.67	414.96	29.796	30.59	0	101.4	4644.9	110205
265	"08:10:22"	1805.0	0	4	200	0.845	410.0	29.75	0.06107	991	78.08	-464.68	68.66	28.36	0.1439	0.015211	-0.0006608	0.332	0	991	71.6	30.67	415.26	29.839	30.59	0	101.4	4646.8	110205
266	"08:10:45"	1827.5	0	3	8	0.957	399.8	27.59	0.06912	991	72.43	-464.23	63.80	28.41	0.14577	0.06088	0	0	0	991	71.6	30.69	399.84	27.750	30.61	0	101.4	4642.3	110205
267	"08:10:47"	1829.5	0	3	12	0.757	399.9	27.66	0.05468	991	72.75	-463.93	64.03	28.39	0.10895	0.06358	0	0	0	991	71.6	30.69	400.18	27.854	30.61	0	101.4	4639.3	110205
268	"08:10:49"	1831.5	0	3	16	0.871	400.0	27.71	0.06294	991	72.91	-463.88	64.21	28.40	0.13206	0.057047	0	0	0	991	71.6	30.69	400.95	27.931	30.61	0	101.4	4638.8	110205
269	"08:10:51"	1833.5	0	3	20	0.95	400.2	27.76	0.06866	991	73.19	-464.05	64.41	28.39	0.14711	0.054765	0	0	0	991	71.6	30.69	400.96	28.023	30.61	0	101.4	4640.5	110205
270	"08:10:53"	1835.5	0	3	20	0.955	400.5	27.87	0.069	991	73.44	-464.30	64.61	28.39	0.15033	0.048897	0	0	0	991	71.6	30.69	401.04	28.112	30.61	0	101.4	4643.0	110205
271	"08:10:55"	1837.5	0	3	20	1	400.8	27.96	0.0724	991	73.64	-464.29	64.74	28.38	0.16091	0.043581	0	0	0	991	71.6	30.69	401.58	28.170	30.61	0	101.4	4642.9	110205
272	"08:10:57"	1839.5	0	3	20	1.02	401.1	28.05	0.07385	991	73.79	-464.39	64.90	28.39	0.1653	0.041589	0	0	0	991	71.6	30.69	401.98	28.240	30.61	0	101.4	4643.9	110205
273	"08:10:59"	1841.5	0	3	20	0.935	401.4	28.13	0.06756	991	74.06	-464.37	65.12	28.38	0.1515	0.03737	0	0	0	991	71.6	30.69	402.15	28.332	30.61	0	101.4	4643.7	110205
274	"08:11:01"	1843.5	0	3	20	0.953	401.7	28.20	0.06887	991	74.15	-464.42	65.25	28.39	0.15491	0.036913	0	0	0	991	71.6	30.70	402.40	28.391	30.61	0	101.4	4644.2	110205
275	"08:11:03"	1845.5	0	3	20	0.914	402.0	28.27	0.06606	991	74.31	-464.59	65.43	28.41	0.14869	0.035122	0	0	0	991	71.6	30.70	402.80	28.471	30.61	0	101.4	4645.9	110205
276	"08:11:05"	1847.5	0	3	20	0.829	402.3	28.34	0.05992	991	74.42	-464.68	65.53	28.41	0.13374	0.034596	0	0	0	991	71.6	30.70	402.86	28.516	30.61	0	101.4	4646.8	110205
277	"08:11:07"	1849.5	0	3	20	0.922	402.6	28.41	0.06661	991	74.64	-464.81	65.69	28.40	0.15062	0.033669	0	0	0	991	71.6	30.70	403.47	28.586	30.62	0	101.4	4648.1	110205
278	"08:11:09"	1851.5	0	3	20	0.933	402.9	28.48	0.06742	991	74.68	-464.83	65.80	28.42	0.15417	0.029957	0	0	0	991	71.6	30.70	403.69	28.634	30.62	0	101.4	4648.3	110205
279	"08:11:11"	1853.5	0	3	20	0.999	403.2	28.54	0.07219	991	74.79	-464.54	65.91	28.42	0.1662	0.029323	0	0	0	991	71.6	30.70	403.92	28.685	30.62	0	101.4	4645.4	110205
280	"08:11:13"	1855.5	0	3	20	0.982	403.5	28.59	0.07092	991	74.93	-464.18	66.00	28.42	0.1637	0.027782	0	0	0	991	71.6	30.70	404.37	28.726	30.62	0	101.4	4641.8	110205
281	"08:11:15"	1857.5	0	3	20	0.935	403.8	28.65	0.06757	991	75.06	-464.15	66.11	28.41	0.15595	0.02646	0	0	0	991	71.6	30.70	404.52	28.773	30.62	0	101.4	4641.5	110205
282	"08:11:17"	1859.5	0	3	20	0.794	404.1	28.70	0.05733	991	75.17	-464.30	66.22	28.42	0.1307	0.026342	0	0	0	991	71.6	30.70	404.96	28.825	30.62	0	101.4	4643.0	110205
283	"08:11:19"	1861.5	0	3	20	0.828	404.4	28.75	0.05986	991	75.53	-464.40	66.39	28.38	0.1374	0.025202	0	0	0	991	71.6	30.70	405.36	28.894	30.62	0	101.4	4644.0	110205
284	"08:11:21"	1863.5	0	3	20	0.939	404.7	28.80	0.06783	991	75.54	-464.53	66.46	28.40	0.15693	0.025591	0	0	0	991	71.6	30.70	405.41	28.930	30.62	0	101.4	4645.3	110205
285	"08:11:23"	1865.5	0	3	20	0.965	405.0	28.85	0.06969	991	75.63	-464.64	66.57	28.41	0.16205	0.024358	0	0	0	991	71.6	30.71	405.75	28.982	30.62	0	101.4	4646.4	110205
286	"08:11:25"	1867.5	0	3	20	0.97	405.3	28.90	0.0701	991	75.88	-464.76	66.66	28.38	0.16329	0.02371	0	0	0	991	71.6	30.71	406.01	29.023	30.62	0	101.4	4647.6	110205
287	"08:11:27"	1869.5	0	3	20	0.824	405.6	28.95	0.05956	991	75.89	-464.91	66.77	28.41	0.1375	0.023104	0	0	0	991	71.6	30.71	406.45	29.074	30.62	0	101.4	4649.1	110205
288	"08:11:29"	1871.5	0	3	20	0.795	405.9	28.99	0.05741	991	76.03	-464.98	66.83	28.39	0.13267	0.021918	0	0	0	991	71.6	30.71	406.72	29.100	30.62	0	101.4	4649.8	110205
289	"08:11:31"	1873.5	0	3	20	0.875	406.2	29.04	0.06322	991	76.08	-465.05	66.93	28.40	0.14684	0.022376	0	0	0	991	71.6	30.71	407.08	29.145	30.63	0	101.4	4650.5	110205
290	"08:11:33"	1875.5	0	3	20	0.849	406.5	29.08	0.06134	991	76.21	-465.12	67.05	28.40	0.14234	0.022004	0	0	0	991	71.6	30.71	407.23	29.195	30.63	0	101.4	4651.2	110205
291	"08:11:35"	1877.5	0	3	20	0.837	406.8	29.12	0.06046	991	76.29	-465.20	67.10	28.40	0.14073	0.020653	0	0	0	991	71.6	30.71	407.32	29.220	30.63	0	101.4	4652.0	110205
292	"08:11:37"	1879.5	0	3	20	0.812	407.0	29.15	0.05868	991	76.43	-465.17	67.19	28.40	0.13683	0.01947	0	0	0	991	71.6	30.72	407.87	29.263	30.63	0	101.4	4651.7	110205
293	"08:11:39"	1881.5	0	3	20	0.875	407.3	29.19	0.06319	991	76.31	-464.79	67.25	28.44	0.14821	0.018914	0	0	0	991	71.6	30.72	408.09	29.290	30.63	0	101.4	4647.9	110205
294	"08:11:46"	1888.5	0	3	20	0.846	407.5	29.22	0.06114	991	76.64	-462.68	67.54	28.44	0.14355	0.017968	0	0	0	991	71.6	30.72	409.08	29.426	30.63	0	101.4	4626.8	110205
295	"08:11:48"	1890.5	0	3	20	0.886	408.0	29.29	0.06403	991	76.80	-462.64	67.67	28.44	0.15026	0.018941	0	0	0	991	71.6	30.72	409.37	29.484	30.64	0	101.4	4626.4	110205
296	"08:11:50"	1892.5	0	3	20	0.862	408.4	29.35	0.06225	991	77.03	-462.49	67.73	28.40	0.14558	0.019525	0	0	0	991	71.6	30.72	409.56	29.509	30.64	0	101.4	4624.9	110205
297	"08:11:52"	1894.5	0	3	20	0.81	408.9	29.41	0.05852	991	77.14	-461.99	67.85	28.41	0.13645	0.019311	0	0	0	991	71.6	30.72	410.01	29.562	30.64	0	101.4	4619.9	110205
298	"08:11:54"	1896.5	0	3	20	0.866	409.4	29.47	0.06255	991	77.04	-461.82	67.84	28.43	0.14603	0.020212	0	0	0	991	71.6	30.72	410.36	29.561	30.64	0	101.4	4618.2	110205
299	"08:11:56"	1898.5	0	3	20	0.85	409.8	29.53	0.06142	991	77.08	-461.70	67.96	28.46	0.14387	0.018717	0	0	0	991	71.6	30.72	410.28	29.618	30.64	0	101.4	4617.0	110205
300	"08:11:58"	1900.5	0	3	20	0.807	410.0	29.56	0.05831	991	77.33	-461.68	68.06	28.43	0.13633	0.01834	0	0	0	991	71.6	30.73	410.83	29.662	30.64	0	101.4	4616.8	110205
301	"08:12:00"	1903.0	0	3	20	0.838	410.3	29.59	0.06057	991	77.43	-461.99	68.14	28.43	0.14219	0.017696	0	0	0	991	71.6	30.73	411.21	29.700	30.64	0	101.4	4619.9	110205
302	"08:12:02"	1905.0	0	3	20	0.841	410.6	29.63	0.06078	991	77.52	-462.28	68.24	28.43	0.14357	0.015667	0	0	0	991	71.6	30.73	411.33	29.747	30.65	0	101.4	4622.8	110205
303	"08:12:04"	1907.0	0	3	20	0.83	410.9	29.66	0.05997	991	77.59	-462.50	68.26	28.42	0.14128	0.016268	0	0	0	991	71.6	30.73	411.76	29.756	30.65	0	101.4	4625.0	110205
304	"08:12:06"	1909.0	0	3	20	0.86	411.2	29.70	0.06216	991	77.67	-462.67	68.32	28.42	0.14723	0.015025	0	0	0	991	71.6	30.73	412.04	29.785	30.65	0	101.4	4626.7	110205
305	"08:12:11"	1913.5	0	3	20	0.817	411.4	29.72	0.05904	991	77.80	-462.77	68.46	28.43	0.13964	0.014751	0	0	0	991	71.6	30.74	412.57	29.852	30.65	0	101.4	4627.7	110205
306	"08:12:13"	1915.5	0	3	20	0.833	411.8	29.76	0.06019	991	77.79	-462.68	68.51	28.44	0.14227	0.015269	0	0	0	991	71.6	30.73	412.86	29.872	30.65	0	101.4	4626.8	110205
307	"08:12:15"	1917.5	0	3	20	0.836	412.2	29.80	0.06041	991	78.01	-462.88	68.65	28.43	0.14287	0.015103	0	0	0	991	71.6	30.74	413.11	29.937	30.65	0	101.4	4628.8	110205
308	"08:12:17"	1919.5	0	3	20	0.832	412.6	29.84	0.0601	991	77.99	-463.09	68.68	28.45	0.14177	0.015887	0	0	0	991	71.6	30.74	413.57	29.954	30.65	0	101.4	4630.9	110205
309	"08:12:19"	1921.5	0	3	20	0.829	412.9	29.88	0.05992	991	77.94	-463.36	68.69	28.46	0.14146	0.01558	0	0	0	991	71.6	30.74	413.69	29.960	30.66	0	101.4	4633.6	110205
310	"08:12:21"	1923.5	0	3	20	0.786	413.3	29.92	0.05681	991	77.99	-463.62	68.76	28.47	0.13433	0.014243	0	0	0	991	71.6	30.74	413.92	29.992	30.66	0	101.4	4636.2	110205
311	"08:12:23"	1925.5	0	3	20	0.798	413.6	29.95	0.05769	991	78.17	-463.81	68.90	28.46	0.13629	0.014741	0	0	0	991	71.6	30.74	414.51	30.054	30.66	0	101.4	4638.1	110205
312	"08:12:25"	1927.5	0	3	20	0.831	413.9	29.99	0.06002	991	78.13	-463.89	68.90	28.48	0.14215	0.014534	0	0	0	991	71.6	30.74	414.57	30.056	30.66	0	101.4	4638.9	110205
313	"08:12:27"	1929.5	0	3	20	0.711	414.1	30.02	0.05138	991	78.24	-463.91	68.98	28.47	0.12029	0.015688	0	0	0	991	71.6	30.75	414.81	30.094	30.66	0	101.4	4639.1	110205
314	"08:12:29"	1931.5	0	3	20	0.786	414.4	30.04	0.05677	991	78.23	-463.92	69.01	28.49	0.1336	0.01568	0	0	0	991	71.6	30.75	415.10	30.112	30.66	0	101.4	4639.2	110205
315	"08:12:31"	1933.5	0	3	20	0.896	414.7	30.08	0.06476	991	78.27	-464.02	69.07	28.49	0.15393	0.014357	0	0	0	991	71.6	30.75	415.56	30.138	30.66	0	101.4	4640.2	110205
316	"08:12:33"	1935.5	0	3	20	0.916	415.0	30.10	0.0662	991	78.43	-464.23	69.14	28.48	0.15786	0.013416	0	0	0	991	71.6	30.75	415.72	30.171	30.66	0	101.4	4642.3	110205
317	"08:12:35"	1937.5	0	3	20	0.936	415.2	30.13	0.06761	991	78.53	-464.41	69.19	28.47	0.16147	0.013149	0	0	0	991	71.6	30.75	416.18	30.196	30.67	0	101.4	4644.1	110205
318	"08:12:35"	1938.0	0	4	200	0.847	410.0	30.13	0.06122	991	78.57	-464.45	69.21	28.46	0.16147	0.013149	-0.00050867	0.26978	0	991	71.6	30.75	416.15	30.205	30.66	0	101.4	4644.5	110205
319	"08:12:58"	1961.0	0	3	8	0.304	399.6	27.78	0.02194	991	72.57	-465.49	63.87	28.47	0.028882	0.061628	0	0	0	991	71.6	30.76	399.60	27.903	30.68	0	101.4	4654.9	110205
320	"08:13:00"	1963.0	0	3	12	0.482	399.7	27.84	0.03483	991	72.99	-465.27	64.16	28.45	0.061658	0.0594	0	0	0	991	71.6	30.77	400.30	28.034	30.69	0	101.4	4652.7	110205
321	"08:13:02"	1965.0	0	3	16	0.748	399.8	27.89	0.05406	991	73.27	-464.85	64.35	28.43	0.10984	0.057727	0	0	0	991	71.6	30.77	400.30	28.117	30.69	0	101.4	4648.5	110205
322	"08:13:04"	1967.0	0	3	20	0.785	400.0	27.95	0.05675	991	73.52	-464.62	64.58	28.44	0.11756	0.055087	0	0	0	991	71.6	30.77	400.83	28.219	30.69	0	101.4	4646.2	110205
323	"08:13:06"	1969.0	0	3	20	0.97	400.2	28.05	0.07011	991	73.67	-464.37	64.73	28.44	0.15245	0.050533	0	0	0	991	71.6	30.77	401.11	28.284	30.69	0	101.4	4643.7	110205
324	"08:13:08"	1971.0	0	3	20	1.1	400.5	28.15	0.0796	991	73.85	-463.94	64.92	28.45	0.17752	0.046556	0	0	0	991	71.6	30.77	401.53	28.369	30.69	0	101.4	4639.4	110205
325	"08:13:10"	1973.0	0	3	20	1.01	400.9	28.24	0.07321	991	74.07	-463.55	65.11	28.45	0.16356	0.042073	0	0	0	991	71.6	30.77	401.71	28.457	30.69	0	101.4	4635.5	110205
326	"08:13:18"	1980.5	0	3	20	0.981	401.2	28.32	0.0709	991	74.58	-464.10	65.61	28.47	0.15869	0.040051	0	0	0	991	71.6	30.78	402.90	28.677	30.69	0	101.4	4641.0	110205
327	"08:13:20"	1982.5	0	3	20	0.942	401.7	28.43	0.06804	991	74.66	-464.25	65.72	28.48	0.15419	0.03378	0	0	0	991	71.6	30.78	402.98	28.730	30.69	0	101.4	4642.5	110205
328	"08:13:22"	1984.5	0	3	20	0.901	402.2	28.53	0.06507	991	74.96	-464.42	65.86	28.45	0.14767	0.031742	0	0	0	991	71.6	30.78	403.21	28.792	30.69	0	101.4	4644.2	110205
329	"08:13:24"	1986.5	0	3	20	0.87	402.6	28.63	0.06285	991	75.07	-464.58	66.03	28.47	0.14268	0.030479	0	0	0	991	71.6	30.78	403.47	28.867	30.70	0	101.4	4645.8	110205
330	"08:13:26"	1988.5	0	3	20	0.861	403.0	28.73	0.06218	991	75.25	-464.77	66.14	28.46	0.14128	0.029883	0	0	0	991	71.6	30.78	403.93	28.915	30.70	0	101.4	4647.7	110205
331	"08:13:28"	1990.5	0	3	20	0.797	403.5	28.82	0.05758	991	75.27	-465.11	66.20	28.47	0.1305	0.028384	0	0	0	991	71.6	30.78	404.40	28.944	30.70	0	101.4	4651.1	110205
332	"08:13:30"	1992.5	0	3	20	0.96	403.7	28.87	0.06938	991	75.48	-465.43	66.32	28.45	0.16035	0.026745	0	0	0	991	71.6	30.79	404.71	29.000	30.70	0	101.4	4654.3	110205
333	"08:13:32"	1994.5	0	3	20	1	404.0	28.91	0.07233	991	75.57	-465.74	66.40	28.46	0.16873	0.024056	0	0	0	991	71.6	30.79	404.76	29.039	30.70	0	101.4	4657.4	110205
334	"08:13:34"	1996.5	0	3	20	0.931	404.3	28.96	0.06723	991	75.72	-465.92	66.54	28.46	0.15673	0.022641	0	0	0	991	71.6	30.79	404.98	29.101	30.70	0	101.4	4659.2	110205
335	"08:13:36"	1998.5	0	3	20	0.792	404.6	29.01	0.05721	991	75.91	-466.03	66.66	28.45	0.13153	0.023641	0	0	0	991	71.6	30.79	405.41	29.158	30.71	0	101.4	4660.3	110205
336	"08:13:38"	2000.5	0	3	20	0.813	404.9	29.06	0.05871	991	75.97	-466.26	66.74	28.46	0.13455	0.025305	0	0	0	991	71.6	30.79	405.76	29.196	30.71	0	101.4	4662.6	110205
337	"08:13:40"	2002.5	0	3	20	0.94	405.2	29.12	0.06789	991	76.05	-466.47	66.85	28.47	0.15714	0.025462	0	0	0	991	71.6	30.79	406.13	29.245	30.71	0	101.4	4664.7	110205
338	"08:13:42"	2004.5	0	3	20	1	405.5	29.17	0.07231	991	76.00	-466.64	66.90	28.50	0.16858	0.024296	0	0	0	991	71.6	30.80	406.29	29.271	30.71	0	101.4	4666.4	110205
339	"08:13:44"	2006.5	0	3	20	0.992	405.9	29.21	0.0717	991	76.09	-466.82	67.03	28.51	0.16779	0.02256	0	0	0	991	71.6	30.80	406.64	29.328	30.71	0	101.4	4668.2	110205
340	"08:13:46"	2008.5	0	3	20	0.846	406.2	29.26	0.06111	991	76.24	-466.92	67.13	28.50	0.14224	0.021002	0	0	0	991	71.6	30.80	406.82	29.371	30.71	0	101.4	4669.2	110205
341	"08:13:48"	2010.5	0	3	20	0.877	406.5	29.30	0.06335	991	76.48	-466.90	67.23	28.47	0.14801	0.020462	0	0	0	991	71.6	30.80	407.27	29.417	30.71	0	101.4	4669.0	110205
342	"08:13:50"	2012.5	0	3	20	0.816	406.7	29.34	0.05898	991	76.66	-466.84	67.29	28.45	0.13713	0.020577	0	0	0	991	71.6	30.80	407.60	29.449	30.71	0	101.4	4668.4	110205
343	"08:13:52"	2014.5	0	3	20	0.76	407.0	29.38	0.05493	991	76.61	-466.84	67.35	28.48	0.12732	0.020128	0	0	0	991	71.6	30.80	407.59	29.475	30.71	0	101.4	4668.4	110205
344	"08:13:54"	2016.5	0	3	20	0.764	407.3	29.42	0.05521	991	76.76	-466.72	67.46	28.47	0.12846	0.019009	0	0	0	991	71.6	30.80	408.22	29.525	30.71	0	101.4	4667.2	110205
345	"08:13:56"	2018.5	0	3	20	0.829	407.6	29.46	0.0599	991	76.93	-466.54	67.52	28.45	0.1397	0.019836	0	0	0	991	71.6	30.80	408.17	29.555	30.72	0	101.4	4665.4	110205
346	"08:13:58"	2020.5	0	3	20	0.875	407.8	29.50	0.06325	991	76.94	-466.48	67.60	28.47	0.1479	0.020037	0	0	0	991	71.6	30.80	408.45	29.591	30.72	0	101.4	4664.8	110205
347	"08:14:00"	2022.5	0	3	20	0.764	408.1	29.53	0.05519	991	77.05	-466.42	67.68	28.47	0.1285	0.018785	0	0	0	991	71.6	30.81	408.72	29.629	30.72	0	101.4	4664.2	110205
348	"08:14:02"	2024.5	0	3	20	0.736	408.4	29.57	0.05316	991	77.11	-466.54	67.78	28.48	0.1236	0.018464	0	0	0	991	71.6	30.81	409.10	29.673	30.72	0	101.4	4665.4	110205
349	"08:14:04"	2026.5	0	3	20	0.75	408.7	29.61	0.05418	991	77.28	-466.76	67.84	28.46	0.1265	0.017561	0	0	0	991	71.6	30.81	409.53	29.704	30.72	0	101.4	4667.6	110205
350	"08:14:06"	2028.5	0	3	20	0.974	408.9	29.64	0.07038	991	77.39	-467.03	67.92	28.46	0.16668	0.017168	0	0	0	991	71.6	30.81	409.76	29.739	30.72	0	101.4	4670.3	110205
351	"08:14:08"	2030.5	0	3	20	0.928	409.2	29.68	0.06706	991	77.32	-467.32	67.98	28.49	0.15805	0.018242	0	0	0	991	71.6	30.81	409.93	29.772	30.73	0	101.4	4673.2	110205
352	"08:14:10"	2032.5	0	3	20	0.876	409.5	29.72	0.06327	991	77.32	-467.42	68.07	28.51	0.14909	0.017262	0	0	0	991	71.6	30.81	410.26	29.809	30.73	0	101.4	4674.2	110205
353	"08:14:12"	2034.5	0	3	20	0.842	409.8	29.75	0.06083	991	77.54	-467.50	68.16	28.49	0.14292	0.017573	0	0	0	991	71.6	30.81	410.55	29.846	30.73	0	101.4	4675.0	110205
354	"08:14:14"	2036.5	0	3	20	0.921	410.2	29.78	0.06657	991	77.58	-467.55	68.21	28.49	0.15718	0.017384	0	0	0	991	71.6	30.81	411.03	29.870	30.73	0	101.4	4675.5	110205
355	"08:14:16"	2038.5	0	3	20	1.02	410.5	29.82	0.07359	991	77.64	-467.55	68.28	28.50	0.17526	0.015646	0	0	0	991	71.6	30.81	411.17	29.903	30.73	0	101.4	4675.5	110205
356	"08:14:18"	2040.5	0	3	20	0.803	410.7	29.85	0.05802	991	77.65	-467.40	68.33	28.51	0.13676	0.015671	0	0	0	991	71.6	30.82	411.38	29.928	30.73	0	101.4	4674.0	110205
357	"08:14:20"	2042.5	0	3	20	0.681	411.0	29.88	0.0492	991	77.85	-467.26	68.39	28.48	0.11525	0.014972	0	0	0	991	71.6	30.82	411.67	29.959	30.73	0	101.4	4672.6	110205
358	"08:14:22"	2044.5	0	3	20	0.605	411.3	29.91	0.04373	991	77.96	-467.16	68.50	28.49	0.10153	0.015447	0	0	0	991	71.6	30.82	412.29	30.010	30.73	0	101.4	4671.6	110205
359	"08:14:24"	2046.5	0	3	20	0.784	411.5	29.94	0.05666	991	77.87	-467.35	68.53	28.52	0.13296	0.016719	0	0	0	991	71.6	30.82	412.15	30.026	30.73	0	101.4	4673.5	110205
360	"08:14:26"	2048.5	0	3	20	0.899	411.8	29.98	0.06498	991	78.06	-467.60	68.65	28.50	0.15358	0.016541	0	0	0	991	71.6	30.82	412.69	30.078	30.73	0	101.4	4676.0	110205
361	"08:14:28"	2050.5	0	3	20	0.979	412.1	30.01	0.07075	991	78.12	-467.59	68.68	28.50	0.16792	0.016378	0	0	0	991	71.6	30.82	412.99	30.097	30.74	0	101.4	4675.9	110205
362	"08:14:30"	2052.5	0	3	20	0.934	412.4	30.04	0.06745	991	78.02	-467.56	68.70	28.53	0.1601	0.015584	0	0	0	991	71.6	30.82	412.95	30.107	30.74	0	101.4	4675.6	110205
363	"08:14:32"	2054.5	0	3	20	0.837	412.7	30.07	0.06045	991	78.15	-467.45	68.80	28.53	0.14379	0.013217	0	0	0	991	71.6	30.82	413.55	30.149	30.74	0	101.4	4674.5	110205
364	"08:14:34"	2056.5	0	3	20	0.866	413.0	30.10	0.0626	991	78.18	-467.33	68.85	28.53	0.14887	0.013793	0	0	0	991	71.6	30.83	413.61	30.176	30.74	0	101.4	4673.3	110205
365	"08:14:36"	2058.5	0	3	20	0.734	413.3	30.13	0.05304	991	78.35	-467.16	68.90	28.51	0.12495	0.014413	0	0	0	991	71.6	30.83	413.79	30.196	30.74	0	101.4	4671.6	110205
366	"08:14:38"	2060.5	0	3	20	0.68	413.5	30.16	0.04911	991	78.33	-466.95	68.97	28.53	0.11537	0.014133	0	0	0	991	71.6	30.83	414.38	30.233	30.74	0	101.4	4669.5	110205
367	"08:14:40"	2062.5	0	3	20	0.781	413.8	30.18	0.05641	991	78.44	-466.90	69.03	28.52	0.13273	0.015708	0	0	0	991	71.6	30.83	414.44	30.259	30.74	0	101.4	4669.0	110205
368	"08:14:42"	2064.5	0	3	20	0.737	414.1	30.22	0.05327	991	78.59	-466.93	69.10	28.51	0.12517	0.015197	0	0	0	991	71.6	30.83	414.82	30.292	30.74	0	101.4	4669.3	110205
369	"08:14:44"	2066.5	0	3	20	0.835	414.3	30.25	0.06031	991	78.72	-467.00	69.15	28.49	0.14263	0.01505	0	0	0	991	71.6	30.83	415.33	30.314	30.74	0	101.4	4670.0	110205
370	"08:14:44"	2067.0	0	4	200	0.838	410.0	30.25	0.06054	991	78.64	-467.04	69.14	28.51	0.14263	0.01505	-0.00020053	0.14276	0	991	71.6	30.83	415.15	30.311	30.75	0	101.4	4670.4	110205
371	"08:15:07"	2089.5	0	3	8	0.765	400.5	28.12	0.05531	991	73.51	-468.79	64.43	28.47	0.11061	0.063288	0	0	0	991	71.6	30.84	400.86	28.276	30.76	0	101.4	4687.9	110205
372	"08:15:09"	2091.5	0	3	12	0.836	400.6	28.19	0.06043	991	73.79	-468.98	64.67	28.48	0.12398	0.061548	0	0	0	991	71.6	30.85	401.31	28.385	30.77	0	101.4	4689.8	110205
373	"08:15:11"	2093.5	0	3	16	0.836	400.8	28.24	0.06038	991	73.82	-469.12	64.80	28.50	0.12556	0.057436	0	0	0	991	71.6	30.85	401.20	28.439	30.76	0	101.4	4691.2	110205
374	"08:15:13"	2095.5	0	3	20	0.859	400.9	28.29	0.06204	991	74.13	-469.34	65.00	28.48	0.13182	0.052142	0	0	0	991	71.6	30.85	401.49	28.525	30.76	0	101.4	4693.4	110205
375	"08:15:15"	2097.5	0	3	20	0.919	401.2	28.39	0.06642	991	74.39	-469.63	65.19	28.47	0.14487	0.046673	0	0	0	991	71.6	30.85	402.04	28.610	30.76	0	101.4	4696.3	110205
376	"08:15:17"	2099.5	0	3	20	0.982	401.5	28.48	0.07096	991	74.60	-469.86	65.38	28.48	0.15815	0.041653	0	0	0	991	71.6	30.85	402.45	28.700	30.77	0	101.4	4698.6	110205
377	"08:15:19"	2101.5	0	3	20	1.09	401.8	28.56	0.07901	991	74.78	-470.10	65.52	28.47	0.17856	0.04041	0	0	0	991	71.6	30.85	402.64	28.758	30.77	0	101.4	4701.0	110205
378	"08:15:21"	2103.5	0	3	20	0.926	402.1	28.64	0.06692	991	74.84	-470.32	65.66	28.50	0.14967	0.037977	0	0	0	991	71.6	30.85	402.76	28.824	30.77	0	101.4	4703.2	110205
379	"08:15:23"	2105.5	0	3	20	0.9	402.4	28.71	0.065	991	74.87	-470.50	65.78	28.52	0.14627	0.034768	0	0	0	991	71.6	30.86	403.24	28.880	30.77	0	101.4	4705.0	110205
380	"08:15:25"	2107.5	0	3	20	0.855	402.7	28.78	0.06178	991	74.90	-470.76	65.86	28.54	0.13974	0.031306	0	0	0	991	71.6	30.86	403.44	28.917	30.77	0	101.4	4707.6	110205
381	"08:15:27"	2109.5	0	3	20	0.782	403.0	28.84	0.05647	991	75.07	-471.02	65.98	28.53	0.12839	0.026998	0	0	0	991	71.6	30.86	403.50	28.972	30.77	0	101.4	4710.2	110205
382	"08:15:29"	2111.5	0	3	20	0.883	403.2	28.89	0.06379	991	75.29	-471.20	66.14	28.52	0.14625	0.027534	0	0	0	991	71.6	30.86	404.03	29.043	30.77	0	101.4	4712.0	110205
383	"08:15:31"	2113.5	0	3	20	0.805	403.5	28.95	0.05814	991	75.37	-471.36	66.24	28.53	0.13266	0.02659	0	0	0	991	71.6	30.86	404.16	29.089	30.77	0	101.4	4713.6	110205
384	"08:15:33"	2115.5	0	3	20	0.864	403.8	29.00	0.06239	991	75.57	-470.94	66.38	28.52	0.14283	0.027403	0	0	0	991	71.6	30.86	404.95	29.151	30.78	0	101.4	4709.4	110205
385	"08:15:35"	2117.5	0	3	20	1.13	404.2	29.05	0.08162	991	75.63	-469.29	66.47	28.53	0.19021	0.027759	0	0	0	991	71.6	30.86	405.16	29.190	30.78	0	101.4	4692.9	110205
386	"08:15:37"	2119.5	0	3	20	1.11	404.5	29.11	0.08045	991	75.74	-468.59	66.57	28.54	0.18809	0.025892	0	0	0	991	71.6	30.87	405.26	29.242	30.78	0	101.4	4685.9	110205
387	"08:15:39"	2121.5	0	3	20	0.934	404.8	29.16	0.06746	991	75.96	-468.28	66.71	28.52	0.15641	0.024801	0	0	0	991	71.6	30.87	405.51	29.302	30.78	0	101.4	4682.8	110205
388	"08:15:41"	2123.5	0	3	20	0.865	405.1	29.21	0.06246	991	76.01	-468.32	66.76	28.53	0.14375	0.025512	0	0	0	991	71.6	30.87	405.77	29.332	30.78	0	101.4	4683.2	110205
389	"08:15:43"	2125.5	0	3	20	0.691	405.4	29.26	0.04991	991	76.12	-468.51	66.83	28.52	0.11311	0.024528	0	0	0	991	71.6	30.87	406.22	29.360	30.78	0	101.4	4685.1	110205
390	"08:15:45"	2127.5	0	3	20	0.869	405.7	29.31	0.0628	991	76.22	-468.77	66.97	28.54	0.14566	0.022946	0	0	0	991	71.6	30.87	406.54	29.424	30.78	0	101.4	4687.7	110205
391	"08:15:47"	2129.5	0	3	20	0.908	405.9	29.35	0.06563	991	76.38	-468.97	67.08	28.53	0.15288	0.022343	0	0	0	991	71.6	30.87	406.73	29.476	30.79	0	101.4	4689.7	110205
392	"08:15:49"	2131.5	0	3	20	0.79	406.2	29.40	0.05705	991	76.40	-468.96	67.20	28.56	0.13146	0.022876	0	0	0	991	71.6	30.87	407.06	29.530	30.79	0	101.4	4689.6	110205
393	"08:15:51"	2133.5	0	3	20	0.905	406.5	29.44	0.0654	991	76.50	-469.03	67.29	28.56	0.15179	0.023613	0	0	0	991	71.6	30.88	407.39	29.572	30.79	0	101.4	4690.3	110205
394	"08:15:53"	2135.5	0	3	20	0.874	406.9	29.49	0.06313	991	76.65	-469.23	67.36	28.55	0.14647	0.022896	0	0	0	991	71.6	30.88	407.72	29.606	30.79	0	101.4	4692.3	110205
395	"08:15:55"	2137.5	0	3	20	0.866	407.1	29.53	0.06257	991	76.77	-469.64	67.40	28.53	0.14608	0.020469	0	0	0	991	71.6	30.88	407.79	29.626	30.79	0	101.4	4696.4	110205
396	"08:15:57"	2139.5	0	3	20	0.851	407.4	29.57	0.06151	991	76.72	-469.87	67.47	28.56	0.14448	0.018074	0	0	0	991	71.6	30.88	408.17	29.660	30.79	0	101.4	4698.7	110205
397	"08:15:59"	2141.5	0	3	20	0.651	407.7	29.61	0.04701	991	76.87	-470.07	67.58	28.55	0.10914	0.016822	0	0	0	991	71.6	30.88	408.12	29.707	30.79	0	101.4	4700.7	110205
398	"08:16:01"	2143.5	0	3	20	0.667	407.9	29.64	0.04818	991	76.96	-470.34	67.66	28.56	0.11167	0.017694	0	0	0	991	71.6	30.88	408.76	29.747	30.79	0	101.4	4703.4	110205
399	"08:16:03"	2145.5	0	3	20	0.912	408.2	29.68	0.06592	991	77.00	-470.63	67.74	28.57	0.15557	0.0176	0	0	0	991	71.6	30.88	409.22	29.783	30.80	0	101.4	4706.3	110205
400	"08:16:05"	2147.5	0	3	20	0.923	408.5	29.71	0.06671	991	77.09	-470.87	67.76	28.56	0.15714	0.018456	0	0	0	991	71.6	30.88	409.19	29.794	30.80	0	101.4	4708.7	110205
401	"08:16:07"	2149.5	0	3	20	0.933	408.8	29.75	0.06739	991	77.24	-471.03	67.88	28.55	0.1588	0.018474	0	0	0	991	71.6	30.89	409.35	29.848	30.80	0	101.4	4710.3	110205
402	"08:16:09"	2151.5	0	3	20	0.855	409.1	29.79	0.06179	991	77.28	-471.17	67.96	28.57	0.14547	0.01727	0	0	0	991	71.6	30.89	409.95	29.889	30.80	0	101.4	4711.7	110205
403	"08:16:11"	2153.5	0	3	20	0.731	409.4	29.82	0.05283	991	77.40	-471.37	68.05	28.57	0.12267	0.018825	0	0	0	991	71.6	30.89	409.95	29.931	30.80	0	101.4	4713.7	110205
404	"08:16:13"	2155.5	0	3	20	0.853	409.7	29.86	0.06163	991	77.46	-471.63	68.11	28.57	0.14433	0.019061	0	0	0	991	71.6	30.89	410.40	29.960	30.80	0	101.4	4716.3	110205
405	"08:16:15"	2157.5	0	3	20	0.9	409.9	29.90	0.065	991	77.53	-471.70	68.18	28.57	0.15291	0.018446	0	0	0	991	71.6	30.89	410.53	29.989	30.80	0	101.4	4717.0	110205
406	"08:16:17"	2159.5	0	3	20	0.881	410.2	29.94	0.06368	991	77.69	-471.96	68.24	28.55	0.14989	0.017803	0	0	0	991	71.6	30.89	410.80	30.019	30.80	0	101.4	4719.6	110205
407	"08:16:19"	2161.5	0	3	20	0.81	410.5	29.97	0.05849	991	77.64	-472.15	68.29	28.58	0.13776	0.016209	0	0	0	991	71.6	30.89	411.32	30.045	30.81	0	101.4	4721.5	110205
408	"08:16:21"	2163.5	0	3	20	0.87	410.8	30.00	0.06286	991	77.81	-472.29	68.35	28.55	0.14884	0.015492	0	0	0	991	71.6	30.89	411.64	30.070	30.81	0	101.4	4722.9	110205
409	"08:16:23"	2165.5	0	3	20	0.839	411.1	30.03	0.06063	991	77.84	-472.77	68.46	28.58	0.14351	0.015051	0	0	0	991	71.6	30.90	411.77	30.120	30.81	0	101.4	4727.7	110205
410	"08:16:25"	2167.5	0	3	20	0.893	411.4	30.06	0.06452	991	77.98	-473.03	68.48	28.55	0.1533	0.014601	0	0	0	991	71.6	30.90	412.06	30.134	30.81	0	101.4	4730.3	110205
411	"08:16:27"	2169.5	0	3	20	0.832	411.7	30.09	0.06009	991	77.97	-473.26	68.56	28.57	0.14172	0.016124	0	0	0	991	71.6	30.90	412.38	30.164	30.81	0	101.4	4732.6	110205
412	"08:16:29"	2171.5	0	3	20	0.75	411.9	30.12	0.05419	991	78.10	-473.87	68.65	28.57	0.12721	0.015906	0	0	0	991	71.6	30.90	412.40	30.210	30.81	0	101.4	4738.7	110205
413	"08:16:31"	2173.5	0	3	20	0.735	412.2	30.15	0.05309	991	78.26	-474.22	68.67	28.54	0.12485	0.015014	0	0	0	991	71.6	30.90	412.78	30.221	30.81	0	101.4	4742.2	110205
414	"08:16:33"	2175.5	0	3	20	0.75	412.5	30.18	0.05422	991	78.22	-474.60	68.75	28.57	0.12821	0.013706	0	0	0	991	71.6	30.90	413.28	30.254	30.81	0	101.4	4746.0	110205
415	"08:16:35"	2177.5	0	3	20	0.83	412.7	30.21	0.05996	991	78.34	-474.85	68.82	28.56	0.14189	0.014905	0	0	0	991	71.6	30.90	413.47	30.289	30.81	0	101.4	4748.5	110205
416	"08:16:37"	2179.5	0	3	20	0.879	413.0	30.24	0.06349	991	78.40	-475.01	68.90	28.57	0.15061	0.014902	0	0	0	991	71.6	30.90	413.80	30.328	30.82	0	101.4	4750.1	110205
417	"08:16:39"	2181.5	0	3	20	0.865	413.3	30.27	0.06251	991	78.33	-475.15	68.93	28.59	0.14819	0.014925	0	0	0	991	71.6	30.90	413.94	30.340	30.82	0	101.4	4751.5	110205
418	"08:16:41"	2183.5	0	3	20	0.756	413.6	30.30	0.0546	991	78.50	-475.35	69.02	28.58	0.12863	0.014913	0	0	0	991	71.6	30.91	414.14	30.385	30.82	0	101.4	4753.5	110205
419	"08:16:43"	2185.5	0	3	20	0.711	413.8	30.33	0.05139	991	78.63	-475.40	69.01	28.55	0.12153	0.012921	0	0	0	991	71.6	30.91	414.68	30.383	30.82	0	101.4	4754.0	110205
420	"08:16:45"	2187.5	0	3	20	0.805	414.1	30.36	0.05819	991	78.82	-475.45	69.14	28.54	0.138	0.01367	0	0	0	991	71.6	30.91	415.03	30.441	30.82	0	101.4	4754.5	110205
421	"08:16:47"	2189.5	0	4	200	0.831	410.0	30.38	0.06002	991	78.72	-475.44	69.15	28.57	0.16017	0.013952	-0.00066617	0.33315	0	991	71.6	30.91	415.32	30.449	30.82	0	101.4	4754.4	110205
