"OPEN 5.3.2"
"Sat Jun  1 2019 10:13:37"
"Unit="	"PSC-895"
"ComputeList="	"/User/Configs/Comps/Soil Efflux Eqns.LPL"
"BLCTable="	"/Sys/Lib/StdBLCTable"
"LightSource="	"Sun+Sky"	1	0.19
"LogFormat="	"/User/Configs/LogFormats/Soil Efflux Log Fmt"
"LogCodes="	-35	-21	-36	-104	310	311	320	302	303	306	304	321	322	323	324	300	301	330	331	305	307	308	-8	-2	-5	-9	-13	-11	-61	-23
"PromptList="	"/User/Configs/Prompts/Soil Efflux Prompts"
"Stability= (CO2S 15s SLP<1)(H2OS 15s SLP<1)(Flow 15s SLP<1)"
"10:18:20 "
$STARTOFDATA$
"Obs"	"HHMMSS"	"FTime"	"Plot#"	"Mode"	"Smpls"	"EFFLUX"	"C2avg"	"Wavg"	"dc'/dt"	"Vtot"	"RHcmbr%"	"Tsoil_C"	"RHirga%"	"Tsch_C"	"dC/dt"	"dW/dt"	"R(C)m"	"R(C)b"	"InsDpth"	"Vbase"	"Area"	"TBlk"	"CO2S"	"H2OS"	"Tair"	"PARo"	"Press"	"uc_21_mV"	"Status"
1	"10:22:31"	547.5	0	3	8	0.157	542.2	26.54	0.01133	991	74.68	-506.07	60.95	27.08	0.023446	0.0081073	0	0	0	991	71.6	31.23	542.27	26.561	30.59	0	101.1	5060.7	110205
2	"10:22:33"	549.5	0	3	12	0.587	542.3	26.55	0.04238	991	74.69	-506.07	60.97	27.09	0.10001	0.0081832	0	0	0	991	71.6	31.23	542.65	26.570	30.59	0	101.1	5060.7	110205
3	"10:22:35"	551.5	0	3	16	0.713	542.5	26.55	0.0515	991	74.79	-506.06	60.98	27.07	0.12307	0.0071559	0	0	0	991	71.6	31.23	543.00	26.573	30.59	0	101.1	5060.6	110205
4	"10:22:37"	553.5	0	3	20	0.72	542.6	26.56	0.05205	991	74.97	-506.08	61.02	27.04	0.12565	0.0049105	0	0	0	991	71.6	31.23	543.14	26.592	30.59	0	101.1	5060.8	110205
5	"10:22:39"	555.5	0	3	20	0.694	542.8	26.57	0.05011	991	74.92	-506.06	61.01	27.05	0.12145	0.0038906	0	0	0	991	71.6	31.23	543.34	26.593	30.59	0	101.1	5060.6	110205
6	"10:22:41"	557.5	0	3	20	0.599	543.0	26.58	0.04331	991	74.89	-506.06	61.05	27.06	0.10508	0.0031477	0	0	0	991	71.6	31.23	543.42	26.609	30.59	0	101.1	5060.6	110205
7	"10:22:43"	559.5	0	3	20	0.494	543.2	26.59	0.03569	991	75.04	-506.07	61.07	27.04	0.085483	0.0045853	0	0	0	991	71.6	31.23	543.95	26.618	30.59	0	101.1	5060.7	110205
8	"10:22:45"	561.5	0	3	20	0.729	543.5	26.60	0.05271	991	75.04	-506.07	61.11	27.05	0.12654	0.006232	0	0	0	991	71.6	31.23	544.08	26.637	30.59	0	101.1	5060.7	110205
9	"10:22:47"	563.5	0	3	20	0.715	543.7	26.61	0.05163	991	75.09	-506.07	61.11	27.04	0.12386	0.0062563	0	0	0	991	71.6	31.23	544.27	26.636	30.59	0	101.1	5060.7	110205
10	"10:22:49"	565.5	0	3	20	0.613	543.9	26.62	0.04431	991	75.06	-506.07	61.12	27.05	0.10622	0.0055138	0	0	0	991	71.6	31.23	544.30	26.642	30.59	0	101.1	5060.7	110205
11	"10:22:51"	567.5	0	3	20	0.575	544.1	26.63	0.04153	991	74.98	-506.06	61.15	27.08	0.10008	0.0042768	0	0	0	991	71.6	31.23	544.43	26.656	30.59	0	101.1	5060.6	110205
12	"10:22:53"	569.5	0	3	20	0.423	544.3	26.64	0.03056	991	75.10	-506.07	61.16	27.05	0.073554	0.0032649	0	0	0	991	71.6	31.23	544.95	26.662	30.59	0	101.1	5060.7	110205
13	"10:22:55"	571.5	0	3	20	0.686	544.5	26.65	0.04955	991	75.11	-506.07	61.19	27.06	0.11994	0.0041028	0	0	0	991	71.6	31.23	545.41	26.675	30.59	0	101.1	5060.7	110205
14	"10:22:57"	573.5	0	3	20	0.8	544.8	26.65	0.05779	991	75.09	-506.08	61.22	27.07	0.14005	0.0045351	0	0	0	991	71.6	31.23	545.26	26.689	30.59	0	101.1	5060.8	110205
15	"10:22:59"	575.5	0	3	20	0.69	545.0	26.66	0.04986	991	75.08	-506.08	61.24	27.08	0.12042	0.0046204	0	0	0	991	71.6	31.23	545.68	26.697	30.60	0	101.1	5060.8	110205
16	"10:23:01"	577.5	0	3	20	0.628	545.2	26.67	0.04541	991	75.10	-506.06	61.26	27.08	0.10936	0.0047562	0	0	0	991	71.6	31.23	545.77	26.707	30.60	0	101.1	5060.6	110205
17	"10:23:03"	579.5	0	3	20	0.632	545.5	26.69	0.0457	991	74.98	-506.06	61.23	27.10	0.10997	0.0049533	0	0	0	991	71.6	31.23	545.86	26.692	30.59	0	101.1	5060.6	110205
18	"10:23:05"	581.5	0	3	20	0.604	545.7	26.69	0.04363	991	75.05	-506.07	61.31	27.11	0.10444	0.005746	0	0	0	991	71.6	31.23	546.38	26.730	30.60	0	101.1	5060.7	110205
19	"10:23:07"	583.5	0	3	20	0.8	545.9	26.71	0.05781	991	75.10	-506.07	61.33	27.10	0.13966	0.0053246	0	0	0	991	71.6	31.23	546.50	26.737	30.60	0	101.1	5060.7	110205
20	"10:23:09"	585.5	0	3	20	0.613	546.1	26.72	0.04427	991	75.23	-506.06	61.35	27.08	0.10607	0.0056199	0	0	0	991	71.6	31.23	546.40	26.747	30.60	0	101.1	5060.6	110205
21	"10:23:11"	587.5	0	3	20	0.494	546.4	26.73	0.03568	991	75.18	-506.07	61.35	27.09	0.085243	0.004951	0	0	0	991	71.6	31.23	546.80	26.749	30.60	0	101.1	5060.7	110205
22	"10:23:13"	589.5	0	3	20	0.621	546.6	26.74	0.04488	991	75.21	-506.07	61.38	27.09	0.1083	0.0043422	0	0	0	991	71.6	31.23	547.15	26.761	30.60	0	101.1	5060.7	110205
23	"10:23:15"	591.5	0	3	20	0.557	546.8	26.75	0.04027	991	75.22	-506.07	61.40	27.09	0.096928	0.0043369	0	0	0	991	71.6	31.23	547.52	26.767	30.60	0	101.1	5060.7	110205
24	"10:23:17"	593.5	0	3	20	0.799	547.0	26.75	0.05775	991	75.21	-506.07	61.38	27.09	0.14024	0.0039746	0	0	0	991	71.6	31.23	547.61	26.758	30.60	0	101.1	5060.7	110205
25	"10:23:19"	595.5	0	3	20	0.695	547.2	26.76	0.0502	991	75.28	-506.07	61.46	27.10	0.12141	0.0043761	0	0	0	991	71.6	31.23	547.91	26.797	30.60	0	101.1	5060.7	110205
26	"10:23:21"	597.5	0	3	20	0.645	547.5	26.77	0.04657	991	75.22	-506.07	61.46	27.11	0.1127	0.0039234	0	0	0	991	71.6	31.23	548.15	26.798	30.60	0	101.1	5060.7	110205
27	"10:23:23"	599.5	0	3	20	0.596	547.7	26.78	0.04304	991	75.28	-506.06	61.46	27.10	0.10378	0.0042979	0	0	0	991	71.6	31.23	548.12	26.797	30.60	0	101.1	5060.6	110205
28	"10:23:25"	601.5	0	3	20	0.521	547.9	26.79	0.03763	991	75.32	-506.07	61.46	27.09	0.089904	0.0052324	0	0	0	991	71.6	31.23	548.50	26.797	30.60	0	101.1	5060.7	110205
29	"10:23:27"	603.5	0	3	20	0.668	548.1	26.80	0.04824	991	75.33	-506.05	61.53	27.11	0.11633	0.0047636	0	0	0	991	71.6	31.23	548.41	26.827	30.60	0	101.1	5060.5	110205
30	"10:23:29"	605.5	0	3	20	0.527	548.3	26.81	0.0381	991	75.35	-506.06	61.55	27.11	0.090914	0.0054824	0	0	0	991	71.6	31.23	548.96	26.836	30.60	0	101.1	5060.6	110205
31	"10:23:31"	607.5	0	3	20	0.616	548.5	26.82	0.04454	991	75.45	-506.07	61.57	27.09	0.10724	0.0046844	0	0	0	991	71.6	31.23	548.83	26.847	30.60	0	101.1	5060.7	110205
32	"10:23:33"	609.5	0	3	20	0.522	548.7	26.83	0.03773	991	75.45	-506.08	61.58	27.09	0.09014	0.0052532	0	0	0	991	71.6	31.23	549.45	26.852	30.60	0	101.1	5060.8	110205
33	"10:23:35"	611.5	0	3	20	0.636	548.9	26.84	0.04598	991	75.40	-506.06	61.60	27.11	0.1107	0.004882	0	0	0	991	71.6	31.23	549.56	26.859	30.60	0	101.1	5060.6	110205
34	"10:23:37"	613.5	0	3	20	0.703	549.1	26.85	0.05081	991	75.38	-506.07	61.60	27.12	0.12318	0.0038749	0	0	0	991	71.6	31.23	549.78	26.863	30.60	0	101.1	5060.7	110205
35	"10:23:39"	615.5	0	3	20	0.557	549.4	26.85	0.04023	991	75.51	-506.07	61.63	27.09	0.097026	0.0039484	0	0	0	991	71.6	31.23	550.14	26.874	30.60	0	101.1	5060.7	110205
36	"10:23:41"	617.5	0	3	20	0.654	549.6	26.86	0.04725	991	75.48	-506.08	61.64	27.10	0.11456	0.0035832	0	0	0	991	71.6	31.23	550.27	26.879	30.60	0	101.1	5060.8	110205
37	"10:23:43"	619.5	0	3	20	0.618	549.8	26.87	0.04465	991	75.57	-506.07	61.69	27.10	0.10786	0.0040987	0	0	0	991	71.6	31.23	550.28	26.897	30.60	0	101.1	5060.7	110205
38	"10:23:45"	621.5	0	3	20	0.702	550.0	26.88	0.05075	991	75.57	-506.08	61.72	27.10	0.12239	0.004999	0	0	0	991	71.6	31.23	550.86	26.912	30.60	0	101.1	5060.8	110205
39	"10:23:47"	623.5	0	3	20	0.7	550.3	26.89	0.05056	991	75.54	-506.07	61.73	27.12	0.12127	0.0061592	0	0	0	991	71.6	31.23	550.87	26.919	30.60	0	101.1	5060.7	110205
40	"10:23:49"	625.5	0	3	20	0.603	550.5	26.90	0.04356	991	75.49	-506.07	61.73	27.12	0.10482	0.0047325	0	0	0	991	71.6	31.23	551.09	26.915	30.60	0	101.1	5060.7	110205
41	"10:23:51"	627.5	0	3	20	0.64	550.8	26.91	0.04623	991	75.52	-506.08	61.77	27.13	0.11194	0.0037897	0	0	0	991	71.6	31.23	551.46	26.934	30.60	0	101.1	5060.8	110205
42	"10:23:53"	629.5	0	3	20	0.729	551.0	26.92	0.0527	991	75.54	-506.05	61.78	27.12	0.12797	0.0036317	0	0	0	991	71.6	31.22	551.63	26.931	30.60	0	101.1	5060.5	110205
43	"10:23:55"	631.5	0	3	20	0.677	551.2	26.93	0.0489	991	75.53	-506.07	61.80	27.13	0.11859	0.0036429	0	0	0	991	71.6	31.22	551.82	26.945	30.60	0	101.1	5060.7	110205
44	"10:23:57"	633.5	0	3	20	0.593	551.4	26.93	0.04281	991	75.64	-506.07	61.85	27.12	0.10314	0.0044282	0	0	0	991	71.6	31.22	551.93	26.963	30.60	0	101.1	5060.7	110205
45	"10:23:59"	635.5	0	3	20	0.566	551.7	26.94	0.04087	991	75.56	-506.06	61.83	27.13	0.098869	0.0035138	0	0	0	991	71.6	31.22	551.93	26.955	30.59	0	101.1	5060.6	110205
46	"10:24:01"	637.5	0	3	20	0.585	551.9	26.95	0.04228	991	75.63	-506.06	61.89	27.13	0.10243	0.0033355	0	0	0	991	71.6	31.22	552.38	26.978	30.59	0	101.1	5060.6	110205
47	"10:24:03"	639.5	0	3	20	0.598	552.1	26.96	0.04319	991	75.72	-506.07	61.90	27.12	0.10396	0.0046175	0	0	0	991	71.6	31.23	552.62	26.983	30.59	0	101.1	5060.7	110205
48	"10:24:05"	641.5	0	3	20	0.682	552.3	26.97	0.04924	991	75.67	-506.07	61.91	27.13	0.11862	0.0051066	0	0	0	991	71.6	31.23	552.78	26.985	30.59	0	101.1	5060.7	110205
49	"10:24:07"	643.5	0	3	20	0.516	552.5	26.97	0.03725	991	75.66	-506.08	61.89	27.13	0.089839	0.0036508	0	0	0	991	71.6	31.23	553.00	26.980	30.59	0	101.1	5060.8	110205
50	"10:24:09"	645.5	0	3	20	0.481	552.7	26.98	0.03472	991	75.68	-506.08	61.92	27.13	0.084234	0.0025429	0	0	0	991	71.6	31.23	553.09	26.992	30.60	0	101.1	5060.8	110205
51	"10:24:11"	647.5	0	4	200	0.62	550.0	26.99	0.04476	991	75.73	-506.06	61.95	27.13	0.07685	0.0021495	-5.4602E-05	0.074794	0	991	71.6	31.23	553.11	27.008	30.60	0	101.1	5060.6	110205
52	"10:28:23"	899.5	0	3	8	0.633	542.2	27.40	0.04577	991	77.47	-506.05	63.02	26.99	0.11211	0.001393	0	0	0	991	71.6	31.23	542.58	27.400	30.55	0	101.1	5060.5	110205
53	"10:28:25"	901.5	0	3	12	0.659	542.3	27.40	0.04758	991	77.58	-506.07	63.06	26.98	0.11546	0.0034039	0	0	0	991	71.6	31.23	542.72	27.422	30.55	0	101.1	5060.7	110205
54	"10:28:27"	903.5	0	3	16	0.693	542.4	27.40	0.05004	991	77.54	-506.05	63.07	26.98	0.12219	0.0022073	0	0	0	991	71.6	31.23	542.76	27.423	30.55	0	101.1	5060.5	110205
55	"10:28:29"	905.5	0	3	20	0.545	542.5	27.41	0.03937	991	77.53	-506.06	63.04	26.98	0.095854	0.0022372	0	0	0	991	71.6	31.23	543.05	27.408	30.55	0	101.1	5060.6	110205
56	"10:28:31"	907.5	0	3	20	0.595	542.7	27.41	0.04296	991	77.59	-506.06	63.10	26.98	0.10478	0.002096	0	0	0	991	71.6	31.23	543.38	27.435	30.55	0	101.1	5060.6	110205
57	"10:28:33"	909.5	0	3	20	0.651	543.0	27.42	0.04705	991	77.56	-506.05	63.09	26.98	0.11456	0.0026841	0	0	0	991	71.6	31.23	543.87	27.425	30.54	0	101.1	5060.5	110205
58	"10:28:35"	911.5	0	3	20	0.846	543.2	27.42	0.06109	991	77.59	-506.07	63.13	26.99	0.14878	0.0034404	0	0	0	991	71.6	31.23	544.11	27.443	30.55	0	101.1	5060.7	110205
59	"10:28:37"	913.5	0	3	20	0.911	543.5	27.43	0.06585	991	77.62	-506.07	63.10	26.97	0.16057	0.0033354	0	0	0	991	71.6	31.23	543.92	27.428	30.54	0	101.1	5060.7	110205
60	"10:28:39"	915.5	0	3	20	0.615	543.7	27.44	0.04444	991	77.68	-506.07	63.15	26.97	0.10811	0.00269	0	0	0	991	71.6	31.23	544.18	27.449	30.54	0	101.1	5060.7	110205
61	"10:28:41"	917.5	0	3	20	0.499	543.9	27.44	0.03604	991	77.68	-506.07	63.15	26.97	0.087836	0.0019087	0	0	0	991	71.6	31.23	544.58	27.444	30.54	0	101.1	5060.7	110205
62	"10:28:43"	919.5	0	3	20	0.474	544.2	27.44	0.03427	991	77.73	-506.06	63.15	26.96	0.083392	0.0020386	0	0	0	991	71.6	31.23	544.92	27.448	30.54	0	101.1	5060.6	110205
63	"10:28:45"	921.5	0	3	20	0.557	544.3	27.45	0.04026	991	77.72	-506.07	63.16	26.96	0.098551	0.0013535	0	0	0	991	71.6	31.23	544.86	27.452	30.54	0	101.1	5060.7	110205
64	"10:28:47"	923.5	0	3	20	0.685	544.5	27.45	0.04946	991	77.78	-506.06	63.17	26.95	0.12101	0.0017355	0	0	0	991	71.6	31.23	545.17	27.455	30.54	0	101.1	5060.6	110205
65	"10:28:49"	925.5	0	3	20	0.634	544.8	27.45	0.04581	991	77.88	-506.05	63.21	26.94	0.1123	0.001229	0	0	0	991	71.6	31.23	545.42	27.471	30.54	0	101.1	5060.5	110205
66	"10:28:51"	927.5	0	3	20	0.566	545.0	27.46	0.04089	991	77.84	-506.09	63.23	26.95	0.099782	0.0019152	0	0	0	991	71.6	31.23	545.43	27.478	30.54	0	101.1	5060.9	110205
67	"10:28:53"	929.5	0	3	20	0.66	545.2	27.46	0.04767	991	77.78	-506.06	63.20	26.96	0.11585	0.0031026	0	0	0	991	71.6	31.23	545.85	27.467	30.54	0	101.1	5060.6	110205
68	"10:28:55"	931.5	0	3	20	0.636	545.5	27.47	0.04596	991	77.81	-506.08	63.20	26.95	0.11205	0.0023375	0	0	0	991	71.6	31.23	545.90	27.467	30.54	0	101.1	5060.8	110205
69	"10:28:57"	933.5	0	3	20	0.585	545.7	27.47	0.04227	991	77.83	-506.09	63.22	26.95	0.10329	0.0017188	0	0	0	991	71.6	31.23	546.22	27.474	30.54	0	101.1	5060.9	110205
70	"10:28:59"	935.5	0	3	20	0.61	545.9	27.47	0.04405	991	77.89	-506.06	63.24	26.94	0.10772	0.0016436	0	0	0	991	71.6	31.23	546.39	27.482	30.54	0	101.1	5060.6	110205
71	"10:29:01"	937.5	0	3	20	0.667	546.1	27.48	0.0482	991	77.90	-506.08	63.23	26.93	0.11812	0.0013439	0	0	0	991	71.6	31.23	546.61	27.471	30.53	0	101.1	5060.8	110205
72	"10:29:03"	939.5	0	3	20	0.64	546.3	27.48	0.04627	991	77.94	-506.08	63.26	26.94	0.11337	0.001338	0	0	0	991	71.6	31.23	546.96	27.488	30.54	0	101.1	5060.8	110205
73	"10:29:05"	941.5	0	3	20	0.757	546.6	27.48	0.05466	991	78.04	-506.06	63.30	26.92	0.1337	0.0019619	0	0	0	991	71.6	31.23	547.44	27.500	30.53	0	101.1	5060.6	110205
74	"10:29:07"	943.5	0	3	20	0.778	546.9	27.49	0.05619	991	77.98	-506.06	63.30	26.94	0.13767	0.0016083	0	0	0	991	71.6	31.23	547.44	27.499	30.53	0	101.1	5060.6	110205
75	"10:29:09"	945.5	0	3	20	0.746	547.1	27.49	0.05388	991	78.05	-506.08	63.32	26.93	0.13117	0.0030263	0	0	0	991	71.6	31.23	547.64	27.511	30.54	0	101.1	5060.8	110205
76	"10:29:11"	947.5	0	3	20	0.674	547.3	27.50	0.04873	991	78.01	-506.07	63.30	26.93	0.11822	0.0034868	0	0	0	991	71.6	31.24	547.68	27.503	30.53	0	101.1	5060.7	110205
77	"10:29:13"	949.5	0	3	20	0.489	547.6	27.50	0.03531	991	78.07	-506.07	63.36	26.93	0.085709	0.0024359	0	0	0	991	71.6	31.24	548.23	27.531	30.54	0	101.1	5060.7	110205
78	"10:29:15"	951.5	0	3	20	0.545	547.8	27.51	0.03939	991	78.06	-506.06	63.33	26.93	0.095339	0.0032121	0	0	0	991	71.6	31.23	548.42	27.519	30.54	0	101.1	5060.6	110205
79	"10:29:17"	953.5	0	3	20	0.602	548.0	27.51	0.04352	991	78.10	-506.06	63.36	26.93	0.10595	0.0024469	0	0	0	991	71.6	31.24	548.34	27.531	30.54	0	101.1	5060.6	110205
80	"10:29:19"	955.5	0	3	20	0.686	548.2	27.52	0.04958	991	78.12	-506.06	63.39	26.93	0.12076	0.002684	0	0	0	991	71.6	31.23	548.87	27.542	30.54	0	101.1	5060.6	110205
81	"10:29:21"	957.5	0	3	20	0.715	548.4	27.53	0.05163	991	78.19	-506.06	63.40	26.92	0.1254	0.0033964	0	0	0	991	71.6	31.24	549.05	27.547	30.53	0	101.1	5060.6	110205
82	"10:29:23"	959.5	0	3	20	0.71	548.7	27.53	0.05131	991	78.11	-506.06	63.37	26.93	0.12538	0.002057	0	0	0	991	71.6	31.23	549.43	27.535	30.54	0	101.1	5060.6	110205
83	"10:29:25"	961.5	0	3	20	0.816	548.9	27.53	0.05896	991	78.13	-506.06	63.38	26.93	0.14404	0.0024028	0	0	0	991	71.6	31.23	549.61	27.536	30.53	0	101.1	5060.6	110205
84	"10:29:27"	963.5	0	3	20	0.699	549.2	27.54	0.05053	991	78.14	-506.06	63.40	26.93	0.12356	0.0018451	0	0	0	991	71.6	31.23	549.82	27.546	30.54	0	101.1	5060.6	110205
85	"10:29:29"	965.5	0	3	20	0.579	549.4	27.54	0.04181	991	78.16	-506.07	63.44	26.93	0.10237	0.0013215	0	0	0	991	71.6	31.23	550.02	27.561	30.53	0	101.1	5060.7	110205
86	"10:29:31"	967.5	0	3	20	0.525	549.6	27.55	0.0379	991	78.20	-506.06	63.45	26.93	0.092001	0.0025912	0	0	0	991	71.6	31.23	550.00	27.567	30.53	0	101.1	5060.6	110205
87	"10:29:33"	969.5	0	3	20	0.49	549.8	27.55	0.03544	991	78.18	-506.06	63.47	26.94	0.08555	0.003261	0	0	0	991	71.6	31.23	550.45	27.573	30.53	0	101.1	5060.6	110205
88	"10:29:35"	971.5	0	3	20	0.699	550.0	27.56	0.05054	991	78.22	-506.07	63.50	26.94	0.12304	0.0028156	0	0	0	991	71.6	31.23	550.86	27.584	30.53	0	101.1	5060.7	110205
89	"10:29:37"	973.5	0	3	20	0.805	550.3	27.56	0.05819	991	78.21	-506.06	63.48	26.93	0.14163	0.0033224	0	0	0	991	71.6	31.23	550.96	27.575	30.53	0	101.1	5060.6	110205
90	"10:29:39"	975.5	0	3	20	0.763	550.5	27.57	0.05513	991	78.23	-506.08	63.50	26.94	0.13477	0.0021093	0	0	0	991	71.6	31.23	551.00	27.586	30.53	0	101.1	5060.8	110205
91	"10:29:41"	977.5	0	3	20	0.704	550.8	27.58	0.05084	991	78.25	-506.06	63.53	26.94	0.12379	0.0028278	0	0	0	991	71.6	31.23	551.48	27.598	30.53	0	101.1	5060.6	110205
92	"10:29:43"	979.5	0	3	20	0.561	551.0	27.58	0.04055	991	78.20	-506.05	63.51	26.94	0.097968	0.0035971	0	0	0	991	71.6	31.23	551.63	27.585	30.53	0	101.1	5060.5	110205
93	"10:29:45"	981.5	0	3	20	0.644	551.3	27.59	0.04655	991	78.27	-506.07	63.57	26.94	0.11339	0.0025147	0	0	0	991	71.6	31.23	552.00	27.611	30.53	0	101.1	5060.7	110205
94	"10:29:47"	983.5	0	3	20	0.719	551.5	27.59	0.05194	991	78.26	-506.06	63.56	26.94	0.12583	0.0040079	0	0	0	991	71.6	31.23	552.21	27.610	30.53	0	101.1	5060.6	110205
95	"10:29:49"	985.5	0	3	20	0.686	551.7	27.60	0.04958	991	78.20	-506.06	63.54	26.95	0.12139	0.0015576	0	0	0	991	71.6	31.23	552.20	27.600	30.53	0	101.1	5060.6	110205
96	"10:29:51"	987.5	0	3	20	0.579	551.9	27.60	0.04181	991	78.31	-506.07	63.56	26.93	0.10245	0.001185	0	0	0	991	71.6	31.23	552.74	27.608	30.53	0	101.1	5060.7	110205
97	"10:29:53"	989.5	0	3	20	0.542	552.2	27.61	0.03918	991	78.36	-506.07	63.59	26.93	0.095664	0.001711	0	0	0	991	71.6	31.23	552.93	27.624	30.53	0	101.1	5060.7	110205
98	"10:29:55"	991.5	0	3	20	0.744	552.4	27.61	0.05378	991	78.36	-506.06	63.57	26.93	0.13194	0.001221	0	0	0	991	71.6	31.23	553.13	27.618	30.53	0	101.1	5060.6	110205
99	"10:29:57"	993.5	0	3	20	0.753	552.7	27.61	0.05443	991	78.44	-506.07	63.61	26.92	0.13286	0.0023967	0	0	0	991	71.6	31.23	553.18	27.632	30.53	0	101.1	5060.7	110205
100	"10:29:59"	995.5	0	3	20	0.709	552.9	27.62	0.05121	991	78.47	-506.07	63.65	26.92	0.12467	0.0028359	0	0	0	991	71.6	31.23	553.42	27.645	30.53	0	101.1	5060.7	110205
101	"10:30:01"	997.5	0	3	20	0.574	553.1	27.63	0.04146	991	78.49	-506.07	63.66	26.92	0.10052	0.0030293	0	0	0	991	71.6	31.23	553.54	27.649	30.53	0	101.1	5060.7	110205
102	"10:30:03"	999.5	0	4	200	0.658	550.0	27.63	0.04756	991	78.45	-506.07	63.66	26.93	0.084583	0.003329	8.7239E-05	-0.00041706	0	991	71.6	31.23	553.98	27.653	30.53	0	101.1	5060.7	110205
103	"10:33:59"	1236.0	0	3	8	0.595	541.9	27.78	0.04301	991	79.44	-506.06	64.07	26.79	0.10645	-0.0007876	0	0	0	991	71.6	31.23	542.09	27.770	30.49	0	101.1	5060.6	110205
104	"10:34:01"	1238.0	0	3	12	0.655	542.0	27.78	0.0473	991	79.57	-506.07	64.10	26.77	0.11575	0.0015145	0	0	0	991	71.6	31.23	542.45	27.783	30.49	0	101.1	5060.7	110205
105	"10:34:03"	1240.0	0	3	16	0.778	542.2	27.78	0.05624	991	79.53	-506.06	64.12	26.78	0.13745	0.0021135	0	0	0	991	71.6	31.23	542.83	27.789	30.49	0	101.1	5060.6	110205
106	"10:34:05"	1242.0	0	3	20	0.799	542.3	27.78	0.05773	991	79.53	-506.06	64.09	26.77	0.14123	0.0019204	0	0	0	991	71.6	31.23	542.92	27.778	30.49	0	101.1	5060.6	110205
107	"10:34:07"	1244.0	0	3	20	0.755	542.6	27.78	0.05458	991	79.61	-506.06	64.17	26.78	0.13369	0.0015083	0	0	0	991	71.6	31.23	543.17	27.813	30.49	0	101.1	5060.6	110205
108	"10:34:09"	1246.0	0	3	20	0.65	542.8	27.79	0.04696	991	79.59	-506.05	64.15	26.77	0.1148	0.0017018	0	0	0	991	71.6	31.23	543.21	27.801	30.49	0	101.1	5060.5	110205
109	"10:34:11"	1248.0	0	3	20	0.546	543.0	27.79	0.03945	991	79.59	-506.07	64.16	26.77	0.096362	0.0015704	0	0	0	991	71.6	31.23	543.60	27.804	30.49	0	101.1	5060.7	110205
110	"10:34:13"	1250.0	0	3	20	0.658	543.3	27.80	0.04758	991	79.66	-506.07	64.19	26.77	0.11568	0.0028501	0	0	0	991	71.6	31.23	544.03	27.816	30.49	0	101.1	5060.7	110205
111	"10:34:15"	1252.0	0	3	20	0.799	543.5	27.80	0.05771	991	79.63	-506.05	64.16	26.77	0.14083	0.0025281	0	0	0	991	71.6	31.23	543.97	27.802	30.49	0	101.1	5060.5	110205
112	"10:34:17"	1254.0	0	3	20	0.743	543.7	27.81	0.05371	991	79.74	-506.07	64.20	26.75	0.13137	0.0018263	0	0	0	991	71.6	31.23	544.16	27.818	30.49	0	101.1	5060.7	110205
113	"10:34:19"	1256.0	0	3	20	0.679	544.0	27.81	0.04908	991	79.76	-506.07	64.22	26.75	0.1202	0.0013701	0	0	0	991	71.6	31.23	544.58	27.823	30.49	0	101.1	5060.7	110205
114	"10:34:21"	1258.0	0	3	20	0.511	544.2	27.81	0.03694	991	79.74	-506.06	64.22	26.76	0.090091	0.0017033	0	0	0	991	71.6	31.23	544.54	27.827	30.49	0	101.1	5060.6	110205
115	"10:34:23"	1260.0	0	3	20	0.565	544.4	27.82	0.0408	991	79.74	-506.06	64.26	26.77	0.098958	0.0028568	0	0	0	991	71.6	31.23	544.84	27.839	30.48	0	101.1	5060.6	110205
116	"10:34:25"	1262.0	0	3	20	0.692	544.6	27.82	0.04996	991	79.70	-506.07	64.24	26.77	0.12149	0.0029625	0	0	0	991	71.6	31.23	545.38	27.831	30.49	0	101.1	5060.7	110205
117	"10:34:27"	1264.0	0	3	20	0.75	544.9	27.83	0.05421	991	79.76	-506.07	64.23	26.75	0.13223	0.0024912	0	0	0	991	71.6	31.23	545.57	27.827	30.49	0	101.1	5060.7	110205
118	"10:34:29"	1266.0	0	3	20	0.805	545.1	27.83	0.05813	991	79.85	-506.06	64.29	26.75	0.14229	0.0017472	0	0	0	991	71.6	31.23	545.74	27.849	30.48	0	101.1	5060.6	110205
119	"10:34:31"	1268.0	0	3	20	0.623	545.4	27.84	0.045	991	79.82	-506.05	64.27	26.75	0.10982	0.0019368	0	0	0	991	71.6	31.23	545.76	27.844	30.48	0	101.1	5060.5	110205
120	"10:34:33"	1270.0	0	3	20	0.654	545.6	27.84	0.04724	991	79.76	-506.07	64.26	26.76	0.11577	0.0011801	0	0	0	991	71.6	31.23	546.08	27.840	30.48	0	101.1	5060.7	110205
121	"10:34:35"	1272.0	0	3	20	0.564	545.8	27.84	0.04074	991	79.79	-506.07	64.30	26.76	0.099622	0.0014118	0	0	0	991	71.6	31.23	546.39	27.854	30.48	0	101.1	5060.7	110205
122	"10:34:37"	1274.0	0	3	20	0.607	546.0	27.85	0.04382	991	79.75	-506.07	64.29	26.77	0.10758	0.00078129	0	0	0	991	71.6	31.23	546.69	27.851	30.48	0	101.1	5060.7	110205
123	"10:34:39"	1276.0	0	3	20	0.694	546.2	27.85	0.05012	991	79.77	-506.08	64.31	26.77	0.12305	0.00087215	0	0	0	991	71.6	31.23	547.16	27.859	30.48	0	101.1	5060.8	110205
124	"10:34:41"	1278.0	0	3	20	0.743	546.5	27.85	0.05371	991	79.82	-506.06	64.31	26.76	0.13107	0.0023265	0	0	0	991	71.6	31.23	547.03	27.857	30.48	0	101.1	5060.6	110205
125	"10:34:43"	1280.0	0	3	20	0.709	546.7	27.85	0.05125	991	79.80	-506.07	64.30	26.76	0.12553	0.0014247	0	0	0	991	71.6	31.23	547.27	27.856	30.48	0	101.1	5060.7	110205
126	"10:34:45"	1282.0	0	3	20	0.622	547.0	27.86	0.04492	991	79.85	-506.06	64.32	26.76	0.11007	0.0011597	0	0	0	991	71.6	31.23	547.63	27.862	30.48	0	101.1	5060.6	110205
127	"10:34:47"	1284.0	0	3	20	0.596	547.2	27.86	0.04306	991	79.90	-506.07	64.31	26.74	0.1055	0.0011286	0	0	0	991	71.6	31.23	547.86	27.858	30.48	0	101.1	5060.7	110205
128	"10:34:49"	1286.0	0	3	20	0.579	547.5	27.86	0.04181	991	79.90	-506.07	64.29	26.74	0.1031	-0.00011202	0	0	0	991	71.6	31.23	548.07	27.850	30.48	0	101.1	5060.7	110205
129	"10:34:51"	1288.0	0	3	20	0.732	547.6	27.86	0.05288	991	79.90	-506.07	64.33	26.75	0.1296	0.0012962	0	0	0	991	71.6	31.23	548.29	27.863	30.48	0	101.1	5060.7	110205
130	"10:34:53"	1290.0	0	3	20	0.676	547.9	27.86	0.04881	991	79.98	-506.06	64.38	26.74	0.11936	0.0016456	0	0	0	991	71.6	31.23	548.63	27.882	30.48	0	101.1	5060.6	110205
131	"10:34:55"	1292.0	0	3	20	0.754	548.2	27.87	0.05447	991	80.00	-506.07	64.38	26.74	0.13227	0.0035063	0	0	0	991	71.6	31.23	549.12	27.887	30.48	0	101.1	5060.7	110205
132	"10:34:57"	1294.0	0	3	20	0.773	548.4	27.87	0.05587	991	80.05	-506.06	64.38	26.73	0.13563	0.003649	0	0	0	991	71.6	31.23	549.15	27.881	30.48	0	101.1	5060.6	110205
133	"10:34:59"	1296.0	0	3	20	0.707	548.7	27.88	0.0511	991	80.07	-506.07	64.41	26.73	0.1247	0.0021631	0	0	0	991	71.6	31.23	549.19	27.895	30.48	0	101.1	5060.7	110205
134	"10:35:01"	1298.0	0	3	20	0.573	548.9	27.88	0.04137	991	80.02	-506.06	64.41	26.74	0.10118	0.0013607	0	0	0	991	71.6	31.23	549.30	27.892	30.48	0	101.1	5060.6	110205
135	"10:35:03"	1300.0	0	3	20	0.436	549.1	27.89	0.03152	991	80.04	-506.06	64.40	26.73	0.077612	0.00013756	0	0	0	991	71.6	31.23	549.88	27.889	30.48	0	101.1	5060.6	110205
136	"10:35:05"	1302.0	0	3	20	0.599	549.3	27.89	0.04325	991	80.06	-506.08	64.42	26.73	0.10532	0.0022308	0	0	0	991	71.6	31.23	549.98	27.899	30.48	0	101.1	5060.8	110205
137	"10:35:07"	1304.0	0	3	20	0.695	549.5	27.89	0.05019	991	80.05	-506.07	64.41	26.73	0.12265	0.001834	0	0	0	991	71.6	31.23	549.90	27.897	30.48	0	101.1	5060.7	110205
138	"10:35:09"	1306.0	0	3	20	0.75	549.8	27.89	0.05416	991	80.07	-506.07	64.44	26.74	0.1325	0.0017439	0	0	0	991	71.6	31.23	550.38	27.907	30.48	0	101.1	5060.7	110205
139	"10:35:11"	1308.0	0	3	20	0.657	550.0	27.90	0.0475	991	80.06	-506.06	64.44	26.74	0.11591	0.0020445	0	0	0	991	71.6	31.23	550.64	27.907	30.48	0	101.1	5060.6	110205
140	"10:35:13"	1310.0	0	3	20	0.556	550.3	27.90	0.04019	991	80.06	-506.06	64.42	26.73	0.098436	0.0010697	0	0	0	991	71.6	31.23	550.91	27.901	30.48	0	101.1	5060.6	110205
141	"10:35:15"	1312.0	0	3	20	0.663	550.5	27.90	0.0479	991	80.18	-506.07	64.46	26.72	0.11713	0.0016263	0	0	0	991	71.6	31.23	551.05	27.916	30.48	0	101.1	5060.7	110205
142	"10:35:17"	1314.0	0	3	20	0.608	550.7	27.91	0.04396	991	80.13	-506.06	64.47	26.73	0.10736	0.0017179	0	0	0	991	71.6	31.23	551.16	27.918	30.48	0	101.1	5060.6	110205
143	"10:35:19"	1316.0	0	3	20	0.691	550.9	27.91	0.04992	991	80.14	-506.05	64.49	26.73	0.12235	0.0012006	0	0	0	991	71.6	31.23	551.65	27.921	30.47	0	101.1	5060.5	110205
144	"10:35:21"	1318.0	0	3	20	0.728	551.2	27.91	0.05256	991	80.17	-506.05	64.47	26.72	0.12897	0.0010079	0	0	0	991	71.6	31.23	551.77	27.916	30.48	0	101.1	5060.5	110205
145	"10:35:23"	1320.0	0	3	20	0.67	551.4	27.92	0.0484	991	80.17	-506.06	64.50	26.73	0.11823	0.0018622	0	0	0	991	71.6	31.23	552.10	27.928	30.48	0	101.1	5060.6	110205
146	"10:35:25"	1322.0	0	3	20	0.791	551.7	27.92	0.05712	991	80.12	-506.08	64.51	26.74	0.13916	0.0028669	0	0	0	991	71.6	31.23	552.45	27.933	30.48	0	101.1	5060.8	110205
147	"10:35:27"	1324.0	0	3	20	0.609	551.9	27.92	0.04402	991	80.14	-506.06	64.53	26.74	0.10734	0.0020308	0	0	0	991	71.6	31.23	552.61	27.939	30.47	0	101.1	5060.6	110205
148	"10:35:29"	1326.0	0	3	20	0.605	552.1	27.93	0.04369	991	80.12	-506.06	64.48	26.73	0.10657	0.0019206	0	0	0	991	71.6	31.23	552.58	27.912	30.47	0	101.1	5060.6	110205
149	"10:35:31"	1328.0	0	3	20	0.619	552.3	27.93	0.04473	991	80.18	-506.06	64.48	26.72	0.11027	-6.1454E-05	0	0	0	991	71.6	31.23	553.05	27.916	30.47	0	101.1	5060.6	110205
150	"10:35:33"	1330.0	0	3	20	0.551	552.6	27.93	0.03982	991	80.18	-506.07	64.53	26.73	0.09837	-0.00040896	0	0	0	991	71.6	31.23	553.29	27.935	30.47	0	101.1	5060.7	110205
151	"10:35:35"	1332.0	0	3	20	0.663	552.8	27.93	0.04787	991	80.16	-506.06	64.50	26.72	0.11799	-2.3949E-05	0	0	0	991	71.6	31.23	553.57	27.916	30.47	0	101.1	5060.6	110205
152	"10:35:37"	1334.0	0	3	20	0.694	553.0	27.93	0.05016	991	80.25	-506.07	64.54	26.72	0.12308	0.00092829	0	0	0	991	71.6	31.23	553.74	27.935	30.47	0	101.1	5060.7	110205
153	"10:35:39"	1336.0	0	4	200	0.659	550.0	27.93	0.04763	991	80.24	-506.07	64.55	26.72	0.12763	0.0019271	-0.00015248	0.13149	0	991	71.6	31.23	553.80	27.938	30.47	0	101.1	5060.7	110205
