"OPEN 5.3.2"
"Fri May 31 2019 10:26:08"
"Unit="	"PSC-895"
"ComputeList="	"/User/Configs/Comps/Soil Efflux Eqns.LPL"
"BLCTable="	"/Sys/Lib/StdBLCTable"
"LightSource="	"Sun+Sky"	1	0.19
"LogFormat="	"/User/Configs/LogFormats/Soil Efflux Log Fmt"
"LogCodes="	-35	-21	-36	-104	310	311	320	302	303	306	304	321	322	323	324	300	301	330	331	305	307	308	-8	-2	-5	-9	-13	-11	-61	-23
"PromptList="	"/User/Configs/Prompts/Soil Efflux Prompts"
"Stability= (CO2S 15s SLP<1)(H2OS 15s SLP<1)(Flow 15s SLP<1)"
"10:26:12 "
$STARTOFDATA$
"Obs"	"HHMMSS"	"FTime"	"Plot#"	"Mode"	"Smpls"	"EFFLUX"	"C2avg"	"Wavg"	"dc'/dt"	"Vtot"	"RHcmbr%"	"Tsoil_C"	"RHirga%"	"Tsch_C"	"dC/dt"	"dW/dt"	"R(C)m"	"R(C)b"	"InsDpth"	"Vbase"	"Area"	"TBlk"	"CO2S"	"H2OS"	"Tair"	"PARo"	"Press"	"uc_21_mV"	"Status"
1	"10:31:05"	314.0	0	3	8	0.305	480.3	32.15	0.02203	991	81.99	-506.05	71.38	28.79	0.053654	0.0017629	0	0	0	991	71.6	31.29	480.71	32.142	31.20	0	101.4	5060.5	110205
2	"10:31:07"	316.0	0	3	12	0.823	480.4	32.16	0.05948	991	82.21	-506.05	71.53	28.78	0.14288	0.0087485	0	0	0	991	71.6	31.28	480.83	32.201	31.20	0	101.4	5060.5	110205
3	"10:31:09"	318.0	0	3	16	0.726	480.6	32.16	0.05242	991	82.08	-506.04	71.50	28.80	0.12648	0.0066137	0	0	0	991	71.6	31.28	481.10	32.183	31.20	0	101.4	5060.4	110205
4	"10:31:11"	320.0	0	3	20	0.727	480.7	32.17	0.0525	991	82.26	-506.06	71.61	28.79	0.1265	0.0069189	0	0	0	991	71.6	31.28	481.45	32.232	31.20	0	101.4	5060.6	110205
5	"10:31:13"	322.0	0	3	20	0.879	481.0	32.19	0.06351	991	82.29	-506.05	71.65	28.78	0.15252	0.0094314	0	0	0	991	71.6	31.28	481.96	32.240	31.19	0	101.4	5060.5	110205
6	"10:31:15"	324.0	0	3	20	0.906	481.3	32.21	0.06545	991	82.27	-506.04	71.63	28.78	0.15788	0.0082916	0	0	0	991	71.6	31.27	482.08	32.230	31.19	0	101.4	5060.4	110205
7	"10:31:17"	326.0	0	3	20	0.944	481.6	32.21	0.06821	991	82.20	-506.05	71.63	28.79	0.16595	0.0057897	0	0	0	991	71.6	31.27	482.29	32.223	31.19	0	101.4	5060.5	110205
8	"10:31:19"	328.0	0	3	20	0.848	481.9	32.22	0.06128	991	82.27	-506.05	71.73	28.80	0.15014	0.0030835	0	0	0	991	71.6	31.27	482.76	32.262	31.19	0	101.4	5060.5	110205
9	"10:31:21"	330.0	0	3	20	0.666	482.2	32.24	0.04812	991	82.30	-506.05	71.73	28.79	0.11739	0.0034508	0	0	0	991	71.6	31.27	482.68	32.260	31.18	0	101.4	5060.5	110205
10	"10:31:23"	332.0	0	3	20	0.618	482.4	32.25	0.04469	991	82.41	-506.05	71.79	28.78	0.1075	0.0062282	0	0	0	991	71.6	31.26	482.87	32.285	31.18	0	101.4	5060.5	110205
11	"10:31:25"	334.0	0	3	20	0.6	482.6	32.26	0.04335	991	82.38	-506.05	71.79	28.79	0.10294	0.0087232	0	0	0	991	71.6	31.26	482.89	32.280	31.18	0	101.4	5060.5	110205
12	"10:31:27"	336.0	0	3	20	0.583	482.8	32.27	0.04211	991	82.40	-506.05	71.83	28.79	0.10103	0.0064325	0	0	0	991	71.6	31.26	483.63	32.292	31.18	0	101.4	5060.5	110205
13	"10:31:29"	338.0	0	3	20	0.678	483.1	32.28	0.04902	991	82.40	-506.05	71.85	28.79	0.11984	0.0029756	0	0	0	991	71.6	31.26	483.71	32.300	31.18	0	101.4	5060.5	110205
14	"10:31:31"	340.0	0	3	20	0.73	483.3	32.29	0.05274	991	82.51	-506.05	71.92	28.78	0.12826	0.0045751	0	0	0	991	71.6	31.26	483.94	32.325	31.17	0	101.4	5060.5	110205
15	"10:31:33"	342.0	0	3	20	0.733	483.5	32.30	0.05293	991	82.56	-506.04	71.94	28.77	0.12847	0.0050906	0	0	0	991	71.6	31.25	484.30	32.327	31.17	0	101.4	5060.4	110205
16	"10:31:35"	344.0	0	3	20	0.795	483.8	32.31	0.05745	991	82.49	-506.05	71.98	28.80	0.13858	0.007263	0	0	0	991	71.6	31.25	484.30	32.345	31.17	0	101.4	5060.5	110205
17	"10:31:37"	346.0	0	3	20	0.689	484.1	32.33	0.04975	991	82.58	-506.06	72.03	28.79	0.11877	0.0087508	0	0	0	991	71.6	31.25	484.79	32.365	31.17	0	101.4	5060.6	110205
18	"10:31:39"	348.0	0	3	20	0.837	484.3	32.34	0.06048	991	82.63	-506.04	72.05	28.78	0.14642	0.0065326	0	0	0	991	71.6	31.25	484.98	32.365	31.16	0	101.4	5060.4	110205
19	"10:31:41"	350.0	0	3	20	0.718	484.6	32.35	0.05185	991	82.68	-506.05	72.10	28.78	0.12518	0.0063126	0	0	0	991	71.6	31.24	485.32	32.384	31.16	0	101.4	5060.5	110205
20	"10:31:43"	352.0	0	3	20	0.699	484.9	32.37	0.05052	991	82.77	-506.03	72.13	28.76	0.12263	0.0048213	0	0	0	991	71.6	31.24	485.76	32.394	31.16	0	101.4	5060.3	110205
21	"10:31:45"	354.0	0	3	20	0.793	485.1	32.38	0.05727	991	82.65	-506.05	72.12	28.79	0.13971	0.0040471	0	0	0	991	71.6	31.24	485.92	32.388	31.16	0	101.4	5060.5	110205
22	"10:31:47"	356.0	0	3	20	0.642	485.4	32.38	0.04638	991	82.71	-506.04	72.18	28.78	0.11249	0.0045865	0	0	0	991	71.6	31.24	485.79	32.408	31.15	0	101.4	5060.4	110205
23	"10:31:49"	358.0	0	3	20	0.716	485.6	32.39	0.05175	991	82.76	-506.06	72.23	28.79	0.12568	0.0048022	0	0	0	991	71.6	31.24	486.51	32.433	31.16	0	101.4	5060.6	110205
24	"10:31:51"	360.0	0	3	20	0.796	485.9	32.41	0.05751	991	82.84	-506.04	72.29	28.78	0.13854	0.0075812	0	0	0	991	71.6	31.24	486.55	32.452	31.15	0	101.4	5060.4	110205
25	"10:31:53"	362.0	0	3	20	0.816	486.2	32.42	0.05897	991	82.85	-506.04	72.28	28.78	0.14197	0.0079238	0	0	0	991	71.6	31.23	486.87	32.445	31.15	0	101.4	5060.4	110205
26	"10:31:55"	364.0	0	3	20	0.86	486.4	32.43	0.06215	991	82.89	-506.06	72.31	28.77	0.15028	0.0070201	0	0	0	991	71.6	31.23	487.20	32.458	31.15	0	101.4	5060.6	110205
27	"10:31:57"	366.0	0	3	20	0.79	486.7	32.45	0.05708	991	82.89	-506.04	72.34	28.78	0.13849	0.0055413	0	0	0	991	71.6	31.23	487.10	32.463	31.15	0	101.4	5060.4	110205
28	"10:31:59"	368.0	0	3	20	0.684	487.0	32.46	0.04942	991	82.92	-506.06	72.39	28.78	0.12044	0.0037173	0	0	0	991	71.6	31.23	487.88	32.485	31.15	0	101.4	5060.6	110205
29	"10:32:01"	370.0	0	3	20	0.882	487.3	32.47	0.06373	991	82.93	-506.05	72.40	28.78	0.15477	0.0059078	0	0	0	991	71.6	31.23	488.01	32.489	31.15	0	101.4	5060.5	110205
30	"10:32:03"	372.0	0	3	20	0.795	487.5	32.48	0.05743	991	82.97	-506.04	72.43	28.78	0.13928	0.0056859	0	0	0	991	71.6	31.23	488.05	32.498	31.14	0	101.4	5060.4	110205
31	"10:32:05"	374.0	0	3	20	0.745	487.8	32.49	0.05382	991	83.00	-506.05	72.49	28.79	0.13085	0.0046786	0	0	0	991	71.6	31.22	488.38	32.522	31.14	0	101.4	5060.5	110205
32	"10:32:07"	376.0	0	3	20	0.697	488.1	32.50	0.05037	991	82.98	-506.06	72.47	28.79	0.12236	0.0045962	0	0	0	991	71.6	31.22	488.53	32.515	31.14	0	101.4	5060.6	110205
33	"10:32:09"	378.0	0	3	20	0.627	488.3	32.51	0.04534	991	83.05	-506.05	72.56	28.79	0.10957	0.0052461	0	0	0	991	71.6	31.22	489.09	32.549	31.14	0	101.4	5060.5	110205
34	"10:32:11"	380.0	0	3	20	0.905	488.6	32.52	0.06536	991	83.03	-506.05	72.57	28.79	0.15798	0.0075151	0	0	0	991	71.6	31.22	489.23	32.554	31.14	0	101.4	5060.5	110205
35	"10:32:13"	382.0	0	3	20	0.867	488.9	32.53	0.06261	991	83.11	-506.04	72.62	28.79	0.15123	0.0073959	0	0	0	991	71.6	31.22	489.60	32.570	31.13	0	101.4	5060.4	110205
36	"10:32:15"	384.0	0	3	20	0.828	489.1	32.55	0.05983	991	83.13	-506.06	72.64	28.79	0.14482	0.0064679	0	0	0	991	71.6	31.22	490.00	32.578	31.14	0	101.4	5060.6	110205
37	"10:32:17"	386.0	0	3	20	0.841	489.4	32.56	0.06075	991	83.20	-506.04	72.67	28.78	0.14734	0.0059835	0	0	0	991	71.6	31.22	490.22	32.587	31.13	0	101.4	5060.4	110205
38	"10:32:19"	388.0	0	3	20	0.66	489.7	32.57	0.04765	991	83.17	-506.04	72.70	28.79	0.1162	0.0034527	0	0	0	991	71.6	31.21	490.22	32.594	31.13	0	101.4	5060.4	110205
39	"10:32:21"	390.0	0	3	20	0.747	489.9	32.58	0.05398	991	83.16	-506.05	72.68	28.79	0.13175	0.0036629	0	0	0	991	71.6	31.21	490.57	32.589	31.13	0	101.4	5060.5	110205
40	"10:32:23"	392.0	0	3	20	0.653	490.2	32.58	0.04718	991	83.21	-506.06	72.73	28.79	0.11504	0.0034119	0	0	0	991	71.6	31.21	490.62	32.606	31.13	0	101.4	5060.6	110205
41	"10:32:25"	394.0	0	3	20	0.679	490.4	32.59	0.04903	991	83.17	-506.05	72.72	28.79	0.1197	0.0032561	0	0	0	991	71.6	31.21	491.32	32.601	31.13	0	101.4	5060.5	110205
42	"10:32:27"	396.0	0	3	20	0.819	490.7	32.60	0.05916	991	83.25	-506.05	72.82	28.80	0.14349	0.0057903	0	0	0	991	71.6	31.21	491.66	32.642	31.13	0	101.4	5060.5	110205
43	"10:32:29"	398.0	0	3	20	1.02	491.0	32.61	0.0738	991	83.25	-506.05	72.81	28.79	0.17935	0.0065263	0	0	0	991	71.6	31.21	491.69	32.635	31.13	0	101.4	5060.5	110205
44	"10:32:31"	400.0	0	3	20	1.07	491.4	32.62	0.07732	991	83.35	-506.05	72.87	28.78	0.18813	0.0063942	0	0	0	991	71.6	31.21	492.28	32.657	31.12	0	101.4	5060.5	110205
45	"10:32:33"	402.0	0	3	20	0.867	491.7	32.63	0.06261	991	83.33	-506.05	72.85	28.78	0.15261	0.0046604	0	0	0	991	71.6	31.20	492.18	32.644	31.12	0	101.4	5060.5	110205
46	"10:32:35"	404.0	0	3	20	0.665	491.9	32.64	0.04803	991	83.38	-506.05	72.88	28.78	0.11745	0.002816	0	0	0	991	71.6	31.20	492.47	32.655	31.12	0	101.4	5060.5	110205
47	"10:32:37"	406.0	0	3	20	0.549	492.2	32.65	0.0397	991	83.40	-506.05	72.91	28.78	0.097322	0.0018329	0	0	0	991	71.6	31.20	492.88	32.664	31.12	0	101.4	5060.5	110205
48	"10:32:39"	408.0	0	3	20	0.655	492.4	32.66	0.04732	991	83.41	-506.05	72.92	28.78	0.11489	0.0043922	0	0	0	991	71.6	31.20	493.26	32.667	31.12	0	101.4	5060.5	110205
49	"10:32:41"	410.0	0	3	20	0.725	492.6	32.66	0.05238	991	83.51	-506.06	72.98	28.77	0.127	0.0052091	0	0	0	991	71.6	31.20	492.99	32.693	31.11	0	101.4	5060.6	110205
50	"10:32:43"	412.0	0	3	20	0.663	492.9	32.67	0.04791	991	83.47	-506.04	73.01	28.78	0.11569	0.0056619	0	0	0	991	71.6	31.20	493.46	32.697	31.11	0	101.4	5060.4	110205
51	"10:32:45"	414.0	0	4	200	0.763	500.0	32.68	0.05513	991	83.51	-506.04	73.06	28.78	0.11104	0.0048743	6.274E-05	0.023763	0	991	71.6	31.20	493.95	32.721	31.11	0	101.4	5060.4	110205
52	"10:35:27"	576.0	0	3	8	0.996	480.3	33.00	0.07195	991	84.61	-506.04	74.31	28.71	0.17336	0.0094353	0	0	0	991	71.6	31.05	480.51	33.017	30.97	0	101.4	5060.4	110205
53	"10:35:29"	578.0	0	3	12	1.05	480.5	33.01	0.07596	991	84.58	-506.04	74.33	28.72	0.18429	0.0074061	0	0	0	991	71.6	31.05	481.18	33.021	30.97	0	101.4	5060.4	110205
54	"10:35:31"	580.0	0	3	16	0.869	480.6	33.01	0.0628	991	84.55	-506.05	74.30	28.72	0.15344	0.0039763	0	0	0	991	71.6	31.05	481.26	33.010	30.97	0	101.4	5060.5	110205
55	"10:35:33"	582.0	0	3	20	0.804	480.7	33.01	0.0581	991	84.57	-506.06	74.33	28.72	0.14276	0.0020494	0	0	0	991	71.6	31.05	481.27	33.018	30.97	0	101.4	5060.6	110205
56	"10:35:35"	584.0	0	3	20	0.727	481.0	33.01	0.0525	991	84.64	-506.04	74.37	28.71	0.12971	0.00041877	0	0	0	991	71.6	31.05	481.79	33.028	30.96	0	101.4	5060.4	110205
57	"10:35:37"	586.0	0	3	20	0.824	481.3	33.02	0.05956	991	84.68	-506.05	74.41	28.71	0.14654	0.0017245	0	0	0	991	71.6	31.04	481.94	33.043	30.96	0	101.4	5060.5	110205
58	"10:35:39"	588.0	0	3	20	0.84	481.6	33.02	0.06072	991	84.66	-506.04	74.44	28.72	0.14845	0.0036257	0	0	0	991	71.6	31.04	482.21	33.051	30.96	0	101.4	5060.4	110205
59	"10:35:41"	590.0	0	3	20	0.78	481.9	33.03	0.05638	991	84.66	-506.04	74.43	28.72	0.13739	0.0042478	0	0	0	991	71.6	31.04	482.66	33.043	30.96	0	101.4	5060.4	110205
60	"10:35:43"	592.0	0	3	20	0.749	482.1	33.03	0.05414	991	84.67	-506.04	74.42	28.71	0.13299	0.0019775	0	0	0	991	71.6	31.04	482.83	33.032	30.95	0	101.4	5060.4	110205
61	"10:35:45"	594.0	0	3	20	0.696	482.4	33.03	0.05027	991	84.65	-506.05	74.43	28.71	0.12491	-0.0010216	0	0	0	991	71.6	31.03	482.98	33.031	30.95	0	101.4	5060.5	110205
62	"10:35:47"	596.0	0	3	20	0.736	482.6	33.03	0.05318	991	84.69	-506.05	74.47	28.71	0.1322	-0.0011854	0	0	0	991	71.6	31.03	483.26	33.046	30.95	0	101.4	5060.5	110205
63	"10:35:49"	598.0	0	3	20	0.705	482.9	33.04	0.05092	991	84.70	-506.05	74.48	28.71	0.12584	0.00034348	0	0	0	991	71.6	31.03	483.70	33.045	30.95	0	101.4	5060.5	110205
64	"10:35:51"	600.0	0	3	20	0.814	483.2	33.04	0.0588	991	84.77	-506.05	74.51	28.70	0.14405	0.0029056	0	0	0	991	71.6	31.02	484.12	33.056	30.94	0	101.4	5060.5	110205
65	"10:35:53"	602.0	0	3	20	0.815	483.5	33.04	0.05889	991	84.73	-506.06	74.49	28.70	0.1439	0.0036252	0	0	0	991	71.6	31.02	484.21	33.043	30.94	0	101.4	5060.6	110205
66	"10:35:55"	604.0	0	3	20	0.821	483.7	33.05	0.05932	991	84.78	-506.04	74.55	28.70	0.14627	0.0010114	0	0	0	991	71.6	31.02	484.32	33.061	30.94	0	101.4	5060.4	110205
67	"10:35:57"	606.0	0	3	20	0.737	484.0	33.05	0.05328	991	84.74	-506.05	74.53	28.70	0.13228	-0.00087	0	0	0	991	71.6	31.02	484.72	33.047	30.94	0	101.4	5060.5	110205
68	"10:35:59"	608.0	0	3	20	0.665	484.3	33.05	0.04806	991	84.80	-506.05	74.58	28.70	0.11928	-0.00069482	0	0	0	991	71.6	31.01	485.14	33.065	30.93	0	101.4	5060.5	110205
69	"10:36:01"	610.0	0	3	20	0.755	484.5	33.05	0.05456	991	84.80	-506.05	74.57	28.69	0.13471	0.00059083	0	0	0	991	71.6	31.01	485.51	33.055	30.93	0	101.4	5060.5	110205
70	"10:36:03"	612.0	0	3	20	0.859	484.8	33.05	0.06207	991	84.84	-506.05	74.61	28.69	0.15251	0.0021396	0	0	0	991	71.6	31.01	485.56	33.067	30.93	0	101.4	5060.5	110205
71	"10:36:06"	615.0	0	3	20	0.836	485.0	33.05	0.0604	991	84.92	-506.04	74.66	28.69	0.14814	0.0026094	0	0	0	991	71.6	31.00	485.78	33.084	30.92	0	101.4	5060.4	110205
72	"10:36:08"	617.0	0	3	20	0.735	485.4	33.06	0.05313	991	84.84	-506.05	74.65	28.69	0.12985	0.0032048	0	0	0	991	71.6	31.00	486.05	33.070	30.92	0	101.4	5060.5	110205
73	"10:36:10"	619.0	0	3	20	0.7	485.7	33.07	0.05061	991	84.85	-506.04	74.66	28.70	0.12449	0.0014759	0	0	0	991	71.6	31.00	486.38	33.077	30.92	0	101.4	5060.4	110205
74	"10:36:12"	621.0	0	3	20	0.664	486.0	33.07	0.048	991	84.94	-506.06	74.70	28.68	0.11782	0.0018968	0	0	0	991	71.6	31.00	486.90	33.087	30.92	0	101.4	5060.6	110205
75	"10:36:14"	623.0	0	3	20	0.8	486.2	33.07	0.05777	991	84.90	-506.05	74.70	28.69	0.14218	0.0015205	0	0	0	991	71.6	30.99	487.23	33.079	30.91	0	101.4	5060.5	110205
76	"10:36:16"	625.0	0	3	20	0.919	486.6	33.08	0.0664	991	84.90	-506.06	74.66	28.68	0.16358	0.0014409	0	0	0	991	71.6	30.99	487.36	33.060	30.91	0	101.4	5060.6	110205
77	"10:36:18"	627.0	0	3	20	0.856	486.9	33.08	0.06188	991	84.89	-506.05	74.68	28.68	0.15278	0.00066649	0	0	0	991	71.6	30.99	487.71	33.062	30.91	0	101.4	5060.5	110205
78	"10:36:20"	629.0	0	3	20	0.794	487.2	33.08	0.05735	991	84.88	-506.06	74.72	28.69	0.14219	-0.00056531	0	0	0	991	71.6	30.99	488.04	33.074	30.90	0	101.4	5060.6	110205
79	"10:36:22"	631.0	0	3	20	0.704	487.5	33.08	0.05084	991	84.85	-506.06	74.74	28.70	0.12592	-0.00026652	0	0	0	991	71.6	30.98	488.28	33.077	30.90	0	101.4	5060.6	110205
80	"10:36:24"	633.0	0	3	20	0.768	487.8	33.08	0.05552	991	84.96	-506.05	74.82	28.69	0.13729	0.00016544	0	0	0	991	71.6	30.98	488.36	33.105	30.90	0	101.4	5060.5	110205
81	"10:36:26"	635.0	0	3	20	0.819	488.0	33.08	0.05915	991	84.88	-506.05	74.75	28.69	0.14543	0.0018515	0	0	0	991	71.6	30.98	488.84	33.071	30.90	0	101.4	5060.5	110205
82	"10:36:28"	637.0	0	3	20	0.781	488.3	33.08	0.05643	991	84.96	-506.05	74.83	28.68	0.13914	0.00094758	0	0	0	991	71.6	30.97	488.89	33.099	30.89	0	101.4	5060.5	110205
83	"10:36:30"	639.0	0	3	20	0.696	488.6	33.08	0.05032	991	84.89	-506.05	74.77	28.68	0.12399	0.0010307	0	0	0	991	71.6	30.97	489.19	33.070	30.89	0	101.4	5060.5	110205
84	"10:36:32"	641.0	0	3	20	0.717	488.8	33.09	0.05178	991	84.99	-506.04	74.87	28.68	0.12721	0.0017879	0	0	0	991	71.6	30.97	489.63	33.110	30.89	0	101.4	5060.4	110205
85	"10:36:34"	643.0	0	3	20	0.815	489.1	33.09	0.0589	991	85.02	-506.05	74.85	28.67	0.14503	0.0013831	0	0	0	991	71.6	30.97	489.89	33.097	30.89	0	101.4	5060.5	110205
86	"10:36:36"	645.0	0	3	20	0.798	489.4	33.09	0.05769	991	85.01	-506.05	74.87	28.68	0.14198	0.0015032	0	0	0	991	71.6	30.96	490.01	33.103	30.88	0	101.4	5060.5	110205
87	"10:36:38"	647.0	0	3	20	0.8	489.6	33.10	0.05783	991	85.03	-506.05	74.90	28.68	0.14218	0.0017851	0	0	0	991	71.6	30.96	490.38	33.111	30.88	0	101.4	5060.5	110205
88	"10:36:40"	649.0	0	3	20	0.718	489.9	33.10	0.0519	991	85.03	-506.06	74.90	28.67	0.12777	0.001255	0	0	0	991	71.6	30.96	490.62	33.105	30.88	0	101.4	5060.6	110205
89	"10:36:42"	651.0	0	3	20	0.682	490.2	33.10	0.04925	991	85.01	-506.06	74.89	28.67	0.12082	0.0020337	0	0	0	991	71.6	30.96	491.04	33.098	30.88	0	101.4	5060.6	110205
90	"10:36:44"	653.0	0	3	20	0.794	490.5	33.11	0.05739	991	85.08	-506.05	74.97	28.67	0.14109	0.0017846	0	0	0	991	71.6	30.95	491.01	33.125	30.87	0	101.4	5060.5	110205
91	"10:36:46"	655.0	0	3	20	0.891	490.7	33.11	0.06436	991	84.99	-506.05	74.92	28.68	0.15845	0.0015602	0	0	0	991	71.6	30.95	491.84	33.100	30.87	0	101.4	5060.5	110205
92	"10:36:48"	657.0	0	3	20	0.984	491.1	33.11	0.07107	991	85.03	-506.05	74.95	28.68	0.17564	0.00040542	0	0	0	991	71.6	30.95	492.04	33.109	30.87	0	101.4	5060.5	110205
93	"10:36:50"	659.0	0	3	20	0.92	491.4	33.11	0.06648	991	85.02	-506.05	74.95	28.68	0.16468	-0.00036498	0	0	0	991	71.6	30.95	492.21	33.106	30.87	0	101.4	5060.5	110205
94	"10:36:52"	661.0	0	3	20	0.822	491.7	33.11	0.05938	991	84.99	-506.06	74.99	28.69	0.14657	0.00073133	0	0	0	991	71.6	30.95	492.29	33.114	30.86	0	101.4	5060.6	110205
95	"10:36:54"	663.0	0	3	20	0.75	492.0	33.12	0.05421	991	85.07	-506.05	75.04	28.68	0.13372	0.00081527	0	0	0	991	71.6	30.94	492.87	33.133	30.86	0	101.4	5060.5	110205
96	"10:36:56"	665.0	0	3	20	0.729	492.3	33.12	0.05263	991	85.11	-506.05	75.05	28.67	0.12863	0.0031473	0	0	0	991	71.6	30.94	493.02	33.135	30.86	0	101.4	5060.5	110205
97	"10:36:58"	667.0	0	3	20	0.724	492.5	33.12	0.0523	991	85.11	-506.04	75.02	28.67	0.12828	0.0022049	0	0	0	991	71.6	30.94	493.26	33.119	30.86	0	101.4	5060.4	110205
98	"10:37:00"	669.0	0	3	20	0.721	492.8	33.13	0.05206	991	85.15	-506.04	75.08	28.67	0.1279	0.0018135	0	0	0	991	71.6	30.94	493.35	33.144	30.86	0	101.4	5060.4	110205
99	"10:37:02"	671.0	0	3	20	0.704	493.0	33.13	0.05083	991	85.13	-506.04	75.08	28.67	0.12436	0.0027691	0	0	0	991	71.6	30.93	493.65	33.136	30.85	0	101.4	5060.4	110205
100	"10:37:04"	673.0	0	3	20	0.673	493.3	33.14	0.04859	991	85.18	-506.04	75.10	28.66	0.11903	0.0023348	0	0	0	991	71.6	30.93	493.86	33.145	30.85	0	101.4	5060.4	110205
101	"10:37:06"	675.0	0	3	20	0.838	493.5	33.14	0.06053	991	85.22	-506.05	75.15	28.66	0.14819	0.0031026	0	0	0	991	71.6	30.93	494.38	33.157	30.85	0	101.4	5060.5	110205
102	"10:37:08"	677.0	0	3	20	0.844	493.8	33.15	0.06099	991	85.26	-506.04	75.16	28.66	0.1496	0.0025449	0	0	0	991	71.6	30.93	494.82	33.158	30.85	0	101.4	5060.4	110205
103	"10:37:09"	678.5	0	4	200	0.754	500.0	33.15	0.05446	991	85.28	-506.05	75.18	28.65	0.16138	0.001717	-0.00017154	0.14023	0	991	71.6	30.93	494.61	33.164	30.84	0	101.4	5060.5	110205
104	"10:39:49"	838.0	0	3	8	1.01	480.2	33.11	0.07318	991	85.78	-506.03	75.79	28.53	0.17923	0.0035394	0	0	0	991	71.6	30.76	480.42	33.118	30.68	0	101.4	5060.3	110205
105	"10:39:51"	840.0	0	3	12	0.582	480.2	33.11	0.04203	991	85.79	-506.03	75.78	28.52	0.10403	-0.00015984	0	0	0	991	71.6	30.76	480.49	33.108	30.68	0	101.4	5060.3	110205
106	"10:39:53"	842.0	0	3	16	0.633	480.4	33.11	0.04575	991	85.82	-506.04	75.81	28.52	0.11276	0.00077327	0	0	0	991	71.6	30.76	481.11	33.120	30.67	0	101.4	5060.4	110205
107	"10:39:55"	844.0	0	3	20	0.799	480.5	33.11	0.05776	991	85.80	-506.05	75.79	28.52	0.14198	0.00173	0	0	0	991	71.6	30.76	481.44	33.108	30.67	0	101.4	5060.5	110205
108	"10:39:57"	846.0	0	3	20	0.962	480.9	33.11	0.06949	991	85.78	-506.04	75.78	28.52	0.17114	0.0014358	0	0	0	991	71.6	30.76	481.70	33.105	30.67	0	101.4	5060.4	110205
109	"10:39:59"	848.0	0	3	20	1.06	481.2	33.11	0.07688	991	85.85	-506.04	75.81	28.51	0.18993	0.00039669	0	0	0	991	71.6	30.75	481.88	33.113	30.67	0	101.4	5060.4	110205
110	"10:40:01"	850.0	0	3	20	0.803	481.5	33.12	0.05801	991	85.85	-506.05	75.81	28.51	0.14356	-0.00022818	0	0	0	991	71.6	30.75	482.16	33.108	30.67	0	101.4	5060.5	110205
111	"10:40:03"	852.0	0	3	20	0.65	481.8	33.12	0.04696	991	85.87	-506.06	75.83	28.51	0.11644	-0.00063529	0	0	0	991	71.6	30.75	482.42	33.114	30.67	0	101.4	5060.6	110205
112	"10:40:05"	854.0	0	3	20	0.686	482.0	33.11	0.04959	991	85.86	-506.05	75.84	28.51	0.12232	0.00064197	0	0	0	991	71.6	30.75	482.62	33.115	30.67	0	101.4	5060.5	110205
113	"10:40:07"	856.0	0	3	20	0.766	482.3	33.11	0.05537	991	85.90	-506.06	75.86	28.51	0.13644	0.00095824	0	0	0	991	71.6	30.75	482.89	33.122	30.66	0	101.4	5060.6	110205
114	"10:40:09"	858.0	0	3	20	0.862	482.5	33.12	0.06225	991	85.88	-506.05	75.85	28.51	0.15392	3.9071E-05	0	0	0	991	71.6	30.75	483.28	33.113	30.66	0	101.4	5060.5	110205
115	"10:40:11"	860.0	0	3	20	0.699	482.8	33.11	0.0505	991	85.88	-506.06	75.87	28.51	0.12522	-0.000659	0	0	0	991	71.6	30.75	483.33	33.118	30.66	0	101.4	5060.6	110205
116	"10:40:13"	862.0	0	3	20	0.63	483.1	33.12	0.0455	991	85.96	-506.05	75.91	28.50	0.1122	0.00064178	0	0	0	991	71.6	30.74	483.75	33.130	30.66	0	101.4	5060.5	110205
117	"10:40:15"	864.0	0	3	20	0.769	483.3	33.12	0.05558	991	85.91	-506.05	75.89	28.51	0.13666	0.0015558	0	0	0	991	71.6	30.74	484.05	33.122	30.66	0	101.4	5060.5	110205
118	"10:40:17"	866.0	0	3	20	0.741	483.6	33.12	0.05353	991	85.93	-506.05	75.91	28.50	0.13161	0.0015425	0	0	0	991	71.6	30.74	484.18	33.123	30.65	0	101.4	5060.5	110205
119	"10:40:19"	868.0	0	3	20	0.721	483.8	33.12	0.05209	991	85.94	-506.05	75.94	28.51	0.12796	0.0017017	0	0	0	991	71.6	30.74	484.46	33.136	30.65	0	101.4	5060.5	110205
120	"10:40:21"	870.0	0	3	20	0.72	484.1	33.13	0.05201	991	85.95	-506.05	75.92	28.50	0.1282	0.00081936	0	0	0	991	71.6	30.74	484.73	33.127	30.65	0	101.4	5060.5	110205
121	"10:40:23"	872.0	0	3	20	0.643	484.4	33.13	0.04642	991	86.00	-506.06	75.96	28.50	0.11459	0.00040065	0	0	0	991	71.6	30.74	485.08	33.141	30.65	0	101.4	5060.6	110205
122	"10:40:25"	874.0	0	3	20	0.755	484.6	33.13	0.05452	991	85.99	-506.06	75.92	28.49	0.13445	0.00073787	0	0	0	991	71.6	30.73	485.43	33.122	30.65	0	101.4	5060.6	110205
123	"10:40:27"	876.0	0	3	20	0.916	484.9	33.13	0.0662	991	86.02	-506.06	75.95	28.49	0.16382	-0.00021889	0	0	0	991	71.6	30.73	485.76	33.130	30.65	0	101.4	5060.6	110205
124	"10:40:29"	878.0	0	3	20	0.925	485.2	33.13	0.06686	991	86.06	-506.05	75.98	28.49	0.165	0.00066079	0	0	0	991	71.6	30.73	486.02	33.142	30.65	0	101.4	5060.5	110205
125	"10:40:31"	880.0	0	3	20	0.887	485.5	33.13	0.06411	991	86.06	-506.06	75.97	28.48	0.15779	0.0014827	0	0	0	991	71.6	30.73	486.17	33.136	30.65	0	101.4	5060.6	110205
126	"10:40:33"	882.0	0	3	20	0.782	485.8	33.14	0.05648	991	86.06	-506.05	75.97	28.48	0.13945	0.00039158	0	0	0	991	71.6	30.73	486.48	33.132	30.64	0	101.4	5060.5	110205
127	"10:40:35"	884.0	0	3	20	0.7	486.1	33.13	0.05054	991	86.09	-506.05	76.01	28.48	0.12538	-0.00078888	0	0	0	991	71.6	30.73	486.90	33.146	30.64	0	101.4	5060.5	110205
128	"10:40:37"	886.0	0	3	20	0.769	486.4	33.14	0.05557	991	86.04	-506.04	76.00	28.49	0.13788	-0.00095338	0	0	0	991	71.6	30.73	487.25	33.136	30.64	0	101.4	5060.4	110205
129	"10:40:39"	888.0	0	3	20	0.867	486.6	33.13	0.06264	991	86.04	-506.05	75.99	28.49	0.15502	-0.00026777	0	0	0	991	71.6	30.72	487.63	33.133	30.64	0	101.4	5060.5	110205
130	"10:40:41"	890.0	0	3	20	0.86	486.9	33.13	0.06212	991	86.11	-506.05	76.03	28.48	0.15308	0.0010454	0	0	0	991	71.6	30.72	487.89	33.144	30.64	0	101.4	5060.5	110205
131	"10:40:43"	892.0	0	3	20	0.826	487.2	33.14	0.05971	991	86.10	-506.05	76.02	28.48	0.14667	0.001908	0	0	0	991	71.6	30.72	488.04	33.138	30.64	0	101.4	5060.5	110205
132	"10:40:45"	894.0	0	3	20	0.798	487.5	33.14	0.05763	991	86.10	-506.05	76.03	28.47	0.14253	-6.8504E-05	0	0	0	991	71.6	30.72	488.28	33.137	30.63	0	101.4	5060.5	110205
133	"10:40:47"	896.0	0	3	20	0.753	487.8	33.14	0.0544	991	86.12	-506.06	76.05	28.47	0.13491	-0.00080952	0	0	0	991	71.6	30.72	488.62	33.143	30.63	0	101.4	5060.6	110205
134	"10:40:49"	898.0	0	3	20	0.754	488.1	33.14	0.0545	991	86.12	-506.05	76.04	28.47	0.13535	-0.0011756	0	0	0	991	71.6	30.72	489.07	33.138	30.63	0	101.4	5060.5	110205
135	"10:40:51"	900.0	0	3	20	0.737	488.4	33.14	0.05325	991	86.17	-506.05	76.05	28.46	0.13195	-0.00057932	0	0	0	991	71.6	30.72	489.07	33.143	30.63	0	101.4	5060.5	110205
136	"10:40:53"	902.0	0	3	20	0.738	488.6	33.14	0.0533	991	86.14	-506.04	76.03	28.46	0.13084	0.0019083	0	0	0	991	71.6	30.71	489.36	33.125	30.63	0	101.4	5060.4	110205
137	"10:40:55"	904.0	0	3	20	0.88	489.0	33.14	0.06361	991	86.17	-506.04	76.08	28.46	0.15622	0.0020636	0	0	0	991	71.6	30.71	489.72	33.141	30.62	0	101.4	5060.4	110205
138	"10:40:57"	906.0	0	3	20	0.896	489.3	33.14	0.0647	991	86.22	-506.06	76.13	28.46	0.15928	0.0013949	0	0	0	991	71.6	30.71	490.00	33.163	30.62	0	101.4	5060.6	110205
139	"10:40:59"	908.0	0	3	20	0.885	489.6	33.15	0.06392	991	86.19	-506.05	76.10	28.46	0.15725	0.0015712	0	0	0	991	71.6	30.71	490.34	33.147	30.62	0	101.4	5060.5	110205
140	"10:41:01"	910.0	0	3	20	0.883	489.9	33.15	0.06379	991	86.15	-506.06	76.09	28.47	0.15783	-0.00019028	0	0	0	991	71.6	30.71	490.48	33.140	30.62	0	101.4	5060.6	110205
141	"10:41:03"	912.0	0	3	20	0.745	490.2	33.15	0.05384	991	86.21	-506.05	76.14	28.46	0.13253	0.0011804	0	0	0	991	71.6	30.70	490.92	33.156	30.62	0	101.4	5060.5	110205
142	"10:41:05"	914.0	0	3	20	0.785	490.4	33.15	0.05673	991	86.21	-506.05	76.13	28.46	0.13966	0.0012003	0	0	0	991	71.6	30.70	490.85	33.149	30.62	0	101.4	5060.5	110205
143	"10:41:07"	916.0	0	3	20	0.662	490.7	33.15	0.04786	991	86.19	-506.05	76.15	28.46	0.11815	0.00040114	0	0	0	991	71.6	30.70	491.49	33.152	30.61	0	101.4	5060.5	110205
144	"10:41:09"	918.0	0	3	20	0.709	491.0	33.15	0.05123	991	86.20	-506.05	76.14	28.46	0.12615	0.00099537	0	0	0	991	71.6	30.70	491.46	33.147	30.61	0	101.4	5060.5	110205
145	"10:41:11"	920.0	0	3	20	0.656	491.2	33.15	0.04739	991	86.23	-506.05	76.17	28.46	0.11731	-0.00025945	0	0	0	991	71.6	30.70	491.61	33.155	30.61	0	101.4	5060.5	110205
146	"10:41:13"	922.0	0	3	20	0.663	491.4	33.15	0.04791	991	86.25	-506.06	76.20	28.46	0.11854	-0.00016035	0	0	0	991	71.6	30.69	492.10	33.162	30.61	0	101.4	5060.6	110205
147	"10:41:15"	924.0	0	3	20	0.795	491.7	33.15	0.05744	991	86.21	-506.04	76.18	28.46	0.14158	0.00086875	0	0	0	991	71.6	30.69	492.23	33.152	30.61	0	101.4	5060.4	110205
148	"10:41:17"	926.0	0	3	20	0.705	491.9	33.16	0.05091	991	86.26	-506.04	76.21	28.46	0.12527	0.0011719	0	0	0	991	71.6	30.69	492.72	33.162	30.61	0	101.4	5060.4	110205
149	"10:41:19"	928.0	0	3	20	0.775	492.2	33.16	0.05601	991	86.26	-506.04	76.23	28.46	0.13816	0.00061476	0	0	0	991	71.6	30.69	493.07	33.162	30.60	0	101.4	5060.4	110205
150	"10:41:21"	930.0	0	3	20	0.794	492.5	33.16	0.05739	991	86.23	-506.04	76.22	28.46	0.14185	9.7914E-05	0	0	0	991	71.6	30.69	493.20	33.159	30.60	0	101.4	5060.4	110205
151	"10:41:23"	932.0	0	3	20	0.768	492.8	33.16	0.05551	991	86.28	-506.05	76.23	28.45	0.13725	-1.2368E-05	0	0	0	991	71.6	30.69	493.44	33.160	30.60	0	101.4	5060.5	110205
152	"10:41:25"	934.0	0	3	20	0.832	493.0	33.16	0.06013	991	86.30	-506.06	76.24	28.45	0.14856	0.00022573	0	0	0	991	71.6	30.68	493.68	33.162	30.60	0	101.4	5060.6	110205
153	"10:41:27"	936.0	0	3	20	0.759	493.3	33.16	0.05487	991	86.37	-506.05	76.31	28.45	0.13472	0.0018395	0	0	0	991	71.6	30.68	494.05	33.185	30.60	0	101.4	5060.5	110205
154	"10:41:29"	938.0	0	4	200	0.762	500.0	33.16	0.05506	991	86.34	-506.05	76.27	28.44	0.12279	0.0024616	-6.8338E-05	0.089234	0	991	71.6	30.68	494.44	33.166	30.59	0	101.4	5060.5	110205
155	"10:44:15"	1104.5	0	3	8	0.155	480.1	33.12	0.01119	991	86.68	-506.04	76.70	28.35	0.02752	0.0002554	0	0	0	991	71.6	30.55	480.14	33.112	30.47	0	101.4	5060.4	110205
156	"10:44:17"	1106.5	0	3	12	0.469	480.2	33.12	0.03387	991	86.79	-506.05	76.75	28.34	0.084793	-0.0021807	0	0	0	991	71.6	30.55	480.75	33.132	30.47	0	101.4	5060.5	110205
157	"10:44:19"	1108.5	0	3	16	0.705	480.4	33.12	0.05096	991	86.81	-506.04	76.75	28.33	0.12639	-0.00086364	0	0	0	991	71.6	30.55	480.87	33.131	30.46	0	101.4	5060.4	110205
158	"10:44:21"	1110.5	0	3	20	0.77	480.5	33.12	0.05565	991	86.80	-506.05	76.74	28.33	0.13732	0.00042338	0	0	0	991	71.6	30.54	481.34	33.123	30.46	0	101.4	5060.5	110205
159	"10:44:23"	1112.5	0	3	20	0.868	480.8	33.12	0.06269	991	86.77	-506.05	76.75	28.34	0.15442	0.0010379	0	0	0	991	71.6	30.54	481.65	33.124	30.46	0	101.4	5060.5	110205
160	"10:44:25"	1114.5	0	3	20	0.864	481.1	33.12	0.06244	991	86.79	-506.05	76.78	28.34	0.1538	0.0010542	0	0	0	991	71.6	30.54	481.84	33.136	30.46	0	101.4	5060.5	110205
161	"10:44:27"	1116.5	0	3	20	0.808	481.4	33.13	0.05836	991	86.80	-506.05	76.77	28.33	0.1441	0.00027414	0	0	0	991	71.6	30.54	482.15	33.127	30.46	0	101.4	5060.5	110205
162	"10:44:29"	1118.5	0	3	20	0.821	481.7	33.13	0.05931	991	86.89	-506.04	76.87	28.33	0.14652	0.00012422	0	0	0	991	71.6	30.54	482.12	33.168	30.46	0	101.4	5060.4	110205
163	"10:44:31"	1120.5	0	3	20	0.715	481.9	33.14	0.05163	991	86.80	-506.05	76.77	28.33	0.12587	0.003506	0	0	0	991	71.6	30.54	482.57	33.122	30.46	0	101.4	5060.5	110205
164	"10:44:33"	1122.5	0	3	20	0.672	482.2	33.14	0.04858	991	86.84	-506.05	76.81	28.33	0.11882	0.0024831	0	0	0	991	71.6	30.54	483.01	33.138	30.45	0	101.4	5060.5	110205
165	"10:44:35"	1124.5	0	3	20	0.772	482.5	33.14	0.05575	991	86.83	-506.04	76.82	28.33	0.13765	0.00029484	0	0	0	991	71.6	30.53	483.16	33.143	30.45	0	101.4	5060.4	110205
166	"10:44:37"	1126.5	0	3	20	0.905	482.8	33.14	0.06541	991	86.86	-506.06	76.83	28.33	0.16165	2.4156E-05	0	0	0	991	71.6	30.54	483.53	33.145	30.45	0	101.4	5060.6	110205
167	"10:44:39"	1128.5	0	3	20	0.847	483.0	33.15	0.06118	991	86.86	-506.05	76.81	28.32	0.15186	-0.0012993	0	0	0	991	71.6	30.53	483.83	33.133	30.45	0	101.4	5060.5	110205
168	"10:44:41"	1130.5	0	3	20	0.661	483.3	33.14	0.04774	991	86.91	-506.05	76.87	28.32	0.11773	0.00050051	0	0	0	991	71.6	30.53	483.95	33.156	30.45	0	101.4	5060.5	110205
169	"10:44:43"	1132.5	0	3	20	0.603	483.6	33.14	0.04355	991	86.81	-506.06	76.79	28.33	0.10761	2.1437E-05	0	0	0	991	71.6	30.53	484.29	33.122	30.45	0	101.4	5060.6	110205
170	"10:44:45"	1134.5	0	3	20	0.778	483.8	33.14	0.05618	991	86.86	-506.04	76.86	28.33	0.13931	-0.00095073	0	0	0	991	71.6	30.53	484.70	33.147	30.45	0	101.4	5060.4	110205
171	"10:44:47"	1136.5	0	3	20	0.967	484.1	33.14	0.0699	991	86.83	-506.05	76.84	28.33	0.17269	0.00013966	0	0	0	991	71.6	30.53	485.07	33.140	30.45	0	101.4	5060.5	110205
172	"10:44:49"	1138.5	0	3	20	0.95	484.4	33.14	0.06861	991	86.86	-506.05	76.84	28.32	0.16945	0.00023562	0	0	0	991	71.6	30.53	485.25	33.136	30.45	0	101.4	5060.5	110205
173	"10:44:51"	1140.5	0	3	20	0.897	484.8	33.14	0.0648	991	86.89	-506.05	76.87	28.32	0.16065	-0.00097936	0	0	0	991	71.6	30.52	485.42	33.145	30.45	0	101.4	5060.5	110205
174	"10:44:53"	1142.5	0	3	20	0.761	485.1	33.14	0.05496	991	86.84	-506.05	76.85	28.32	0.13576	0.00014183	0	0	0	991	71.6	30.52	485.66	33.131	30.44	0	101.4	5060.5	110205
175	"10:44:55"	1144.5	0	3	20	0.675	485.3	33.14	0.04875	991	86.89	-506.05	76.89	28.32	0.12055	-0.00012526	0	0	0	991	71.6	30.52	486.11	33.147	30.44	0	101.4	5060.5	110205
176	"10:44:57"	1146.5	0	3	20	0.695	485.6	33.14	0.05021	991	86.91	-506.06	76.90	28.32	0.12362	0.0009092	0	0	0	991	71.6	30.52	486.38	33.146	30.44	0	101.4	5060.6	110205
177	"10:44:59"	1148.5	0	3	20	0.718	485.9	33.14	0.05191	991	86.95	-506.06	76.93	28.32	0.12767	0.0012353	0	0	0	991	71.6	30.52	486.75	33.160	30.44	0	101.4	5060.6	110205
178	"10:45:01"	1150.5	0	3	20	0.911	486.1	33.15	0.06583	991	86.95	-506.05	76.92	28.31	0.16232	0.00076265	0	0	0	991	71.6	30.52	487.09	33.150	30.44	0	101.4	5060.5	110205
179	"10:45:03"	1152.5	0	3	20	0.935	486.4	33.14	0.06753	991	86.89	-506.06	76.90	28.32	0.16688	1.1473E-05	0	0	0	991	71.6	30.52	487.06	33.138	30.44	0	101.4	5060.6	110205
180	"10:45:05"	1154.5	0	3	20	0.737	486.7	33.14	0.05323	991	86.92	-506.06	76.92	28.32	0.13187	-0.00065449	0	0	0	991	71.6	30.52	487.47	33.143	30.43	0	101.4	5060.6	110205
181	"10:45:07"	1156.5	0	3	20	0.736	487.0	33.15	0.05317	991	86.94	-506.06	76.97	28.32	0.13166	-0.0005165	0	0	0	991	71.6	30.51	487.58	33.161	30.43	0	101.4	5060.6	110205
182	"10:45:09"	1158.5	0	3	20	0.599	487.3	33.15	0.04327	991	86.87	-506.05	76.93	28.32	0.10644	0.00097022	0	0	0	991	71.6	30.51	487.79	33.143	30.43	0	101.4	5060.5	110205
183	"10:45:11"	1160.5	0	3	20	0.709	487.5	33.15	0.0512	991	86.94	-506.05	76.98	28.32	0.12569	0.0016602	0	0	0	991	71.6	30.51	488.36	33.163	30.43	0	101.4	5060.5	110205
184	"10:45:13"	1162.5	0	3	20	0.867	487.8	33.15	0.06266	991	86.89	-506.05	76.96	28.33	0.1542	0.0013148	0	0	0	991	71.6	30.51	488.48	33.154	30.43	0	101.4	5060.5	110205
185	"10:45:15"	1164.5	0	3	20	0.824	488.1	33.15	0.0595	991	86.88	-506.06	76.99	28.33	0.14666	0.00079701	0	0	0	991	71.6	30.51	489.05	33.161	30.43	0	101.4	5060.6	110205
186	"10:45:17"	1166.5	0	3	20	0.922	488.4	33.16	0.06661	991	86.89	-506.05	77.00	28.33	0.16418	0.00087436	0	0	0	991	71.6	30.50	489.16	33.162	30.43	0	101.4	5060.5	110205
187	"10:45:19"	1168.5	0	3	20	0.759	488.7	33.16	0.0548	991	86.90	-506.05	76.98	28.32	0.13479	0.001303	0	0	0	991	71.6	30.50	489.33	33.152	30.42	0	101.4	5060.5	110205
188	"10:45:21"	1170.5	0	3	20	0.661	488.9	33.16	0.04772	991	86.95	-506.06	77.03	28.32	0.11732	0.0012338	0	0	0	991	71.6	30.50	489.69	33.173	30.42	0	101.4	5060.6	110205
189	"10:45:23"	1172.5	0	3	20	0.696	489.2	33.16	0.05031	991	86.91	-506.06	76.98	28.32	0.12396	0.00073638	0	0	0	991	71.6	30.50	489.85	33.149	30.42	0	101.4	5060.6	110205
190	"10:45:25"	1174.5	0	3	20	0.695	489.5	33.16	0.05021	991	86.99	-506.05	77.04	28.32	0.12345	0.0012503	0	0	0	991	71.6	30.50	490.27	33.173	30.42	0	101.4	5060.5	110205
191	"10:45:27"	1176.5	0	3	20	0.79	489.7	33.17	0.05706	991	86.91	-506.05	77.04	28.33	0.14051	0.00099928	0	0	0	991	71.6	30.50	490.33	33.166	30.42	0	101.4	5060.5	110205
192	"10:45:29"	1178.5	0	3	20	0.75	490.0	33.17	0.05418	991	86.90	-506.07	77.03	28.33	0.13395	-6.189E-05	0	0	0	991	71.6	30.50	490.81	33.163	30.42	0	101.4	5060.7	110205
193	"10:45:31"	1180.5	0	3	20	0.764	490.3	33.17	0.05521	991	86.98	-506.05	77.05	28.32	0.13652	-0.00014556	0	0	0	991	71.6	30.50	491.23	33.171	30.42	0	101.4	5060.5	110205
194	"10:45:33"	1182.5	0	3	20	0.827	490.6	33.17	0.05973	991	86.94	-506.05	77.02	28.32	0.14801	-0.00079532	0	0	0	991	71.6	30.50	491.37	33.151	30.42	0	101.4	5060.5	110205
195	"10:45:35"	1184.5	0	3	20	0.858	490.8	33.16	0.06201	991	87.00	-506.05	77.05	28.31	0.15341	-0.00028999	0	0	0	991	71.6	30.49	491.83	33.163	30.41	0	101.4	5060.5	110205
196	"10:45:37"	1186.5	0	3	20	0.86	491.1	33.16	0.06214	991	86.99	-506.05	77.06	28.31	0.15354	4.7928E-05	0	0	0	991	71.6	30.49	491.79	33.165	30.41	0	101.4	5060.5	110205
197	"10:45:39"	1188.5	0	3	20	0.775	491.4	33.16	0.05601	991	87.01	-506.05	77.08	28.31	0.13847	-9.184E-05	0	0	0	991	71.6	30.49	492.23	33.172	30.41	0	101.4	5060.5	110205
198	"10:45:41"	1190.5	0	3	20	0.792	491.7	33.16	0.05721	991	86.99	-506.05	77.06	28.31	0.1413	0.00019422	0	0	0	991	71.6	30.49	492.48	33.160	30.41	0	101.4	5060.5	110205
199	"10:45:43"	1192.5	0	3	20	0.779	492.0	33.16	0.05629	991	87.03	-506.05	77.09	28.31	0.13905	0.00015123	0	0	0	991	71.6	30.49	492.47	33.169	30.41	0	101.4	5060.5	110205
200	"10:45:45"	1194.5	0	3	20	0.726	492.3	33.17	0.05245	991	86.98	-506.06	77.09	28.32	0.12941	0.00041714	0	0	0	991	71.6	30.49	492.95	33.169	30.41	0	101.4	5060.6	110205
201	"10:45:47"	1196.5	0	3	20	0.752	492.5	33.17	0.05435	991	86.98	-506.05	77.06	28.31	0.1337	0.0012242	0	0	0	991	71.6	30.49	493.24	33.154	30.41	0	101.4	5060.5	110205
202	"10:45:49"	1198.5	0	3	20	0.665	492.8	33.17	0.04802	991	86.99	-506.04	77.08	28.31	0.1183	0.0007329	0	0	0	991	71.6	30.48	493.50	33.160	30.41	0	101.4	5060.4	110205
203	"10:45:51"	1200.5	0	3	20	0.698	493.0	33.17	0.05042	991	87.02	-506.04	77.11	28.31	0.1245	0.00020474	0	0	0	991	71.6	30.48	493.68	33.170	30.40	0	101.4	5060.4	110205
204	"10:45:53"	1202.5	0	3	20	0.706	493.3	33.17	0.05099	991	87.00	-506.06	77.08	28.30	0.12636	-0.00065598	0	0	0	991	71.6	30.48	493.98	33.153	30.40	0	101.4	5060.6	110205
205	"10:45:55"	1204.5	0	4	200	0.792	500.0	33.17	0.05722	991	87.06	-506.05	77.12	28.30	0.11982	-0.0016803	0.00015877	-0.022168	0	991	71.6	30.48	494.45	33.168	30.40	0	101.4	5060.5	110205
206	"10:48:46"	1375.5	0	3	8	0.474	480.3	33.01	0.03427	991	87.23	-506.06	77.39	28.18	0.082268	0.0048192	0	0	0	991	71.6	30.33	480.47	33.005	30.26	0	101.4	5060.6	110205
207	"10:48:48"	1377.5	0	3	12	0.434	480.4	33.01	0.03135	991	87.23	-506.06	77.38	28.18	0.076466	0.0019745	0	0	0	991	71.6	30.33	480.91	33.000	30.25	0	101.4	5060.6	110205
208	"10:48:50"	1379.5	0	3	16	0.537	480.5	33.01	0.03878	991	87.18	-506.06	77.35	28.18	0.096004	-0.00042193	0	0	0	991	71.6	30.33	481.06	32.987	30.25	0	101.4	5060.6	110205
209	"10:48:52"	1381.5	0	3	20	0.688	480.6	33.00	0.04969	991	87.19	-506.06	77.38	28.18	0.12377	-0.0020686	0	0	0	991	71.6	30.33	481.52	32.991	30.25	0	101.4	5060.6	110205
210	"10:48:54"	1383.5	0	3	20	0.813	480.9	33.00	0.05872	991	87.25	-506.07	77.44	28.18	0.14663	-0.003185	0	0	0	991	71.6	30.33	481.82	33.015	30.25	0	101.4	5060.7	110205
211	"10:48:56"	1385.5	0	3	20	0.907	481.2	33.00	0.06555	991	87.24	-506.07	77.45	28.19	0.16192	1.1547E-05	0	0	0	991	71.6	30.32	481.99	33.015	30.25	0	101.4	5060.7	110205
212	"10:48:58"	1387.5	0	3	20	0.816	481.5	33.00	0.05895	991	87.20	-506.04	77.41	28.18	0.14463	0.0019751	0	0	0	991	71.6	30.32	482.04	32.995	30.24	0	101.4	5060.4	110205
213	"10:49:00"	1389.5	0	3	20	0.828	481.8	33.00	0.0598	991	87.25	-506.06	77.44	28.18	0.14682	0.0018129	0	0	0	991	71.6	30.32	483.00	33.006	30.24	0	101.4	5060.6	110205
214	"10:49:02"	1391.5	0	3	20	0.871	482.1	33.00	0.06292	991	87.13	-506.05	77.35	28.18	0.15534	0.00018914	0	0	0	991	71.6	30.32	482.76	32.964	30.24	0	101.4	5060.5	110205
215	"10:49:04"	1393.5	0	3	20	0.786	482.4	33.00	0.0568	991	87.30	-506.06	77.46	28.17	0.14212	-0.0036249	0	0	0	991	71.6	30.31	482.99	33.007	30.24	0	101.4	5060.6	110205
216	"10:49:06"	1395.5	0	3	20	0.831	482.7	33.00	0.06003	991	87.27	-506.06	77.47	28.18	0.14884	-0.0010929	0	0	0	991	71.6	30.31	483.59	33.007	30.24	0	101.4	5060.6	110205
217	"10:49:08"	1397.5	0	3	20	0.732	483.0	33.00	0.05286	991	87.19	-506.05	77.41	28.18	0.13042	0.00030075	0	0	0	991	71.6	30.31	483.65	32.977	30.24	0	101.4	5060.5	110205
218	"10:49:10"	1399.5	0	3	20	0.737	483.3	32.99	0.05322	991	87.30	-506.07	77.46	28.17	0.13154	-0.00016534	0	0	0	991	71.6	30.31	483.72	32.999	30.23	0	101.4	5060.7	110205
219	"10:49:12"	1401.5	0	3	20	0.669	483.5	32.99	0.04835	991	87.31	-506.05	77.51	28.17	0.11842	0.0020161	0	0	0	991	71.6	30.31	483.94	33.012	30.23	0	101.4	5060.5	110205
220	"10:49:14"	1403.5	0	3	20	0.594	483.7	33.00	0.04289	991	87.23	-506.04	77.43	28.17	0.10605	-0.00020847	0	0	0	991	71.6	30.30	484.44	32.978	30.23	0	101.4	5060.4	110205
221	"10:49:16"	1405.5	0	3	20	0.701	484.0	33.00	0.05066	991	87.26	-506.04	77.46	28.17	0.12507	0.00011135	0	0	0	991	71.6	30.30	484.64	32.985	30.23	0	101.4	5060.4	110205
222	"10:49:18"	1407.5	0	3	20	0.743	484.2	33.00	0.05365	991	87.31	-506.06	77.50	28.16	0.1324	0.00021951	0	0	0	991	71.6	30.30	485.04	32.996	30.23	0	101.4	5060.6	110205
223	"10:49:20"	1409.5	0	3	20	0.883	484.5	33.00	0.06383	991	87.36	-506.04	77.54	28.16	0.15808	-0.00082926	0	0	0	991	71.6	30.30	485.08	33.013	30.22	0	101.4	5060.4	110205
224	"10:49:22"	1411.5	0	3	20	0.818	484.8	33.00	0.05912	991	87.30	-506.05	77.53	28.17	0.14566	0.00073379	0	0	0	991	71.6	30.30	485.53	33.005	30.22	0	101.4	5060.5	110205
225	"10:49:24"	1413.5	0	3	20	0.809	485.1	33.00	0.05847	991	87.29	-506.05	77.52	28.17	0.14345	0.0019478	0	0	0	991	71.6	30.30	485.81	33.000	30.22	0	101.4	5060.5	110205
226	"10:49:26"	1415.5	0	3	20	0.793	485.4	33.00	0.05728	991	87.28	-506.06	77.52	28.17	0.14138	0.00022175	0	0	0	991	71.6	30.30	486.21	32.996	30.22	0	101.4	5060.6	110205
227	"10:49:28"	1417.5	0	3	20	0.776	485.7	33.00	0.0561	991	87.28	-506.05	77.54	28.17	0.13837	0.00040674	0	0	0	991	71.6	30.29	486.25	33.001	30.22	0	101.4	5060.5	110205
228	"10:49:30"	1419.5	0	3	20	0.696	485.9	33.00	0.05026	991	87.23	-506.05	77.51	28.17	0.12424	-0.00020169	0	0	0	991	71.6	30.29	486.31	32.987	30.22	0	101.4	5060.5	110205
229	"10:49:32"	1421.5	0	3	20	0.6	486.1	33.00	0.04334	991	87.28	-506.05	77.55	28.17	0.10767	-0.0012514	0	0	0	991	71.6	30.29	486.70	32.997	30.21	0	101.4	5060.5	110205
230	"10:49:34"	1423.5	0	3	20	0.716	486.4	33.00	0.05173	991	87.32	-506.05	77.60	28.17	0.12778	1.8534E-05	0	0	0	991	71.6	30.29	487.20	33.016	30.21	0	101.4	5060.5	110205
231	"10:49:36"	1425.5	0	3	20	0.857	486.7	33.00	0.06194	991	87.27	-506.04	77.56	28.17	0.15289	0.00024388	0	0	0	991	71.6	30.29	487.64	32.998	30.21	0	101.4	5060.4	110205
232	"10:49:38"	1427.5	0	3	20	0.963	487.0	33.00	0.06955	991	87.25	-506.06	77.57	28.18	0.17151	0.00057429	0	0	0	991	71.6	30.29	487.57	32.999	30.21	0	101.4	5060.6	110205
233	"10:49:40"	1429.5	0	3	20	0.887	487.3	33.00	0.06408	991	87.26	-506.05	77.59	28.18	0.15811	0.00034471	0	0	0	991	71.6	30.29	488.03	33.001	30.21	0	101.4	5060.5	110205
234	"10:49:42"	1431.5	0	3	20	0.81	487.6	33.00	0.05856	991	87.31	-506.06	77.60	28.17	0.14518	-0.0010702	0	0	0	991	71.6	30.28	488.48	33.004	30.21	0	101.4	5060.6	110205
235	"10:49:44"	1433.5	0	3	20	0.703	487.9	33.00	0.05079	991	87.34	-506.05	77.60	28.16	0.12576	-0.00062721	0	0	0	991	71.6	30.28	488.40	33.003	30.21	0	101.4	5060.5	110205
236	"10:49:46"	1435.5	0	3	20	0.723	488.1	33.00	0.05224	991	87.30	-506.04	77.57	28.16	0.12889	0.00028197	0	0	0	991	71.6	30.28	488.81	32.984	30.20	0	101.4	5060.4	110205
237	"10:49:48"	1437.5	0	3	20	0.797	488.4	32.99	0.05756	991	87.32	-506.07	77.59	28.16	0.14285	-0.0013528	0	0	0	991	71.6	30.28	489.31	32.993	30.20	0	101.4	5060.7	110205
238	"10:49:50"	1439.5	0	3	20	0.74	488.7	32.99	0.05346	991	87.31	-506.05	77.60	28.16	0.13301	-0.0019212	0	0	0	991	71.6	30.28	489.53	32.993	30.20	0	101.4	5060.5	110205
239	"10:49:52"	1441.5	0	3	20	0.74	488.9	32.99	0.05345	991	87.37	-506.05	77.63	28.15	0.13258	-0.0010958	0	0	0	991	71.6	30.28	489.61	33.001	30.20	0	101.4	5060.5	110205
240	"10:49:54"	1443.5	0	3	20	0.783	489.2	32.99	0.0566	991	87.40	-506.05	77.61	28.14	0.13955	0.00048803	0	0	0	991	71.6	30.28	490.04	32.991	30.20	0	101.4	5060.5	110205
241	"10:49:56"	1445.5	0	3	20	0.678	489.5	32.99	0.04901	991	87.41	-506.04	77.64	28.15	0.12082	0.00044373	0	0	0	991	71.6	30.27	490.10	33.001	30.20	0	101.4	5060.4	110205
242	"10:49:58"	1447.5	0	3	20	0.681	489.7	32.99	0.04921	991	87.42	-506.06	77.65	28.14	0.12188	-0.00068167	0	0	0	991	71.6	30.27	490.42	33.003	30.19	0	101.4	5060.6	110205
243	"10:50:00"	1449.5	0	3	20	0.737	490.0	32.99	0.05327	991	87.38	-506.06	77.64	28.15	0.13157	-9.7691E-06	0	0	0	991	71.6	30.27	490.80	32.990	30.19	0	101.4	5060.6	110205
244	"10:50:02"	1451.5	0	3	20	0.767	490.3	32.99	0.05539	991	87.39	-506.06	77.65	28.15	0.13669	0.00019934	0	0	0	991	71.6	30.27	491.21	32.995	30.19	0	101.4	5060.6	110205
245	"10:50:04"	1453.5	0	3	20	0.851	490.5	32.99	0.06147	991	87.30	-506.05	77.60	28.15	0.15221	-0.00073509	0	0	0	991	71.6	30.27	491.37	32.970	30.19	0	101.4	5060.5	110205
246	"10:50:06"	1455.5	0	3	20	0.796	490.8	32.99	0.05751	991	87.30	-506.05	77.58	28.15	0.14326	-0.002413	0	0	0	991	71.6	30.27	491.62	32.959	30.19	0	101.4	5060.5	110205
247	"10:50:08"	1457.5	0	3	20	0.765	491.1	32.99	0.05524	991	87.44	-506.05	77.68	28.14	0.13803	-0.0031185	0	0	0	991	71.6	30.26	491.56	33.001	30.19	0	101.4	5060.5	110205
248	"10:50:10"	1459.5	0	3	20	0.741	491.4	32.98	0.05354	991	87.43	-506.05	77.68	28.14	0.1327	-0.00092502	0	0	0	991	71.6	30.26	492.09	32.990	30.18	0	101.4	5060.5	110205
249	"10:50:12"	1461.5	0	3	20	0.746	491.7	32.98	0.0539	991	87.48	-506.06	77.69	28.13	0.13254	0.0011687	0	0	0	991	71.6	30.26	492.35	32.997	30.18	0	101.4	5060.6	110205
250	"10:50:14"	1463.5	0	3	20	0.774	491.9	32.98	0.05589	991	87.43	-506.05	77.68	28.14	0.13733	0.0013949	0	0	0	991	71.6	30.26	492.80	32.988	30.18	0	101.4	5060.5	110205
251	"10:50:16"	1465.5	0	3	20	0.771	492.2	32.99	0.05568	991	87.43	-506.05	77.66	28.13	0.13688	0.0012412	0	0	0	991	71.6	30.26	493.00	32.975	30.18	0	101.4	5060.5	110205
252	"10:50:18"	1467.5	0	3	20	0.797	492.5	32.99	0.05756	991	87.40	-506.05	77.66	28.13	0.14285	-0.0013388	0	0	0	991	71.6	30.26	493.09	32.971	30.18	0	101.4	5060.5	110205
253	"10:50:20"	1469.5	0	3	20	0.736	492.7	32.98	0.05317	991	87.43	-506.06	77.68	28.13	0.13196	-0.0012775	0	0	0	991	71.6	30.26	493.61	32.981	30.18	0	101.4	5060.6	110205
254	"10:50:22"	1471.5	0	3	20	0.868	493.1	32.98	0.0627	991	87.53	-506.05	77.73	28.12	0.15472	0.00022305	0	0	0	991	71.6	30.25	493.82	33.000	30.18	0	101.4	5060.5	110205
255	"10:50:24"	1473.5	0	3	20	0.751	493.3	32.99	0.05429	991	87.45	-506.06	77.68	28.12	0.13373	0.0007042	0	0	0	991	71.6	30.25	494.07	32.972	30.17	0	101.4	5060.6	110205
256	"10:50:26"	1475.5	0	4	200	0.822	500.0	32.98	0.05937	991	87.46	-506.05	77.73	28.13	0.1328	0.00039864	0.00034781	-0.11454	0	991	71.6	30.25	494.29	32.991	30.17	0	101.4	5060.5	110205
