"OPEN 5.3.2"
"Sat Jun  1 2019 11:36:01"
"Unit="	"PSC-895"
"ComputeList="	"/User/Configs/Comps/Soil Efflux Eqns.LPL"
"BLCTable="	"/Sys/Lib/StdBLCTable"
"LightSource="	"Sun+Sky"	1	0.19
"LogFormat="	"/User/Configs/LogFormats/Soil Efflux Log Fmt"
"LogCodes="	-35	-21	-36	-104	310	311	320	302	303	306	304	321	322	323	324	300	301	330	331	305	307	308	-8	-2	-5	-9	-13	-11	-61	-23
"PromptList="	"/User/Configs/Prompts/Soil Efflux Prompts"
"Stability= (CO2S 15s SLP<1)(H2OS 15s SLP<1)(Flow 15s SLP<1)"
"11:36:03 "
$STARTOFDATA$
"Obs"	"HHMMSS"	"FTime"	"Plot#"	"Mode"	"Smpls"	"EFFLUX"	"C2avg"	"Wavg"	"dc'/dt"	"Vtot"	"RHcmbr%"	"Tsoil_C"	"RHirga%"	"Tsch_C"	"dC/dt"	"dW/dt"	"R(C)m"	"R(C)b"	"InsDpth"	"Vbase"	"Area"	"TBlk"	"CO2S"	"H2OS"	"Tair"	"PARo"	"Press"	"uc_21_mV"	"Status"
1	"11:42:52"	423.5	0	3	8	0.449	692.4	26.46	0.03244	991	80.00	-506.08	61.67	25.85	0.07176	0.011225	0	0	0	991	71.6	31.23	692.56	26.466	30.31	0	101.1	5060.8	110205
2	"11:42:54"	425.5	0	3	12	0.503	692.5	26.46	0.03636	991	80.01	-506.08	61.68	25.85	0.087537	0.0026038	0	0	0	991	71.6	31.23	692.88	26.470	30.31	0	101.1	5060.8	110205
3	"11:42:56"	427.5	0	3	16	0.535	692.6	26.47	0.03863	991	80.08	-506.07	61.74	25.85	0.089544	0.0076143	0	0	0	991	71.6	31.24	693.04	26.492	30.31	0	101.1	5060.7	110205
4	"11:42:58"	429.5	0	3	20	0.586	692.7	26.47	0.04237	991	80.20	-506.07	61.81	25.84	0.098731	0.0076183	0	0	0	991	71.6	31.24	693.13	26.527	30.31	0	101.1	5060.7	110205
5	"11:43:00"	431.5	0	3	20	0.644	692.9	26.49	0.04652	991	80.21	-506.07	61.78	25.83	0.10836	0.0084115	0	0	0	991	71.6	31.24	693.76	26.515	30.31	0	101.1	5060.7	110205
6	"11:43:02"	433.5	0	3	20	0.785	693.2	26.50	0.05669	991	80.23	-506.07	61.79	25.83	0.13337	0.0083903	0	0	0	991	71.6	31.24	693.95	26.522	30.31	0	101.1	5060.7	110205
7	"11:43:04"	435.5	0	3	20	0.815	693.4	26.52	0.05886	991	80.29	-506.08	61.84	25.83	0.14068	0.0056476	0	0	0	991	71.6	31.24	694.25	26.543	30.31	0	101.1	5060.8	110205
8	"11:43:06"	437.5	0	3	20	0.745	693.7	26.53	0.05385	991	80.32	-506.07	61.90	25.84	0.12763	0.0066761	0	0	0	991	71.6	31.24	694.18	26.566	30.31	0	101.1	5060.7	110205
9	"11:43:08"	439.5	0	3	20	0.71	693.9	26.54	0.0513	991	80.35	-506.08	61.92	25.84	0.12241	0.0051779	0	0	0	991	71.6	31.24	694.63	26.579	30.32	0	101.1	5060.8	110205
10	"11:43:10"	441.5	0	3	20	0.604	694.2	26.55	0.04363	991	80.27	-506.07	61.88	25.85	0.10314	0.0057781	0	0	0	991	71.6	31.24	695.10	26.562	30.32	0	101.1	5060.7	110205
11	"11:43:12"	443.5	0	3	20	0.83	694.4	26.57	0.05997	991	80.40	-506.07	61.99	25.85	0.14382	0.0050495	0	0	0	991	71.6	31.24	695.10	26.612	30.32	0	101.1	5060.7	110205
12	"11:43:14"	445.5	0	3	20	0.888	694.7	26.58	0.06417	991	80.51	-506.06	62.04	25.84	0.1531	0.0065245	0	0	0	991	71.6	31.23	695.39	26.633	30.32	0	101.1	5060.6	110205
13	"11:43:16"	447.5	0	3	20	0.897	695.0	26.59	0.0648	991	80.45	-506.08	62.03	25.86	0.15314	0.0086491	0	0	0	991	71.6	31.24	695.75	26.631	30.32	0	101.1	5060.8	110205
14	"11:43:18"	449.5	0	3	20	0.845	695.3	26.61	0.06107	991	80.56	-506.07	62.12	25.86	0.14419	0.0083115	0	0	0	991	71.6	31.24	696.04	26.667	30.32	0	101.1	5060.7	110205
15	"11:43:20"	451.5	0	3	20	0.715	695.6	26.62	0.05163	991	80.65	-506.07	62.14	25.84	0.12176	0.0072133	0	0	0	991	71.6	31.24	696.09	26.677	30.32	0	101.1	5060.7	110205
16	"11:43:22"	453.5	0	3	20	0.797	695.8	26.64	0.05761	991	80.57	-506.09	62.14	25.86	0.13716	0.0062596	0	0	0	991	71.6	31.24	696.56	26.680	30.32	0	101.1	5060.9	110205
17	"11:43:24"	455.5	0	3	20	0.759	696.1	26.65	0.05485	991	80.55	-506.08	62.14	25.86	0.12999	0.006812	0	0	0	991	71.6	31.24	696.66	26.677	30.32	0	101.1	5060.8	110205
18	"11:43:26"	457.5	0	3	20	0.721	696.3	26.67	0.05213	991	80.59	-506.07	62.14	25.85	0.12284	0.0074278	0	0	0	991	71.6	31.24	696.99	26.676	30.32	0	101.1	5060.7	110205
19	"11:43:28"	459.5	0	3	20	0.774	696.6	26.68	0.05592	991	80.74	-506.08	62.21	25.84	0.13238	0.0071124	0	0	0	991	71.6	31.23	697.35	26.709	30.32	0	101.1	5060.8	110205
20	"11:43:30"	461.5	0	3	20	0.826	696.9	26.70	0.05969	991	80.76	-506.08	62.23	25.84	0.14127	0.0076345	0	0	0	991	71.6	31.23	697.64	26.717	30.32	0	101.1	5060.8	110205
21	"11:43:32"	463.5	0	3	20	0.831	697.1	26.70	0.06005	991	80.79	-506.07	62.28	25.85	0.14406	0.0049781	0	0	0	991	71.6	31.23	697.97	26.738	30.32	0	101.1	5060.7	110205
22	"11:43:34"	465.5	0	3	20	0.883	697.4	26.71	0.06382	991	80.75	-506.09	62.28	25.86	0.15401	0.0040263	0	0	0	991	71.6	31.23	697.88	26.740	30.32	0	101.1	5060.9	110205
23	"11:43:36"	467.5	0	3	20	0.761	697.7	26.72	0.05502	991	80.65	-506.07	62.27	25.88	0.13397	0.0018052	0	0	0	991	71.6	31.23	698.26	26.734	30.32	0	101.1	5060.7	110205
24	"11:43:38"	469.5	0	3	20	0.778	698.0	26.73	0.05623	991	80.75	-506.08	62.36	25.88	0.13629	0.0027302	0	0	0	991	71.6	31.23	698.75	26.768	30.32	0	101.1	5060.8	110205
25	"11:43:40"	471.5	0	3	20	0.803	698.3	26.74	0.05799	991	80.69	-506.09	62.29	25.87	0.13795	0.0064498	0	0	0	991	71.6	31.23	699.01	26.739	30.32	0	101.1	5060.9	110205
26	"11:43:42"	473.5	0	3	20	0.682	698.5	26.75	0.04924	991	80.68	-506.08	62.33	25.89	0.1167	0.0060823	0	0	0	991	71.6	31.23	699.18	26.754	30.32	0	101.1	5060.8	110205
27	"11:43:44"	475.5	0	3	20	0.787	698.8	26.76	0.05689	991	80.81	-506.08	62.38	25.87	0.13571	0.005802	0	0	0	991	71.6	31.23	699.52	26.773	30.31	0	101.1	5060.8	110205
28	"11:43:46"	477.5	0	3	20	0.805	699.1	26.77	0.05814	991	80.81	-506.08	62.36	25.87	0.14029	0.0036796	0	0	0	991	71.6	31.23	699.67	26.765	30.31	0	101.1	5060.8	110205
29	"11:43:48"	479.5	0	3	20	0.759	699.3	26.77	0.05485	991	80.99	-506.08	62.47	25.86	0.13262	0.003113	0	0	0	991	71.6	31.23	699.91	26.810	30.31	0	101.1	5060.8	110205
30	"11:43:50"	481.5	0	3	20	0.728	699.5	26.78	0.05261	991	80.91	-506.08	62.42	25.86	0.1252	0.0057753	0	0	0	991	71.6	31.23	700.09	26.795	30.32	0	101.1	5060.8	110205
31	"11:43:52"	483.5	0	3	20	0.647	699.8	26.79	0.04673	991	81.02	-506.08	62.51	25.86	0.11036	0.00628	0	0	0	991	71.6	31.24	700.57	26.830	30.31	0	101.1	5060.8	110205
32	"11:43:54"	485.5	0	3	20	0.714	700.1	26.81	0.05161	991	81.01	-506.06	62.52	25.87	0.12218	0.0065289	0	0	0	991	71.6	31.23	700.62	26.838	30.32	0	101.1	5060.6	110205
33	"11:43:56"	487.5	0	3	20	0.793	700.3	26.82	0.05727	991	81.03	-506.08	62.52	25.87	0.13564	0.0071847	0	0	0	991	71.6	31.23	701.01	26.841	30.32	0	101.1	5060.8	110205
34	"11:43:58"	489.5	0	3	20	0.858	700.6	26.83	0.06197	991	81.12	-506.07	62.58	25.86	0.14841	0.0054964	0	0	0	991	71.6	31.23	701.30	26.861	30.32	0	101.1	5060.7	110205
35	"11:44:00"	491.5	0	3	20	0.892	700.9	26.84	0.06448	991	81.06	-506.07	62.59	25.88	0.155	0.0049032	0	0	0	991	71.6	31.23	701.74	26.868	30.32	0	101.1	5060.7	110205
36	"11:44:02"	493.5	0	3	20	0.823	701.2	26.85	0.05948	991	81.07	-506.07	62.60	25.88	0.14265	0.0049832	0	0	0	991	71.6	31.23	701.86	26.869	30.31	0	101.1	5060.7	110205
37	"11:44:04"	495.5	0	3	20	0.818	701.4	26.86	0.05912	991	81.13	-506.07	62.59	25.86	0.14322	0.0029352	0	0	0	991	71.6	31.23	702.38	26.867	30.31	0	101.1	5060.7	110205
38	"11:44:06"	497.5	0	3	20	0.826	701.8	26.86	0.05964	991	81.10	-506.07	62.64	25.88	0.14459	0.0028501	0	0	0	991	71.6	31.23	702.85	26.886	30.31	0	101.1	5060.7	110205
39	"11:44:08"	499.5	0	3	20	0.836	702.1	26.87	0.06039	991	81.18	-506.07	62.68	25.87	0.14645	0.0028053	0	0	0	991	71.6	31.23	702.31	26.901	30.31	0	101.1	5060.7	110205
40	"11:44:10"	501.5	0	3	20	0.737	702.3	26.88	0.05326	991	81.22	-506.08	62.69	25.87	0.12761	0.0046132	0	0	0	991	71.6	31.23	703.04	26.909	30.31	0	101.1	5060.8	110205
41	"11:44:12"	503.5	0	3	20	0.78	702.6	26.89	0.05639	991	81.24	-506.06	62.73	25.87	0.13378	0.0067326	0	0	0	991	71.6	31.23	703.26	26.924	30.31	0	101.1	5060.6	110205
42	"11:44:14"	505.5	0	3	20	0.683	702.9	26.90	0.04933	991	81.25	-506.07	62.72	25.87	0.1176	0.0051065	0	0	0	991	71.6	31.24	703.47	26.925	30.32	0	101.1	5060.7	110205
43	"11:44:16"	507.5	0	3	20	0.642	703.1	26.91	0.0464	991	81.28	-506.09	62.74	25.87	0.11069	0.0046812	0	0	0	991	71.6	31.24	703.65	26.934	30.32	0	101.1	5060.9	110205
44	"11:44:18"	509.5	0	3	20	0.883	703.3	26.92	0.06381	991	81.33	-506.07	62.78	25.87	0.15388	0.0041599	0	0	0	991	71.6	31.24	704.02	26.950	30.32	0	101.1	5060.7	110205
45	"11:44:20"	511.5	0	3	20	0.771	703.6	26.93	0.05573	991	81.26	-506.08	62.75	25.88	0.13266	0.0060315	0	0	0	991	71.6	31.24	704.31	26.934	30.32	0	101.1	5060.8	110205
46	"11:44:22"	513.5	0	3	20	0.772	703.9	26.94	0.05581	991	81.31	-506.07	62.81	25.88	0.13354	0.0050899	0	0	0	991	71.6	31.24	704.31	26.960	30.32	0	101.1	5060.7	110205
47	"11:44:24"	515.5	0	3	20	0.682	704.1	26.95	0.04928	991	81.37	-506.09	62.86	25.89	0.11804	0.0043165	0	0	0	991	71.6	31.24	704.94	26.983	30.32	0	101.1	5060.9	110205
48	"11:44:26"	517.5	0	3	20	0.622	704.4	26.96	0.04491	991	81.39	-506.09	62.84	25.88	0.1069	0.004851	0	0	0	991	71.6	31.24	704.99	26.976	30.32	0	101.1	5060.9	110205
49	"11:44:28"	519.5	0	3	20	0.632	704.6	26.97	0.04564	991	81.52	-506.08	62.89	25.87	0.10895	0.0044842	0	0	0	991	71.6	31.24	705.30	27.000	30.32	0	101.1	5060.8	110205
50	"11:44:30"	521.5	0	3	20	0.682	704.8	26.98	0.04926	991	81.59	-506.09	62.90	25.85	0.1166	0.0062102	0	0	0	991	71.6	31.24	705.45	27.005	30.32	0	101.1	5060.9	110205
51	"11:44:32"	523.5	0	3	20	0.884	705.1	26.99	0.06385	991	81.67	-506.07	62.96	25.85	0.15313	0.0053057	0	0	0	991	71.6	31.24	706.11	27.023	30.31	0	101.1	5060.7	110205
52	"11:44:33"	524.0	0	4	200	0.754	700.0	26.99	0.05446	991	81.63	-506.08	62.94	25.85	0.15313	0.0053057	0.00038287	-0.21355	0	991	71.6	31.24	706.19	27.017	30.32	0	101.1	5060.8	110205
53	"11:49:44"	835.5	0	3	8	0.0191	692.3	27.82	0.001383	991	84.24	-506.07	64.85	25.81	0.00071208	0.0037761	0	0	0	991	71.6	31.23	692.33	27.821	30.30	0	101.1	5060.7	110205
54	"11:49:46"	837.5	0	3	12	0.581	692.4	27.82	0.04196	991	84.26	-506.08	64.86	25.81	0.10181	0.001882	0	0	0	991	71.6	31.23	693.14	27.826	30.30	0	101.1	5060.8	110205
55	"11:49:48"	839.5	0	3	16	0.812	692.6	27.82	0.05865	991	84.28	-506.08	64.87	25.81	0.14207	0.0029484	0	0	0	991	71.6	31.23	693.16	27.831	30.30	0	101.1	5060.8	110205
56	"11:49:50"	841.5	0	3	20	0.922	692.7	27.83	0.06663	991	84.27	-506.07	64.88	25.81	0.16129	0.0035084	0	0	0	991	71.6	31.23	693.58	27.832	30.30	0	101.1	5060.7	110205
57	"11:49:52"	843.5	0	3	20	0.999	693.0	27.83	0.07217	991	84.39	-506.09	64.94	25.81	0.17441	0.0042092	0	0	0	991	71.6	31.23	693.71	27.861	30.30	0	101.1	5060.9	110205
58	"11:49:54"	845.5	0	3	20	0.869	693.3	27.84	0.06279	991	84.26	-506.08	64.89	25.82	0.15132	0.0042644	0	0	0	991	71.6	31.23	694.06	27.832	30.30	0	101.1	5060.8	110205
59	"11:49:56"	847.5	0	3	20	0.723	693.7	27.85	0.05223	991	84.39	-506.08	64.96	25.81	0.12685	0.0021665	0	0	0	991	71.6	31.23	694.18	27.865	30.30	0	101.1	5060.8	110205
60	"11:49:58"	849.5	0	3	20	0.601	693.9	27.85	0.04341	991	84.35	-506.08	64.95	25.82	0.10564	0.0015041	0	0	0	991	71.6	31.23	694.47	27.860	30.30	0	101.1	5060.8	110205
61	"11:50:00"	851.5	0	3	20	0.765	694.2	27.85	0.05526	991	84.35	-506.08	64.95	25.82	0.13501	0.0011655	0	0	0	991	71.6	31.23	694.81	27.861	30.30	0	101.1	5060.8	110205
62	"11:50:02"	853.5	0	3	20	0.84	694.4	27.86	0.0607	991	84.36	-506.07	64.98	25.82	0.14834	0.0012437	0	0	0	991	71.6	31.24	695.44	27.874	30.30	0	101.1	5060.7	110205
63	"11:50:04"	855.5	0	3	20	0.844	694.7	27.86	0.06097	991	84.41	-506.08	64.93	25.80	0.14713	0.0038375	0	0	0	991	71.6	31.24	695.36	27.856	30.30	0	101.1	5060.8	110205
64	"11:50:06"	857.5	0	3	20	0.808	695.0	27.86	0.0584	991	84.45	-506.07	64.99	25.81	0.14251	0.0014857	0	0	0	991	71.6	31.24	695.76	27.875	30.30	0	101.1	5060.7	110205
65	"11:50:08"	859.5	0	3	20	0.714	695.3	27.87	0.05158	991	84.39	-506.08	64.95	25.81	0.12568	0.001575	0	0	0	991	71.6	31.24	696.32	27.864	30.30	0	101.1	5060.8	110205
66	"11:50:10"	861.5	0	3	20	0.873	695.6	27.87	0.06308	991	84.40	-506.08	64.95	25.81	0.15452	0.00075953	0	0	0	991	71.6	31.24	696.46	27.860	30.30	0	101.1	5060.8	110205
67	"11:50:12"	863.5	0	3	20	0.944	695.9	27.87	0.06824	991	84.48	-506.06	65.01	25.81	0.16789	-0.0001931	0	0	0	991	71.6	31.23	696.83	27.887	30.30	0	101.1	5060.6	110205
68	"11:50:14"	865.5	0	3	20	0.993	696.2	27.87	0.07174	991	84.52	-506.08	65.01	25.80	0.17409	0.0031515	0	0	0	991	71.6	31.23	696.86	27.885	30.30	0	101.1	5060.8	110205
69	"11:50:16"	867.5	0	3	20	0.773	696.5	27.88	0.05588	991	84.47	-506.08	65.03	25.81	0.13604	0.0018494	0	0	0	991	71.6	31.23	697.19	27.892	30.30	0	101.1	5060.8	110205
70	"11:50:18"	869.5	0	3	20	0.651	696.8	27.88	0.04704	991	84.45	-506.08	65.03	25.81	0.11373	0.0026515	0	0	0	991	71.6	31.23	697.39	27.890	30.30	0	101.1	5060.8	110205
71	"11:50:20"	871.5	0	3	20	0.627	697.0	27.89	0.04533	991	84.40	-506.10	65.05	25.83	0.10991	0.0021534	0	0	0	991	71.6	31.23	697.70	27.899	30.30	0	101.1	5061.0	110205
72	"11:50:22"	873.5	0	3	20	0.665	697.2	27.89	0.04801	991	84.47	-506.09	65.10	25.83	0.11715	0.0012442	0	0	0	991	71.6	31.23	697.95	27.918	30.30	0	101.1	5060.9	110205
73	"11:50:24"	875.5	0	3	20	0.844	697.5	27.90	0.06099	991	84.47	-506.08	65.12	25.83	0.14769	0.0031502	0	0	0	991	71.6	31.23	698.42	27.926	30.30	0	101.1	5060.8	110205
74	"11:50:26"	877.5	0	3	20	0.821	697.8	27.90	0.05931	991	84.43	-506.07	65.05	25.82	0.14406	0.0024202	0	0	0	991	71.6	31.23	698.47	27.895	30.30	0	101.1	5060.7	110205
75	"11:50:28"	879.5	0	3	20	0.795	698.1	27.90	0.05746	991	84.50	-506.08	65.09	25.82	0.14029	0.0013533	0	0	0	991	71.6	31.24	698.63	27.911	30.30	0	101.1	5060.8	110205
76	"11:50:30"	881.5	0	3	20	0.695	698.3	27.91	0.05022	991	84.57	-506.08	65.12	25.81	0.12273	0.0010142	0	0	0	991	71.6	31.24	698.85	27.925	30.30	0	101.1	5060.8	110205
77	"11:50:32"	883.5	0	3	20	0.644	698.6	27.91	0.04652	991	84.50	-506.09	65.10	25.82	0.11356	0.0011062	0	0	0	991	71.6	31.24	699.50	27.919	30.30	0	101.1	5060.9	110205
78	"11:50:34"	885.5	0	3	20	0.834	698.9	27.91	0.06023	991	84.54	-506.07	65.11	25.82	0.14665	0.0019662	0	0	0	991	71.6	31.24	699.80	27.924	30.30	0	101.1	5060.7	110205
79	"11:50:36"	887.5	0	3	20	0.989	699.2	27.92	0.07146	991	84.57	-506.08	65.14	25.82	0.17351	0.0030172	0	0	0	991	71.6	31.24	699.81	27.938	30.30	0	101.1	5060.8	110205
80	"11:50:38"	889.5	0	3	20	0.936	699.5	27.92	0.06763	991	84.58	-506.08	65.08	25.80	0.16471	0.0021472	0	0	0	991	71.6	31.24	700.50	27.915	30.30	0	101.1	5060.8	110205
81	"11:50:40"	891.5	0	3	20	0.963	699.8	27.93	0.06957	991	84.67	-506.07	65.15	25.80	0.17009	0.0013138	0	0	0	991	71.6	31.24	700.73	27.941	30.30	0	101.1	5060.7	110205
82	"11:50:42"	893.5	0	3	20	0.884	700.2	27.93	0.06384	991	84.63	-506.09	65.13	25.80	0.15556	0.0019097	0	0	0	991	71.6	31.24	700.74	27.935	30.30	0	101.1	5060.9	110205
83	"11:50:44"	895.5	0	3	20	0.745	700.4	27.93	0.05385	991	84.69	-506.07	65.16	25.80	0.13068	0.0023718	0	0	0	991	71.6	31.23	701.13	27.949	30.30	0	101.1	5060.7	110205
84	"11:50:46"	897.5	0	3	20	0.748	700.7	27.94	0.05403	991	84.66	-506.08	65.18	25.81	0.13147	0.0018672	0	0	0	991	71.6	31.24	701.47	27.954	30.30	0	101.1	5060.8	110205
85	"11:50:48"	899.5	0	3	20	0.723	701.0	27.94	0.05225	991	84.72	-506.07	65.20	25.80	0.12616	0.0031634	0	0	0	991	71.6	31.24	701.59	27.962	30.30	0	101.1	5060.7	110205
86	"11:50:50"	901.5	0	3	20	0.809	701.3	27.95	0.05846	991	84.65	-506.09	65.15	25.81	0.14197	0.0023964	0	0	0	991	71.6	31.23	702.25	27.941	30.30	0	101.1	5060.9	110205
87	"11:50:52"	903.5	0	3	20	0.956	701.5	27.95	0.06909	991	84.65	-506.07	65.21	25.82	0.16869	0.0016099	0	0	0	991	71.6	31.23	702.35	27.967	30.30	0	101.1	5060.7	110205
88	"11:50:54"	905.5	0	3	20	0.865	701.8	27.95	0.0625	991	84.73	-506.07	65.24	25.81	0.15219	0.0020165	0	0	0	991	71.6	31.23	702.71	27.982	30.30	0	101.1	5060.7	110205
89	"11:50:56"	907.5	0	3	20	0.797	702.1	27.96	0.05758	991	84.71	-506.08	65.20	25.81	0.14025	0.0017932	0	0	0	991	71.6	31.23	702.76	27.961	30.30	0	101.1	5060.8	110205
90	"11:50:58"	909.5	0	3	20	0.777	702.4	27.96	0.0561	991	84.74	-506.08	65.23	25.81	0.13624	0.0023236	0	0	0	991	71.6	31.23	703.31	27.976	30.30	0	101.1	5060.8	110205
91	"11:51:00"	911.5	0	3	20	0.82	702.7	27.97	0.05921	991	84.73	-506.07	65.22	25.81	0.14378	0.0024513	0	0	0	991	71.6	31.23	703.52	27.973	30.30	0	101.1	5060.7	110205
92	"11:51:02"	913.5	0	3	20	0.867	703.0	27.97	0.06267	991	84.69	-506.08	65.21	25.81	0.15329	0.0010786	0	0	0	991	71.6	31.23	703.95	27.965	30.30	0	101.1	5060.8	110205
93	"11:51:04"	915.5	0	3	20	0.854	703.3	27.97	0.06173	991	84.75	-506.10	65.24	25.81	0.15141	0.0004663	0	0	0	991	71.6	31.23	703.96	27.978	30.30	0	101.1	5061.0	110205
94	"11:51:06"	917.5	0	3	20	0.825	703.6	27.97	0.05961	991	84.74	-506.09	65.24	25.81	0.14576	0.0010731	0	0	0	991	71.6	31.23	704.12	27.974	30.30	0	101.1	5060.9	110205
95	"11:51:08"	919.5	0	3	20	0.759	703.9	27.98	0.05487	991	84.78	-506.08	65.24	25.80	0.13423	0.00089717	0	0	0	991	71.6	31.23	704.72	27.975	30.30	0	101.1	5060.8	110205
96	"11:51:10"	921.5	0	3	20	0.771	704.2	27.98	0.05572	991	84.68	-506.08	65.23	25.82	0.13672	0.00035765	0	0	0	991	71.6	31.23	704.71	27.975	30.30	0	101.1	5060.8	110205
97	"11:51:12"	923.5	0	3	20	0.756	704.4	27.98	0.05462	991	84.73	-506.09	65.28	25.82	0.13412	0.00022938	0	0	0	991	71.6	31.23	704.73	27.992	30.29	0	101.1	5060.9	110205
98	"11:51:14"	925.5	0	3	20	0.613	704.6	27.98	0.0443	991	84.72	-506.06	65.28	25.82	0.10764	0.001748	0	0	0	991	71.6	31.23	705.46	27.988	30.29	0	101.1	5060.6	110205
99	"11:51:16"	927.5	0	3	20	0.765	704.9	27.98	0.05526	991	84.78	-506.06	65.32	25.81	0.13422	0.002232	0	0	0	991	71.6	31.23	705.56	28.000	30.29	0	101.1	5060.6	110205
100	"11:51:18"	929.5	0	3	20	0.765	705.2	27.99	0.05527	991	84.82	-506.07	65.34	25.81	0.13434	0.002114	0	0	0	991	71.6	31.24	705.64	28.012	30.29	0	101.1	5060.7	110205
101	"11:51:20"	931.5	0	3	20	0.682	705.4	27.99	0.04929	991	84.85	-506.06	65.34	25.81	0.11985	0.0018063	0	0	0	991	71.6	31.24	705.82	28.013	30.29	0	101.1	5060.6	110205
102	"11:51:22"	933.5	0	3	20	0.743	705.6	28.00	0.0537	991	84.89	-506.07	65.31	25.79	0.1308	0.0016641	0	0	0	991	71.6	31.24	706.46	28.000	30.29	0	101.1	5060.7	110205
103	"11:51:24"	935.5	0	4	200	0.787	700.0	28.00	0.05683	991	84.84	-506.07	65.31	25.80	0.11822	0.0018564	-5.5559E-06	0.060716	0	991	71.6	31.24	706.90	27.998	30.29	0	101.1	5060.7	110205
104	"11:56:39"	1250.0	0	3	8	0.179	692.2	28.31	0.0129	991	85.95	-506.07	66.01	25.76	0.030326	0.0019479	0	0	0	991	71.6	31.23	692.33	28.291	30.29	0	101.1	5060.7	110205
105	"11:56:41"	1252.0	0	3	12	0.321	692.3	28.30	0.0232	991	85.97	-506.08	66.05	25.77	0.058782	-0.0024673	0	0	0	991	71.6	31.23	692.31	28.310	30.29	0	101.1	5060.8	110205
106	"11:56:43"	1254.0	0	3	16	0.429	692.4	28.31	0.03096	991	85.94	-506.08	66.05	25.77	0.075617	0.00068757	0	0	0	991	71.6	31.23	693.06	28.309	30.29	0	101.1	5060.8	110205
107	"11:56:45"	1256.0	0	3	20	0.659	692.6	28.31	0.04759	991	85.94	-506.09	66.03	25.77	0.1161	0.0012331	0	0	0	991	71.6	31.23	693.08	28.301	30.29	0	101.1	5060.9	110205
108	"11:56:47"	1258.0	0	3	20	0.885	692.8	28.31	0.06396	991	85.95	-506.08	66.07	25.77	0.15645	0.0010723	0	0	0	991	71.6	31.23	693.48	28.313	30.29	0	101.1	5060.8	110205
109	"11:56:49"	1260.0	0	3	20	0.894	693.1	28.31	0.06461	991	86.02	-506.07	66.07	25.76	0.15805	0.0010748	0	0	0	991	71.6	31.23	693.78	28.312	30.28	0	101.1	5060.7	110205
110	"11:56:51"	1262.0	0	3	20	0.997	693.4	28.31	0.07202	991	86.03	-506.08	66.08	25.76	0.17677	0.00035699	0	0	0	991	71.6	31.23	694.18	28.317	30.28	0	101.1	5060.8	110205
111	"11:56:53"	1264.0	0	3	20	0.855	693.7	28.31	0.0618	991	85.92	-506.07	66.05	25.77	0.15153	0.00053348	0	0	0	991	71.6	31.23	694.37	28.306	30.28	0	101.1	5060.7	110205
112	"11:56:55"	1266.0	0	3	20	0.818	694.0	28.31	0.05911	991	86.05	-506.08	66.07	25.75	0.14465	0.00089694	0	0	0	991	71.6	31.24	694.71	28.317	30.29	0	101.1	5060.8	110205
113	"11:56:57"	1268.0	0	3	20	0.799	694.3	28.31	0.05775	991	86.01	-506.08	66.09	25.77	0.14102	0.0012854	0	0	0	991	71.6	31.24	694.92	28.326	30.29	0	101.1	5060.8	110205
114	"11:56:59"	1270.0	0	3	20	0.624	694.5	28.32	0.04506	991	86.05	-506.06	66.12	25.77	0.10987	0.0012411	0	0	0	991	71.6	31.24	695.22	28.335	30.29	0	101.1	5060.6	110205
115	"11:57:01"	1272.0	0	3	20	0.799	694.8	28.32	0.05771	991	85.95	-506.08	66.07	25.77	0.14076	0.0015487	0	0	0	991	71.6	31.24	695.68	28.319	30.29	0	101.1	5060.8	110205
116	"11:57:03"	1274.0	0	3	20	0.901	695.1	28.32	0.06508	991	86.03	-506.08	66.11	25.77	0.15951	0.0006556	0	0	0	991	71.6	31.24	695.92	28.336	30.29	0	101.1	5060.8	110205
117	"11:57:05"	1276.0	0	3	20	0.88	695.4	28.33	0.06356	991	86.14	-506.07	66.13	25.75	0.15481	0.0020024	0	0	0	991	71.6	31.24	696.12	28.346	30.29	0	101.1	5060.7	110205
118	"11:57:07"	1278.0	0	3	20	0.907	695.7	28.33	0.0655	991	86.14	-506.08	66.12	25.75	0.15983	0.0016104	0	0	0	991	71.6	31.24	696.22	28.342	30.29	0	101.1	5060.8	110205
119	"11:57:09"	1280.0	0	3	20	0.779	696.0	28.33	0.05628	991	86.19	-506.09	66.14	25.75	0.13664	0.0023491	0	0	0	991	71.6	31.24	696.86	28.350	30.29	0	101.1	5060.9	110205
120	"11:57:11"	1282.0	0	3	20	0.848	696.3	28.34	0.06129	991	86.12	-506.09	66.11	25.75	0.1494	0.0017266	0	0	0	991	71.6	31.23	697.03	28.339	30.29	0	101.1	5060.9	110205
121	"11:57:13"	1284.0	0	3	20	0.798	696.6	28.34	0.05767	991	86.14	-506.08	66.11	25.75	0.14208	-0.00046417	0	0	0	991	71.6	31.23	697.29	28.337	30.29	0	101.1	5060.8	110205
122	"11:57:15"	1286.0	0	3	20	0.865	696.9	28.34	0.06252	991	86.11	-506.08	66.12	25.76	0.15317	0.00070353	0	0	0	991	71.6	31.23	697.92	28.340	30.29	0	101.1	5060.8	110205
123	"11:57:17"	1288.0	0	3	20	0.86	697.2	28.34	0.06212	991	86.12	-506.09	66.13	25.75	0.15218	0.00069641	0	0	0	991	71.6	31.23	697.77	28.341	30.29	0	101.1	5060.9	110205
124	"11:57:19"	1290.0	0	3	20	0.831	697.5	28.34	0.06006	991	86.23	-506.07	66.17	25.74	0.14762	5.18E-06	0	0	0	991	71.6	31.23	698.11	28.349	30.28	0	101.1	5060.7	110205
125	"11:57:21"	1292.0	0	3	20	0.98	697.8	28.34	0.07077	991	86.18	-506.09	66.17	25.75	0.17326	0.0009596	0	0	0	991	71.6	31.23	698.50	28.349	30.28	0	101.1	5060.9	110205
126	"11:57:23"	1294.0	0	3	20	0.827	698.1	28.34	0.05974	991	86.19	-506.09	66.17	25.75	0.14629	0.0007645	0	0	0	991	71.6	31.23	698.75	28.352	30.28	0	101.1	5060.9	110205
127	"11:57:25"	1296.0	0	3	20	0.843	698.4	28.35	0.06088	991	86.16	-506.09	66.15	25.75	0.14779	0.0025534	0	0	0	991	71.6	31.23	698.99	28.341	30.28	0	101.1	5060.9	110205
128	"11:57:27"	1298.0	0	3	20	0.731	698.7	28.35	0.05283	991	86.23	-506.10	66.20	25.75	0.12852	0.0018296	0	0	0	991	71.6	31.24	699.42	28.360	30.28	0	101.1	5061.0	110205
129	"11:57:29"	1300.0	0	3	20	0.591	698.9	28.35	0.04267	991	86.18	-506.07	66.16	25.74	0.1049	-3.8528E-05	0	0	0	991	71.6	31.24	699.63	28.343	30.28	0	101.1	5060.7	110205
130	"11:57:31"	1302.0	0	3	20	0.656	699.1	28.35	0.04741	991	86.18	-506.08	66.16	25.75	0.11679	-0.00035396	0	0	0	991	71.6	31.24	699.88	28.345	30.28	0	101.1	5060.8	110205
131	"11:57:33"	1304.0	0	3	20	0.674	699.4	28.36	0.04866	991	86.19	-506.09	66.16	25.74	0.11908	0.00071633	0	0	0	991	71.6	31.24	700.34	28.346	30.28	0	101.1	5060.9	110205
132	"11:57:35"	1306.0	0	3	20	0.846	699.6	28.35	0.06111	991	86.23	-506.07	66.25	25.76	0.14881	0.0019243	0	0	0	991	71.6	31.24	700.64	28.384	30.28	0	101.1	5060.7	110205
133	"11:57:37"	1308.0	0	3	20	0.905	699.9	28.36	0.06537	991	86.18	-506.07	66.20	25.75	0.15912	0.0021683	0	0	0	991	71.6	31.24	700.74	28.362	30.28	0	101.1	5060.7	110205
134	"11:57:39"	1310.0	0	3	20	0.779	700.2	28.36	0.05629	991	86.29	-506.07	66.29	25.76	0.13705	0.0018187	0	0	0	991	71.6	31.24	700.82	28.403	30.28	0	101.1	5060.7	110205
135	"11:57:41"	1312.0	0	3	20	0.665	700.5	28.36	0.04803	991	86.14	-506.08	66.17	25.76	0.11812	-8.3852E-05	0	0	0	991	71.6	31.24	701.31	28.354	30.28	0	101.1	5060.8	110205
136	"11:57:43"	1314.0	0	3	20	0.687	700.8	28.36	0.04966	991	86.24	-506.07	66.21	25.75	0.1212	0.0011778	0	0	0	991	71.6	31.24	701.59	28.372	30.28	0	101.1	5060.7	110205
137	"11:57:45"	1316.0	0	3	20	0.727	701.0	28.37	0.05255	991	86.27	-506.07	66.26	25.76	0.12737	0.0024744	0	0	0	991	71.6	31.23	701.70	28.394	30.28	0	101.1	5060.7	110205
138	"11:57:47"	1318.0	0	3	20	0.923	701.3	28.38	0.06666	991	86.23	-506.08	66.17	25.74	0.16172	0.0029334	0	0	0	991	71.6	31.23	702.03	28.354	30.28	0	101.1	5060.8	110205
139	"11:57:49"	1320.0	0	3	20	0.858	701.6	28.37	0.06202	991	86.30	-506.09	66.24	25.74	0.15214	0.00042072	0	0	0	991	71.6	31.23	702.34	28.382	30.28	0	101.1	5060.9	110205
140	"11:57:51"	1322.0	0	3	20	0.869	701.9	28.38	0.06281	991	86.18	-506.07	66.23	25.76	0.15483	-0.00061121	0	0	0	991	71.6	31.23	702.63	28.377	30.28	0	101.1	5060.7	110205
141	"11:57:53"	1324.0	0	3	20	0.851	702.2	28.38	0.06145	991	86.19	-506.08	66.23	25.76	0.15289	-0.0025427	0	0	0	991	71.6	31.23	702.95	28.375	30.28	0	101.1	5060.8	110205
142	"11:57:55"	1326.0	0	3	20	0.762	702.5	28.37	0.05505	991	86.16	-506.07	66.20	25.76	0.13532	-2.7196E-05	0	0	0	991	71.6	31.23	703.17	28.360	30.28	0	101.1	5060.7	110205
143	"11:57:57"	1328.0	0	3	20	0.801	702.8	28.37	0.0579	991	86.21	-506.08	66.23	25.76	0.1409	0.0019592	0	0	0	991	71.6	31.23	703.65	28.373	30.28	0	101.1	5060.8	110205
144	"11:57:59"	1330.0	0	3	20	0.789	703.1	28.38	0.05703	991	86.28	-506.08	66.26	25.75	0.13919	0.0013525	0	0	0	991	71.6	31.23	704.02	28.393	30.28	0	101.1	5060.8	110205
145	"11:58:01"	1332.0	0	3	20	0.981	703.4	28.38	0.07087	991	86.30	-506.08	66.28	25.75	0.17258	0.0022108	0	0	0	991	71.6	31.23	704.27	28.399	30.28	0	101.1	5060.8	110205
146	"11:58:03"	1334.0	0	3	20	0.861	703.7	28.39	0.06223	991	86.37	-506.08	66.36	25.76	0.15046	0.0034379	0	0	0	991	71.6	31.24	704.20	28.431	30.28	0	101.1	5060.8	110205
147	"11:58:05"	1336.0	0	3	20	0.794	704.0	28.40	0.05736	991	86.33	-506.08	66.27	25.75	0.13764	0.0046189	0	0	0	991	71.6	31.24	704.70	28.396	30.28	0	101.1	5060.8	110205
148	"11:58:07"	1338.0	0	3	20	0.706	704.2	28.40	0.05098	991	86.37	-506.07	66.29	25.74	0.12329	0.002769	0	0	0	991	71.6	31.24	704.78	28.400	30.28	0	101.1	5060.7	110205
149	"11:58:09"	1340.0	0	3	20	0.641	704.5	28.40	0.04629	991	86.31	-506.07	66.29	25.76	0.11366	0.00015512	0	0	0	991	71.6	31.24	705.11	28.406	30.28	0	101.1	5060.7	110205
150	"11:58:11"	1342.0	0	3	20	0.737	704.7	28.40	0.05326	991	86.35	-506.09	66.32	25.76	0.13185	-0.0013076	0	0	0	991	71.6	31.24	705.18	28.418	30.28	0	101.1	5060.9	110205
151	"11:58:13"	1344.0	0	3	20	0.797	705.0	28.40	0.05758	991	86.31	-506.08	66.26	25.75	0.1426	-0.0014918	0	0	0	991	71.6	31.23	705.61	28.395	30.28	0	101.1	5060.8	110205
152	"11:58:15"	1346.0	0	3	20	0.758	705.3	28.40	0.05474	991	86.29	-506.08	66.30	25.76	0.13334	0.0016695	0	0	0	991	71.6	31.24	705.93	28.414	30.29	0	101.1	5060.8	110205
153	"11:58:17"	1348.0	0	3	20	0.877	705.5	28.40	0.06335	991	86.28	-506.08	66.31	25.77	0.15446	0.0017267	0	0	0	991	71.6	31.24	706.46	28.416	30.29	0	101.1	5060.8	110205
154	"11:58:19"	1350.0	0	4	200	0.787	700.0	28.41	0.05686	991	86.30	-506.07	66.29	25.76	0.16597	0.0012287	0.00056341	-0.33753	0	991	71.6	31.23	706.75	28.402	30.28	0	101.1	5060.7	110205
