"OPEN 5.3.2"
"Thr May 30 2019 09:42:11"
"Unit="	"PSC-895"
"ComputeList="	"/User/Configs/Comps/Soil Efflux Eqns.LPL"
"BLCTable="	"/Sys/Lib/StdBLCTable"
"LightSource="	"Sun+Sky"	1	0.19
"LogFormat="	"/User/Configs/LogFormats/Soil Efflux Log Fmt"
"LogCodes="	-35	-21	-36	-104	310	311	320	302	303	306	304	321	322	323	324	300	301	330	331	305	307	308	-8	-2	-5	-9	-13	-11	-61	-23
"PromptList="	"/User/Configs/Prompts/Soil Efflux Prompts"
"Stability= (CO2S 15s SLP<1)(H2OS 15s SLP<1)(Flow 15s SLP<1)"
"09:42:17 accidentially stopped pre end of thi"
$STARTOFDATA$
"Obs"	"HHMMSS"	"FTime"	"Plot#"	"Mode"	"Smpls"	"EFFLUX"	"C2avg"	"Wavg"	"dc'/dt"	"Vtot"	"RHcmbr%"	"Tsoil_C"	"RHirga%"	"Tsch_C"	"dC/dt"	"dW/dt"	"R(C)m"	"R(C)b"	"InsDpth"	"Vbase"	"Area"	"TBlk"	"CO2S"	"H2OS"	"Tair"	"PARo"	"Press"	"uc_21_mV"	"Status"
1	"09:44:02"	121.0	0	3	8	0.461	417.0	32.76	0.03333	991	76.56	-506.02	67.58	30.33	0.07591	0.016184	0	0	0	991	71.6	32.62	417.44	32.780	32.52	0	101.4	5060.2	110205
2	"09:44:04"	123.0	0	3	12	0.943	417.2	32.77	0.06811	991	76.62	-506.02	67.65	30.33	0.16366	0.013314	0	0	0	991	71.6	32.62	417.72	32.814	32.52	0	101.4	5060.2	110205
3	"09:44:06"	125.0	0	3	16	0.905	417.3	32.78	0.06536	991	76.72	-506.01	67.70	30.32	0.15587	0.015484	0	0	0	991	71.6	32.62	417.96	32.839	32.52	0	101.4	5060.1	110205
4	"09:44:08"	127.0	0	3	20	0.873	417.5	32.80	0.06309	991	76.66	-506.04	67.78	30.36	0.15033	0.015251	0	0	0	991	71.6	32.62	418.33	32.882	32.53	0	101.4	5060.4	110205
5	"09:44:10"	129.0	0	3	20	0.881	417.8	32.83	0.06365	991	76.76	-506.01	67.84	30.35	0.15202	0.01456	0	0	0	991	71.6	32.62	418.51	32.909	32.52	0	101.4	5060.1	110205
6	"09:44:12"	131.0	0	3	20	0.813	418.1	32.86	0.05875	991	76.85	-506.03	67.88	30.35	0.13944	0.015471	0	0	0	991	71.6	32.62	418.79	32.935	32.53	0	101.4	5060.3	110205
7	"09:44:14"	133.0	0	3	20	0.885	418.4	32.89	0.06393	991	77.02	-506.00	67.94	30.32	0.15298	0.013885	0	0	0	991	71.6	32.62	419.04	32.964	32.53	0	101.4	5060.0	110205
8	"09:44:16"	135.0	0	3	20	0.809	418.6	32.92	0.05843	991	77.03	-506.03	67.98	30.33	0.1393	0.01393	0	0	0	991	71.6	32.62	419.30	32.988	32.53	0	101.4	5060.3	110205
9	"09:44:18"	137.0	0	3	20	0.711	418.9	32.94	0.0514	991	76.93	-506.01	68.03	30.37	0.12182	0.013946	0	0	0	991	71.6	32.63	419.31	33.010	32.53	0	101.4	5060.1	110205
10	"09:44:20"	139.0	0	3	20	0.663	419.1	32.97	0.04791	991	77.07	-506.02	68.11	30.36	0.11302	0.014194	0	0	0	991	71.6	32.63	419.91	33.057	32.53	0	101.4	5060.2	110205
11	"09:44:22"	141.0	0	3	20	0.782	419.4	33.00	0.05648	991	77.14	-506.01	68.15	30.35	0.13407	0.014812	0	0	0	991	71.6	32.63	420.41	33.076	32.53	0	101.4	5060.1	110205
12	"09:44:24"	143.0	0	3	20	0.895	419.7	33.03	0.06465	991	77.31	-506.02	68.22	30.33	0.15473	0.014004	0	0	0	991	71.6	32.63	420.42	33.112	32.53	0	101.4	5060.2	110205
13	"09:44:26"	145.0	0	3	20	0.798	419.9	33.06	0.05763	991	77.24	-506.02	68.25	30.36	0.13722	0.014091	0	0	0	991	71.6	32.63	420.59	33.128	32.54	0	101.4	5060.2	110205
14	"09:44:28"	147.0	0	3	20	0.675	420.2	33.09	0.04876	991	77.17	-506.02	68.31	30.39	0.11537	0.013619	0	0	0	991	71.6	32.63	420.74	33.162	32.54	0	101.4	5060.2	110205
15	"09:44:30"	149.0	0	3	20	0.633	420.5	33.12	0.04571	991	77.39	-506.02	68.37	30.36	0.10759	0.014024	0	0	0	991	71.6	32.63	421.06	33.190	32.54	0	101.4	5060.2	110205
16	"09:44:32"	151.0	0	3	20	0.691	420.7	33.14	0.04994	991	77.34	-506.05	68.41	30.38	0.11797	0.014373	0	0	0	991	71.6	32.64	421.25	33.215	32.54	0	101.4	5060.5	110205
17	"09:44:34"	153.0	0	3	20	0.918	421.0	33.17	0.06631	991	77.29	-506.03	68.44	30.40	0.15928	0.013035	0	0	0	991	71.6	32.63	421.85	33.230	32.54	0	101.4	5060.3	110205
18	"09:44:36"	155.0	0	3	20	0.941	421.3	33.19	0.06801	991	77.41	-506.03	68.51	30.39	0.16388	0.012165	0	0	0	991	71.6	32.64	422.15	33.265	32.54	0	101.4	5060.3	110205
19	"09:44:38"	157.0	0	3	20	0.881	421.6	33.22	0.06367	991	77.69	-506.01	68.56	30.34	0.15333	0.011515	0	0	0	991	71.6	32.64	422.10	33.292	32.54	0	101.4	5060.1	110205
20	"09:44:40"	159.0	0	3	20	0.769	421.8	33.25	0.05557	991	77.68	-506.03	68.61	30.36	0.13286	0.012287	0	0	0	991	71.6	32.64	422.43	33.315	32.54	0	101.4	5060.3	110205
21	"09:44:42"	161.0	0	3	20	0.629	422.1	33.27	0.04541	991	77.69	-506.03	68.64	30.36	0.10759	0.012296	0	0	0	991	71.6	32.64	422.65	33.333	32.54	0	101.4	5060.3	110205
22	"09:44:44"	163.0	0	4	84	0.782	420.0	33.29	0.05647	991	77.77	-506.03	68.69	30.36	0.099107	0.012688	-0.0016291	0.74067	0	991	71.6	32.64	423.07	33.358	32.54	0	101.4	5060.3	110205
23	"09:46:25"	264.0	0	3	8	0.321	417.3	33.42	0.02317	991	77.64	-506.00	68.67	30.42	0.050549	0.016417	0	0	0	991	71.6	32.68	417.72	33.417	32.58	0	101.4	5060.0	110205
24	"09:46:27"	266.0	0	3	12	0.719	417.5	33.43	0.05193	991	77.77	-506.02	68.74	30.41	0.12454	0.010777	0	0	0	991	71.6	32.68	417.70	33.452	32.58	0	101.4	5060.2	110205
25	"09:46:29"	268.0	0	3	16	0.748	417.6	33.44	0.05402	991	77.90	-506.03	68.84	30.41	0.1294	0.01153	0	0	0	991	71.6	32.68	418.14	33.505	32.58	0	101.4	5060.3	110205
26	"09:46:31"	270.0	0	3	20	0.781	417.7	33.45	0.05643	991	77.87	-506.03	68.85	30.42	0.13502	0.01241	0	0	0	991	71.6	32.68	418.61	33.510	32.58	0	101.4	5060.3	110205
27	"09:46:33"	272.0	0	3	20	0.893	418.0	33.48	0.06452	991	78.03	-506.01	68.92	30.40	0.15433	0.014278	0	0	0	991	71.6	32.68	418.83	33.543	32.58	0	101.4	5060.1	110205
28	"09:46:35"	274.0	0	3	20	0.817	418.3	33.51	0.05905	991	78.09	-506.01	69.02	30.41	0.13966	0.016757	0	0	0	991	71.6	32.68	419.20	33.595	32.59	0	101.4	5060.1	110205
29	"09:46:37"	276.0	0	3	20	0.826	418.6	33.53	0.0597	991	77.99	-506.01	69.01	30.43	0.1428	0.01324	0	0	0	991	71.6	32.68	419.46	33.590	32.58	0	101.4	5060.1	110205
30	"09:46:39"	278.0	0	3	20	0.724	418.9	33.56	0.05234	991	77.99	-506.02	69.05	30.44	0.12537	0.011211	0	0	0	991	71.6	32.68	419.27	33.608	32.58	0	101.4	5060.2	110205
31	"09:46:41"	280.0	0	3	20	0.634	419.1	33.58	0.04577	991	78.04	-506.02	69.06	30.43	0.11019	0.008523	0	0	0	991	71.6	32.68	419.83	33.619	32.59	0	101.4	5060.2	110205
32	"09:46:43"	282.0	0	3	20	0.736	419.4	33.60	0.05317	991	78.02	-506.02	69.14	30.46	0.12836	0.009103	0	0	0	991	71.6	32.68	420.08	33.657	32.59	0	101.4	5060.2	110205
33	"09:46:45"	284.0	0	3	20	0.887	419.7	33.62	0.06409	991	78.11	-506.03	69.18	30.45	0.15463	0.011135	0	0	0	991	71.6	32.68	420.37	33.677	32.59	0	101.4	5060.3	110205
34	"09:46:47"	286.0	0	3	20	0.894	419.9	33.64	0.06461	991	78.22	-506.02	69.26	30.45	0.15531	0.012519	0	0	0	991	71.6	32.68	420.70	33.719	32.59	0	101.4	5060.2	110205
35	"09:46:49"	288.0	0	3	20	0.89	420.2	33.67	0.06428	991	78.19	-506.03	69.27	30.45	0.15383	0.014067	0	0	0	991	71.6	32.68	420.84	33.722	32.59	0	101.4	5060.3	110205
36	"09:46:51"	290.0	0	3	20	0.699	420.5	33.69	0.05047	991	78.25	-506.02	69.32	30.46	0.12018	0.012431	0	0	0	991	71.6	32.68	421.11	33.750	32.59	0	101.4	5060.2	110205
37	"09:46:53"	292.0	0	3	20	0.609	420.8	33.72	0.04397	991	78.36	-506.01	69.37	30.44	0.10429	0.011738	0	0	0	991	71.6	32.68	421.45	33.771	32.59	0	101.4	5060.1	110205
38	"09:46:55"	294.0	0	3	20	0.697	421.0	33.74	0.05034	991	78.38	-506.02	69.44	30.46	0.12064	0.010605	0	0	0	991	71.6	32.68	421.62	33.809	32.59	0	101.4	5060.2	110205
39	"09:46:57"	296.0	0	3	20	0.646	421.2	33.76	0.04668	991	78.46	-506.03	69.43	30.43	0.11116	0.011411	0	0	0	991	71.6	32.69	421.89	33.802	32.59	0	101.4	5060.3	110205
40	"09:46:59"	298.0	0	3	20	0.764	421.5	33.78	0.05521	991	78.65	-506.02	69.54	30.42	0.13238	0.011445	0	0	0	991	71.6	32.68	422.36	33.861	32.59	0	101.4	5060.2	110205
41	"09:47:01"	300.0	0	3	20	0.78	421.7	33.81	0.05632	991	78.54	-506.02	69.52	30.44	0.13508	0.011573	0	0	0	991	71.6	32.69	422.46	33.848	32.59	0	101.4	5060.2	110205
42	"09:47:03"	302.0	0	3	20	0.789	422.0	33.83	0.05701	991	78.69	-506.02	69.66	30.45	0.137	0.011144	0	0	0	991	71.6	32.69	422.67	33.919	32.59	0	101.4	5060.2	110205
43	"09:47:05"	304.0	0	3	20	0.784	422.3	33.85	0.05662	991	78.61	-506.03	69.61	30.45	0.13613	0.010894	0	0	0	991	71.6	32.69	422.94	33.897	32.59	0	101.4	5060.3	110205
44	"09:47:06"	305.5	0	4	83	0.759	420.0	33.86	0.05482	991	78.74	-506.02	69.67	30.44	0.12885	0.010751	0.00012639	0.0017419	0	991	71.6	32.69	423.14	33.925	32.59	0	101.4	5060.2	110205
45	"09:49:02"	421.0	0	3	8	0.81	417.4	34.10	0.05854	991	78.86	-506.02	69.92	30.51	0.14255	0.0072531	0	0	0	991	71.6	32.72	417.71	34.116	32.63	0	101.4	5060.2	110205
46	"09:49:04"	423.0	0	3	12	0.697	417.6	34.11	0.05037	991	79.09	-506.01	69.98	30.47	0.12193	0.007917	0	0	0	991	71.6	32.72	417.68	34.148	32.63	0	101.4	5060.1	110205
47	"09:49:06"	425.0	0	3	16	0.639	417.7	34.12	0.04618	991	79.07	-506.02	70.02	30.49	0.1106	0.0099842	0	0	0	991	71.6	32.72	418.10	34.168	32.63	0	101.4	5060.2	110205
48	"09:49:08"	427.0	0	3	20	0.599	417.7	34.13	0.04325	991	79.25	-506.01	70.06	30.46	0.10304	0.010566	0	0	0	991	71.6	32.72	418.51	34.189	32.63	0	101.4	5060.1	110205
49	"09:49:10"	429.0	0	3	20	0.712	418.0	34.15	0.05146	991	79.20	-506.02	70.04	30.47	0.12326	0.011056	0	0	0	991	71.6	32.73	418.72	34.186	32.63	0	101.4	5060.2	110205
50	"09:49:12"	431.0	0	3	20	0.76	418.3	34.17	0.05492	991	79.37	-506.01	70.13	30.45	0.13185	0.011077	0	0	0	991	71.6	32.73	419.12	34.222	32.63	0	101.4	5060.1	110205
51	"09:49:14"	433.0	0	3	20	0.86	418.5	34.19	0.06215	991	79.38	-506.03	70.15	30.46	0.15069	0.0091484	0	0	0	991	71.6	32.73	419.21	34.236	32.63	0	101.4	5060.3	110205
52	"09:49:16"	435.0	0	3	20	0.804	418.8	34.21	0.05808	991	79.37	-506.02	70.19	30.47	0.14066	0.0088794	0	0	0	991	71.6	32.73	419.33	34.259	32.63	0	101.4	5060.2	110205
53	"09:49:18"	437.0	0	3	20	0.659	419.1	34.23	0.0476	991	79.32	-506.01	70.21	30.49	0.11439	0.0093391	0	0	0	991	71.6	32.73	419.97	34.275	32.63	0	101.4	5060.1	110205
54	"09:49:20"	439.0	0	3	20	0.888	419.4	34.25	0.06418	991	79.32	-506.02	70.25	30.50	0.15563	0.0093864	0	0	0	991	71.6	32.73	420.37	34.295	32.64	0	101.4	5060.2	110205
55	"09:49:22"	441.0	0	3	20	0.866	419.7	34.27	0.0626	991	79.33	-506.02	70.26	30.50	0.15128	0.010388	0	0	0	991	71.6	32.73	420.35	34.302	32.64	0	101.4	5060.2	110205
56	"09:49:24"	443.0	0	3	20	0.799	419.9	34.29	0.05775	991	79.40	-506.01	70.35	30.51	0.13921	0.010405	0	0	0	991	71.6	32.73	420.47	34.343	32.64	0	101.4	5060.1	110205
57	"09:49:26"	445.0	0	3	20	0.801	420.2	34.31	0.05786	991	79.37	-506.02	70.37	30.52	0.13917	0.011086	0	0	0	991	71.6	32.73	420.85	34.357	32.64	0	101.4	5060.2	110205
58	"09:49:28"	447.0	0	3	20	0.68	420.5	34.33	0.04913	991	79.42	-506.03	70.42	30.52	0.11783	0.01021	0	0	0	991	71.6	32.73	421.38	34.383	32.64	0	101.4	5060.3	110205
59	"09:49:30"	449.0	0	3	20	0.813	420.8	34.35	0.05871	991	79.36	-506.02	70.42	30.53	0.1419	0.009696	0	0	0	991	71.6	32.73	421.53	34.383	32.64	0	101.4	5060.2	110205
60	"09:49:32"	451.0	0	3	20	0.93	421.0	34.37	0.06722	991	79.58	-506.02	70.50	30.51	0.16307	0.0096491	0	0	0	991	71.6	32.73	421.89	34.425	32.64	0	101.4	5060.2	110205
61	"09:49:34"	453.0	0	3	20	0.856	421.4	34.39	0.06185	991	79.57	-506.04	70.51	30.51	0.15002	0.0089499	0	0	0	991	71.6	32.74	422.11	34.431	32.64	0	101.4	5060.4	110205
62	"09:49:36"	455.0	0	3	20	0.734	421.6	34.41	0.05304	991	79.58	-506.01	70.54	30.52	0.12766	0.0099516	0	0	0	991	71.6	32.74	422.21	34.448	32.64	0	101.4	5060.1	110205
63	"09:49:38"	457.0	0	3	20	0.634	421.9	34.42	0.04582	991	79.57	-506.03	70.52	30.52	0.11061	0.0078434	0	0	0	991	71.6	32.74	422.54	34.444	32.64	0	101.4	5060.3	110205
64	"09:49:40"	459.0	0	3	20	0.696	422.1	34.44	0.05027	991	79.69	-506.03	70.65	30.52	0.12153	0.0081731	0	0	0	991	71.6	32.74	423.00	34.503	32.64	0	101.4	5060.3	110205
65	"09:49:40"	459.5	0	4	77	0.769	420.0	34.44	0.05555	991	79.66	-506.03	70.63	30.52	0.12153	0.0081731	0.0012182	-0.45609	0	991	71.6	32.74	422.85	34.493	32.64	0	101.4	5060.3	110205
