"OPEN 5.3.2"
"Fri May 31 2019 08:56:11"
"Unit="	"PSC-895"
"ComputeList="	"/User/Configs/Comps/Soil Efflux Eqns.LPL"
"BLCTable="	"/Sys/Lib/StdBLCTable"
"LightSource="	"Sun+Sky"	1	0.19
"LogFormat="	"/User/Configs/LogFormats/Soil Efflux Log Fmt"
"LogCodes="	-35	-21	-36	-104	310	311	320	302	303	306	304	321	322	323	324	300	301	330	331	305	307	308	-8	-2	-5	-9	-13	-11	-61	-23
"PromptList="	"/User/Configs/Prompts/Soil Efflux Prompts"
"Stability= (CO2S 15s SLP<1)(H2OS 15s SLP<1)(Flow 15s SLP<1)"
"08:56:25 same plant from 7"
$STARTOFDATA$
"Obs"	"HHMMSS"	"FTime"	"Plot#"	"Mode"	"Smpls"	"EFFLUX"	"C2avg"	"Wavg"	"dc'/dt"	"Vtot"	"RHcmbr%"	"Tsoil_C"	"RHirga%"	"Tsch_C"	"dC/dt"	"dW/dt"	"R(C)m"	"R(C)b"	"InsDpth"	"Vbase"	"Area"	"TBlk"	"CO2S"	"H2OS"	"Tair"	"PARo"	"Press"	"uc_21_mV"	"Status"
1	"09:02:47"	423.0	0	3	8	0.894	480.3	36.02	0.06461	991	86.69	-506.02	75.96	29.82	0.15884	0.0032149	0	0	0	991	71.6	32.21	480.72	36.048	32.13	0	101.4	5060.2	110205
2	"09:02:49"	425.0	0	3	12	0.883	480.4	36.04	0.0638	991	86.78	-506.01	75.97	29.80	0.15372	0.0094437	0	0	0	991	71.6	32.21	481.00	36.057	32.14	0	101.4	5060.1	110205
3	"09:02:51"	427.0	0	3	16	0.847	480.6	36.04	0.06117	991	86.62	-506.02	75.94	29.83	0.14933	0.0051448	0	0	0	991	71.6	32.21	481.30	36.046	32.14	0	101.4	5060.2	110205
4	"09:02:53"	429.0	0	3	20	0.832	480.7	36.04	0.06014	991	86.63	-506.03	75.98	29.84	0.1473	0.0041127	0	0	0	991	71.6	32.21	481.64	36.063	32.14	0	101.4	5060.3	110205
5	"09:02:55"	431.0	0	3	20	0.831	481.1	36.05	0.06002	991	86.58	-506.03	75.97	29.85	0.14759	0.0029385	0	0	0	991	71.6	32.21	482.08	36.065	32.14	0	101.4	5060.3	110205
6	"09:02:57"	433.0	0	3	20	0.968	481.4	36.06	0.06995	991	86.62	-506.01	76.02	29.85	0.1725	0.0024604	0	0	0	991	71.6	32.21	482.11	36.089	32.14	0	101.4	5060.1	110205
7	"09:02:59"	435.0	0	3	20	0.965	481.7	36.06	0.06972	991	86.60	-506.03	76.04	29.86	0.17018	0.0059317	0	0	0	991	71.6	32.21	482.53	36.103	32.14	0	101.4	5060.3	110205
8	"09:03:01"	437.0	0	3	20	1.02	482.1	36.08	0.07402	991	86.58	-506.02	76.08	29.87	0.1804	0.0069071	0	0	0	991	71.6	32.22	482.96	36.122	32.14	0	101.4	5060.2	110205
9	"09:03:03"	439.0	0	3	20	0.999	482.4	36.09	0.07221	991	86.67	-506.03	76.07	29.86	0.17594	0.0067656	0	0	0	991	71.6	32.22	483.32	36.121	32.14	0	101.4	5060.3	110205
10	"09:03:05"	441.0	0	3	20	0.96	482.8	36.10	0.06934	991	86.77	-506.03	76.08	29.84	0.16897	0.0064584	0	0	0	991	71.6	32.22	483.74	36.128	32.14	0	101.4	5060.3	110205
11	"09:03:07"	443.0	0	3	20	1.06	483.1	36.11	0.07656	991	86.78	-506.03	76.08	29.84	0.18792	0.0044155	0	0	0	991	71.6	32.22	484.03	36.129	32.15	0	101.4	5060.3	110205
12	"09:03:09"	445.0	0	3	20	0.921	483.5	36.12	0.06657	991	86.64	-506.02	76.09	29.87	0.16407	0.0025247	0	0	0	991	71.6	32.22	484.23	36.135	32.15	0	101.4	5060.2	110205
13	"09:03:11"	447.0	0	3	20	0.858	483.8	36.13	0.06198	991	86.61	-506.03	76.09	29.88	0.15289	0.0021239	0	0	0	991	71.6	32.22	484.61	36.138	32.15	0	101.4	5060.3	110205
14	"09:03:13"	449.0	0	3	20	0.799	484.1	36.14	0.05776	991	86.71	-506.02	76.12	29.86	0.14198	0.0029311	0	0	0	991	71.6	32.22	484.73	36.154	32.15	0	101.4	5060.2	110205
15	"09:03:15"	451.0	0	3	20	0.832	484.4	36.14	0.06012	991	86.80	-506.02	76.17	29.86	0.14672	0.005158	0	0	0	991	71.6	32.22	485.55	36.181	32.15	0	101.4	5060.2	110205
16	"09:03:17"	453.0	0	3	20	0.997	484.7	36.15	0.07205	991	86.74	-506.02	76.17	29.87	0.17557	0.006713	0	0	0	991	71.6	32.23	485.67	36.186	32.15	0	101.4	5060.2	110205
17	"09:03:19"	455.0	0	3	20	1.12	485.1	36.17	0.08127	991	86.83	-506.01	76.21	29.86	0.19866	0.0063437	0	0	0	991	71.6	32.23	485.87	36.202	32.15	0	101.4	5060.1	110205
18	"09:03:21"	457.0	0	3	20	1.03	485.4	36.18	0.07419	991	86.94	-506.01	76.20	29.84	0.18146	0.0055463	0	0	0	991	71.6	32.23	486.30	36.204	32.15	0	101.4	5060.1	110205
19	"09:03:23"	459.0	0	3	20	1.01	485.8	36.19	0.07263	991	86.87	-506.03	76.19	29.85	0.17779	0.0051301	0	0	0	991	71.6	32.23	486.50	36.197	32.15	0	101.4	5060.3	110205
20	"09:03:25"	461.0	0	3	20	0.803	486.1	36.20	0.05799	991	86.89	-506.02	76.26	29.87	0.14144	0.0051467	0	0	0	991	71.6	32.23	486.80	36.237	32.16	0	101.4	5060.2	110205
21	"09:03:27"	463.0	0	3	20	0.752	486.4	36.21	0.05433	991	86.82	-506.02	76.21	29.87	0.13228	0.0052525	0	0	0	991	71.6	32.23	487.39	36.212	32.16	0	101.4	5060.2	110205
22	"09:03:29"	465.0	0	3	20	0.883	486.7	36.22	0.06377	991	86.91	-506.01	76.29	29.87	0.15609	0.0045627	0	0	0	991	71.6	32.23	487.54	36.256	32.16	0	101.4	5060.1	110205
23	"09:03:31"	467.0	0	3	20	0.879	487.0	36.23	0.0635	991	86.93	-506.02	76.31	29.87	0.15528	0.0048368	0	0	0	991	71.6	32.23	487.90	36.262	32.16	0	101.4	5060.2	110205
24	"09:03:33"	469.0	0	3	20	1.04	487.3	36.24	0.07527	991	86.91	-506.02	76.28	29.87	0.18413	0.0055641	0	0	0	991	71.6	32.24	488.18	36.261	32.16	0	101.4	5060.2	110205
25	"09:03:35"	471.0	0	3	20	1.01	487.7	36.25	0.07332	991	86.97	-506.02	76.32	29.87	0.1796	0.0049434	0	0	0	991	71.6	32.24	488.41	36.273	32.16	0	101.4	5060.2	110205
26	"09:03:37"	473.0	0	3	20	0.845	488.0	36.26	0.06103	991	86.88	-506.01	76.27	29.88	0.14916	0.0047965	0	0	0	991	71.6	32.24	488.80	36.257	32.16	0	101.4	5060.1	110205
27	"09:03:39"	475.0	0	3	20	0.831	488.3	36.27	0.06003	991	86.83	-506.01	76.34	29.90	0.14725	0.0036957	0	0	0	991	71.6	32.24	489.00	36.286	32.16	0	101.4	5060.1	110205
28	"09:03:41"	477.0	0	3	20	0.827	488.6	36.27	0.05974	991	86.86	-506.02	76.40	29.91	0.14691	0.0029406	0	0	0	991	71.6	32.24	489.36	36.317	32.16	0	101.4	5060.2	110205
29	"09:03:43"	479.0	0	3	20	0.881	488.9	36.28	0.06367	991	86.84	-506.03	76.35	29.90	0.15594	0.0043909	0	0	0	991	71.6	32.24	489.66	36.295	32.16	0	101.4	5060.3	110205
30	"09:03:45"	481.0	0	3	20	1.02	489.2	36.29	0.07383	991	86.93	-506.03	76.38	29.90	0.18134	0.0040264	0	0	0	991	71.6	32.24	490.23	36.314	32.17	0	101.4	5060.3	110205
31	"09:03:47"	483.0	0	3	20	0.981	489.6	36.30	0.07087	991	86.89	-506.01	76.40	29.91	0.17387	0.004263	0	0	0	991	71.6	32.24	490.72	36.322	32.17	0	101.4	5060.1	110205
32	"09:03:49"	485.0	0	3	20	1.12	490.0	36.31	0.08065	991	86.89	-506.02	76.43	29.92	0.19781	0.0050032	0	0	0	991	71.6	32.24	490.77	36.339	32.17	0	101.4	5060.2	110205
33	"09:03:51"	487.0	0	3	20	1.04	490.3	36.32	0.07499	991	86.93	-506.03	76.45	29.91	0.18378	0.0049106	0	0	0	991	71.6	32.24	491.35	36.353	32.17	0	101.4	5060.3	110205
34	"09:03:53"	489.0	0	3	20	0.981	490.7	36.33	0.07089	991	86.95	-506.03	76.45	29.91	0.17277	0.0065386	0	0	0	991	71.6	32.25	491.59	36.358	32.17	0	101.4	5060.3	110205
35	"09:03:55"	491.0	0	3	20	0.982	491.0	36.34	0.07095	991	87.04	-506.02	76.47	29.90	0.17326	0.0058199	0	0	0	991	71.6	32.25	491.98	36.364	32.17	0	101.4	5060.2	110205
36	"09:03:57"	493.0	0	3	20	0.915	491.4	36.35	0.06608	991	87.08	-506.02	76.51	29.90	0.16144	0.0052831	0	0	0	991	71.6	32.25	492.31	36.385	32.17	0	101.4	5060.2	110205
37	"09:03:59"	495.0	0	3	20	0.983	491.7	36.36	0.07102	991	87.02	-506.02	76.47	29.90	0.17369	0.0053521	0	0	0	991	71.6	32.25	492.44	36.369	32.17	0	101.4	5060.2	110205
38	"09:04:01"	497.0	0	3	20	0.816	492.0	36.37	0.05894	991	87.10	-506.01	76.49	29.90	0.1445	0.0037155	0	0	0	991	71.6	32.25	492.81	36.381	32.17	0	101.4	5060.1	110205
39	"09:04:03"	499.0	0	3	20	0.832	492.3	36.38	0.0601	991	87.14	-506.02	76.52	29.89	0.14715	0.0041557	0	0	0	991	71.6	32.25	493.43	36.394	32.17	0	101.4	5060.2	110205
40	"09:04:05"	501.0	0	3	20	0.853	492.6	36.39	0.06165	991	87.15	-506.02	76.52	29.90	0.15121	0.0037333	0	0	0	991	71.6	32.25	493.26	36.402	32.18	0	101.4	5060.2	110205
41	"09:04:07"	503.0	0	3	20	0.887	492.9	36.39	0.06407	991	87.16	-506.03	76.52	29.89	0.15769	0.0028427	0	0	0	991	71.6	32.25	493.68	36.404	32.18	0	101.4	5060.3	110205
42	"09:04:09"	505.0	0	3	20	0.894	493.2	36.40	0.06456	991	87.26	-506.02	76.56	29.88	0.15836	0.0038892	0	0	0	991	71.6	32.25	494.19	36.425	32.18	0	101.4	5060.2	110205
43	"09:04:11"	507.0	0	3	20	0.777	493.6	36.41	0.05615	991	87.13	-506.02	76.59	29.92	0.13758	0.0036973	0	0	0	991	71.6	32.26	494.42	36.442	32.18	0	101.4	5060.2	110205
44	"09:04:13"	509.0	0	3	20	0.965	493.9	36.42	0.06974	991	87.11	-506.01	76.61	29.93	0.1706	0.0051546	0	0	0	991	71.6	32.26	494.89	36.450	32.18	0	101.4	5060.1	110205
45	"09:04:15"	511.0	0	3	20	1.04	494.2	36.43	0.07538	991	87.14	-506.01	76.66	29.93	0.18371	0.0069104	0	0	0	991	71.6	32.26	495.36	36.473	32.18	0	101.4	5060.1	110205
46	"09:04:17"	513.0	0	3	20	1.06	494.6	36.44	0.0768	991	87.13	-506.03	76.61	29.93	0.18736	0.0066915	0	0	0	991	71.6	32.26	495.45	36.460	32.18	0	101.4	5060.3	110205
47	"09:04:19"	515.0	0	3	20	1.01	494.9	36.45	0.07263	991	87.18	-506.02	76.60	29.91	0.17789	0.0049208	0	0	0	991	71.6	32.26	495.96	36.454	32.18	0	101.4	5060.2	110205
48	"09:04:21"	517.0	0	3	20	0.885	495.3	36.46	0.06397	991	87.16	-506.02	76.62	29.92	0.15789	0.0019788	0	0	0	991	71.6	32.26	496.31	36.465	32.18	0	101.4	5060.2	110205
49	"09:04:23"	519.0	0	3	20	0.902	495.6	36.46	0.06513	991	87.29	-506.02	76.62	29.90	0.16155	0.00046491	0	0	0	991	71.6	32.26	496.54	36.467	32.19	0	101.4	5060.2	110205
50	"09:04:25"	521.0	0	3	20	0.893	496.0	36.46	0.06449	991	87.44	-506.03	76.67	29.88	0.1595	0.0013067	0	0	0	991	71.6	32.26	496.81	36.492	32.18	0	101.4	5060.3	110205
51	"09:04:27"	523.0	0	4	200	0.947	500.0	36.47	0.06839	991	87.41	-506.02	76.62	29.88	0.16579	0.0047416	8.5058E-05	0.02586	0	991	71.6	32.26	497.26	36.471	32.19	0	101.4	5060.2	110205
52	"09:06:57"	673.0	0	3	8	0.153	480.5	36.58	0.01103	991	87.03	-506.03	76.70	30.01	0.026882	0.0010617	0	0	0	991	71.6	32.31	480.77	36.597	32.23	0	101.4	5060.3	110205
53	"09:06:59"	675.0	0	3	12	0.921	480.7	36.59	0.06658	991	87.01	-506.03	76.70	30.01	0.16317	0.0045322	0	0	0	991	71.6	32.31	481.30	36.593	32.23	0	101.4	5060.3	110205
54	"09:07:01"	677.0	0	3	16	0.968	480.9	36.59	0.06996	991	87.02	-506.01	76.73	30.02	0.17128	0.0051445	0	0	0	991	71.6	32.31	481.54	36.613	32.23	0	101.4	5060.1	110205
55	"09:07:03"	679.0	0	3	20	0.861	481.0	36.60	0.06221	991	87.03	-506.02	76.73	30.02	0.15193	0.00531	0	0	0	991	71.6	32.31	481.71	36.613	32.23	0	101.4	5060.2	110205
56	"09:07:05"	681.0	0	3	20	0.828	481.3	36.60	0.05986	991	87.08	-506.03	76.73	30.01	0.14645	0.0045668	0	0	0	991	71.6	32.31	482.07	36.618	32.23	0	101.4	5060.3	110205
57	"09:07:07"	683.0	0	3	20	0.742	481.6	36.61	0.0536	991	87.06	-506.03	76.74	30.02	0.13132	0.0037208	0	0	0	991	71.6	32.31	482.58	36.624	32.23	0	101.4	5060.3	110205
58	"09:07:09"	685.0	0	3	20	0.935	481.9	36.62	0.06755	991	87.15	-506.02	76.82	30.02	0.16597	0.003733	0	0	0	991	71.6	32.31	482.89	36.667	32.23	0	101.4	5060.2	110205
59	"09:07:11"	687.0	0	3	20	1.07	482.2	36.63	0.0774	991	87.05	-506.02	76.76	30.03	0.18978	0.0050864	0	0	0	991	71.6	32.31	483.01	36.636	32.24	0	101.4	5060.2	110205
60	"09:07:13"	689.0	0	3	20	1.03	482.6	36.64	0.07448	991	87.16	-506.02	76.83	30.02	0.18274	0.0046433	0	0	0	991	71.6	32.32	483.33	36.677	32.24	0	101.4	5060.2	110205
61	"09:07:15"	691.0	0	3	20	0.874	482.9	36.65	0.06318	991	87.30	-506.02	76.84	30.00	0.15449	0.0049772	0	0	0	991	71.6	32.32	483.71	36.683	32.24	0	101.4	5060.2	110205
62	"09:07:17"	693.0	0	3	20	0.837	483.3	36.66	0.06045	991	87.23	-506.03	76.81	30.01	0.14809	0.0042023	0	0	0	991	71.6	32.32	483.91	36.670	32.24	0	101.4	5060.3	110205
63	"09:07:19"	695.0	0	3	20	0.896	483.6	36.66	0.06471	991	87.33	-506.03	76.87	30.00	0.15948	0.0025989	0	0	0	991	71.6	32.32	484.35	36.698	32.24	0	101.4	5060.3	110205
64	"09:07:21"	697.0	0	3	20	1.01	483.9	36.67	0.07284	991	87.23	-506.03	76.82	30.01	0.17842	0.0051001	0	0	0	991	71.6	32.32	484.67	36.679	32.24	0	101.4	5060.3	110205
65	"09:07:23"	699.0	0	3	20	0.972	484.2	36.68	0.07022	991	87.26	-506.01	76.90	30.02	0.17289	0.0032002	0	0	0	991	71.6	32.32	485.10	36.715	32.24	0	101.4	5060.1	110205
66	"09:07:25"	701.0	0	3	20	0.928	484.5	36.69	0.06706	991	87.28	-506.03	76.89	30.02	0.16404	0.0051393	0	0	0	991	71.6	32.32	485.54	36.716	32.24	0	101.4	5060.3	110205
67	"09:07:27"	703.0	0	3	20	1.03	484.9	36.70	0.07474	991	87.33	-506.03	76.92	30.01	0.18305	0.005317	0	0	0	991	71.6	32.32	485.76	36.727	32.24	0	101.4	5060.3	110205
68	"09:07:29"	705.0	0	3	20	0.928	485.2	36.71	0.06706	991	87.28	-506.02	76.95	30.03	0.16475	0.0037566	0	0	0	991	71.6	32.32	486.34	36.747	32.24	0	101.4	5060.2	110205
69	"09:07:31"	707.0	0	3	20	1.06	485.6	36.72	0.07661	991	87.27	-506.03	76.91	30.03	0.18776	0.0051597	0	0	0	991	71.6	32.32	486.70	36.728	32.24	0	101.4	5060.3	110205
70	"09:07:33"	709.0	0	3	20	1.06	486.0	36.73	0.07668	991	87.35	-506.04	76.93	30.02	0.18868	0.0037039	0	0	0	991	71.6	32.33	486.83	36.745	32.25	0	101.4	5060.4	110205
71	"09:07:35"	711.0	0	3	20	0.951	486.3	36.73	0.06873	991	87.29	-506.02	76.94	30.03	0.16909	0.0033496	0	0	0	991	71.6	32.33	487.09	36.747	32.25	0	101.4	5060.2	110205
72	"09:07:37"	713.0	0	3	20	1.03	486.7	36.74	0.07474	991	87.37	-506.03	76.98	30.03	0.18415	0.0031089	0	0	0	991	71.6	32.33	487.61	36.769	32.25	0	101.4	5060.3	110205
73	"09:07:39"	715.0	0	3	20	0.867	487.0	36.75	0.06266	991	87.34	-506.01	76.93	30.02	0.15469	0.0019871	0	0	0	991	71.6	32.33	487.96	36.748	32.25	0	101.4	5060.1	110205
74	"09:07:41"	717.0	0	3	20	0.913	487.4	36.75	0.06597	991	87.46	-506.03	76.99	30.01	0.16265	0.0025163	0	0	0	991	71.6	32.33	488.06	36.779	32.25	0	101.4	5060.3	110205
75	"09:07:43"	719.0	0	3	20	0.945	487.7	36.76	0.0683	991	87.47	-506.02	77.05	30.02	0.16735	0.0046761	0	0	0	991	71.6	32.33	488.51	36.809	32.25	0	101.4	5060.2	110205
76	"09:07:45"	721.0	0	3	20	0.895	488.0	36.77	0.06467	991	87.46	-506.02	77.01	30.02	0.1574	0.0065124	0	0	0	991	71.6	32.33	488.87	36.793	32.25	0	101.4	5060.2	110205
77	"09:07:47"	723.0	0	3	20	0.935	488.3	36.78	0.06757	991	87.42	-506.03	77.04	30.04	0.16491	0.0058957	0	0	0	991	71.6	32.33	489.04	36.810	32.25	0	101.4	5060.3	110205
78	"09:07:49"	725.0	0	3	20	0.96	488.7	36.79	0.06937	991	87.52	-506.03	77.01	30.01	0.1705	0.0036751	0	0	0	991	71.6	32.34	489.58	36.798	32.25	0	101.4	5060.3	110205
79	"09:07:51"	727.0	0	3	20	0.927	489.0	36.80	0.06696	991	87.50	-506.02	77.05	30.02	0.16549	0.0017658	0	0	0	991	71.6	32.34	489.75	36.810	32.25	0	101.4	5060.2	110205
80	"09:07:53"	729.0	0	3	20	0.908	489.3	36.80	0.0656	991	87.53	-506.03	77.03	30.02	0.16233	0.0013326	0	0	0	991	71.6	32.34	490.04	36.814	32.26	0	101.4	5060.3	110205
81	"09:07:55"	731.0	0	3	20	0.851	489.6	36.80	0.0615	991	87.57	-506.03	77.05	30.01	0.15106	0.003476	0	0	0	991	71.6	32.34	490.68	36.820	32.26	0	101.4	5060.3	110205
82	"09:07:57"	733.0	0	3	20	0.909	490.0	36.81	0.06568	991	87.56	-506.02	77.08	30.02	0.16097	0.0044135	0	0	0	991	71.6	32.34	490.57	36.837	32.26	0	101.4	5060.2	110205
83	"09:07:59"	735.0	0	3	20	1	490.3	36.82	0.07237	991	87.59	-506.02	77.10	30.02	0.17763	0.0043159	0	0	0	991	71.6	32.34	491.33	36.849	32.26	0	101.4	5060.2	110205
84	"09:08:01"	737.0	0	3	20	0.996	490.6	36.83	0.07195	991	87.56	-506.03	77.10	30.03	0.17651	0.0044517	0	0	0	991	71.6	32.34	491.41	36.850	32.26	0	101.4	5060.3	110205
85	"09:08:03"	739.0	0	3	20	1.04	491.0	36.84	0.07479	991	87.53	-506.02	77.11	30.04	0.1836	0.0044162	0	0	0	991	71.6	32.35	491.83	36.861	32.26	0	101.4	5060.2	110205
86	"09:08:05"	741.0	0	3	20	0.995	491.4	36.85	0.07185	991	87.58	-506.02	77.15	30.04	0.17629	0.0044328	0	0	0	991	71.6	32.34	492.29	36.880	32.26	0	101.4	5060.2	110205
87	"09:08:07"	743.0	0	3	20	1.14	491.7	36.86	0.08258	991	87.53	-506.03	77.12	30.04	0.2021	0.0061073	0	0	0	991	71.6	32.35	492.75	36.873	32.27	0	101.4	5060.3	110205
88	"09:08:09"	745.0	0	3	20	1.11	492.1	36.87	0.07997	991	87.57	-506.01	77.16	30.04	0.19597	0.0054161	0	0	0	991	71.6	32.35	493.31	36.891	32.27	0	101.4	5060.1	110205
89	"09:08:11"	747.0	0	3	20	1.13	492.5	36.88	0.08181	991	87.61	-506.03	77.19	30.04	0.20097	0.0045271	0	0	0	991	71.6	32.35	493.29	36.906	32.27	0	101.4	5060.3	110205
90	"09:08:13"	749.0	0	3	20	0.91	492.8	36.89	0.06577	991	87.59	-506.03	77.17	30.04	0.1614	0.0039911	0	0	0	991	71.6	32.35	493.86	36.901	32.27	0	101.4	5060.3	110205
91	"09:08:15"	751.0	0	3	20	0.812	493.2	36.89	0.0587	991	87.56	-506.02	77.18	30.05	0.14444	0.0028034	0	0	0	991	71.6	32.35	493.88	36.908	32.27	0	101.4	5060.2	110205
92	"09:08:17"	753.0	0	3	20	0.86	493.5	36.90	0.06211	991	87.57	-506.02	77.18	30.05	0.15242	0.0037481	0	0	0	991	71.6	32.35	494.50	36.914	32.27	0	101.4	5060.2	110205
93	"09:08:19"	755.0	0	3	20	0.901	493.8	36.91	0.06507	991	87.60	-506.03	77.22	30.06	0.15999	0.0033394	0	0	0	991	71.6	32.35	494.49	36.932	32.27	0	101.4	5060.3	110205
94	"09:08:21"	757.0	0	3	20	0.973	494.1	36.92	0.07028	991	87.57	-506.02	77.20	30.06	0.17233	0.0045351	0	0	0	991	71.6	32.35	494.87	36.927	32.27	0	101.4	5060.2	110205
95	"09:08:23"	759.0	0	3	20	0.874	494.4	36.92	0.06311	991	87.55	-506.03	77.22	30.07	0.15445	0.0046766	0	0	0	991	71.6	32.36	495.20	36.943	32.28	0	101.4	5060.3	110205
96	"09:08:25"	761.0	0	3	20	0.929	494.8	36.93	0.06711	991	87.63	-506.02	77.25	30.06	0.16446	0.004514	0	0	0	991	71.6	32.36	495.81	36.951	32.27	0	101.4	5060.2	110205
97	"09:08:27"	763.0	0	3	20	0.934	495.1	36.94	0.06745	991	87.66	-506.02	77.24	30.06	0.16567	0.0037788	0	0	0	991	71.6	32.36	496.11	36.952	32.28	0	101.4	5060.2	110205
98	"09:08:29"	765.0	0	3	20	1.06	495.4	36.95	0.07646	991	87.65	-506.02	77.27	30.06	0.18865	0.002657	0	0	0	991	71.6	32.36	496.40	36.969	32.28	0	101.4	5060.2	110205
99	"09:08:31"	767.0	0	3	20	0.976	495.8	36.95	0.07053	991	87.70	-506.02	77.25	30.05	0.17354	0.0033886	0	0	0	991	71.6	32.36	496.59	36.962	32.28	0	101.4	5060.2	110205
100	"09:08:33"	769.0	0	3	20	0.94	496.2	36.96	0.06792	991	87.68	-506.04	77.26	30.06	0.16757	0.0023882	0	0	0	991	71.6	32.36	496.92	36.973	32.28	0	101.4	5060.4	110205
101	"09:08:35"	771.0	0	3	20	0.842	496.5	36.96	0.06082	991	87.66	-506.02	77.26	30.06	0.14981	0.0026062	0	0	0	991	71.6	32.36	497.20	36.971	32.28	0	101.4	5060.2	110205
102	"09:08:37"	773.0	0	4	200	0.992	500.0	36.97	0.07168	991	87.61	-506.03	77.28	30.08	0.14792	0.0027485	0.00035072	-0.10368	0	991	71.6	32.36	497.56	36.984	32.28	0	101.4	5060.3	110205
103	"09:11:06"	922.0	0	3	8	1.28	480.3	37.19	0.09223	991	87.88	-506.05	77.49	30.13	0.22687	0.004804	0	0	0	991	71.6	32.42	480.98	37.206	32.34	0	101.4	5060.5	110205
104	"09:11:08"	924.0	0	3	12	1.07	480.5	37.19	0.07718	991	87.89	-506.01	77.53	30.13	0.18926	0.0051924	0	0	0	991	71.6	32.42	480.98	37.218	32.34	0	101.4	5060.1	110205
105	"09:11:10"	926.0	0	3	16	1.01	480.7	37.20	0.0728	991	87.90	-506.02	77.50	30.13	0.17851	0.0049069	0	0	0	991	71.6	32.42	481.46	37.210	32.34	0	101.4	5060.2	110205
106	"09:11:12"	928.0	0	3	20	1.08	480.9	37.20	0.07793	991	87.83	-506.01	77.47	30.13	0.19205	0.0033708	0	0	0	991	71.6	32.42	481.74	37.196	32.34	0	101.4	5060.1	110205
107	"09:11:14"	930.0	0	3	20	1.05	481.2	37.21	0.07557	991	87.85	-506.01	77.52	30.14	0.18728	0.0011955	0	0	0	991	71.6	32.42	482.19	37.223	32.34	0	101.4	5060.1	110205
108	"09:11:16"	932.0	0	3	20	0.981	481.6	37.21	0.07091	991	87.83	-506.02	77.48	30.14	0.17617	0.00020036	0	0	0	991	71.6	32.43	482.41	37.208	32.34	0	101.4	5060.2	110205
109	"09:11:18"	934.0	0	3	20	0.901	481.9	37.21	0.0651	991	87.89	-506.03	77.51	30.14	0.16173	0.00018775	0	0	0	991	71.6	32.43	482.64	37.226	32.34	0	101.4	5060.3	110205
110	"09:11:20"	936.0	0	3	20	0.8	482.3	37.21	0.05779	991	87.88	-506.03	77.53	30.14	0.14252	0.0022714	0	0	0	991	71.6	32.43	482.88	37.238	32.35	0	101.4	5060.3	110205
111	"09:11:22"	938.0	0	3	20	0.933	482.6	37.22	0.06741	991	87.87	-506.02	77.53	30.15	0.16554	0.0041023	0	0	0	991	71.6	32.43	483.65	37.241	32.35	0	101.4	5060.2	110205
112	"09:11:24"	940.0	0	3	20	1.03	482.9	37.23	0.07473	991	87.87	-506.03	77.53	30.15	0.18342	0.0046981	0	0	0	991	71.6	32.43	483.95	37.241	32.35	0	101.4	5060.3	110205
113	"09:11:26"	942.0	0	3	20	1.07	483.3	37.24	0.07751	991	87.96	-506.03	77.56	30.14	0.19025	0.0048385	0	0	0	991	71.6	32.43	484.21	37.258	32.35	0	101.4	5060.3	110205
114	"09:11:28"	944.0	0	3	20	1.04	483.6	37.24	0.07539	991	87.88	-506.03	77.54	30.15	0.18563	0.0036053	0	0	0	991	71.6	32.43	484.63	37.251	32.35	0	101.4	5060.3	110205
115	"09:11:30"	946.0	0	3	20	0.934	484.0	37.25	0.06751	991	87.92	-506.02	77.58	30.15	0.16687	0.0019377	0	0	0	991	71.6	32.43	484.86	37.266	32.35	0	101.4	5060.2	110205
116	"09:11:32"	948.0	0	3	20	0.947	484.3	37.26	0.06844	991	87.92	-506.02	77.61	30.16	0.16876	0.0027846	0	0	0	991	71.6	32.43	485.28	37.284	32.35	0	101.4	5060.2	110205
117	"09:11:34"	950.0	0	3	20	0.925	484.7	37.26	0.06686	991	87.91	-506.02	77.59	30.15	0.16424	0.0039251	0	0	0	991	71.6	32.43	485.79	37.272	32.35	0	101.4	5060.2	110205
118	"09:11:36"	952.0	0	3	20	0.978	485.0	37.27	0.07065	991	87.92	-506.02	77.58	30.15	0.17387	0.0035293	0	0	0	991	71.6	32.44	485.56	37.274	32.35	0	101.4	5060.2	110205
119	"09:11:38"	954.0	0	3	20	0.818	485.3	37.27	0.05908	991	87.97	-506.02	77.63	30.16	0.14479	0.0041484	0	0	0	991	71.6	32.44	486.20	37.300	32.35	0	101.4	5060.2	110205
120	"09:11:40"	956.0	0	3	20	0.765	485.6	37.28	0.0553	991	88.02	-506.03	77.64	30.15	0.13604	0.0028566	0	0	0	991	71.6	32.44	486.35	37.307	32.35	0	101.4	5060.3	110205
121	"09:11:42"	958.0	0	3	20	0.872	485.9	37.29	0.06302	991	88.03	-506.02	77.62	30.14	0.15545	0.002409	0	0	0	991	71.6	32.44	487.09	37.299	32.35	0	101.4	5060.2	110205
122	"09:11:44"	960.0	0	3	20	0.889	486.3	37.29	0.06426	991	88.06	-506.02	77.66	30.15	0.15782	0.0038243	0	0	0	991	71.6	32.44	487.27	37.320	32.35	0	101.4	5060.2	110205
123	"09:11:46"	962.0	0	3	20	1.09	486.6	37.30	0.07878	991	88.00	-506.01	77.63	30.15	0.19368	0.0042817	0	0	0	991	71.6	32.44	487.56	37.305	32.36	0	101.4	5060.1	110205
124	"09:11:48"	964.0	0	3	20	1.03	487.0	37.31	0.07427	991	88.08	-506.02	77.67	30.15	0.18279	0.0036877	0	0	0	991	71.6	32.44	488.05	37.331	32.36	0	101.4	5060.2	110205
125	"09:11:50"	966.0	0	3	20	1.04	487.3	37.32	0.07526	991	88.08	-506.03	77.65	30.14	0.18537	0.0033878	0	0	0	991	71.6	32.44	488.16	37.324	32.36	0	101.4	5060.3	110205
126	"09:11:52"	968.0	0	3	20	1.06	487.7	37.32	0.07659	991	88.04	-506.02	77.65	30.15	0.18923	0.0023272	0	0	0	991	71.6	32.44	488.64	37.320	32.36	0	101.4	5060.2	110205
127	"09:11:54"	970.0	0	3	20	0.902	488.0	37.33	0.06515	991	88.08	-506.04	77.67	30.15	0.16136	0.0011851	0	0	0	991	71.6	32.44	488.92	37.340	32.36	0	101.4	5060.4	110205
128	"09:11:56"	972.0	0	3	20	0.844	488.4	37.33	0.06101	991	88.09	-506.01	77.68	30.15	0.15037	0.0025502	0	0	0	991	71.6	32.44	488.97	37.341	32.36	0	101.4	5060.1	110205
129	"09:11:58"	974.0	0	3	20	0.799	488.7	37.34	0.0577	991	88.14	-506.01	77.73	30.15	0.14218	0.0025072	0	0	0	991	71.6	32.44	489.59	37.366	32.36	0	101.4	5060.1	110205
130	"09:12:00"	976.0	0	3	20	0.883	489.0	37.34	0.06383	991	88.10	-506.01	77.69	30.15	0.15656	0.0041935	0	0	0	991	71.6	32.45	489.97	37.352	32.36	0	101.4	5060.1	110205
131	"09:12:02"	978.0	0	3	20	1.05	489.3	37.35	0.0761	991	88.18	-506.01	77.73	30.15	0.18679	0.0046888	0	0	0	991	71.6	32.45	490.27	37.371	32.36	0	101.4	5060.1	110205
132	"09:12:04"	980.0	0	3	20	1.08	489.7	37.36	0.07768	991	88.14	-506.03	77.73	30.16	0.19113	0.0039011	0	0	0	991	71.6	32.45	490.45	37.374	32.37	0	101.4	5060.3	110205
133	"09:12:06"	982.0	0	3	20	1.01	490.0	37.36	0.07303	991	88.12	-506.02	77.71	30.16	0.18012	0.0028257	0	0	0	991	71.6	32.45	491.04	37.366	32.37	0	101.4	5060.2	110205
134	"09:12:08"	984.0	0	3	20	0.938	490.4	37.37	0.06776	991	88.17	-506.02	77.72	30.15	0.16752	0.0018535	0	0	0	991	71.6	32.45	491.16	37.372	32.37	0	101.4	5060.2	110205
135	"09:12:10"	986.0	0	3	20	0.866	490.8	37.37	0.06256	991	88.22	-506.02	77.78	30.15	0.15455	0.0019142	0	0	0	991	71.6	32.45	491.75	37.406	32.37	0	101.4	5060.2	110205
136	"09:12:12"	988.0	0	3	20	0.908	491.1	37.38	0.06559	991	88.18	-506.01	77.78	30.16	0.16199	0.0021049	0	0	0	991	71.6	32.45	491.68	37.405	32.37	0	101.4	5060.1	110205
137	"09:12:14"	990.0	0	3	20	0.949	491.4	37.38	0.06859	991	88.18	-506.02	77.77	30.16	0.16916	0.0026881	0	0	0	991	71.6	32.45	492.20	37.404	32.37	0	101.4	5060.2	110205
138	"09:12:16"	992.0	0	3	20	0.925	491.7	37.39	0.06682	991	88.13	-506.03	77.76	30.17	0.16469	0.0028164	0	0	0	991	71.6	32.46	492.66	37.406	32.37	0	101.4	5060.3	110205
139	"09:12:18"	994.0	0	3	20	1.04	492.1	37.39	0.07539	991	88.10	-506.02	77.73	30.17	0.18589	0.0030225	0	0	0	991	71.6	32.46	493.26	37.393	32.37	0	101.4	5060.2	110205
140	"09:12:20"	996.0	0	3	20	1.07	492.4	37.40	0.07698	991	88.16	-506.03	77.77	30.17	0.19096	0.00085755	0	0	0	991	71.6	32.46	493.20	37.409	32.37	0	101.4	5060.3	110205
141	"09:12:22"	998.0	0	3	20	1.09	492.7	37.40	0.07867	991	88.20	-506.02	77.81	30.17	0.19437	0.0023885	0	0	0	991	71.6	32.46	493.80	37.431	32.37	0	101.4	5060.2	110205
142	"09:12:24"	1000.0	0	3	20	1.01	493.1	37.41	0.07287	991	88.18	-506.03	77.77	30.17	0.17953	0.0031787	0	0	0	991	71.6	32.46	494.26	37.418	32.38	0	101.4	5060.3	110205
143	"09:12:26"	1002.0	0	3	20	1.02	493.5	37.41	0.07335	991	88.25	-506.02	77.77	30.16	0.18082	0.0030135	0	0	0	991	71.6	32.46	494.47	37.421	32.38	0	101.4	5060.2	110205
144	"09:12:28"	1004.0	0	3	20	0.967	493.9	37.42	0.06983	991	88.27	-506.03	77.84	30.17	0.17165	0.0038396	0	0	0	991	71.6	32.46	494.96	37.451	32.38	0	101.4	5060.3	110205
145	"09:12:30"	1006.0	0	3	20	1.1	494.3	37.43	0.07919	991	88.23	-506.01	77.82	30.17	0.19496	0.0037742	0	0	0	991	71.6	32.46	495.28	37.447	32.38	0	101.4	5060.1	110205
146	"09:12:32"	1008.0	0	3	20	0.909	494.6	37.44	0.06566	991	88.28	-506.01	77.84	30.17	0.16143	0.0035191	0	0	0	991	71.6	32.46	495.19	37.453	32.38	0	101.4	5060.1	110205
147	"09:12:34"	1010.0	0	3	20	0.782	494.9	37.44	0.0565	991	88.19	-506.01	77.83	30.18	0.13843	0.0039648	0	0	0	991	71.6	32.46	495.77	37.453	32.38	0	101.4	5060.1	110205
148	"09:12:36"	1012.0	0	3	20	0.882	495.3	37.45	0.06371	991	88.19	-506.02	77.83	30.18	0.15728	0.0021823	0	0	0	991	71.6	32.46	496.11	37.455	32.38	0	101.4	5060.2	110205
149	"09:12:38"	1014.0	0	3	20	0.846	495.6	37.45	0.06113	991	88.18	-506.01	77.82	30.18	0.15186	0.00023172	0	0	0	991	71.6	32.46	496.56	37.453	32.38	0	101.4	5060.1	110205
150	"09:12:40"	1016.0	0	3	20	0.96	495.9	37.46	0.06939	991	88.18	-506.03	77.84	30.19	0.17153	0.0019505	0	0	0	991	71.6	32.46	496.94	37.464	32.38	0	101.4	5060.3	110205
151	"09:12:42"	1018.0	0	3	20	1.01	496.2	37.46	0.07281	991	88.22	-506.02	77.85	30.18	0.17975	0.0025157	0	0	0	991	71.6	32.47	497.15	37.470	32.38	0	101.4	5060.2	110205
152	"09:12:44"	1020.0	0	3	20	0.918	496.6	37.46	0.06632	991	88.20	-506.02	77.82	30.18	0.1637	0.0023313	0	0	0	991	71.6	32.47	497.33	37.454	32.38	0	101.4	5060.2	110205
153	"09:12:46"	1022.0	0	3	20	0.951	496.9	37.47	0.06874	991	88.22	-506.02	77.83	30.18	0.1696	0.002573	0	0	0	991	71.6	32.47	497.81	37.468	32.38	0	101.4	5060.2	110205
154	"09:12:47"	1022.5	0	4	200	0.927	500.0	37.47	0.06699	991	88.28	-506.02	77.87	30.18	0.1696	0.002573	-0.00024526	0.18962	0	991	71.6	32.47	498.10	37.486	32.39	0	101.4	5060.2	110205
155	"09:15:28"	1183.5	0	3	8	0.777	480.3	37.69	0.05615	991	88.42	-506.03	78.07	30.25	0.13961	6.2398E-05	0	0	0	991	71.6	32.53	480.46	37.701	32.44	0	101.4	5060.3	110205
156	"09:15:30"	1185.5	0	3	12	0.89	480.4	37.69	0.06429	991	88.45	-506.02	78.05	30.25	0.15915	0.0014575	0	0	0	991	71.6	32.53	481.29	37.698	32.44	0	101.4	5060.2	110205
157	"09:15:32"	1187.5	0	3	16	1.07	480.7	37.69	0.07726	991	88.43	-506.02	78.05	30.25	0.19096	0.0023522	0	0	0	991	71.6	32.53	481.35	37.702	32.45	0	101.4	5060.2	110205
158	"09:15:34"	1189.5	0	3	20	1.01	480.8	37.70	0.07309	991	88.40	-506.02	78.06	30.26	0.18053	0.0025156	0	0	0	991	71.6	32.53	481.90	37.708	32.45	0	101.4	5060.2	110205
159	"09:15:36"	1191.5	0	3	20	1.12	481.2	37.70	0.08096	991	88.40	-506.01	78.05	30.26	0.19944	0.0038213	0	0	0	991	71.6	32.53	482.05	37.709	32.45	0	101.4	5060.1	110205
160	"09:15:38"	1193.5	0	3	20	1.21	481.6	37.71	0.08737	991	88.43	-506.03	78.12	30.27	0.21561	0.0033687	0	0	0	991	71.6	32.53	482.62	37.740	32.45	0	101.4	5060.3	110205
161	"09:15:40"	1195.5	0	3	20	1.07	482.0	37.72	0.07712	991	88.39	-506.02	78.07	30.27	0.19011	0.0033622	0	0	0	991	71.6	32.54	482.73	37.719	32.45	0	101.4	5060.2	110205
162	"09:15:42"	1197.5	0	3	20	0.967	482.3	37.72	0.06986	991	88.44	-506.02	78.08	30.26	0.17259	0.0022923	0	0	0	991	71.6	32.54	483.12	37.729	32.45	0	101.4	5060.2	110205
163	"09:15:44"	1199.5	0	3	20	0.947	482.7	37.72	0.06845	991	88.42	-506.01	78.05	30.26	0.16968	0.001096	0	0	0	991	71.6	32.54	483.59	37.714	32.45	0	101.4	5060.1	110205
164	"09:15:46"	1201.5	0	3	20	0.938	483.0	37.73	0.06778	991	88.44	-506.02	78.09	30.27	0.1679	0.0013681	0	0	0	991	71.6	32.54	483.84	37.738	32.46	0	101.4	5060.2	110205
165	"09:15:48"	1203.5	0	3	20	1.09	483.4	37.73	0.07911	991	88.46	-506.01	78.12	30.27	0.19609	0.0012984	0	0	0	991	71.6	32.54	484.39	37.755	32.46	0	101.4	5060.1	110205
166	"09:15:50"	1205.5	0	3	20	1.18	483.8	37.73	0.08527	991	88.52	-506.03	78.13	30.26	0.21007	0.003984	0	0	0	991	71.6	32.54	484.70	37.765	32.46	0	101.4	5060.3	110205
167	"09:15:52"	1207.5	0	3	20	0.985	484.1	37.74	0.07118	991	88.45	-506.02	78.09	30.27	0.17457	0.0048871	0	0	0	991	71.6	32.54	485.09	37.746	32.46	0	101.4	5060.2	110205
168	"09:15:54"	1209.5	0	3	20	0.965	484.5	37.75	0.06971	991	88.50	-506.03	78.15	30.27	0.17143	0.0038652	0	0	0	991	71.6	32.55	485.40	37.783	32.46	0	101.4	5060.3	110205
169	"09:15:56"	1211.5	0	3	20	0.944	484.8	37.76	0.06819	991	88.51	-506.03	78.13	30.27	0.16781	0.0035261	0	0	0	991	71.6	32.55	485.45	37.771	32.46	0	101.4	5060.3	110205
170	"09:15:58"	1213.5	0	3	20	0.868	485.1	37.77	0.06268	991	88.52	-506.02	78.14	30.27	0.15454	0.0026695	0	0	0	991	71.6	32.55	485.78	37.779	32.46	0	101.4	5060.2	110205
171	"09:16:00"	1215.5	0	3	20	0.92	485.4	37.77	0.06646	991	88.54	-506.03	78.15	30.27	0.16356	0.0034518	0	0	0	991	71.6	32.55	486.33	37.790	32.47	0	101.4	5060.3	110205
172	"09:16:02"	1217.5	0	3	20	1.01	485.8	37.78	0.07284	991	88.55	-506.02	78.13	30.26	0.17902	0.0042338	0	0	0	991	71.6	32.55	486.65	37.781	32.47	0	101.4	5060.2	110205
173	"09:16:04"	1219.5	0	3	20	0.911	486.1	37.79	0.0658	991	88.57	-506.02	78.12	30.26	0.16221	0.0028317	0	0	0	991	71.6	32.55	486.81	37.780	32.47	0	101.4	5060.2	110205
174	"09:16:06"	1221.5	0	3	20	0.981	486.5	37.79	0.07091	991	88.63	-506.03	78.15	30.26	0.17557	0.0015344	0	0	0	991	71.6	32.55	487.61	37.798	32.47	0	101.4	5060.3	110205
175	"09:16:08"	1223.5	0	3	20	1.07	486.9	37.79	0.0775	991	88.58	-506.02	78.16	30.27	0.19212	0.0012289	0	0	0	991	71.6	32.55	487.85	37.803	32.47	0	101.4	5060.2	110205
176	"09:16:10"	1225.5	0	3	20	1.1	487.2	37.80	0.07943	991	88.54	-506.03	78.14	30.28	0.19674	0.001597	0	0	0	991	71.6	32.56	488.11	37.802	32.47	0	101.4	5060.3	110205
177	"09:16:12"	1227.5	0	3	20	1.18	487.6	37.80	0.08504	991	88.52	-506.02	78.14	30.28	0.21045	0.0020725	0	0	0	991	71.6	32.56	488.42	37.800	32.47	0	101.4	5060.2	110205
178	"09:16:14"	1229.5	0	3	20	1.02	488.0	37.80	0.07351	991	88.56	-506.02	78.17	30.28	0.18121	0.0031971	0	0	0	991	71.6	32.56	488.68	37.822	32.48	0	101.4	5060.2	110205
179	"09:16:16"	1231.5	0	3	20	0.811	488.3	37.81	0.05858	991	88.63	-506.02	78.23	30.28	0.14367	0.0039671	0	0	0	991	71.6	32.56	489.18	37.851	32.48	0	101.4	5060.2	110205
180	"09:16:18"	1233.5	0	3	20	0.867	488.6	37.82	0.06265	991	88.59	-506.01	78.21	30.28	0.15319	0.0051722	0	0	0	991	71.6	32.56	489.62	37.841	32.48	0	101.4	5060.1	110205
181	"09:16:20"	1235.5	0	3	20	1.06	489.0	37.83	0.07643	991	88.58	-506.04	78.16	30.28	0.18755	0.005	0	0	0	991	71.6	32.57	489.93	37.827	32.48	0	101.4	5060.4	110205
182	"09:16:22"	1237.5	0	3	20	1.08	489.3	37.84	0.07832	991	88.67	-506.03	78.21	30.27	0.19337	0.0027915	0	0	0	991	71.6	32.57	490.41	37.851	32.48	0	101.4	5060.3	110205
183	"09:16:24"	1239.5	0	3	20	1.02	489.7	37.84	0.07351	991	88.66	-506.04	78.23	30.28	0.18195	0.0017087	0	0	0	991	71.6	32.57	490.62	37.863	32.48	0	101.4	5060.4	110205
184	"09:16:26"	1241.5	0	3	20	0.959	490.0	37.85	0.06931	991	88.68	-506.02	78.23	30.28	0.17153	0.0016609	0	0	0	991	71.6	32.57	491.13	37.858	32.48	0	101.4	5060.2	110205
185	"09:16:28"	1243.5	0	3	20	0.941	490.4	37.85	0.06799	991	88.72	-506.03	78.24	30.28	0.16723	0.003634	0	0	0	991	71.6	32.57	491.43	37.879	32.49	0	101.4	5060.3	110205
186	"09:16:30"	1245.5	0	3	20	0.979	490.7	37.86	0.07075	991	88.66	-506.01	78.25	30.29	0.17354	0.0047427	0	0	0	991	71.6	32.57	491.53	37.884	32.49	0	101.4	5060.1	110205
187	"09:16:32"	1247.5	0	3	20	0.934	491.1	37.87	0.06748	991	88.67	-506.02	78.27	30.29	0.16598	0.003664	0	0	0	991	71.6	32.58	491.88	37.894	32.49	0	101.4	5060.2	110205
188	"09:16:34"	1249.5	0	3	20	0.815	491.4	37.87	0.05891	991	88.67	-506.03	78.24	30.29	0.14523	0.0025271	0	0	0	991	71.6	32.58	492.34	37.887	32.49	0	101.4	5060.3	110205
189	"09:16:36"	1251.5	0	3	20	0.885	491.7	37.88	0.06394	991	88.67	-506.02	78.24	30.29	0.15865	0.00072113	0	0	0	991	71.6	32.58	492.52	37.890	32.49	0	101.4	5060.2	110205
190	"09:16:38"	1253.5	0	3	20	0.995	492.0	37.88	0.07188	991	88.65	-506.03	78.25	30.30	0.1784	0.00077125	0	0	0	991	71.6	32.58	493.25	37.899	32.49	0	101.4	5060.3	110205
191	"09:16:40"	1255.5	0	3	20	1.1	492.4	37.89	0.07959	991	88.65	-506.03	78.26	30.30	0.19636	0.0031201	0	0	0	991	71.6	32.58	493.30	37.903	32.49	0	101.4	5060.3	110205
192	"09:16:42"	1257.5	0	3	20	1.06	492.8	37.89	0.07686	991	88.63	-506.02	78.22	30.30	0.18957	0.0031327	0	0	0	991	71.6	32.58	493.86	37.891	32.50	0	101.4	5060.2	110205
193	"09:16:44"	1259.5	0	3	20	1.02	493.2	37.90	0.07377	991	88.78	-506.03	78.34	30.30	0.18227	0.0023975	0	0	0	991	71.6	32.59	494.02	37.948	32.50	0	101.4	5060.3	110205
194	"09:16:46"	1261.5	0	3	20	0.949	493.5	37.91	0.06859	991	88.75	-506.01	78.27	30.29	0.16851	0.0040587	0	0	0	991	71.6	32.59	494.57	37.919	32.50	0	101.4	5060.1	110205
195	"09:16:48"	1263.5	0	3	20	1.03	493.9	37.91	0.0747	991	88.76	-506.02	78.27	30.29	0.18415	0.0031854	0	0	0	991	71.6	32.59	495.07	37.924	32.50	0	101.4	5060.2	110205
196	"09:16:50"	1265.5	0	3	20	1.07	494.2	37.92	0.07721	991	88.70	-506.02	78.29	30.31	0.19022	0.0035633	0	0	0	991	71.6	32.59	495.28	37.936	32.50	0	101.4	5060.2	110205
197	"09:16:52"	1267.5	0	3	20	1.05	494.6	37.92	0.07568	991	88.65	-506.03	78.26	30.31	0.1868	0.0028113	0	0	0	991	71.6	32.59	495.39	37.925	32.50	0	101.4	5060.3	110205
198	"09:16:54"	1269.5	0	3	20	0.963	495.0	37.93	0.06956	991	88.69	-506.01	78.29	30.31	0.17277	0.00048384	0	0	0	991	71.6	32.59	495.75	37.941	32.50	0	101.4	5060.1	110205
199	"09:16:56"	1271.5	0	3	20	0.807	495.3	37.93	0.05831	991	88.72	-506.01	78.28	30.30	0.14326	0.0034297	0	0	0	991	71.6	32.59	495.99	37.938	32.51	0	101.4	5060.1	110205
200	"09:16:58"	1273.5	0	3	20	0.84	495.6	37.94	0.06069	991	88.74	-506.03	78.29	30.30	0.14994	0.0019864	0	0	0	991	71.6	32.60	496.39	37.947	32.51	0	101.4	5060.3	110205
201	"09:17:00"	1275.5	0	3	20	0.86	495.9	37.94	0.06216	991	88.73	-506.02	78.28	30.30	0.15421	0.00079039	0	0	0	991	71.6	32.60	496.73	37.947	32.51	0	101.4	5060.2	110205
202	"09:17:02"	1277.5	0	3	20	0.954	496.2	37.94	0.06895	991	88.82	-506.02	78.34	30.30	0.17066	0.0016321	0	0	0	991	71.6	32.60	497.13	37.980	32.51	0	101.4	5060.2	110205
203	"09:17:04"	1279.5	0	3	20	0.931	496.6	37.95	0.06725	991	88.74	-506.03	78.32	30.31	0.16567	0.0031439	0	0	0	991	71.6	32.60	497.51	37.969	32.51	0	101.4	5060.3	110205
204	"09:17:06"	1281.5	0	3	20	1.04	496.9	37.95	0.075	991	88.77	-506.02	78.33	30.31	0.18373	0.0054675	0	0	0	991	71.6	32.60	497.86	37.983	32.51	0	101.4	5060.2	110205
205	"09:17:08"	1283.5	0	4	200	0.952	500.0	37.96	0.06876	991	88.85	-506.02	78.36	30.30	0.17918	0.0049731	-0.0001648	0.15116	0	991	71.6	32.60	498.05	37.999	32.51	0	101.4	5060.2	110205
206	"09:18:09"	1344.5	0	3	8	692	709.1	37.39	49.97	991	86.91	-506.01	75.26	30.01	124.37	-0.27659	0	0	0	991	71.6	32.64	920.98	36.548	32.54	0	101.4	5060.1	110205
207	"09:18:11"	1346.5	0	3	12	419	769.2	37.04	30.25	991	86.08	-506.02	74.40	29.97	75.427	-0.32406	0	0	0	991	71.6	32.65	835.45	36.108	32.53	0	101.4	5060.2	110205
208	"09:18:13"	1348.5	0	3	16	195	776.8	36.76	14.09	991	84.03	-506.02	72.31	29.88	35.234	-0.2974	0	0	0	991	71.6	32.65	705.31	35.077	32.52	0	101.4	5060.2	110205
209	"09:18:15"	1350.5	0	3	20	41.4	755.8	36.41	2.994	991	82.34	-506.02	72.67	30.32	7.6996	-0.32076	0	0	0	991	71.6	32.65	658.43	35.252	32.52	0	101.4	5060.2	110205
210	"09:18:17"	1352.5	0	3	20	-152	771.0	35.96	-10.99	991	83.48	-506.02	73.35	30.25	-27.144	-0.23435	0	0	0	991	71.6	32.65	659.73	35.599	32.53	0	101.4	5060.2	110205
211	"09:18:19"	1354.5	0	3	20	-166	735.9	35.67	-12	991	84.10	-506.03	73.74	30.23	-29.78	-0.088958	0	0	0	991	71.6	32.65	659.17	35.811	32.54	0	101.4	5060.3	110205
212	"09:18:21"	1356.5	0	3	20	-82.1	689.7	35.57	-5.929	991	84.36	-506.03	73.94	30.23	-14.765	0.027442	0	0	0	991	71.6	32.65	656.71	35.925	32.55	0	101.4	5060.3	110205
213	"09:18:23"	1358.5	0	3	20	-9.63	661.0	35.58	-0.6956	991	84.47	-506.02	74.09	30.24	-1.8108	0.11792	0	0	0	991	71.6	32.65	654.70	36.000	32.55	0	101.4	5060.2	110205
214	"09:18:25"	1360.5	0	3	20	-3.68	657.4	35.78	-0.2657	991	84.56	-506.02	74.19	30.25	-0.71258	0.07588	0	0	0	991	71.6	32.65	653.10	36.058	32.56	0	101.4	5060.2	110205
215	"09:18:25"	1361.0	0	4	33	-208	500.0	35.78	-15.02	991	84.56	-506.03	74.22	30.26	-0.71258	0.07588	0.089652	-59.849	0	991	71.6	32.65	652.62	36.077	32.56	0	101.4	5060.3	110205
