"OPEN 5.3.2"
"Sat Jun  1 2019 13:20:47"
"Unit="	"PSC-895"
"ComputeList="	"/User/Configs/Comps/Soil Efflux Eqns.LPL"
"BLCTable="	"/Sys/Lib/StdBLCTable"
"LightSource="	"Sun+Sky"	1	0.19
"LogFormat="	"/User/Configs/LogFormats/Soil Efflux Log Fmt"
"LogCodes="	-35	-21	-36	-104	310	311	320	302	303	306	304	321	322	323	324	300	301	330	331	305	307	308	-8	-2	-5	-9	-13	-11	-61	-23
"PromptList="	"/User/Configs/Prompts/Soil Efflux Prompts"
"Stability= (CO2S 15s SLP<1)(H2OS 15s SLP<1)(Flow 15s SLP<1)"
"13:20:48 "
$STARTOFDATA$
"Obs"	"HHMMSS"	"FTime"	"Plot#"	"Mode"	"Smpls"	"EFFLUX"	"C2avg"	"Wavg"	"dc'/dt"	"Vtot"	"RHcmbr%"	"Tsoil_C"	"RHirga%"	"Tsch_C"	"dC/dt"	"dW/dt"	"R(C)m"	"R(C)b"	"InsDpth"	"Vbase"	"Area"	"TBlk"	"CO2S"	"H2OS"	"Tair"	"PARo"	"Press"	"uc_21_mV"	"Status"
1	"13:26:47"	370.5	0	3	8	0.574	642.4	23.94	0.04146	991	73.69	-506.06	55.66	25.51	0.10092	0.0015998	0	0	0	991	71.6	31.24	642.75	23.940	30.32	0	100.9	5060.6	110205
2	"13:26:49"	372.5	0	3	12	0.644	642.5	23.94	0.04654	991	73.71	-506.09	55.67	25.51	0.11313	0.002037	0	0	0	991	71.6	31.24	642.97	23.950	30.33	0	100.9	5060.9	110205
3	"13:26:51"	374.5	0	3	16	0.718	642.7	23.94	0.05185	991	73.72	-506.08	55.68	25.52	0.12506	0.0037354	0	0	0	991	71.6	31.24	643.33	23.956	30.33	0	100.9	5060.8	110205
4	"13:26:53"	376.5	0	3	20	0.741	642.8	23.95	0.05355	991	73.71	-506.07	55.69	25.52	0.12914	0.0039166	0	0	0	991	71.6	31.23	643.36	23.958	30.33	0	100.9	5060.7	110205
5	"13:26:55"	378.5	0	3	20	0.684	643.0	23.95	0.0494	991	73.74	-506.08	55.71	25.52	0.11879	0.0041142	0	0	0	991	71.6	31.24	643.23	23.965	30.33	0	100.9	5060.8	110205
6	"13:26:57"	380.5	0	3	20	0.543	643.2	23.96	0.03922	991	73.79	-506.07	55.73	25.51	0.093414	0.0046114	0	0	0	991	71.6	31.24	643.68	23.974	30.33	0	100.9	5060.7	110205
7	"13:26:59"	382.5	0	3	20	0.631	643.5	23.97	0.04561	991	73.88	-506.06	55.79	25.51	0.1098	0.0036059	0	0	0	991	71.6	31.23	644.18	24.000	30.33	0	100.9	5060.6	110205
8	"13:27:01"	384.5	0	3	20	0.72	643.7	23.98	0.05202	991	73.90	-506.07	55.78	25.51	0.12515	0.0042449	0	0	0	991	71.6	31.24	644.47	23.999	30.33	0	100.9	5060.7	110205
9	"13:27:03"	386.5	0	3	20	0.882	644.0	23.98	0.06376	991	73.92	-506.07	55.79	25.50	0.1542	0.0039673	0	0	0	991	71.6	31.23	644.69	24.000	30.33	0	100.9	5060.7	110205
10	"13:27:05"	388.5	0	3	20	0.839	644.2	23.99	0.06061	991	73.98	-506.08	55.83	25.50	0.14643	0.0040191	0	0	0	991	71.6	31.23	644.63	24.019	30.33	0	100.9	5060.8	110205
11	"13:27:07"	390.5	0	3	20	0.658	644.5	24.00	0.04758	991	73.98	-506.08	55.86	25.51	0.11391	0.0046981	0	0	0	991	71.6	31.23	645.12	24.031	30.33	0	100.9	5060.8	110205
12	"13:27:09"	392.5	0	3	20	0.649	644.7	24.01	0.04687	991	73.99	-506.09	55.88	25.51	0.11232	0.0044868	0	0	0	991	71.6	31.23	645.33	24.041	30.33	0	100.9	5060.9	110205
13	"13:27:11"	394.5	0	3	20	0.655	644.9	24.02	0.04736	991	73.99	-506.08	55.86	25.51	0.11294	0.0053504	0	0	0	991	71.6	31.23	645.69	24.028	30.33	0	100.9	5060.8	110205
14	"13:27:13"	396.5	0	3	20	0.714	645.2	24.03	0.05157	991	74.06	-506.08	55.94	25.51	0.12392	0.0044249	0	0	0	991	71.6	31.23	645.57	24.060	30.32	0	100.9	5060.8	110205
15	"13:27:15"	398.5	0	3	20	0.721	645.4	24.04	0.05209	991	74.09	-506.07	55.95	25.51	0.1252	0.0044247	0	0	0	991	71.6	31.23	646.19	24.068	30.32	0	100.9	5060.7	110205
16	"13:27:17"	400.5	0	3	20	0.71	645.7	24.05	0.05128	991	74.18	-506.07	56.00	25.51	0.12331	0.0042509	0	0	0	991	71.6	31.23	646.14	24.090	30.32	0	100.9	5060.7	110205
17	"13:27:19"	402.5	0	3	20	0.632	645.9	24.06	0.04569	991	74.12	-506.09	55.95	25.50	0.10922	0.0047556	0	0	0	991	71.6	31.23	646.50	24.068	30.32	0	100.9	5060.9	110205
18	"13:27:21"	404.5	0	3	20	0.598	646.1	24.07	0.04322	991	74.14	-506.07	55.98	25.51	0.10302	0.0049695	0	0	0	991	71.6	31.23	646.38	24.079	30.32	0	100.9	5060.7	110205
19	"13:27:23"	406.5	0	3	20	0.587	646.3	24.08	0.0424	991	74.26	-506.07	56.05	25.50	0.10162	0.0040366	0	0	0	991	71.6	31.23	646.70	24.109	30.32	0	100.9	5060.7	110205
20	"13:27:25"	408.5	0	3	20	0.574	646.5	24.08	0.04149	991	74.25	-506.07	56.06	25.50	0.099486	0.0038733	0	0	0	991	71.6	31.24	647.11	24.110	30.32	0	100.9	5060.7	110205
21	"13:27:27"	410.5	0	3	20	0.6	646.7	24.09	0.04333	991	74.21	-506.08	56.04	25.51	0.10443	0.0032409	0	0	0	991	71.6	31.24	647.02	24.104	30.32	0	100.9	5060.8	110205
22	"13:27:29"	412.5	0	3	20	0.634	646.9	24.10	0.04582	991	74.24	-506.09	56.07	25.51	0.11094	0.0026577	0	0	0	991	71.6	31.24	647.67	24.118	30.32	0	100.9	5060.9	110205
23	"13:27:31"	414.5	0	3	20	0.731	647.2	24.10	0.05285	991	74.29	-506.07	56.10	25.51	0.12793	0.0030924	0	0	0	991	71.6	31.23	647.85	24.131	30.32	0	100.9	5060.7	110205
24	"13:27:33"	416.5	0	3	20	0.699	647.4	24.11	0.05048	991	74.25	-506.07	56.07	25.51	0.12207	0.0031591	0	0	0	991	71.6	31.23	647.82	24.121	30.33	0	100.9	5060.7	110205
25	"13:27:35"	418.5	0	3	20	0.657	647.6	24.12	0.04746	991	74.26	-506.07	56.09	25.52	0.11468	0.0030863	0	0	0	991	71.6	31.23	648.12	24.131	30.33	0	100.9	5060.7	110205
26	"13:27:37"	420.5	0	3	20	0.604	647.8	24.12	0.04367	991	74.30	-506.07	56.14	25.52	0.1043	0.004685	0	0	0	991	71.6	31.23	648.58	24.150	30.33	0	100.9	5060.7	110205
27	"13:27:39"	422.5	0	3	20	0.565	648.1	24.13	0.04086	991	74.34	-506.08	56.14	25.51	0.097665	0.004258	0	0	0	991	71.6	31.24	648.59	24.149	30.32	0	100.9	5060.8	110205
28	"13:27:41"	424.5	0	3	20	0.602	648.2	24.14	0.04349	991	74.35	-506.07	56.16	25.51	0.10432	0.00399	0	0	0	991	71.6	31.24	649.02	24.157	30.32	0	100.9	5060.7	110205
29	"13:27:43"	426.5	0	3	20	0.724	648.5	24.15	0.05231	991	74.43	-506.07	56.21	25.51	0.12587	0.004206	0	0	0	991	71.6	31.24	649.13	24.179	30.32	0	100.9	5060.7	110205
30	"13:27:45"	428.5	0	3	20	0.781	648.8	24.16	0.05641	991	74.42	-506.07	56.21	25.51	0.13639	0.0035496	0	0	0	991	71.6	31.24	649.55	24.180	30.32	0	100.9	5060.7	110205
31	"13:27:47"	430.5	0	3	20	0.791	649.0	24.17	0.05714	991	74.52	-506.07	56.28	25.51	0.13743	0.0046918	0	0	0	991	71.6	31.24	649.69	24.210	30.33	0	100.9	5060.7	110205
32	"13:27:49"	432.5	0	3	20	0.789	649.3	24.18	0.05699	991	74.52	-506.07	56.25	25.50	0.13593	0.0063855	0	0	0	991	71.6	31.24	649.81	24.199	30.33	0	100.9	5060.7	110205
33	"13:27:51"	434.5	0	3	20	0.697	649.6	24.19	0.05037	991	74.53	-506.08	56.26	25.51	0.12056	0.0050141	0	0	0	991	71.6	31.24	649.98	24.204	30.33	0	100.9	5060.8	110205
34	"13:27:53"	436.5	0	3	20	0.654	649.8	24.19	0.04726	991	74.57	-506.07	56.28	25.50	0.11432	0.0028933	0	0	0	991	71.6	31.24	650.46	24.213	30.33	0	100.9	5060.7	110205
35	"13:27:55"	438.5	0	3	20	0.657	650.0	24.20	0.04749	991	74.57	-506.06	56.30	25.50	0.11496	0.002754	0	0	0	991	71.6	31.24	650.62	24.217	30.32	0	100.9	5060.6	110205
36	"13:27:57"	440.5	0	3	20	0.602	650.2	24.21	0.04351	991	74.58	-506.07	56.30	25.51	0.10522	0.0027034	0	0	0	991	71.6	31.24	650.72	24.219	30.33	0	100.9	5060.7	110205
37	"13:27:59"	442.5	0	3	20	0.605	650.4	24.21	0.04374	991	74.65	-506.07	56.34	25.50	0.10457	0.0045276	0	0	0	991	71.6	31.24	651.02	24.238	30.33	0	100.9	5060.7	110205
38	"13:28:01"	444.5	0	3	20	0.716	650.7	24.23	0.05176	991	74.70	-506.07	56.37	25.50	0.12317	0.0061957	0	0	0	991	71.6	31.23	651.17	24.254	30.33	0	100.9	5060.7	110205
39	"13:28:03"	446.5	0	3	20	0.664	650.9	24.24	0.04795	991	74.66	-506.06	56.38	25.51	0.11461	0.005003	0	0	0	991	71.6	31.24	651.54	24.255	30.32	0	100.9	5060.6	110205
40	"13:28:05"	448.5	0	3	20	0.762	651.2	24.24	0.05505	991	74.64	-506.06	56.39	25.52	0.13253	0.0043338	0	0	0	991	71.6	31.24	651.93	24.262	30.33	0	100.9	5060.6	110205
41	"13:28:07"	450.5	0	3	20	0.798	651.4	24.25	0.05766	991	74.76	-506.08	56.47	25.52	0.13891	0.0043783	0	0	0	991	71.6	31.24	652.02	24.295	30.33	0	100.9	5060.8	110205
42	"13:28:09"	452.5	0	3	20	0.675	651.7	24.26	0.04874	991	74.70	-506.08	56.41	25.51	0.11696	0.0043667	0	0	0	991	71.6	31.24	652.10	24.269	30.33	0	100.9	5060.8	110205
43	"13:28:11"	454.5	0	3	20	0.626	651.9	24.27	0.0452	991	74.72	-506.08	56.43	25.51	0.10826	0.0043816	0	0	0	991	71.6	31.23	652.48	24.277	30.33	0	100.9	5060.8	110205
44	"13:28:13"	456.5	0	3	20	0.683	652.2	24.28	0.04937	991	74.79	-506.08	56.48	25.51	0.11902	0.0036159	0	0	0	991	71.6	31.23	652.72	24.301	30.33	0	100.9	5060.8	110205
45	"13:28:15"	458.5	0	3	20	0.685	652.4	24.28	0.04951	991	74.79	-506.08	56.48	25.51	0.12038	0.0021009	0	0	0	991	71.6	31.23	652.93	24.302	30.33	0	100.9	5060.8	110205
46	"13:28:17"	460.5	0	3	20	0.703	652.6	24.29	0.05078	991	74.76	-506.07	56.49	25.52	0.12291	0.0029919	0	0	0	991	71.6	31.23	653.36	24.303	30.33	0	100.9	5060.7	110205
47	"13:28:19"	462.5	0	3	20	0.824	652.9	24.30	0.05952	991	74.81	-506.07	56.54	25.52	0.14279	0.0053957	0	0	0	991	71.6	31.23	653.67	24.321	30.33	0	100.9	5060.7	110205
48	"13:28:21"	464.5	0	3	20	0.724	653.2	24.31	0.05228	991	74.85	-506.07	56.56	25.52	0.12505	0.0052834	0	0	0	991	71.6	31.23	653.81	24.328	30.32	0	100.9	5060.7	110205
49	"13:28:23"	466.5	0	3	20	0.721	653.4	24.31	0.05212	991	74.81	-506.07	56.53	25.52	0.12543	0.0041583	0	0	0	991	71.6	31.23	654.03	24.317	30.32	0	100.9	5060.7	110205
50	"13:28:25"	468.5	0	3	20	0.62	653.6	24.32	0.04481	991	74.90	-506.07	56.60	25.52	0.10827	0.0029109	0	0	0	991	71.6	31.23	654.05	24.348	30.32	0	100.9	5060.7	110205
51	"13:28:27"	470.5	0	4	200	0.679	650.0	24.33	0.04909	991	74.89	-506.07	56.61	25.53	0.074339	0.003321	0.0001148	-0.02553	0	991	71.6	31.23	654.54	24.351	30.32	0	100.9	5060.7	110205
52	"13:33:52"	795.0	0	3	8	0.864	642.3	25.07	0.06241	991	76.96	-506.08	58.26	25.56	0.14935	0.0063644	0	0	0	991	71.6	31.23	642.46	25.072	30.33	0	100.9	5060.8	110205
53	"13:33:54"	797.0	0	3	12	0.823	642.4	25.07	0.05947	991	77.04	-506.08	58.31	25.55	0.14297	0.005069	0	0	0	991	71.6	31.23	642.55	25.092	30.33	0	100.9	5060.8	110205
54	"13:33:56"	799.0	0	3	16	0.522	642.5	25.08	0.03774	991	77.12	-506.08	58.33	25.54	0.089334	0.0053167	0	0	0	991	71.6	31.23	642.82	25.103	30.33	0	100.9	5060.8	110205
55	"13:33:58"	801.0	0	3	20	0.584	642.6	25.08	0.0422	991	77.07	-506.07	58.34	25.55	0.1007	0.004731	0	0	0	991	71.6	31.23	643.21	25.103	30.33	0	100.9	5060.7	110205
56	"13:34:00"	803.0	0	3	20	0.625	642.8	25.09	0.04513	991	77.13	-506.08	58.40	25.56	0.10796	0.0046472	0	0	0	991	71.6	31.23	643.85	25.130	30.33	0	100.9	5060.8	110205
57	"13:34:02"	805.0	0	3	20	0.815	643.1	25.10	0.05891	991	77.06	-506.07	58.34	25.56	0.14166	0.0049429	0	0	0	991	71.6	31.24	643.52	25.104	30.33	0	100.9	5060.7	110205
58	"13:34:04"	807.0	0	3	20	0.803	643.3	25.11	0.05802	991	77.11	-506.06	58.37	25.56	0.14092	0.0027537	0	0	0	991	71.6	31.24	644.01	25.117	30.33	0	100.9	5060.6	110205
59	"13:34:06"	809.0	0	3	20	0.628	643.6	25.11	0.04541	991	77.15	-506.08	58.38	25.55	0.11048	0.0018518	0	0	0	991	71.6	31.24	644.18	25.122	30.33	0	100.9	5060.8	110205
60	"13:34:08"	811.0	0	3	20	0.638	643.8	25.12	0.0461	991	77.21	-506.07	58.41	25.55	0.11224	0.0017777	0	0	0	991	71.6	31.24	644.39	25.137	30.33	0	100.9	5060.7	110205
61	"13:34:10"	813.0	0	3	20	0.636	644.1	25.12	0.04595	991	77.18	-506.07	58.40	25.55	0.11147	0.0023943	0	0	0	991	71.6	31.24	644.68	25.135	30.33	0	100.9	5060.7	110205
62	"13:34:12"	815.0	0	3	20	0.832	644.3	25.13	0.06009	991	77.25	-506.07	58.45	25.55	0.145	0.0042569	0	0	0	991	71.6	31.24	645.12	25.156	30.33	0	100.9	5060.7	110205
63	"13:34:14"	817.0	0	3	20	0.833	644.6	25.14	0.06018	991	77.25	-506.08	58.43	25.55	0.14542	0.0039647	0	0	0	991	71.6	31.24	644.97	25.149	30.33	0	100.9	5060.8	110205
64	"13:34:16"	819.0	0	3	20	0.746	644.8	25.14	0.05392	991	77.33	-506.08	58.49	25.54	0.13053	0.0032048	0	0	0	991	71.6	31.24	645.34	25.172	30.33	0	100.9	5060.8	110205
65	"13:34:18"	821.0	0	3	20	0.651	645.1	25.15	0.04702	991	77.29	-506.08	58.47	25.55	0.1135	0.0032682	0	0	0	991	71.6	31.23	645.63	25.165	30.33	0	100.9	5060.8	110205
66	"13:34:20"	823.0	0	3	20	0.656	645.3	25.16	0.04742	991	77.27	-506.08	58.47	25.55	0.11452	0.0032202	0	0	0	991	71.6	31.24	646.26	25.164	30.33	0	100.9	5060.8	110205
67	"13:34:22"	825.0	0	3	20	0.762	645.6	25.17	0.05505	991	77.34	-506.08	58.53	25.56	0.13293	0.0037802	0	0	0	991	71.6	31.24	646.02	25.191	30.33	0	100.9	5060.8	110205
68	"13:34:24"	827.0	0	3	20	0.778	645.8	25.17	0.05619	991	77.34	-506.07	58.55	25.56	0.13526	0.0044984	0	0	0	991	71.6	31.24	646.32	25.197	30.33	0	100.9	5060.7	110205
69	"13:34:26"	829.0	0	3	20	0.668	646.0	25.18	0.04826	991	77.34	-506.07	58.53	25.55	0.11606	0.0040141	0	0	0	991	71.6	31.24	646.72	25.190	30.33	0	100.9	5060.7	110205
70	"13:34:28"	831.0	0	3	20	0.625	646.3	25.19	0.04515	991	77.33	-506.08	58.51	25.55	0.10897	0.0031821	0	0	0	991	71.6	31.24	646.68	25.186	30.33	0	100.9	5060.8	110205
71	"13:34:30"	833.0	0	3	20	0.61	646.5	25.19	0.0441	991	77.38	-506.07	58.57	25.56	0.10704	0.002187	0	0	0	991	71.6	31.24	646.98	25.212	30.33	0	100.9	5060.7	110205
72	"13:34:32"	835.0	0	3	20	0.748	646.7	25.20	0.05401	991	77.46	-506.08	58.60	25.55	0.1312	0.0025313	0	0	0	991	71.6	31.24	647.29	25.221	30.33	0	100.9	5060.8	110205
73	"13:34:34"	837.0	0	3	20	0.765	647.0	25.21	0.0553	991	77.55	-506.08	58.60	25.53	0.13324	0.004222	0	0	0	991	71.6	31.24	647.65	25.225	30.33	0	100.9	5060.8	110205
74	"13:34:36"	839.0	0	3	20	0.804	647.3	25.21	0.05806	991	77.57	-506.08	58.65	25.54	0.13977	0.004614	0	0	0	991	71.6	31.24	648.02	25.248	30.34	0	100.9	5060.8	110205
75	"13:34:38"	841.0	0	3	20	0.921	647.5	25.22	0.06657	991	77.51	-506.07	58.66	25.56	0.16026	0.0053014	0	0	0	991	71.6	31.23	648.23	25.247	30.33	0	100.9	5060.7	110205
76	"13:34:40"	843.0	0	3	20	0.844	647.8	25.23	0.06101	991	77.49	-506.07	58.65	25.56	0.14725	0.0042884	0	0	0	991	71.6	31.23	648.46	25.246	30.33	0	100.9	5060.7	110205
77	"13:34:42"	845.0	0	3	20	0.71	648.1	25.24	0.05133	991	77.46	-506.07	58.66	25.57	0.12457	0.0025679	0	0	0	991	71.6	31.23	648.51	25.248	30.33	0	100.9	5060.7	110205
78	"13:34:44"	847.0	0	3	20	0.561	648.3	25.24	0.04057	991	77.51	-506.09	58.70	25.57	0.098065	0.0026054	0	0	0	991	71.6	31.24	648.99	25.267	30.33	0	100.9	5060.9	110205
79	"13:34:46"	849.0	0	3	20	0.667	648.6	25.25	0.04817	991	77.45	-506.06	58.71	25.59	0.11689	0.00243	0	0	0	991	71.6	31.23	649.46	25.275	30.34	0	100.9	5060.6	110205
80	"13:34:48"	851.0	0	3	20	0.701	648.8	25.26	0.05067	991	77.46	-506.06	58.73	25.59	0.12214	0.0037864	0	0	0	991	71.6	31.24	649.20	25.280	30.34	0	100.9	5060.6	110205
81	"13:34:50"	853.0	0	3	20	0.67	649.0	25.27	0.04842	991	77.53	-506.08	58.75	25.58	0.11584	0.0049322	0	0	0	991	71.6	31.24	649.76	25.292	30.34	0	100.9	5060.8	110205
82	"13:34:52"	855.0	0	3	20	0.731	649.3	25.27	0.0528	991	77.71	-506.08	58.74	25.54	0.12708	0.0042166	0	0	0	991	71.6	31.24	650.00	25.287	30.34	0	100.9	5060.8	110205
83	"13:34:54"	857.0	0	3	20	0.748	649.6	25.28	0.05407	991	77.83	-506.07	58.74	25.51	0.1308	0.0032956	0	0	0	991	71.6	31.23	650.19	25.286	30.34	0	100.9	5060.7	110205
84	"13:34:56"	859.0	0	3	20	0.812	649.8	25.29	0.05864	991	77.92	-506.07	58.79	25.51	0.14253	0.0025631	0	0	0	991	71.6	31.23	650.56	25.308	30.34	0	100.9	5060.7	110205
85	"13:34:58"	861.0	0	3	20	0.972	650.1	25.29	0.07024	991	77.87	-506.08	58.80	25.52	0.17062	0.0032377	0	0	0	991	71.6	31.24	650.63	25.312	30.34	0	100.9	5060.8	110205
86	"13:35:00"	863.0	0	3	20	0.846	650.4	25.30	0.06113	991	77.84	-506.07	58.80	25.53	0.14819	0.0032756	0	0	0	991	71.6	31.23	651.21	25.316	30.34	0	100.9	5060.7	110205
87	"13:35:02"	865.0	0	3	20	0.803	650.7	25.31	0.058	991	77.87	-506.07	58.85	25.54	0.13961	0.0045811	0	0	0	991	71.6	31.24	651.41	25.335	30.34	0	100.9	5060.7	110205
88	"13:35:04"	867.0	0	3	20	0.84	651.0	25.32	0.06068	991	77.77	-506.07	58.86	25.56	0.14558	0.0055413	0	0	0	991	71.6	31.24	651.78	25.342	30.34	0	100.9	5060.7	110205
89	"13:35:06"	869.0	0	3	20	0.707	651.3	25.33	0.05105	991	77.58	-506.07	58.83	25.59	0.12277	0.0042454	0	0	0	991	71.6	31.24	652.18	25.329	30.34	0	100.9	5060.7	110205
90	"13:35:08"	871.0	0	3	20	0.909	651.6	25.33	0.06566	991	77.59	-506.08	58.82	25.59	0.15961	0.0029116	0	0	0	991	71.6	31.23	652.41	25.326	30.34	0	100.9	5060.8	110205
91	"13:35:10"	873.0	0	3	20	0.824	651.8	25.34	0.05953	991	77.79	-506.06	58.96	25.59	0.14576	0.0010602	0	0	0	991	71.6	31.23	652.45	25.390	30.34	0	100.9	5060.6	110205
92	"13:35:12"	875.0	0	3	20	0.684	652.1	25.35	0.04941	991	77.75	-506.06	58.93	25.59	0.11883	0.0040987	0	0	0	991	71.6	31.24	652.55	25.373	30.34	0	100.9	5060.6	110205
93	"13:35:14"	877.0	0	3	20	0.683	652.4	25.35	0.04933	991	77.85	-506.06	58.95	25.57	0.11835	0.0045149	0	0	0	991	71.6	31.23	652.96	25.384	30.34	0	100.9	5060.6	110205
94	"13:35:16"	879.0	0	3	20	0.672	652.6	25.36	0.04856	991	77.91	-506.07	58.97	25.57	0.11558	0.005797	0	0	0	991	71.6	31.24	653.23	25.394	30.34	0	100.9	5060.7	110205
95	"13:35:18"	881.0	0	3	20	0.741	652.8	25.37	0.05357	991	77.90	-506.07	58.95	25.56	0.12864	0.0046876	0	0	0	991	71.6	31.23	653.58	25.382	30.34	0	100.9	5060.7	110205
96	"13:35:20"	883.0	0	3	20	0.832	653.1	25.38	0.0601	991	77.82	-506.07	58.97	25.59	0.14684	0.0015318	0	0	0	991	71.6	31.24	653.91	25.394	30.34	0	100.9	5060.7	110205
97	"13:35:22"	885.0	0	3	20	0.759	653.4	25.38	0.05484	991	77.81	-506.07	58.99	25.60	0.13328	0.0024535	0	0	0	991	71.6	31.23	653.84	25.409	30.35	0	100.9	5060.7	110205
98	"13:35:24"	887.0	0	3	20	0.612	653.6	25.39	0.04422	991	77.78	-506.08	59.00	25.60	0.10762	0.0017774	0	0	0	991	71.6	31.24	654.38	25.408	30.34	0	100.9	5060.8	110205
99	"13:35:26"	889.0	0	3	20	0.711	653.9	25.40	0.05139	991	77.78	-506.08	58.95	25.59	0.1248	0.0024368	0	0	0	991	71.6	31.23	654.64	25.390	30.35	0	100.9	5060.8	110205
100	"13:35:28"	891.0	0	3	20	0.646	654.1	25.40	0.0467	991	77.90	-506.08	59.03	25.59	0.11235	0.0037893	0	0	0	991	71.6	31.24	654.78	25.420	30.34	0	100.9	5060.8	110205
101	"13:35:30"	893.0	0	3	20	0.681	654.3	25.41	0.04922	991	78.04	-506.08	59.10	25.58	0.11799	0.0046245	0	0	0	991	71.6	31.23	655.17	25.452	30.34	0	100.9	5060.8	110205
102	"13:35:32"	895.0	0	4	200	0.737	650.0	25.42	0.05327	991	78.12	-506.07	59.07	25.55	0.13356	0.0048395	0.00035199	-0.17552	0	991	71.6	31.24	655.32	25.439	30.34	0	100.9	5060.7	110205
103	"13:40:59"	1222.0	0	3	8	0.711	642.2	25.95	0.05134	991	79.59	-506.09	60.28	25.58	0.12632	2.307E-05	0	0	0	991	71.6	31.23	642.67	25.961	30.34	0	100.9	5060.9	110205
104	"13:41:01"	1224.0	0	3	12	0.951	642.4	25.96	0.0687	991	79.53	-506.07	60.26	25.59	0.167	0.0031023	0	0	0	991	71.6	31.23	642.89	25.953	30.34	0	100.9	5060.7	110205
105	"13:41:03"	1226.0	0	3	16	0.864	642.5	25.96	0.06239	991	79.56	-506.07	60.32	25.59	0.15214	0.0020997	0	0	0	991	71.6	31.23	643.02	25.976	30.34	0	100.9	5060.7	110205
106	"13:41:05"	1228.0	0	3	20	0.735	642.6	25.96	0.05309	991	79.55	-506.07	60.31	25.59	0.12887	0.0027004	0	0	0	991	71.6	31.24	643.39	25.973	30.34	0	100.9	5060.7	110205
107	"13:41:07"	1230.0	0	3	20	0.666	642.9	25.97	0.04815	991	79.60	-506.08	60.35	25.59	0.11626	0.0033726	0	0	0	991	71.6	31.24	643.46	25.992	30.34	0	100.9	5060.8	110205
108	"13:41:09"	1232.0	0	3	20	0.595	643.1	25.98	0.04297	991	79.60	-506.08	60.33	25.59	0.10309	0.0039988	0	0	0	991	71.6	31.24	643.74	25.980	30.34	0	100.9	5060.8	110205
109	"13:41:11"	1234.0	0	3	20	0.628	643.3	25.98	0.0454	991	79.63	-506.07	60.35	25.59	0.10909	0.0039773	0	0	0	991	71.6	31.24	643.85	25.992	30.34	0	100.9	5060.7	110205
110	"13:41:13"	1236.0	0	3	20	0.696	643.5	25.99	0.05028	991	79.56	-506.08	60.36	25.61	0.12175	0.0029987	0	0	0	991	71.6	31.23	644.09	25.996	30.34	0	100.9	5060.8	110205
111	"13:41:15"	1238.0	0	3	20	0.652	643.8	26.00	0.04712	991	79.60	-506.07	60.36	25.60	0.11401	0.002942	0	0	0	991	71.6	31.23	644.39	25.995	30.34	0	100.9	5060.7	110205
112	"13:41:17"	1240.0	0	3	20	0.66	644.0	26.00	0.04771	991	79.66	-506.06	60.39	25.59	0.11643	0.0014684	0	0	0	991	71.6	31.23	644.61	26.006	30.34	0	100.9	5060.6	110205
113	"13:41:19"	1242.0	0	3	20	0.81	644.3	26.00	0.05855	991	79.74	-506.09	60.43	25.59	0.14283	0.0018555	0	0	0	991	71.6	31.23	645.26	26.024	30.34	0	100.9	5060.9	110205
114	"13:41:21"	1244.0	0	3	20	0.902	644.6	26.01	0.06515	991	79.77	-506.07	60.47	25.59	0.15838	0.0029194	0	0	0	991	71.6	31.23	645.21	26.037	30.34	0	100.9	5060.7	110205
115	"13:41:23"	1246.0	0	3	20	0.865	644.8	26.01	0.06247	991	79.71	-506.07	60.42	25.59	0.15154	0.0032774	0	0	0	991	71.6	31.23	645.56	26.019	30.34	0	100.9	5060.7	110205
116	"13:41:25"	1248.0	0	3	20	0.821	645.1	26.02	0.05934	991	79.67	-506.07	60.44	25.60	0.14331	0.0040945	0	0	0	991	71.6	31.23	645.92	26.026	30.34	0	100.9	5060.7	110205
117	"13:41:27"	1250.0	0	3	20	0.72	645.4	26.03	0.05202	991	79.74	-506.07	60.49	25.60	0.1256	0.0036267	0	0	0	991	71.6	31.24	645.81	26.050	30.34	0	100.9	5060.7	110205
118	"13:41:29"	1252.0	0	3	20	0.74	645.7	26.03	0.05349	991	79.69	-506.07	60.47	25.61	0.13014	0.0022525	0	0	0	991	71.6	31.24	646.35	26.042	30.34	0	100.9	5060.7	110205
119	"13:41:31"	1254.0	0	3	20	0.777	645.9	26.04	0.05613	991	79.68	-506.08	60.48	25.62	0.13645	0.0025266	0	0	0	991	71.6	31.24	646.58	26.050	30.34	0	100.9	5060.8	110205
120	"13:41:33"	1256.0	0	3	20	0.774	646.2	26.04	0.05592	991	79.72	-506.08	60.48	25.61	0.13598	0.002442	0	0	0	991	71.6	31.24	646.93	26.051	30.34	0	100.9	5060.8	110205
121	"13:41:35"	1258.0	0	3	20	0.747	646.5	26.05	0.054	991	79.76	-506.07	60.50	25.61	0.13144	0.002156	0	0	0	991	71.6	31.24	647.13	26.060	30.35	0	100.9	5060.7	110205
122	"13:41:37"	1260.0	0	3	20	0.755	646.7	26.05	0.05456	991	79.86	-506.08	60.54	25.60	0.13251	0.0026152	0	0	0	991	71.6	31.24	647.39	26.076	30.35	0	100.9	5060.8	110205
123	"13:41:39"	1262.0	0	3	20	0.707	647.0	26.06	0.05109	991	79.84	-506.05	60.50	25.59	0.12273	0.0044978	0	0	0	991	71.6	31.23	647.66	26.064	30.35	0	100.9	5060.5	110205
124	"13:41:41"	1264.0	0	3	20	0.701	647.2	26.06	0.05066	991	79.82	-506.08	60.51	25.60	0.12292	0.0026231	0	0	0	991	71.6	31.23	648.02	26.065	30.35	0	100.9	5060.8	110205
125	"13:41:43"	1266.0	0	3	20	0.783	647.5	26.07	0.05661	991	79.84	-506.08	60.54	25.60	0.13748	0.0027302	0	0	0	991	71.6	31.24	648.17	26.082	30.35	0	100.9	5060.8	110205
126	"13:41:45"	1268.0	0	3	20	0.749	647.7	26.08	0.05409	991	79.90	-506.08	60.61	25.61	0.13113	0.0029618	0	0	0	991	71.6	31.23	648.44	26.110	30.35	0	100.9	5060.8	110205
127	"13:41:47"	1270.0	0	3	20	0.716	648.0	26.08	0.05173	991	79.83	-506.08	60.59	25.62	0.12577	0.0022861	0	0	0	991	71.6	31.23	648.93	26.099	30.35	0	100.9	5060.8	110205
128	"13:41:49"	1272.0	0	3	20	0.722	648.3	26.09	0.05216	991	79.91	-506.08	60.62	25.61	0.12569	0.0039838	0	0	0	991	71.6	31.23	649.10	26.114	30.35	0	100.9	5060.8	110205
129	"13:41:51"	1274.0	0	3	20	0.812	648.6	26.09	0.05866	991	79.92	-506.08	60.61	25.60	0.14229	0.0030779	0	0	0	991	71.6	31.23	649.25	26.110	30.35	0	100.9	5060.8	110205
130	"13:41:53"	1276.0	0	3	20	0.81	648.8	26.10	0.05855	991	79.94	-506.07	60.62	25.60	0.14238	0.0025351	0	0	0	991	71.6	31.23	649.42	26.111	30.34	0	100.9	5060.7	110205
131	"13:41:55"	1278.0	0	3	20	0.744	649.1	26.11	0.05375	991	80.00	-506.07	60.67	25.60	0.12978	0.003711	0	0	0	991	71.6	31.23	649.64	26.130	30.34	0	100.9	5060.7	110205
132	"13:41:57"	1280.0	0	3	20	0.526	649.3	26.11	0.03802	991	79.98	-506.08	60.65	25.60	0.091279	0.003427	0	0	0	991	71.6	31.23	650.15	26.126	30.35	0	100.9	5060.8	110205
133	"13:41:59"	1282.0	0	3	20	0.668	649.6	26.12	0.04826	991	79.96	-506.07	60.66	25.61	0.11717	0.0023803	0	0	0	991	71.6	31.23	650.47	26.127	30.34	0	100.9	5060.7	110205
134	"13:42:01"	1284.0	0	3	20	0.753	649.8	26.12	0.05443	991	79.96	-506.08	60.65	25.61	0.13255	0.0020701	0	0	0	991	71.6	31.23	650.61	26.125	30.35	0	100.9	5060.8	110205
135	"13:42:03"	1286.0	0	3	20	0.772	650.1	26.13	0.05576	991	80.03	-506.09	60.68	25.60	0.13675	0.0006985	0	0	0	991	71.6	31.24	650.59	26.136	30.35	0	100.9	5060.9	110205
136	"13:42:05"	1288.0	0	3	20	0.653	650.3	26.13	0.04718	991	80.03	-506.07	60.67	25.60	0.11523	0.0012866	0	0	0	991	71.6	31.23	651.07	26.132	30.35	0	100.9	5060.7	110205
137	"13:42:07"	1290.0	0	3	20	0.461	650.6	26.13	0.03331	991	80.04	-506.07	60.71	25.60	0.080726	0.0018541	0	0	0	991	71.6	31.24	651.31	26.151	30.35	0	100.9	5060.7	110205
138	"13:42:09"	1292.0	0	3	20	0.613	650.8	26.14	0.04427	991	80.07	-506.08	60.74	25.61	0.10657	0.0035526	0	0	0	991	71.6	31.24	651.37	26.168	30.35	0	100.9	5060.8	110205
139	"13:42:11"	1294.0	0	3	20	0.695	651.0	26.15	0.05023	991	80.02	-506.07	60.71	25.61	0.12068	0.0043838	0	0	0	991	71.6	31.24	651.65	26.159	30.35	0	100.9	5060.7	110205
140	"13:42:13"	1296.0	0	3	20	0.8	651.2	26.15	0.05778	991	80.03	-506.07	60.71	25.61	0.13985	0.0034849	0	0	0	991	71.6	31.24	652.03	26.159	30.35	0	100.9	5060.7	110205
141	"13:42:15"	1298.0	0	3	20	0.75	651.5	26.16	0.05419	991	80.02	-506.06	60.74	25.62	0.13146	0.0028412	0	0	0	991	71.6	31.24	652.22	26.169	30.35	0	100.9	5060.6	110205
142	"13:42:17"	1300.0	0	3	20	0.66	651.8	26.16	0.04767	991	80.05	-506.07	60.73	25.61	0.11653	0.0011735	0	0	0	991	71.6	31.23	652.49	26.167	30.35	0	100.9	5060.7	110205
143	"13:42:19"	1302.0	0	3	20	0.716	652.0	26.17	0.05174	991	80.11	-506.07	60.78	25.61	0.12592	0.0020852	0	0	0	991	71.6	31.23	652.98	26.185	30.35	0	100.9	5060.7	110205
144	"13:42:21"	1304.0	0	3	20	0.855	652.3	26.17	0.06174	991	80.17	-506.08	60.79	25.61	0.15049	0.0021493	0	0	0	991	71.6	31.24	653.12	26.196	30.35	0	100.9	5060.8	110205
145	"13:42:23"	1306.0	0	3	20	0.807	652.6	26.18	0.05832	991	80.18	-506.07	60.79	25.60	0.14178	0.0025821	0	0	0	991	71.6	31.23	653.24	26.194	30.35	0	100.9	5060.7	110205
146	"13:42:25"	1308.0	0	3	20	0.858	652.9	26.18	0.06196	991	80.25	-506.06	60.81	25.59	0.15055	0.0028536	0	0	0	991	71.6	31.23	653.39	26.202	30.35	0	100.9	5060.6	110205
147	"13:42:27"	1310.0	0	3	20	0.745	653.1	26.19	0.05383	991	80.27	-506.08	60.83	25.59	0.12986	0.0038666	0	0	0	991	71.6	31.23	653.79	26.208	30.35	0	100.9	5060.8	110205
148	"13:42:29"	1312.0	0	3	20	0.669	653.4	26.19	0.04832	991	80.24	-506.07	60.85	25.61	0.11684	0.0030703	0	0	0	991	71.6	31.23	653.99	26.219	30.35	0	100.9	5060.7	110205
149	"13:42:31"	1314.0	0	3	20	0.78	653.7	26.20	0.05633	991	80.31	-506.07	60.90	25.61	0.13691	0.0025305	0	0	0	991	71.6	31.23	654.42	26.238	30.35	0	100.9	5060.7	110205
150	"13:42:33"	1316.0	0	3	20	0.706	653.9	26.21	0.05102	991	80.30	-506.08	60.89	25.60	0.12301	0.0037916	0	0	0	991	71.6	31.23	654.46	26.235	30.35	0	100.9	5060.8	110205
151	"13:42:35"	1318.0	0	3	20	0.711	654.1	26.22	0.0514	991	80.26	-506.09	60.85	25.60	0.12405	0.0036117	0	0	0	991	71.6	31.23	654.90	26.219	30.35	0	100.9	5060.9	110205
152	"13:42:37"	1320.0	0	3	20	0.678	654.4	26.22	0.04899	991	80.25	-506.07	60.89	25.61	0.11825	0.003447	0	0	0	991	71.6	31.23	654.89	26.234	30.35	0	100.9	5060.7	110205
153	"13:42:39"	1322.0	0	4	200	0.73	650.0	26.23	0.05275	991	80.31	-506.08	60.93	25.62	0.10729	0.0031864	-0.00021137	0.19015	0	991	71.6	31.23	655.37	26.254	30.35	0	100.9	5060.8	110205
