"OPEN 5.3.2"
"Thr May 30 2019 16:24:24"
"Unit="	"PSC-895"
"ComputeList="	"/User/Configs/Comps/Soil Efflux Eqns.LPL"
"BLCTable="	"/Sys/Lib/StdBLCTable"
"LightSource="	"Sun+Sky"	1	0.19
"LogFormat="	"/User/Configs/LogFormats/Soil Efflux Log Fmt"
"LogCodes="	-35	-21	-36	-104	310	311	320	302	303	306	304	321	322	323	324	300	301	330	331	305	307	308	-8	-2	-5	-9	-13	-11	-61	-23
"PromptList="	"/User/Configs/Prompts/Soil Efflux Prompts"
"Stability= (CO2S 15s SLP<1)(H2OS 15s SLP<1)(Flow 15s SLP<1)"
"16:24:26 "
$STARTOFDATA$
"Obs"	"HHMMSS"	"FTime"	"Plot#"	"Mode"	"Smpls"	"EFFLUX"	"C2avg"	"Wavg"	"dc'/dt"	"Vtot"	"RHcmbr%"	"Tsoil_C"	"RHirga%"	"Tsch_C"	"dC/dt"	"dW/dt"	"R(C)m"	"R(C)b"	"InsDpth"	"Vbase"	"Area"	"TBlk"	"CO2S"	"H2OS"	"Tair"	"PARo"	"Press"	"uc_21_mV"	"Status"
1	"16:27:24"	188.5	0	3	8	1.54	495.7	29.02	0.1113	991	71.46	-506.00	61.92	29.36	0.27083	0.011788	0	0	0	991	71.6	31.93	496.02	29.034	31.86	0	101	5060.0	110205
2	"16:27:26"	190.5	0	3	12	1.43	496.0	29.03	0.1033	991	71.49	-505.99	61.97	29.36	0.25138	0.011164	0	0	0	991	71.6	31.93	496.53	29.058	31.86	0	101.1	5059.9	110205
3	"16:27:28"	192.5	0	3	16	1.26	496.2	29.04	0.0908	991	71.46	-506.01	62.00	29.38	0.22065	0.010249	0	0	0	991	71.6	31.94	496.68	29.079	31.87	0	101.1	5060.1	110205
4	"16:27:30"	194.5	0	3	20	1.13	496.3	29.05	0.08143	991	71.42	-506.00	62.09	29.42	0.19723	0.010519	0	0	0	991	71.6	31.94	497.18	29.123	31.87	0	101.1	5060.0	110205
5	"16:27:32"	196.5	0	3	20	1.06	496.7	29.08	0.07657	991	71.57	-506.00	62.14	29.40	0.18408	0.012553	0	0	0	991	71.6	31.94	497.98	29.151	31.87	0	101.1	5060.0	110205
6	"16:27:34"	198.5	0	3	20	1.17	497.1	29.10	0.08428	991	71.66	-506.01	62.19	29.39	0.2026	0.013816	0	0	0	991	71.6	31.95	498.21	29.177	31.87	0	101.1	5060.1	110205
7	"16:27:36"	200.5	0	3	20	1.3	497.5	29.13	0.09404	991	71.63	-506.01	62.17	29.40	0.22662	0.014351	0	0	0	991	71.6	31.95	498.71	29.172	31.88	0	101.1	5060.1	110205
8	"16:27:38"	202.5	0	3	20	1.3	497.9	29.15	0.09379	991	71.59	-506.00	62.27	29.44	0.22698	0.012446	0	0	0	991	71.6	31.95	498.95	29.220	31.88	0	101.1	5060.0	110205
9	"16:27:40"	204.5	0	3	20	1.23	498.4	29.18	0.08869	991	71.49	-506.01	62.31	29.48	0.21504	0.01105	0	0	0	991	71.6	31.95	499.37	29.244	31.88	0	101.1	5060.1	110205
10	"16:27:42"	206.5	0	3	20	1.17	498.8	29.20	0.08465	991	71.55	-505.99	62.34	29.47	0.20473	0.011555	0	0	0	991	71.6	31.95	499.88	29.259	31.88	0	101.1	5059.9	110205
11	"16:27:44"	208.5	0	3	20	1.29	499.3	29.22	0.09341	991	71.93	-506.01	62.43	29.41	0.22607	0.012331	0	0	0	991	71.6	31.95	500.63	29.307	31.89	0	101.1	5060.1	110205
12	"16:27:46"	210.5	0	3	20	1.43	499.7	29.25	0.1036	991	71.98	-506.00	62.43	29.40	0.25051	0.014257	0	0	0	991	71.6	31.96	500.68	29.311	31.89	0	101.1	5060.0	110205
13	"16:27:48"	212.5	0	3	20	1.28	500.1	29.28	0.09218	991	72.12	-506.01	62.48	29.38	0.22251	0.013204	0	0	0	991	71.6	31.96	501.35	29.338	31.89	0	101.1	5060.1	110205
14	"16:27:50"	214.5	0	3	20	1.23	500.6	29.30	0.08902	991	72.09	-506.00	62.54	29.40	0.215	0.012539	0	0	0	991	71.6	31.96	501.85	29.367	31.89	0	101.1	5060.0	110205
15	"16:27:52"	216.5	0	3	20	1.22	501.1	29.33	0.08826	991	72.05	-506.01	62.55	29.42	0.21368	0.011462	0	0	0	991	71.6	31.96	501.94	29.377	31.89	0	101.1	5060.1	110205
16	"16:27:54"	218.5	0	3	20	1.23	501.5	29.35	0.08861	991	72.14	-506.02	62.61	29.42	0.2156	0.0094275	0	0	0	991	71.6	31.97	502.57	29.413	31.90	0	101.1	5060.2	110205
17	"16:27:56"	220.5	0	3	20	1.29	501.9	29.37	0.09325	991	72.01	-506.00	62.64	29.46	0.22626	0.011181	0	0	0	991	71.6	31.97	503.23	29.427	31.90	0	101.1	5060.0	110205
18	"16:27:58"	222.5	0	3	20	1.23	502.3	29.39	0.08855	991	72.15	-506.01	62.69	29.44	0.21455	0.011189	0	0	0	991	71.6	31.97	503.50	29.456	31.90	0	101.1	5060.1	110205
19	"16:28:00"	224.5	0	3	20	1.25	502.8	29.41	0.0904	991	72.25	-506.00	62.72	29.43	0.21889	0.011657	0	0	0	991	71.6	31.97	503.79	29.471	31.90	0	101.1	5060.0	110205
20	"16:28:02"	226.5	0	3	20	1.25	503.2	29.44	0.09029	991	72.35	-506.01	62.80	29.43	0.21855	0.011779	0	0	0	991	71.6	31.97	504.22	29.511	31.90	0	101.1	5060.1	110205
21	"16:28:04"	228.5	0	3	20	1.25	503.6	29.46	0.0905	991	72.43	-506.01	62.87	29.43	0.21855	0.012764	0	0	0	991	71.6	31.97	505.10	29.547	31.90	0	101.1	5060.1	110205
22	"16:28:05"	229.0	0	4	81	1.23	500.0	29.46	0.08904	991	72.38	-506.00	62.85	29.43	0.21855	0.012764	0.00032576	-0.073835	0	991	71.6	31.97	505.02	29.538	31.90	0	101.1	5060.0	110205
23	"16:29:28"	312.5	0	3	8	1.26	495.7	28.89	0.09122	991	69.45	-506.01	61.28	29.79	0.21862	0.016938	0	0	0	991	71.6	32.05	496.04	28.933	31.98	0	101	5060.1	110205
24	"16:29:30"	314.5	0	3	12	0.94	495.9	28.90	0.06794	991	69.43	-506.00	61.31	29.81	0.16197	0.014305	0	0	0	991	71.6	32.06	496.44	28.949	31.98	0	101	5060.0	110205
25	"16:29:32"	316.5	0	3	16	1.05	496.1	28.92	0.07574	991	69.41	-506.00	61.41	29.84	0.18078	0.015563	0	0	0	991	71.6	32.06	497.03	28.996	31.99	0	101	5060.0	110205
26	"16:29:34"	318.5	0	3	20	1.27	496.3	28.93	0.09144	991	69.51	-506.01	61.43	29.82	0.21938	0.016505	0	0	0	991	71.6	32.06	497.39	29.009	31.99	0	101	5060.1	110205
27	"16:29:36"	320.5	0	3	20	1.26	496.7	28.96	0.09067	991	69.49	-506.00	61.48	29.84	0.21815	0.015213	0	0	0	991	71.6	32.06	497.72	29.034	31.99	0	101	5060.0	110205
28	"16:29:38"	322.5	0	3	20	1.31	497.1	28.99	0.0949	991	69.60	-506.00	61.56	29.84	0.22901	0.014532	0	0	0	991	71.6	32.06	498.42	29.077	31.99	0	101	5060.0	110205
29	"16:29:40"	324.5	0	3	20	1.3	497.6	29.02	0.09381	991	69.59	-506.00	61.60	29.86	0.22692	0.013356	0	0	0	991	71.6	32.06	498.75	29.100	31.99	0	101	5060.0	110205
30	"16:29:42"	326.5	0	3	20	1.25	498.1	29.05	0.09013	991	69.62	-506.00	61.67	29.87	0.21751	0.013811	0	0	0	991	71.6	32.07	499.33	29.132	31.99	0	101	5060.0	110205
31	"16:29:44"	328.5	0	3	20	1.42	498.5	29.08	0.1028	991	69.57	-506.00	61.69	29.89	0.248	0.01575	0	0	0	991	71.6	32.07	499.68	29.145	32.00	0	101	5060.0	110205
32	"16:29:46"	330.5	0	3	20	1.37	499.0	29.11	0.09904	991	69.72	-506.00	61.73	29.86	0.23919	0.014795	0	0	0	991	71.6	32.07	500.44	29.167	32.00	0	101	5060.0	110205
33	"16:29:48"	332.5	0	3	20	1.31	499.5	29.14	0.09496	991	69.93	-506.00	61.80	29.83	0.2294	0.01403	0	0	0	991	71.6	32.07	500.57	29.205	32.00	0	101	5060.0	110205
34	"16:29:50"	334.5	0	3	20	1.23	499.9	29.17	0.08855	991	70.05	-506.01	61.87	29.83	0.21371	0.013423	0	0	0	991	71.6	32.07	501.18	29.240	32.00	0	101	5060.1	110205
35	"16:29:52"	336.5	0	3	20	1.2	500.3	29.19	0.08646	991	70.05	-506.01	61.93	29.85	0.20809	0.014252	0	0	0	991	71.6	32.08	501.54	29.274	32.00	0	101	5060.1	110205
36	"16:29:54"	338.5	0	3	20	1.2	500.8	29.22	0.08676	991	70.07	-506.01	61.97	29.85	0.20867	0.014595	0	0	0	991	71.6	32.08	501.77	29.294	32.01	0	101	5060.1	110205
37	"16:29:56"	340.5	0	3	20	1.14	501.2	29.25	0.08254	991	70.09	-506.02	62.06	29.88	0.19837	0.014174	0	0	0	991	71.6	32.08	502.09	29.341	32.01	0	101	5060.2	110205
38	"16:29:58"	342.5	0	3	20	1.27	501.6	29.28	0.0917	991	70.11	-506.00	62.09	29.88	0.22094	0.014667	0	0	0	991	71.6	32.08	502.86	29.353	32.01	0	101	5060.0	110205
39	"16:30:00"	344.5	0	3	20	1.19	502.0	29.31	0.08578	991	70.20	-506.00	62.15	29.87	0.20669	0.013685	0	0	0	991	71.6	32.08	503.38	29.387	32.01	0	101	5060.0	110205
40	"16:30:02"	346.5	0	3	20	1.33	502.5	29.34	0.09593	991	70.27	-506.00	62.20	29.87	0.23145	0.014687	0	0	0	991	71.6	32.08	503.75	29.416	32.01	0	101	5060.0	110205
41	"16:30:04"	348.5	0	3	20	1.41	503.0	29.37	0.102	991	70.38	-506.01	62.25	29.86	0.24656	0.01447	0	0	0	991	71.6	32.09	504.31	29.441	32.02	0	101	5060.1	110205
42	"16:30:06"	350.5	0	3	20	1.32	503.4	29.39	0.09541	991	70.39	-505.99	62.29	29.87	0.23106	0.01293	0	0	0	991	71.6	32.09	504.62	29.463	32.02	0	101	5059.9	110205
43	"16:30:08"	352.0	0	4	79	1.27	500.0	29.41	0.09153	991	70.53	-506.00	62.34	29.86	0.22333	0.013504	0.0015484	-0.68266	0	991	71.6	32.09	505.40	29.492	32.02	0	101	5060.0	110205
44	"16:31:37"	441.0	0	3	8	1.74	495.7	29.18	0.1255	991	69.55	-506.01	61.50	29.93	0.30646	0.012673	0	0	0	991	71.6	32.16	496.29	29.210	32.09	0	101	5060.1	110205
45	"16:31:39"	443.0	0	3	12	1.34	495.9	29.19	0.09709	991	69.57	-506.01	61.59	29.95	0.2349	0.013898	0	0	0	991	71.6	32.16	496.66	29.253	32.09	0	101	5060.1	110205
46	"16:31:41"	445.0	0	3	16	1.37	496.2	29.21	0.09923	991	69.76	-505.99	61.66	29.93	0.23995	0.014449	0	0	0	991	71.6	32.16	497.15	29.290	32.09	0	101	5059.9	110205
47	"16:31:43"	447.0	0	3	20	1.36	496.4	29.22	0.09795	991	69.81	-505.99	61.70	29.93	0.23632	0.015263	0	0	0	991	71.6	32.17	497.48	29.312	32.09	0	101	5059.9	110205
48	"16:31:45"	449.0	0	3	20	1.27	496.9	29.25	0.09201	991	69.82	-506.00	61.71	29.93	0.22139	0.015519	0	0	0	991	71.6	32.17	498.17	29.319	32.10	0	101	5060.0	110205
49	"16:31:47"	451.0	0	3	20	1.34	497.3	29.28	0.09656	991	69.98	-506.00	61.78	29.91	0.23314	0.014685	0	0	0	991	71.6	32.17	498.60	29.354	32.10	0	101	5060.0	110205
50	"16:31:49"	453.0	0	3	20	1.25	497.8	29.31	0.08996	991	70.08	-506.00	61.87	29.91	0.21713	0.013781	0	0	0	991	71.6	32.17	499.01	29.399	32.10	0	101	5060.0	110205
51	"16:31:51"	455.0	0	3	20	1.26	498.2	29.34	0.09135	991	69.93	-506.00	61.87	29.95	0.22073	0.013577	0	0	0	991	71.6	32.17	499.39	29.403	32.10	0	101.1	5060.0	110205
52	"16:31:53"	457.0	0	3	20	1.29	498.7	29.37	0.09354	991	70.09	-506.00	61.94	29.94	0.22638	0.013169	0	0	0	991	71.6	32.17	499.81	29.441	32.10	0	101	5060.0	110205
53	"16:31:55"	459.0	0	3	20	1.24	499.1	29.39	0.08964	991	70.38	-506.00	61.99	29.88	0.21629	0.013814	0	0	0	991	71.6	32.18	500.32	29.467	32.10	0	101	5060.0	110205
54	"16:31:57"	461.0	0	3	20	1.31	499.5	29.42	0.09479	991	70.36	-505.98	62.08	29.91	0.22878	0.014495	0	0	0	991	71.6	32.18	500.78	29.507	32.10	0	101	5059.8	110205
55	"16:31:59"	463.0	0	3	20	1.33	500.0	29.45	0.09604	991	70.22	-506.00	62.10	29.95	0.23197	0.014408	0	0	0	991	71.6	32.18	501.41	29.525	32.11	0	101	5060.0	110205
56	"16:32:01"	465.0	0	3	20	1.46	500.5	29.48	0.1058	991	70.37	-506.00	62.20	29.94	0.25578	0.01542	0	0	0	991	71.6	32.18	501.97	29.571	32.11	0	101	5060.0	110205
57	"16:32:03"	467.0	0	3	20	1.51	501.0	29.51	0.1089	991	70.46	-506.00	62.23	29.93	0.26371	0.01498	0	0	0	991	71.6	32.18	502.21	29.590	32.11	0	101	5060.0	110205
58	"16:32:05"	469.0	0	3	20	1.38	501.5	29.54	0.09998	991	70.52	-506.00	62.30	29.94	0.24136	0.01519	0	0	0	991	71.6	32.18	502.74	29.630	32.11	0	101	5060.0	110205
59	"16:32:07"	471.0	0	3	20	1.29	502.0	29.57	0.09348	991	70.57	-506.00	62.33	29.94	0.22527	0.014941	0	0	0	991	71.6	32.19	503.53	29.647	32.11	0	101	5060.0	110205
60	"16:32:09"	473.0	0	3	20	1.34	502.5	29.60	0.09646	991	70.53	-506.01	62.38	29.97	0.23328	0.01384	0	0	0	991	71.6	32.19	503.46	29.677	32.12	0	101	5060.1	110205
61	"16:32:11"	475.0	0	3	20	1.36	502.9	29.63	0.09857	991	70.58	-506.00	62.42	29.96	0.23936	0.012233	0	0	0	991	71.6	32.19	504.34	29.694	32.12	0	101	5060.0	110205
62	"16:32:13"	477.0	0	3	20	1.43	503.4	29.65	0.1032	991	70.84	-506.01	62.50	29.92	0.25056	0.012619	0	0	0	991	71.6	32.19	504.52	29.736	32.12	0	101	5060.1	110205
63	"16:32:15"	479.0	0	3	20	1.26	503.9	29.68	0.09117	991	70.86	-505.98	62.52	29.92	0.2203	0.013341	0	0	0	991	71.6	32.19	504.92	29.746	32.12	0	101	5059.8	110205
64	"16:32:16"	480.0	0	4	78	1.35	500.0	29.69	0.09766	991	70.88	-506.00	62.54	29.93	0.21469	0.013636	6.3135E-07	0.097346	0	991	71.6	32.19	504.98	29.761	32.12	0	101	5060.0	110205
65	"16:33:45"	569.5	0	3	8	0.903	495.7	29.44	0.06524	991	69.98	-506.00	61.70	29.98	0.15294	0.018992	0	0	0	991	71.6	32.26	496.09	29.473	32.19	0	101.1	5060.0	110205
66	"16:33:47"	571.5	0	3	12	1.4	495.9	29.46	0.1012	991	70.16	-506.00	61.82	29.97	0.24251	0.018885	0	0	0	991	71.6	32.26	497.07	29.533	32.19	0	101	5060.0	110205
67	"16:33:49"	573.5	0	3	16	1.55	496.2	29.48	0.1121	991	70.07	-505.99	61.87	30.01	0.27034	0.018053	0	0	0	991	71.6	32.27	497.23	29.556	32.19	0	101.1	5059.9	110205
68	"16:33:51"	575.5	0	3	20	1.48	496.5	29.49	0.1068	991	70.10	-505.99	61.90	30.01	0.25792	0.016138	0	0	0	991	71.6	32.27	497.81	29.575	32.19	0	101	5059.9	110205
69	"16:33:53"	577.5	0	3	20	1.46	497.0	29.53	0.1053	991	70.20	-506.00	61.96	30.01	0.25498	0.014905	0	0	0	991	71.6	32.27	498.11	29.606	32.20	0	101	5060.0	110205
70	"16:33:55"	579.5	0	3	20	1.32	497.5	29.56	0.09502	991	70.30	-505.98	62.02	30.00	0.22897	0.01545	0	0	0	991	71.6	32.27	498.64	29.633	32.20	0	101	5059.8	110205
71	"16:33:57"	581.5	0	3	20	1.22	497.9	29.59	0.08841	991	70.35	-506.00	62.05	30.00	0.21299	0.014474	0	0	0	991	71.6	32.27	499.07	29.655	32.20	0	101	5060.0	110205
72	"16:33:59"	583.5	0	3	20	1.36	498.4	29.62	0.09846	991	70.38	-506.00	62.14	30.01	0.2378	0.014935	0	0	0	991	71.6	32.27	499.68	29.700	32.20	0	101	5060.0	110205
73	"16:34:01"	585.5	0	3	20	1.34	498.8	29.65	0.0971	991	70.30	-506.00	62.20	30.05	0.23429	0.015235	0	0	0	991	71.6	32.27	499.94	29.729	32.20	0	101	5060.0	110205
74	"16:34:03"	587.5	0	3	20	1.31	499.3	29.68	0.09484	991	70.50	-506.00	62.26	30.02	0.22902	0.014464	0	0	0	991	71.6	32.28	500.46	29.762	32.20	0	101	5060.0	110205
75	"16:34:05"	589.5	0	3	20	1.37	499.8	29.71	0.09893	991	70.60	-506.00	62.29	30.01	0.23889	0.015067	0	0	0	991	71.6	32.28	501.23	29.778	32.20	0	101	5060.0	110205
76	"16:34:07"	591.5	0	3	20	1.39	500.3	29.74	0.1002	991	70.70	-506.01	62.34	30.00	0.24208	0.01505	0	0	0	991	71.6	32.28	501.42	29.803	32.21	0	101	5060.1	110205
77	"16:34:09"	593.5	0	3	20	1.44	500.7	29.77	0.1037	991	70.71	-505.99	62.40	30.01	0.25108	0.014503	0	0	0	991	71.6	32.28	502.02	29.833	32.21	0	101	5059.9	110205
78	"16:34:11"	595.5	0	3	20	1.43	501.2	29.79	0.1032	991	70.71	-506.00	62.46	30.03	0.24983	0.014301	0	0	0	991	71.6	32.28	502.61	29.870	32.21	0	101	5060.0	110205
79	"16:34:13"	597.5	0	3	20	1.41	501.7	29.82	0.1018	991	70.92	-506.00	62.51	30.00	0.24656	0.014188	0	0	0	991	71.6	32.28	503.20	29.896	32.21	0	101	5060.0	110205
80	"16:34:15"	599.5	0	3	20	1.41	502.2	29.85	0.1021	991	71.00	-506.00	62.54	29.98	0.24715	0.014383	0	0	0	991	71.6	32.28	503.27	29.906	32.21	0	101	5060.0	110205
81	"16:34:17"	601.5	0	3	20	1.29	502.7	29.88	0.09313	991	71.08	-505.99	62.59	29.98	0.22546	0.012963	0	0	0	991	71.6	32.28	503.77	29.937	32.21	0	101	5059.9	110205
82	"16:34:19"	603.5	0	3	20	1.27	503.1	29.90	0.09207	991	71.09	-506.00	62.67	30.00	0.22256	0.013455	0	0	0	991	71.6	32.29	504.35	29.981	32.21	0	101	5060.0	110205
83	"16:34:21"	605.5	0	3	20	1.28	503.6	29.93	0.09269	991	71.02	-506.00	62.75	30.04	0.22454	0.012709	0	0	0	991	71.6	32.29	504.85	30.017	32.22	0	101	5060.0	110205
84	"16:34:23"	607.0	0	4	75	1.35	500.0	29.94	0.09757	991	70.95	-506.00	62.73	30.06	0.22266	0.01346	-0.00037023	0.28269	0	991	71.6	32.29	505.10	30.013	32.22	0	101	5060.0	110205
85	"16:35:51"	695.5	0	3	8	1.41	495.5	29.68	0.1021	991	69.89	-506.00	61.85	30.14	0.24479	0.019168	0	0	0	991	71.6	32.36	496.08	29.707	32.29	0	101	5060.0	110205
86	"16:35:53"	697.5	0	3	12	1.64	495.8	29.70	0.1188	991	70.04	-506.00	61.94	30.13	0.28768	0.016907	0	0	0	991	71.6	32.36	496.57	29.750	32.29	0	101	5060.0	110205
87	"16:35:55"	699.5	0	3	16	1.33	496.0	29.71	0.09588	991	70.26	-505.99	61.97	30.08	0.231	0.015864	0	0	0	991	71.6	32.36	496.98	29.768	32.29	0	101	5059.9	110205
88	"16:35:57"	701.5	0	3	20	1.35	496.3	29.73	0.09784	991	70.41	-506.02	62.07	30.08	0.23606	0.015498	0	0	0	991	71.6	32.37	497.48	29.824	32.29	0	101	5060.2	110205
89	"16:35:59"	703.5	0	3	20	1.31	496.7	29.76	0.09473	991	70.41	-506.01	62.11	30.09	0.22868	0.014798	0	0	0	991	71.6	32.37	498.04	29.846	32.30	0	101	5060.1	110205
90	"16:36:01"	705.5	0	3	20	1.34	497.2	29.79	0.09679	991	70.62	-506.00	62.17	30.06	0.23319	0.015909	0	0	0	991	71.6	32.37	498.22	29.877	32.30	0	101	5060.0	110205
91	"16:36:03"	707.5	0	3	20	1.48	497.7	29.82	0.1066	991	70.66	-506.00	62.22	30.06	0.25754	0.016174	0	0	0	991	71.6	32.37	499.13	29.903	32.30	0	101	5060.0	110205
92	"16:36:05"	709.5	0	3	20	1.52	498.2	29.85	0.1098	991	70.72	-505.99	62.29	30.07	0.2655	0.01623	0	0	0	991	71.6	32.37	499.56	29.935	32.30	0	101	5059.9	110205
93	"16:36:07"	711.5	0	3	20	1.45	498.7	29.89	0.1046	991	70.74	-505.99	62.36	30.08	0.25294	0.015422	0	0	0	991	71.6	32.37	499.95	29.970	32.30	0	101	5059.9	110205
94	"16:36:09"	713.5	0	3	20	1.34	499.2	29.92	0.09651	991	70.78	-506.00	62.37	30.08	0.23316	0.014615	0	0	0	991	71.6	32.37	500.25	29.981	32.30	0	101	5060.0	110205
95	"16:36:11"	715.5	0	3	20	1.3	499.6	29.94	0.09372	991	70.88	-506.00	62.46	30.08	0.22663	0.013785	0	0	0	991	71.6	32.38	501.05	30.025	32.30	0	101	5060.0	110205
96	"16:36:13"	717.5	0	3	20	1.31	500.1	29.97	0.09465	991	70.84	-506.01	62.52	30.11	0.22888	0.013926	0	0	0	991	71.6	32.38	501.61	30.058	32.30	0	101	5060.1	110205
97	"16:36:15"	719.5	0	3	20	1.45	500.6	30.00	0.1046	991	71.00	-505.99	62.56	30.08	0.25321	0.014728	0	0	0	991	71.6	32.38	501.66	30.078	32.30	0	101	5059.9	110205
98	"16:36:17"	721.5	0	3	20	1.39	501.1	30.03	0.1006	991	70.95	-506.00	62.62	30.12	0.24323	0.01479	0	0	0	991	71.6	32.38	502.48	30.114	32.31	0	101	5060.0	110205
99	"16:36:19"	723.5	0	3	20	1.34	501.6	30.06	0.097	991	70.97	-506.00	62.67	30.12	0.23404	0.015234	0	0	0	991	71.6	32.38	502.84	30.134	32.31	0	101	5060.0	110205
100	"16:36:21"	725.5	0	3	20	1.25	502.0	30.09	0.09046	991	70.89	-506.00	62.71	30.16	0.21804	0.014688	0	0	0	991	71.6	32.38	503.30	30.160	32.31	0	101	5060.0	110205
101	"16:36:23"	727.5	0	3	20	1.34	502.5	30.12	0.09647	991	70.98	-505.99	62.81	30.16	0.23346	0.013835	0	0	0	991	71.6	32.38	504.00	30.203	32.31	0	101	5059.9	110205
102	"16:36:25"	729.5	0	3	20	1.46	503.0	30.15	0.1055	991	71.13	-505.98	62.83	30.13	0.25566	0.014621	0	0	0	991	71.6	32.38	504.16	30.216	32.31	0	101	5059.8	110205
103	"16:36:27"	731.5	0	3	20	1.4	503.5	30.17	0.1014	991	71.03	-505.98	62.86	30.16	0.24623	0.012952	0	0	0	991	71.6	32.39	504.34	30.234	32.31	0	101	5059.8	110205
104	"16:36:29"	733.5	0	4	76	1.38	500.0	30.19	0.09973	991	71.05	-506.00	62.92	30.18	0.21918	0.012527	-0.00060758	0.40352	0	991	71.6	32.39	505.47	30.270	32.31	0	101	5060.0	110205
