"OPEN 5.3.2"
"Fri May 31 2019 17:27:52"
"Unit="	"PSC-895"
"ComputeList="	"/User/Configs/Comps/Soil Efflux Eqns.LPL"
"BLCTable="	"/Sys/Lib/StdBLCTable"
"LightSource="	"Sun+Sky"	1	0.19
"LogFormat="	"/User/Configs/LogFormats/Soil Efflux Log Fmt"
"LogCodes="	-35	-21	-36	-104	310	311	320	302	303	306	304	321	322	323	324	300	301	330	331	305	307	308	-8	-2	-5	-9	-13	-11	-61	-23
"PromptList="	"/User/Configs/Prompts/Soil Efflux Prompts"
"Stability= (CO2S 15s SLP<1)(H2OS 15s SLP<1)(Flow 15s SLP<1)"
"17:27:53 "
$STARTOFDATA$
"Obs"	"HHMMSS"	"FTime"	"Plot#"	"Mode"	"Smpls"	"EFFLUX"	"C2avg"	"Wavg"	"dc'/dt"	"Vtot"	"RHcmbr%"	"Tsoil_C"	"RHirga%"	"Tsch_C"	"dC/dt"	"dW/dt"	"R(C)m"	"R(C)b"	"InsDpth"	"Vbase"	"Area"	"TBlk"	"CO2S"	"H2OS"	"Tair"	"PARo"	"Press"	"uc_21_mV"	"Status"
1	"17:28:18"	39.0	0	3	8	119	736.0	14.36	8.621	991	44.87	-506.06	39.29	25.00	21.258	-0.14574	0	0	0	991	71.6	27.40	837.98	14.132	27.25	0	101	5060.6	110205
2	"17:28:20"	41.0	0	3	12	181	773.9	14.26	13.09	991	44.12	-506.06	38.66	25.02	32.209	-0.11127	0	0	0	991	71.6	27.39	847.14	13.912	27.26	0	101	5060.6	110205
3	"17:28:22"	43.0	0	3	16	112	786.1	14.15	8.076	991	40.22	-506.06	35.32	25.07	19.907	-0.11262	0	0	0	991	71.6	27.39	780.83	12.713	27.26	0	101	5060.6	110205
4	"17:39:00"	681.0	0	3	8	0.582	552.3	24.26	0.04206	991	75.60	-506.05	67.35	25.33	0.09922	0.0072324	0	0	0	991	71.6	27.36	552.30	24.276	27.29	0	101	5060.5	110205
5	"17:39:02"	683.0	0	3	12	0.428	552.3	24.27	0.03095	991	75.61	-506.06	67.38	25.34	0.072687	0.0058828	0	0	0	991	71.6	27.36	552.65	24.288	27.29	0	101	5060.6	110205
6	"17:39:04"	685.0	0	3	16	0.525	552.4	24.28	0.03792	991	75.71	-506.06	67.44	25.33	0.089809	0.0058762	0	0	0	991	71.6	27.37	552.91	24.311	27.29	0	101	5060.6	110205
7	"17:39:06"	687.0	0	3	20	0.474	552.5	24.28	0.03422	991	75.72	-506.06	67.44	25.33	0.080249	0.0067204	0	0	0	991	71.6	27.37	552.60	24.313	27.29	0	101	5060.6	110205
8	"17:39:08"	689.0	0	3	20	0.331	552.6	24.30	0.02388	991	75.69	-506.05	67.43	25.33	0.055012	0.0064252	0	0	0	991	71.6	27.37	552.87	24.310	27.29	0	101	5060.5	110205
9	"17:39:10"	691.0	0	3	20	0.313	552.7	24.31	0.02262	991	75.80	-506.07	67.48	25.32	0.052653	0.0051144	0	0	0	991	71.6	27.37	553.22	24.330	27.29	0	101	5060.7	110205
10	"17:39:12"	693.0	0	3	20	0.346	552.9	24.32	0.02497	991	75.81	-506.06	67.50	25.33	0.058809	0.0044377	0	0	0	991	71.6	27.37	553.22	24.340	27.29	0	101	5060.6	110205
11	"17:39:14"	695.0	0	3	20	0.443	553.0	24.33	0.03204	991	75.81	-506.07	67.54	25.34	0.076578	0.0037175	0	0	0	991	71.6	27.37	553.35	24.356	27.30	0	101	5060.7	110205
12	"17:39:16"	697.0	0	3	20	0.5	553.2	24.34	0.0361	991	75.88	-506.07	67.56	25.33	0.085728	0.0052019	0	0	0	991	71.6	27.37	553.82	24.368	27.30	0	101	5060.7	110205
13	"17:39:18"	699.0	0	3	20	0.483	553.4	24.34	0.03487	991	75.87	-506.07	67.57	25.33	0.082409	0.0056915	0	0	0	991	71.6	27.37	554.01	24.369	27.30	0	101	5060.7	110205
14	"17:39:20"	701.0	0	3	20	0.464	553.5	24.36	0.03351	991	75.98	-506.06	67.65	25.33	0.078772	0.0062078	0	0	0	991	71.6	27.38	553.80	24.400	27.30	0	101	5060.6	110205
15	"17:39:22"	703.0	0	3	20	0.455	553.7	24.37	0.03289	991	75.90	-506.06	67.61	25.34	0.077054	0.0065624	0	0	0	991	71.6	27.38	554.20	24.390	27.30	0	101	5060.6	110205
16	"17:39:24"	705.0	0	3	20	0.476	553.8	24.38	0.03441	991	76.00	-506.06	67.70	25.34	0.081629	0.0050896	0	0	0	991	71.6	27.38	554.21	24.422	27.30	0	101	5060.6	110205
17	"17:39:26"	707.0	0	3	20	0.359	554.0	24.39	0.02591	991	76.05	-506.07	67.70	25.34	0.060158	0.0061289	0	0	0	991	71.6	27.38	554.30	24.428	27.30	0	101	5060.7	110205
18	"17:39:28"	709.0	0	3	20	0.456	554.2	24.41	0.03295	991	76.09	-506.06	67.72	25.33	0.077497	0.0060354	0	0	0	991	71.6	27.38	554.74	24.436	27.31	0	101	5060.6	110205
19	"17:39:30"	711.0	0	3	20	0.51	554.3	24.41	0.03683	991	76.13	-506.06	67.74	25.33	0.087515	0.0051911	0	0	0	991	71.6	27.38	554.60	24.444	27.31	0	101	5060.6	110205
20	"17:39:32"	713.0	0	3	20	0.477	554.5	24.42	0.03448	991	76.08	-506.06	67.77	25.35	0.081597	0.0054425	0	0	0	991	71.6	27.38	555.01	24.458	27.31	0	101	5060.6	110205
21	"17:39:34"	715.0	0	3	20	0.53	554.6	24.44	0.03826	991	76.11	-506.07	67.80	25.35	0.091426	0.0044785	0	0	0	991	71.6	27.39	555.13	24.470	27.31	0	101	5060.7	110205
22	"17:39:36"	717.0	0	3	20	0.494	554.8	24.45	0.03566	991	76.10	-506.07	67.80	25.36	0.084539	0.0053581	0	0	0	991	71.6	27.39	555.15	24.474	27.31	0	101	5060.7	110205
23	"17:39:38"	719.0	0	3	20	0.485	555.0	24.46	0.03505	991	76.15	-506.07	67.85	25.36	0.082365	0.0065597	0	0	0	991	71.6	27.39	555.43	24.494	27.31	0	101	5060.7	110205
24	"17:39:40"	721.0	0	3	20	0.531	555.2	24.47	0.03837	991	76.19	-506.07	67.87	25.36	0.090661	0.006327	0	0	0	991	71.6	27.39	555.67	24.505	27.32	0	101	5060.7	110205
25	"17:39:42"	723.0	0	3	20	0.485	555.3	24.48	0.03507	991	76.23	-506.06	67.93	25.36	0.08271	0.006032	0	0	0	991	71.6	27.39	555.62	24.527	27.32	0	101	5060.6	110205
26	"17:39:44"	725.0	0	3	20	0.513	555.5	24.50	0.03708	991	76.22	-506.06	67.92	25.36	0.087255	0.0067013	0	0	0	991	71.6	27.39	556.04	24.523	27.32	0	101	5060.6	110205
27	"17:39:46"	727.0	0	3	20	0.495	555.7	24.51	0.03575	991	76.26	-506.06	67.93	25.36	0.084384	0.0060094	0	0	0	991	71.6	27.40	555.98	24.529	27.32	0	101	5060.6	110205
28	"17:39:48"	729.0	0	3	20	0.484	555.9	24.52	0.03495	991	76.24	-506.07	67.94	25.37	0.083129	0.0047676	0	0	0	991	71.6	27.40	556.30	24.536	27.32	0	101	5060.7	110205
29	"17:39:50"	731.0	0	3	20	0.492	556.0	24.53	0.03554	991	76.34	-506.06	67.99	25.36	0.084389	0.0051143	0	0	0	991	71.6	27.40	556.29	24.556	27.32	0	101	5060.6	110205
30	"17:39:52"	733.0	0	3	20	0.39	556.2	24.54	0.0282	991	76.31	-506.07	68.01	25.37	0.066588	0.0046995	0	0	0	991	71.6	27.40	556.64	24.568	27.32	0	101	5060.7	110205
31	"17:39:54"	735.0	0	3	20	0.481	556.3	24.55	0.03475	991	76.36	-506.06	68.07	25.38	0.081618	0.0065501	0	0	0	991	71.6	27.40	556.90	24.589	27.32	0	101	5060.6	110205
32	"17:39:56"	737.0	0	3	20	0.534	556.5	24.56	0.03858	991	76.38	-506.07	68.08	25.38	0.090951	0.0066818	0	0	0	991	71.6	27.40	556.98	24.598	27.33	0	101	5060.7	110205
33	"17:39:58"	739.0	0	3	20	0.618	556.7	24.58	0.04468	991	76.44	-506.06	68.10	25.37	0.10608	0.0064346	0	0	0	991	71.6	27.40	556.98	24.607	27.33	0	101	5060.6	110205
34	"17:40:00"	741.0	0	3	20	0.522	556.8	24.59	0.03773	991	76.44	-506.06	68.13	25.38	0.089026	0.0063899	0	0	0	991	71.6	27.41	557.15	24.619	27.33	0	101	5060.6	110205
35	"17:40:02"	743.0	0	3	20	0.46	557.1	24.60	0.03323	991	76.57	-506.06	68.17	25.36	0.078697	0.0051506	0	0	0	991	71.6	27.41	557.56	24.636	27.33	0	101	5060.6	110205
36	"17:40:04"	745.0	0	3	20	0.561	557.2	24.61	0.04051	991	76.53	-506.07	68.17	25.37	0.096666	0.0049863	0	0	0	991	71.6	27.41	557.77	24.636	27.33	0	101	5060.7	110205
37	"17:40:06"	747.0	0	3	20	0.512	557.4	24.62	0.03702	991	76.44	-506.07	68.15	25.39	0.087924	0.0053035	0	0	0	991	71.6	27.41	557.67	24.632	27.33	0	101	5060.7	110205
38	"17:40:08"	749.0	0	3	20	0.482	557.5	24.63	0.03483	991	76.55	-506.05	68.24	25.39	0.082395	0.0055421	0	0	0	991	71.6	27.41	558.06	24.666	27.33	0	101	5060.5	110205
39	"17:40:10"	751.0	0	3	20	0.389	557.7	24.65	0.02813	991	76.56	-506.06	68.27	25.39	0.064673	0.0077601	0	0	0	991	71.6	27.41	558.07	24.676	27.33	0	101	5060.6	110205
40	"17:40:12"	753.0	0	3	20	0.449	557.9	24.66	0.03241	991	76.57	-506.07	68.26	25.39	0.075398	0.0073969	0	0	0	991	71.6	27.42	558.23	24.681	27.34	0	101	5060.7	110205
41	"17:40:14"	755.0	0	3	20	0.511	558.0	24.67	0.03692	991	76.60	-506.06	68.30	25.40	0.087066	0.0063727	0	0	0	991	71.6	27.42	558.50	24.696	27.34	0	101	5060.6	110205
42	"17:40:16"	757.0	0	3	20	0.536	558.2	24.68	0.03871	991	76.63	-506.07	68.32	25.40	0.092105	0.0052124	0	0	0	991	71.6	27.42	558.35	24.705	27.34	0	101	5060.7	110205
43	"17:40:18"	759.0	0	3	20	0.375	558.3	24.69	0.02707	991	76.72	-506.07	68.35	25.39	0.064633	0.0032821	0	0	0	991	71.6	27.42	558.89	24.719	27.34	0	101	5060.7	110205
44	"17:40:20"	761.0	0	3	20	0.426	558.5	24.70	0.03075	991	76.77	-506.06	68.38	25.38	0.072947	0.0045187	0	0	0	991	71.6	27.42	558.91	24.730	27.34	0	101	5060.6	110205
45	"17:40:22"	763.0	0	3	20	0.487	558.6	24.71	0.03522	991	76.79	-506.07	68.44	25.40	0.083417	0.005416	0	0	0	991	71.6	27.42	558.98	24.754	27.34	0	101	5060.7	110205
46	"17:40:24"	765.0	0	3	20	0.491	558.8	24.72	0.03546	991	76.77	-506.05	68.44	25.40	0.083203	0.0068247	0	0	0	991	71.6	27.42	559.45	24.755	27.35	0	101	5060.5	110205
47	"17:40:26"	767.0	0	3	20	0.61	559.0	24.74	0.04409	991	76.79	-506.07	68.46	25.40	0.10407	0.0074003	0	0	0	991	71.6	27.43	559.17	24.765	27.35	0	101	5060.7	110205
48	"17:40:28"	769.0	0	3	20	0.407	559.1	24.75	0.02939	991	76.83	-506.06	68.44	25.39	0.069119	0.0053944	0	0	0	991	71.6	27.43	559.41	24.764	27.35	0	101	5060.6	110205
49	"17:40:30"	771.0	0	3	20	0.346	559.2	24.76	0.02503	991	76.88	-506.06	68.54	25.40	0.059244	0.0039378	0	0	0	991	71.6	27.43	559.79	24.799	27.35	0	101	5060.6	110205
50	"17:40:32"	773.0	0	3	20	0.422	559.4	24.77	0.0305	991	76.86	-506.06	68.53	25.41	0.072253	0.004679	0	0	0	991	71.6	27.43	559.75	24.798	27.35	0	101	5060.6	110205
51	"17:40:34"	775.0	0	3	20	0.428	559.6	24.78	0.03093	991	76.89	-506.06	68.55	25.41	0.072832	0.005503	0	0	0	991	71.6	27.43	560.09	24.810	27.36	0	101	5060.6	110205
52	"17:40:36"	777.0	0	3	20	0.565	559.7	24.79	0.04085	991	76.94	-506.08	68.59	25.41	0.096461	0.0068151	0	0	0	991	71.6	27.44	560.38	24.830	27.36	0	101	5060.8	110205
53	"17:40:38"	779.0	0	3	20	0.568	559.9	24.80	0.04106	991	76.91	-506.07	68.63	25.43	0.096735	0.0072403	0	0	0	991	71.6	27.43	560.11	24.843	27.36	0	101	5060.7	110205
54	"17:40:40"	781.0	0	4	200	0.485	560.0	24.82	0.03507	991	76.96	-506.08	68.62	25.42	0.076709	0.0068949	0.00025259	-0.10638	0	991	71.6	27.44	560.44	24.845	27.36	0	101	5060.8	110205
55	"17:48:37"	1258.5	0	3	8	0.147	552.3	26.85	0.01061	991	80.66	-506.06	71.92	25.95	0.024081	0.0035662	0	0	0	991	71.6	27.98	552.46	26.870	27.90	0	101	5060.6	110205
56	"17:48:39"	1260.5	0	3	12	0.472	552.4	26.86	0.03407	991	80.70	-506.04	71.91	25.94	0.081229	0.0046075	0	0	0	991	71.6	27.98	552.87	26.873	27.90	0	101	5060.4	110205
57	"17:48:41"	1262.5	0	3	16	0.661	552.5	26.86	0.04775	991	80.70	-506.06	71.95	25.95	0.11514	0.0042096	0	0	0	991	71.6	27.99	552.85	26.890	27.91	0	101	5060.6	110205
58	"17:48:43"	1264.5	0	3	20	0.511	552.6	26.87	0.03695	991	80.66	-506.05	71.93	25.96	0.088529	0.0042596	0	0	0	991	71.6	27.99	552.95	26.888	27.91	0	101	5060.5	110205
59	"17:48:45"	1266.5	0	3	20	0.486	552.8	26.88	0.0351	991	80.72	-506.05	71.98	25.96	0.083951	0.0043105	0	0	0	991	71.6	27.99	553.22	26.910	27.91	0	101	5060.5	110205
60	"17:48:47"	1268.5	0	3	20	0.323	552.9	26.89	0.02333	991	80.72	-506.05	71.98	25.96	0.054882	0.0044584	0	0	0	991	71.6	27.99	553.33	26.910	27.91	0	101	5060.5	110205
61	"17:48:49"	1270.5	0	3	20	0.34	553.1	26.89	0.02459	991	80.69	-506.05	71.98	25.97	0.058153	0.0041813	0	0	0	991	71.6	27.99	553.44	26.916	27.92	0	101	5060.5	110205
62	"17:48:51"	1272.5	0	3	20	0.421	553.2	26.90	0.0304	991	80.71	-506.05	71.96	25.96	0.072501	0.0041085	0	0	0	991	71.6	28.00	553.52	26.913	27.92	0	101	5060.5	110205
63	"17:48:53"	1274.5	0	3	20	0.475	553.3	26.91	0.0343	991	80.72	-506.06	71.96	25.97	0.082861	0.0027274	0	0	0	991	71.6	28.00	553.79	26.917	27.92	0	101	5060.6	110205
64	"17:48:55"	1276.5	0	3	20	0.565	553.5	26.91	0.04083	991	80.73	-506.06	71.95	25.96	0.099371	0.001991	0	0	0	991	71.6	28.00	554.26	26.916	27.92	0	101	5060.6	110205
65	"17:48:57"	1278.5	0	3	20	0.709	553.8	26.92	0.05121	991	80.81	-506.06	72.03	25.97	0.12448	0.0027522	0	0	0	991	71.6	28.01	554.32	26.951	27.93	0	101	5060.6	110205
66	"17:48:59"	1280.5	0	3	20	0.749	553.9	26.93	0.0541	991	80.85	-506.05	72.04	25.97	0.13081	0.0041365	0	0	0	991	71.6	28.01	554.77	26.960	27.93	0	101	5060.5	110205
67	"17:49:01"	1282.5	0	3	20	0.706	554.2	26.94	0.05103	991	80.75	-506.06	72.02	25.98	0.1223	0.0057971	0	0	0	991	71.6	28.01	554.86	26.956	27.93	0	101	5060.6	110205
68	"17:49:03"	1284.5	0	3	20	0.539	554.4	26.95	0.03895	991	80.78	-506.04	72.03	25.98	0.092948	0.0051259	0	0	0	991	71.6	28.01	554.44	26.964	27.93	0	101	5060.4	110205
69	"17:49:05"	1286.5	0	3	20	0.332	554.6	26.95	0.02399	991	80.80	-506.06	72.05	25.99	0.056866	0.0038208	0	0	0	991	71.6	28.02	554.98	26.979	27.94	0	101	5060.6	110205
70	"17:49:07"	1288.5	0	3	20	0.356	554.7	26.96	0.02573	991	80.83	-506.05	72.04	25.98	0.061742	0.0027919	0	0	0	991	71.6	28.02	555.18	26.979	27.94	0	101	5060.5	110205
71	"17:49:09"	1290.5	0	3	20	0.346	554.9	26.97	0.02499	991	80.87	-506.05	72.07	25.98	0.059757	0.0030698	0	0	0	991	71.6	28.02	555.24	26.992	27.94	0	101	5060.5	110205
72	"17:49:11"	1292.5	0	3	20	0.496	555.0	26.97	0.03582	991	80.92	-506.05	72.08	25.98	0.086122	0.003609	0	0	0	991	71.6	28.02	555.34	27.000	27.95	0	101	5060.5	110205
73	"17:49:13"	1294.5	0	3	20	0.538	555.1	26.98	0.03888	991	80.91	-506.04	72.05	25.97	0.093333	0.0041461	0	0	0	991	71.6	28.03	555.62	26.993	27.95	0	101	5060.4	110205
74	"17:49:15"	1296.5	0	3	20	0.531	555.3	26.99	0.03838	991	80.93	-506.06	72.07	25.98	0.092648	0.0032076	0	0	0	991	71.6	28.03	555.94	27.003	27.95	0	101	5060.6	110205
75	"17:49:17"	1298.5	0	3	20	0.547	555.5	27.00	0.0395	991	80.95	-506.05	72.12	25.99	0.094791	0.0042858	0	0	0	991	71.6	28.03	556.18	27.025	27.95	0	101	5060.5	110205
76	"17:49:19"	1300.5	0	3	20	0.644	555.7	27.01	0.04653	991	80.93	-506.05	72.12	25.99	0.11168	0.0050041	0	0	0	991	71.6	28.03	556.09	27.030	27.96	0	101	5060.5	110205
77	"17:49:21"	1302.5	0	3	20	0.519	555.9	27.02	0.03753	991	80.88	-506.05	72.11	26.00	0.089703	0.0046991	0	0	0	991	71.6	28.04	556.40	27.030	27.96	0	101	5060.5	110205
78	"17:49:23"	1304.5	0	3	20	0.415	556.1	27.02	0.02996	991	80.93	-506.06	72.16	26.01	0.071111	0.0046206	0	0	0	991	71.6	28.04	556.33	27.055	27.96	0	101	5060.6	110205
79	"17:49:25"	1306.5	0	3	20	0.46	556.3	27.03	0.03327	991	80.88	-506.05	72.12	26.01	0.079843	0.0036001	0	0	0	991	71.6	28.04	556.89	27.041	27.96	0	101	5060.5	110205
80	"17:49:27"	1308.5	0	3	20	0.532	556.4	27.04	0.03847	991	80.96	-506.05	72.17	26.01	0.092673	0.0035602	0	0	0	991	71.6	28.04	557.28	27.067	27.97	0	101	5060.5	110205
81	"17:49:29"	1310.5	0	3	20	0.697	556.6	27.05	0.05037	991	80.94	-506.05	72.18	26.02	0.12143	0.0044811	0	0	0	991	71.6	28.05	557.03	27.075	27.97	0	101	5060.5	110205
82	"17:49:31"	1312.5	0	3	20	0.571	556.8	27.05	0.04129	991	80.92	-506.05	72.16	26.02	0.099417	0.0038914	0	0	0	991	71.6	28.05	557.24	27.069	27.97	0	101	5060.5	110205
83	"17:49:33"	1314.5	0	3	20	0.467	557.0	27.06	0.03371	991	80.92	-506.06	72.16	26.02	0.080809	0.0038223	0	0	0	991	71.6	28.05	557.32	27.076	27.97	0	101	5060.6	110205
84	"17:49:35"	1316.5	0	3	20	0.429	557.2	27.07	0.03101	991	80.96	-506.06	72.20	26.03	0.074213	0.0037121	0	0	0	991	71.6	28.05	557.69	27.095	27.98	0	101	5060.6	110205
85	"17:49:37"	1318.5	0	3	20	0.475	557.4	27.08	0.03433	991	80.98	-506.06	72.20	26.03	0.082519	0.0034697	0	0	0	991	71.6	28.06	557.82	27.098	27.98	0	101	5060.6	110205
86	"17:49:39"	1320.5	0	3	20	0.544	557.5	27.08	0.03934	991	81.00	-506.03	72.21	26.02	0.094779	0.0036014	0	0	0	991	71.6	28.06	558.02	27.104	27.98	0	101	5060.3	110205
87	"17:49:41"	1322.5	0	3	20	0.545	557.7	27.09	0.03935	991	81.02	-506.04	72.21	26.02	0.094928	0.0034123	0	0	0	991	71.6	28.06	558.30	27.109	27.98	0	101	5060.4	110205
88	"17:49:43"	1324.5	0	3	20	0.476	557.9	27.10	0.03438	991	81.05	-506.05	72.25	26.03	0.082277	0.0041252	0	0	0	991	71.6	28.07	558.32	27.130	27.99	0	101	5060.5	110205
89	"17:49:45"	1326.5	0	3	20	0.437	558.1	27.11	0.03159	991	81.04	-506.05	72.28	26.04	0.075206	0.0044738	0	0	0	991	71.6	28.07	558.88	27.143	27.99	0	101	5060.5	110205
90	"17:49:47"	1328.5	0	3	20	0.638	558.3	27.12	0.04606	991	81.03	-506.06	72.25	26.04	0.11122	0.0037933	0	0	0	991	71.6	28.07	559.03	27.139	27.99	0	101	5060.6	110205
91	"17:49:49"	1330.5	0	3	20	0.672	558.5	27.13	0.04855	991	81.06	-506.05	72.25	26.04	0.11712	0.0041692	0	0	0	991	71.6	28.07	559.01	27.140	27.99	0	101	5060.5	110205
92	"17:49:51"	1332.5	0	3	20	0.627	558.7	27.13	0.04532	991	81.10	-506.05	72.27	26.03	0.10988	0.0029203	0	0	0	991	71.6	28.07	559.06	27.149	28.00	0	101	5060.5	110205
93	"17:49:53"	1334.5	0	3	20	0.421	558.9	27.14	0.03042	991	81.05	-506.06	72.25	26.04	0.073555	0.0023161	0	0	0	991	71.6	28.08	559.35	27.151	28.00	0	101	5060.6	110205
94	"17:49:55"	1336.5	0	3	20	0.253	559.1	27.14	0.0183	991	81.03	-506.06	72.26	26.05	0.043298	0.0030571	0	0	0	991	71.6	28.08	559.24	27.158	28.00	0	101	5060.6	110205
95	"17:49:57"	1338.5	0	3	20	0.43	559.2	27.15	0.03105	991	81.08	-506.05	72.28	26.05	0.074347	0.0036246	0	0	0	991	71.6	28.08	559.92	27.170	28.01	0	101	5060.5	110205
96	"17:49:59"	1340.5	0	3	20	0.646	559.4	27.16	0.04665	991	81.14	-506.04	72.32	26.05	0.11217	0.0046364	0	0	0	991	71.6	28.09	559.85	27.185	28.01	0	101	5060.4	110205
97	"17:50:01"	1342.5	0	3	20	0.592	559.5	27.17	0.04275	991	81.15	-506.04	72.31	26.04	0.10264	0.0045326	0	0	0	991	71.6	28.09	559.93	27.187	28.01	0	101	5060.4	110205
98	"17:50:03"	1344.5	0	3	20	0.486	559.7	27.18	0.03508	991	81.18	-506.06	72.32	26.04	0.084259	0.0036697	0	0	0	991	71.6	28.09	560.07	27.195	28.01	0	101	5060.6	110205
99	"17:50:05"	1346.5	0	3	20	0.458	559.9	27.18	0.03308	991	81.19	-506.06	72.35	26.05	0.079645	0.0031361	0	0	0	991	71.6	28.10	560.14	27.212	28.02	0	101	5060.6	110205
100	"17:50:07"	1348.5	0	3	20	0.382	560.1	27.19	0.02759	991	81.16	-506.05	72.33	26.05	0.065716	0.0038304	0	0	0	991	71.6	28.10	560.46	27.205	28.02	0	101	5060.5	110205
101	"17:50:09"	1350.5	0	3	20	0.515	560.2	27.20	0.03723	991	81.22	-506.05	72.33	26.05	0.089978	0.0029012	0	0	0	991	71.6	28.10	560.74	27.213	28.02	0	101	5060.5	110205
102	"17:50:11"	1352.5	0	3	20	0.571	560.4	27.20	0.04122	991	81.17	-506.05	72.33	26.06	0.099431	0.0035701	0	0	0	991	71.6	28.10	561.25	27.217	28.02	0	101	5060.5	110205
103	"17:50:13"	1354.5	0	3	20	0.725	560.7	27.21	0.05236	991	81.19	-506.04	72.36	26.07	0.12702	0.0032762	0	0	0	991	71.6	28.10	561.23	27.234	28.03	0	101	5060.4	110205
104	"17:50:15"	1356.5	0	3	20	0.776	560.9	27.22	0.05608	991	81.24	-506.05	72.39	26.06	0.1357	0.0041233	0	0	0	991	71.6	28.11	561.14	27.246	28.03	0	101	5060.5	110205
105	"17:50:17"	1358.5	0	4	200	0.553	560.0	27.23	0.03998	991	81.22	-506.05	72.36	26.06	0.10049	0.0048311	0.0007039	-0.35421	0	991	71.6	28.11	561.78	27.238	28.03	0	101	5060.5	110205
106	"17:57:16"	1777.0	0	3	8	0.12	552.2	28.53	0.008705	991	82.60	-506.04	73.45	26.57	0.019838	0.0028701	0	0	0	991	71.6	28.66	552.40	28.545	28.58	0	101	5060.4	110205
107	"17:57:18"	1779.0	0	3	12	0.623	552.3	28.54	0.04503	991	82.57	-506.05	73.43	26.57	0.10932	0.0030834	0	0	0	991	71.6	28.66	552.79	28.543	28.58	0	101	5060.5	110205
108	"17:57:20"	1781.0	0	3	16	0.689	552.5	28.54	0.04979	991	82.59	-506.03	73.42	26.57	0.12061	0.0038449	0	0	0	991	71.6	28.67	553.05	28.542	28.58	0	101	5060.3	110205
109	"17:57:22"	1783.0	0	3	20	0.616	552.6	28.54	0.04451	991	82.54	-506.03	73.41	26.58	0.1079	0.0032906	0	0	0	991	71.6	28.67	553.38	28.543	28.59	0	101	5060.3	110205
110	"17:57:24"	1785.0	0	3	20	0.639	552.7	28.55	0.04616	991	82.62	-506.04	73.47	26.58	0.11238	0.0025976	0	0	0	991	71.6	28.67	553.29	28.570	28.59	0	101	5060.4	110205
111	"17:57:26"	1787.0	0	3	20	0.525	553.0	28.55	0.03791	991	82.67	-506.02	73.49	26.58	0.09202	0.0026022	0	0	0	991	71.6	28.67	553.22	28.580	28.59	0	101	5060.2	110205
112	"17:57:28"	1789.0	0	3	20	0.41	553.1	28.56	0.02964	991	82.67	-506.04	73.49	26.58	0.070629	0.0043658	0	0	0	991	71.6	28.68	553.40	28.586	28.59	0	101	5060.4	110205
113	"17:57:30"	1791.0	0	3	20	0.382	553.3	28.57	0.02758	991	82.62	-506.03	73.46	26.59	0.065709	0.004067	0	0	0	991	71.6	28.68	553.68	28.577	28.59	0	101	5060.3	110205
114	"17:57:32"	1793.0	0	3	20	0.464	553.5	28.57	0.03354	991	82.67	-506.03	73.49	26.58	0.080957	0.0031197	0	0	0	991	71.6	28.68	554.15	28.591	28.60	0	101	5060.3	110205
115	"17:57:34"	1795.0	0	3	20	0.556	553.6	28.58	0.04016	991	82.67	-506.04	73.47	26.58	0.098064	0.001733	0	0	0	991	71.6	28.68	554.08	28.590	28.60	0	101	5060.4	110205
116	"17:57:36"	1797.0	0	3	20	0.575	553.8	28.59	0.04153	991	82.66	-506.05	73.51	26.60	0.10168	0.0013142	0	0	0	991	71.6	28.69	554.29	28.610	28.60	0	101	5060.5	110205
117	"17:57:38"	1799.0	0	3	20	0.546	554.0	28.59	0.03947	991	82.71	-506.04	73.52	26.59	0.095609	0.0030655	0	0	0	991	71.6	28.69	554.47	28.620	28.61	0	101	5060.4	110205
118	"17:57:40"	1801.0	0	3	20	0.485	554.2	28.60	0.03505	991	82.70	-506.03	73.51	26.59	0.084047	0.0042059	0	0	0	991	71.6	28.69	554.55	28.620	28.61	0	101	5060.3	110205
119	"17:57:42"	1803.0	0	3	20	0.521	554.4	28.61	0.03767	991	82.68	-506.04	73.50	26.60	0.090505	0.0042273	0	0	0	991	71.6	28.69	554.93	28.617	28.61	0	101	5060.4	110205
120	"17:57:44"	1805.0	0	3	20	0.566	554.5	28.61	0.04092	991	82.65	-506.03	73.50	26.61	0.098668	0.0039799	0	0	0	991	71.6	28.70	555.02	28.622	28.61	0	101	5060.3	110205
121	"17:57:46"	1807.0	0	3	20	0.535	554.7	28.62	0.03866	991	82.70	-506.03	73.52	26.60	0.093517	0.0032396	0	0	0	991	71.6	28.70	555.18	28.634	28.61	0	101	5060.3	110205
122	"17:57:48"	1809.0	0	3	20	0.574	554.9	28.63	0.04149	991	82.69	-506.03	73.53	26.61	0.10108	0.0022173	0	0	0	991	71.6	28.70	555.50	28.644	28.62	0	101	5060.3	110205
123	"17:57:50"	1811.0	0	3	20	0.591	555.1	28.63	0.04269	991	82.73	-506.05	73.54	26.61	0.10386	0.002531	0	0	0	991	71.6	28.71	555.74	28.650	28.62	0	101	5060.5	110205
124	"17:57:52"	1813.0	0	3	20	0.552	555.3	28.64	0.03988	991	82.67	-506.05	73.49	26.61	0.096376	0.0034943	0	0	0	991	71.6	28.71	555.70	28.640	28.63	0	101	5060.5	110205
125	"17:57:54"	1815.0	0	3	20	0.445	555.5	28.64	0.03215	991	82.69	-506.05	73.52	26.62	0.077463	0.0032084	0	0	0	991	71.6	28.71	556.00	28.652	28.63	0	101	5060.5	110205
126	"17:57:56"	1817.0	0	3	20	0.519	555.7	28.65	0.03752	991	82.72	-506.03	73.56	26.62	0.090688	0.0032515	0	0	0	991	71.6	28.71	556.21	28.673	28.63	0	101	5060.3	110205
127	"17:57:58"	1819.0	0	3	20	0.551	555.9	28.66	0.03981	991	82.72	-506.05	73.56	26.62	0.096191	0.0035076	0	0	0	991	71.6	28.72	556.33	28.677	28.63	0	101	5060.5	110205
128	"17:58:00"	1821.0	0	3	20	0.579	556.1	28.66	0.04182	991	82.73	-506.05	73.56	26.62	0.10121	0.0034216	0	0	0	991	71.6	28.72	556.55	28.683	28.63	0	101	5060.5	110205
129	"17:58:02"	1823.0	0	3	20	0.595	556.3	28.67	0.04295	991	82.75	-506.04	73.57	26.63	0.10327	0.0046966	0	0	0	991	71.6	28.72	556.94	28.690	28.64	0	101	5060.4	110205
130	"17:58:04"	1825.0	0	3	20	0.565	556.5	28.68	0.04084	991	82.73	-506.04	73.57	26.63	0.098101	0.0046328	0	0	0	991	71.6	28.72	556.90	28.696	28.64	0	101	5060.4	110205
131	"17:58:06"	1827.0	0	3	20	0.555	556.7	28.69	0.04008	991	82.74	-506.05	73.56	26.63	0.097043	0.003203	0	0	0	991	71.6	28.73	557.47	28.698	28.64	0	101	5060.5	110205
132	"17:58:08"	1829.0	0	3	20	0.632	556.9	28.69	0.04567	991	82.80	-506.04	73.60	26.63	0.11091	0.0030354	0	0	0	991	71.6	28.73	557.38	28.716	28.64	0	101	5060.4	110205
133	"17:58:10"	1831.0	0	3	20	0.588	557.1	28.70	0.04246	991	82.80	-506.04	73.59	26.63	0.10284	0.0033231	0	0	0	991	71.6	28.73	557.66	28.715	28.65	0	101	5060.4	110205
134	"17:58:12"	1833.0	0	3	20	0.549	557.3	28.71	0.03968	991	82.78	-506.03	73.59	26.64	0.095796	0.0036385	0	0	0	991	71.6	28.73	557.89	28.721	28.65	0	101	5060.3	110205
135	"17:58:14"	1835.0	0	3	20	0.592	557.5	28.71	0.04279	991	82.80	-506.03	73.60	26.64	0.10318	0.0041318	0	0	0	991	71.6	28.74	558.09	28.729	28.65	0	101	5060.3	110205
136	"17:58:16"	1837.0	0	3	20	0.48	557.7	28.72	0.03465	991	82.77	-506.04	73.58	26.64	0.083625	0.0032327	0	0	0	991	71.6	28.74	558.24	28.725	28.65	0	101	5060.4	110205
137	"17:58:18"	1839.0	0	3	20	0.537	557.9	28.73	0.0388	991	82.79	-506.05	73.63	26.65	0.094083	0.002842	0	0	0	991	71.6	28.74	558.28	28.750	28.66	0	101	5060.5	110205
138	"17:58:20"	1841.0	0	3	20	0.486	558.1	28.73	0.03514	991	82.78	-506.05	73.66	26.66	0.084571	0.0036799	0	0	0	991	71.6	28.75	558.71	28.762	28.66	0	101	5060.5	110205
139	"17:58:22"	1843.0	0	3	20	0.517	558.2	28.74	0.03737	991	82.78	-506.04	73.63	26.66	0.090295	0.0032911	0	0	0	991	71.6	28.75	558.72	28.757	28.66	0	101	5060.4	110205
140	"17:58:24"	1845.0	0	3	20	0.545	558.4	28.75	0.03935	991	82.77	-506.04	73.60	26.66	0.095185	0.0033059	0	0	0	991	71.6	28.75	558.97	28.750	28.66	0	101	5060.4	110205
141	"17:58:26"	1847.0	0	3	20	0.615	558.7	28.75	0.04443	991	82.84	-506.06	73.63	26.65	0.10829	0.0023137	0	0	0	991	71.6	28.75	559.16	28.768	28.67	0	101	5060.6	110205
142	"17:58:28"	1849.0	0	3	20	0.648	558.9	28.76	0.04684	991	82.90	-506.04	73.71	26.66	0.11395	0.0027778	0	0	0	991	71.6	28.75	559.32	28.804	28.67	0	101	5060.4	110205
143	"17:58:30"	1851.0	0	3	20	0.576	559.1	28.77	0.04158	991	82.81	-506.04	73.62	26.66	0.10013	0.0042599	0	0	0	991	71.6	28.76	559.71	28.774	28.67	0	101	5060.4	110205
144	"17:58:32"	1853.0	0	3	20	0.519	559.2	28.77	0.0375	991	82.80	-506.05	73.64	26.67	0.090569	0.0034007	0	0	0	991	71.6	28.76	559.76	28.779	28.67	0	101	5060.5	110205
145	"17:58:34"	1855.0	0	3	20	0.478	559.4	28.78	0.03453	991	82.85	-506.04	73.67	26.67	0.083878	0.0022716	0	0	0	991	71.6	28.76	559.89	28.796	28.68	0	101	5060.4	110205
146	"17:58:36"	1857.0	0	3	20	0.481	559.6	28.78	0.03474	991	82.80	-506.03	73.63	26.67	0.085353	0.00062987	0	0	0	991	71.6	28.77	560.05	28.787	28.68	0	101	5060.3	110205
147	"17:58:38"	1859.0	0	3	20	0.502	559.8	28.79	0.03625	991	82.85	-506.04	73.69	26.68	0.088805	0.0010872	0	0	0	991	71.6	28.77	560.08	28.811	28.68	0	101	5060.4	110205
148	"17:58:40"	1861.0	0	3	20	0.501	560.0	28.79	0.03618	991	82.88	-506.04	73.68	26.67	0.087465	0.0031149	0	0	0	991	71.6	28.77	560.56	28.813	28.69	0	101	5060.4	110205
149	"17:58:42"	1863.0	0	3	20	0.613	560.2	28.80	0.04427	991	82.84	-506.04	73.65	26.67	0.10673	0.004327	0	0	0	991	71.6	28.77	560.76	28.805	28.69	0	101	5060.4	110205
150	"17:58:44"	1865.0	0	3	20	0.694	560.4	28.80	0.05015	991	82.92	-506.03	73.73	26.68	0.12156	0.0037484	0	0	0	991	71.6	28.77	560.80	28.839	28.69	0	101	5060.3	110205
151	"17:58:46"	1867.0	0	3	20	0.599	560.6	28.81	0.04327	991	82.91	-506.05	73.70	26.68	0.10388	0.0049847	0	0	0	991	71.6	28.78	561.06	28.835	28.69	0	101	5060.5	110205
152	"17:58:48"	1869.0	0	3	20	0.661	560.8	28.82	0.04774	991	82.87	-506.05	73.70	26.69	0.11558	0.0038142	0	0	0	991	71.6	28.78	561.71	28.840	28.70	0	101	5060.5	110205
153	"17:58:50"	1871.0	0	3	20	0.552	561.0	28.83	0.03985	991	82.91	-506.05	73.70	26.68	0.096936	0.0024168	0	0	0	991	71.6	28.78	561.56	28.844	28.70	0	101	5060.5	110205
154	"17:58:52"	1873.0	0	3	20	0.692	561.3	28.83	0.04999	991	82.91	-506.04	73.72	26.69	0.12178	0.0026795	0	0	0	991	71.6	28.79	562.11	28.852	28.70	0	101	5060.4	110205
155	"17:58:54"	1875.0	0	3	20	0.667	561.5	28.84	0.04815	991	82.89	-506.04	73.71	26.69	0.11771	0.0019096	0	0	0	991	71.6	28.79	562.00	28.853	28.70	0	101	5060.4	110205
156	"17:58:56"	1877.0	0	4	200	0.584	560.0	28.84	0.0422	991	82.92	-506.04	73.72	26.69	0.094703	0.0031947	0.00060897	-0.29882	0	991	71.6	28.79	561.99	28.863	28.71	0	101	5060.4	110205
