"OPEN 5.3.2"
"Thr May 30 2019 13:04:26"
"Unit="	"PSC-895"
"ComputeList="	"/User/Configs/Comps/Soil Efflux Eqns.LPL"
"BLCTable="	"/Sys/Lib/StdBLCTable"
"LightSource="	"Sun+Sky"	1	0.19
"LogFormat="	"/User/Configs/LogFormats/Soil Efflux Log Fmt"
"LogCodes="	-35	-21	-36	-104	310	311	320	302	303	306	304	321	322	323	324	300	301	330	331	305	307	308	-8	-2	-5	-9	-13	-11	-61	-23
"PromptList="	"/User/Configs/Prompts/Soil Efflux Prompts"
"Stability= (CO2S 15s SLP<1)(H2OS 15s SLP<1)(Flow 15s SLP<1)"
"13:04:28 "
$STARTOFDATA$
"Obs"	"HHMMSS"	"FTime"	"Plot#"	"Mode"	"Smpls"	"EFFLUX"	"C2avg"	"Wavg"	"dc'/dt"	"Vtot"	"RHcmbr%"	"Tsoil_C"	"RHirga%"	"Tsch_C"	"dC/dt"	"dW/dt"	"R(C)m"	"R(C)b"	"InsDpth"	"Vbase"	"Area"	"TBlk"	"CO2S"	"H2OS"	"Tair"	"PARo"	"Press"	"uc_21_mV"	"Status"
1	"13:07:12"	177.0	0	3	8	0.549	545.3	27.48	0.03966	991	81.49	-506.06	72.04	26.21	0.090476	0.012431	0	0	0	991	71.6	28.37	545.39	27.497	28.31	0	101.2	5060.6	110205
2	"13:07:14"	179.0	0	3	12	0.631	545.4	27.49	0.04558	991	81.52	-506.06	72.08	26.21	0.10712	0.0086636	0	0	0	991	71.6	28.38	545.77	27.514	28.31	0	101.2	5060.6	110205
3	"13:07:16"	181.0	0	3	16	0.544	545.5	27.50	0.03934	991	81.60	-506.06	72.17	26.22	0.091325	0.0094972	0	0	0	991	71.6	28.38	546.06	27.549	28.31	0	101.2	5060.6	110205
4	"13:07:18"	183.0	0	3	20	0.685	545.6	27.51	0.04947	991	81.65	-506.05	72.21	26.22	0.11593	0.010007	0	0	0	991	71.6	28.38	546.34	27.562	28.31	0	101.2	5060.5	110205
5	"13:07:20"	185.0	0	3	20	0.721	545.8	27.53	0.05212	991	81.74	-506.06	72.29	26.22	0.12228	0.010296	0	0	0	991	71.6	28.38	546.32	27.594	28.31	0	101.2	5060.6	110205
6	"13:07:22"	187.0	0	3	20	0.71	546.1	27.55	0.05132	991	81.81	-506.06	72.36	26.22	0.11908	0.012502	0	0	0	991	71.6	28.38	546.92	27.620	28.31	0	101.2	5060.6	110205
7	"13:07:24"	189.0	0	3	20	0.673	546.3	27.58	0.04864	991	81.85	-506.07	72.38	26.22	0.11313	0.011362	0	0	0	991	71.6	28.38	547.07	27.632	28.32	0	101.2	5060.7	110205
8	"13:07:26"	191.0	0	3	20	0.652	546.6	27.60	0.04709	991	81.95	-506.07	72.44	26.21	0.11009	0.0099703	0	0	0	991	71.6	28.38	547.39	27.655	28.32	0	101.2	5060.6	110205
9	"13:07:28"	193.0	0	3	20	0.752	546.8	27.62	0.05435	991	81.99	-506.05	72.49	26.21	0.12831	0.0093178	0	0	0	991	71.6	28.38	547.41	27.671	28.31	0	101.2	5060.5	110205
10	"13:07:30"	195.0	0	3	20	0.764	547.0	27.64	0.05518	991	82.01	-506.07	72.51	26.22	0.13099	0.0081755	0	0	0	991	71.6	28.38	547.51	27.686	28.32	0	101.2	5060.7	110205
11	"13:07:32"	197.0	0	3	20	0.664	547.3	27.65	0.04797	991	82.08	-506.08	72.54	26.21	0.11289	0.0088415	0	0	0	991	71.6	28.38	548.00	27.696	28.32	0	101.2	5060.8	110205
12	"13:07:34"	199.0	0	3	20	0.641	547.5	27.67	0.04628	991	82.10	-506.06	72.57	26.21	0.10803	0.010072	0	0	0	991	71.6	28.38	548.27	27.709	28.32	0	101.2	5060.6	110205
13	"13:07:36"	201.0	0	3	20	0.729	547.8	27.69	0.05266	991	82.17	-506.06	72.67	26.22	0.12418	0.009241	0	0	0	991	71.6	28.38	548.46	27.745	28.32	0	101.2	5060.6	110205
14	"13:07:38"	203.0	0	3	20	0.769	548.0	27.71	0.05557	991	82.12	-506.06	72.69	26.24	0.1306	0.010531	0	0	0	991	71.6	28.38	548.56	27.755	28.32	0	101.2	5060.6	110205
15	"13:07:40"	205.0	0	3	20	0.791	548.3	27.73	0.05713	991	82.16	-506.06	72.72	26.23	0.13427	0.010846	0	0	0	991	71.6	28.38	548.96	27.764	28.32	0	101.2	5060.6	110205
16	"13:07:42"	207.0	0	3	20	0.649	548.5	27.75	0.04687	991	82.23	-506.06	72.81	26.24	0.1097	0.0096939	0	0	0	991	71.6	28.38	549.30	27.800	28.32	0	101.2	5060.6	110205
17	"13:07:44"	209.0	0	3	20	0.604	548.8	27.77	0.04361	991	82.30	-506.06	72.87	26.25	0.10139	0.010198	0	0	0	991	71.6	28.38	549.39	27.827	28.32	0	101.2	5060.6	110205
18	"13:07:46"	211.0	0	3	20	0.762	549.0	27.79	0.05509	991	82.31	-506.05	72.90	26.25	0.13022	0.0091119	0	0	0	991	71.6	28.38	549.71	27.835	28.32	0	101.2	5060.5	110205
19	"13:07:48"	213.0	0	3	20	0.797	549.3	27.81	0.05755	991	82.35	-506.04	72.97	26.26	0.13659	0.0085449	0	0	0	991	71.6	28.38	549.57	27.863	28.32	0	101.2	5060.4	110205
20	"13:07:50"	215.0	0	3	20	0.648	549.5	27.82	0.04684	991	82.37	-506.06	72.98	26.25	0.11009	0.0088578	0	0	0	991	71.6	28.38	550.08	27.867	28.32	0	101.2	5060.6	110205
21	"13:07:52"	217.0	0	3	20	0.623	549.7	27.84	0.045	991	82.40	-506.06	73.03	26.26	0.10605	0.0080123	0	0	0	991	71.6	28.38	550.28	27.889	28.32	0	101.2	5060.6	110205
22	"13:07:54"	219.0	0	3	20	0.646	550.0	27.86	0.04671	991	82.46	-506.05	73.10	26.26	0.10974	0.0089126	0	0	0	991	71.6	28.38	550.58	27.915	28.32	0	101.2	5060.5	110205
23	"13:07:56"	221.0	0	3	20	0.71	550.2	27.88	0.05133	991	82.53	-506.04	73.10	26.25	0.12014	0.01058	0	0	0	991	71.6	28.38	550.84	27.915	28.32	0	101.2	5060.4	110205
24	"13:07:58"	223.0	0	3	20	0.786	550.4	27.90	0.05682	991	82.57	-506.06	73.17	26.26	0.1343	0.0093862	0	0	0	991	71.6	28.38	551.01	27.943	28.32	0	101.2	5060.6	110205
25	"13:08:00"	225.0	0	3	20	0.626	550.6	27.91	0.04524	991	82.66	-506.05	73.21	26.25	0.10631	0.0085651	0	0	0	991	71.6	28.38	551.02	27.959	28.32	0	101.2	5060.5	110205
26	"13:08:02"	227.0	0	3	20	0.572	550.9	27.93	0.04134	991	82.72	-506.06	73.25	26.25	0.09751	0.0071774	0	0	0	991	71.6	28.38	551.40	27.977	28.32	0	101.2	5060.6	110205
27	"13:08:04"	229.0	0	3	20	0.606	551.0	27.95	0.04375	991	82.78	-506.06	73.29	26.25	0.10311	0.0077607	0	0	0	991	71.6	28.39	551.58	27.994	28.32	0	101.2	5060.6	110205
28	"13:08:06"	231.0	0	3	20	0.608	551.3	27.96	0.0439	991	82.82	-506.07	73.33	26.25	0.10277	0.0089969	0	0	0	991	71.6	28.39	551.96	28.010	28.33	0	101.2	5060.7	110205
29	"13:08:08"	233.0	0	3	20	0.749	551.5	27.98	0.0541	991	82.93	-506.04	73.37	26.23	0.12769	0.0092628	0	0	0	991	71.6	28.38	552.44	28.023	28.32	0	101.2	5060.4	110205
30	"13:08:10"	235.0	0	3	20	0.842	551.8	28.00	0.06082	991	83.01	-506.05	73.40	26.23	0.14462	0.0084954	0	0	0	991	71.6	28.39	552.36	28.040	28.33	0	101.2	5060.5	110205
31	"13:08:12"	237.0	0	3	20	0.801	552.0	28.02	0.05789	991	83.06	-506.05	73.47	26.23	0.13768	0.0080533	0	0	0	991	71.6	28.39	552.72	28.068	28.33	0	101.2	5060.5	110205
32	"13:08:14"	239.0	0	3	20	0.763	552.3	28.03	0.05511	991	82.99	-506.05	73.49	26.25	0.13044	0.008782	0	0	0	991	71.6	28.39	552.96	28.074	28.33	0	101.2	5060.5	110205
33	"13:08:16"	241.0	0	3	20	0.686	552.6	28.05	0.04955	991	83.01	-506.06	73.52	26.26	0.1167	0.0089082	0	0	0	991	71.6	28.39	553.22	28.086	28.33	0	101.2	5060.6	110205
34	"13:08:18"	243.0	0	3	20	0.7	552.8	28.07	0.05055	991	82.96	-506.05	73.55	26.27	0.11927	0.0087067	0	0	0	991	71.6	28.39	553.38	28.098	28.33	0	101.2	5060.5	110205
35	"13:08:20"	245.0	0	3	20	0.67	553.0	28.08	0.04844	991	83.07	-506.06	73.62	26.27	0.11477	0.0075058	0	0	0	991	71.6	28.39	553.61	28.127	28.33	0	101.2	5060.6	110205
36	"13:08:22"	247.0	0	3	20	0.702	553.3	28.10	0.05072	991	83.14	-506.07	73.65	26.26	0.12036	0.0075223	0	0	0	991	71.6	28.39	554.05	28.137	28.33	0	101.2	5060.7	110205
37	"13:08:24"	249.0	0	3	20	0.795	553.5	28.11	0.05745	991	83.21	-506.06	73.66	26.25	0.13676	0.0077339	0	0	0	991	71.6	28.39	554.24	28.145	28.33	0	101.2	5060.6	110205
38	"13:08:26"	251.0	0	3	20	0.791	553.8	28.13	0.05712	991	83.27	-506.05	73.73	26.25	0.13615	0.0074048	0	0	0	991	71.6	28.39	554.46	28.172	28.33	0	101.2	5060.5	110205
39	"13:08:28"	253.0	0	3	20	0.737	554.0	28.14	0.05328	991	83.33	-506.06	73.73	26.24	0.12746	0.0060776	0	0	0	991	71.6	28.39	554.55	28.170	28.33	0	101.2	5060.6	110205
40	"13:08:30"	255.0	0	3	20	0.608	554.3	28.16	0.04395	991	83.39	-506.04	73.83	26.25	0.10441	0.0062832	0	0	0	991	71.6	28.39	554.76	28.207	28.33	0	101.2	5060.4	110205
41	"13:08:32"	257.0	0	3	20	0.512	554.5	28.17	0.03702	991	83.40	-506.07	73.85	26.26	0.086699	0.0074957	0	0	0	991	71.6	28.39	554.88	28.218	28.33	0	101.2	5060.7	110205
42	"13:08:33"	258.0	0	4	162	0.695	550.0	28.17	0.0502	991	83.39	-506.06	73.84	26.25	0.084699	0.0077969	0.00020102	-0.060363	0	991	71.6	28.39	555.02	28.212	28.33	0	101.2	5060.6	110205
43	"13:10:39"	384.0	0	3	8	1.05	545.1	28.55	0.07577	991	84.29	-506.07	74.83	26.28	0.18388	0.0041857	0	0	0	991	71.6	28.38	545.54	28.567	28.31	0	101.2	5060.7	110205
44	"13:10:41"	386.0	0	3	12	1.23	545.4	28.56	0.08861	991	84.25	-506.06	74.83	26.29	0.21435	0.0060948	0	0	0	991	71.6	28.38	545.85	28.566	28.31	0	101.2	5060.6	110205
45	"13:10:43"	388.0	0	3	16	0.892	545.5	28.56	0.06441	991	84.32	-506.05	74.90	26.29	0.15524	0.005486	0	0	0	991	71.6	28.37	546.11	28.589	28.31	0	101.2	5060.5	110205
46	"13:10:45"	390.0	0	3	20	0.861	545.6	28.57	0.06219	991	84.43	-506.07	74.96	26.28	0.14936	0.0062144	0	0	0	991	71.6	28.38	546.49	28.616	28.31	0	101.2	5060.7	110205
47	"13:10:47"	392.0	0	3	20	0.73	545.9	28.58	0.05277	991	84.34	-506.06	74.95	26.30	0.12619	0.0062528	0	0	0	991	71.6	28.37	546.76	28.611	28.31	0	101.2	5060.6	110205
48	"13:10:49"	394.0	0	3	20	0.669	546.2	28.59	0.04833	991	84.37	-506.05	74.96	26.30	0.11512	0.0065365	0	0	0	991	71.6	28.38	546.87	28.613	28.31	0	101.2	5060.5	110205
49	"13:10:51"	396.0	0	3	20	0.76	546.4	28.61	0.05489	991	84.46	-506.06	75.05	26.30	0.13092	0.0071143	0	0	0	991	71.6	28.38	547.28	28.652	28.31	0	101.2	5060.6	110205
50	"13:10:53"	398.0	0	3	20	0.79	546.7	28.62	0.05706	991	84.46	-506.06	75.06	26.30	0.13647	0.0066949	0	0	0	991	71.6	28.37	547.19	28.652	28.31	0	101.2	5060.6	110205
51	"13:10:55"	400.0	0	3	20	0.719	546.9	28.63	0.05197	991	84.50	-506.07	75.08	26.30	0.12396	0.0067294	0	0	0	991	71.6	28.38	547.73	28.663	28.31	0	101.2	5060.7	110205
52	"13:10:57"	402.0	0	3	20	0.649	547.2	28.64	0.04689	991	84.56	-506.05	75.13	26.29	0.11194	0.0058882	0	0	0	991	71.6	28.38	547.77	28.676	28.31	0	101.2	5060.5	110205
53	"13:10:59"	404.0	0	3	20	0.68	547.4	28.66	0.0491	991	84.60	-506.06	75.13	26.29	0.11757	0.0055297	0	0	0	991	71.6	28.38	547.96	28.681	28.31	0	101.2	5060.6	110205
54	"13:11:01"	406.0	0	3	20	0.741	547.7	28.67	0.05353	991	84.67	-506.05	75.22	26.29	0.12857	0.0053092	0	0	0	991	71.6	28.38	548.73	28.714	28.31	0	101.2	5060.5	110205
55	"13:11:03"	408.0	0	3	20	0.864	548.0	28.68	0.06239	991	84.62	-506.07	75.18	26.30	0.14957	0.0066827	0	0	0	991	71.6	28.38	548.51	28.700	28.31	0	101.2	5060.7	110205
56	"13:11:05"	410.0	0	3	20	0.807	548.2	28.69	0.05831	991	84.68	-506.06	75.25	26.30	0.13994	0.0059818	0	0	0	991	71.6	28.38	548.88	28.730	28.32	0	101.2	5060.6	110205
57	"13:11:07"	412.0	0	3	20	0.757	548.5	28.70	0.05468	991	84.67	-506.06	75.24	26.30	0.13114	0.0057684	0	0	0	991	71.6	28.38	549.45	28.725	28.31	0	101.2	5060.6	110205
58	"13:11:09"	414.0	0	3	20	0.819	548.8	28.71	0.05919	991	84.81	-506.06	75.32	26.29	0.1425	0.0052546	0	0	0	991	71.6	28.38	549.55	28.757	28.32	0	101.2	5060.6	110205
59	"13:11:11"	416.0	0	3	20	0.823	549.1	28.73	0.05943	991	84.75	-506.05	75.32	26.30	0.14281	0.0057615	0	0	0	991	71.6	28.38	549.73	28.756	28.31	0	101.2	5060.5	110205
60	"13:11:13"	418.0	0	3	20	0.826	549.4	28.74	0.05967	991	84.72	-506.06	75.36	26.32	0.14251	0.0073613	0	0	0	991	71.6	28.38	550.26	28.771	28.31	0	101.2	5060.6	110205
61	"13:11:15"	420.0	0	3	20	0.741	549.6	28.75	0.05351	991	84.76	-506.06	75.38	26.31	0.1278	0.0065755	0	0	0	991	71.6	28.38	550.26	28.781	28.32	0	101.2	5060.6	110205
62	"13:11:17"	422.0	0	3	20	0.624	549.9	28.76	0.04508	991	84.87	-506.06	75.41	26.30	0.10721	0.006349	0	0	0	991	71.6	28.38	550.52	28.793	28.32	0	101.2	5060.6	110205
63	"13:11:19"	424.0	0	3	20	0.762	550.1	28.78	0.05506	991	84.83	-506.05	75.44	26.32	0.13261	0.004806	0	0	0	991	71.6	28.38	551.21	28.805	28.32	0	101.2	5060.5	110205
64	"13:11:21"	426.0	0	3	20	0.876	550.4	28.79	0.0633	991	84.95	-506.05	75.51	26.31	0.15226	0.0058867	0	0	0	991	71.6	28.38	550.96	28.833	28.32	0	101.2	5060.5	110205
65	"13:11:23"	428.0	0	3	20	0.751	550.7	28.80	0.05428	991	84.87	-506.07	75.49	26.32	0.1295	0.0069361	0	0	0	991	71.6	28.38	551.41	28.824	28.32	0	101.2	5060.7	110205
66	"13:11:25"	430.0	0	3	20	0.731	550.9	28.81	0.05281	991	84.94	-506.05	75.55	26.32	0.12637	0.0060662	0	0	0	991	71.6	28.38	551.87	28.847	28.32	0	101.2	5060.5	110205
67	"13:11:27"	432.0	0	3	20	0.73	551.2	28.82	0.05277	991	84.97	-506.04	75.55	26.31	0.12633	0.0059354	0	0	0	991	71.6	28.38	552.00	28.846	28.32	0	101.2	5060.4	110205
68	"13:11:29"	434.0	0	3	20	0.676	551.5	28.83	0.04882	991	84.97	-506.07	75.58	26.32	0.11815	0.0032515	0	0	0	991	71.6	28.38	552.01	28.863	28.32	0	101.2	5060.7	110205
69	"13:11:31"	436.0	0	3	20	0.84	551.7	28.84	0.06067	991	85.03	-506.06	75.61	26.32	0.14699	0.0037638	0	0	0	991	71.6	28.38	552.53	28.876	28.32	0	101.2	5060.6	110205
70	"13:11:33"	438.0	0	3	20	0.754	552.0	28.85	0.05445	991	85.00	-506.05	75.65	26.33	0.13067	0.0055981	0	0	0	991	71.6	28.38	552.47	28.887	28.32	0	101.2	5060.5	110205
71	"13:11:35"	440.0	0	3	20	0.625	552.2	28.86	0.04512	991	85.03	-506.06	75.67	26.33	0.10795	0.0052116	0	0	0	991	71.6	28.38	552.96	28.900	28.32	0	101.2	5060.6	110205
72	"13:11:37"	442.0	0	3	20	0.735	552.5	28.87	0.05309	991	85.10	-506.05	75.71	26.33	0.12645	0.007106	0	0	0	991	71.6	28.38	553.12	28.916	28.32	0	101.2	5060.5	110205
73	"13:11:39"	444.0	0	3	20	0.702	552.7	28.89	0.05072	991	85.14	-506.07	75.71	26.32	0.12105	0.0063879	0	0	0	991	71.6	28.38	553.48	28.912	28.32	0	101.2	5060.7	110205
74	"13:11:41"	446.0	0	3	20	0.852	553.0	28.90	0.06153	991	85.14	-506.06	75.72	26.32	0.14826	0.0052506	0	0	0	991	71.6	28.38	553.67	28.917	28.32	0	101.2	5060.6	110205
75	"13:11:43"	448.0	0	3	20	0.814	553.3	28.91	0.05884	991	85.15	-506.06	75.78	26.33	0.14247	0.0038042	0	0	0	991	71.6	28.38	553.93	28.940	28.32	0	101.2	5060.6	110205
76	"13:11:45"	450.0	0	3	20	0.689	553.5	28.92	0.04978	991	85.13	-506.06	75.76	26.33	0.12041	0.0034424	0	0	0	991	71.6	28.38	554.08	28.935	28.32	0	101.2	5060.6	110205
77	"13:11:47"	452.0	0	3	20	0.693	553.8	28.92	0.05007	991	85.13	-506.07	75.78	26.34	0.12131	0.0030859	0	0	0	991	71.6	28.39	554.38	28.944	28.32	0	101.2	5060.7	110205
78	"13:11:49"	454.0	0	3	20	0.612	554.0	28.93	0.04425	991	85.21	-506.05	75.79	26.32	0.10589	0.0050359	0	0	0	991	71.6	28.39	554.64	28.949	28.32	0	101.2	5060.5	110205
79	"13:11:51"	456.0	0	3	20	0.802	554.2	28.94	0.05792	991	85.30	-506.06	75.84	26.32	0.13937	0.0052408	0	0	0	991	71.6	28.39	554.84	28.967	28.32	0	101.2	5060.6	110205
80	"13:11:52"	457.0	0	4	146	0.769	550.0	28.94	0.05554	991	85.28	-506.05	75.83	26.32	0.13838	0.0052519	-0.0012161	0.72441	0	991	71.6	28.39	555.48	28.961	28.32	0	101.2	5060.5	110205
81	"13:13:47"	572.5	0	3	8	0.637	545.1	29.14	0.04601	991	85.73	-506.06	76.22	26.34	0.1128	0.00054164	0	0	0	991	71.6	28.41	545.49	29.147	28.34	0	101.2	5060.6	110205
82	"13:13:49"	574.5	0	3	12	0.757	545.2	29.14	0.0547	991	85.71	-506.06	76.24	26.34	0.13349	0.0017435	0	0	0	991	71.6	28.41	545.69	29.155	28.34	0	101.2	5060.6	110205
83	"13:13:51"	576.5	0	3	16	0.732	545.4	29.15	0.05288	991	85.75	-506.05	76.27	26.34	0.12736	0.0046961	0	0	0	991	71.6	28.41	545.98	29.166	28.34	0	101.2	5060.5	110205
84	"13:13:53"	578.5	0	3	20	0.848	545.5	29.15	0.06129	991	85.69	-506.06	76.27	26.35	0.14839	0.0040992	0	0	0	991	71.6	28.41	546.06	29.162	28.34	0	101.2	5060.6	110205
85	"13:13:55"	580.5	0	3	20	0.848	545.8	29.16	0.06128	991	85.70	-506.05	76.27	26.35	0.14835	0.0041141	0	0	0	991	71.6	28.41	546.40	29.167	28.34	0	101.2	5060.5	110205
86	"13:13:57"	582.5	0	3	20	0.806	546.1	29.16	0.05824	991	85.83	-506.04	76.34	26.34	0.14105	0.0038014	0	0	0	991	71.6	28.41	546.95	29.189	28.34	0	101.2	5060.4	110205
87	"13:13:59"	584.5	0	3	20	0.849	546.4	29.17	0.06132	991	85.71	-506.05	76.30	26.36	0.14892	0.0032813	0	0	0	991	71.6	28.41	547.06	29.177	28.34	0	101.2	5060.5	110205
88	"13:14:01"	586.5	0	3	20	0.831	546.7	29.18	0.06006	991	85.79	-506.06	76.35	26.35	0.14557	0.0037084	0	0	0	991	71.6	28.41	547.33	29.196	28.34	0	101.2	5060.6	110205
89	"13:14:03"	588.5	0	3	20	0.834	547.0	29.19	0.06024	991	85.92	-506.06	76.42	26.34	0.14581	0.0040468	0	0	0	991	71.6	28.41	547.73	29.225	28.34	0	101.2	5060.6	110205
90	"13:14:05"	590.5	0	3	20	0.806	547.2	29.20	0.05825	991	85.83	-506.06	76.40	26.35	0.14064	0.0045435	0	0	0	991	71.6	28.41	547.79	29.214	28.34	0	101.2	5060.6	110205
91	"13:14:07"	592.5	0	3	20	0.671	547.5	29.20	0.04845	991	85.80	-506.06	76.41	26.36	0.11671	0.0042626	0	0	0	991	71.6	28.41	548.11	29.222	28.34	0	101.2	5060.6	110205
92	"13:14:09"	594.5	0	3	20	0.691	547.7	29.21	0.04989	991	85.92	-506.06	76.43	26.34	0.11982	0.0050269	0	0	0	991	71.6	28.41	548.32	29.229	28.34	0	101.2	5060.6	110205
93	"13:14:11"	596.5	0	3	20	0.758	548.0	29.22	0.05477	991	85.94	-506.08	76.48	26.35	0.13253	0.0037408	0	0	0	991	71.6	28.41	548.82	29.246	28.34	0	101.2	5060.8	110205
94	"13:14:13"	598.5	0	3	20	0.707	548.2	29.23	0.05106	991	86.04	-506.06	76.52	26.34	0.1234	0.0037561	0	0	0	991	71.6	28.41	548.78	29.262	28.34	0	101.2	5060.6	110205
95	"13:14:15"	600.5	0	3	20	0.701	548.5	29.24	0.05064	991	85.97	-506.06	76.51	26.35	0.12164	0.0050638	0	0	0	991	71.6	28.41	549.31	29.258	28.34	0	101.2	5060.6	110205
96	"13:14:17"	602.5	0	3	20	0.749	548.8	29.25	0.05409	991	86.01	-506.07	76.56	26.36	0.13044	0.0045245	0	0	0	991	71.6	28.41	549.59	29.278	28.34	0	101.2	5060.7	110205
97	"13:14:19"	604.5	0	3	20	0.777	549.0	29.26	0.05617	991	85.99	-506.05	76.56	26.36	0.13548	0.0046352	0	0	0	991	71.6	28.41	549.66	29.278	28.34	0	101.2	5060.5	110205
98	"13:14:21"	606.5	0	3	20	0.78	549.3	29.26	0.05634	991	86.06	-506.06	76.60	26.35	0.13658	0.0034153	0	0	0	991	71.6	28.41	549.86	29.293	28.34	0	101.2	5060.6	110205
99	"13:14:23"	608.5	0	3	20	0.77	549.6	29.27	0.05565	991	86.08	-506.06	76.61	26.35	0.13509	0.0030333	0	0	0	991	71.6	28.41	550.30	29.296	28.34	0	101.2	5060.6	110205
100	"13:14:25"	610.5	0	3	20	0.772	549.9	29.28	0.0558	991	86.02	-506.06	76.60	26.36	0.13514	0.0036045	0	0	0	991	71.6	28.41	550.45	29.296	28.34	0	101.2	5060.6	110205
101	"13:14:27"	612.5	0	3	20	0.835	550.1	29.28	0.06034	991	86.00	-506.06	76.62	26.37	0.14663	0.0030372	0	0	0	991	71.6	28.41	551.06	29.301	28.34	0	101.2	5060.6	110205
102	"13:14:29"	614.5	0	3	20	1.04	550.5	29.29	0.07491	991	86.12	-506.07	76.70	26.37	0.18187	0.0040792	0	0	0	991	71.6	28.41	551.38	29.332	28.34	0	101.2	5060.7	110205
103	"13:14:31"	616.5	0	3	20	1.02	550.8	29.30	0.074	991	86.07	-506.07	76.68	26.37	0.17946	0.0043667	0	0	0	991	71.6	28.41	551.57	29.325	28.34	0	101.2	5060.7	110205
104	"13:14:33"	618.5	0	3	20	0.928	551.1	29.31	0.06705	991	86.13	-506.07	76.70	26.36	0.16198	0.0050452	0	0	0	991	71.6	28.41	551.56	29.332	28.34	0	101.2	5060.7	110205
105	"13:14:35"	620.5	0	3	20	0.849	551.4	29.32	0.06136	991	86.15	-506.07	76.72	26.36	0.1479	0.0052019	0	0	0	991	71.6	28.41	552.03	29.342	28.34	0	101.2	5060.7	110205
106	"13:14:37"	622.5	0	3	20	0.589	551.7	29.33	0.04257	991	86.13	-506.06	76.70	26.36	0.10262	0.0035906	0	0	0	991	71.6	28.41	552.10	29.335	28.34	0	101.2	5060.6	110205
107	"13:14:39"	624.5	0	3	20	0.664	551.9	29.34	0.04796	991	86.23	-506.06	76.78	26.36	0.11575	0.0038155	0	0	0	991	71.6	28.41	552.47	29.362	28.34	0	101.2	5060.6	110205
108	"13:14:41"	626.5	0	3	20	0.653	552.1	29.34	0.04715	991	86.23	-506.06	76.80	26.37	0.11385	0.0036631	0	0	0	991	71.6	28.41	552.87	29.373	28.34	0	101.2	5060.6	110205
109	"13:14:43"	628.5	0	3	20	0.794	552.4	29.35	0.05737	991	86.22	-506.05	76.82	26.37	0.1384	0.0046457	0	0	0	991	71.6	28.41	553.06	29.381	28.35	0	101.2	5060.5	110205
110	"13:14:45"	630.5	0	3	20	0.841	552.7	29.36	0.06073	991	86.17	-506.05	76.80	26.38	0.14667	0.0046672	0	0	0	991	71.6	28.41	553.32	29.373	28.34	0	101.2	5060.5	110205
111	"13:14:47"	632.5	0	3	20	0.858	553.0	29.37	0.06197	991	86.21	-506.06	76.81	26.38	0.15057	0.0031607	0	0	0	991	71.6	28.41	553.73	29.379	28.34	0	101.2	5060.6	110205
112	"13:14:49"	634.5	0	3	20	0.898	553.2	29.37	0.06491	991	86.33	-506.06	76.85	26.36	0.15821	0.002445	0	0	0	991	71.6	28.41	554.07	29.396	28.35	0	101.2	5060.6	110205
113	"13:14:51"	636.5	0	3	20	0.85	553.6	29.38	0.06141	991	86.33	-506.06	76.84	26.36	0.14981	0.0020691	0	0	0	991	71.6	28.41	554.44	29.392	28.35	0	101.2	5060.6	110205
114	"13:14:53"	638.5	0	3	20	0.837	553.8	29.39	0.06048	991	86.35	-506.05	76.88	26.36	0.14712	0.0027763	0	0	0	991	71.6	28.41	554.37	29.408	28.35	0	101.2	5060.5	110205
115	"13:14:55"	640.5	0	3	20	0.8	554.1	29.39	0.0578	991	86.41	-506.06	76.92	26.36	0.13983	0.0039892	0	0	0	991	71.6	28.41	555.05	29.423	28.35	0	101.2	5060.6	110205
116	"13:14:56"	641.0	0	4	137	0.794	550.0	29.39	0.05739	991	86.43	-506.06	76.94	26.36	0.13983	0.0039892	0.00033778	-0.12839	0	991	71.6	28.41	555.10	29.432	28.35	0	101.2	5060.6	110205
117	"13:17:13"	778.0	0	3	8	1.35	545.3	29.56	0.09718	991	86.57	-506.07	77.20	26.42	0.23848	0.00088378	0	0	0	991	71.6	28.44	545.79	29.576	28.37	0	101.2	5060.6	110205
118	"13:17:15"	780.0	0	3	12	1	545.5	29.57	0.07223	991	86.67	-506.05	77.22	26.40	0.17478	0.0050404	0	0	0	991	71.6	28.44	545.96	29.582	28.37	0	101.2	5060.5	110205
119	"13:17:17"	782.0	0	3	16	0.862	545.6	29.57	0.06229	991	86.63	-506.07	77.19	26.41	0.15099	0.0039056	0	0	0	991	71.6	28.44	546.08	29.576	28.37	0	101.2	5060.7	110205
120	"13:17:19"	784.0	0	3	20	0.847	545.8	29.57	0.06122	991	86.58	-506.05	77.21	26.42	0.14901	0.0027489	0	0	0	991	71.6	28.44	546.67	29.583	28.37	0	101.2	5060.5	110205
121	"13:17:21"	786.0	0	3	20	0.7	546.1	29.58	0.05058	991	86.63	-506.06	77.26	26.42	0.12301	0.0024728	0	0	0	991	71.6	28.44	546.64	29.603	28.38	0	101.2	5060.6	110205
122	"13:17:23"	788.0	0	3	20	0.715	546.3	29.59	0.05166	991	86.64	-506.06	77.27	26.42	0.12516	0.0033513	0	0	0	991	71.6	28.44	547.01	29.605	28.37	0	101.2	5060.6	110205
123	"13:17:25"	790.0	0	3	20	0.712	546.6	29.59	0.05142	991	86.61	-506.07	77.28	26.43	0.12376	0.0047662	0	0	0	991	71.6	28.44	547.32	29.611	28.38	0	101.2	5060.7	110205
124	"13:17:27"	792.0	0	3	20	0.731	546.8	29.60	0.05284	991	86.60	-506.06	77.28	26.43	0.12696	0.0052865	0	0	0	991	71.6	28.44	547.48	29.612	28.38	0	101.2	5060.6	110205
125	"13:17:29"	794.0	0	3	20	0.723	547.1	29.61	0.05224	991	86.73	-506.06	77.36	26.42	0.12597	0.0044287	0	0	0	991	71.6	28.44	547.86	29.644	28.38	0	101.2	5060.6	110205
126	"13:17:31"	796.0	0	3	20	0.745	547.3	29.62	0.0538	991	86.75	-506.07	77.34	26.41	0.13038	0.0034115	0	0	0	991	71.6	28.44	548.13	29.634	28.38	0	101.2	5060.7	110205
127	"13:17:33"	798.0	0	3	20	0.841	547.6	29.63	0.06073	991	86.80	-506.05	77.38	26.42	0.14701	0.0041252	0	0	0	991	71.6	28.44	548.12	29.653	28.38	0	101.2	5060.5	110205
128	"13:17:35"	800.0	0	3	20	0.756	547.9	29.63	0.05462	991	86.78	-506.06	77.39	26.42	0.13246	0.003318	0	0	0	991	71.6	28.44	548.81	29.655	28.38	0	101.2	5060.6	110205
129	"13:17:37"	802.0	0	3	20	0.836	548.2	29.64	0.06042	991	86.78	-506.05	77.38	26.42	0.14661	0.0035098	0	0	0	991	71.6	28.44	549.01	29.653	28.38	0	101.2	5060.5	110205
130	"13:17:39"	804.0	0	3	20	0.686	548.4	29.65	0.04955	991	86.81	-506.06	77.44	26.43	0.12022	0.0028924	0	0	0	991	71.6	28.44	548.87	29.677	28.38	0	101.2	5060.6	110205
131	"13:17:41"	806.0	0	3	20	0.68	548.7	29.65	0.04914	991	86.75	-506.07	77.38	26.43	0.11918	0.0029562	0	0	0	991	71.6	28.44	549.16	29.657	28.38	0	101.2	5060.7	110205
132	"13:17:43"	808.0	0	3	20	0.753	548.9	29.66	0.05439	991	86.79	-506.06	77.42	26.43	0.13239	0.0024106	0	0	0	991	71.6	28.44	549.93	29.673	28.38	0	101.2	5060.6	110205
133	"13:17:45"	810.0	0	3	20	0.824	549.2	29.66	0.05955	991	86.85	-506.06	77.44	26.42	0.14556	0.0015747	0	0	0	991	71.6	28.44	550.12	29.679	28.38	0	101.2	5060.6	110205
134	"13:17:47"	812.0	0	3	20	0.98	549.5	29.67	0.07081	991	86.81	-506.05	77.46	26.43	0.17252	0.0028884	0	0	0	991	71.6	28.45	550.29	29.687	28.38	0	101.2	5060.5	110205
135	"13:17:49"	814.0	0	3	20	0.84	549.8	29.67	0.0607	991	86.84	-506.05	77.45	26.43	0.14765	0.0028694	0	0	0	991	71.6	28.44	550.40	29.684	28.38	0	101.2	5060.5	110205
136	"13:17:51"	816.0	0	3	20	0.724	550.1	29.68	0.05233	991	86.96	-506.06	77.53	26.42	0.12655	0.0037886	0	0	0	991	71.6	28.44	550.84	29.716	28.38	0	101.2	5060.6	110205
137	"13:17:53"	818.0	0	3	20	0.689	550.4	29.69	0.04976	991	86.98	-506.06	77.52	26.42	0.1197	0.0047129	0	0	0	991	71.6	28.45	551.13	29.715	28.38	0	101.2	5060.6	110205
138	"13:17:55"	820.0	0	3	20	0.719	550.6	29.70	0.05192	991	86.93	-506.06	77.50	26.42	0.12559	0.0037046	0	0	0	991	71.6	28.44	551.33	29.705	28.38	0	101.2	5060.6	110205
139	"13:17:57"	822.0	0	3	20	0.849	550.9	29.70	0.06137	991	86.97	-506.07	77.54	26.42	0.1491	0.0032347	0	0	0	991	71.6	28.45	551.77	29.724	28.38	0	101.2	5060.7	110205
140	"13:17:59"	824.0	0	3	20	0.862	551.2	29.71	0.06225	991	87.00	-506.06	77.57	26.42	0.15186	0.002161	0	0	0	991	71.6	28.45	551.84	29.732	28.38	0	101.2	5060.6	110205
141	"13:18:01"	826.0	0	3	20	0.774	551.5	29.72	0.05589	991	86.96	-506.06	77.55	26.43	0.13647	0.0017358	0	0	0	991	71.6	28.44	552.20	29.728	28.38	0	101.2	5060.6	110205
142	"13:18:03"	828.0	0	3	20	0.826	551.7	29.72	0.05967	991	86.85	-506.06	77.53	26.45	0.14527	0.0025938	0	0	0	991	71.6	28.45	552.50	29.720	28.38	0	101.2	5060.6	110205
143	"13:18:05"	830.0	0	3	20	0.866	552.1	29.72	0.06258	991	87.02	-506.06	77.61	26.43	0.1529	0.0017399	0	0	0	991	71.6	28.45	552.96	29.752	28.38	0	101.2	5060.6	110205
144	"13:18:07"	832.0	0	3	20	0.746	552.3	29.73	0.0539	991	87.00	-506.06	77.57	26.42	0.13088	0.0029235	0	0	0	991	71.6	28.45	552.73	29.737	28.38	0	101.2	5060.6	110205
145	"13:18:09"	834.0	0	3	20	0.766	552.6	29.74	0.05538	991	87.04	-506.06	77.63	26.43	0.13424	0.0034258	0	0	0	991	71.6	28.45	553.27	29.760	28.38	0	101.2	5060.6	110205
146	"13:18:11"	836.0	0	3	20	0.627	552.8	29.74	0.04532	991	86.93	-506.06	77.62	26.45	0.10928	0.0038421	0	0	0	991	71.6	28.45	553.15	29.755	28.38	0	101.2	5060.6	110205
147	"13:18:13"	838.0	0	3	20	0.639	553.1	29.75	0.04613	991	86.99	-506.05	77.64	26.44	0.11138	0.0036613	0	0	0	991	71.6	28.45	553.90	29.764	28.38	0	101.2	5060.5	110205
148	"13:18:15"	840.0	0	3	20	0.813	553.3	29.76	0.05872	991	86.96	-506.07	77.61	26.44	0.14365	0.0013682	0	0	0	991	71.6	28.45	554.15	29.752	28.38	0	101.2	5060.6	110205
149	"13:18:17"	842.0	0	3	20	0.793	553.6	29.76	0.05731	991	86.96	-506.06	77.65	26.45	0.14019	0.0013182	0	0	0	991	71.6	28.45	554.25	29.768	28.38	0	101.2	5060.6	110205
150	"13:18:19"	844.0	0	3	20	0.834	553.8	29.76	0.06023	991	86.99	-506.06	77.69	26.45	0.14646	0.0029388	0	0	0	991	71.6	28.45	554.71	29.782	28.38	0	101.2	5060.6	110205
151	"13:18:21"	846.0	0	3	20	0.808	554.1	29.77	0.05834	991	87.04	-506.06	77.71	26.45	0.14169	0.0031568	0	0	0	991	71.6	28.45	554.84	29.795	28.39	0	101.2	5060.6	110205
152	"13:18:22"	847.0	0	4	138	0.786	550.0	29.77	0.05676	991	87.03	-506.06	77.72	26.45	0.12999	0.003463	-0.00071333	0.44909	0	991	71.6	28.45	555.07	29.796	28.38	0	101.2	5060.6	110205
153	"13:20:25"	970.0	0	3	8	0.746	545.3	29.83	0.05387	991	87.19	-506.06	77.77	26.44	0.1309	0.0028236	0	0	0	991	71.6	28.46	545.61	29.835	28.40	0	101.2	5060.6	110205
154	"13:20:27"	972.0	0	3	12	0.87	545.5	29.83	0.06284	991	87.19	-506.06	77.80	26.45	0.15335	0.0021448	0	0	0	991	71.6	28.46	546.03	29.842	28.39	0	101.2	5060.6	110205
155	"13:20:29"	974.0	0	3	16	0.89	545.7	29.84	0.06433	991	87.21	-506.07	77.81	26.45	0.1562	0.0035831	0	0	0	991	71.6	28.46	546.58	29.853	28.40	0	101.2	5060.7	110205
156	"13:20:31"	976.0	0	3	20	0.95	545.8	29.84	0.06863	991	87.22	-506.05	77.84	26.45	0.16661	0.0038861	0	0	0	991	71.6	28.46	546.53	29.861	28.40	0	101.2	5060.5	110205
157	"13:20:33"	978.0	0	3	20	0.888	546.1	29.85	0.06414	991	87.23	-506.06	77.87	26.46	0.15552	0.0039753	0	0	0	991	71.6	28.46	546.69	29.872	28.40	0	101.2	5060.6	110205
158	"13:20:35"	980.0	0	3	20	0.761	546.4	29.86	0.05502	991	87.24	-506.07	77.86	26.46	0.13332	0.0035541	0	0	0	991	71.6	28.46	547.03	29.874	28.40	0	101.2	5060.7	110205
159	"13:20:37"	982.0	0	3	20	0.744	546.7	29.86	0.05375	991	87.23	-506.06	77.89	26.46	0.13056	0.0029047	0	0	0	991	71.6	28.46	547.41	29.884	28.40	0	101.2	5060.6	110205
160	"13:20:39"	984.0	0	3	20	0.748	547.0	29.87	0.05402	991	87.27	-506.06	77.88	26.45	0.13088	0.0035165	0	0	0	991	71.6	28.46	547.70	29.882	28.40	0	101.2	5060.6	110205
161	"13:20:41"	986.0	0	3	20	0.917	547.3	29.88	0.06629	991	87.34	-506.05	77.90	26.44	0.16152	0.0026778	0	0	0	991	71.6	28.46	548.01	29.889	28.40	0	101.2	5060.5	110205
162	"13:20:43"	988.0	0	3	20	0.85	547.5	29.88	0.06138	991	87.32	-506.04	77.90	26.45	0.14961	0.002412	0	0	0	991	71.6	28.46	548.04	29.890	28.40	0	101.2	5060.4	110205
163	"13:20:45"	990.0	0	3	20	0.713	547.8	29.89	0.05154	991	87.29	-506.06	77.93	26.46	0.12592	0.0015209	0	0	0	991	71.6	28.46	548.41	29.901	28.40	0	101.2	5060.6	110205
164	"13:20:47"	992.0	0	3	20	0.679	548.1	29.89	0.04906	991	87.34	-506.05	77.98	26.46	0.11937	0.0023022	0	0	0	991	71.6	28.46	548.82	29.922	28.40	0	101.2	5060.5	110205
165	"13:20:49"	994.0	0	3	20	0.722	548.3	29.90	0.05218	991	87.33	-506.07	77.96	26.46	0.12586	0.0043888	0	0	0	991	71.6	28.46	549.00	29.916	28.40	0	101.2	5060.7	110205
166	"13:20:51"	996.0	0	3	20	0.793	548.6	29.91	0.0573	991	87.35	-506.06	77.98	26.46	0.13834	0.0046065	0	0	0	991	71.6	28.46	549.25	29.922	28.40	0	101.2	5060.6	110205
167	"13:20:53"	998.0	0	3	20	0.843	548.9	29.91	0.06094	991	87.31	-506.06	77.99	26.47	0.14798	0.0033728	0	0	0	991	71.6	28.46	549.61	29.927	28.40	0	101.2	5060.6	110205
168	"13:20:55"	1000.0	0	3	20	0.702	549.1	29.92	0.0507	991	87.29	-506.06	77.98	26.47	0.12373	0.0017299	0	0	0	991	71.6	28.46	549.67	29.923	28.40	0	101.2	5060.6	110205
169	"13:20:57"	1002.0	0	3	20	0.714	549.4	29.92	0.05158	991	87.40	-506.05	78.04	26.46	0.12596	0.0016263	0	0	0	991	71.6	28.46	550.02	29.945	28.40	0	101.2	5060.5	110205
170	"13:20:59"	1004.0	0	3	20	0.751	549.6	29.93	0.05423	991	87.40	-506.06	78.03	26.46	0.13179	0.0028224	0	0	0	991	71.6	28.47	550.53	29.945	28.40	0	101.2	5060.6	110205
171	"13:21:01"	1006.0	0	3	20	0.879	549.9	29.93	0.06351	991	87.40	-506.05	78.03	26.46	0.15405	0.0038435	0	0	0	991	71.6	28.47	550.80	29.945	28.40	0	101.2	5060.5	110205
172	"13:21:03"	1008.0	0	3	20	0.97	550.2	29.94	0.07007	991	87.38	-506.07	78.05	26.47	0.17078	0.0027621	0	0	0	991	71.6	28.47	551.23	29.955	28.40	0	101.2	5060.7	110205
173	"13:21:05"	1010.0	0	3	20	0.954	550.6	29.95	0.06889	991	87.37	-506.05	78.04	26.48	0.16767	0.003146	0	0	0	991	71.6	28.47	551.22	29.953	28.40	0	101.2	5060.5	110205
174	"13:21:07"	1012.0	0	3	20	0.807	550.9	29.95	0.05833	991	87.48	-506.06	78.07	26.46	0.14188	0.002805	0	0	0	991	71.6	28.47	551.57	29.966	28.40	0	101.2	5060.6	110205
175	"13:21:09"	1014.0	0	3	20	0.733	551.2	29.96	0.05294	991	87.44	-506.08	78.07	26.47	0.12846	0.0031034	0	0	0	991	71.6	28.47	551.85	29.964	28.40	0	101.2	5060.8	110205
176	"13:21:11"	1016.0	0	3	20	0.822	551.5	29.96	0.0594	991	87.46	-506.05	78.08	26.47	0.14473	0.0024213	0	0	0	991	71.6	28.47	552.17	29.967	28.40	0	101.2	5060.5	110205
177	"13:21:13"	1018.0	0	3	20	0.732	551.7	29.97	0.05285	991	87.47	-506.06	78.12	26.47	0.12893	0.0018838	0	0	0	991	71.6	28.47	552.45	29.985	28.40	0	101.2	5060.6	110205
178	"13:21:15"	1020.0	0	3	20	0.824	552.0	29.97	0.05955	991	87.44	-506.05	78.11	26.48	0.14463	0.003234	0	0	0	991	71.6	28.47	552.79	29.982	28.40	0	101.2	5060.5	110205
179	"13:21:17"	1022.0	0	3	20	0.695	552.3	29.98	0.05018	991	87.51	-506.05	78.18	26.48	0.12174	0.0029887	0	0	0	991	71.6	28.47	553.11	30.008	28.41	0	101.2	5060.5	110205
180	"13:21:19"	1024.0	0	3	20	0.7	552.5	29.99	0.05055	991	87.53	-506.05	78.18	26.47	0.12161	0.0047981	0	0	0	991	71.6	28.47	553.27	30.009	28.40	0	101.2	5060.5	110205
181	"13:21:21"	1026.0	0	3	20	0.8	552.8	29.99	0.05781	991	87.50	-506.06	78.14	26.48	0.13975	0.0042905	0	0	0	991	71.6	28.47	553.72	29.997	28.41	0	101.2	5060.6	110205
182	"13:21:23"	1028.0	0	3	20	0.911	553.1	30.00	0.06584	991	87.48	-506.06	78.16	26.48	0.16077	0.0020743	0	0	0	991	71.6	28.47	554.13	30.003	28.41	0	101.2	5060.6	110205
183	"13:21:25"	1030.0	0	3	20	1.01	553.4	30.00	0.0733	991	87.53	-506.05	78.19	26.48	0.17877	0.0026733	0	0	0	991	71.6	28.47	554.21	30.021	28.41	0	101.2	5060.5	110205
184	"13:21:27"	1032.0	0	3	20	0.957	553.8	30.01	0.06914	991	87.54	-506.06	78.23	26.48	0.16909	0.0017166	0	0	0	991	71.6	28.47	554.63	30.030	28.41	0	101.2	5060.6	110205
185	"13:21:29"	1034.0	0	3	20	0.83	554.1	30.01	0.05997	991	87.51	-506.05	78.19	26.48	0.14614	0.002399	0	0	0	991	71.6	28.47	554.67	30.017	28.41	0	101.2	5060.5	110205
186	"13:21:30"	1035.5	0	4	131	0.82	550.0	30.01	0.05921	991	87.62	-506.06	78.27	26.48	0.13258	0.0024954	0.00038452	-0.15227	0	991	71.6	28.47	554.86	30.047	28.41	0	101.2	5060.6	110205
