"OPEN 5.3.2"
"Thr May 30 2019 17:50:54"
"Unit="	"PSC-895"
"ComputeList="	"/User/Configs/Comps/Soil Efflux Eqns.LPL"
"BLCTable="	"/Sys/Lib/StdBLCTable"
"LightSource="	"Sun+Sky"	1	0.19
"LogFormat="	"/User/Configs/LogFormats/Soil Efflux Log Fmt"
"LogCodes="	-35	-21	-36	-104	310	311	320	302	303	306	304	321	322	323	324	300	301	330	331	305	307	308	-8	-2	-5	-9	-13	-11	-61	-23
"PromptList="	"/User/Configs/Prompts/Soil Efflux Prompts"
"Stability= (CO2S 15s SLP<1)(H2OS 15s SLP<1)(Flow 15s SLP<1)"
"17:50:55 "
$STARTOFDATA$
"Obs"	"HHMMSS"	"FTime"	"Plot#"	"Mode"	"Smpls"	"EFFLUX"	"C2avg"	"Wavg"	"dc'/dt"	"Vtot"	"RHcmbr%"	"Tsoil_C"	"RHirga%"	"Tsch_C"	"dC/dt"	"dW/dt"	"R(C)m"	"R(C)b"	"InsDpth"	"Vbase"	"Area"	"TBlk"	"CO2S"	"H2OS"	"Tair"	"PARo"	"Press"	"uc_21_mV"	"Status"
1	"17:52:05"	82.0	0	3	8	0.347	495.5	34.88	0.02504	991	75.61	-505.99	67.21	31.59	0.059466	0.006438	0	0	0	991	71.6	33.76	495.72	34.919	33.68	0	101	5059.9	110205
2	"17:52:07"	84.0	0	3	12	0.734	495.7	34.90	0.05307	991	75.66	-506.01	67.22	31.59	0.12749	0.010724	0	0	0	991	71.6	33.76	496.11	34.927	33.68	0	101	5060.1	110205
3	"17:52:09"	86.0	0	3	16	0.929	495.8	34.91	0.06714	991	75.77	-505.99	67.33	31.59	0.16158	0.013032	0	0	0	991	71.6	33.76	496.53	34.981	33.68	0	101	5059.9	110205
4	"17:52:11"	88.0	0	3	20	1.07	496.0	34.93	0.07747	991	75.79	-505.99	67.34	31.59	0.18667	0.014573	0	0	0	991	71.6	33.76	497.22	34.987	33.68	0	101	5059.9	110205
5	"17:52:13"	90.0	0	3	20	1.2	496.4	34.95	0.08686	991	75.89	-506.00	67.45	31.59	0.20938	0.0162	0	0	0	991	71.6	33.76	497.49	35.042	33.68	0	101	5060.0	110205
6	"17:52:15"	92.0	0	3	20	1.16	496.8	34.99	0.08414	991	76.01	-506.00	67.49	31.57	0.20303	0.015216	0	0	0	991	71.6	33.76	497.96	35.062	33.68	0	101	5060.0	110205
7	"17:52:17"	94.0	0	3	20	1.14	497.2	35.01	0.08223	991	76.01	-506.00	67.52	31.58	0.19893	0.013886	0	0	0	991	71.6	33.76	498.27	35.079	33.68	0	101	5060.0	110205
8	"17:52:19"	96.0	0	3	20	1.08	497.6	35.04	0.07769	991	75.91	-506.00	67.56	31.61	0.18814	0.012788	0	0	0	991	71.6	33.76	498.75	35.097	33.68	0	101	5060.0	110205
9	"17:52:21"	98.0	0	3	20	1.18	498.0	35.07	0.08493	991	75.93	-505.98	67.62	31.62	0.20643	0.012491	0	0	0	991	71.6	33.76	499.06	35.129	33.68	0	101	5059.8	110205
10	"17:52:23"	100.0	0	3	20	1.2	498.4	35.09	0.0867	991	76.13	-505.99	67.67	31.59	0.21089	0.012441	0	0	0	991	71.6	33.76	499.48	35.156	33.68	0	101	5059.9	110205
11	"17:52:25"	102.0	0	3	20	1.19	498.8	35.12	0.08611	991	76.17	-506.01	67.71	31.59	0.20962	0.01199	0	0	0	991	71.6	33.76	499.95	35.174	33.68	0	101	5060.1	110205
12	"17:52:27"	104.0	0	3	20	1.25	499.3	35.14	0.09052	991	76.30	-505.99	67.80	31.59	0.22067	0.012	0	0	0	991	71.6	33.76	500.30	35.223	33.68	0	101	5059.9	110205
13	"17:52:29"	106.0	0	3	20	1.11	499.7	35.17	0.08008	991	76.34	-505.99	67.82	31.58	0.19374	0.013478	0	0	0	991	71.6	33.76	500.45	35.234	33.68	0	101	5059.9	110205
14	"17:52:31"	108.0	0	3	20	1.06	500.0	35.20	0.07671	991	76.37	-506.00	67.87	31.59	0.18506	0.013901	0	0	0	991	71.6	33.76	501.01	35.258	33.68	0	101	5060.0	110205
15	"17:52:33"	110.0	0	3	20	1.15	500.5	35.22	0.08291	991	76.43	-505.99	67.93	31.59	0.20111	0.012913	0	0	0	991	71.6	33.76	501.47	35.288	33.68	0	101	5059.9	110205
16	"17:52:35"	112.0	0	3	20	1.12	500.8	35.24	0.08072	991	76.64	-505.99	67.95	31.55	0.19623	0.011689	0	0	0	991	71.6	33.76	501.79	35.303	33.68	0	101	5059.9	110205
17	"17:52:37"	114.0	0	3	20	1.06	501.2	35.27	0.07652	991	76.77	-505.99	68.02	31.53	0.186	0.011072	0	0	0	991	71.6	33.76	502.14	35.335	33.68	0	101	5059.9	110205
18	"17:52:39"	116.0	0	3	20	1	501.5	35.29	0.07237	991	76.68	-506.00	68.06	31.56	0.17545	0.011413	0	0	0	991	71.6	33.76	502.58	35.355	33.68	0	101	5060.0	110205
19	"17:52:41"	118.0	0	3	20	1.02	501.9	35.31	0.0737	991	76.77	-505.99	68.14	31.56	0.17825	0.012431	0	0	0	991	71.6	33.76	503.42	35.399	33.68	0	101	5059.9	110205
20	"17:52:43"	120.0	0	3	20	1.17	502.3	35.34	0.08438	991	76.84	-505.99	68.16	31.55	0.2047	0.012977	0	0	0	991	71.6	33.76	503.41	35.405	33.68	0	101	5059.9	110205
21	"17:52:45"	122.0	0	3	20	1.23	502.7	35.37	0.08883	991	76.89	-505.99	68.19	31.55	0.2162	0.012327	0	0	0	991	71.6	33.76	503.74	35.421	33.68	0	101	5059.9	110205
22	"17:52:47"	124.0	0	3	20	1.14	503.1	35.39	0.08243	991	76.87	-505.99	68.21	31.56	0.20035	0.011962	0	0	0	991	71.6	33.76	504.29	35.432	33.68	0	101	5059.9	110205
23	"17:52:49"	126.0	0	3	20	1.03	503.5	35.41	0.07471	991	76.97	-505.99	68.29	31.56	0.18138	0.011197	0	0	0	991	71.6	33.76	504.49	35.472	33.68	0	101	5059.9	110205
24	"17:52:51"	128.0	0	3	20	1.01	503.9	35.44	0.07332	991	77.13	-506.00	68.33	31.53	0.1784	0.010211	0	0	0	991	71.6	33.76	504.98	35.496	33.68	0	101	5060.0	110205
25	"17:52:52"	129.0	0	4	94	1.09	500.0	35.44	0.07861	991	77.07	-505.99	68.36	31.55	0.19403	0.010743	0.0014059	-0.62432	0	991	71.6	33.76	505.21	35.512	33.68	0	101	5059.9	110205
26	"17:54:02"	199.0	0	3	8	1.02	495.3	35.05	0.07337	991	75.87	-505.97	67.54	31.61	0.17461	0.018144	0	0	0	991	71.6	33.75	495.81	35.079	33.68	0	101	5059.7	110205
27	"17:54:04"	201.0	0	3	12	1.29	495.5	35.06	0.09317	991	76.08	-506.00	67.56	31.57	0.22642	0.013841	0	0	0	991	71.6	33.75	496.36	35.097	33.68	0	101	5060.0	110205
28	"17:54:06"	203.0	0	3	16	1.28	495.8	35.07	0.09276	991	76.17	-505.99	67.66	31.57	0.2256	0.013399	0	0	0	991	71.6	33.75	496.67	35.141	33.68	0	101	5059.9	110205
29	"17:54:08"	205.0	0	3	20	1.25	496.0	35.09	0.09039	991	76.25	-505.99	67.74	31.58	0.21891	0.014846	0	0	0	991	71.6	33.76	497.07	35.184	33.68	0	101	5059.9	110205
30	"17:54:10"	207.0	0	3	20	1.25	496.4	35.12	0.0903	991	76.43	-505.99	67.75	31.54	0.21862	0.014898	0	0	0	991	71.6	33.75	497.66	35.186	33.68	0	101	5059.9	110205
31	"17:54:12"	209.0	0	3	20	1.23	496.9	35.15	0.08852	991	76.45	-505.99	67.84	31.56	0.21399	0.015221	0	0	0	991	71.6	33.75	497.81	35.235	33.68	0	101	5059.9	110205
32	"17:54:14"	211.0	0	3	20	1.13	497.2	35.18	0.08185	991	76.58	-506.00	67.88	31.54	0.19666	0.016377	0	0	0	991	71.6	33.75	498.26	35.256	33.68	0	101	5060.0	110205
33	"17:54:16"	213.0	0	3	20	1.09	497.6	35.21	0.0784	991	76.50	-505.99	67.94	31.57	0.18859	0.015281	0	0	0	991	71.6	33.75	498.66	35.287	33.68	0	101	5059.9	110205
34	"17:54:18"	215.0	0	3	20	1.01	498.0	35.24	0.07325	991	76.65	-505.99	68.00	31.55	0.17557	0.015471	0	0	0	991	71.6	33.75	499.03	35.314	33.68	0	101	5059.9	110205
35	"17:54:20"	217.0	0	3	20	0.974	498.4	35.27	0.07039	991	76.66	-506.00	68.03	31.56	0.16898	0.0144	0	0	0	991	71.6	33.75	499.10	35.331	33.68	0	101	5060.0	110205
36	"17:54:22"	219.0	0	3	20	1.01	498.7	35.30	0.07299	991	76.58	-505.98	68.08	31.59	0.17664	0.0122	0	0	0	991	71.6	33.75	499.68	35.354	33.68	0	101	5059.8	110205
37	"17:54:24"	221.0	0	3	20	1.06	499.1	35.32	0.0763	991	76.68	-505.99	68.17	31.59	0.18465	0.012757	0	0	0	991	71.6	33.75	500.20	35.403	33.68	0	101	5059.9	110205
38	"17:54:26"	223.0	0	3	20	1.18	499.5	35.35	0.08554	991	76.84	-505.99	68.20	31.56	0.20803	0.012255	0	0	0	991	71.6	33.75	500.44	35.421	33.68	0	101	5059.9	110205
39	"17:54:28"	225.0	0	3	20	1.22	499.9	35.37	0.08792	991	76.91	-506.00	68.25	31.56	0.21343	0.013312	0	0	0	991	71.6	33.75	500.73	35.442	33.67	0	101	5060.0	110205
40	"17:54:30"	227.0	0	3	20	1.25	500.3	35.40	0.09018	991	76.86	-505.99	68.30	31.58	0.21947	0.012615	0	0	0	991	71.6	33.75	501.64	35.464	33.67	0	101	5059.9	110205
41	"17:54:32"	229.0	0	3	20	1.18	500.7	35.42	0.0854	991	76.96	-505.99	68.34	31.57	0.20772	0.012137	0	0	0	991	71.6	33.75	501.52	35.487	33.67	0	101	5059.9	110205
42	"17:54:34"	231.0	0	3	20	1.13	501.1	35.45	0.0816	991	77.00	-505.99	68.41	31.58	0.19849	0.011578	0	0	0	991	71.6	33.75	502.26	35.523	33.67	0	101	5059.9	110205
43	"17:54:36"	233.0	0	3	20	1.19	501.5	35.47	0.08621	991	77.02	-505.99	68.47	31.58	0.20966	0.0123	0	0	0	991	71.6	33.75	502.36	35.551	33.67	0	101	5059.9	110205
44	"17:54:38"	235.0	0	3	20	1.05	501.9	35.50	0.0761	991	77.05	-505.98	68.50	31.58	0.18403	0.012859	0	0	0	991	71.6	33.75	502.80	35.563	33.67	0	101	5059.8	110205
45	"17:54:40"	237.0	0	3	20	1.05	502.3	35.52	0.07555	991	77.20	-505.99	68.52	31.55	0.18295	0.012252	0	0	0	991	71.6	33.75	503.33	35.575	33.67	0	101	5059.9	110205
46	"17:54:42"	239.0	0	3	20	1.26	502.7	35.55	0.09079	991	77.22	-505.99	68.59	31.57	0.22157	0.011468	0	0	0	991	71.6	33.75	503.72	35.611	33.67	0	101	5059.9	110205
47	"17:54:44"	241.0	0	3	20	1.07	503.1	35.57	0.07752	991	77.39	-505.99	68.63	31.54	0.18862	0.010829	0	0	0	991	71.6	33.75	504.00	35.630	33.67	0	101	5059.9	110205
48	"17:54:46"	243.0	0	3	20	1.04	503.4	35.59	0.07545	991	77.30	-506.00	68.65	31.56	0.18313	0.011407	0	0	0	991	71.6	33.74	504.22	35.642	33.67	0	101	5060.0	110205
49	"17:54:48"	245.0	0	3	20	0.935	503.8	35.61	0.06754	991	77.33	-506.00	68.72	31.57	0.1636	0.010854	0	0	0	991	71.6	33.75	504.84	35.674	33.67	0	101	5060.0	110205
50	"17:54:49"	246.0	0	4	94	1.12	500.0	35.62	0.08105	991	77.44	-505.99	68.76	31.56	0.1609	0.011	-0.0011583	0.6602	0	991	71.6	33.74	505.21	35.698	33.67	0	101	5059.9	110205
51	"17:56:17"	334.0	0	3	8	1.22	495.6	35.54	0.08817	991	77.15	-505.99	68.55	31.56	0.21528	0.011033	0	0	0	991	71.6	33.73	496.05	35.555	33.65	0	101	5059.9	110205
52	"17:56:19"	336.0	0	3	12	0.928	495.7	35.55	0.06708	991	77.23	-505.99	68.62	31.55	0.16297	0.0099984	0	0	0	991	71.6	33.73	496.19	35.592	33.65	0	101	5059.9	110205
53	"17:56:21"	338.0	0	3	16	1.02	495.9	35.56	0.07347	991	77.27	-505.99	68.67	31.56	0.17821	0.011512	0	0	0	991	71.6	33.73	496.89	35.617	33.65	0	101	5059.9	110205
54	"17:56:23"	340.0	0	3	20	1.07	496.1	35.57	0.07734	991	77.22	-505.99	68.69	31.58	0.18774	0.011857	0	0	0	991	71.6	33.73	497.13	35.625	33.65	0	101	5059.9	110205
55	"17:56:25"	342.0	0	3	20	1.07	496.5	35.59	0.07724	991	77.24	-505.99	68.74	31.58	0.18774	0.011363	0	0	0	991	71.6	33.73	497.27	35.649	33.65	0	101	5059.9	110205
56	"17:56:27"	344.0	0	3	20	1.05	496.8	35.62	0.07577	991	77.24	-506.00	68.80	31.60	0.1839	0.011643	0	0	0	991	71.6	33.73	497.70	35.682	33.65	0	101	5060.0	110205
57	"17:56:29"	346.0	0	3	20	1.08	497.2	35.64	0.07816	991	77.36	-505.99	68.84	31.58	0.1894	0.0126	0	0	0	991	71.6	33.73	498.17	35.699	33.65	0	101	5059.9	110205
58	"17:56:31"	348.0	0	3	20	0.966	497.6	35.67	0.06976	991	77.41	-505.99	68.88	31.58	0.16857	0.012144	0	0	0	991	71.6	33.73	498.46	35.721	33.65	0	101	5059.9	110205
59	"17:56:33"	350.0	0	3	20	1.07	497.9	35.69	0.0771	991	77.45	-505.99	68.93	31.58	0.18656	0.012937	0	0	0	991	71.6	33.73	499.00	35.745	33.65	0	101	5059.9	110205
60	"17:56:35"	352.0	0	3	20	1.23	498.3	35.71	0.08897	991	77.57	-506.00	69.00	31.57	0.21703	0.011485	0	0	0	991	71.6	33.73	499.32	35.783	33.65	0	101	5060.0	110205
61	"17:56:37"	354.0	0	3	20	1.15	498.7	35.74	0.08277	991	77.55	-506.00	69.03	31.59	0.20155	0.01138	0	0	0	991	71.6	33.73	499.88	35.801	33.65	0	101	5060.0	110205
62	"17:56:39"	356.0	0	3	20	1.2	499.1	35.76	0.0869	991	77.55	-505.99	69.06	31.59	0.21106	0.013007	0	0	0	991	71.6	33.73	500.25	35.814	33.65	0	101	5059.9	110205
63	"17:56:41"	358.0	0	3	20	1.12	499.6	35.78	0.08088	991	77.69	-506.00	69.09	31.57	0.19725	0.010502	0	0	0	991	71.6	33.73	500.51	35.826	33.65	0	101	5060.0	110205
64	"17:56:43"	360.0	0	3	20	1.03	499.9	35.81	0.07467	991	77.77	-505.98	69.16	31.57	0.18166	0.010574	0	0	0	991	71.6	33.73	500.97	35.867	33.65	0	101	5059.8	110205
65	"17:56:45"	362.0	0	3	20	1.23	500.3	35.83	0.08879	991	77.84	-505.99	69.20	31.56	0.21696	0.010702	0	0	0	991	71.6	33.73	501.33	35.889	33.65	0	101	5059.9	110205
66	"17:56:47"	364.0	0	3	20	1.15	500.7	35.85	0.08315	991	78.03	-506.00	69.23	31.53	0.2022	0.011865	0	0	0	991	71.6	33.72	501.64	35.901	33.65	0	101	5060.0	110205
67	"17:56:49"	366.0	0	3	20	1.09	501.1	35.87	0.07857	991	77.96	-506.00	69.31	31.56	0.19068	0.01197	0	0	0	991	71.6	33.72	502.06	35.941	33.65	0	101	5060.0	110205
68	"17:56:51"	368.0	0	3	20	1.07	501.5	35.90	0.07722	991	77.84	-506.00	69.30	31.59	0.18801	0.010634	0	0	0	991	71.6	33.72	502.67	35.940	33.65	0	101	5060.0	110205
69	"17:56:53"	370.0	0	3	20	1	501.9	35.92	0.07233	991	77.96	-506.02	69.39	31.58	0.17643	0.0092976	0	0	0	991	71.6	33.72	503.03	35.986	33.65	0	101	5060.2	110205
70	"17:56:55"	372.0	0	3	20	1.15	502.3	35.94	0.08298	991	77.86	-506.00	69.39	31.60	0.20256	0.01043	0	0	0	991	71.6	33.72	503.01	35.981	33.65	0	101	5060.0	110205
71	"17:56:57"	374.0	0	3	20	1.08	502.6	35.95	0.07783	991	77.94	-506.00	69.40	31.59	0.19014	0.0094595	0	0	0	991	71.6	33.72	503.46	35.990	33.65	0	101	5060.0	110205
72	"17:56:59"	376.0	0	3	20	1.07	503.0	35.97	0.07761	991	77.92	-506.00	69.43	31.60	0.19065	0.0074068	0	0	0	991	71.6	33.72	504.14	36.004	33.65	0	101	5060.0	110205
73	"17:57:01"	378.0	0	3	20	1.07	503.4	35.99	0.07745	991	78.00	-506.00	69.50	31.60	0.19002	0.0078522	0	0	0	991	71.6	33.72	504.64	36.042	33.65	0	101	5060.0	110205
74	"17:57:03"	380.0	0	3	20	1.17	503.8	36.01	0.08431	991	78.05	-505.99	69.53	31.60	0.20703	0.0081886	0	0	0	991	71.6	33.72	504.83	36.056	33.65	0	101	5059.9	110205
75	"17:57:04"	381.5	0	4	95	1.1	500.0	36.01	0.07928	991	78.07	-506.00	69.57	31.60	0.21644	0.0098565	0.00043357	-0.1375	0	991	71.6	33.72	505.54	36.074	33.65	0	101	5060.0	110205
76	"17:58:19"	456.5	0	3	8	0.675	495.2	35.80	0.04877	991	77.68	-505.99	69.11	31.57	0.11635	0.011429	0	0	0	991	71.6	33.72	495.66	35.830	33.65	0	101	5059.9	110205
77	"17:58:21"	458.5	0	3	12	1.04	495.4	35.81	0.07489	991	77.82	-505.99	69.16	31.55	0.18097	0.013037	0	0	0	991	71.6	33.72	495.94	35.854	33.64	0	101	5059.9	110205
78	"17:58:23"	460.5	0	3	16	1.1	495.6	35.82	0.07933	991	77.85	-506.00	69.21	31.56	0.19242	0.012411	0	0	0	991	71.6	33.72	496.64	35.882	33.65	0	101	5060.0	110205
79	"17:58:25"	462.5	0	3	20	1.18	495.9	35.83	0.08507	991	77.91	-506.00	69.21	31.54	0.20726	0.011523	0	0	0	991	71.6	33.72	496.89	35.881	33.64	0	101	5060.0	110205
80	"17:58:27"	464.5	0	3	20	1.26	496.3	35.86	0.09108	991	77.94	-506.01	69.27	31.55	0.22293	0.010347	0	0	0	991	71.6	33.72	497.48	35.914	33.65	0	101	5060.1	110205
81	"17:58:29"	466.5	0	3	20	1.19	496.7	35.88	0.08585	991	77.96	-506.00	69.28	31.55	0.2101	0.0097909	0	0	0	991	71.6	33.72	497.69	35.920	33.65	0	101	5060.0	110205
82	"17:58:31"	468.5	0	3	20	1.19	497.1	35.90	0.08625	991	78.09	-506.00	69.38	31.55	0.21056	0.010817	0	0	0	991	71.6	33.72	498.36	35.968	33.64	0	101	5060.0	110205
83	"17:58:33"	470.5	0	3	20	1.16	497.5	35.92	0.0836	991	78.08	-506.00	69.41	31.56	0.20313	0.012348	0	0	0	991	71.6	33.72	498.48	35.982	33.65	0	101	5060.0	110205
84	"17:58:35"	472.5	0	3	20	1.1	497.9	35.95	0.07955	991	78.12	-506.00	69.45	31.56	0.19286	0.012577	0	0	0	991	71.6	33.72	498.67	36.004	33.64	0	101	5060.0	110205
85	"17:58:37"	474.5	0	3	20	1.02	498.3	35.97	0.07364	991	78.14	-506.00	69.49	31.56	0.17842	0.011834	0	0	0	991	71.6	33.72	499.17	36.025	33.64	0	101	5060.0	110205
86	"17:58:39"	476.5	0	3	20	1	498.7	35.99	0.07244	991	78.20	-506.00	69.51	31.56	0.17554	0.011565	0	0	0	991	71.6	33.72	499.86	36.035	33.64	0	101	5060.0	110205
87	"17:58:41"	478.5	0	3	20	1.13	499.1	36.01	0.08182	991	78.24	-505.99	69.57	31.56	0.19978	0.010173	0	0	0	991	71.6	33.72	499.87	36.066	33.64	0	101	5059.9	110205
88	"17:58:43"	480.5	0	3	20	1.17	499.4	36.03	0.08458	991	78.21	-506.00	69.59	31.57	0.20667	0.010231	0	0	0	991	71.6	33.72	500.70	36.073	33.64	0	101	5060.0	110205
89	"17:58:45"	482.5	0	3	20	1.3	499.9	36.05	0.09411	991	78.29	-505.99	69.67	31.57	0.23113	0.0090892	0	0	0	991	71.6	33.72	500.99	36.116	33.64	0	101	5059.9	110205
90	"17:58:47"	484.5	0	3	20	1.21	500.3	36.07	0.08741	991	78.28	-505.99	69.71	31.59	0.21412	0.0095342	0	0	0	991	71.6	33.72	501.35	36.134	33.64	0	101	5059.9	110205
91	"17:58:49"	486.5	0	3	20	1.13	500.7	36.09	0.08168	991	78.30	-505.99	69.72	31.59	0.19926	0.010469	0	0	0	991	71.6	33.72	501.77	36.143	33.64	0	101	5059.9	110205
92	"17:58:51"	488.5	0	3	20	1.2	501.1	36.11	0.08704	991	78.32	-506.00	69.76	31.59	0.21305	0.0097817	0	0	0	991	71.6	33.72	502.26	36.160	33.64	0	101	5060.0	110205
93	"17:58:53"	490.5	0	3	20	0.979	501.5	36.13	0.0707	991	78.44	-506.00	69.81	31.58	0.17203	0.0099124	0	0	0	991	71.6	33.72	502.43	36.189	33.64	0	101	5060.0	110205
94	"17:58:55"	492.5	0	3	20	0.98	501.8	36.15	0.07083	991	78.55	-506.01	69.83	31.56	0.173	0.0086054	0	0	0	991	71.6	33.72	502.64	36.196	33.64	0	101	5060.1	110205
95	"17:58:57"	494.5	0	3	20	0.948	502.2	36.17	0.06846	991	78.65	-505.99	69.89	31.55	0.16711	0.0085209	0	0	0	991	71.6	33.72	502.97	36.227	33.64	0	101	5059.9	110205
96	"17:58:59"	496.5	0	3	20	1	502.6	36.19	0.07233	991	78.62	-506.00	69.91	31.56	0.17639	0.0093539	0	0	0	991	71.6	33.72	503.57	36.237	33.64	0	101	5060.0	110205
97	"17:59:01"	498.5	0	3	20	1.17	502.9	36.21	0.08423	991	78.65	-506.00	69.96	31.56	0.20609	0.0095629	0	0	0	991	71.6	33.72	504.06	36.264	33.64	0	101	5060.0	110205
98	"17:59:03"	500.5	0	3	20	1.22	503.3	36.23	0.08822	991	78.78	-505.99	70.01	31.55	0.21582	0.010052	0	0	0	991	71.6	33.72	504.33	36.284	33.64	0	101	5059.9	110205
99	"17:59:05"	502.5	0	3	20	1.15	503.8	36.25	0.08345	991	78.71	-505.99	70.02	31.57	0.20386	0.010056	0	0	0	991	71.6	33.72	505.04	36.292	33.64	0	101	5059.9	110205
100	"17:59:06"	503.0	0	4	93	1.11	500.0	36.25	0.08033	991	78.70	-506.00	70.03	31.57	0.20386	0.010056	-1.3397E-05	0.087031	0	991	71.6	33.72	505.00	36.295	33.64	0	101	5060.0	110205
101	"18:00:29"	586.5	0	3	8	1.1	495.5	36.03	0.07923	991	78.29	-505.98	69.60	31.54	0.19419	0.0084795	0	0	0	991	71.6	33.70	495.83	36.048	33.63	0	101	5059.8	110205
102	"18:00:31"	588.5	0	3	12	1.25	495.8	36.03	0.09062	991	78.32	-505.99	69.66	31.55	0.22239	0.0091392	0	0	0	991	71.6	33.70	496.33	36.078	33.63	0	101	5059.9	110205
103	"18:00:33"	590.5	0	3	16	1.07	495.9	36.05	0.07707	991	78.31	-505.99	69.68	31.56	0.187	0.011951	0	0	0	991	71.6	33.70	496.77	36.091	33.63	0	101	5059.9	110205
104	"18:00:35"	592.5	0	3	20	1.1	496.1	36.06	0.07916	991	78.31	-506.00	69.75	31.57	0.19187	0.012672	0	0	0	991	71.6	33.70	497.28	36.127	33.63	0	101	5060.0	110205
105	"18:00:37"	594.5	0	3	20	1.02	496.5	36.09	0.07343	991	78.35	-506.00	69.77	31.57	0.17752	0.012635	0	0	0	991	71.6	33.70	497.51	36.137	33.63	0	101	5060.0	110205
106	"18:00:39"	596.5	0	3	20	1.08	496.9	36.11	0.07777	991	78.43	-506.01	69.82	31.57	0.18928	0.0109	0	0	0	991	71.6	33.70	497.97	36.167	33.63	0	101	5060.1	110205
107	"18:00:41"	598.5	0	3	20	1.12	497.2	36.13	0.0812	991	78.42	-505.99	69.84	31.57	0.19885	0.0089973	0	0	0	991	71.6	33.70	498.03	36.175	33.63	0	101	5059.9	110205
108	"18:00:43"	600.5	0	3	20	1.06	497.6	36.15	0.07633	991	78.41	-506.00	69.88	31.58	0.18684	0.0086304	0	0	0	991	71.6	33.70	498.67	36.194	33.63	0	101	5060.0	110205
109	"18:00:45"	602.5	0	3	20	1.07	498.0	36.16	0.07736	991	78.56	-506.00	69.92	31.56	0.18934	0.0087577	0	0	0	991	71.6	33.70	498.98	36.209	33.63	0	101	5060.0	110205
110	"18:00:47"	604.5	0	3	20	1.02	498.4	36.18	0.07365	991	78.62	-506.01	69.95	31.56	0.17952	0.0097467	0	0	0	991	71.6	33.70	499.37	36.232	33.63	0	101	5060.1	110205
111	"18:00:49"	606.5	0	3	20	1.13	498.8	36.20	0.0816	991	78.57	-506.00	69.99	31.58	0.19973	0.0091897	0	0	0	991	71.6	33.70	500.16	36.252	33.63	0	101	5060.0	110205
112	"18:00:51"	608.5	0	3	20	1.24	499.2	36.22	0.08963	991	78.68	-505.98	70.05	31.56	0.21955	0.0097877	0	0	0	991	71.6	33.70	500.15	36.276	33.63	0	101	5059.8	110205
113	"18:00:53"	610.5	0	3	20	1.13	499.6	36.24	0.08169	991	78.74	-505.99	70.08	31.56	0.1994	0.01024	0	0	0	991	71.6	33.70	500.32	36.291	33.63	0	101	5059.9	110205
114	"18:00:55"	612.5	0	3	20	1.12	500.0	36.26	0.08073	991	78.91	-506.00	70.14	31.54	0.19755	0.0091095	0	0	0	991	71.6	33.70	500.77	36.322	33.63	0	101	5060.0	110205
115	"18:00:57"	614.5	0	3	20	1.03	500.4	36.28	0.07416	991	78.92	-506.01	70.14	31.54	0.18069	0.0099084	0	0	0	991	71.6	33.70	501.48	36.327	33.63	0	101	5060.1	110205
116	"18:00:59"	616.5	0	3	20	1.01	500.8	36.30	0.07268	991	78.91	-505.99	70.20	31.55	0.17775	0.0084148	0	0	0	991	71.6	33.70	501.83	36.350	33.62	0	101	5059.9	110205
117	"18:01:01"	618.5	0	3	20	1.14	501.1	36.32	0.08242	991	78.97	-505.99	70.23	31.55	0.20192	0.0088721	0	0	0	991	71.6	33.70	502.05	36.368	33.63	0	101	5059.9	110205
118	"18:01:03"	620.5	0	3	20	1.14	501.5	36.33	0.0825	991	78.90	-505.99	70.26	31.57	0.20141	0.01024	0	0	0	991	71.6	33.70	502.71	36.382	33.63	0	101	5059.9	110205
119	"18:01:05"	622.5	0	3	20	1.16	501.9	36.35	0.08378	991	78.96	-505.99	70.28	31.56	0.20506	0.0093921	0	0	0	991	71.6	33.70	502.74	36.391	33.63	0	101	5059.9	110205
120	"18:01:07"	624.5	0	3	20	1.21	502.3	36.37	0.08768	991	79.03	-506.00	70.35	31.56	0.21448	0.010034	0	0	0	991	71.6	33.70	503.86	36.427	33.62	0	101	5060.0	110205
121	"18:01:09"	626.5	0	3	20	1.29	502.8	36.39	0.09301	991	79.13	-506.00	70.38	31.55	0.22852	0.0087142	0	0	0	991	71.6	33.69	503.97	36.448	33.63	0	101	5060.0	110205
122	"18:01:11"	628.5	0	3	20	1.19	503.2	36.41	0.08587	991	79.15	-505.99	70.41	31.55	0.21091	0.0081797	0	0	0	991	71.6	33.69	504.09	36.457	33.62	0	101	5059.9	110205
123	"18:01:13"	630.5	0	3	20	1.11	503.6	36.43	0.08017	991	79.21	-506.01	70.44	31.54	0.19606	0.0092561	0	0	0	991	71.6	33.70	504.69	36.472	33.62	0	101	5060.1	110205
124	"18:01:14"	631.5	0	4	90	1.13	500.0	36.43	0.0813	991	79.22	-506.00	70.46	31.54	0.20001	0.0091219	0.00073845	-0.28792	0	991	71.6	33.69	505.09	36.482	33.62	0	101	5060.0	110205
