"OPEN 5.3.2"
"Fri May 31 2019 15:27:29"
"Unit="	"PSC-895"
"ComputeList="	"/User/Configs/Comps/Soil Efflux Eqns.LPL"
"BLCTable="	"/Sys/Lib/StdBLCTable"
"LightSource="	"Sun+Sky"	1	0.19
"LogFormat="	"/User/Configs/LogFormats/Soil Efflux Log Fmt"
"LogCodes="	-35	-21	-36	-104	310	311	320	302	303	306	304	321	322	323	324	300	301	330	331	305	307	308	-8	-2	-5	-9	-13	-11	-61	-23
"PromptList="	"/User/Configs/Prompts/Soil Efflux Prompts"
"Stability= (CO2S 15s SLP<1)(H2OS 15s SLP<1)(Flow 15s SLP<1)"
"15:27:30 "
$STARTOFDATA$
"Obs"	"HHMMSS"	"FTime"	"Plot#"	"Mode"	"Smpls"	"EFFLUX"	"C2avg"	"Wavg"	"dc'/dt"	"Vtot"	"RHcmbr%"	"Tsoil_C"	"RHirga%"	"Tsch_C"	"dC/dt"	"dW/dt"	"R(C)m"	"R(C)b"	"InsDpth"	"Vbase"	"Area"	"TBlk"	"CO2S"	"H2OS"	"Tair"	"PARo"	"Press"	"uc_21_mV"	"Status"
1	"15:38:26"	668.5	0	3	8	0.168	590.2	25.62	0.01211	991	77.88	-506.08	69.72	25.76	0.028532	0.0019839	0	0	0	991	71.6	27.72	590.21	25.617	27.64	0	101.1	5060.8	110205
2	"15:38:28"	670.5	0	3	12	0.0784	590.2	25.62	0.005667	991	77.91	-506.07	69.73	25.75	0.014301	-0.00062873	0	0	0	991	71.6	27.72	590.31	25.620	27.64	0	101.1	5060.7	110205
3	"15:38:30"	672.5	0	3	16	0.19	590.3	25.62	0.01371	991	77.84	-506.07	69.71	25.76	0.033777	-0.00016635	0	0	0	991	71.6	27.72	590.61	25.611	27.64	0	101.1	5060.7	110205
4	"15:38:32"	674.5	0	3	20	0.28	590.3	25.62	0.02023	991	77.88	-506.05	69.75	25.76	0.049808	-0.00021116	0	0	0	991	71.6	27.72	590.79	25.625	27.64	0	101.1	5060.5	110205
5	"15:38:34"	676.5	0	3	20	0.416	590.5	25.62	0.03005	991	77.85	-506.05	69.70	25.76	0.074061	-0.00042997	0	0	0	991	71.6	27.71	591.24	25.607	27.64	0	101.1	5060.5	110205
6	"15:38:36"	678.5	0	3	20	0.543	590.6	25.62	0.03921	991	77.89	-506.06	69.76	25.76	0.096008	0.00048617	0	0	0	991	71.6	27.72	590.90	25.629	27.64	0	101.1	5060.6	110205
7	"15:38:38"	680.5	0	3	20	0.422	590.8	25.62	0.03046	991	77.84	-506.07	69.78	25.78	0.073971	0.0014128	0	0	0	991	71.6	27.71	590.84	25.639	27.64	0	101.1	5060.7	110205
8	"15:38:40"	682.5	0	3	20	0.293	590.9	25.62	0.02115	991	77.92	-506.06	69.77	25.76	0.050471	0.002431	0	0	0	991	71.6	27.71	591.01	25.635	27.64	0	101.1	5060.6	110205
9	"15:38:42"	684.5	0	3	20	0.22	591.0	25.63	0.01589	991	77.82	-506.06	69.73	25.77	0.037743	0.0021366	0	0	0	991	71.6	27.71	591.37	25.619	27.64	0	101.1	5060.6	110205
10	"15:38:44"	686.5	0	3	20	0.142	591.1	25.63	0.01025	991	77.90	-506.07	69.75	25.76	0.024656	0.00087796	0	0	0	991	71.6	27.72	591.27	25.626	27.64	0	101.1	5060.7	110205
11	"15:38:46"	688.5	0	3	20	0.331	591.2	25.63	0.02394	991	77.95	-506.06	69.78	25.76	0.058559	0.00038918	0	0	0	991	71.6	27.72	591.71	25.639	27.64	0	101.1	5060.6	110205
12	"15:38:48"	690.5	0	3	20	0.42	591.3	25.63	0.03037	991	77.98	-506.05	69.77	25.75	0.074405	0.00032304	0	0	0	991	71.6	27.72	591.87	25.633	27.64	0	101.1	5060.5	110205
13	"15:38:50"	692.5	0	3	20	0.55	591.5	25.63	0.03976	991	78.03	-506.06	69.80	25.74	0.096907	0.0012276	0	0	0	991	71.6	27.72	592.03	25.648	27.64	0	101.1	5060.6	110205
14	"15:38:52"	694.5	0	3	20	0.461	591.6	25.64	0.03327	991	78.00	-506.08	69.79	25.75	0.080604	0.0018569	0	0	0	991	71.6	27.72	592.07	25.642	27.64	0	101.1	5060.8	110205
15	"15:38:54"	696.5	0	3	20	0.411	591.8	25.64	0.02973	991	77.94	-506.06	69.76	25.75	0.072244	0.0012879	0	0	0	991	71.6	27.71	592.06	25.632	27.64	0	101.1	5060.6	110205
16	"15:38:56"	698.5	0	3	20	0.271	591.9	25.64	0.01956	991	77.96	-506.08	69.77	25.75	0.047897	0.00026037	0	0	0	991	71.6	27.71	592.25	25.636	27.64	0	101.1	5060.8	110205
17	"15:38:58"	700.5	0	3	20	0.348	592.1	25.64	0.02517	991	77.97	-506.06	69.78	25.75	0.061566	0.00041767	0	0	0	991	71.6	27.71	592.45	25.638	27.64	0	101.1	5060.6	110205
18	"15:39:00"	702.5	0	3	20	0.394	592.2	25.64	0.02847	991	78.00	-506.07	69.83	25.76	0.06983	0.00015464	0	0	0	991	71.6	27.71	592.50	25.656	27.64	0	101.1	5060.7	110205
19	"15:39:02"	704.5	0	3	20	0.342	592.3	25.64	0.0247	991	77.95	-506.06	69.80	25.76	0.060076	0.00097913	0	0	0	991	71.6	27.71	592.51	25.642	27.64	0	101.1	5060.6	110205
20	"15:39:04"	706.5	0	3	20	0.294	592.4	25.64	0.02125	991	77.98	-506.08	69.78	25.75	0.052005	0.00033444	0	0	0	991	71.6	27.72	592.55	25.638	27.64	0	101.1	5060.8	110205
21	"15:39:06"	708.5	0	3	20	0.127	592.5	25.64	0.009191	991	77.96	-506.05	69.80	25.76	0.02289	-0.00051596	0	0	0	991	71.6	27.71	592.72	25.645	27.64	0	101.1	5060.5	110205
22	"15:39:08"	710.5	0	3	20	0.247	592.6	25.64	0.01781	991	77.99	-506.07	69.78	25.75	0.043765	-1.9343E-05	0	0	0	991	71.6	27.71	593.13	25.638	27.64	0	101.1	5060.7	110205
23	"15:39:10"	712.5	0	3	20	0.357	592.7	25.64	0.02581	991	78.01	-506.07	69.81	25.75	0.063084	0.00052299	0	0	0	991	71.6	27.71	593.05	25.646	27.64	0	101.1	5060.7	110205
24	"15:39:12"	714.5	0	3	20	0.435	592.8	25.64	0.03142	991	78.03	-506.05	69.80	25.74	0.076545	0.0010521	0	0	0	991	71.6	27.71	592.95	25.644	27.64	0	101.1	5060.5	110205
25	"15:39:14"	716.5	0	3	20	0.346	592.9	25.65	0.025	991	77.98	-506.06	69.79	25.75	0.061123	0.00047984	0	0	0	991	71.6	27.71	592.99	25.637	27.63	0	101.1	5060.6	110205
26	"15:39:16"	718.5	0	3	20	0.204	593.0	25.65	0.01473	991	77.97	-506.05	69.82	25.76	0.03622	-5.7269E-05	0	0	0	991	71.6	27.71	593.34	25.648	27.63	0	101.1	5060.5	110205
27	"15:39:18"	720.5	0	3	20	0.199	593.1	25.65	0.01441	991	77.95	-506.07	69.81	25.76	0.034708	0.0011396	0	0	0	991	71.6	27.71	593.47	25.647	27.63	0	101.1	5060.7	110205
28	"15:39:20"	722.5	0	3	20	0.289	593.2	25.65	0.02088	991	77.94	-506.06	69.83	25.77	0.050719	0.00095168	0	0	0	991	71.6	27.71	593.41	25.652	27.63	0	101.1	5060.6	110205
29	"15:39:22"	724.5	0	3	20	0.291	593.3	25.65	0.021	991	77.94	-506.05	69.82	25.76	0.051097	0.00080309	0	0	0	991	71.6	27.71	593.60	25.646	27.63	0	101.1	5060.5	110205
30	"15:39:24"	726.5	0	3	20	0.339	593.4	25.65	0.02451	991	77.93	-506.07	69.80	25.76	0.059912	0.00048434	0	0	0	991	71.6	27.71	593.81	25.641	27.63	0	101.1	5060.7	110205
31	"15:39:26"	728.5	0	3	20	0.35	593.6	25.65	0.02529	991	77.91	-506.07	69.84	25.78	0.062268	-0.00023223	0	0	0	991	71.6	27.71	593.85	25.655	27.63	0	101.1	5060.7	110205
32	"15:39:28"	730.5	0	3	20	0.465	593.7	25.65	0.03361	991	77.92	-506.06	69.85	25.78	0.081666	0.0014684	0	0	0	991	71.6	27.71	594.33	25.658	27.63	0	101.1	5060.6	110205
33	"15:39:30"	732.5	0	3	20	0.499	593.8	25.65	0.03603	991	78.01	-506.06	69.86	25.76	0.088145	0.00057653	0	0	0	991	71.6	27.71	594.09	25.661	27.63	0	101.1	5060.6	110205
34	"15:39:32"	734.5	0	3	20	0.408	594.0	25.65	0.02947	991	78.02	-506.06	69.85	25.75	0.071951	0.00071701	0	0	0	991	71.6	27.71	594.20	25.657	27.63	0	101.1	5060.6	110205
35	"15:39:34"	736.5	0	3	20	0.353	594.1	25.66	0.02552	991	78.03	-506.07	69.83	25.75	0.062161	0.00087432	0	0	0	991	71.6	27.71	594.68	25.652	27.63	0	101.1	5060.7	110205
36	"15:39:36"	738.5	0	3	20	0.476	594.3	25.66	0.03439	991	78.08	-506.06	69.89	25.75	0.084652	-0.00029065	0	0	0	991	71.6	27.71	594.72	25.668	27.63	0	101.1	5060.6	110205
37	"15:39:38"	740.5	0	3	20	0.427	594.5	25.66	0.03086	991	78.02	-506.06	69.86	25.76	0.074948	0.001406	0	0	0	991	71.6	27.71	594.65	25.660	27.63	0	101.1	5060.6	110205
38	"15:39:40"	742.5	0	3	20	0.35	594.6	25.66	0.02531	991	78.01	-506.07	69.85	25.75	0.061643	0.00084386	0	0	0	991	71.6	27.71	594.95	25.655	27.63	0	101.1	5060.7	110205
39	"15:39:42"	744.5	0	3	20	0.421	594.7	25.66	0.03043	991	78.02	-506.06	69.89	25.76	0.0744	0.00056349	0	0	0	991	71.6	27.71	594.75	25.667	27.63	0	101.1	5060.6	110205
40	"15:39:44"	746.5	0	3	20	0.122	594.8	25.66	0.00884	991	78.02	-506.06	69.89	25.76	0.02061	0.0018088	0	0	0	991	71.6	27.71	595.26	25.667	27.63	0	101.1	5060.6	110205
41	"15:39:46"	748.5	0	3	20	0.302	594.9	25.67	0.02179	991	78.01	-506.06	69.87	25.76	0.053125	0.00066954	0	0	0	991	71.6	27.71	595.42	25.658	27.63	0	101.1	5060.6	110205
42	"15:39:48"	750.5	0	3	20	0.435	595.0	25.66	0.03142	991	78.06	-506.07	69.90	25.75	0.076672	0.00081228	0	0	0	991	71.6	27.71	595.58	25.669	27.63	0	101.1	5060.7	110205
43	"15:39:50"	752.5	0	3	20	0.431	595.2	25.67	0.03112	991	78.11	-506.07	69.89	25.74	0.076374	0.00011549	0	0	0	991	71.6	27.71	595.51	25.667	27.63	0	101.1	5060.7	110205
44	"15:39:52"	754.5	0	3	20	0.494	595.3	25.67	0.03566	991	78.07	-506.07	69.87	25.74	0.08754	7.6888E-05	0	0	0	991	71.6	27.71	595.47	25.660	27.63	0	101.1	5060.7	110205
45	"15:39:54"	756.5	0	3	20	0.262	595.5	25.67	0.0189	991	78.04	-506.07	69.91	25.76	0.046325	0.00014821	0	0	0	991	71.6	27.71	595.88	25.672	27.63	0	101.1	5060.7	110205
46	"15:39:56"	758.5	0	3	20	0.235	595.6	25.67	0.01697	991	78.08	-506.08	69.90	25.75	0.041648	5.5213E-05	0	0	0	991	71.6	27.71	595.81	25.668	27.63	0	101.1	5060.8	110205
47	"15:39:58"	760.5	0	3	20	0.278	595.7	25.67	0.02012	991	78.06	-506.07	69.89	25.75	0.049594	-0.00028948	0	0	0	991	71.6	27.71	596.04	25.666	27.63	0	101.1	5060.7	110205
48	"15:40:00"	762.5	0	3	20	0.344	595.8	25.67	0.02486	991	78.08	-506.06	69.89	25.75	0.061496	-0.0007115	0	0	0	991	71.6	27.70	596.22	25.668	27.63	0	101.1	5060.6	110205
49	"15:40:02"	764.5	0	3	20	0.332	595.9	25.67	0.02401	991	78.05	-506.07	69.92	25.76	0.058459	0.00085285	0	0	0	991	71.6	27.71	596.21	25.675	27.63	0	101.1	5060.7	110205
50	"15:40:04"	766.5	0	3	20	0.375	596.0	25.67	0.02707	991	78.03	-506.08	69.91	25.76	0.065897	0.00098046	0	0	0	991	71.6	27.71	596.37	25.674	27.63	0	101.1	5060.8	110205
51	"15:40:06"	768.5	0	4	200	0.508	610.0	25.67	0.03671	991	78.05	-506.08	69.90	25.75	0.064595	0.001023	0.00071846	-0.40156	0	991	71.6	27.71	596.30	25.667	27.63	0	101.1	5060.8	110205
52	"15:52:03"	1486.0	0	3	8	0.117	590.1	25.98	0.008478	991	78.99	-506.06	70.79	25.75	0.021519	-0.0011416	0	0	0	991	71.6	27.69	590.24	25.979	27.61	0	101.1	5060.6	110205
53	"15:52:05"	1488.0	0	3	12	0.221	590.1	25.98	0.01597	991	79.00	-506.05	70.79	25.75	0.040789	-0.0025757	0	0	0	991	71.6	27.69	590.27	25.977	27.61	0	101.1	5060.5	110205
54	"15:52:07"	1490.0	0	3	16	0.251	590.2	25.98	0.01811	991	79.03	-506.06	70.80	25.74	0.044717	-0.00037419	0	0	0	991	71.6	27.69	590.44	25.979	27.61	0	101.1	5060.6	110205
55	"15:52:09"	1492.0	0	3	20	0.32	590.3	25.98	0.0231	991	79.03	-506.07	70.81	25.75	0.056612	0.00022981	0	0	0	991	71.6	27.69	590.50	25.985	27.61	0	101.1	5060.7	110205
56	"15:52:11"	1494.0	0	3	20	0.348	590.4	25.98	0.02512	991	79.06	-506.07	70.80	25.74	0.061114	0.00097289	0	0	0	991	71.6	27.69	590.51	25.981	27.61	0	101.1	5060.7	110205
57	"15:52:13"	1496.0	0	3	20	0.36	590.5	25.98	0.02603	991	79.02	-506.06	70.83	25.75	0.063078	0.0014218	0	0	0	991	71.6	27.69	590.81	25.989	27.61	0	101.1	5060.6	110205
58	"15:52:15"	1498.0	0	3	20	0.42	590.6	25.98	0.03036	991	79.05	-506.07	70.83	25.75	0.074437	0.00023244	0	0	0	991	71.6	27.69	591.12	25.988	27.61	0	101.1	5060.7	110205
59	"15:52:17"	1500.0	0	3	20	0.593	590.8	25.99	0.04285	991	78.97	-506.07	70.80	25.76	0.10497	0.0005096	0	0	0	991	71.6	27.69	591.28	25.978	27.61	0	101.1	5060.7	110205
60	"15:52:19"	1502.0	0	3	20	0.549	591.0	25.99	0.0397	991	79.01	-506.06	70.84	25.76	0.097368	0.00026244	0	0	0	991	71.6	27.68	591.22	25.993	27.61	0	101.1	5060.6	110205
61	"15:52:21"	1504.0	0	3	20	0.344	591.1	25.99	0.02486	991	79.05	-506.06	70.83	25.74	0.06091	0.00028014	0	0	0	991	71.6	27.68	591.31	25.987	27.61	0	101.1	5060.6	110205
62	"15:52:23"	1506.0	0	3	20	0.28	591.2	25.99	0.02024	991	79.08	-506.07	70.85	25.75	0.049467	0.00043761	0	0	0	991	71.6	27.69	591.70	25.996	27.61	0	101.1	5060.7	110205
63	"15:52:25"	1508.0	0	3	20	0.215	591.4	25.99	0.01554	991	79.11	-506.06	70.91	25.75	0.037479	0.001148	0	0	0	991	71.6	27.68	591.71	26.013	27.61	0	101.1	5060.6	110205
64	"15:52:27"	1510.0	0	3	20	0.373	591.4	25.99	0.02697	991	79.09	-506.07	70.88	25.75	0.06456	0.0027845	0	0	0	991	71.6	27.68	591.71	26.000	27.61	0	101.1	5060.6	110205
65	"15:52:29"	1512.0	0	3	20	0.377	591.5	26.00	0.02727	991	79.07	-506.07	70.84	25.74	0.065949	0.0017272	0	0	0	991	71.6	27.68	592.11	25.986	27.61	0	101.1	5060.7	110205
66	"15:52:31"	1514.0	0	3	20	0.31	591.7	26.00	0.02241	991	78.99	-506.07	70.84	25.76	0.054548	0.00084521	0	0	0	991	71.6	27.68	591.83	25.989	27.61	0	101.1	5060.7	110205
67	"15:52:33"	1516.0	0	3	20	0.237	591.8	26.00	0.01711	991	78.99	-506.07	70.85	25.76	0.042839	-0.0013213	0	0	0	991	71.6	27.68	592.11	25.991	27.61	0	101.1	5060.7	110205
68	"15:52:35"	1518.0	0	3	20	0.271	591.9	26.00	0.0196	991	79.00	-506.06	70.86	25.76	0.049194	-0.0016996	0	0	0	991	71.6	27.68	592.06	25.994	27.61	0	101.1	5060.6	110205
69	"15:52:37"	1520.0	0	3	20	0.356	592.0	26.00	0.02575	991	79.06	-506.06	70.89	25.75	0.063618	-0.00058802	0	0	0	991	71.6	27.68	592.37	26.000	27.60	0	101.1	5060.6	110205
70	"15:52:39"	1522.0	0	3	20	0.382	592.2	25.99	0.0276	991	79.00	-506.06	70.86	25.76	0.067839	-3.9968E-05	0	0	0	991	71.6	27.68	592.57	25.993	27.61	0	101.1	5060.6	110205
71	"15:52:41"	1524.0	0	3	20	0.464	592.3	26.00	0.03355	991	79.03	-506.07	70.89	25.76	0.08167	0.0012448	0	0	0	991	71.6	27.68	592.44	26.003	27.61	0	101.1	5060.7	110205
72	"15:52:43"	1526.0	0	3	20	0.345	592.4	26.00	0.02495	991	78.99	-506.06	70.84	25.75	0.060203	0.0017859	0	0	0	991	71.6	27.68	592.73	25.983	27.60	0	101.1	5060.6	110205
73	"15:52:45"	1528.0	0	3	20	0.37	592.6	26.00	0.02671	991	79.06	-506.06	70.92	25.76	0.065069	0.00090104	0	0	0	991	71.6	27.68	592.94	26.009	27.60	0	101.1	5060.6	110205
74	"15:52:47"	1530.0	0	3	20	0.304	592.7	26.00	0.02197	991	79.05	-506.06	70.92	25.76	0.05379	0.00029306	0	0	0	991	71.6	27.68	593.23	26.007	27.60	0	101.1	5060.6	110205
75	"15:52:49"	1532.0	0	3	20	0.371	592.8	26.00	0.0268	991	79.06	-506.05	70.89	25.75	0.065181	0.0010654	0	0	0	991	71.6	27.68	593.05	25.995	27.60	0	101.1	5060.5	110205
76	"15:52:51"	1534.0	0	3	20	0.437	593.0	26.00	0.03156	991	79.07	-506.07	70.89	25.75	0.077135	0.00064028	0	0	0	991	71.6	27.68	593.40	25.997	27.60	0	101.1	5060.7	110205
77	"15:52:53"	1536.0	0	3	20	0.476	593.1	26.00	0.03441	991	79.08	-506.06	70.93	25.75	0.083631	0.0014926	0	0	0	991	71.6	27.67	593.43	26.009	27.60	0	101.1	5060.6	110205
78	"15:52:55"	1538.0	0	3	20	0.416	593.2	26.01	0.03006	991	79.06	-506.06	70.93	25.76	0.073679	0.00029357	0	0	0	991	71.6	27.67	593.59	26.008	27.60	0	101.1	5060.6	110205
79	"15:52:57"	1540.0	0	3	20	0.374	593.4	26.01	0.02706	991	79.10	-506.06	70.95	25.75	0.066292	0.00029192	0	0	0	991	71.6	27.67	593.77	26.015	27.60	0	101.1	5060.6	110205
80	"15:52:59"	1542.0	0	3	20	0.322	593.5	26.01	0.02326	991	79.16	-506.06	70.94	25.74	0.055864	0.0020879	0	0	0	991	71.6	27.67	593.70	26.011	27.60	0	101.1	5060.6	110205
81	"15:53:01"	1544.0	0	3	20	0.243	593.6	26.01	0.01755	991	79.15	-506.05	70.95	25.74	0.042916	0.00034315	0	0	0	991	71.6	27.67	593.97	26.010	27.60	0	101.1	5060.5	110205
82	"15:53:03"	1546.0	0	3	20	0.421	593.7	26.01	0.03039	991	79.12	-506.07	70.95	25.74	0.074521	0.00021758	0	0	0	991	71.6	27.67	594.38	26.010	27.60	0	101.1	5060.7	110205
83	"15:53:05"	1548.0	0	3	20	0.394	593.9	26.01	0.0285	991	79.16	-506.06	70.98	25.74	0.070172	-0.00026575	0	0	0	991	71.6	27.67	593.84	26.020	27.59	0	101.1	5060.6	110205
84	"15:53:07"	1550.0	0	3	20	0.33	594.0	26.01	0.02385	991	79.11	-506.05	70.93	25.74	0.058906	-0.00049755	0	0	0	991	71.6	27.67	594.14	26.002	27.59	0	101.1	5060.5	110205
85	"15:53:09"	1552.0	0	3	20	0.254	594.1	26.01	0.01836	991	79.20	-506.06	70.97	25.73	0.045199	-0.00016041	0	0	0	991	71.6	27.67	594.29	26.016	27.59	0	101.1	5060.6	110205
86	"15:53:11"	1554.0	0	3	20	0.115	594.2	26.01	0.008284	991	79.17	-506.05	70.93	25.73	0.020576	-0.0003697	0	0	0	991	71.6	27.67	594.47	26.000	27.59	0	101.1	5060.5	110205
87	"15:53:13"	1556.0	0	3	20	0.291	594.3	26.01	0.02103	991	79.21	-506.05	70.97	25.73	0.052	-0.00054693	0	0	0	991	71.6	27.67	594.85	26.012	27.59	0	101.1	5060.5	110205
88	"15:53:15"	1558.0	0	3	20	0.486	594.4	26.01	0.03512	991	79.22	-506.06	70.99	25.73	0.08598	0.00049772	0	0	0	991	71.6	27.67	594.68	26.017	27.59	0	101.1	5060.6	110205
89	"15:53:17"	1560.0	0	3	20	0.438	594.5	26.01	0.03161	991	79.19	-506.05	70.96	25.73	0.076592	0.0017487	0	0	0	991	71.6	27.67	595.04	26.006	27.59	0	101.1	5060.5	110205
90	"15:53:19"	1562.0	0	3	20	0.421	594.7	26.01	0.03042	991	79.17	-506.06	70.95	25.73	0.074212	0.00085974	0	0	0	991	71.6	27.67	595.17	26.002	27.59	0	101.1	5060.6	110205
91	"15:53:50"	1591.5	0	3	20	0.358	594.8	26.01	0.02589	991	79.29	-506.06	71.08	25.73	0.063166	0.00069886	0	0	0	991	71.6	27.66	596.91	26.041	27.58	0	101.1	5060.6	110205
92	"15:53:51"	1593.5	0	3	20	0.342	595.0	26.02	0.02474	991	79.21	-506.08	71.02	25.73	0.060344	0.00070592	0	0	0	991	71.6	27.66	596.67	26.016	27.58	0	101.1	5060.8	110205
93	"15:53:53"	1595.5	0	3	20	0.349	595.5	26.02	0.02521	991	79.34	-506.08	71.13	25.73	0.061614	0.0005371	0	0	0	991	71.6	27.66	597.20	26.057	27.58	0	101.1	5060.8	110205
94	"15:53:55"	1597.5	0	3	20	0.35	596.0	26.03	0.02527	991	79.27	-506.05	71.10	25.74	0.061643	0.00072734	0	0	0	991	71.6	27.66	597.23	26.043	27.58	0	101.1	5060.5	110205
95	"15:53:57"	1599.5	0	3	20	0.35	596.5	26.03	0.02527	991	79.25	-506.06	71.12	25.74	0.061576	0.0008258	0	0	0	991	71.6	27.65	597.55	26.048	27.58	0	101.1	5060.6	110205
96	"15:53:59"	1601.5	0	3	20	0.351	597.0	26.04	0.02533	991	79.27	-506.07	71.08	25.73	0.061633	0.00096767	0	0	0	991	71.6	27.65	597.73	26.034	27.58	0	101.1	5060.7	110205
97	"15:54:01"	1603.5	0	3	20	0.577	597.3	26.04	0.04166	991	79.27	-506.06	71.09	25.73	0.10221	0.00022896	0	0	0	991	71.6	27.65	597.61	26.033	27.58	0	101.1	5060.6	110205
98	"15:54:03"	1605.5	0	3	20	0.544	597.5	26.04	0.03933	991	79.30	-506.06	71.10	25.73	0.09693	-0.00051688	0	0	0	991	71.6	27.65	597.88	26.043	27.58	0	101.1	5060.6	110205
99	"15:54:05"	1607.5	0	3	20	0.468	597.7	26.04	0.03383	991	79.25	-506.06	71.10	25.74	0.082451	0.0010793	0	0	0	991	71.6	27.65	597.50	26.040	27.58	0	101.1	5060.6	110205
100	"15:54:07"	1609.5	0	3	20	0.147	597.7	26.04	0.01064	991	79.29	-506.07	71.12	25.73	0.026029	0.0001636	0	0	0	991	71.6	27.65	598.05	26.047	27.58	0	101.1	5060.7	110205
101	"15:54:09"	1611.5	0	3	20	0.123	597.9	26.04	0.008857	991	79.24	-506.06	71.08	25.73	0.021466	0.00047682	0	0	0	991	71.6	27.65	598.17	26.031	27.58	0	101.1	5060.6	110205
102	"15:54:11"	1613.5	0	3	20	0.235	597.9	26.04	0.01696	991	79.28	-506.06	71.11	25.73	0.042263	-0.0009951	0	0	0	991	71.6	27.65	598.24	26.042	27.58	0	101.1	5060.6	110205
103	"15:54:12"	1615.0	0	4	200	0.346	610.0	26.04	0.02502	991	79.32	-506.07	71.14	25.73	0.044731	-0.00075315	-6.826E-06	0.029184	0	991	71.6	27.65	598.38	26.053	27.58	0	101.1	5060.7	110205
104	"16:05:01"	2264.0	0	3	8	0.33	602.0	26.28	0.02388	991	80.14	-506.06	71.93	25.69	0.059264	-0.00099114	0	0	0	991	71.6	27.60	602.25	26.269	27.53	0	101.1	5060.6	110205
105	"16:05:03"	2266.0	0	3	12	0.388	602.1	26.28	0.02805	991	80.15	-506.06	71.97	25.70	0.067928	0.0015972	0	0	0	991	71.6	27.60	602.10	26.282	27.53	0	101.1	5060.6	110205
106	"16:05:05"	2268.0	0	3	16	0.375	602.1	26.28	0.02707	991	80.17	-506.07	71.98	25.70	0.065237	0.002021	0	0	0	991	71.6	27.60	602.49	26.287	27.53	0	101.1	5060.7	110205
107	"16:05:07"	2270.0	0	3	20	0.361	602.2	26.28	0.0261	991	80.24	-506.05	72.01	25.69	0.063234	0.0014038	0	0	0	991	71.6	27.60	602.58	26.297	27.53	0	101.1	5060.5	110205
108	"16:05:09"	2272.0	0	3	20	0.384	602.4	26.29	0.02775	991	80.29	-506.06	72.06	25.69	0.066434	0.0027926	0	0	0	991	71.6	27.60	602.67	26.316	27.53	0	101.1	5060.6	110205
109	"16:05:11"	2274.0	0	3	20	0.325	602.5	26.29	0.02347	991	80.16	-506.05	71.98	25.70	0.055935	0.0027688	0	0	0	991	71.6	27.60	602.95	26.289	27.53	0	101.1	5060.5	110205
110	"16:05:13"	2276.0	0	3	20	0.337	602.6	26.30	0.02434	991	80.18	-506.05	72.01	25.70	0.058995	0.0013031	0	0	0	991	71.6	27.60	602.78	26.298	27.53	0	101.1	5060.5	110205
111	"16:05:15"	2278.0	0	3	20	0.373	602.7	26.30	0.02692	991	80.19	-506.07	72.01	25.71	0.065531	0.00098328	0	0	0	991	71.6	27.60	603.28	26.303	27.53	0	101.1	5060.7	110205
112	"16:05:17"	2280.0	0	3	20	0.379	602.9	26.30	0.02738	991	80.14	-506.05	71.99	25.71	0.067441	-0.00028177	0	0	0	991	71.6	27.60	603.16	26.291	27.53	0	101.1	5060.5	110205
113	"16:05:19"	2282.0	0	3	20	0.393	603.0	26.30	0.02837	991	80.13	-506.06	72.00	25.72	0.069952	-0.00042853	0	0	0	991	71.6	27.60	603.17	26.299	27.53	0	101.1	5060.6	110205
114	"16:05:21"	2284.0	0	3	20	0.276	603.1	26.30	0.01993	991	80.14	-506.06	72.02	25.71	0.049058	-0.00014669	0	0	0	991	71.6	27.60	603.36	26.300	27.53	0	101.1	5060.6	110205
115	"16:05:23"	2286.0	0	3	20	0.326	603.2	26.30	0.02359	991	80.20	-506.07	72.04	25.71	0.057477	0.00074615	0	0	0	991	71.6	27.60	603.64	26.312	27.53	0	101.1	5060.7	110205
116	"16:05:25"	2288.0	0	3	20	0.416	603.4	26.30	0.03004	991	80.19	-506.06	72.03	25.71	0.072938	0.0013756	0	0	0	991	71.6	27.60	603.79	26.309	27.53	0	101.1	5060.6	110205
117	"16:05:27"	2290.0	0	3	20	0.433	603.5	26.30	0.03127	991	80.15	-506.05	72.04	25.72	0.075465	0.0021661	0	0	0	991	71.6	27.60	604.00	26.311	27.53	0	101.1	5060.5	110205
118	"16:05:29"	2292.0	0	3	20	0.492	603.7	26.31	0.03556	991	80.12	-506.05	72.02	25.72	0.086499	0.001382	0	0	0	991	71.6	27.60	604.00	26.307	27.53	0	101.1	5060.5	110205
119	"16:05:31"	2294.0	0	3	20	0.298	603.8	26.31	0.02155	991	80.15	-506.07	72.01	25.71	0.053686	-0.0011886	0	0	0	991	71.6	27.60	604.18	26.303	27.53	0	101.1	5060.7	110205
120	"16:05:33"	2296.0	0	3	20	0.345	603.9	26.31	0.02493	991	80.18	-506.06	72.04	25.71	0.061227	3.3764E-05	0	0	0	991	71.6	27.60	604.53	26.312	27.53	0	101.1	5060.6	110205
121	"16:05:35"	2298.0	0	3	20	0.426	604.1	26.31	0.0308	991	80.23	-506.07	72.02	25.70	0.075727	-9.2178E-05	0	0	0	991	71.6	27.60	604.33	26.308	27.53	0	101.1	5060.7	110205
122	"16:05:37"	2300.0	0	3	20	0.259	604.2	26.31	0.01871	991	80.22	-506.06	72.06	25.71	0.04507	0.0014238	0	0	0	991	71.6	27.60	604.31	26.321	27.53	0	101.1	5060.6	110205
123	"16:05:39"	2302.0	0	3	20	0.285	604.3	26.31	0.02058	991	80.21	-506.07	72.03	25.71	0.049708	0.0013522	0	0	0	991	71.6	27.60	604.62	26.309	27.53	0	101.1	5060.7	110205
124	"16:05:41"	2304.0	0	3	20	0.213	604.4	26.31	0.01539	991	80.25	-506.07	72.04	25.70	0.037734	0.00011807	0	0	0	991	71.6	27.60	604.46	26.315	27.53	0	101.1	5060.7	110205
125	"16:05:43"	2306.0	0	3	20	0.184	604.5	26.31	0.01329	991	80.20	-506.05	72.04	25.71	0.032389	0.00041815	0	0	0	991	71.6	27.60	605.11	26.311	27.53	0	101.1	5060.5	110205
126	"16:05:45"	2308.0	0	3	20	0.447	604.6	26.31	0.0323	991	80.22	-506.07	72.05	25.71	0.079499	-0.00026018	0	0	0	991	71.6	27.60	605.12	26.315	27.53	0	101.1	5060.7	110205
127	"16:05:47"	2310.0	0	3	20	0.442	604.7	26.31	0.03195	991	80.24	-506.04	72.05	25.70	0.077839	0.0010319	0	0	0	991	71.6	27.60	605.14	26.314	27.53	0	101.1	5060.4	110205
128	"16:05:49"	2312.0	0	3	20	0.389	604.9	26.32	0.02809	991	80.19	-506.06	72.00	25.70	0.068599	0.00063119	0	0	0	991	71.6	27.60	605.13	26.299	27.53	0	101.1	5060.6	110205
129	"16:05:51"	2314.0	0	3	20	0.29	605.0	26.31	0.02095	991	80.20	-506.06	72.04	25.71	0.051472	-3.1585E-05	0	0	0	991	71.6	27.60	605.26	26.309	27.53	0	101.1	5060.6	110205
130	"16:05:53"	2316.0	0	3	20	0.129	605.1	26.31	0.009296	991	80.24	-506.06	72.05	25.70	0.023157	-0.00051857	0	0	0	991	71.6	27.60	605.37	26.314	27.53	0	101.1	5060.6	110205
131	"16:05:55"	2318.0	0	3	20	0.23	605.2	26.31	0.01665	991	80.25	-506.06	72.05	25.70	0.041633	-0.0011964	0	0	0	991	71.6	27.60	605.55	26.313	27.53	0	101.1	5060.6	110205
132	"16:05:57"	2320.0	0	3	20	0.327	605.3	26.31	0.02363	991	80.26	-506.05	72.08	25.71	0.057991	7.7857E-05	0	0	0	991	71.6	27.60	605.50	26.323	27.53	0	101.1	5060.5	110205
133	"16:05:59"	2322.0	0	3	20	0.462	605.4	26.31	0.03337	991	80.27	-506.05	72.11	25.71	0.080863	0.0017751	0	0	0	991	71.6	27.60	606.06	26.333	27.53	0	101.1	5060.5	110205
134	"16:06:01"	2324.0	0	3	20	0.505	605.6	26.32	0.03651	991	80.26	-506.05	72.10	25.71	0.08853	0.0018706	0	0	0	991	71.6	27.60	606.10	26.329	27.53	0	101.1	5060.5	110205
135	"16:06:03"	2326.0	0	3	20	0.598	605.8	26.32	0.0432	991	80.23	-506.07	72.09	25.71	0.10478	0.0021346	0	0	0	991	71.6	27.60	606.16	26.326	27.53	0	101.1	5060.7	110205
136	"16:06:05"	2328.0	0	3	20	0.422	605.9	26.32	0.03052	991	80.26	-506.06	72.10	25.71	0.074598	0.00058453	0	0	0	991	71.6	27.60	605.98	26.330	27.53	0	101.1	5060.6	110205
137	"16:06:07"	2330.0	0	3	20	0.219	606.0	26.32	0.01582	991	80.27	-506.06	72.07	25.70	0.038757	0.00015986	0	0	0	991	71.6	27.60	606.32	26.323	27.53	0	101.1	5060.6	110205
138	"16:06:09"	2332.0	0	3	20	0.167	606.2	26.32	0.01208	991	80.28	-506.06	72.10	25.71	0.029854	-0.0002868	0	0	0	991	71.6	27.60	606.46	26.331	27.53	0	101.1	5060.6	110205
139	"16:06:11"	2334.0	0	3	20	0.233	606.3	26.33	0.01687	991	80.23	-506.05	72.09	25.71	0.04156	-0.00019185	0	0	0	991	71.6	27.60	606.74	26.327	27.53	0	101.1	5060.5	110205
140	"16:06:13"	2336.0	0	3	20	0.422	606.3	26.32	0.03049	991	80.26	-506.05	72.08	25.70	0.074653	0.00041004	0	0	0	991	71.6	27.60	606.76	26.324	27.53	0	101.1	5060.5	110205
141	"16:06:15"	2338.0	0	3	20	0.417	606.5	26.33	0.03011	991	80.25	-506.06	72.07	25.70	0.07377	0.00030111	0	0	0	991	71.6	27.60	606.77	26.319	27.53	0	101.1	5060.6	110205
142	"16:06:17"	2340.0	0	3	20	0.236	606.6	26.33	0.01706	991	80.31	-506.06	72.14	25.71	0.041008	0.0014391	0	0	0	991	71.6	27.60	607.21	26.343	27.53	0	101.1	5060.6	110205
143	"16:06:19"	2342.0	0	3	20	0.384	606.8	26.33	0.02775	991	80.30	-506.08	72.13	25.71	0.067062	0.0017925	0	0	0	991	71.6	27.60	607.25	26.343	27.53	0	101.1	5060.8	110205
144	"16:06:21"	2344.0	0	3	20	0.404	606.9	26.33	0.02916	991	80.25	-506.06	72.12	25.72	0.070522	0.0017876	0	0	0	991	71.6	27.60	607.43	26.338	27.53	0	101.1	5060.6	110205
145	"16:06:23"	2346.0	0	3	20	0.505	607.0	26.34	0.03648	991	80.24	-506.06	72.07	25.71	0.089392	0.00036915	0	0	0	991	71.6	27.60	607.33	26.320	27.53	0	101.1	5060.6	110205
146	"16:06:25"	2348.0	0	3	20	0.413	607.2	26.33	0.02984	991	80.26	-506.07	72.09	25.71	0.074413	-0.0017716	0	0	0	991	71.6	27.60	607.55	26.325	27.53	0	101.1	5060.7	110205
147	"16:06:27"	2350.0	0	3	20	0.307	607.4	26.33	0.02218	991	80.25	-506.05	72.13	25.72	0.055984	-0.0023804	0	0	0	991	71.6	27.60	607.65	26.339	27.53	0	101.1	5060.5	110205
148	"16:06:29"	2352.0	0	3	20	0.336	607.5	26.33	0.0243	991	80.27	-506.07	72.10	25.71	0.060313	-0.00097998	0	0	0	991	71.6	27.60	607.84	26.331	27.53	0	101.1	5060.7	110205
149	"16:06:31"	2354.0	0	3	20	0.373	607.6	26.33	0.02692	991	80.25	-506.07	72.09	25.71	0.066008	0.00018134	0	0	0	991	71.6	27.60	607.95	26.325	27.53	0	101.1	5060.7	110205
150	"16:06:33"	2356.0	0	3	20	0.408	607.7	26.33	0.02949	991	80.35	-506.05	72.15	25.70	0.071328	0.0017854	0	0	0	991	71.6	27.60	607.95	26.346	27.53	0	101.1	5060.5	110205
151	"16:06:35"	2358.0	0	3	20	0.327	607.8	26.33	0.02364	991	80.34	-506.05	72.13	25.70	0.056889	0.0019013	0	0	0	991	71.6	27.60	608.21	26.344	27.53	0	101.1	5060.5	110205
152	"16:06:37"	2360.0	0	3	20	0.318	607.9	26.34	0.02296	991	80.31	-506.07	72.10	25.70	0.055937	0.00074591	0	0	0	991	71.6	27.60	608.24	26.334	27.53	0	101.1	5060.7	110205
153	"16:06:39"	2362.0	0	3	20	0.235	608.1	26.34	0.01697	991	80.34	-506.07	72.13	25.70	0.041579	0.00015793	0	0	0	991	71.6	27.60	608.22	26.340	27.53	0	101.1	5060.7	110205
154	"16:06:41"	2364.0	0	4	200	0.343	610.0	26.34	0.02477	991	80.31	-506.05	72.13	25.71	0.039159	6.2071E-05	-0.00022138	0.15981	0	991	71.6	27.60	608.50	26.341	27.53	0	101.1	5060.5	110205
