"OPEN 5.3.2"
"Fri May 31 2019 18:01:45"
"Unit="	"PSC-895"
"ComputeList="	"/User/Configs/Comps/Soil Efflux Eqns.LPL"
"BLCTable="	"/Sys/Lib/StdBLCTable"
"LightSource="	"Sun+Sky"	1	0.19
"LogFormat="	"/User/Configs/LogFormats/Soil Efflux Log Fmt"
"LogCodes="	-35	-21	-36	-104	310	311	320	302	303	306	304	321	322	323	324	300	301	330	331	305	307	308	-8	-2	-5	-9	-13	-11	-61	-23
"PromptList="	"/User/Configs/Prompts/Soil Efflux Prompts"
"Stability= (CO2S 15s SLP<1)(H2OS 15s SLP<1)(Flow 15s SLP<1)"
"18:01:46 "
$STARTOFDATA$
"Obs"	"HHMMSS"	"FTime"	"Plot#"	"Mode"	"Smpls"	"EFFLUX"	"C2avg"	"Wavg"	"dc'/dt"	"Vtot"	"RHcmbr%"	"Tsoil_C"	"RHirga%"	"Tsch_C"	"dC/dt"	"dW/dt"	"R(C)m"	"R(C)b"	"InsDpth"	"Vbase"	"Area"	"TBlk"	"CO2S"	"H2OS"	"Tair"	"PARo"	"Press"	"uc_21_mV"	"Status"
1	"18:04:46"	192.0	0	3	8	-31.1	1064.5	9.91	-2.251	991	28.13	-506.03	24.60	26.84	-5.5139	-0.038377	0	0	0	991	71.6	29.01	1059.44	9.877	29.14	0	101	5060.3	440205
2	"18:04:48"	194.0	0	3	12	-19.2	1062.1	9.88	-1.387	991	28.57	-506.04	25.00	26.86	-3.3888	-0.032941	0	0	0	991	71.6	29.02	1077.76	10.042	29.15	0	101	5060.4	440205
3	"18:04:50"	196.0	0	3	16	1.68	1065.5	9.92	0.1217	991	28.06	-506.04	24.60	26.90	0.29427	0.0057965	0	0	0	991	71.6	29.02	1060.20	9.883	29.15	0	101	5060.4	440205
4	"18:04:52"	198.0	0	3	20	-2.35	1064.4	9.91	-0.1695	991	28.03	-506.03	24.58	26.90	-0.41683	-0.0014578	0	0	0	991	71.6	29.03	1059.43	9.876	29.16	0	101	5060.3	440205
5	"18:04:54"	200.0	0	3	20	-0.443	1062.4	9.90	-0.03203	991	27.67	-506.03	24.56	27.12	-0.079051	-7.0284E-05	0	0	0	991	71.6	29.03	1059.37	9.876	29.17	0	101	5060.3	440205
6	"18:04:56"	202.0	0	3	20	-4.2	1062.3	9.90	-0.3038	991	27.85	-506.03	24.55	27.01	-0.74436	-0.00551	0	0	0	991	71.6	29.03	1059.34	9.875	29.17	0	101	5060.3	440205
7	"18:04:58"	204.0	0	3	20	-9.69	1062.7	9.91	-0.7003	991	28.12	-506.04	24.56	26.85	-1.7104	-0.016893	0	0	0	991	71.6	29.04	1059.38	9.878	29.17	0	101	5060.4	440205
8	"18:05:00"	206.0	0	3	20	-0.172	1059.5	9.88	-0.01244	991	28.25	-506.04	24.56	26.77	-0.030691	2.2228E-06	0	0	0	991	71.6	29.04	1059.47	9.879	29.17	0	101	5060.4	440205
9	"18:05:02"	208.0	0	3	20	0.0223	1059.4	9.88	0.001611	991	28.27	-506.04	24.56	26.76	0.0037662	0.00019648	0	0	0	991	71.6	29.04	1059.39	9.880	29.17	0	101	5060.4	440205
10	"18:05:02"	208.5	0	4	33	4.08	1050.0	9.88	0.295	991	28.27	-506.03	24.56	26.76	0.0037662	0.00019648	-0.053108	56.058	0	991	71.6	29.04	1059.45	9.878	29.17	0	101	5060.3	440205
