"OPEN 5.3.2"
"Sat Jun  1 2019 12:53:35"
"Unit="	"PSC-895"
"ComputeList="	"/User/Configs/Comps/Soil Efflux Eqns.LPL"
"BLCTable="	"/Sys/Lib/StdBLCTable"
"LightSource="	"Sun+Sky"	1	0.19
"LogFormat="	"/User/Configs/LogFormats/Soil Efflux Log Fmt"
"LogCodes="	-35	-21	-36	-104	310	311	320	302	303	306	304	321	322	323	324	300	301	330	331	305	307	308	-8	-2	-5	-9	-13	-11	-61	-23
"PromptList="	"/User/Configs/Prompts/Soil Efflux Prompts"
"Stability= (CO2S 15s SLP<1)(H2OS 15s SLP<1)(Flow 15s SLP<1)"
"12:53:36 "
$STARTOFDATA$
"Obs"	"HHMMSS"	"FTime"	"Plot#"	"Mode"	"Smpls"	"EFFLUX"	"C2avg"	"Wavg"	"dc'/dt"	"Vtot"	"RHcmbr%"	"Tsoil_C"	"RHirga%"	"Tsch_C"	"dC/dt"	"dW/dt"	"R(C)m"	"R(C)b"	"InsDpth"	"Vbase"	"Area"	"TBlk"	"CO2S"	"H2OS"	"Tair"	"PARo"	"Press"	"uc_21_mV"	"Status"
1	"13:03:22"	598.5	0	3	8	0.077	692.5	27.38	0.005564	991	83.28	-506.08	63.70	25.74	0.0083371	0.0075162	0	0	0	991	71.6	31.23	692.46	27.403	30.34	0	101	5060.8	110205
2	"13:03:24"	600.5	0	3	12	0.512	692.6	27.38	0.03697	991	83.19	-506.08	63.66	25.74	0.08668	0.0060088	0	0	0	991	71.6	31.23	692.75	27.384	30.33	0	101	5060.8	110205
3	"13:03:26"	602.5	0	3	16	0.462	692.7	27.38	0.03338	991	83.16	-506.08	63.65	25.75	0.080741	0.001947	0	0	0	991	71.6	31.23	693.01	27.380	30.33	0	101	5060.8	110205
4	"13:03:28"	604.5	0	3	20	0.548	692.8	27.38	0.03956	991	83.17	-506.07	63.67	25.75	0.096749	0.00081905	0	0	0	991	71.6	31.23	693.47	27.389	30.33	0	101	5060.7	110205
5	"13:03:30"	606.5	0	3	20	0.715	693.0	27.39	0.05162	991	83.19	-506.08	63.67	25.75	0.12735	-0.0004767	0	0	0	991	71.6	31.23	693.61	27.388	30.33	0	101	5060.8	110205
6	"13:03:32"	608.5	0	3	20	0.707	693.2	27.39	0.05106	991	83.21	-506.08	63.67	25.74	0.12624	-0.00088719	0	0	0	991	71.6	31.24	693.96	27.386	30.33	0	101	5060.8	110205
7	"13:03:34"	610.5	0	3	20	0.835	693.5	27.38	0.06034	991	83.26	-506.07	63.69	25.74	0.14782	0.00088749	0	0	0	991	71.6	31.24	694.13	27.396	30.33	0	101	5060.7	110205
8	"13:03:36"	612.5	0	3	20	0.73	693.7	27.39	0.05276	991	83.29	-506.07	63.71	25.74	0.1282	0.0022455	0	0	0	991	71.6	31.24	694.47	27.409	30.33	0	101	5060.7	110205
9	"13:03:38"	614.5	0	3	20	0.753	694.0	27.39	0.05443	991	83.33	-506.07	63.75	25.74	0.13162	0.0032083	0	0	0	991	71.6	31.24	694.91	27.430	30.34	0	101	5060.7	110205
10	"13:03:40"	616.5	0	3	20	0.824	694.3	27.40	0.05951	991	83.27	-506.07	63.71	25.74	0.1434	0.0042293	0	0	0	991	71.6	31.24	694.96	27.407	30.34	0	101	5060.7	110205
11	"13:03:42"	618.5	0	3	20	0.725	694.6	27.41	0.05235	991	83.37	-506.08	63.73	25.73	0.12588	0.0040605	0	0	0	991	71.6	31.24	695.47	27.421	30.34	0	101	5060.8	110205
12	"13:03:44"	620.5	0	3	20	0.919	694.9	27.41	0.06637	991	83.43	-506.07	63.76	25.72	0.16156	0.0024144	0	0	0	991	71.6	31.24	695.57	27.434	30.34	0	101	5060.7	110205
13	"13:03:46"	622.5	0	3	20	0.807	695.2	27.42	0.05829	991	83.43	-506.08	63.78	25.73	0.14162	0.0025084	0	0	0	991	71.6	31.24	695.72	27.443	30.34	0	101	5060.8	110205
14	"13:03:48"	624.5	0	3	20	0.749	695.4	27.43	0.05409	991	83.39	-506.07	63.74	25.73	0.13131	0.0024381	0	0	0	991	71.6	31.23	695.86	27.424	30.34	0	101	5060.7	110205
15	"13:03:50"	626.5	0	3	20	0.691	695.6	27.43	0.04991	991	83.38	-506.06	63.75	25.73	0.12127	0.0021314	0	0	0	991	71.6	31.23	696.40	27.426	30.34	0	101	5060.6	110205
16	"13:03:52"	628.5	0	3	20	0.601	695.9	27.43	0.04342	991	83.49	-506.08	63.80	25.72	0.10587	0.0013336	0	0	0	991	71.6	31.23	696.40	27.447	30.34	0	101	5060.8	110205
17	"13:03:54"	630.5	0	3	20	0.678	696.1	27.44	0.04897	991	83.43	-506.07	63.79	25.73	0.12013	0.00048055	0	0	0	991	71.6	31.23	696.96	27.441	30.33	0	101	5060.7	110205
18	"13:03:56"	632.5	0	3	20	0.954	696.5	27.44	0.06892	991	83.43	-506.09	63.78	25.73	0.16843	0.0015561	0	0	0	991	71.6	31.23	697.67	27.440	30.34	0	101	5060.9	110205
19	"13:03:58"	634.5	0	3	20	1.02	696.8	27.44	0.07334	991	83.44	-506.07	63.80	25.73	0.17913	0.0018083	0	0	0	991	71.6	31.23	697.21	27.444	30.33	0	101	5060.7	110205
20	"13:04:00"	636.5	0	3	20	0.844	697.0	27.44	0.06096	991	83.43	-506.08	63.80	25.73	0.14952	0.00063654	0	0	0	991	71.6	31.23	697.77	27.446	30.33	0	101	5060.8	110205
21	"13:04:02"	638.5	0	3	20	0.73	697.3	27.45	0.05271	991	83.47	-506.07	63.83	25.73	0.12885	0.0011449	0	0	0	991	71.6	31.23	698.06	27.454	30.33	0	101	5060.7	110205
22	"13:04:04"	640.5	0	3	20	0.559	697.6	27.45	0.04039	991	83.50	-506.08	63.85	25.73	0.097945	0.0019852	0	0	0	991	71.6	31.23	698.13	27.465	30.33	0	101	5060.8	110205
23	"13:04:06"	642.5	0	3	20	0.593	697.8	27.46	0.04283	991	83.53	-506.06	63.85	25.72	0.1027	0.0037286	0	0	0	991	71.6	31.23	698.31	27.465	30.33	0	101	5060.6	110205
24	"13:04:08"	644.5	0	3	20	0.618	698.0	27.46	0.04462	991	83.57	-506.06	63.89	25.72	0.10755	0.0030852	0	0	0	991	71.6	31.23	698.65	27.480	30.33	0	101	5060.6	110205
25	"13:04:10"	646.5	0	3	20	0.641	698.2	27.47	0.0463	991	83.58	-506.09	63.89	25.72	0.11265	0.0017294	0	0	0	991	71.6	31.24	698.88	27.483	30.33	0	101	5060.9	110205
26	"13:04:12"	648.5	0	3	20	0.718	698.5	27.47	0.0519	991	83.52	-506.07	63.88	25.73	0.12647	0.0016781	0	0	0	991	71.6	31.24	699.24	27.476	30.33	0	101	5060.7	110205
27	"13:04:14"	650.5	0	3	20	0.95	698.8	27.47	0.06863	991	83.59	-506.07	63.90	25.72	0.16743	0.0019517	0	0	0	991	71.6	31.23	699.65	27.484	30.33	0	101	5060.7	110205
28	"13:04:16"	652.5	0	3	20	0.875	699.0	27.48	0.06325	991	83.58	-506.07	63.91	25.73	0.15389	0.0023941	0	0	0	991	71.6	31.23	699.65	27.490	30.33	0	101	5060.7	110205
29	"13:04:18"	654.5	0	3	20	0.724	699.3	27.48	0.05232	991	83.64	-506.07	63.93	25.72	0.12772	0.0013796	0	0	0	991	71.6	31.23	700.23	27.501	30.33	0	101	5060.7	110205
30	"13:04:20"	656.5	0	3	20	0.71	699.6	27.48	0.05131	991	83.61	-506.08	63.91	25.72	0.12572	0.00071487	0	0	0	991	71.6	31.23	700.40	27.488	30.33	0	101	5060.8	110205
31	"13:04:22"	658.5	0	3	20	0.737	699.9	27.49	0.05325	991	83.59	-506.07	63.90	25.72	0.13076	0.00032364	0	0	0	991	71.6	31.23	700.64	27.484	30.33	0	101	5060.7	110205
32	"13:04:24"	660.5	0	3	20	0.81	700.1	27.49	0.05849	991	83.64	-506.08	63.93	25.72	0.14328	0.00084432	0	0	0	991	71.6	31.23	701.02	27.499	30.33	0	101	5060.8	110205
33	"13:04:26"	662.5	0	3	20	0.817	700.4	27.49	0.05903	991	83.64	-506.07	63.93	25.72	0.14423	0.0013794	0	0	0	991	71.6	31.23	700.95	27.499	30.33	0	101	5060.7	110205
34	"13:04:28"	664.5	0	3	20	0.654	700.7	27.49	0.04724	991	83.64	-506.09	63.94	25.72	0.11505	0.0016298	0	0	0	991	71.6	31.24	701.18	27.502	30.33	0	101	5060.9	110205
35	"13:04:30"	666.5	0	3	20	0.597	700.9	27.50	0.04311	991	83.63	-506.08	63.93	25.72	0.10478	0.0017852	0	0	0	991	71.6	31.24	701.41	27.497	30.33	0	101	5060.8	110205
36	"13:04:32"	668.5	0	3	20	0.593	701.1	27.50	0.04281	991	83.65	-506.08	63.93	25.72	0.10361	0.002376	0	0	0	991	71.6	31.24	701.60	27.502	30.33	0	101	5060.8	110205
37	"13:04:34"	670.5	0	3	20	0.62	701.3	27.50	0.04477	991	83.67	-506.07	63.95	25.72	0.10959	0.00076855	0	0	0	991	71.6	31.24	702.10	27.506	30.33	0	101	5060.7	110205
38	"13:04:36"	672.5	0	3	20	0.675	701.5	27.51	0.04875	991	83.71	-506.08	63.96	25.72	0.11887	0.0014545	0	0	0	991	71.6	31.24	701.96	27.514	30.33	0	101	5060.8	110205
39	"13:04:38"	674.5	0	3	20	0.815	701.8	27.51	0.0589	991	83.73	-506.07	63.98	25.72	0.14339	0.0020735	0	0	0	991	71.6	31.23	702.61	27.519	30.33	0	101	5060.7	110205
40	"13:04:40"	676.5	0	3	20	0.735	702.1	27.51	0.05307	991	83.78	-506.08	64.03	25.72	0.12933	0.0016892	0	0	0	991	71.6	31.23	702.77	27.540	30.33	0	101	5060.8	110205
41	"13:04:42"	678.5	0	3	20	0.871	702.4	27.52	0.06291	991	83.76	-506.07	64.00	25.72	0.15203	0.0037922	0	0	0	991	71.6	31.23	703.05	27.529	30.33	0	101	5060.7	110205
42	"13:04:44"	680.5	0	3	20	0.833	702.7	27.52	0.06018	991	83.79	-506.07	64.03	25.72	0.14675	0.0017927	0	0	0	991	71.6	31.23	703.61	27.540	30.33	0	101	5060.7	110205
43	"13:04:46"	682.5	0	3	20	0.812	703.0	27.53	0.05864	991	83.77	-506.08	64.04	25.72	0.14297	0.0017736	0	0	0	991	71.6	31.23	703.48	27.543	30.33	0	101	5060.8	110205
44	"13:04:48"	684.5	0	3	20	0.851	703.2	27.53	0.06151	991	83.77	-506.08	64.04	25.72	0.14987	0.0019945	0	0	0	991	71.6	31.23	703.94	27.538	30.33	0	101	5060.8	110205
45	"13:04:50"	686.5	0	3	20	0.638	703.5	27.54	0.0461	991	83.82	-506.08	64.05	25.71	0.11284	0.0007796	0	0	0	991	71.6	31.23	704.25	27.546	30.33	0	101	5060.8	110205
46	"13:04:52"	688.5	0	3	20	0.745	703.8	27.54	0.05383	991	83.81	-506.07	64.05	25.72	0.131	0.0019494	0	0	0	991	71.6	31.23	704.26	27.547	30.33	0	101	5060.7	110205
47	"13:04:54"	690.5	0	3	20	0.651	704.0	27.54	0.04703	991	83.79	-506.06	64.04	25.72	0.11496	0.0010055	0	0	0	991	71.6	31.23	704.64	27.540	30.33	0	101	5060.6	110205
48	"13:04:56"	692.5	0	3	20	0.788	704.3	27.54	0.05696	991	83.79	-506.07	64.05	25.72	0.13939	0.0010082	0	0	0	991	71.6	31.24	704.92	27.544	30.33	0	101	5060.7	110205
49	"13:04:58"	694.5	0	3	20	0.899	704.6	27.55	0.06498	991	83.82	-506.08	64.07	25.72	0.15897	0.001215	0	0	0	991	71.6	31.24	705.35	27.554	30.33	0	101	5060.8	110205
50	"13:05:00"	696.5	0	3	20	0.914	704.9	27.55	0.06603	991	83.80	-506.08	64.09	25.73	0.16098	0.002018	0	0	0	991	71.6	31.24	705.37	27.566	30.33	0	101	5060.8	110205
51	"13:05:02"	698.5	0	4	200	0.745	700.0	27.55	0.05385	991	83.80	-506.07	64.07	25.73	0.15775	0.0022765	0.00086027	-0.54833	0	991	71.6	31.24	705.76	27.556	30.33	0	101	5060.7	110205
52	"13:09:29"	965.5	0	3	8	0.79	692.1	27.79	0.05705	991	84.63	-506.07	64.67	25.71	0.13562	0.0066639	0	0	0	991	71.6	31.23	692.39	27.814	30.33	0	100.9	5060.7	110205
53	"13:09:31"	967.5	0	3	12	0.719	692.2	27.79	0.05197	991	84.54	-506.08	64.62	25.72	0.12599	0.0026326	0	0	0	991	71.6	31.23	692.66	27.792	30.33	0	100.9	5060.8	110205
54	"13:09:33"	969.5	0	3	16	0.618	692.3	27.80	0.04463	991	84.63	-506.07	64.66	25.71	0.10893	0.001218	0	0	0	991	71.6	31.23	692.92	27.812	30.33	0	100.9	5060.7	110205
55	"13:09:35"	971.5	0	3	20	0.687	692.5	27.80	0.04965	991	84.61	-506.07	64.65	25.71	0.11987	0.0032163	0	0	0	991	71.6	31.23	693.27	27.807	30.33	0	100.9	5060.7	110205
56	"13:09:37"	973.5	0	3	20	0.76	692.7	27.80	0.05489	991	84.61	-506.07	64.64	25.71	0.1342	0.0011944	0	0	0	991	71.6	31.24	693.63	27.800	30.33	0	100.9	5060.7	110205
57	"13:09:39"	975.5	0	3	20	0.823	693.0	27.81	0.05943	991	84.74	-506.07	64.71	25.70	0.14513	0.0015219	0	0	0	991	71.6	31.24	693.68	27.833	30.33	0	100.9	5060.7	110205
58	"13:09:41"	977.5	0	3	20	0.698	693.2	27.81	0.05041	991	84.71	-506.08	64.67	25.70	0.12274	0.0017962	0	0	0	991	71.6	31.24	693.70	27.820	30.33	0	100.9	5060.8	110205
59	"13:09:43"	979.5	0	3	20	0.618	693.5	27.81	0.04464	991	84.72	-506.07	64.67	25.70	0.10935	0.00067649	0	0	0	991	71.6	31.24	694.25	27.819	30.33	0	100.9	5060.7	110205
60	"13:09:45"	981.5	0	3	20	0.643	693.8	27.81	0.04643	991	84.75	-506.07	64.71	25.70	0.11244	0.0025098	0	0	0	991	71.6	31.24	694.45	27.838	30.33	0	100.9	5060.7	110205
61	"13:09:47"	983.5	0	3	20	0.814	694.0	27.82	0.05878	991	84.68	-506.07	64.69	25.71	0.14329	0.0018694	0	0	0	991	71.6	31.24	694.68	27.828	30.33	0	100.9	5060.7	110205
62	"13:09:49"	985.5	0	3	20	0.882	694.3	27.82	0.06374	991	84.70	-506.07	64.70	25.71	0.15575	0.0014918	0	0	0	991	71.6	31.24	694.89	27.833	30.33	0	100.9	5060.7	110205
63	"13:09:51"	987.5	0	3	20	0.809	694.6	27.83	0.05846	991	84.68	-506.07	64.68	25.71	0.14243	0.0019719	0	0	0	991	71.6	31.24	695.21	27.827	30.33	0	100.9	5060.7	110205
64	"13:09:53"	989.5	0	3	20	0.789	694.9	27.83	0.05703	991	84.74	-506.08	64.72	25.71	0.13951	0.0011306	0	0	0	991	71.6	31.23	695.93	27.840	30.33	0	100.9	5060.8	110205
65	"13:09:55"	991.5	0	3	20	0.851	695.2	27.83	0.0615	991	84.73	-506.07	64.72	25.71	0.15046	0.0011873	0	0	0	991	71.6	31.23	695.93	27.840	30.33	0	100.9	5060.7	110205
66	"13:09:57"	993.5	0	3	20	0.826	695.4	27.84	0.05965	991	84.67	-506.08	64.69	25.71	0.14551	0.0017495	0	0	0	991	71.6	31.23	695.99	27.828	30.33	0	100.9	5060.8	110205
67	"13:09:59"	995.5	0	3	20	0.695	695.7	27.84	0.05025	991	84.69	-506.08	64.70	25.72	0.12317	0.00063417	0	0	0	991	71.6	31.24	696.26	27.838	30.33	0	100.9	5060.8	110205
68	"13:10:01"	997.5	0	3	20	0.61	696.0	27.84	0.0441	991	84.76	-506.08	64.72	25.71	0.10756	0.0013018	0	0	0	991	71.6	31.23	696.87	27.843	30.33	0	100.9	5060.8	110205
69	"13:10:03"	999.5	0	3	20	0.634	696.2	27.84	0.04582	991	84.70	-506.08	64.74	25.72	0.11181	0.0012914	0	0	0	991	71.6	31.24	697.09	27.850	30.33	0	100.9	5060.8	110205
70	"13:10:05"	1001.5	0	3	20	0.904	696.5	27.85	0.0653	991	84.78	-506.07	64.76	25.71	0.15882	0.0025794	0	0	0	991	71.6	31.23	697.23	27.858	30.33	0	100.9	5060.7	110205
71	"13:10:07"	1003.5	0	3	20	0.867	696.8	27.85	0.06265	991	84.79	-506.07	64.80	25.72	0.15198	0.003038	0	0	0	991	71.6	31.23	697.61	27.878	30.33	0	100.9	5060.7	110205
72	"13:10:09"	1005.5	0	3	20	0.737	697.0	27.86	0.05325	991	84.78	-506.07	64.79	25.72	0.12902	0.0027804	0	0	0	991	71.6	31.23	697.50	27.870	30.33	0	100.9	5060.7	110205
73	"13:10:11"	1007.5	0	3	20	0.648	697.3	27.87	0.0468	991	84.83	-506.08	64.83	25.72	0.11275	0.003338	0	0	0	991	71.6	31.23	697.73	27.888	30.33	0	100.9	5060.8	110205
74	"13:10:13"	1009.5	0	3	20	0.577	697.5	27.87	0.04165	991	84.88	-506.08	64.82	25.71	0.10001	0.0034478	0	0	0	991	71.6	31.23	698.44	27.887	30.33	0	100.9	5060.8	110205
75	"13:10:15"	1011.5	0	3	20	0.79	697.8	27.88	0.05708	991	84.90	-506.08	64.79	25.70	0.13818	0.0031274	0	0	0	991	71.6	31.23	698.49	27.876	30.33	0	100.9	5060.8	110205
76	"13:10:17"	1013.5	0	3	20	0.752	698.0	27.88	0.0543	991	84.87	-506.08	64.81	25.71	0.13245	0.0016068	0	0	0	991	71.6	31.23	698.67	27.881	30.33	0	100.9	5060.8	110205
77	"13:10:19"	1015.5	0	3	20	0.813	698.3	27.88	0.05877	991	84.88	-506.07	64.81	25.71	0.14425	0.00046472	0	0	0	991	71.6	31.23	698.85	27.883	30.33	0	100.9	5060.7	110205
78	"13:10:21"	1017.5	0	3	20	0.796	698.6	27.89	0.05752	991	84.91	-506.08	64.84	25.70	0.14128	0.00032436	0	0	0	991	71.6	31.23	699.08	27.889	30.33	0	100.9	5060.8	110205
79	"13:10:23"	1019.5	0	3	20	0.626	698.8	27.89	0.0452	991	84.95	-506.07	64.87	25.70	0.11036	0.0011763	0	0	0	991	71.6	31.23	699.74	27.903	30.33	0	100.9	5060.7	110205
80	"13:10:25"	1021.5	0	3	20	0.681	699.1	27.89	0.04922	991	84.91	-506.08	64.88	25.71	0.11976	0.0018723	0	0	0	991	71.6	31.23	699.47	27.905	30.33	0	100.9	5060.8	110205
81	"13:10:27"	1023.5	0	3	20	0.513	699.3	27.89	0.03706	991	84.88	-506.07	64.85	25.71	0.089955	0.0016968	0	0	0	991	71.6	31.23	700.00	27.897	30.33	0	100.9	5060.7	110205
82	"13:10:29"	1025.5	0	3	20	0.766	699.5	27.90	0.05536	991	84.91	-506.09	64.86	25.71	0.13505	0.0015931	0	0	0	991	71.6	31.23	700.21	27.901	30.33	0	100.9	5060.9	110205
83	"13:10:31"	1027.5	0	3	20	0.841	699.8	27.90	0.06076	991	84.97	-506.07	64.88	25.70	0.14876	0.0010031	0	0	0	991	71.6	31.24	700.72	27.908	30.33	0	100.9	5060.7	110205
84	"13:10:33"	1029.5	0	3	20	0.854	700.1	27.90	0.06169	991	84.91	-506.07	64.85	25.71	0.15117	0.00082938	0	0	0	991	71.6	31.24	700.67	27.899	30.33	0	100.9	5060.7	110205
85	"13:10:35"	1031.5	0	3	20	0.842	700.4	27.90	0.06082	991	84.95	-506.07	64.88	25.71	0.14944	0.00028381	0	0	0	991	71.6	31.24	700.87	27.908	30.33	0	100.9	5060.7	110205
86	"13:10:37"	1033.5	0	3	20	0.639	700.7	27.90	0.04617	991	85.00	-506.07	64.90	25.70	0.11334	0.00035484	0	0	0	991	71.6	31.23	701.32	27.917	30.33	0	100.9	5060.7	110205
87	"13:10:39"	1035.5	0	3	20	0.722	700.9	27.91	0.05217	991	84.93	-506.07	64.88	25.71	0.12743	0.0012674	0	0	0	991	71.6	31.24	701.54	27.907	30.33	0	100.9	5060.7	110205
88	"13:10:41"	1037.5	0	3	20	0.796	701.2	27.91	0.05752	991	85.01	-506.08	64.93	25.71	0.14026	0.0017393	0	0	0	991	71.6	31.23	701.92	27.935	30.33	0	100.9	5060.8	110205
89	"13:10:43"	1039.5	0	3	20	0.912	701.4	27.91	0.06592	991	84.95	-506.07	64.89	25.71	0.16042	0.0024503	0	0	0	991	71.6	31.24	702.13	27.916	30.33	0	100.9	5060.7	110205
90	"13:10:45"	1041.5	0	3	20	0.724	701.7	27.92	0.05232	991	84.98	-506.07	64.88	25.70	0.12816	0.00076869	0	0	0	991	71.6	31.23	702.06	27.912	30.33	0	100.9	5060.7	110205
91	"13:10:47"	1043.5	0	3	20	0.604	701.9	27.92	0.04366	991	84.99	-506.08	64.91	25.71	0.10672	0.00097718	0	0	0	991	71.6	31.24	702.80	27.925	30.33	0	100.9	5060.8	110205
92	"13:10:49"	1045.5	0	3	20	0.734	702.2	27.92	0.05302	991	85.05	-506.07	64.94	25.70	0.1291	0.0018615	0	0	0	991	71.6	31.23	703.12	27.936	30.33	0	100.9	5060.7	110205
93	"13:10:51"	1047.5	0	3	20	0.785	702.5	27.93	0.05673	991	85.06	-506.07	64.93	25.70	0.13818	0.0019313	0	0	0	991	71.6	31.23	703.23	27.935	30.33	0	100.9	5060.7	110205
94	"13:10:53"	1049.5	0	3	20	0.93	702.7	27.93	0.06721	991	85.06	-506.08	64.94	25.70	0.16299	0.003292	0	0	0	991	71.6	31.24	703.76	27.939	30.33	0	100.9	5060.8	110205
95	"13:10:55"	1051.5	0	3	20	0.897	703.1	27.94	0.06484	991	85.02	-506.08	64.95	25.71	0.15751	0.0028073	0	0	0	991	71.6	31.24	703.71	27.942	30.33	0	100.9	5060.8	110205
96	"13:10:57"	1053.5	0	3	20	0.639	703.4	27.94	0.04616	991	85.09	-506.08	64.98	25.71	0.11243	0.0015914	0	0	0	991	71.6	31.24	703.99	27.955	30.33	0	100.9	5060.8	110205
97	"13:10:59"	1055.5	0	3	20	0.681	703.6	27.94	0.04919	991	85.01	-506.08	64.96	25.72	0.11977	0.0017375	0	0	0	991	71.6	31.23	704.20	27.945	30.33	0	100.9	5060.8	110205
98	"13:11:01"	1057.5	0	3	20	0.644	703.8	27.95	0.04653	991	85.06	-506.07	64.99	25.71	0.11319	0.001779	0	0	0	991	71.6	31.23	705.00	27.956	30.33	0	100.9	5060.7	110205
99	"13:11:03"	1059.5	0	3	20	0.823	704.2	27.95	0.05949	991	85.03	-506.07	64.97	25.72	0.14556	0.0011056	0	0	0	991	71.6	31.23	704.97	27.950	30.33	0	100.9	5060.7	110205
100	"13:11:05"	1061.5	0	3	20	0.998	704.4	27.95	0.07212	991	85.04	-506.05	64.96	25.71	0.17689	0.00076811	0	0	0	991	71.6	31.23	705.30	27.944	30.33	0	100.9	5060.5	110205
101	"13:11:07"	1063.5	0	3	20	0.955	704.8	27.95	0.06897	991	85.04	-506.08	64.97	25.71	0.16991	-0.00030796	0	0	0	991	71.6	31.23	705.48	27.952	30.33	0	100.9	5060.8	110205
102	"13:11:09"	1065.5	0	4	200	0.769	700.0	27.95	0.05554	991	85.07	-506.07	64.99	25.71	0.14756	0.00033268	0.00040974	-0.23128	0	991	71.6	31.23	705.87	27.957	30.33	0	100.9	5060.7	110205
103	"13:16:30"	1386.0	0	3	8	0.413	692.2	28.24	0.02983	991	85.42	-506.08	65.55	25.81	0.072099	0.0018504	0	0	0	991	71.6	31.23	692.56	28.242	30.36	0	100.9	5060.8	110205
104	"13:16:32"	1388.0	0	3	12	0.548	692.3	28.24	0.03956	991	85.41	-506.06	65.57	25.82	0.09462	0.0038858	0	0	0	991	71.6	31.23	692.88	28.248	30.35	0	100.9	5060.6	110205
105	"13:16:34"	1390.0	0	3	16	0.739	692.4	28.24	0.05337	991	85.43	-506.08	65.58	25.82	0.12855	0.0039767	0	0	0	991	71.6	31.23	692.98	28.252	30.35	0	100.9	5060.8	110205
106	"13:16:36"	1392.0	0	3	20	0.769	692.6	28.24	0.05556	991	85.45	-506.07	65.57	25.81	0.13504	0.0024225	0	0	0	991	71.6	31.23	693.32	28.248	30.36	0	100.9	5060.7	110205
107	"13:16:38"	1394.0	0	3	20	0.857	692.9	28.25	0.06192	991	85.39	-506.07	65.55	25.81	0.15176	0.00092576	0	0	0	991	71.6	31.23	693.35	28.239	30.35	0	100.9	5060.7	110205
108	"13:16:40"	1396.0	0	3	20	0.744	693.1	28.25	0.05375	991	85.48	-506.08	65.62	25.81	0.13274	-0.00060564	0	0	0	991	71.6	31.23	693.88	28.266	30.35	0	100.9	5060.8	110205
109	"13:16:42"	1398.0	0	3	20	0.651	693.4	28.25	0.04705	991	85.48	-506.07	65.59	25.81	0.11524	0.00081557	0	0	0	991	71.6	31.23	693.95	28.253	30.35	0	100.9	5060.7	110205
110	"13:16:44"	1400.0	0	3	20	0.641	693.6	28.25	0.04629	991	85.45	-506.08	65.58	25.81	0.11323	0.0010144	0	0	0	991	71.6	31.23	694.17	28.250	30.35	0	100.9	5060.8	110205
111	"13:16:46"	1402.0	0	3	20	0.736	693.9	28.25	0.05318	991	85.47	-506.07	65.59	25.81	0.12993	0.0013813	0	0	0	991	71.6	31.23	694.53	28.252	30.35	0	100.9	5060.7	110205
112	"13:16:48"	1404.0	0	3	20	0.728	694.1	28.26	0.05257	991	85.51	-506.08	65.59	25.80	0.12878	0.00087652	0	0	0	991	71.6	31.23	694.61	28.252	30.35	0	100.9	5060.8	110205
113	"13:16:50"	1406.0	0	3	20	0.759	694.4	28.26	0.05481	991	85.50	-506.08	65.60	25.81	0.13598	-0.0015003	0	0	0	991	71.6	31.23	695.07	28.263	30.35	0	100.9	5060.8	110205
114	"13:16:52"	1408.0	0	3	20	0.86	694.7	28.26	0.06211	991	85.55	-506.06	65.62	25.80	0.15257	0.00042392	0	0	0	991	71.6	31.23	695.52	28.264	30.35	0	100.9	5060.6	110205
115	"13:16:54"	1410.0	0	3	20	0.812	695.0	28.26	0.05869	991	85.57	-506.08	65.65	25.80	0.14374	0.0010375	0	0	0	991	71.6	31.23	695.78	28.281	30.35	0	100.9	5060.8	110205
116	"13:16:56"	1412.0	0	3	20	0.904	695.2	28.26	0.06531	991	85.62	-506.07	65.67	25.80	0.15885	0.0026597	0	0	0	991	71.6	31.23	695.71	28.285	30.35	0	100.9	5060.7	110205
117	"13:16:58"	1414.0	0	3	20	0.668	695.5	28.27	0.04827	991	85.59	-506.07	65.62	25.79	0.11637	0.0034182	0	0	0	991	71.6	31.23	696.18	28.268	30.35	0	100.9	5060.7	110205
118	"13:17:00"	1416.0	0	3	20	0.584	695.7	28.27	0.04223	991	85.57	-506.08	65.65	25.80	0.10288	0.001486	0	0	0	991	71.6	31.23	696.58	28.278	30.35	0	100.9	5060.8	110205
119	"13:17:02"	1418.0	0	3	20	0.781	696.0	28.27	0.05641	991	85.54	-506.07	65.64	25.80	0.13821	0.00091612	0	0	0	991	71.6	31.23	696.83	28.272	30.35	0	100.9	5060.7	110205
120	"13:17:04"	1420.0	0	3	20	0.778	696.3	28.28	0.05623	991	85.65	-506.08	65.71	25.80	0.13744	0.0013429	0	0	0	991	71.6	31.23	696.78	28.303	30.35	0	100.9	5060.8	110205
121	"13:17:06"	1422.0	0	3	20	0.977	696.6	28.28	0.07061	991	85.61	-506.08	65.67	25.80	0.17147	0.0032836	0	0	0	991	71.6	31.23	697.49	28.283	30.35	0	100.9	5060.8	110205
122	"13:17:08"	1424.0	0	3	20	0.847	696.9	28.29	0.06116	991	85.60	-506.06	65.68	25.80	0.14879	0.0024625	0	0	0	991	71.6	31.23	697.28	28.284	30.35	0	100.9	5060.6	110205
123	"13:17:10"	1426.0	0	3	20	0.579	697.1	28.29	0.04181	991	85.79	-506.07	65.70	25.77	0.10236	0.00075001	0	0	0	991	71.6	31.23	697.79	28.297	30.35	0	100.9	5060.7	110205
124	"13:17:12"	1428.0	0	3	20	0.657	697.3	28.29	0.04748	991	85.87	-506.07	65.70	25.76	0.11645	0.00055744	0	0	0	991	71.6	31.24	698.31	28.299	30.35	0	100.9	5060.7	110205
125	"13:17:14"	1430.0	0	3	20	0.749	697.7	28.29	0.05408	991	85.75	-506.06	65.74	25.79	0.13302	0.00013412	0	0	0	991	71.6	31.23	698.05	28.311	30.35	0	100.9	5060.6	110205
126	"13:17:16"	1432.0	0	3	20	0.815	697.9	28.30	0.05888	991	85.65	-506.06	65.73	25.81	0.14262	0.0032172	0	0	0	991	71.6	31.24	698.79	28.312	30.35	0	100.9	5060.6	110205
127	"13:17:18"	1434.0	0	3	20	0.89	698.1	28.30	0.06429	991	85.63	-506.07	65.71	25.81	0.1567	0.0021492	0	0	0	991	71.6	31.24	698.83	28.302	30.35	0	100.9	5060.7	110205
128	"13:17:20"	1436.0	0	3	20	0.738	698.4	28.30	0.05329	991	85.63	-506.07	65.69	25.80	0.13056	0.0008642	0	0	0	991	71.6	31.24	699.05	28.298	30.35	0	100.9	5060.7	110205
129	"13:17:22"	1438.0	0	3	20	0.686	698.7	28.30	0.04953	991	85.63	-506.07	65.67	25.80	0.12195	-5.2657E-05	0	0	0	991	71.6	31.24	699.29	28.289	30.35	0	100.9	5060.7	110205
130	"13:17:24"	1440.0	0	3	20	0.86	699.0	28.30	0.06211	991	85.66	-506.09	65.72	25.81	0.15325	-0.00049342	0	0	0	991	71.6	31.24	699.50	28.314	30.35	0	100.9	5060.9	110205
131	"13:17:26"	1442.0	0	3	20	0.784	699.3	28.30	0.05662	991	85.66	-506.06	65.73	25.81	0.1386	0.0010742	0	0	0	991	71.6	31.24	699.93	28.318	30.35	0	100.9	5060.6	110205
132	"13:17:28"	1444.0	0	3	20	0.787	699.5	28.31	0.05686	991	85.63	-506.08	65.71	25.81	0.13832	0.0023053	0	0	0	991	71.6	31.23	700.19	28.309	30.35	0	100.9	5060.8	110205
133	"13:17:30"	1446.0	0	3	20	0.779	699.8	28.31	0.05629	991	85.59	-506.06	65.70	25.81	0.13699	0.0021817	0	0	0	991	71.6	31.23	700.31	28.304	30.35	0	100.9	5060.6	110205
134	"13:17:32"	1448.0	0	3	20	0.756	700.1	28.31	0.05462	991	85.69	-506.08	65.77	25.81	0.13421	0.00033748	0	0	0	991	71.6	31.23	700.59	28.333	30.35	0	100.9	5060.8	110205
135	"13:17:34"	1450.0	0	3	20	0.831	700.3	28.31	0.06003	991	85.68	-506.07	65.73	25.80	0.14734	0.00060852	0	0	0	991	71.6	31.23	701.31	28.316	30.35	0	100.9	5060.7	110205
136	"13:17:36"	1452.0	0	3	20	0.824	700.6	28.32	0.0595	991	85.74	-506.07	65.77	25.80	0.14594	0.00073926	0	0	0	991	71.6	31.23	701.13	28.330	30.35	0	100.9	5060.7	110205
137	"13:17:38"	1454.0	0	3	20	0.764	700.9	28.32	0.05518	991	85.70	-506.08	65.75	25.80	0.13475	0.0015165	0	0	0	991	71.6	31.23	701.56	28.322	30.35	0	100.9	5060.8	110205
138	"13:17:40"	1456.0	0	3	20	0.773	701.2	28.32	0.05584	991	85.69	-506.08	65.75	25.80	0.13715	0.00044061	0	0	0	991	71.6	31.23	701.90	28.320	30.35	0	100.9	5060.8	110205
139	"13:17:42"	1458.0	0	3	20	0.788	701.4	28.32	0.05692	991	85.67	-506.07	65.75	25.81	0.14033	-0.00030648	0	0	0	991	71.6	31.23	702.11	28.316	30.35	0	100.9	5060.7	110205
140	"13:17:44"	1460.0	0	3	20	0.768	701.7	28.32	0.05552	991	85.77	-506.07	65.77	25.79	0.13644	0.00030012	0	0	0	991	71.6	31.23	702.12	28.328	30.35	0	100.9	5060.7	110205
141	"13:17:46"	1462.0	0	3	20	0.719	701.9	28.32	0.05198	991	85.84	-506.07	65.79	25.78	0.12667	0.0017671	0	0	0	991	71.6	31.23	703.06	28.336	30.35	0	100.9	5060.7	110205
142	"13:17:48"	1464.0	0	3	20	0.819	702.3	28.32	0.05918	991	85.86	-506.06	65.75	25.77	0.14426	0.001925	0	0	0	991	71.6	31.23	702.85	28.320	30.35	0	100.9	5060.6	110205
143	"13:17:50"	1466.0	0	3	20	0.776	702.5	28.33	0.05605	991	85.78	-506.08	65.81	25.80	0.13644	0.002119	0	0	0	991	71.6	31.23	702.82	28.342	30.35	0	100.9	5060.8	110205
144	"13:17:52"	1468.0	0	3	20	0.758	702.8	28.33	0.05474	991	85.70	-506.07	65.80	25.81	0.13321	0.0021263	0	0	0	991	71.6	31.23	703.47	28.337	30.35	0	100.9	5060.7	110205
145	"13:17:54"	1470.0	0	3	20	0.761	703.0	28.34	0.05498	991	85.77	-506.08	65.82	25.80	0.13509	0.00034434	0	0	0	991	71.6	31.23	703.61	28.345	30.35	0	100.9	5060.8	110205
146	"13:17:56"	1472.0	0	3	20	0.629	703.3	28.34	0.04548	991	85.74	-506.08	65.80	25.80	0.11135	0.00083411	0	0	0	991	71.6	31.23	703.99	28.334	30.35	0	100.9	5060.8	110205
147	"13:17:58"	1474.0	0	3	20	0.79	703.5	28.34	0.05705	991	85.76	-506.07	65.78	25.79	0.14073	-0.00041739	0	0	0	991	71.6	31.23	704.42	28.329	30.35	0	100.9	5060.7	110205
148	"13:18:00"	1476.0	0	3	20	0.751	703.8	28.34	0.05427	991	85.83	-506.07	65.80	25.79	0.13359	-1.215E-05	0	0	0	991	71.6	31.23	704.43	28.338	30.35	0	100.9	5060.7	110205
149	"13:18:02"	1478.0	0	3	20	0.693	704.1	28.34	0.05005	991	85.93	-506.08	65.78	25.76	0.12239	0.0011264	0	0	0	991	71.6	31.23	705.08	28.331	30.35	0	100.9	5060.8	110205
150	"13:18:04"	1480.0	0	3	20	0.77	704.3	28.34	0.0556	991	86.10	-506.07	65.86	25.75	0.13608	0.0010423	0	0	0	991	71.6	31.23	704.86	28.364	30.35	0	100.9	5060.7	110205
151	"13:18:06"	1482.0	0	3	20	0.682	704.6	28.34	0.04928	991	86.01	-506.09	65.81	25.75	0.12012	0.0016232	0	0	0	991	71.6	31.23	705.35	28.341	30.35	0	100.9	5060.9	110205
152	"13:18:08"	1484.0	0	3	20	0.781	704.8	28.35	0.05641	991	85.86	-506.08	65.81	25.78	0.13746	0.001922	0	0	0	991	71.6	31.23	705.07	28.339	30.34	0	100.9	5060.8	110205
153	"13:18:10"	1486.0	0	4	200	0.751	700.0	28.35	0.05425	991	85.79	-506.07	65.82	25.79	0.1347	0.00023899	0.00013319	-0.038986	0	991	71.6	31.23	705.87	28.339	30.34	0	100.9	5060.7	110205
