506.07	71.59	25.72	0.10676	0.0040992	0	0	0	991	71.6	27.65	595.44	26.204	27.58	0	101.1	5060.7	110205
22	"14:58:48"	463.0	0	3	20	0.622	595.0	26.18	0.04494	991	79.86	-506.06	71.60	25.72	0.1081	0.0036695	0	0	0	991	71.6	27.65	595.91	26.210	27.58	0	101.1	5060.6	110205
23	"14:58:50"	465.0	0	3	20	0.784	595.4	26.19	0.05666	991	79.90	-506.05	71.65	25.73	0.13605	0.0050599	0	0	0	991	71.6	27.65	596.08	26.229	27.58	0	101.1	5060.5	110205
24	"14:58:52"	467.0	0	3	20	0.883	595.6	26.20	0.06383	991	79.94	-506.07	71.67	25.72	0.15369	0.004997	0	0	0	991	71.6	27.65	596.15	26.235	27.58	0	101.1	5060.7	110205
25	"14:58:54"	469.0	0	3	20	0.807	595.8	26.21	0.05832	991	80.05	-506.07	71.72	25.71	0.13952	0.0060287	0	0	0	991	71.6	27.65	596.47	26.253	27.58	0	101.1	5060.7	110205
26	"14:58:56"	471.0	0	3	20	0.773	596.1	26.22	0.05583	991	80.00	-506.07	71.68	25.71	0.13325	0.0062755	0	0	0	991	71.6	27.65	596.95	26.238	27.58	0	101.1	5060.7	110205
27	"14:58:58"	473.0	0	3	20	0.584	596.4	26.24	0.04217	991	80.07	-506.08	71.75	25.71	0.099987	0.0058402	0	0	0	991	71.6	27.65	596.66	26.262	27.58	0	101.1	5060.8	110205
28	"14:59:00"	475.0	0	3	20	0.666	596.6	26.25	0.04814	991	80.03	-506.07	71.73	25.72	0.1153	0.004754	0	0	0	991	71.6	27.65	597.17	26.258	27.58	0	101.1	5060.7	110205
29	"14:59:02"	477.0	0	3	20	0.713	596.8	26.26	0.05152	991	80.06	-506.06	71.77	25.72	0.12411	0.0039117	0	0	0	991	71.6	27.65	597.63	26.274	27.58	0	101.1	5060.6	110205
30	"14:59:04"	479.0	0	3	20	0.689	597.1	26.26	0.04979	991	80.09	-506.07	71.80	25.72	0.12002	0.0036397	0	0	0	991	71.6	27.65	597.84	26.285	27.58	0	101.1	5060.7	110205
31	"14:59:06"	481.0	0	3	20	0.791	597.3	26.27	0.05714	991	80.07	-506.06	71.85	25.74	0.13737	0.0048168	0	0	0	991	71.6	27.65	597.99	26.302	27.58	0	101.1	5060.6	110205
32	"14:59:08"	483.0	0	3	20	0.757	597.6	26.28	0.0547	991	80.11	-506.06	71.86	25.73	0.13027	0.0066136	0	0	0	991	71.6	27.65	598.11	26.304	27.58	0	101.1	5060.6	110205
33	"14:59:10"	485.0	0	3	20	0.598	597.8	26.29	0.04321	991	80.18	-506.07	71.90	25.73	0.1024	0.0060611	0	0	0	991	71.6	27.65	598.32	26.320	27.58	0	101.1	5060.7	110205
34	"14:59:12"	487.0	0	3	20	0.571	598.0	26.31	0.04129	991	80.26	-506.07	71.96	25.72	0.097974	0.0055619	0	0	0	991	71.6	27.65	598.85	26.342	27.58	0	101.1	5060.7	110205
35	"14:59:14"	489.0	0	3	20	0.735	598.3	26.32	0.05311	991	80.22	-506.06	71.94	25.72	0.12773	0.0043937	0	0	0	991	71.6	27.65	599.13	26.332	27.57	0	101.1	5060.6	110205
36	"14:59:16"	491.0	0	3	20	0.807	598.5	26.33	0.05832	991	80.21	-506.06	71.96	25.73	0.14099	0.0036546	0	0	0	991	71.6	27.65	598.97	26.342	27.58	0	101.1	5060.6	110205
37	"14:59:18"	493.0	0	3	20	0.656	598.7	26.33	0.04739	991	80.32	-506.06	72.04	25.73	0.11312	0.0052758	0	0	0	991	71.6	27.65	599.38	26.372	27.58	0	101.1	5060.6	110205
38	"14:59:20"	495.0	0	3	20	0.588	599.0	26.34	0.04251	991	80.32	-506.06	72.04	25.73	0.10136	0.004935	0	0	0	991	71.6	27.65	599.88	26.370	27.58	0	101.1	5060.6	110205
39	"14:59:22"	497.0	0	3	20	0.536	599.2	26.35	0.03875	991	80.38	-506.07	72.06	25.72	0.092649	0.004095	0	0	0	991	71.6	27.65	599.92	26.383	27.58	0	101.1	5060.7	110205
40	"14:59:24"	499.0	0	3	20	0.736	599.5	26.36	0.05317	991	80.38	-506.07	72.07	25.72	0.12795	0.0042428	0	0	0	991	71.6	27.65	600.16	26.384	27.58	0	101.1	5060.7	110205
41	"14:59:26"	501.0	0	3	20	0.891	599.7	26.37	0.06441	991	80.40	-506.07	72.10	25.73	0.15576	0.003922	0	0	0	991	71.6	27.65	600.42	26.395	27.58	0	101.1	5060.7	110205
42	"14:59:28"	503.0	0	3	20	0.768	600.0	26.38	0.05551	991	80.33	-506.06	72.09	25.74	0.13406	0.0036603	0	0	0	991	71.6	27.65	600.60	26.390	27.58	0	101.1	5060.6	110205
43	"14:59:30"	505.0	0	3	20	0.74	600.3	26.38	0.05347	991	80.37	-506.07	72.11	25.74	0.12877	0.0041354	0	0	0	991	71.6	27.65	600.69	26.399	27.58	0	101.1	5060.7	110205
44	"14:59:32"	507.0	0	3	20	0.714	600.5	26.39	0.05155	991	80.43	-506.07	72.17	25.74	0.12436	0.0036351	0	0	0	991	71.6	27.65	601.17	26.421	27.58	0	101.1	5060.7	110205
45	"14:59:34"	509.0	0	3	20	0.65	600.7	26.40	0.04697	991	80.39	-506.05	72.15	25.74	0.11267	0.0043629	0	0	0	991	71.6	27.65	601.50	26.412	27.58	0	101.1	5060.5	110205
46	"14:59:36"	511.0	0	3	20	0.789	601.0	26.41	0.05703	991	80.44	-506.06	72.19	25.74	0.13721	0.00462	0	0	0	991	71.6	27.65	601.86	26.428	27.58	0	101.1	5060.6	110205
47	"14:59:38"	513.0	0	3	20	0.794	601.3	26.42	0.05738	991	80.50	-506.07	72.21	25.73	0.13831	0.0042026	0	0	0	991	71.6	27.65	602.15	26.437	27.58	0	101.1	5060.7	110205
48	"14:59:40"	515.0	0	3	20	0.83	601.4	26.42	0.05996	991	80.52	-506.07	72.27	25.74	0.14505	0.0035698	0	0	0	991	71.6	27.65	602.08	26.457	27.58	0	101.1	5060.7	110205
49	"14:59:42"	517.0	0	3	20	0.761	601.7	26.43	0.05498	991	80.57	-506.06	72.30	25.74	0.13229	0.0044089	0	0	0	991	71.6	27.65	602.56	26.466	27.58	0	101.1	5060.6	110205
50	"14:59:44"	519.0	0	3	20	0.763	602.0	26.44	0.0551	991	80.58	-506.06	72.28	25.73	0.13232	0.004852	0	0	0	991	71.6	27.65	602.89	26.461	27.58	0	101.1	5060.6	110205
51	"14:59:46"	521.0	0	3	20	0.682	602.3	26.45	0.04926	991	80.67	-506.06	72.35	25.73	0.11827	0.0043454	0	0	0	991	71.6	27.65	602.93	26.485	27.58	0	101.1	5060.6	110205
52	"14:59:47"	522.0	0	4	200	0.723	610.0	26.45	0.05224	991	80.61	-506.07	72.30	25.73	0.11725	0.0047078	6.4771E-06	0.048287	0	991	71.6	27.65	602.97	26.467	27.58	0	101.1	5060.7	110205
53	"15:04:58"	833.5	0	3	8	1.07	590.6	27.24	0.07708	991	83.03	-506.05	74.50	25.72	0.18407	0.0085206	0	0	0	991	71.6	27.63	590.95	27.248	27.56	0	101.1	5060.5	110205
54	"15:05:00"	835.5	0	3	12	0.883	590.7	27.24	0.06377	991	83.08	-506.06	74.53	25.72	0.15315	0.0056213	0	0	0	991	71.6	27.63	591.00	27.258	27.56	0	101.2	5060.6	110205
55	"15:05:02"	837.5	0	3	16	0.83	590.9	27.25	0.06	991	83.02	-506.07	74.52	25.73	0.14454	0.0045592	0	0	0	991	71.6	27.64	591.36	27.255	27.56	0	101.2	5060.7	110205
56	"15:05:04"	839.5	0	3	20	0.805	591.0	27.25	0.05813	991	83.13	-506.06	74.58	25.72	0.14097	0.0028928	0	0	0	991	71.6	27.64	591.52	27.276	27.56	0	101.1	5060.6	110205
57	"15:05:06"	841.5	0	3	20	0.693	591.3	27.26	0.0501	991	83.10	-506.07	74.57	25.73	0.1211	0.0031498	0	0	0	991	71.6	27.64	592.08	27.274	27.56	0	101.2	5060.7	110205
58	"15:05:08"	843.5	0	3	20	0.767	591.5	27.26	0.05539	991	83.12	-506.06	74.61	25.73	0.13381	0.0036062	0	0	0	991	71.6	27.64	592.21	27.287	27.56	0	101.2	5060.6	110205
59	"15:05:10"	845.5	0	3	20	0.903	591.8	27.27	0.06523	991	83.11	-506.06	74.64	25.74	0.15756	0.0042773	0	0	0	991	71.6	27.64	592.52	27.299	27.56	0	101.2	5060.6	110205
60	"15:05:12"	847.5	0	3	20	0.865	592.1	27.28	0.06248	991	83.10	-506.07	74.59	25.73	0.15071	0.0044472	0	0	0	991	71.6	27.64	592.78	27.282	27.56	0	101.2	5060.7	110205
61	"15:05:14"	849.5	0	3	20	0.797	592.4	27.29	0.05757	991	83.16	-506.07	74.66	25.73	0.14017	0.0019448	0	0	0	991	71.6	27.64	592.84	27.309	27.57	0	101.1	5060.7	110205
62	"15:05:16"	851.5	0	3	20	0.592	592.6	27.29	0.04274	991	83.24	-506.07	74.67	25.72	0.10365	0.0021151	0	0	0	991	71.6	27.64	593.02	27.311	27.56	0	101.2	5060.7	110205
63	"15:05:18"	853.5	0	3	20	0.571	592.8	27.30	0.04127	991	83.13	-506.07	74.62	25.73	0.10044	0.0014663	0	0	0	991	71.6	27.64	593.70	27.296	27.57	0	101.2	5060.7	110205
64	"15:05:20"	855.5	0	3	20	0.724	593.1	27.30	0.05234	991	83.10	-506.06	74.61	25.74	0.12779	0.0011941	0	0	0	991	71.6	27.64	593.80	27.291	27.57	0	101.1	5060.6	110205
65	"15:05:22"	857.5	0	3	20	0.761	593.3	27.30	0.05502	991	83.22	-506.07	74.69	25.73	0.13448	0.00099047	0	0	0	991	71.6	27.64	594.17	27.320	27.57	0	101.2	5060.7	110205
66	"15:05:24"	859.5	0	3	20	0.917	593.6	27.30	0.06628	991	83.25	-506.06	74.71	25.73	0.1618	0.0015385	0	0	0	991	71.6	27.64	594.26	27.324	27.56	0	101.2	5060.6	110205
67	"15:05:26"	861.5	0	3	20	0.79	593.9	27.31	0.0571	991	83.23	-506.05	74.71	25.73	0.13947	0.0012108	0	0	0	991	71.6	27.63	594.52	27.325	27.57	0	101.1	5060.5	110205
68	"15:05:28"	863.5	0	3	20	0.724	594.2	27.31	0.05227	991	83.26	-506.07	74.70	25.72	0.1262	0.0035142	0	0	0	991	71.6	27.64	594.73	27.323	27.57	0	101.1	5060.7	110205
69	"15:05:30"	865.5	0	3	20	0.696	594.4	27.32	0.05028	991	83.37	-506.07	74.78	25.72	0.12101	0.0039733	0	0	0	991	71.6	27.64	595.20	27.349	27.56	0	101.2	5060.7	110205
70	"15:05:32"	867.5	0	3	20	0.733	594.7	27.32	0.05298	991	83.32	-506.07	74.72	25.71	0.12833	0.0028507	0	0	0	991	71.6	27.64	595.60	27.330	27.56	0	101.1	5060.7	110205
71	"15:05:34"	869.5	0	3	20	0.849	594.9	27.33	0.06133	991	83.40	-506.06	74.78	25.71	0.14957	0.0016557	0	0	0	991	71.6	27.64	595.42	27.350	27.56	0	101.1	5060.6	110205
72	"15:05:36"	871.5	0	3	20	0.796	595.2	27.33	0.05753	991	83.27	-506.06	74.73	25.73	0.14069	0.00092224	0	0	0	991	71.6	27.64	596.05	27.332	27.56	0	101.1	5060.6	110205
73	"15:05:38"	873.5	0	3	20	0.755	595.5	27.33	0.05453	991	83.23	-506.06	74.74	25.74	0.13312	0.0012619	0	0	0	991	71.6	27.64	596.15	27.335	27.56	0	101.1	5060.6	110205
74	"15:05:40"	875.5	0	3	20	0.686	595.8	27.34	0.04957	991	83.24	-506.07	74.75	25.74	0.12093	0.0012862	0	0	0	991	71.6	27.64	596.50	27.338	27.56	0	101.1	5060.7	110205
75	"15:05:42"	877.5	0	3	20	0.741	596.0	27.34	0.0535	991	83.32	-506.06	74.81	25.73	0.12999	0.0022452	0	0	0	991	71.6	27.64	596.88	27.358	27.56	0	101.2	5060.6	110205
76	"15:05:44"	879.5	0	3	20	0.835	596.3	27.35	0.06034	991	83.32	-506.06	74.83	25.74	0.14689	0.0020945	0	0	0	991	71.6	27.64	597.00	27.367	27.56	0	101.2	5060.6	110205
77	"15:05:46"	881.5	0	3	20	0.8	596.6	27.35	0.05777	991	83.35	-506.07	74.80	25.73	0.14067	0.0019296	0	0	0	991	71.6	27.64	597.10	27.358	27.56	0	101.2	5060.7	110205
78	"15:05:48"	883.5	0	3	20	0.701	596.8	27.35	0.05062	991	83.36	-506.07	74.79	25.72	0.12315	0.0018587	0	0	0	991	71.6	27.64	597.51	27.352	27.56	0	101.2	5060.7	110205
79	"15:05:50"	885.5	0	3	20	0.805	597.1	27.35	0.05819	991	83.51	-506.06	74.86	25.71	0.14233	0.00089295	0	0	0	991	71.6	27.63	597.96	27.376	27.56	0	101.1	5060.6	110205
80	"15:05:52"	887.5	0	3	20	0.782	597.4	27.36	0.05653	991	83.47	-506.07	74.86	25.71	0.13829	0.00082899	0	0	0	991	71.6	27.64	597.97	27.377	27.56	0	101.2	5060.7	110205
81	"15:05:54"	889.5	0	3	20	0.728	597.6	27.36	0.05256	991	83.49	-506.06	74.86	25.71	0.12726	0.0029193	0	0	0	991	71.6	27.63	598.22	27.374	27.56	0	101.2	5060.6	110205
82	"15:05:56"	891.5	0	3	20	0.71	597.9	27.37	0.05129	991	83.54	-506.06	74.88	25.70	0.124	0.0031163	0	0	0	991	71.6	27.63	598.35	27.381	27.56	0	101.2	5060.6	110205
83	"15:05:58"	893.5	0	3	20	0.521	598.1	27.37	0.03767	991	83.50	-506.05	74.90	25.72	0.090712	0.0029018	0	0	0	991	71.6	27.64	598.73	27.387	27.56	0	101.2	5060.5	110205
84	"15:06:00"	895.5	0	3	20	0.683	598.4	27.38	0.04932	991	83.44	-506.06	74.84	25.72	0.11999	0.0018106	0	0	0	991	71.6	27.64	599.04	27.368	27.56	0	101.2	5060.6	110205
85	"15:06:02"	897.5	0	3	20	0.791	598.6	27.38	0.05712	991	83.53	-506.06	74.89	25.71	0.14007	0.00026761	0	0	0	991	71.6	27.64	599.50	27.387	27.56	0	101.2	5060.6	110205
86	"15:06:04"	899.5	0	3	20	0.873	598.9	27.38	0.06307	991	83.52	-506.07	74.90	25.71	0.15413	0.0011771	0	0	0	991	71.6	27.63	599.43	27.391	27.56	0	101.2	5060.7	110205
87	"15:06:06"	901.5	0	3	20	0.866	599.2	27.39	0.0626	991	83.55	-506.06	74.92	25.71	0.15197	0.0028203	0	0	0	991	71.6	27.64	599.98	27.398	27.56	0	101.2	5060.6	110205
88	"15:06:08"	903.5	0	3	20	0.858	599.5	27.39	0.06201	991	83.47	-506.05	74.93	25.73	0.14999	0.0036656	0	0	0	991	71.6	27.64	600.07	27.399	27.56	0	101.2	5060.5	110205
89	"15:06:10"	905.5	0	3	20	0.787	599.7	27.40	0.05684	991	83.53	-506.06	74.95	25.72	0.1376	0.0031775	0	0	0	991	71.6	27.64	600.16	27.406	27.56	0	101.2	5060.6	110205
90	"15:06:12"	907.5	0	3	20	0.629	600.0	27.40	0.04543	991	83.54	-506.07	74.99	25.73	0.11058	0.0015876	0	0	0	991	71.6	27.64	600.60	27.422	27.56	0	101.2	5060.7	110205
91	"15:06:14"	909.5	0	3	20	0.689	600.2	27.40	0.04975	991	83.52	-506.07	74.97	25.73	0.12147	0.0011068	0	0	0	991	71.6	27.63	600.89	27.418	27.56	0	101.2	5060.7	110205
92	"15:06:16"	911.5	0	3	20	0.577	600.5	27.41	0.04172	991	83.48	-506.08	75.01	25.74	0.1011	0.0021701	0	0	0	991	71.6	27.64	601.22	27.429	27.56	0	101.2	5060.8	110205
93	"15:06:18"	913.5	0	3	20	0.824	600.7	27.41	0.05952	991	83.49	-506.06	75.01	25.74	0.14372	0.0039093	0	0	0	991	71.6	27.63	601.51	27.430	27.56	0	101.2	5060.6	110205
94	"15:06:20"	915.5	0	3	20	0.893	601.0	27.42	0.0645	991	83.53	-506.05	75.00	25.73	0.15643	0.0031462	0	0	0	991	71.6	27.64	601.82	27.425	27.56	0	101.2	5060.5	110205
95	"15:06:22"	917.5	0	3	20	0.818	601.3	27.42	0.05913	991	83.58	-506.07	75.05	25.73	0.14379	0.0022627	0	0	0	991	71.6	27.64	601.95	27.447	27.56	0	101.2	5060.7	110205
96	"15:06:24"	919.5	0	3	20	0.755	601.6	27.43	0.05452	991	83.57	-506.07	75.01	25.73	0.13271	0.0018431	0	0	0	991	71.6	27.64	602.18	27.432	27.56	0	101.2	5060.6	110205
97	"15:06:26"	921.5	0	3	20	0.649	601.8	27.43	0.04691	991	83.60	-506.07	75.06	25.73	0.1142	0.0015753	0	0	0	991	71.6	27.64	602.14	27.449	27.56	0	101.2	5060.7	110205
98	"15:06:28"	923.5	0	3	20	0.539	602.0	27.44	0.03892	991	83.57	-506.06	75.05	25.74	0.094281	0.002065	0	0	0	991	71.6	27.64	602.52	27.448	27.56	0	101.2	5060.6	110205
99	"15:06:30"	925.5	0	3	20	0.659	602.3	27.44	0.04765	991	83.62	-506.07	75.05	25.73	0.1163	0.0011094	0	0	0	991	71.6	27.64	603.18	27.449	27.56	0	101.2	5060.7	110205
100	"15:06:32"	927.5	0	3	20	0.839	602.5	27.44	0.06061	991	83.66	-506.06	75.09	25.73	0.14809	0.0011917	0	0	0	991	71.6	27.64	603.35	27.462	27.56	0	101.2	5060.6	110205
101	"15:06:34"	929.5	0	3	20	0.955	602.8	27.45	0.06897	991	83.66	-506.06	75.09	25.73	0.16755	0.0028969	0	0	0	991	71.6	27.64	603.40	27.464	27.56	0	101.2	5060.6	110205
102	"15:06:36"	931.5	0	3	20	0.905	603.1	27.45	0.06537	991	83.65	-506.05	75.09	25.73	0.1586	0.0030644	0	0	0	991	71.6	27.64	603.56	27.465	27.56	0	101.1	5060.5	110205
103	"15:06:38"	933.5	0	4	200	0.716	610.0	27.46	0.05175	991	83.69	-506.06	75.13	25.73	0.11946	0.003113	-0.00023748	0.19661	0	991	71.6	27.64	604.33	27.481	27.57	0	101.2	5060.6	110205
104	"15:10:48"	1183.5	0	3	8	0.26	590.3	27.79	0.01876	991	84.58	-506.06	75.92	25.75	0.047334	-0.0020941	0	0	0	991	71.6	27.66	590.23	27.796	27.58	0	101.2	5060.6	110205
105	"15:10:50"	1185.5	0	3	12	0.592	590.4	27.79	0.0428	991	84.56	-506.07	75.92	25.76	0.10528	-0.00032644	0	0	0	991	71.6	27.66	590.71	27.800	27.59	0	101.2	5060.7	110205
106	"15:10:52"	1187.5	0	3	16	0.664	590.5	27.79	0.04798	991	84.59	-506.07	75.94	25.76	0.11707	0.0011969	0	0	0	991	71.6	27.66	591.31	27.809	27.59	0	101.2	5060.7	110205
107	"15:10:54"	1189.5	0	3	20	0.78	590.6	27.80	0.05635	991	84.61	-506.08	75.93	25.75	0.13747	0.0014376	0	0	0	991	71.6	27.66	591.33	27.807	27.59	0	101.2	5060.8	110205
108	"15:10:56"	1191.5	0	3	20	0.771	590.9	27.80	0.05567	991	84.54	-506.06	75.90	25.76	0.13525	0.0023693	0	0	0	991	71.6	27.66	591.77	27.794	27.59	0	101.2	5060.6	110205
109	"15:10:58"	1193.5	0	3	20	0.874	591.2	27.80	0.06318	991	84.57	-506.07	75.95	25.76	0.15432	0.0013121	0	0	0	991	71.6	27.66	591.78	27.815	27.59	0	101.2	5060.7	110205
110	"15:11:00"	1195.5	0	3	20	0.773	591.4	27.81	0.05586	991	84.67	-506.07	76.01	25.76	0.13544	0.0028209	0	0	0	991	71.6	27.66	592.07	27.835	27.59	0	101.2	5060.7	110205
111	"15:11:02"	1197.5	0	3	20	0.675	591.7	27.81	0.04875	991	84.59	-506.07	75.96	25.76	0.11753	0.0035588	0	0	0	991	71.6	27.66	592.40	27.822	27.59	0	101.2	5060.7	110205
112	"15:11:04"	1199.5	0	3	20	0.865	592.0	27.82	0.06248	991	84.61	-506.06	75.98	25.76	0.15193	0.0024401	0	0	0	991	71.6	27.66	592.84	27.828	27.59	0	101.2	5060.6	110205
113	"15:11:06"	1201.5	0	3	20	0.751	592.3	27.82	0.05425	991	84.67	-506.07	75.97	25.75	0.13224	0.001591	0	0	0	991	71.6	27.66	592.78	27.827	27.59	0	101.2	5060.7	110205
114	"15:11:08"	1203.5	0	3	20	0.742	592.5	27.83	0.05362	991	84.63	-506.07	76.01	25.77	0.13202	-0.00061318	0	0	0	991	71.6	27.66	593.20	27.840	27.59	0	101.2	5060.7	110205
115	"15:11:10"	1205.5	0	3	20	0.65	592.8	27.83	0.047	991	84.59	-506.06	75.97	25.77	0.11474	0.0010694	0	0	0	991	71.6	27.66	593.33	27.827	27.59	0	101.2	5060.6	110205
116	"15:11:12"	1207.5	0	3	20	0.615	593.0	27.83	0.04443	991	84.67	-506.06	76.00	25.76	0.10761	0.0024405	0	0	0	991	71.6	27.66	593.90	27.841	27.59	0	101.2	5060.6	110205
117	"15:11:14"	1209.5	0	3	20	0.812	593.3	27.83	0.05864	991	84.62	-506.07	75.98	25.76	0.14235	0.0026815	0	0	0	991	71.6	27.67	593.98	27.833	27.59	0	101.2	5060.7	110205
118	"15:11:16"	1211.5	0	3	20	0.944	593.6	27.84	0.0682	991	84.69	-506.06	76.04	25.76	0.16647	0.0016279	0	0	0	991	71.6	27.67	594.36	27.850	27.59	0	101.2	5060.6	110205
119	"15:11:18"	1213.5	0	3	20	0.894	593.9	27.84	0.06457	991	84.68	-506.06	76.02	25.76	0.15849	0.00010149	0	0	0	991	71.6	27.67	594.39	27.847	27.59	0	101.2	5060.6	110205
120	"15:11:20"	1215.5	0	3	20	0.703	594.1	27.84	0.05076	991	84.73	-506.08	76.04	25.75	0.12416	0.00076721	0	0	0	991	71.6	27.67	594.81	27.855	27.59	0	101.2	5060.8	110205
121	"15:11:22"	1217.5	0	3	20	0.662	594.4	27.84	0.04781	991	84.70	-506.07	76.02	25.76	0.11678	0.00098	0	0	0	991	71.6	27.67	594.89	27.850	27.59	0	101.2	5060.7	110205
122	"15:11:24"	1219.5	0	3	20	0.623	594.6	27.85	0.04499	991	84.66	-506.06	76.03	25.77	0.10859	0.0030557	0	0	0	991	71.6	27.67	595.45	27.852	27.59	0	101.2	5060.6	110205
123	"15:11:26"	1221.5	0	3	20	0.69	594.9	27.85	0.04984	991	84.64	-506.07	76.07	25.78	0.12074	0.002668	0	0	0	991	71.6	27.67	595.55	27.867	27.59	0	101.2	5060.7	110205
124	"15:11:28"	1223.5	0	3	20	0.86	595.1	27.86	0.06214	991	84.72	-506.07	76.10	25.77	0.1507	0.0030682	0	0	0	991	71.6	27.67	596.06	27.879	27.60	0	101.2	5060.7	110205
125	"15:11:30"	1225.5	0	3	20	0.805	595.4	27.86	0.05819	991	84.65	-506.07	76.03	25.77	0.1413	0.0025761	0	0	0	991	71.6	27.67	595.94	27.856	27.60	0	101.2	5060.7	110205
126	"15:11:32"	1227.5	0	3	20	0.787	595.7	27.87	0.05687	991	84.73	-506.06	76.10	25.77	0.13896	0.0011084	0	0	0	991	71.6	27.67	596.33	27.882	27.60	0	101.2	5060.6	110205
127	"15:11:34"	1229.5	0	3	20	0.767	596.0	27.87	0.05541	991	84.74	-506.07	76.09	25.77	0.13525	0.0012886	0	0	0	991	71.6	27.67	596.71	27.881	27.60	0	101.2	5060.7	110205
128	"15:11:36"	1231.5	0	3	20	0.736	596.3	27.87	0.05319	991	84.78	-506.06	76.07	25.76	0.13047	0.00021173	0	0	0	991	71.6	27.67	596.95	27.872	27.60	0	101.2	5060.6	110205
129	"15:11:38"	1233.5	0	3	20	0.813	596.5	27.87	0.05873	991	84.72	-506.05	76.07	25.77	0.14367	0.00088512	0	0	0	991	71.6	27.67	597.41	27.875	27.60	0	101.2	5060.5	110205
130	"15:11:40"	1235.5	0	3	20	0.929	596.8	27.87	0.06709	991	84.72	-506.07	76.05	25.77	0.1641	0.0010131	0	0	0	991	71.6	27.67	597.31	27.868	27.60	0	101.2	5060.7	110205
131	"15:11:42"	1237.5	0	3	20	0.764	597.1	27.88	0.05519	991	84.77	-506.07	76.13	25.77	0.13518	0.00053134	0	0	0	991	71.6	27.67	597.66	27.898	27.60	0	101.2	5060.7	110205
132	"15:11:44"	1239.5	0	3	20	0.771	597.4	27.88	0.05568	991	84.77	-506.06	76.11	25.77	0.13551	0.0019632	0	0	0	991	71.6	27.67	597.83	27.891	27.60	0	101.2	5060.6	110205
133	"15:11:46"	1241.5	0	3	20	0.66	597.6	27.88	0.0477	991	84.82	-506.05	76.13	25.76	0.1152	0.0031118	0	0	0	991	71.6	27.67	598.10	27.895	27.60	0	101.2	5060.5	110205
134	"15:11:48"	1243.5	0	3	20	0.576	597.8	27.89	0.04165	991	84.85	-506.07	76.15	25.76	0.10084	0.0023126	0	0	0	991	71.6	27.67	598.39	27.908	27.60	0	101.2	5060.7	110205
135	"15:11:50"	1245.5	0	3	20	0.684	598.1	27.89	0.04943	991	84.85	-506.07	76.17	25.77	0.11975	0.0026451	0	0	0	991	71.6	27.67	598.79	27.915	27.60	0	101.2	5060.7	110205
136	"15:11:52"	1247.5	0	3	20	0.686	598.3	27.90	0.04958	991	84.85	-506.08	76.12	25.76	0.12072	0.001626	0	0	0	991	71.6	27.67	599.28	27.900	27.60	0	101.2	5060.8	110205
137	"15:11:54"	1249.5	0	3	20	0.909	598.6	27.90	0.06566	991	84.86	-506.07	76.15	25.76	0.1602	0.0016602	0	0	0	991	71.6	27.68	599.57	27.909	27.60	0	101.2	5060.7	110205
138	"15:11:56"	1251.5	0	3	20	1.04	598.9	27.91	0.07533	991	84.88	-506.07	76.15	25.76	0.18332	0.0026556	0	0	0	991	71.6	27.67	599.72	27.909	27.60	0	101.2	5060.7	110205
139	"15:11:58"	1253.5	0	3	20	0.986	599.3	27.91	0.07125	991	84.90	-506.06	76.18	25.76	0.17454	0.00068402	0	0	0	991	71.6	27.68	599.78	27.920	27.60	0	101.2	5060.6	110205
140	"15:12:00"	1255.5	0	3	20	0.793	599.5	27.91	0.0573	991	84.88	-506.07	76.17	25.76	0.14018	0.00080846	0	0	0	991	71.6	27.68	600.47	27.918	27.60	0	101.2	5060.7	110205
141	"15:12:02"	1257.5	0	3	20	0.663	599.8	27.91	0.04792	991	84.90	-506.07	76.17	25.76	0.11695	0.0011391	0	0	0	991	71.6	27.68	600.30	27.919	27.60	0	101.2	5060.7	110205
142	"15:12:04"	1259.5	0	3	20	0.67	600.1	27.92	0.0484	991	84.97	-506.07	76.19	25.75	0.11818	0.001066	0	0	0	991	71.6	27.68	600.55	27.925	27.60	0	101.2	5060.7	110205
143	"15:12:06"	1261.5	0	3	20	0.734	600.3	27.92	0.05301	991	84.81	-506.07	76.15	25.77	0.12929	0.0014044	0	0	0	991	71.6	27.68	601.10	27.913	27.60	0	101.2	5060.7	110205
144	"15:12:08"	1263.5	0	3	20	0.734	600.6	27.92	0.05304	991	84.80	-506.07	76.20	25.78	0.12941	0.0013527	0	0	0	991	71.6	27.68	601.05	27.928	27.60	0	101.2	5060.7	110205
145	"15:12:10"	1265.5	0	3	20	0.69	600.8	27.92	0.04984	991	84.85	-506.07	76.23	25.78	0.12129	0.0017692	0	0	0	991	71.6	27.68	601.61	27.939	27.60	0	101.2	5060.7	110205
146	"15:12:12"	1267.5	0	3	20	0.855	601.1	27.93	0.0618	991	84.88	-506.06	76.22	25.78	0.15059	0.0018875	0	0	0	991	71.6	27.68	601.88	27.938	27.60	0	101.2	5060.6	110205
147	"15:12:14"	1269.5	0	3	20	0.92	601.4	27.93	0.06649	991	84.95	-506.07	76.26	25.77	0.1615	0.0028388	0	0	0	991	71.6	27.68	601.95	27.951	27.60	0	101.2	5060.7	110205
148	"15:12:16"	1271.5	0	3	20	0.845	601.7	27.94	0.06104	991	84.93	-506.06	76.26	25.77	0.14881	0.0017457	0	0	0	991	71.6	27.68	602.45	27.952	27.60	0	101.2	5060.6	110205
149	"15:12:18"	1273.5	0	3	20	0.758	602.0	27.94	0.05478	991	84.87	-506.06	76.22	25.78	0.13372	0.0012835	0	0	0	991	71.6	27.68	602.76	27.935	27.60	0	101.2	5060.6	110205
150	"15:12:20"	1275.5	0	3	20	0.635	602.2	27.94	0.04585	991	84.93	-506.06	76.24	25.77	0.11231	0.00043089	0	0	0	991	71.6	27.68	602.86	27.942	27.60	0	101.2	5060.6	110205
151	"15:12:22"	1277.5	0	3	20	0.692	602.5	27.94	0.05001	991	84.94	-506.07	76.25	25.77	0.12323	-0.00069738	0	0	0	991	71.6	27.68	603.21	27.947	27.60	0	101.2	5060.7	110205
152	"15:12:24"	1279.5	0	3	20	0.747	602.7	27.94	0.05398	991	84.90	-506.07	76.27	25.78	0.13206	0.00078375	0	0	0	991	71.6	27.68	603.26	27.956	27.60	0	101.2	5060.7	110205
153	"15:12:26"	1281.5	0	3	20	0.641	603.0	27.94	0.0463	991	84.96	-506.06	76.29	25.77	0.11299	0.0011212	0	0	0	991	71.6	27.68	604.00	27.961	27.60	0	101.2	5060.6	110205
154	"15:12:28"	1283.5	0	4	200	0.812	610.0	27.95	0.05866	991	84.97	-506.06	76.29	25.77	0.13643	0.0023192	0.00033826	-0.14768	0	991	71.6	27.68	604.11	27.960	27.60	0	101.2	5060.6	110205
155	"15:16:36"	1532.0	0	3	8	0.783	590.2	28.15	0.05655	991	85.46	-506.06	76.71	25.78	0.1457	-0.011265	0	0	0	991	71.6	27.69	590.77	28.140	27.62	0	101.2	5060.6	110205
156	"15:16:38"	1534.0	0	3	12	0.943	590.4	28.15	0.06816	991	85.45	-506.05	76.75	25.79	0.16906	-0.0027889	0	0	0	991	71.6	27.69	590.92	28.154	27.62	0	101.2	5060.5	110205
157	"15:16:40"	1536.0	0	3	16	0.87	590.6	28.15	0.06288	991	85.45	-506.07	76.78	25.80	0.15359	0.001322	0	0	0	991	71.6	27.70	591.08	28.169	27.62	0	101.2	5060.7	110205
158	"15:16:42"	1538.0	0	3	20	0.747	590.7	28.16	0.05394	991	85.47	-506.06	76.75	25.79	0.13136	0.0017846	0	0	0	991	71.6	27.69	591.32	28.155	27.62	0	101.2	5060.6	110205
159	"15:16:44"	1540.0	0	3	20	0.682	590.9	28.16	0.04925	991	85.52	-506.06	76.75	25.78	0.1189	0.0033479	0	0	0	991	71.6	27.69	591.54	28.156	27.62	0	101.2	5060.6	110205
160	"15:16:46"	1542.0	0	3	20	0.609	591.2	28.16	0.04397	991	85.49	-506.07	76.71	25.78	0.10754	0.00067636	0	0	0	991	71.6	27.69	591.80	28.145	27.62	0	101.2	5060.6	110205
161	"15:16:48"	1544.0	0	3	20	0.723	591.4	28.16	0.05222	991	85.56	-506.07	76.77	25.78	0.12905	-0.0013629	0	0	0	991	71.6	27.70	592.07	28.167	27.62	0	101.2	5060.7	110205
162	"15:16:50"	1546.0	0	3	20	0.855	591.7	28.16	0.06174	991	85.62	-506.07	76.79	25.77	0.15137	0.00034853	0	0	0	991	71.6	27.70	592.54	28.171	27.62	0	101.2	5060.7	110205
163	"15:16:52"	1548.0	0	3	20	0.77	592.0	28.16	0.05563	991	85.61	-506.06	76.80	25.78	0.13521	0.0022568	0	0	0	991	71.6	27.70	592.57	28.178	27.62	0	101.2	5060.6	110205
164	"15:16:54"	1550.0	0	3	20	0.723	592.2	28.17	0.05226	991	85.56	-506.05	76.77	25.78	0.12652	0.002935	0	0	0	991	71.6	27.70	592.90	28.170	27.62	0	101.2	5060.5	110205
165	"15:16:56"	1552.0	0	3	20	0.727	592.5	28.17	0.0525	991	85.61	-506.06	76.80	25.78	0.12728	0.0026459	0	0	0	991	71.6	27.70	593.30	28.181	27.62	0	101.2	5060.6	110205
166	"15:16:58"	1554.0	0	3	20	0.839	592.8	28.18	0.06059	991	85.56	-506.05	76.82	25.79	0.14797	0.0013077	0	0	0	991	71.6	27.70	593.35	28.188	27.62	0	101.2	5060.5	110205
167	"15:17:00"	1556.0	0	3	20	0.799	593.0	28.18	0.05775	991	85.53	-506.06	76.82	25.80	0.14059	0.0019772	0	0	0	991	71.6	27.70	593.88	28.189	27.62	0	101.2	5060.6	110205
168	"15:17:02"	1558.0	0	3	20	0.785	593.3	28.18	0.05673	991	85.48	-506.06	76.80	25.80	0.13817	0.0018439	0	0	0	991	71.6	27.70	594.09	28.182	27.62	0	101.2	5060.6	110205
169	"15:17:04"	1560.0	0	3	20	0.781	593.6	28.18	0.05646	991	85.52	-506.07	76.84	25.80	0.13773	0.0014793	0	0	0	991	71.6	27.70	594.39	28.196	27.62	0	101.2	5060.7	110205
170	"15:17:06"	1562.0	0	3	20	0.833	593.9	28.19	0.06015	991	85.51	-506.06	76.80	25.80	0.14709	0.00099101	0	0	0	991	71.6	27.70	595.05	28.186	27.63	0	101.2	5060.6	110205
171	"15:17:08"	1564.0	0	3	20	1.03	594.2	28.19	0.07467	991	85.55	-506.05	76.82	25.80	0.18333	2.855E-05	0	0	0	991	71.6	27.70	594.95	28.191	27.63	0	101.2	5060.5	110205
172	"15:17:10"	1566.0	0	3	20	0.91	594.6	28.19	0.06576	991	85.57	-506.05	76.86	25.80	0.16098	0.00077795	0	0	0	991	71.6	27.70	594.98	28.202	27.62	0	101.2	5060.5	110205
173	"15:17:12"	1568.0	0	3	20	0.746	594.8	28.19	0.05387	991	85.57	-506.07	76.83	25.80	0.13189	0.00060814	0	0	0	991	71.6	27.70	595.46	28.195	27.63	0	101.2	5060.7	110205
174	"15:17:14"	1570.0	0	3	20	0.63	595.1	28.19	0.04551	991	85.52	-506.07	76.85	25.81	0.11074	0.0016678	0	0	0	991	71.6	27.70	595.83	28.202	27.62	0	101.2	5060.7	110205
175	"15:17:16"	1572.0	0	3	20	0.665	595.4	28.20	0.04806	991	85.62	-506.06	76.90	25.80	0.11693	0.0017424	0	0	0	991	71.6	27.70	596.06	28.222	27.63	0	101.2	5060.6	110205
176	"15:17:18"	1574.0	0	3	20	0.767	595.6	28.20	0.05538	991	85.64	-506.05	76.85	25.79	0.13472	0.0020695	0	0	0	991	71.6	27.70	596.24	28.202	27.62	0	101.2	5060.5	110205
177	"15:17:20"	1576.0	0	3	20	0.851	595.9	28.20	0.06147	991	85.62	-506.07	76.87	25.80	0.15025	0.0011144	0	0	0	991	71.6	27.70	596.69	28.213	27.63	0	101.2	5060.7	110205
178	"15:17:22"	1578.0	0	3	20	0.838	596.2	28.21	0.06055	991	85.60	-506.06	76.87	25.80	0.14807	0.0010092	0	0	0	991	71.6	27.70	596.93	28.209	27.63	0	101.2	5060.6	110205
179	"15:17:24"	1580.0	0	3	20	0.756	596.5	28.21	0.05465	991	85.58	-506.07	76.84	25.80	0.13323	0.0015485	0	0	0	991	71.6	27.70	597.02	28.202	27.63	0	101.2	5060.7	110205
180	"15:17:26"	1582.0	0	3	20	0.703	596.7	28.21	0.05076	991	85.60	-506.06	76.88	25.80	0.12456	0.00013137	0	0	0	991	71.6	27.70	597.40	28.212	27.63	0	101.2	5060.6	110205
181	"15:17:28"	1584.0	0	3	20	0.655	596.9	28.21	0.04735	991	85.61	-506.08	76.84	25.79	0.11574	0.00087484	0	0	0	991	71.6	27.70	597.65	28.202	27.63	0	101.2	5060.8	110205
182	"15:17:30"	1586.0	0	3	20	0.637	597.2	28.21	0.04604	991	85.68	-506.06	76.89	25.79	0.11299	7.9871E-05	0	0	0	991	71.6	27.70	597.68	28.219	27.63	0	101.2	5060.6	110205
183	"15:17:32"	1588.0	0	3	20	0.715	597.4	28.21	0.05165	991	85.74	-506.08	76.93	25.78	0.12629	0.00085123	0	0	0	991	71.6	27.70	598.34	28.232	27.63	0	101.2	5060.8	110205
184	"15:17:34"	1590.0	0	3	20	0.784	597.7	28.22	0.05662	991	85.70	-506.07	76.90	25.78	0.13802	0.0016464	0	0	0	991	71.6	27.70	598.61	28.222	27.63	0	101.2	5060.7	110205
185	"15:17:36"	1592.0	0	3	20	0.813	598.0	28.22	0.05873	991	85.71	-506.06	76.92	25.79	0.14341	0.0012845	0	0	0	991	71.6	27.70	598.73	28.228	27.63	0	101.2	5060.6	110205
186	"15:17:38"	1594.0	0	3	20	0.878	598.3	28.22	0.06346	991	85.72	-506.06	76.89	25.78	0.15533	0.00077869	0	0	0	991	71.6	27.70	599.09	28.218	27.62	0	101.2	5060.6	110205
187	"15:17:40"	1596.0	0	3	20	0.844	598.6	28.22	0.06097	991	85.69	-506.06	76.87	25.78	0.1499	-0.00033116	0	0	0	991	71.6	27.70	599.15	28.211	27.63	0	101.2	5060.6	110205
188	"15:17:42"	1598.0	0	3	20	0.811	598.9	28.22	0.05859	991	85.66	-506.06	76.93	25.80	0.14399	-0.00018993	0	0	0	991	71.6	27.70	599.73	28.228	27.62	0	101.2	5060.6	110205
189	"15:17:44"	1600.0	0	3	20	0.631	599.1	28.22	0.04562	991	85.68	-506.06	76.91	25.79	0.11168	0.0005596	0	0	0	991	71.6	27.70	599.57	28.225	27.62	0	101.2	5060.6	110205
190	"15:17:46"	1602.0	0	3	20	0.572	599.4	28.22	0.0413	991	85.67	-506.06	76.88	25.78	0.10086	0.00089184	0	0	0	991	71.6	27.70	600.03	28.213	27.62	0	101.2	5060.6	110205
191	"15:17:48"	1604.0	0	3	20	0.706	599.6	28.22	0.05101	991	85.79	-506.07	76.97	25.78	0.12459	0.0010742	0	0	0	991	71.6	27.70	600.49	28.244	27.62	0	101.2	5060.7	110205
192	"15:17:50"	1606.0	0	3	20	0.854	599.9	28.23	0.0617	991	85.77	-506.07	76.97	25.79	0.15027	0.0019992	0	0	0	991	71.6	27.70	600.83	28.246	27.63	0	101.2	5060.7	110205
193	"15:17:52"	1608.0	0	3	20	0.97	600.2	28.23	0.07009	991	85.75	-506.05	76.93	25.78	0.17091	0.0019429	0	0	0	991	71.6	27.70	601.01	28.230	27.62	0	101.2	5060.5	110205
194	"15:17:54"	1610.0	0	3	20	0.957	600.5	28.23	0.06918	991	85.71	-506.07	76.91	25.78	0.16966	0.00031136	0	0	0	991	71.6	27.70	601.02	28.224	27.62	0	101.2	5060.6	110205
195	"15:17:56"	1612.0	0	3	20	0.738	600.8	28.23	0.05336	991	85.78	-506.06	76.98	25.78	0.13096	8.2506E-05	0	0	0	991	71.6	27.70	601.94	28.247	27.62	0	101.2	5060.6	110205
196	"15:17:58"	1614.0	0	3	20	0.74	601.1	28.24	0.05349	991	85.79	-506.06	76.96	25.78	0.13121	0.00018067	0	0	0	991	71.6	27.70	601.73	28.238	27.62	0	101.2	5060.6	110205
197	"15:18:00"	1616.0	0	3	20	0.68	601.4	28.24	0.04911	991	85.73	-506.06	76.94	25.78	0.1199	0.0010968	0	0	0	991	71.6	27.70	601.82	28.232	27.62	0	101.2	5060.6	110205
198	"15:18:02"	1618.0	0	3	20	0.69	601.6	28.24	0.04989	991	85.77	-506.07	77.02	25.79	0.12158	0.0014753	0	0	0	991	71.6	27.70	602.37	28.262	27.62	0	101.2	5060.7	110205
199	"15:18:04"	1620.0	0	3	20	0.758	601.9	28.24	0.05478	991	85.68	-506.06	76.95	25.80	0.13371	0.0012827	0	0	0	991	71.6	27.70	602.39	28.236	27.62	0	101.2	5060.6	110205
200	"15:18:06"	1622.0	0	3	20	0.675	602.1	28.24	0.04877	991	85.78	-506.04	77.00	25.79	0.11948	0.00046284	0	0	0	991	71.6	27.70	602.74	28.255	27.62	0	101.2	5060.4	110205
201	"15:18:08"	1624.0	0	3	20	0.763	602.4	28.24	0.05511	991	85.74	-506.07	76.95	25.79	0.1345	0.0013285	0	0	0	991	71.6	27.70	603.03	28.241	27.62	0	101.2	5060.7	110205
202	"15:18:10"	1626.0	0	3	20	0.892	602.7	28.25	0.06442	991	85.78	-506.07	76.97	25.78	0.15727	0.0014591	0	0	0	991	71.6	27.70	603.56	28.244	27.62	0	101.2	5060.7	110205
203	"15:18:12"	1628.0	0	3	20	0.953	603.0	28.25	0.06883	991	85.74	-506.07	76.97	25.79	0.16922	-0.00033257	0	0	0	991	71.6	27.70	603.78	28.244	27.62	0	101.2	5060.7	110205
204	"15:18:14"	1630.0	0	3	20	0.864	603.3	28.25	0.06243	991	85.82	-506.07	77.04	25.79	0.15268	0.00099456	0	0	0	991	71.6	27.70	603.65	28.267	27.62	0	101.2	5060.7	110205
205	"15:18:16"	1632.0	0	4	200	0.772	610.0	28.25	0.05581	991	85.79	-506.07	77.02	25.79	0.11541	0.0010307	-5.7964E-05	0.09117	0	991	71.6	27.70	604.16	28.265	27.62	0	101.2	5060.7	110205
206	"15:23:20"	1935.5	0	3	8	1.17	590.3	28.39	0.08423	991	86.27	-506.06	77.45	25.77	0.20332	0.0057776	0	0	0	991	71.6	27.68	590.69	28.393	27.61	0	101.2	5060.6	110205
207	"15:23:22"	1937.5	0	3	12	1.02	590.5	28.40	0.07357	991	86.31	-506.07	77.48	25.77	0.17917	0.0024516	0	0	0	991	71.6	27.68	590.81	28.407	27.61	0	101.2	5060.7	110205
208	"15:23:24"	1939.5	0	3	16	0.742	590.6	28.40	0.05363	991	86.36	-506.06	77.49	25.76	0.13026	0.0023788	0	0	0	991	71.6	27.68	590.89	28.407	27.60	0	101.2	5060.6	110205
209	"15:23:26"	1941.5	0	3	20	0.814	590.7	28.40	0.05883	991	86.29	-506.06	77.43	25.77	0.14333	0.0018772	0	0	0	991	71.6	27.68	591.58	28.388	27.61	0	101.2	5060.6	110205
210	"15:23:28"	1943.5	0	3	20	0.69	591.0	28.40	0.04983	991	86.29	-506.07	77.47	25.77	0.12206	0.00050099	0	0	0	991	71.6	27.68	591.57	28.401	27.60	0	101.2	5060.7	110205
211	"15:23:30"	1945.5	0	3	20	0.719	591.3	28.40	0.05193	991	86.31	-506.07	77.46	25.77	0.12797	-0.00071816	0	0	0	991	71.6	27.68	592.08	28.398	27.61	0	101.2	5060.6	110205
212	"15:23:32"	1947.5	0	3	20	0.785	591.5	28.40	0.0567	991	86.37	-506.06	77.53	25.77	0.13935	-0.00019894	0	0	0	991	71.6	27.68	592.05	28.423	27.60	0	101.2	5060.6	110205
213	"15:23:34"	1949.5	0	3	20	0.693	591.8	28.40	0.05008	991	86.34	-506.05	77.51	25.77	0.12222	0.0012534	0	0	0	991	71.6	27.68	592.55	28.417	27.60	0	101.2	5060.5	110205
214	"15:23:36"	1951.5	0	3	20	0.841	592.0	28.41	0.06073	991	86.34	-506.05	77.51	25.77	0.14759	0.0025395	0	0	0	991	71.6	27.68	592.79	28.414	27.60	0	101.2	5060.5	110205
215	"15:23:38"	1953.5	0	3	20	0.825	592.3	28.41	0.05963	991	86.37	-506.07	77.53	25.77	0.14475	0.0027753	0	0	0	991	71.6	27.68	593.07	28.426	27.61	0	101.2	5060.7	110205
216	"15:23:40"	1955.5	0	3	20	0.868	592.6	28.42	0.06274	991	86.36	-506.07	77.50	25.77	0.15324	0.0013644	0	0	0	991	71.6	27.68	593.54	28.415	27.61	0	101.2	5060.7	110205
217	"15:23:42"	1957.5	0	3	20	0.855	592.9	28.42	0.06175	991	86.40	-506.06	77.52	25.77	0.15125	0.00065719	0	0	0	991	71.6	27.68	593.74	28.423	27.61	0	101.2	5060.6	110205
218	"15:23:44"	1959.5	0	3	20	0.748	593.2	28.42	0.05407	991	86.42	-506.08	77.51	25.76	0.1325	0.00044388	0	0	0	991	71.6	27.68	593.77	28.425	27.61	0	101.2	5060.8	110205
219	"15:23:46"	1961.5	0	3	20	0.686	593.5	28.42	0.04957	991	86.38	-506.06	77.50	25.77	0.12076	0.0015704	0	0	0	991	71.6	27.68	594.30	28.419	27.61	0	101.2	5060.6	110205
220	"15:23:48"	1963.5	0	3	20	0.757	593.8	28.42	0.05469	991	86.33	-506.06	77.53	25.78	0.13411	0.00032282	0	0	0	991	71.6	27.68	594.40	28.429	27.61	0	101.2	5060.6	110205
221	"15:23:50"	1965.5	0	3	20	0.728	594.0	28.42	0.05258	991	86.33	-506.08	77.51	25.78	0.12886	0.0004513	0	0	0	991	71.6	27.68	594.53	28.422	27.61	0	101.2	5060.8	110205
222	"15:23:52"	1967.5	0	3	20	0.765	594.3	28.42	0.05524	991	86.36	-506.06	77.54	25.78	0.13574	-0.00012977	0	0	0	991	71.6	27.68	594.89	28.431	27.61	0	101.1	5060.6	110205
223	"15:23:54"	1969.5	0	3	20	0.728	594.5	28.43	0.0526	991	86.43	-506.06	77.56	25.77	0.12872	0.00072946	0	0	0	991	71.6	27.68	595.11	28.441	27.61	0	101.1	5060.6	110205
224	"15:23:56"	1971.5	0	3	20	0.738	594.8	28.43	0.05335	991	86.45	-506.06	77.56	25.76	0.1294	0.0026412	0	0	0	991	71.6	27.68	595.57	28.440	27.61	0	101.1	5060.6	110205
225	"15:23:58"	1973.5	0	3	20	0.849	595.1	28.43	0.06137	991	86.38	-506.06	77.53	25.77	0.1495	0.0019543	0	0	0	991	71.6	27.68	595.55	28.430	27.61	0	101.2	5060.6	110205
226	"15:24:00"	1975.5	0	3	20	0.706	595.3	28.43	0.05099	991	86.36	-506.07	77.53	25.78	0.12507	0.00023532	0	0	0	991	71.6	27.68	596.30	28.433	27.61	0	101.1	5060.7	110205
227	"15:24:02"	1977.5	0	3	20	0.692	595.6	28.44	0.04998	991	86.32	-506.07	77.54	25.79	0.1231	-0.00056889	0	0	0	991	71.6	27.68	596.64	28.434	27.61	0	101.2	5060.7	110205
228	"15:24:04"	1979.5	0	3	20	0.779	595.9	28.43	0.0563	991	86.33	-506.06	77.52	25.78	0.13865	-0.00063931	0	0	0	991	71.6	27.68	596.60	28.427	27.61	0	101.2	5060.6	110205
229	"15:24:06"	1981.5	0	3	20	0.838	596.2	28.43	0.06055	991	86.43	-506.06	77.56	25.77	0.14875	-9.2204E-05	0	0	0	991	71.6	27.68	596.74	28.444	27.61	0	101.1	5060.6	110205
230	"15:24:08"	1983.5	0	3	20	0.876	596.4	28.43	0.06331	991	86.41	-506.07	77.56	25.78	0.15463	0.0013595	0	0	0	991	71.6	27.68	597.26	28.444	27.61	0	101.1	5060.7	110205
231	"15:24:10"	1985.5	0	3	20	0.691	596.7	28.44	0.04994	991	86.37	-506.07	77.51	25.77	0.12266	-2.6207E-05	0	0	0	991	71.6	27.68	597.57	28.422	27.61	0	101.1	5060.7	110205
232	"15:24:12"	1987.5	0	3	20	0.656	597.0	28.44	0.04736	991	86.45	-506.06	77.58	25.77	0.1156	0.0011645	0	0	0	991	71.6	27.68	598.08	28.451	27.61	0	101.1	5060.6	110205
233	"15:24:14"	1989.5	0	3	20	0.775	597.2	28.44	0.05597	991	86.41	-506.07	77.52	25.77	0.13629	0.0018917	0	0	0	991	71.6	27.68	597.97	28.429	27.61	0	101.1	5060.7	110205
234	"15:24:16"	1991.5	0	3	20	0.728	597.5	28.44	0.05262	991	86.47	-506.06	77.57	25.77	0.12858	0.0010323	0	0	0	991	71.6	27.68	598.49	28.448	27.61	0	101.1	5060.6	110205
235	"15:24:18"	1993.5	0	3	20	0.651	597.7	28.44	0.04701	991	86.46	-506.06	77.58	25.77	0.11455	0.0014668	0	0	0	991	71.6	27.68	598.49	28.449	27.61	0	101.1	5060.6	110205
236	"15:24:20"	1995.5	0	3	20	0.674	598.0	28.45	0.04868	991	86.47	-506.07	77.58	25.77	0.11963	-0.00013786	0	0	0	991	71.6	27.68	598.62	28.455	27.61	0	101.1	5060.7	110205
237	"15:24:22"	1997.5	0	3	20	0.674	598.3	28.45	0.04869	991	86.51	-506.05	77.62	25.77	0.11915	0.00068228	0	0	0	991	71.6	27.68	599.02	28.466	27.61	0	101.1	5060.5	110205
238	"15:24:24"	1999.5	0	3	20	0.818	598.5	28.45	0.05911	991	86.43	-506.08	77.60	25.78	0.1439	0.0020633	0	0	0	991	71.6	27.68	599.28	28.458	27.61	0	101.1	5060.8	110205
239	"15:24:26"	2001.5	0	3	20	0.852	598.8	28.45	0.06156	991	86.40	-506.06	77.56	25.77	0.14999	0.0019283	0	0	0	991	71.6	27.68	599.84	28.443	27.61	0	101.1	5060.6	110205
240	"15:24:28"	2003.5	0	3	20	0.87	599.2	28.45	0.06287	991	86.45	-506.07	77.61	25.78	0.15383	0.0009248	0	0	0	991	71.6	27.68	600.02	28.463	27.61	0	101.1	5060.7	110205
241	"15:24:30"	2005.5	0	3	20	0.917	599.5	28.46	0.06626	991	86.45	-506.07	77.58	25.77	0.16274	-4.2639E-05	0	0	0	991	71.6	27.68	600.24	28.450	27.61	0	101.1	5060.7	110205
242	"15:24:32"	2007.5	0	3	20	0.818	599.8	28.46	0.05909	991	86.52	-506.07	77.61	25.77	0.145	0.00019027	0	0	0	991	71.6	27.68	600.24	28.463	27.61	0	101.1	5060.7	110205
243	"15:24:34"	2009.5	0	3	20	0.674	600.0	28.46	0.04872	991	86.51	-506.06	77.60	25.76	0.11889	0.0012415	0	0	0	991	71.6	27.68	600.59	28.459	27.61	0	101.1	5060.6	110205
244	"15:24:36"	2011.5	0	3	20	0.61	600.3	28.46	0.04408	991	86.51	-506.05	77.61	25.76	0.10719	0.0017013	0	0	0	991	71.6	27.68	601.02	28.458	27.61	0	101.1	5060.5	110205
245	"15:24:38"	2013.5	0	3	20	0.714	600.5	28.46	0.05162	991	86.52	-506.06	77.61	25.76	0.12645	0.00049033	0	0	0	991	71.6	27.68	601.35	28.460	27.61	0	101.1	5060.6	110205
246	"15:24:40"	2015.5	0	3	20	0.794	600.8	28.46	0.05733	991	86.52	-506.07	77.59	25.76	0.14106	-0.0004328	0	0	0	991	71.6	27.68	601.41	28.455	27.61	0	101.1	5060.7	110205
247	"15:24:42"	2017.5	0	3	20	0.862	601.0	28.46	0.06226	991	86.55	-506.08	77.60	25.75	0.15386	-0.0015645	0	0	0	991	71.6	27.68	601.77	28.457	27.61	0	101.1	5060.8	110205
248	"15:24:44"	2019.5	0	3	20	0.846	601.4	28.46	0.06109	991	86.50	-506.07	77.60	25.76	0.15045	-0.00069569	0	0	0	991	71.6	27.68	602.26	28.459	27.61	0	101.1	5060.7	110205
249	"15:24:46"	2021.5	0	3	20	0.81	601.7	28.46	0.0585	991	86.51	-506.07	77.64	25.77	0.14297	0.0011353	0	0	0	991	71.6	27.68	602.63	28.471	27.61	0	101.1	5060.7	110205
250	"15:24:48"	2023.5	0	3	20	0.926	602.0	28.46	0.06688	991	86.50	-506.06	77.62	25.77	0.16321	0.0016529	0	0	0	991	71.6	27.68	602.74	28.462	27.61	0	101.1	5060.6	110205
251	"15:24:50"	2025.5	0	3	20	0.866	602.3	28.46	0.06256	991	86.50	-506.07	77.63	25.77	0.15297	0.0010725	0	0	0	991	71.6	27.68	602.79	28.466	27.61	0	101.1	5060.7	110205
252	"15:24:52"	2027.5	0	3	20	0.713	602.5	28.47	0.05151	991	86.54	-506.06	77.66	25.77	0.12586	0.0010368	0	0	0	991	71.6	27.68	603.14	28.476	27.61	0	101.1	5060.6	110205
253	"15:24:54"	2029.5	0	3	20	0.675	602.8	28.47	0.04875	991	86.50	-506.06	77.64	25.77	0.11921	0.00081752	0	0	0	991	71.6	27.68	603.65	28.468	27.61	0	101.1	5060.6	110205
254	"15:24:56"	2031.5	0	3	20	0.704	603.1	28.47	0.05085	991	86.51	-506.08	77.64	25.77	0.1243	0.00091546	0	0	0	991	71.6	27.68	603.95	28.470	27.61	0	101.1	5060.8	110205
255	"15:24:58"	2033.5	0	3	20	0.898	603.4	28.47	0.0649	991	86.55	-506.07	77.64	25.76	0.15888	0.00081293	0	0	0	991	71.6	27.68	604.10	28.469	27.61	0	101.1	5060.7	110205
256	"15:25:00"	2035.5	0	4	200	0.779	610.0	28.47	0.05628	991	86.54	-506.07	77.65	25.77	0.15818	0.00016303	-3.3931E-05	0.076975	0	991	71.6	27.68	604.35	28.474	27.61	0	101.1	5060.7	110205
