"OPEN 5.3.2"
"Thr May 30 2019 14:04:39"
"Unit="	"PSC-895"
"ComputeList="	"/User/Configs/Comps/Soil Efflux Eqns.LPL"
"BLCTable="	"/Sys/Lib/StdBLCTable"
"LightSource="	"Sun+Sky"	1	0.19
"LogFormat="	"/User/Configs/LogFormats/Soil Efflux Log Fmt"
"LogCodes="	-35	-21	-36	-104	310	311	320	302	303	306	304	321	322	323	324	300	301	330	331	305	307	308	-8	-2	-5	-9	-13	-11	-61	-23
"PromptList="	"/User/Configs/Prompts/Soil Efflux Prompts"
"Stability= (CO2S 15s SLP<1)(H2OS 15s SLP<1)(Flow 15s SLP<1)"
"14:04:40 "
$STARTOFDATA$
"Obs"	"HHMMSS"	"FTime"	"Plot#"	"Mode"	"Smpls"	"EFFLUX"	"C2avg"	"Wavg"	"dc'/dt"	"Vtot"	"RHcmbr%"	"Tsoil_C"	"RHirga%"	"Tsch_C"	"dC/dt"	"dW/dt"	"R(C)m"	"R(C)b"	"InsDpth"	"Vbase"	"Area"	"TBlk"	"CO2S"	"H2OS"	"Tair"	"PARo"	"Press"	"uc_21_mV"	"Status"
1	"14:20:53"	987.0	0	3	8	0.521	545.3	32.35	0.03768	991	87.52	-506.03	77.04	27.74	0.096515	-0.0060231	0	0	0	991	71.6	30.01	545.70	32.336	29.94	0	101.2	5060.3	110205
2	"14:20:55"	989.0	0	3	12	0.628	545.4	32.35	0.04536	991	87.61	-506.04	77.10	27.74	0.11272	-0.0010856	0	0	0	991	71.6	30.02	545.60	32.368	29.95	0	101.2	5060.4	110205
3	"14:20:57"	991.0	0	3	16	0.562	545.5	32.35	0.04062	991	87.58	-506.03	77.07	27.74	0.10053	-0.00022069	0	0	0	991	71.6	30.01	546.18	32.355	29.94	0	101.2	5060.3	110205
4	"14:20:59"	993.0	0	3	20	0.65	545.6	32.35	0.047	991	87.52	-506.03	77.03	27.74	0.11583	0.00059602	0	0	0	991	71.6	30.02	546.13	32.341	29.95	0	101.2	5060.3	110205
5	"14:21:01"	995.0	0	3	20	0.569	545.8	32.35	0.04112	991	87.53	-506.05	77.03	27.74	0.10136	0.00047665	0	0	0	991	71.6	30.02	546.37	32.344	29.95	0	101.2	5060.5	110205
6	"14:21:03"	997.0	0	3	20	0.652	546.0	32.36	0.0471	991	87.51	-506.04	77.03	27.74	0.11536	0.0018558	0	0	0	991	71.6	30.02	546.65	32.341	29.95	0	101.2	5060.4	110205
7	"14:21:05"	999.0	0	3	20	0.644	546.2	32.36	0.04653	991	87.58	-506.05	77.09	27.75	0.11425	0.0013337	0	0	0	991	71.6	30.02	546.65	32.371	29.95	0	101.2	5060.5	110205
8	"14:21:07"	1001.0	0	3	20	0.48	546.5	32.36	0.03471	991	87.56	-506.04	77.09	27.75	0.08476	0.0018556	0	0	0	991	71.6	30.02	546.84	32.370	29.95	0	101.2	5060.4	110205
9	"14:21:09"	1003.0	0	3	20	0.522	546.6	32.37	0.03772	991	87.64	-506.03	77.15	27.75	0.091495	0.0030742	0	0	0	991	71.6	30.02	547.23	32.397	29.95	0	101.2	5060.3	110205
10	"14:21:11"	1005.0	0	3	20	0.531	546.8	32.38	0.03835	991	87.60	-506.02	77.15	27.76	0.092573	0.0039258	0	0	0	991	71.6	30.02	547.45	32.400	29.95	0	101.2	5060.2	110205
11	"14:21:13"	1007.0	0	3	20	0.61	547.0	32.38	0.04409	991	87.57	-506.04	77.12	27.76	0.1067	0.0040156	0	0	0	991	71.6	30.02	547.51	32.390	29.95	0	101.2	5060.4	110205
12	"14:21:15"	1009.0	0	3	20	0.608	547.2	32.39	0.04391	991	87.63	-506.03	77.15	27.75	0.10744	0.0019542	0	0	0	991	71.6	30.02	547.72	32.403	29.95	0	101.2	5060.3	110205
13	"14:21:17"	1011.0	0	3	20	0.48	547.4	32.39	0.03465	991	87.61	-506.04	77.14	27.76	0.084632	0.0017997	0	0	0	991	71.6	30.03	548.26	32.404	29.95	0	101.2	5060.4	110205
14	"14:21:19"	1013.0	0	3	20	0.576	547.6	32.39	0.04159	991	87.59	-506.05	77.11	27.76	0.10271	0.00014391	0	0	0	991	71.6	30.03	548.42	32.393	29.96	0	101.2	5060.5	110205
15	"14:21:21"	1015.0	0	3	20	0.552	547.8	32.40	0.03985	991	87.60	-506.04	77.13	27.76	0.097536	0.0017092	0	0	0	991	71.6	30.03	548.22	32.399	29.95	0	101.2	5060.4	110205
16	"14:21:23"	1017.0	0	3	20	0.64	548.0	32.40	0.04627	991	87.71	-506.03	77.21	27.75	0.11255	0.0031992	0	0	0	991	71.6	30.03	548.65	32.435	29.96	0	101.2	5060.3	110205
17	"14:21:25"	1019.0	0	3	20	0.562	548.2	32.41	0.04064	991	87.59	-506.04	77.11	27.76	0.098311	0.0037804	0	0	0	991	71.6	30.03	548.61	32.398	29.96	0	101.2	5060.4	110205
18	"14:21:27"	1021.0	0	3	20	0.406	548.4	32.41	0.02932	991	87.65	-506.04	77.20	27.77	0.070411	0.003644	0	0	0	991	71.6	30.03	549.13	32.438	29.96	0	101.2	5060.4	110205
19	"14:21:29"	1023.0	0	3	20	0.57	548.6	32.42	0.04121	991	87.64	-506.04	77.17	27.76	0.10052	0.0023605	0	0	0	991	71.6	30.03	548.91	32.424	29.96	0	101.2	5060.4	110205
20	"14:21:31"	1025.0	0	3	20	0.544	548.8	32.42	0.03932	991	87.69	-506.04	77.20	27.76	0.096711	0.0008581	0	0	0	991	71.6	30.03	549.01	32.442	29.96	0	101.2	5060.4	110205
21	"14:21:33"	1027.0	0	3	20	0.474	549.0	32.43	0.03424	991	87.72	-506.03	77.19	27.75	0.083649	0.0017431	0	0	0	991	71.6	30.03	549.31	32.438	29.96	0	101.2	5060.3	110205
22	"14:21:35"	1029.0	0	3	20	0.46	549.1	32.43	0.03326	991	87.73	-506.03	77.21	27.76	0.08083	0.0024466	0	0	0	991	71.6	30.03	549.58	32.450	29.96	0	101.2	5060.3	110205
23	"14:21:37"	1031.0	0	3	20	0.428	549.3	32.44	0.03091	991	87.70	-506.03	77.19	27.76	0.075217	0.0021103	0	0	0	991	71.6	30.04	550.05	32.444	29.96	0	101.2	5060.3	110205
24	"14:21:39"	1033.0	0	3	20	0.692	549.6	32.44	0.05003	991	87.71	-506.04	77.19	27.76	0.12223	0.0025257	0	0	0	991	71.6	30.04	550.04	32.446	29.97	0	101.2	5060.4	110205
25	"14:21:41"	1035.0	0	3	20	0.699	549.7	32.45	0.05053	991	87.74	-506.04	77.21	27.76	0.12412	0.0013785	0	0	0	991	71.6	30.04	549.99	32.456	29.97	0	101.2	5060.4	110205
26	"14:21:43"	1037.0	0	3	20	0.492	549.9	32.45	0.03553	991	87.77	-506.05	77.25	27.76	0.086418	0.0024777	0	0	0	991	71.6	30.04	550.48	32.472	29.97	0	101.2	5060.5	110205
27	"14:21:45"	1039.0	0	3	20	0.557	550.2	32.45	0.04025	991	87.78	-506.03	77.26	27.76	0.098568	0.0016457	0	0	0	991	71.6	30.04	550.60	32.479	29.97	0	101.2	5060.3	110205
28	"14:21:47"	1041.0	0	3	20	0.497	550.4	32.46	0.03591	991	87.78	-506.05	77.24	27.76	0.087193	0.0027773	0	0	0	991	71.6	30.04	550.91	32.470	29.97	0	101.2	5060.5	110205
29	"14:21:49"	1043.0	0	3	20	0.686	550.5	32.46	0.04954	991	87.84	-506.04	77.28	27.76	0.12076	0.002964	0	0	0	991	71.6	30.04	551.32	32.490	29.97	0	101.2	5060.4	110205
30	"14:21:51"	1045.0	0	3	20	0.722	550.8	32.47	0.05219	991	87.77	-506.04	77.25	27.77	0.12697	0.0035812	0	0	0	991	71.6	30.04	551.18	32.480	29.97	0	101.2	5060.4	110205
31	"14:21:53"	1047.0	0	3	20	0.466	551.0	32.48	0.03366	991	87.79	-506.03	77.26	27.77	0.081787	0.0025027	0	0	0	991	71.6	30.04	551.55	32.486	29.97	0	101.2	5060.3	110205
32	"14:21:55"	1049.0	0	3	20	0.473	551.2	32.48	0.03419	991	87.79	-506.04	77.27	27.77	0.082891	0.002841	0	0	0	991	71.6	30.05	551.40	32.492	29.97	0	101.2	5060.4	110205
33	"14:21:57"	1051.0	0	3	20	0.312	551.3	32.49	0.02256	991	87.85	-506.04	77.34	27.77	0.054341	0.0024896	0	0	0	991	71.6	30.05	551.46	32.523	29.97	0	101.2	5060.4	110205
34	"14:21:59"	1053.0	0	3	20	0.299	551.4	32.49	0.02161	991	87.79	-506.03	77.29	27.77	0.05248	0.0016368	0	0	0	991	71.6	30.05	551.84	32.501	29.97	0	101.2	5060.3	110205
35	"14:22:01"	1055.0	0	3	20	0.636	551.6	32.49	0.04595	991	87.77	-506.04	77.30	27.78	0.11272	0.0015081	0	0	0	991	71.6	30.05	552.67	32.510	29.98	0	101.2	5060.4	110205
36	"14:22:03"	1057.0	0	3	20	0.828	551.9	32.50	0.05985	991	87.75	-506.05	77.28	27.78	0.14708	0.0015411	0	0	0	991	71.6	30.05	552.41	32.506	29.98	0	101.2	5060.5	110205
37	"14:22:05"	1059.0	0	3	20	0.744	552.1	32.50	0.05375	991	87.79	-506.03	77.29	27.78	0.1321	0.0013382	0	0	0	991	71.6	30.05	552.35	32.510	29.98	0	101.2	5060.3	110205
38	"14:22:07"	1061.0	0	3	20	0.432	552.3	32.50	0.03121	991	87.80	-506.05	77.29	27.78	0.076675	0.00083929	0	0	0	991	71.6	30.05	552.65	32.514	29.98	0	101.2	5060.5	110205
39	"14:22:09"	1063.0	0	3	20	0.254	552.5	32.51	0.01835	991	87.88	-506.03	77.34	27.77	0.044133	0.0021598	0	0	0	991	71.6	30.05	552.89	32.536	29.98	0	101.2	5060.3	110205
40	"14:22:11"	1065.0	0	3	20	0.349	552.6	32.52	0.02519	991	87.88	-506.03	77.34	27.77	0.060519	0.0030592	0	0	0	991	71.6	30.05	553.13	32.535	29.98	0	101.2	5060.3	110205
41	"14:22:13"	1067.0	0	3	20	0.645	552.7	32.52	0.04662	991	87.98	-506.04	77.43	27.78	0.11194	0.005788	0	0	0	991	71.6	30.05	553.16	32.577	29.98	0	101.2	5060.4	110205
42	"14:22:15"	1069.0	0	3	20	0.704	553.0	32.53	0.05084	991	87.81	-506.03	77.30	27.78	0.12225	0.0060085	0	0	0	991	71.6	30.06	553.67	32.523	29.98	0	101.2	5060.3	110205
43	"14:22:17"	1071.0	0	3	20	0.598	553.2	32.54	0.04324	991	87.92	-506.04	77.40	27.79	0.1043	0.0045378	0	0	0	991	71.6	30.06	553.57	32.569	29.98	0	101.2	5060.4	110205
44	"14:22:19"	1073.0	0	3	20	0.586	553.4	32.55	0.04233	991	87.89	-506.03	77.40	27.79	0.10331	0.0023587	0	0	0	991	71.6	30.06	554.22	32.568	29.98	0	101.2	5060.3	110205
45	"14:22:21"	1075.0	0	3	20	0.745	553.7	32.56	0.05381	991	87.93	-506.03	77.42	27.79	0.13194	0.001884	0	0	0	991	71.6	30.06	554.15	32.582	29.99	0	101.2	5060.3	110205
46	"14:22:23"	1077.0	0	3	20	0.573	553.8	32.56	0.04139	991	87.75	-506.04	77.33	27.80	0.10198	0.00061655	0	0	0	991	71.6	30.06	554.41	32.543	29.99	0	101.2	5060.4	110205
47	"14:22:25"	1079.0	0	3	20	0.549	554.1	32.56	0.0397	991	87.77	-506.05	77.38	27.81	0.097815	0.0005855	0	0	0	991	71.6	30.06	554.45	32.567	29.99	0	101.2	5060.5	110205
48	"14:22:27"	1081.0	0	3	20	0.505	554.3	32.56	0.03647	991	87.77	-506.03	77.38	27.81	0.09013	6.1798E-05	0	0	0	991	71.6	30.06	554.96	32.571	29.99	0	101.2	5060.3	110205
49	"14:22:28"	1082.5	0	4	191	0.561	550.0	32.56	0.04054	991	87.80	-506.04	77.38	27.81	0.089961	0.0013732	-0.00024974	0.1779	0	991	71.6	30.06	555.11	32.569	29.99	0	101.2	5060.4	110205
50	"14:25:49"	1283.5	0	3	8	-0.0166	545.1	32.48	-0.001199	991	87.23	-506.04	76.71	27.88	-0.0057155	0.0048834	0	0	0	991	71.6	30.17	545.38	32.490	30.10	0	101.2	5060.4	110205
51	"14:25:51"	1285.5	0	3	12	0.35	545.2	32.48	0.02528	991	87.23	-506.03	76.73	27.88	0.060205	0.0041037	0	0	0	991	71.6	30.17	545.42	32.498	30.10	0	101.2	5060.3	110205
52	"14:25:53"	1287.5	0	3	16	0.477	545.3	32.49	0.03447	991	87.25	-506.03	76.73	27.88	0.082416	0.0050012	0	0	0	991	71.6	30.17	545.57	32.502	30.10	0	101.2	5060.3	110205
53	"14:25:55"	1289.5	0	3	20	0.446	545.3	32.49	0.03224	991	87.18	-506.04	76.73	27.89	0.077428	0.0040858	0	0	0	991	71.6	30.17	546.00	32.504	30.10	0	101.2	5060.4	110205
54	"14:25:57"	1291.5	0	3	20	0.688	545.5	32.50	0.04974	991	87.22	-506.04	76.78	27.90	0.1207	0.0041017	0	0	0	991	71.6	30.17	546.25	32.526	30.10	0	101.2	5060.4	110205
55	"14:25:59"	1293.5	0	3	20	0.677	545.8	32.51	0.04891	991	87.23	-506.05	76.80	27.90	0.11899	0.0034877	0	0	0	991	71.6	30.18	546.45	32.540	30.10	0	101.2	5060.5	110205
56	"14:26:01"	1295.5	0	3	20	0.698	546.0	32.52	0.05041	991	87.22	-506.04	76.76	27.90	0.1228	0.0032886	0	0	0	991	71.6	30.18	546.50	32.524	30.11	0	101.2	5060.4	110205
57	"14:26:03"	1297.5	0	3	20	0.686	546.2	32.52	0.04953	991	87.26	-506.03	76.80	27.90	0.12023	0.0039872	0	0	0	991	71.6	30.18	546.78	32.539	30.10	0	101.2	5060.3	110205
58	"14:26:05"	1299.5	0	3	20	0.478	546.5	32.53	0.03451	991	87.25	-506.04	76.79	27.90	0.084075	0.0022676	0	0	0	991	71.6	30.18	546.87	32.538	30.11	0	101.2	5060.4	110205
59	"14:26:07"	1301.5	0	3	20	0.433	546.6	32.53	0.03132	991	87.22	-506.04	76.79	27.91	0.075821	0.0028895	0	0	0	991	71.6	30.18	547.03	32.540	30.11	0	101.2	5060.4	110205
60	"14:26:09"	1303.5	0	3	20	0.422	546.8	32.54	0.03049	991	87.24	-506.04	76.79	27.90	0.074429	0.0016991	0	0	0	991	71.6	30.18	547.48	32.544	30.11	0	101.2	5060.4	110205
61	"14:26:11"	1305.5	0	3	20	0.507	547.0	32.54	0.03663	991	87.30	-506.04	76.81	27.90	0.089841	0.0013167	0	0	0	991	71.6	30.18	547.76	32.556	30.11	0	101.2	5060.4	110205
62	"14:26:13"	1307.5	0	3	20	0.642	547.2	32.54	0.04637	991	87.36	-506.03	76.82	27.89	0.1132	0.0026084	0	0	0	991	71.6	30.18	547.69	32.561	30.11	0	101.2	5060.3	110205
63	"14:26:15"	1309.5	0	3	20	0.63	547.4	32.55	0.04554	991	87.42	-506.05	76.86	27.89	0.11046	0.0037994	0	0	0	991	71.6	30.18	547.74	32.586	30.11	0	101.2	5060.5	110205
64	"14:26:17"	1311.5	0	3	20	0.55	547.6	32.56	0.03975	991	87.39	-506.03	76.84	27.89	0.095416	0.0050925	0	0	0	991	71.6	30.19	548.08	32.574	30.11	0	101.2	5060.3	110205
65	"14:26:19"	1313.5	0	3	20	0.555	547.8	32.56	0.04009	991	87.43	-506.03	76.87	27.89	0.097113	0.003559	0	0	0	991	71.6	30.19	548.36	32.588	30.11	0	101.2	5060.3	110205
66	"14:26:21"	1315.5	0	3	20	0.53	548.0	32.57	0.03831	991	87.47	-506.05	76.88	27.89	0.09319	0.002743	0	0	0	991	71.6	30.19	548.40	32.598	30.12	0	101.2	5060.5	110205
67	"14:26:23"	1317.5	0	3	20	0.583	548.1	32.58	0.04212	991	87.41	-506.02	76.85	27.89	0.10319	0.0017142	0	0	0	991	71.6	30.19	548.65	32.585	30.12	0	101.2	5060.2	110205
68	"14:26:25"	1319.5	0	3	20	0.608	548.4	32.58	0.04395	991	87.42	-506.03	76.86	27.89	0.10735	0.002348	0	0	0	991	71.6	30.19	548.94	32.592	30.12	0	101.2	5060.3	110205
69	"14:26:27"	1321.5	0	3	20	0.647	548.6	32.59	0.04675	991	87.50	-506.03	76.90	27.89	0.11357	0.0035755	0	0	0	991	71.6	30.19	549.18	32.611	30.12	0	101.2	5060.3	110205
70	"14:26:29"	1323.5	0	3	20	0.658	548.8	32.60	0.04753	991	87.46	-506.02	76.88	27.89	0.11561	0.0034139	0	0	0	991	71.6	30.19	549.06	32.601	30.12	0	101.2	5060.2	110205
71	"14:26:31"	1325.5	0	3	20	0.612	549.0	32.60	0.04419	991	87.46	-506.02	76.88	27.89	0.10756	0.0030296	0	0	0	991	71.6	30.19	549.54	32.605	30.12	0	101.2	5060.2	110205
72	"14:26:33"	1327.5	0	3	20	0.478	549.2	32.61	0.03452	991	87.45	-506.02	76.90	27.90	0.083647	0.0030428	0	0	0	991	71.6	30.19	549.50	32.615	30.12	0	101.2	5060.2	110205
73	"14:26:35"	1329.5	0	3	20	0.409	549.3	32.62	0.02956	991	87.44	-506.03	76.90	27.90	0.071224	0.0033121	0	0	0	991	71.6	30.20	549.90	32.621	30.12	0	101.2	5060.3	110205
74	"14:26:37"	1331.5	0	3	20	0.583	549.5	32.62	0.04212	991	87.51	-506.04	76.99	27.91	0.10249	0.0029434	0	0	0	991	71.6	30.20	550.03	32.658	30.12	0	101.2	5060.4	110205
75	"14:26:39"	1333.5	0	3	20	0.579	549.7	32.63	0.04185	991	87.44	-506.04	76.92	27.91	0.10076	0.0047951	0	0	0	991	71.6	30.20	549.94	32.635	30.13	0	101.2	5060.4	110205
76	"14:26:41"	1335.5	0	3	20	0.572	549.9	32.63	0.04134	991	87.46	-506.03	76.92	27.91	0.10077	0.0025882	0	0	0	991	71.6	30.20	550.43	32.637	30.13	0	101.2	5060.3	110205
77	"14:26:43"	1337.5	0	3	20	0.611	550.1	32.64	0.04412	991	87.48	-506.03	76.96	27.91	0.10768	0.0025179	0	0	0	991	71.6	30.20	550.78	32.652	30.13	0	101.2	5060.3	110205
78	"14:26:45"	1339.5	0	3	20	0.573	550.3	32.65	0.0414	991	87.47	-506.03	76.94	27.91	0.10072	0.0029201	0	0	0	991	71.6	30.20	550.92	32.647	30.13	0	101.2	5060.3	110205
79	"14:26:47"	1341.5	0	3	20	0.696	550.5	32.65	0.05028	991	87.48	-506.04	76.97	27.92	0.12321	0.0019927	0	0	0	991	71.6	30.20	551.14	32.662	30.13	0	101.2	5060.4	110205
80	"14:26:49"	1343.5	0	3	20	0.711	550.8	32.66	0.05135	991	87.55	-506.04	77.01	27.91	0.12491	0.0036741	0	0	0	991	71.6	30.20	551.27	32.679	30.13	0	101.2	5060.4	110205
81	"14:26:51"	1345.5	0	3	20	0.56	551.0	32.66	0.04049	991	87.55	-506.04	77.04	27.92	0.098239	0.0033155	0	0	0	991	71.6	30.21	551.13	32.696	30.13	0	101.2	5060.4	110205
82	"14:26:53"	1347.5	0	3	20	0.467	551.1	32.67	0.03372	991	87.54	-506.04	77.04	27.92	0.081007	0.0042021	0	0	0	991	71.6	30.21	551.61	32.696	30.13	0	101.2	5060.4	110205
83	"14:26:55"	1349.5	0	3	20	0.433	551.3	32.68	0.03128	991	87.55	-506.05	77.03	27.92	0.074543	0.0049657	0	0	0	991	71.6	30.21	552.07	32.698	30.14	0	101.2	5060.5	110205
84	"14:26:57"	1351.5	0	3	20	0.552	551.5	32.69	0.03988	991	87.53	-506.04	77.03	27.93	0.096669	0.0034593	0	0	0	991	71.6	30.21	552.09	32.696	30.14	0	101.2	5060.4	110205
85	"14:26:59"	1353.5	0	3	20	0.647	551.7	32.69	0.04678	991	87.56	-506.03	77.03	27.92	0.1149	0.0013822	0	0	0	991	71.6	30.21	552.17	32.698	30.14	0	101.2	5060.3	110205
86	"14:27:01"	1355.5	0	3	20	0.578	551.9	32.70	0.04173	991	87.62	-506.02	77.05	27.92	0.10269	0.00091889	0	0	0	991	71.6	30.21	552.47	32.712	30.14	0	101.2	5060.2	110205
87	"14:27:03"	1357.5	0	3	20	0.595	552.1	32.70	0.04297	991	87.60	-506.04	77.07	27.93	0.10514	0.0019734	0	0	0	991	71.6	30.21	552.78	32.720	30.14	0	101.2	5060.4	110205
88	"14:27:05"	1359.5	0	3	20	0.492	552.3	32.70	0.03552	991	87.59	-506.04	77.04	27.92	0.086419	0.0025112	0	0	0	991	71.6	30.21	552.65	32.709	30.14	0	101.2	5060.4	110205
89	"14:27:07"	1361.5	0	3	20	0.508	552.5	32.71	0.03667	991	87.67	-506.04	77.07	27.92	0.088655	0.003584	0	0	0	991	71.6	30.21	552.95	32.729	30.14	0	101.2	5060.4	110205
90	"14:27:09"	1363.5	0	3	20	0.536	552.7	32.72	0.03873	991	87.63	-506.03	77.06	27.92	0.094004	0.0031091	0	0	0	991	71.6	30.22	553.34	32.725	30.14	0	101.2	5060.3	110205
91	"14:27:11"	1365.5	0	3	20	0.474	552.9	32.72	0.03428	991	87.65	-506.04	77.09	27.93	0.082651	0.0037271	0	0	0	991	71.6	30.22	553.29	32.739	30.14	0	101.2	5060.4	110205
92	"14:27:13"	1367.5	0	3	20	0.556	553.0	32.73	0.0402	991	87.66	-506.04	77.08	27.92	0.09708	0.0040814	0	0	0	991	71.6	30.22	553.78	32.739	30.15	0	101.2	5060.4	110205
93	"14:27:15"	1369.5	0	3	20	0.637	553.3	32.74	0.046	991	87.66	-506.03	77.09	27.93	0.11158	0.003834	0	0	0	991	71.6	30.22	553.55	32.743	30.15	0	101.2	5060.3	110205
94	"14:27:17"	1371.5	0	3	20	0.487	553.4	32.74	0.03522	991	87.65	-506.04	77.10	27.93	0.085455	0.0028875	0	0	0	991	71.6	30.22	553.71	32.749	30.15	0	101.2	5060.4	110205
95	"14:27:19"	1373.5	0	3	20	0.467	553.6	32.75	0.03376	991	87.64	-506.03	77.09	27.93	0.082025	0.0025607	0	0	0	991	71.6	30.22	554.07	32.746	30.15	0	101.2	5060.3	110205
96	"14:27:21"	1375.5	0	3	20	0.532	553.8	32.75	0.03846	991	87.66	-506.03	77.13	27.94	0.094173	0.0016423	0	0	0	991	71.6	30.22	554.51	32.765	30.15	0	101.2	5060.3	110205
97	"14:27:23"	1377.5	0	3	20	0.533	554.0	32.76	0.03854	991	87.68	-506.04	77.15	27.94	0.094163	0.0020362	0	0	0	991	71.6	30.22	554.68	32.778	30.15	0	101.2	5060.4	110205
98	"14:27:25"	1379.5	0	3	20	0.752	554.2	32.76	0.0543	991	87.66	-506.03	77.14	27.94	0.13205	0.0039532	0	0	0	991	71.6	30.23	555.05	32.775	30.15	0	101.2	5060.3	110205
99	"14:27:26"	1380.0	0	4	193	0.552	550.0	32.76	0.0399	991	87.67	-506.03	77.13	27.94	0.13205	0.0039532	0.00027103	-0.10917	0	991	71.6	30.23	554.76	32.773	30.15	0	101.2	5060.3	110205
100	"14:30:51"	1585.0	0	3	8	-0.0235	544.9	32.91	-0.001695	991	87.60	-506.04	76.94	28.03	-0.0047157	0.00092643	0	0	0	991	71.6	30.35	545.17	32.919	30.27	0	101.1	5060.4	110205
101	"14:30:53"	1587.0	0	3	12	0.592	545.0	32.92	0.04278	991	87.62	-506.04	76.94	28.03	0.10435	0.0026754	0	0	0	991	71.6	30.35	545.58	32.923	30.28	0	101.1	5060.4	110205
102	"14:30:55"	1589.0	0	3	16	0.581	545.2	32.92	0.04198	991	87.67	-506.03	76.98	28.02	0.10203	0.0032571	0	0	0	991	71.6	30.35	545.82	32.940	30.28	0	101.1	5060.3	110205
103	"14:30:57"	1591.0	0	3	20	0.548	545.2	32.93	0.03957	991	87.62	-506.03	76.99	28.04	0.095539	0.0041941	0	0	0	991	71.6	30.36	545.61	32.952	30.28	0	101.1	5060.3	110205
104	"14:30:59"	1593.0	0	3	20	0.688	545.5	32.93	0.04973	991	87.66	-506.03	77.03	28.04	0.1206	0.004346	0	0	0	991	71.6	30.36	546.16	32.969	30.28	0	101.2	5060.3	110205
105	"14:31:01"	1595.0	0	3	20	0.606	545.7	32.94	0.04378	991	87.60	-506.03	77.01	28.05	0.10615	0.0038528	0	0	0	991	71.6	30.36	546.19	32.959	30.28	0	101.1	5060.3	110205
106	"14:31:03"	1597.0	0	3	20	0.671	545.9	32.95	0.04847	991	87.62	-506.03	77.00	28.05	0.11838	0.0027553	0	0	0	991	71.6	30.36	546.42	32.962	30.28	0	101.1	5060.3	110205
107	"14:31:05"	1599.0	0	3	20	0.631	546.1	32.95	0.04561	991	87.57	-506.03	76.97	28.05	0.11189	0.0017206	0	0	0	991	71.6	30.36	546.38	32.950	30.28	0	101.2	5060.3	110205
108	"14:31:07"	1601.0	0	3	20	0.5	546.3	32.96	0.0361	991	87.63	-506.03	77.03	28.05	0.088534	0.0014159	0	0	0	991	71.6	30.36	546.90	32.977	30.28	0	101.2	5060.3	110205
109	"14:31:09"	1603.0	0	3	20	0.525	546.5	32.96	0.03797	991	87.61	-506.03	77.03	28.06	0.092466	0.0026212	0	0	0	991	71.6	30.36	547.17	32.979	30.28	0	101.2	5060.3	110205
110	"14:31:11"	1605.0	0	3	20	0.578	546.7	32.97	0.04174	991	87.69	-506.03	77.07	28.05	0.10076	0.0044795	0	0	0	991	71.6	30.36	547.22	33.001	30.29	0	101.1	5060.3	110205
111	"14:31:13"	1607.0	0	3	20	0.605	546.9	32.98	0.04368	991	87.69	-506.03	77.05	28.05	0.10515	0.0052011	0	0	0	991	71.6	30.36	547.44	32.994	30.29	0	101.1	5060.3	110205
112	"14:31:15"	1609.0	0	3	20	0.628	547.1	32.99	0.0454	991	87.70	-506.02	77.09	28.06	0.10961	0.0048579	0	0	0	991	71.6	30.37	547.59	33.011	30.29	0	101.1	5060.2	110205
113	"14:31:17"	1611.0	0	3	20	0.527	547.3	32.99	0.0381	991	87.70	-506.04	77.07	28.05	0.092947	0.0023624	0	0	0	991	71.6	30.37	547.81	33.006	30.29	0	101.1	5060.4	110205
114	"14:31:19"	1613.0	0	3	20	0.531	547.5	33.00	0.03836	991	87.69	-506.03	77.09	28.06	0.093641	0.0022629	0	0	0	991	71.6	30.37	548.03	33.016	30.29	0	101.1	5060.3	110205
115	"14:31:21"	1615.0	0	3	20	0.473	547.6	33.00	0.03415	991	87.71	-506.02	77.10	28.06	0.083371	0.002026	0	0	0	991	71.6	30.37	548.26	33.021	30.29	0	101.1	5060.2	110205
116	"14:31:23"	1617.0	0	3	20	0.524	547.9	33.01	0.03788	991	87.76	-506.02	77.15	28.06	0.091364	0.0041956	0	0	0	991	71.6	30.37	548.37	33.048	30.29	0	101.1	5060.2	110205
117	"14:31:25"	1619.0	0	3	20	0.57	548.1	33.02	0.04115	991	87.73	-506.04	77.09	28.06	0.099411	0.0042567	0	0	0	991	71.6	30.37	548.41	33.024	30.29	0	101.1	5060.4	110205
118	"14:31:27"	1621.0	0	3	20	0.565	548.3	33.03	0.04081	991	87.75	-506.04	77.10	28.06	0.098813	0.0038229	0	0	0	991	71.6	30.37	548.72	33.034	30.30	0	101.1	5060.4	110205
119	"14:31:29"	1623.0	0	3	20	0.521	548.4	33.03	0.03764	991	87.75	-506.04	77.12	28.06	0.091608	0.0027291	0	0	0	991	71.6	30.38	549.00	33.042	30.30	0	101.1	5060.4	110205
120	"14:31:31"	1625.0	0	3	20	0.505	548.7	33.04	0.03652	991	87.77	-506.02	77.14	28.07	0.089455	0.0016249	0	0	0	991	71.6	30.38	549.36	33.055	30.30	0	101.1	5060.2	110205
121	"14:31:33"	1627.0	0	3	20	0.537	548.8	33.04	0.03881	991	87.77	-506.03	77.15	28.07	0.094696	0.002381	0	0	0	991	71.6	30.38	549.24	33.059	30.30	0	101.1	5060.3	110205
122	"14:31:35"	1629.0	0	3	20	0.486	549.0	33.05	0.03514	991	87.81	-506.03	77.15	28.06	0.085475	0.0025927	0	0	0	991	71.6	30.38	549.52	33.062	30.30	0	101.1	5060.3	110205
123	"14:31:37"	1631.0	0	3	20	0.464	549.2	33.05	0.03356	991	87.82	-506.03	77.17	28.06	0.081345	0.0029953	0	0	0	991	71.6	30.38	549.80	33.073	30.30	0	101.1	5060.3	110205
124	"14:31:39"	1633.0	0	3	20	0.48	549.4	33.06	0.03469	991	87.84	-506.02	77.17	28.06	0.083594	0.0039628	0	0	0	991	71.6	30.38	549.79	33.076	30.30	0	101.1	5060.2	110205
125	"14:31:41"	1635.0	0	3	20	0.6	549.6	33.07	0.04333	991	87.85	-506.02	77.18	28.06	0.10523	0.0035012	0	0	0	991	71.6	30.38	550.15	33.081	30.30	0	101.1	5060.2	110205
126	"14:31:43"	1637.0	0	3	20	0.631	549.8	33.07	0.0456	991	87.79	-506.04	77.12	28.06	0.11138	0.0025957	0	0	0	991	71.6	30.38	550.16	33.060	30.31	0	101.1	5060.4	110205
127	"14:31:45"	1639.0	0	3	20	0.498	550.0	33.08	0.03596	991	87.80	-506.04	77.13	28.07	0.088308	0.0012001	0	0	0	991	71.6	30.39	550.81	33.069	30.31	0	101.1	5060.4	110205
128	"14:31:47"	1641.0	0	3	20	0.548	550.2	33.08	0.03962	991	87.81	-506.04	77.20	28.08	0.097607	0.0007969	0	0	0	991	71.6	30.39	550.45	33.095	30.31	0	101.1	5060.4	110205
129	"14:31:49"	1643.0	0	3	20	0.482	550.4	33.09	0.03484	991	87.85	-506.02	77.21	28.07	0.084171	0.0036231	0	0	0	991	71.6	30.39	550.67	33.101	30.31	0	101.1	5060.2	110205
130	"14:31:51"	1645.0	0	3	20	0.437	550.5	33.09	0.03155	991	87.82	-506.03	77.20	28.08	0.074973	0.0054686	0	0	0	991	71.6	30.39	550.78	33.103	30.31	0	101.1	5060.3	110205
131	"14:31:53"	1647.0	0	3	20	0.509	550.7	33.10	0.0368	991	87.86	-506.03	77.24	28.08	0.087949	0.0054858	0	0	0	991	71.6	30.39	551.36	33.122	30.31	0	101.1	5060.3	110205
132	"14:31:55"	1649.0	0	3	20	0.467	550.9	33.11	0.03376	991	87.88	-506.04	77.25	28.08	0.081272	0.0040113	0	0	0	991	71.6	30.39	551.48	33.128	30.31	0	101.1	5060.4	110205
133	"14:31:57"	1651.0	0	3	20	0.595	551.0	33.11	0.04296	991	87.84	-506.03	77.24	28.09	0.10602	0.00049943	0	0	0	991	71.6	30.39	551.45	33.126	30.31	0	101.1	5060.3	110205
134	"14:31:59"	1653.0	0	3	20	0.594	551.2	33.12	0.0429	991	87.87	-506.02	77.26	28.09	0.10521	0.0016727	0	0	0	991	71.6	30.39	552.07	33.138	30.31	0	101.1	5060.2	110205
135	"14:32:01"	1655.0	0	3	20	0.528	551.5	33.12	0.03816	991	87.78	-506.04	77.26	28.11	0.092845	0.0028055	0	0	0	991	71.6	30.40	552.17	33.139	30.32	0	101.1	5060.4	110205
136	"14:32:03"	1657.0	0	3	20	0.562	551.7	33.13	0.04059	991	87.79	-506.03	77.27	28.11	0.098748	0.0029973	0	0	0	991	71.6	30.39	551.90	33.143	30.32	0	101.1	5060.3	110205
137	"14:32:05"	1659.0	0	3	20	0.539	551.8	33.13	0.03897	991	87.77	-506.04	77.24	28.11	0.094178	0.0039845	0	0	0	991	71.6	30.40	552.49	33.135	30.32	0	101.1	5060.4	110205
138	"14:32:07"	1661.0	0	3	20	0.624	552.1	33.14	0.0451	991	87.82	-506.03	77.26	28.10	0.1105	0.0019438	0	0	0	991	71.6	30.40	552.54	33.146	30.32	0	101.1	5060.3	110205
139	"14:32:09"	1663.0	0	3	20	0.587	552.3	33.14	0.04242	991	87.88	-506.02	77.31	28.10	0.10418	0.0014098	0	0	0	991	71.6	30.40	553.11	33.169	30.32	0	101.1	5060.2	110205
140	"14:32:11"	1665.0	0	3	20	0.625	552.5	33.15	0.04512	991	87.86	-506.03	77.32	28.11	0.11019	0.0025981	0	0	0	991	71.6	30.40	552.99	33.175	30.32	0	101.1	5060.3	110205
141	"14:32:13"	1667.0	0	3	20	0.638	552.7	33.16	0.04606	991	87.89	-506.03	77.29	28.10	0.11178	0.003902	0	0	0	991	71.6	30.40	553.07	33.169	30.32	0	101.1	5060.3	110205
142	"14:32:15"	1669.0	0	3	20	0.458	552.9	33.16	0.03309	991	87.89	-506.02	77.31	28.10	0.079553	0.0041015	0	0	0	991	71.6	30.40	553.24	33.172	30.32	0	101.1	5060.2	110205
143	"14:32:17"	1671.0	0	3	20	0.439	553.1	33.17	0.03173	991	87.87	-506.03	77.30	28.11	0.076864	0.0029084	0	0	0	991	71.6	30.41	553.59	33.174	30.33	0	101.1	5060.3	110205
144	"14:32:19"	1673.0	0	3	20	0.379	553.2	33.17	0.02735	991	87.89	-506.03	77.32	28.11	0.066762	0.0016274	0	0	0	991	71.6	30.40	553.69	33.191	30.33	0	101.1	5060.3	110205
145	"14:32:21"	1675.0	0	3	20	0.442	553.4	33.18	0.03195	991	87.85	-506.02	77.33	28.12	0.077444	0.0028435	0	0	0	991	71.6	30.41	553.93	33.189	30.33	0	101.1	5060.2	110205
146	"14:32:23"	1677.0	0	3	20	0.558	553.6	33.18	0.04035	991	87.87	-506.03	77.37	28.13	0.097417	0.0042865	0	0	0	991	71.6	30.41	554.00	33.213	30.33	0	101.1	5060.3	110205
147	"14:32:25"	1679.0	0	3	20	0.599	553.8	33.19	0.04328	991	87.89	-506.03	77.38	28.12	0.10412	0.0052696	0	0	0	991	71.6	30.41	554.14	33.214	30.33	0	101.1	5060.3	110205
148	"14:32:27"	1681.0	0	3	20	0.476	553.9	33.20	0.03436	991	87.90	-506.04	77.36	28.12	0.082647	0.0042009	0	0	0	991	71.6	30.41	554.41	33.211	30.33	0	101.1	5060.4	110205
149	"14:32:29"	1683.0	0	3	20	0.447	554.1	33.21	0.03229	991	87.96	-506.02	77.40	28.12	0.07832	0.0027858	0	0	0	991	71.6	30.41	554.99	33.227	30.33	0	101.1	5060.2	110205
150	"14:32:31"	1685.0	0	3	20	0.48	554.3	33.21	0.03471	991	87.97	-506.03	77.41	28.12	0.084391	0.0026713	0	0	0	991	71.6	30.41	554.85	33.234	30.33	0	101.1	5060.3	110205
151	"14:32:31"	1685.5	0	4	200	0.541	550.0	33.21	0.03912	991	88.00	-506.03	77.43	28.12	0.084391	0.0026713	-0.00035476	0.23424	0	991	71.6	30.41	554.67	33.245	30.33	0	101.1	5060.3	110205
152	"14:36:02"	1896.5	0	3	8	0.426	545.0	33.45	0.03079	991	87.69	-506.03	77.29	28.28	0.078676	-0.0043009	0	0	0	991	71.6	30.54	545.29	33.440	30.46	0	101.1	5060.3	110205
153	"14:36:04"	1898.5	0	3	12	0.526	545.1	33.45	0.038	991	87.77	-506.02	77.34	28.27	0.094592	-0.00086196	0	0	0	991	71.6	30.54	545.53	33.455	30.46	0	101.1	5060.2	110205
154	"14:36:06"	1900.5	0	3	16	0.524	545.2	33.45	0.03783	991	87.82	-506.02	77.37	28.27	0.092965	0.0012863	0	0	0	991	71.6	30.54	545.93	33.472	30.46	0	101.1	5060.2	110205
155	"14:36:08"	1902.5	0	3	20	0.461	545.3	33.46	0.03332	991	87.80	-506.03	77.36	28.27	0.080847	0.0029874	0	0	0	991	71.6	30.54	545.62	33.471	30.47	0	101.1	5060.3	110205
156	"14:36:10"	1904.5	0	3	20	0.457	545.5	33.46	0.03299	991	87.80	-506.01	77.37	28.27	0.079693	0.0035558	0	0	0	991	71.6	30.54	546.26	33.476	30.47	0	101.1	5060.1	110205
157	"14:36:12"	1906.5	0	3	20	0.593	545.7	33.47	0.04286	991	87.81	-506.04	77.38	28.28	0.10407	0.0036604	0	0	0	991	71.6	30.55	546.39	33.487	30.47	0	101.1	5060.4	110205
158	"14:36:14"	1908.5	0	3	20	0.696	545.9	33.48	0.05032	991	87.81	-506.02	77.38	28.28	0.12239	0.0039751	0	0	0	991	71.6	30.55	546.20	33.487	30.47	0	101.1	5060.2	110205
159	"14:36:16"	1910.5	0	3	20	0.637	546.1	33.48	0.04604	991	87.81	-506.03	77.38	28.28	0.11234	0.0029967	0	0	0	991	71.6	30.55	546.51	33.493	30.47	0	101.1	5060.3	110205
160	"14:36:18"	1912.5	0	3	20	0.559	546.3	33.49	0.04035	991	87.87	-506.02	77.41	28.28	0.098054	0.0033501	0	0	0	991	71.6	30.55	546.80	33.505	30.47	0	101.1	5060.2	110205
161	"14:36:20"	1914.5	0	3	20	0.387	546.5	33.49	0.02793	991	87.84	-506.03	77.40	28.28	0.067891	0.0022545	0	0	0	991	71.6	30.55	547.06	33.505	30.47	0	101.1	5060.3	110205
162	"14:36:22"	1916.5	0	3	20	0.43	546.7	33.50	0.03108	991	87.76	-506.02	77.45	28.31	0.075937	0.0018491	0	0	0	991	71.6	30.55	547.06	33.525	30.47	0	101.1	5060.2	110205
163	"14:36:24"	1918.5	0	3	20	0.477	546.8	33.50	0.03447	991	87.76	-506.03	77.42	28.30	0.083299	0.0036717	0	0	0	991	71.6	30.55	547.29	33.519	30.48	0	101.1	5060.3	110205
164	"14:36:26"	1920.5	0	3	20	0.439	547.0	33.51	0.03172	991	87.75	-506.02	77.41	28.30	0.076736	0.0032372	0	0	0	991	71.6	30.55	547.47	33.515	30.48	0	101.1	5060.2	110205
165	"14:36:28"	1922.5	0	3	20	0.525	547.2	33.51	0.03791	991	87.79	-506.02	77.43	28.30	0.092606	0.0022851	0	0	0	991	71.6	30.55	547.66	33.528	30.48	0	101.1	5060.2	110205
166	"14:36:30"	1924.5	0	3	20	0.52	547.3	33.52	0.03755	991	87.79	-506.02	77.43	28.30	0.091691	0.0023304	0	0	0	991	71.6	30.56	547.67	33.527	30.48	0	101.1	5060.2	110205
167	"14:36:32"	1926.5	0	3	20	0.527	547.5	33.52	0.03808	991	87.86	-506.02	77.46	28.30	0.093216	0.0019422	0	0	0	991	71.6	30.56	547.99	33.546	30.48	0	101.1	5060.2	110205
168	"14:36:34"	1928.5	0	3	20	0.388	547.6	33.53	0.028	991	87.76	-506.02	77.45	28.31	0.067539	0.0032042	0	0	0	991	71.6	30.56	548.15	33.539	30.48	0	101.1	5060.2	110205
169	"14:36:36"	1930.5	0	3	20	0.467	547.8	33.54	0.03374	991	87.81	-506.01	77.50	28.32	0.081054	0.0044714	0	0	0	991	71.6	30.56	548.54	33.564	30.48	0	101.1	5060.1	110205
170	"14:36:38"	1932.5	0	3	20	0.717	548.1	33.54	0.05181	991	87.85	-506.02	77.48	28.31	0.12606	0.004019	0	0	0	991	71.6	30.56	548.65	33.560	30.49	0	101.1	5060.2	110205
171	"14:36:40"	1934.5	0	3	20	0.799	548.3	33.55	0.05772	991	87.87	-506.02	77.48	28.31	0.1406	0.0041683	0	0	0	991	71.6	30.56	548.75	33.566	30.49	0	101.1	5060.2	110205
172	"14:36:42"	1936.5	0	3	20	0.589	548.4	33.56	0.04257	991	87.89	-506.04	77.51	28.31	0.10385	0.0028147	0	0	0	991	71.6	30.56	548.88	33.582	30.49	0	101.1	5060.4	110205
173	"14:36:44"	1938.5	0	3	20	0.448	548.7	33.57	0.03234	991	87.95	-506.02	77.54	28.31	0.078468	0.0028921	0	0	0	991	71.6	30.56	548.98	33.595	30.49	0	101.1	5060.2	110205
174	"14:36:46"	1940.5	0	3	20	0.386	548.9	33.57	0.02788	991	87.93	-506.03	77.55	28.31	0.066405	0.0046627	0	0	0	991	71.6	30.57	549.43	33.601	30.49	0	101.1	5060.3	110205
175	"14:36:48"	1942.5	0	3	20	0.611	549.0	33.58	0.04413	991	87.85	-506.02	77.49	28.32	0.10683	0.0043582	0	0	0	991	71.6	30.57	549.61	33.581	30.49	0	101.1	5060.2	110205
176	"14:36:50"	1944.5	0	3	20	0.731	549.2	33.59	0.05281	991	87.91	-506.02	77.55	28.32	0.12914	0.0029737	0	0	0	991	71.6	30.57	549.70	33.607	30.49	0	101.1	5060.2	110205
177	"14:36:52"	1946.5	0	3	20	0.523	549.4	33.60	0.03782	991	87.91	-506.04	77.56	28.33	0.092523	0.0020494	0	0	0	991	71.6	30.57	549.90	33.617	30.50	0	101.1	5060.4	110205
178	"14:36:54"	1948.5	0	3	20	0.53	549.6	33.60	0.03831	991	87.95	-506.03	77.57	28.32	0.093208	0.0029503	0	0	0	991	71.6	30.57	550.33	33.624	30.50	0	101.1	5060.3	110205
179	"14:36:56"	1950.5	0	3	20	0.525	549.9	33.61	0.03792	991	88.01	-506.02	77.59	28.31	0.091227	0.0047591	0	0	0	991	71.6	30.57	550.46	33.632	30.50	0	101.1	5060.2	110205
180	"14:36:58"	1952.5	0	3	20	0.579	550.0	33.62	0.04181	991	88.04	-506.03	77.61	28.31	0.10086	0.0047434	0	0	0	991	71.6	30.58	550.54	33.646	30.50	0	101.1	5060.3	110205
181	"14:37:00"	1954.5	0	3	20	0.627	550.2	33.63	0.04531	991	88.07	-506.03	77.63	28.31	0.11017	0.0036346	0	0	0	991	71.6	30.58	550.91	33.655	30.50	0	101.1	5060.3	110205
182	"14:37:02"	1956.5	0	3	20	0.528	550.4	33.64	0.03816	991	87.97	-506.03	77.61	28.33	0.092406	0.0037201	0	0	0	991	71.6	30.58	550.47	33.646	30.50	0	101.1	5060.3	110205
183	"14:37:04"	1958.5	0	3	20	0.366	550.6	33.64	0.02647	991	87.98	-506.04	77.63	28.33	0.063967	0.0028188	0	0	0	991	71.6	30.58	550.94	33.662	30.50	0	101.1	5060.4	110205
184	"14:37:06"	1960.5	0	3	20	0.405	550.7	33.65	0.0293	991	87.99	-506.03	77.62	28.33	0.070866	0.002987	0	0	0	991	71.6	30.58	551.33	33.657	30.50	0	101.1	5060.3	110205
185	"14:37:08"	1962.5	0	3	20	0.45	550.9	33.65	0.03249	991	87.97	-506.02	77.61	28.33	0.079606	0.0015257	0	0	0	991	71.6	30.58	551.29	33.657	30.51	0	101.1	5060.2	110205
186	"14:37:10"	1964.5	0	3	20	0.511	551.1	33.66	0.03693	991	87.99	-506.02	77.60	28.33	0.090658	0.0014552	0	0	0	991	71.6	30.58	551.59	33.652	30.51	0	101.1	5060.2	110205
187	"14:37:12"	1966.5	0	3	20	0.581	551.2	33.66	0.04195	991	88.10	-506.02	77.67	28.32	0.10263	0.0022658	0	0	0	991	71.6	30.58	551.64	33.686	30.51	0	101.1	5060.2	110205
188	"14:37:14"	1968.5	0	3	20	0.564	551.5	33.67	0.04073	991	88.08	-506.03	77.64	28.32	0.099199	0.0029448	0	0	0	991	71.6	30.59	552.22	33.680	30.51	0	101.1	5060.3	110205
189	"14:37:16"	1970.5	0	3	20	0.618	551.7	33.67	0.04469	991	88.07	-506.02	77.67	28.33	0.10916	0.0026886	0	0	0	991	71.6	30.58	552.16	33.690	30.51	0	101.1	5060.2	110205
190	"14:37:18"	1972.5	0	3	20	0.631	551.9	33.68	0.04558	991	88.04	-506.04	77.66	28.34	0.11123	0.0029669	0	0	0	991	71.6	30.59	552.35	33.691	30.51	0	101.1	5060.4	110205
191	"14:37:20"	1974.5	0	3	20	0.573	552.1	33.68	0.04141	991	88.04	-506.02	77.66	28.34	0.10026	0.004068	0	0	0	991	71.6	30.59	552.67	33.694	30.52	0	101.1	5060.2	110205
192	"14:37:22"	1976.5	0	3	20	0.525	552.3	33.69	0.03793	991	88.11	-506.02	77.70	28.34	0.09223	0.0030319	0	0	0	991	71.6	30.59	552.75	33.716	30.52	0	101.1	5060.2	110205
193	"14:37:24"	1978.5	0	3	20	0.512	552.5	33.70	0.037	991	88.12	-506.03	77.70	28.33	0.089214	0.0042652	0	0	0	991	71.6	30.59	552.83	33.713	30.52	0	101.1	5060.3	110205
194	"14:37:26"	1980.5	0	3	20	0.509	552.6	33.70	0.03675	991	88.08	-506.03	77.68	28.34	0.089607	0.0025049	0	0	0	991	71.6	30.59	553.20	33.713	30.52	0	101.1	5060.3	110205
195	"14:37:28"	1982.5	0	3	20	0.599	552.9	33.71	0.04326	991	88.16	-506.03	77.75	28.34	0.10542	0.0030482	0	0	0	991	71.6	30.59	553.47	33.741	30.52	0	101.1	5060.3	110205
196	"14:37:30"	1984.5	0	3	20	0.678	553.1	33.72	0.04901	991	88.16	-506.02	77.70	28.33	0.11911	0.004008	0	0	0	991	71.6	30.59	553.84	33.723	30.52	0	101.1	5060.2	110205
197	"14:37:32"	1986.5	0	3	20	0.61	553.3	33.72	0.04408	991	88.16	-506.04	77.72	28.34	0.10782	0.0024121	0	0	0	991	71.6	30.60	553.80	33.740	30.52	0	101.1	5060.4	110205
198	"14:37:34"	1988.5	0	3	20	0.578	553.5	33.73	0.04178	991	88.10	-506.04	77.72	28.35	0.10205	0.0025235	0	0	0	991	71.6	30.60	554.16	33.739	30.53	0	101.1	5060.4	110205
199	"14:37:36"	1990.5	0	3	20	0.51	553.7	33.74	0.03688	991	88.15	-506.02	77.74	28.35	0.089604	0.0030663	0	0	0	991	71.6	30.60	553.87	33.748	30.53	0	101.1	5060.2	110205
200	"14:37:38"	1992.5	0	3	20	0.278	553.8	33.74	0.02009	991	88.10	-506.03	77.73	28.35	0.04833	0.0024958	0	0	0	991	71.6	30.60	554.25	33.745	30.53	0	101.1	5060.3	110205
201	"14:37:40"	1994.5	0	3	20	0.401	553.9	33.74	0.02899	991	88.14	-506.03	77.75	28.35	0.0698	0.0034956	0	0	0	991	71.6	30.60	554.64	33.759	30.53	0	101.1	5060.3	110205
202	"14:37:42"	1996.5	0	4	200	0.532	550.0	33.75	0.03846	991	88.17	-506.03	77.80	28.36	0.080677	0.0027612	-3.7501E-05	0.059085	0	991	71.6	30.60	554.64	33.783	30.53	0	101.1	5060.3	110205
203	"14:41:32"	2226.5	0	3	8	0.793	545.2	34.04	0.05728	991	87.99	-506.02	77.64	28.53	0.13594	0.01071	0	0	0	991	71.6	30.78	545.36	34.053	30.70	0	101.1	5060.2	110205
204	"14:41:34"	2228.5	0	3	12	0.306	545.2	34.04	0.0221	991	87.98	-506.02	77.59	28.52	0.052726	0.003644	0	0	0	991	71.6	30.78	545.32	34.037	30.71	0	101.1	5060.2	110205
205	"14:41:36"	2230.5	0	3	16	0.222	545.2	34.04	0.01603	991	88.00	-506.03	77.64	28.53	0.038729	0.00178	0	0	0	991	71.6	30.78	545.36	34.060	30.71	0	101.1	5060.3	110205
206	"14:41:38"	2232.5	0	3	20	0.306	545.3	34.05	0.02212	991	87.99	-506.02	77.65	28.54	0.053255	0.0027952	0	0	0	991	71.6	30.78	545.78	34.066	30.71	0	101.1	5060.2	110205
207	"14:41:40"	2234.5	0	3	20	0.363	545.5	34.05	0.02626	991	87.99	-506.03	77.67	28.54	0.064054	0.0018405	0	0	0	991	71.6	30.78	546.35	34.079	30.71	0	101.1	5060.3	110205
208	"14:41:42"	2236.5	0	3	20	0.64	545.6	34.06	0.04624	991	88.01	-506.02	77.70	28.55	0.11208	0.0045083	0	0	0	991	71.6	30.78	546.23	34.095	30.71	0	101.1	5060.2	110205
209	"14:41:44"	2238.5	0	3	20	0.683	545.8	34.07	0.04935	991	87.98	-506.02	77.66	28.55	0.1191	0.0057364	0	0	0	991	71.6	30.78	546.57	34.081	30.71	0	101.1	5060.2	110205
210	"14:41:46"	2240.5	0	3	20	0.659	546.1	34.08	0.04765	991	88.01	-506.02	77.68	28.54	0.11575	0.0041872	0	0	0	991	71.6	30.78	546.77	34.088	30.71	0	101.1	5060.2	110205
211	"14:41:48"	2242.5	0	3	20	0.609	546.3	34.09	0.044	991	87.99	-506.03	77.67	28.55	0.10716	0.0033797	0	0	0	991	71.6	30.79	547.07	34.091	30.71	0	101.1	5060.3	110205
212	"14:41:50"	2244.5	0	3	20	0.477	546.5	34.09	0.0345	991	88.05	-506.02	77.73	28.55	0.084477	0.0018412	0	0	0	991	71.6	30.79	546.85	34.116	30.72	0	101.1	5060.2	110205
213	"14:41:52"	2246.5	0	3	20	0.431	546.6	34.10	0.03111	991	88.02	-506.03	77.69	28.55	0.075695	0.0025105	0	0	0	991	71.6	30.79	547.18	34.104	30.72	0	101.1	5060.3	110205
214	"14:41:54"	2248.5	0	3	20	0.454	546.9	34.10	0.03283	991	88.03	-506.01	77.73	28.56	0.080596	0.0013793	0	0	0	991	71.6	30.79	547.49	34.118	30.72	0	101.1	5060.1	110205
215	"14:41:56"	2250.5	0	3	20	0.609	547.1	34.10	0.04398	991	88.03	-506.02	77.72	28.56	0.10755	0.0025994	0	0	0	991	71.6	30.79	547.65	34.121	30.72	0	101.1	5060.2	110205
216	"14:41:58"	2252.5	0	3	20	0.619	547.2	34.11	0.04475	991	88.09	-506.01	77.75	28.55	0.10932	0.0028782	0	0	0	991	71.6	30.79	547.40	34.132	30.72	0	101.1	5060.1	110205
217	"14:42:00"	2254.5	0	3	20	0.49	547.4	34.12	0.03538	991	88.09	-506.01	77.78	28.56	0.085786	0.0034005	0	0	0	991	71.6	30.79	547.90	34.147	30.72	0	101.1	5060.1	110205
218	"14:42:02"	2256.5	0	3	20	0.419	547.6	34.12	0.03031	991	88.09	-506.03	77.75	28.56	0.072363	0.0048922	0	0	0	991	71.6	30.79	548.09	34.143	30.72	0	101.1	5060.3	110205
219	"14:42:04"	2258.5	0	3	20	0.403	547.8	34.13	0.02912	991	88.07	-506.00	77.75	28.56	0.070428	0.0031069	0	0	0	991	71.6	30.80	548.13	34.139	30.72	0	101.1	5060.0	110205
220	"14:42:06"	2260.5	0	3	20	0.463	547.9	34.14	0.03343	991	88.09	-506.02	77.77	28.56	0.08193	0.0016543	0	0	0	991	71.6	30.80	548.48	34.154	30.73	0	101.1	5060.2	110205
221	"14:42:08"	2262.5	0	3	20	0.595	548.1	34.14	0.04301	991	88.10	-506.01	77.76	28.56	0.10596	0.0011566	0	0	0	991	71.6	30.80	548.72	34.153	30.73	0	101.1	5060.1	110205
222	"14:42:10"	2264.5	0	3	20	0.567	548.3	34.15	0.04096	991	88.13	-506.02	77.77	28.56	0.10043	0.0019758	0	0	0	991	71.6	30.80	549.03	34.158	30.73	0	101.1	5060.2	110205
223	"14:42:12"	2266.5	0	3	20	0.665	548.5	34.15	0.04802	991	88.15	-506.03	77.79	28.56	0.11721	0.003238	0	0	0	991	71.6	30.80	548.90	34.167	30.73	0	101.1	5060.3	110205
224	"14:42:14"	2268.5	0	3	20	0.629	548.7	34.15	0.04548	991	88.11	-506.02	77.76	28.56	0.11065	0.0036898	0	0	0	991	71.6	30.80	549.27	34.160	30.73	0	101.1	5060.2	110205
225	"14:42:16"	2270.5	0	3	20	0.558	549.0	34.16	0.04031	991	88.20	-506.01	77.84	28.56	0.098419	0.0026894	0	0	0	991	71.6	30.80	549.65	34.194	30.73	0	101.1	5060.1	110205
226	"14:42:18"	2272.5	0	3	20	0.614	549.2	34.17	0.04433	991	88.13	-506.01	77.82	28.57	0.10785	0.0036218	0	0	0	991	71.6	30.81	549.82	34.189	30.73	0	101.1	5060.1	110205
227	"14:42:20"	2274.5	0	3	20	0.737	549.5	34.18	0.05326	991	88.09	-506.02	77.81	28.58	0.12973	0.0040518	0	0	0	991	71.6	30.81	549.93	34.189	30.74	0	101.1	5060.2	110205
228	"14:42:22"	2276.5	0	3	20	0.619	549.6	34.18	0.04473	991	88.14	-506.02	77.84	28.58	0.1087	0.0038501	0	0	0	991	71.6	30.81	550.09	34.208	30.74	0	101.1	5060.2	110205
229	"14:42:24"	2278.5	0	3	20	0.453	549.8	34.19	0.03271	991	88.18	-506.01	77.85	28.57	0.078411	0.0047069	0	0	0	991	71.6	30.81	550.08	34.211	30.74	0	101.1	5060.1	110205
230	"14:42:26"	2280.5	0	3	20	0.408	550.0	34.20	0.02951	991	88.23	-506.02	77.86	28.57	0.071603	0.0027216	0	0	0	991	71.6	30.81	550.70	34.222	30.74	0	101.1	5060.2	110205
231	"14:42:28"	2282.5	0	3	20	0.455	550.2	34.21	0.03284	991	88.22	-506.01	77.82	28.57	0.079377	0.0035969	0	0	0	991	71.6	30.81	550.61	34.211	30.74	0	101.1	5060.1	110205
232	"14:42:30"	2284.5	0	3	20	0.54	550.3	34.21	0.03899	991	88.24	-506.02	77.87	28.57	0.095355	0.0023187	0	0	0	991	71.6	30.82	550.85	34.232	30.74	0	101.1	5060.2	110205
233	"14:42:32"	2286.5	0	3	20	0.511	550.5	34.22	0.03689	991	88.25	-506.03	77.88	28.58	0.090239	0.0021209	0	0	0	991	71.6	30.82	550.80	34.246	30.75	0	101.1	5060.3	110205
234	"14:42:34"	2288.5	0	3	20	0.458	550.7	34.22	0.03309	991	88.24	-506.02	77.89	28.58	0.079531	0.0043867	0	0	0	991	71.6	30.82	551.29	34.248	30.75	0	101.1	5060.2	110205
235	"14:42:36"	2290.5	0	3	20	0.478	550.9	34.23	0.03452	991	88.22	-506.02	77.88	28.58	0.083425	0.0038017	0	0	0	991	71.6	30.82	551.29	34.244	30.75	0	101.1	5060.2	110205
236	"14:42:38"	2292.5	0	3	20	0.461	551.0	34.24	0.03329	991	88.28	-506.03	77.92	28.58	0.080021	0.0044047	0	0	0	991	71.6	30.82	551.42	34.268	30.75	0	101.1	5060.3	110205
237	"14:42:40"	2294.5	0	3	20	0.523	551.2	34.25	0.0378	991	88.22	-506.03	77.89	28.59	0.092373	0.0023398	0	0	0	991	71.6	30.83	551.83	34.258	30.75	0	101.1	5060.3	110205
238	"14:42:42"	2296.5	0	3	20	0.652	551.4	34.25	0.04714	991	88.19	-506.02	77.92	28.60	0.11587	0.0017838	0	0	0	991	71.6	30.83	551.97	34.275	30.75	0	101.1	5060.2	110205
239	"14:42:44"	2298.5	0	3	20	0.612	551.6	34.26	0.04422	991	88.17	-506.01	77.90	28.61	0.10833	0.0022968	0	0	0	991	71.6	30.83	552.11	34.273	30.76	0	101.1	5060.1	110205
240	"14:42:46"	2300.5	0	3	20	0.631	551.8	34.26	0.04558	991	88.12	-506.03	77.90	28.62	0.11154	0.0025806	0	0	0	991	71.6	30.83	552.18	34.273	30.76	0	101.1	5060.3	110205
241	"14:42:48"	2302.5	0	3	20	0.46	552.0	34.27	0.03326	991	88.12	-506.02	77.91	28.62	0.080931	0.0026974	0	0	0	991	71.6	30.83	552.55	34.276	30.76	0	101.1	5060.2	110205
242	"14:42:50"	2304.5	0	3	20	0.434	552.2	34.27	0.03133	991	88.13	-506.01	77.91	28.62	0.076126	0.0027345	0	0	0	991	71.6	30.83	552.82	34.282	30.76	0	101.1	5060.1	110205
243	"14:42:52"	2306.5	0	3	20	0.485	552.4	34.28	0.03507	991	88.17	-506.02	77.94	28.62	0.085689	0.0022109	0	0	0	991	71.6	30.83	553.07	34.300	30.76	0	101.1	5060.2	110205
244	"14:42:54"	2308.5	0	3	20	0.526	552.5	34.28	0.03799	991	88.17	-506.02	77.92	28.62	0.092679	0.0026713	0	0	0	991	71.6	30.84	553.06	34.294	30.76	0	101.1	5060.2	110205
245	"14:42:56"	2310.5	0	3	20	0.645	552.8	34.29	0.04663	991	88.28	-506.04	77.96	28.61	0.11352	0.0036826	0	0	0	991	71.6	30.84	553.71	34.319	30.77	0	101.1	5060.4	110205
246	"14:42:58"	2312.5	0	3	20	0.759	553.0	34.30	0.0548	991	88.27	-506.02	77.94	28.60	0.13332	0.0044692	0	0	0	991	71.6	30.84	553.73	34.307	30.77	0	101.1	5060.2	110205
247	"14:43:00"	2314.5	0	3	20	0.685	553.2	34.31	0.04947	991	88.39	-506.02	78.03	28.60	0.11979	0.004998	0	0	0	991	71.6	30.84	553.50	34.352	30.77	0	101.1	5060.2	110205
248	"14:43:02"	2316.5	0	3	20	0.416	553.4	34.31	0.03009	991	88.32	-506.03	77.96	28.60	0.072437	0.0037798	0	0	0	991	71.6	30.84	553.92	34.325	30.77	0	101.1	5060.3	110205
249	"14:43:04"	2318.5	0	3	20	0.306	553.6	34.32	0.02213	991	88.38	-506.01	78.01	28.60	0.053511	0.0023698	0	0	0	991	71.6	30.84	553.97	34.348	30.77	0	101.1	5060.1	110205
250	"14:43:06"	2320.5	0	3	20	0.357	553.8	34.33	0.02577	991	88.37	-506.03	77.99	28.61	0.062018	0.003295	0	0	0	991	71.6	30.85	554.11	34.348	30.77	0	101.1	5060.3	110205
251	"14:43:08"	2322.5	0	3	20	0.45	553.9	34.34	0.03253	991	88.42	-506.00	78.03	28.60	0.078462	0.0038351	0	0	0	991	71.6	30.85	554.54	34.368	30.78	0	101.1	5060.0	110205
252	"14:43:10"	2324.5	0	3	20	0.667	554.1	34.34	0.04817	991	88.35	-506.02	77.99	28.61	0.11722	0.0038465	0	0	0	991	71.6	30.85	554.74	34.353	30.78	0	101.1	5060.2	110205
253	"14:43:12"	2326.5	0	4	200	0.535	550.0	34.35	0.03866	991	88.40	-506.02	78.03	28.61	0.10498	0.0040323	0.00032032	-0.13752	0	991	71.6	30.85	554.86	34.374	30.78	0	101.1	5060.2	110205
