"OPEN 5.3.2"
"Sat Jun  1 2019 15:38:28"
"Unit="	"PSC-895"
"ComputeList="	"/User/Configs/Comps/Soil Efflux Eqns.LPL"
"BLCTable="	"/Sys/Lib/StdBLCTable"
"LightSource="	"Sun+Sky"	1	0.19
"LogFormat="	"/User/Configs/LogFormats/Soil Efflux Log Fmt"
"LogCodes="	-35	-21	-36	-104	310	311	320	302	303	306	304	321	322	323	324	300	301	330	331	305	307	308	-8	-2	-5	-9	-13	-11	-61	-23
"PromptList="	"/User/Configs/Prompts/Soil Efflux Prompts"
"Stability= (CO2S 15s SLP<1)(H2OS 15s SLP<1)(Flow 15s SLP<1)"
"15:38:29 "
$STARTOFDATA$
"Obs"	"HHMMSS"	"FTime"	"Plot#"	"Mode"	"Smpls"	"EFFLUX"	"C2avg"	"Wavg"	"dc'/dt"	"Vtot"	"RHcmbr%"	"Tsoil_C"	"RHirga%"	"Tsch_C"	"dC/dt"	"dW/dt"	"R(C)m"	"R(C)b"	"InsDpth"	"Vbase"	"Area"	"TBlk"	"CO2S"	"H2OS"	"Tair"	"PARo"	"Press"	"uc_21_mV"	"Status"
1	"16:02:07"	1430.5	0	3	8	0.35	642.1	28.24	0.0253	991	82.17	-506.07	65.25	26.46	0.06046	0.002991	0	0	0	991	71.6	31.23	642.18	28.245	30.43	0	100.9	5060.7	110205
2	"16:02:09"	1432.5	0	3	12	0.458	642.2	28.24	0.03306	991	82.11	-506.07	65.22	26.47	0.080242	0.0020459	0	0	0	991	71.6	31.23	642.29	28.229	30.43	0	100.9	5060.7	110205
3	"16:02:11"	1434.5	0	3	16	0.295	642.3	28.24	0.02133	991	82.16	-506.07	65.25	26.46	0.052206	0.00065709	0	0	0	991	71.6	31.23	642.61	28.243	30.43	0	100.9	5060.7	110205
4	"16:02:13"	1436.5	0	3	20	0.356	642.3	28.24	0.02569	991	82.15	-506.07	65.25	26.47	0.063032	0.00056852	0	0	0	991	71.6	31.23	642.74	28.243	30.43	0	100.9	5060.7	110205
5	"16:02:15"	1438.5	0	3	20	0.391	642.5	28.24	0.02826	991	82.11	-506.06	65.22	26.47	0.069557	0.00027953	0	0	0	991	71.6	31.23	642.97	28.228	30.43	0	100.9	5060.6	110205
6	"16:02:17"	1440.5	0	3	20	0.435	642.6	28.24	0.03143	991	82.10	-506.07	65.23	26.47	0.078214	-0.00097626	0	0	0	991	71.6	31.23	642.77	28.234	30.43	0	100.9	5060.7	110205
7	"16:02:19"	1442.5	0	3	20	0.507	642.8	28.24	0.03661	991	82.15	-506.05	65.24	26.47	0.089912	0.00065846	0	0	0	991	71.6	31.23	643.22	28.242	30.43	0	100.9	5060.5	110205
8	"16:02:21"	1444.5	0	3	20	0.355	642.9	28.24	0.02564	991	82.16	-506.07	65.24	26.46	0.063021	0.00036826	0	0	0	991	71.6	31.23	643.07	28.243	30.43	0	100.9	5060.7	110205
9	"16:02:23"	1446.5	0	3	20	0.303	643.0	28.24	0.02187	991	82.21	-506.08	65.28	26.46	0.053517	0.00067883	0	0	0	991	71.6	31.23	643.26	28.256	30.43	0	100.9	5060.8	110205
10	"16:02:25"	1448.5	0	3	20	0.301	643.2	28.24	0.02174	991	82.18	-506.06	65.25	26.46	0.052348	0.0019701	0	0	0	991	71.6	31.23	643.56	28.245	30.43	0	100.9	5060.6	110205
11	"16:02:27"	1450.5	0	3	20	0.441	643.3	28.25	0.03186	991	82.23	-506.09	65.27	26.46	0.078207	0.00062893	0	0	0	991	71.6	31.23	643.56	28.255	30.43	0	100.9	5060.9	110205
12	"16:02:29"	1452.5	0	3	20	0.548	643.5	28.25	0.03957	991	82.24	-506.07	65.26	26.45	0.096108	0.002322	0	0	0	991	71.6	31.23	643.94	28.249	30.43	0	100.9	5060.7	110205
13	"16:02:31"	1454.5	0	3	20	0.491	643.6	28.25	0.0355	991	82.21	-506.06	65.26	26.46	0.086955	0.0009932	0	0	0	991	71.6	31.23	643.99	28.248	30.43	0	100.9	5060.6	110205
14	"16:02:33"	1456.5	0	3	20	0.403	643.8	28.25	0.02914	991	82.26	-506.07	65.29	26.46	0.072025	-0.00015712	0	0	0	991	71.6	31.23	644.08	28.262	30.43	0	100.9	5060.7	110205
15	"16:02:35"	1458.5	0	3	20	0.322	643.9	28.25	0.02325	991	82.28	-506.07	65.33	26.46	0.057068	0.00044625	0	0	0	991	71.6	31.23	644.17	28.276	30.43	0	100.9	5060.7	110205
16	"16:02:37"	1460.5	0	3	20	0.352	644.0	28.26	0.02541	991	82.22	-506.06	65.32	26.47	0.062123	0.00086887	0	0	0	991	71.6	31.23	644.56	28.271	30.43	0	100.9	5060.6	110205
17	"16:02:39"	1462.5	0	3	20	0.404	644.2	28.26	0.02917	991	82.20	-506.06	65.28	26.46	0.07062	0.0020418	0	0	0	991	71.6	31.23	644.67	28.254	30.43	0	100.9	5060.6	110205
18	"16:02:41"	1464.5	0	3	20	0.553	644.4	28.26	0.03993	991	82.27	-506.06	65.31	26.46	0.097385	0.0017352	0	0	0	991	71.6	31.23	644.80	28.267	30.43	0	100.9	5060.6	110205
19	"16:02:43"	1466.5	0	3	20	0.565	644.5	28.27	0.0408	991	82.31	-506.06	65.31	26.45	0.10011	0.00085754	0	0	0	991	71.6	31.23	644.87	28.268	30.43	0	100.9	5060.6	110205
20	"16:02:45"	1468.5	0	3	20	0.443	644.7	28.27	0.03202	991	82.31	-506.06	65.34	26.46	0.078752	0.00038259	0	0	0	991	71.6	31.23	645.01	28.281	30.43	0	100.9	5060.6	110205
21	"16:02:47"	1470.5	0	3	20	0.404	644.9	28.27	0.02916	991	82.34	-506.07	65.34	26.45	0.071725	0.00033635	0	0	0	991	71.6	31.23	645.19	28.283	30.43	0	100.9	5060.7	110205
22	"16:02:49"	1472.5	0	3	20	0.298	645.0	28.27	0.02155	991	82.27	-506.06	65.31	26.46	0.052418	0.0011577	0	0	0	991	71.6	31.23	645.05	28.267	30.43	0	100.9	5060.6	110205
23	"16:02:51"	1474.5	0	3	20	0.289	645.1	28.27	0.02086	991	82.28	-506.06	65.33	26.46	0.051138	0.00052032	0	0	0	991	71.6	31.23	645.50	28.279	30.43	0	100.9	5060.6	110205
24	"16:02:53"	1476.5	0	3	20	0.405	645.2	28.27	0.02923	991	82.23	-506.07	65.31	26.47	0.071587	0.00083029	0	0	0	991	71.6	31.23	645.66	28.269	30.43	0	100.9	5060.7	110205
25	"16:02:55"	1478.5	0	3	20	0.388	645.4	28.27	0.02801	991	82.31	-506.08	65.34	26.46	0.06905	0.00012408	0	0	0	991	71.6	31.23	645.66	28.283	30.43	0	100.9	5060.8	110205
26	"16:02:57"	1480.5	0	3	20	0.43	645.5	28.28	0.03105	991	82.35	-506.08	65.36	26.45	0.076288	0.00049404	0	0	0	991	71.6	31.23	645.89	28.292	30.43	0	100.9	5060.8	110205
27	"16:02:59"	1482.5	0	3	20	0.41	645.6	28.28	0.02966	991	82.39	-506.06	65.37	26.45	0.071943	0.0018647	0	0	0	991	71.6	31.23	646.05	28.295	30.43	0	100.9	5060.6	110205
28	"16:03:01"	1484.5	0	3	20	0.33	645.8	28.28	0.02382	991	82.35	-506.06	65.33	26.45	0.057586	0.0017904	0	0	0	991	71.6	31.23	646.13	28.279	30.43	0	100.9	5060.6	110205
29	"16:03:03"	1486.5	0	3	20	0.318	645.9	28.28	0.02297	991	82.37	-506.06	65.34	26.45	0.055495	0.0018025	0	0	0	991	71.6	31.23	645.84	28.287	30.43	0	100.9	5060.6	110205
30	"16:03:05"	1488.5	0	3	20	0.317	646.0	28.29	0.02294	991	82.32	-506.06	65.34	26.46	0.056284	0.0004695	0	0	0	991	71.6	31.23	646.19	28.284	30.43	0	100.9	5060.6	110205
31	"16:03:07"	1490.5	0	3	20	0.365	646.1	28.29	0.0264	991	82.31	-506.06	65.34	26.46	0.065316	-0.00024432	0	0	0	991	71.6	31.23	646.80	28.284	30.43	0	100.9	5060.6	110205
32	"16:03:09"	1492.5	0	3	20	0.535	646.3	28.29	0.03869	991	82.38	-506.07	65.36	26.45	0.095792	-0.00049519	0	0	0	991	71.6	31.23	646.67	28.295	30.43	0	100.9	5060.7	110205
33	"16:03:11"	1494.5	0	3	20	0.537	646.4	28.29	0.03882	991	82.33	-506.05	65.34	26.45	0.095544	0.00036451	0	0	0	991	71.6	31.23	646.90	28.283	30.43	0	100.9	5060.5	110205
34	"16:03:13"	1496.5	0	3	20	0.557	646.6	28.29	0.04023	991	82.31	-506.06	65.34	26.46	0.099185	0.0001338	0	0	0	991	71.6	31.23	647.18	28.283	30.43	0	100.9	5060.6	110205
35	"16:03:15"	1498.5	0	3	20	0.401	646.8	28.29	0.02895	991	82.32	-506.05	65.35	26.46	0.071062	0.0005833	0	0	0	991	71.6	31.23	647.34	28.288	30.43	0	100.9	5060.5	110205
36	"16:03:17"	1500.5	0	3	20	0.355	647.0	28.29	0.02562	991	82.35	-506.08	65.36	26.46	0.062857	0.00053968	0	0	0	991	71.6	31.23	647.40	28.295	30.43	0	100.9	5060.8	110205
37	"16:03:19"	1502.5	0	3	20	0.465	647.1	28.29	0.03357	991	82.40	-506.06	65.38	26.45	0.08251	0.00047593	0	0	0	991	71.6	31.23	647.59	28.305	30.43	0	100.9	5060.6	110205
38	"16:03:21"	1504.5	0	3	20	0.414	647.2	28.29	0.0299	991	82.41	-506.06	65.40	26.46	0.072234	0.0023172	0	0	0	991	71.6	31.23	647.48	28.314	30.43	0	100.9	5060.6	110205
39	"16:03:23"	1506.5	0	3	20	0.369	647.4	28.30	0.02668	991	82.40	-506.05	65.40	26.45	0.063882	0.0029507	0	0	0	991	71.6	31.23	647.65	28.311	30.43	0	100.9	5060.5	110205
40	"16:03:25"	1508.5	0	3	20	0.258	647.5	28.30	0.01862	991	82.36	-506.06	65.38	26.46	0.043902	0.0030905	0	0	0	991	71.6	31.23	647.82	28.303	30.43	0	100.9	5060.6	110205
41	"16:03:27"	1510.5	0	3	20	0.296	647.6	28.31	0.02136	991	82.38	-506.07	65.41	26.46	0.05219	0.00079719	0	0	0	991	71.6	31.23	648.05	28.316	30.43	0	100.9	5060.7	110205
42	"16:03:29"	1512.5	0	3	20	0.326	647.7	28.31	0.02357	991	82.40	-506.06	65.42	26.46	0.057634	0.00079083	0	0	0	991	71.6	31.23	648.03	28.316	30.43	0	100.9	5060.6	110205
43	"16:03:31"	1514.5	0	3	20	0.373	647.8	28.31	0.02696	991	82.48	-506.07	65.44	26.45	0.06581	0.001082	0	0	0	991	71.6	31.23	648.24	28.329	30.43	0	100.9	5060.7	110205
44	"16:03:33"	1516.5	0	3	20	0.327	648.0	28.31	0.0236	991	82.47	-506.06	65.43	26.45	0.057261	0.0014732	0	0	0	991	71.6	31.23	648.38	28.323	30.43	0	100.9	5060.6	110205
45	"16:03:35"	1518.5	0	3	20	0.375	648.1	28.31	0.02709	991	82.43	-506.07	65.41	26.45	0.066149	0.0010708	0	0	0	991	71.6	31.23	648.58	28.316	30.43	0	100.9	5060.7	110205
46	"16:03:37"	1520.5	0	3	20	0.446	648.3	28.32	0.03219	991	82.40	-506.05	65.40	26.45	0.079647	-0.00031203	0	0	0	991	71.6	31.23	648.61	28.311	30.43	0	100.9	5060.5	110205
47	"16:03:39"	1522.5	0	3	20	0.494	648.4	28.32	0.03571	991	82.44	-506.06	65.42	26.45	0.088103	2.8427E-05	0	0	0	991	71.6	31.23	648.69	28.316	30.43	0	100.9	5060.6	110205
48	"16:03:41"	1524.5	0	3	20	0.473	648.6	28.32	0.03418	991	82.46	-506.07	65.44	26.45	0.084117	0.00035904	0	0	0	991	71.6	31.23	648.67	28.325	30.43	0	100.9	5060.7	110205
49	"16:03:43"	1526.5	0	3	20	0.294	648.7	28.32	0.02124	991	82.43	-506.06	65.41	26.45	0.052209	0.00031345	0	0	0	991	71.6	31.23	649.25	28.313	30.43	0	100.9	5060.6	110205
50	"16:03:45"	1528.5	0	3	20	0.349	648.9	28.32	0.02518	991	82.45	-506.05	65.44	26.45	0.062626	-0.00072527	0	0	0	991	71.6	31.23	649.26	28.322	30.43	0	100.9	5060.5	110205
51	"16:03:47"	1530.5	0	3	20	0.335	649.0	28.32	0.02421	991	82.51	-506.06	65.46	26.45	0.059294	0.00065662	0	0	0	991	71.6	31.23	649.28	28.336	30.43	0	100.9	5060.6	110205
52	"16:03:48"	1531.0	0	4	200	0.393	650.0	28.32	0.02837	991	82.50	-506.07	65.46	26.45	0.059294	0.00065662	-8.3704E-05	0.082779	0	991	71.6	31.23	649.32	28.335	30.43	0	100.9	5060.7	110205
53	"16:10:45"	1948.5	0	3	8	0.181	642.2	28.43	0.01306	991	83.17	-506.06	65.73	26.36	0.031465	0.0011307	0	0	0	991	71.6	31.23	642.22	28.417	30.41	0	100.9	5060.6	110205
54	"16:10:47"	1950.5	0	3	12	0.226	642.2	28.42	0.01633	991	83.19	-506.06	65.72	26.35	0.040568	-0.00042264	0	0	0	991	71.6	31.23	642.24	28.415	30.41	0	100.9	5060.6	110205
55	"16:10:49"	1952.5	0	3	16	0.232	642.3	28.42	0.01675	991	83.18	-506.07	65.74	26.36	0.041751	-0.00062782	0	0	0	991	71.6	31.23	642.61	28.423	30.41	0	100.9	5060.7	110205
56	"16:10:51"	1954.5	0	3	20	0.327	642.3	28.42	0.02362	991	83.14	-506.07	65.71	26.36	0.058943	-0.0010041	0	0	0	991	71.6	31.23	642.93	28.412	30.41	0	100.9	5060.7	110205
57	"16:10:53"	1956.5	0	3	20	0.482	642.5	28.42	0.03484	991	83.21	-506.06	65.74	26.36	0.086605	-0.00099627	0	0	0	991	71.6	31.23	642.83	28.427	30.41	0	100.9	5060.6	110205
58	"16:10:55"	1958.5	0	3	20	0.564	642.7	28.42	0.04074	991	83.23	-506.06	65.77	26.36	0.10026	0.00038993	0	0	0	991	71.6	31.23	643.31	28.437	30.41	0	100.9	5060.6	110205
59	"16:10:57"	1960.5	0	3	20	0.597	642.8	28.42	0.04313	991	83.17	-506.05	65.75	26.37	0.10513	0.0019411	0	0	0	991	71.6	31.23	643.07	28.428	30.41	0	100.9	5060.5	110205
60	"16:10:59"	1962.5	0	3	20	0.373	643.0	28.42	0.02692	991	83.12	-506.06	65.71	26.37	0.065236	0.0017794	0	0	0	991	71.6	31.23	643.25	28.408	30.41	0	100.9	5060.6	110205
61	"16:11:01"	1964.5	0	3	20	0.279	643.1	28.43	0.02014	991	83.24	-506.06	65.78	26.36	0.048772	0.0013704	0	0	0	991	71.6	31.23	643.33	28.441	30.41	0	100.9	5060.6	110205
62	"16:11:03"	1966.5	0	3	20	0.327	643.3	28.43	0.02359	991	83.26	-506.06	65.79	26.36	0.058106	0.00014861	0	0	0	991	71.6	31.23	643.68	28.444	30.41	0	100.9	5060.6	110205
63	"16:11:05"	1968.5	0	3	20	0.358	643.4	28.43	0.02587	991	83.24	-506.08	65.78	26.36	0.063456	0.00054815	0	0	0	991	71.6	31.23	643.96	28.440	30.41	0	100.9	5060.8	110205
64	"16:11:07"	1970.5	0	3	20	0.466	643.5	28.43	0.03369	991	83.22	-506.07	65.78	26.36	0.081895	0.0018449	0	0	0	991	71.6	31.23	643.87	28.443	30.41	0	100.9	5060.7	110205
65	"16:11:09"	1972.5	0	3	20	0.395	643.6	28.43	0.02857	991	83.18	-506.07	65.76	26.37	0.069649	0.0012673	0	0	0	991	71.6	31.23	644.17	28.434	30.41	0	100.9	5060.7	110205
66	"16:11:11"	1974.5	0	3	20	0.327	643.8	28.44	0.02361	991	83.15	-506.06	65.76	26.37	0.057852	0.00060963	0	0	0	991	71.6	31.23	644.26	28.433	30.41	0	100.9	5060.6	110205
67	"16:11:13"	1976.5	0	3	20	0.44	643.9	28.44	0.03179	991	83.21	-506.05	65.76	26.36	0.078998	-0.00085455	0	0	0	991	71.6	31.23	644.32	28.434	30.41	0	100.9	5060.5	110205
68	"16:11:15"	1978.5	0	3	20	0.452	644.1	28.44	0.03269	991	83.23	-506.06	65.78	26.36	0.081291	-0.00097992	0	0	0	991	71.6	31.23	644.28	28.441	30.41	0	100.9	5060.6	110205
69	"16:11:17"	1980.5	0	3	20	0.474	644.2	28.44	0.03426	991	83.25	-506.07	65.79	26.36	0.084206	0.0004675	0	0	0	991	71.6	31.23	644.95	28.450	30.41	0	100.9	5060.7	110205
70	"16:11:19"	1982.5	0	3	20	0.444	644.4	28.44	0.03209	991	83.30	-506.06	65.82	26.36	0.077797	0.0020875	0	0	0	991	71.6	31.23	644.60	28.460	30.41	0	100.9	5060.6	110205
71	"16:11:21"	1984.5	0	3	20	0.351	644.6	28.44	0.02537	991	83.25	-506.07	65.79	26.36	0.060695	0.0028616	0	0	0	991	71.6	31.23	644.69	28.447	30.41	0	100.9	5060.7	110205
72	"16:11:23"	1986.5	0	3	20	0.389	644.7	28.44	0.02808	991	83.16	-506.07	65.71	26.36	0.06904	0.00034372	0	0	0	991	71.6	31.23	645.18	28.412	30.41	0	100.9	5060.7	110205
73	"16:11:25"	1988.5	0	3	20	0.495	644.9	28.44	0.03576	991	83.19	-506.06	65.75	26.36	0.08999	-0.0026604	0	0	0	991	71.6	31.23	645.31	28.427	30.41	0	100.9	5060.6	110205
74	"16:11:27"	1990.5	0	3	20	0.447	645.0	28.44	0.03232	991	83.30	-506.06	65.85	26.37	0.080926	-0.0017918	0	0	0	991	71.6	31.23	645.22	28.471	30.41	0	100.9	5060.6	110205
75	"16:11:29"	1992.5	0	3	20	0.321	645.1	28.44	0.02319	991	83.27	-506.07	65.83	26.36	0.056114	0.0016599	0	0	0	991	71.6	31.23	645.39	28.460	30.41	0	100.9	5060.7	110205
76	"16:11:31"	1994.5	0	3	20	0.313	645.3	28.45	0.02262	991	83.18	-506.05	65.77	26.37	0.052896	0.0043872	0	0	0	991	71.6	31.23	645.45	28.433	30.41	0	100.9	5060.5	110205
77	"16:11:33"	1996.5	0	3	20	0.272	645.4	28.45	0.01962	991	83.23	-506.07	65.79	26.36	0.047485	0.0013799	0	0	0	991	71.6	31.23	645.84	28.438	30.41	0	100.9	5060.7	110205
78	"16:11:35"	1998.5	0	3	20	0.508	645.5	28.45	0.0367	991	83.29	-506.07	65.83	26.36	0.091974	-0.0021451	0	0	0	991	71.6	31.23	646.00	28.457	30.41	0	100.9	5060.7	110205
79	"16:11:37"	2000.5	0	3	20	0.549	645.7	28.45	0.03968	991	83.33	-506.07	65.86	26.36	0.099637	-0.0026192	0	0	0	991	71.6	31.23	646.03	28.467	30.41	0	100.9	5060.7	110205
80	"16:11:39"	2002.5	0	3	20	0.398	645.9	28.45	0.02873	991	83.28	-506.05	65.81	26.36	0.070698	0.00028419	0	0	0	991	71.6	31.23	646.13	28.447	30.40	0	100.9	5060.5	110205
81	"16:11:41"	2004.5	0	3	20	0.405	646.0	28.45	0.02926	991	83.40	-506.07	65.89	26.35	0.070135	0.0030783	0	0	0	991	71.6	31.23	646.70	28.481	30.40	0	100.9	5060.7	110205
82	"16:11:43"	2006.5	0	3	20	0.468	646.2	28.45	0.03383	991	83.37	-506.06	65.85	26.35	0.081793	0.0025099	0	0	0	991	71.6	31.23	646.64	28.467	30.41	0	100.9	5060.6	110205
83	"16:11:45"	2008.5	0	3	20	0.453	646.3	28.46	0.03275	991	83.37	-506.06	65.81	26.34	0.079892	0.0013402	0	0	0	991	71.6	31.23	646.54	28.446	30.40	0	100.9	5060.6	110205
84	"16:11:47"	2010.5	0	3	20	0.35	646.4	28.46	0.02527	991	83.35	-506.06	65.84	26.35	0.062964	-0.00092276	0	0	0	991	71.6	31.23	646.67	28.458	30.40	0	100.9	5060.6	110205
85	"16:11:49"	2012.5	0	3	20	0.346	646.6	28.46	0.02497	991	83.34	-506.07	65.86	26.36	0.061567	5.496E-05	0	0	0	991	71.6	31.23	646.83	28.467	30.40	0	100.9	5060.7	110205
86	"16:11:51"	2014.5	0	3	20	0.238	646.7	28.46	0.01721	991	83.30	-506.07	65.83	26.36	0.042698	-0.00034741	0	0	0	991	71.6	31.23	647.22	28.457	30.41	0	100.9	5060.7	110205
87	"16:11:53"	2016.5	0	3	20	0.432	646.8	28.46	0.03124	991	83.33	-506.06	65.84	26.35	0.076612	0.00070465	0	0	0	991	71.6	31.23	647.25	28.457	30.41	0	100.9	5060.6	110205
88	"16:11:55"	2018.5	0	3	20	0.552	647.0	28.46	0.03986	991	83.40	-506.06	65.87	26.35	0.097486	0.0012679	0	0	0	991	71.6	31.23	647.66	28.471	30.40	0	100.9	5060.6	110205
89	"16:11:57"	2020.5	0	3	20	0.45	647.2	28.46	0.03249	991	83.30	-506.07	65.81	26.35	0.080719	-0.00085506	0	0	0	991	71.6	31.23	647.25	28.444	30.40	0	100.9	5060.7	110205
90	"16:11:59"	2022.5	0	3	20	0.393	647.3	28.46	0.02837	991	83.29	-506.05	65.83	26.36	0.070515	-0.00078995	0	0	0	991	71.6	31.23	647.50	28.454	30.40	0	100.9	5060.5	110205
91	"16:12:01"	2024.5	0	3	20	0.299	647.4	28.46	0.02159	991	83.37	-506.07	65.88	26.35	0.053484	-0.00032024	0	0	0	991	71.6	31.23	647.86	28.473	30.40	0	100.9	5060.7	110205
92	"16:12:03"	2026.5	0	3	20	0.346	647.6	28.46	0.02502	991	83.38	-506.07	65.86	26.35	0.060965	0.0011276	0	0	0	991	71.6	31.23	647.71	28.468	30.40	0	100.9	5060.7	110205
93	"16:12:05"	2028.5	0	3	20	0.47	647.7	28.46	0.03396	991	83.34	-506.07	65.83	26.35	0.082507	0.0019012	0	0	0	991	71.6	31.23	648.26	28.457	30.41	0	100.9	5060.7	110205
94	"16:12:07"	2030.5	0	3	20	0.532	647.9	28.47	0.03842	991	83.38	-506.06	65.86	26.35	0.093232	0.0023227	0	0	0	991	71.6	31.23	648.36	28.467	30.40	0	100.9	5060.6	110205
95	"16:12:09"	2032.5	0	3	20	0.428	648.0	28.47	0.03092	991	83.45	-506.06	65.89	26.34	0.075009	0.0018971	0	0	0	991	71.6	31.23	648.45	28.484	30.41	0	100.9	5060.6	110205
96	"16:12:11"	2034.5	0	3	20	0.381	648.2	28.47	0.02753	991	83.41	-506.07	65.88	26.35	0.067204	0.0010806	0	0	0	991	71.6	31.23	648.37	28.479	30.41	0	100.9	5060.7	110205
97	"16:12:13"	2036.5	0	3	20	0.358	648.3	28.48	0.02583	991	83.41	-506.07	65.88	26.35	0.063064	0.0010018	0	0	0	991	71.6	31.23	648.34	28.479	30.41	0	100.9	5060.7	110205
98	"16:12:15"	2038.5	0	3	20	0.259	648.4	28.48	0.01874	991	83.42	-506.05	65.89	26.35	0.045266	0.0014503	0	0	0	991	71.6	31.23	648.71	28.481	30.40	0	100.9	5060.5	110205
99	"16:12:17"	2040.5	0	3	20	0.363	648.5	28.48	0.02626	991	83.44	-506.06	65.90	26.35	0.06423	0.00081777	0	0	0	991	71.6	31.23	648.99	28.489	30.41	0	100.9	5060.6	110205
100	"16:12:19"	2042.5	0	3	20	0.365	648.7	28.48	0.02639	991	83.42	-506.07	65.89	26.35	0.064347	0.0011161	0	0	0	991	71.6	31.23	649.14	28.481	30.41	0	100.9	5060.7	110205
101	"16:12:21"	2044.5	0	3	20	0.486	648.8	28.48	0.03512	991	83.38	-506.07	65.87	26.35	0.085826	0.0012145	0	0	0	991	71.6	31.23	649.25	28.471	30.40	0	100.9	5060.7	110205
102	"16:12:23"	2046.5	0	3	20	0.518	649.0	28.48	0.03741	991	83.41	-506.07	65.90	26.35	0.092608	-0.000467	0	0	0	991	71.6	31.23	649.49	28.484	30.40	0	100.9	5060.7	110205
103	"16:12:25"	2048.5	0	4	200	0.427	650.0	28.49	0.03084	991	83.43	-506.06	65.93	26.35	0.08216	0.00016917	0.00046316	-0.27021	0	991	71.6	31.23	649.48	28.495	30.40	0	100.9	5060.6	110205
