"OPEN 5.3.2"
"Thr May 30 2019 17:13:45"
"Unit="	"PSC-895"
"ComputeList="	"/User/Configs/Comps/Soil Efflux Eqns.LPL"
"BLCTable="	"/Sys/Lib/StdBLCTable"
"LightSource="	"Sun+Sky"	1	0.19
"LogFormat="	"/User/Configs/LogFormats/Soil Efflux Log Fmt"
"LogCodes="	-35	-21	-36	-104	310	311	320	302	303	306	304	321	322	323	324	300	301	330	331	305	307	308	-8	-2	-5	-9	-13	-11	-61	-23
"PromptList="	"/User/Configs/Prompts/Soil Efflux Prompts"
"Stability= (CO2S 15s SLP<1)(H2OS 15s SLP<1)(Flow 15s SLP<1)"
"17:13:46 "
$STARTOFDATA$
"Obs"	"HHMMSS"	"FTime"	"Plot#"	"Mode"	"Smpls"	"EFFLUX"	"C2avg"	"Wavg"	"dc'/dt"	"Vtot"	"RHcmbr%"	"Tsoil_C"	"RHirga%"	"Tsch_C"	"dC/dt"	"dW/dt"	"R(C)m"	"R(C)b"	"InsDpth"	"Vbase"	"Area"	"TBlk"	"CO2S"	"H2OS"	"Tair"	"PARo"	"Press"	"uc_21_mV"	"Status"
1	"17:17:25"	231.0	0	3	8	0.403	495.1	31.93	0.02913	991	70.91	-506.00	62.50	31.17	0.068152	0.0093359	0	0	0	991	71.6	33.47	495.29	31.973	33.40	0	101	5060.0	110205
2	"17:17:27"	233.0	0	3	12	0.473	495.2	31.95	0.03415	991	71.02	-506.00	62.59	31.17	0.07703	0.016558	0	0	0	991	71.6	33.47	495.66	32.020	33.40	0	101	5060.0	110205
3	"17:17:29"	235.0	0	3	16	0.579	495.3	31.97	0.04185	991	71.10	-505.98	62.65	31.16	0.096102	0.01693	0	0	0	991	71.6	33.47	495.63	32.051	33.40	0	101	5059.8	110205
4	"17:17:31"	237.0	0	3	20	0.572	495.4	31.99	0.04129	991	71.08	-505.99	62.66	31.17	0.094423	0.017493	0	0	0	991	71.6	33.47	495.99	32.055	33.40	0	101	5059.9	110205
5	"17:17:33"	239.0	0	3	20	0.567	495.6	32.02	0.04097	991	71.18	-506.00	62.77	31.18	0.093947	0.016824	0	0	0	991	71.6	33.47	496.02	32.113	33.40	0	101	5060.0	110205
6	"17:17:35"	241.0	0	3	20	0.536	495.8	32.06	0.03875	991	71.26	-506.00	62.86	31.18	0.088826	0.015999	0	0	0	991	71.6	33.48	496.23	32.157	33.40	0	101	5060.0	110205
7	"17:17:37"	243.0	0	3	20	0.515	496.0	32.09	0.03722	991	71.30	-505.98	62.90	31.18	0.084535	0.016882	0	0	0	991	71.6	33.47	496.42	32.178	33.40	0	101	5059.8	110205
8	"17:17:39"	245.0	0	3	20	0.501	496.1	32.13	0.03618	991	71.43	-505.99	62.98	31.17	0.081479	0.017763	0	0	0	991	71.6	33.47	496.57	32.220	33.40	0	101	5059.9	110205
9	"17:17:41"	247.0	0	3	20	0.59	496.3	32.16	0.0426	991	71.44	-505.99	63.04	31.19	0.096759	0.019321	0	0	0	991	71.6	33.47	497.08	32.252	33.40	0	101	5059.9	110205
10	"17:17:43"	249.0	0	3	20	0.622	496.5	32.20	0.04496	991	71.49	-506.00	63.11	31.19	0.1032	0.018284	0	0	0	991	71.6	33.47	496.96	32.286	33.40	0	101	5060.0	110205
11	"17:17:45"	251.0	0	3	20	0.582	496.7	32.23	0.04207	991	71.56	-506.00	63.17	31.19	0.096372	0.017432	0	0	0	991	71.6	33.48	497.27	32.316	33.40	0	101	5060.0	110205
12	"17:17:47"	253.0	0	3	20	0.647	496.9	32.27	0.04675	991	71.66	-506.00	63.23	31.19	0.10808	0.017452	0	0	0	991	71.6	33.47	497.37	32.350	33.40	0	101	5060.0	110205
13	"17:17:49"	255.0	0	3	20	0.483	497.1	32.30	0.03491	991	71.83	-505.99	63.34	31.18	0.078263	0.017787	0	0	0	991	71.6	33.47	497.67	32.407	33.40	0	101	5059.9	110205
14	"17:17:51"	257.0	0	3	20	0.531	497.3	32.34	0.03836	991	71.77	-505.98	63.35	31.19	0.086931	0.017752	0	0	0	991	71.6	33.47	497.77	32.410	33.40	0	101	5059.8	110205
15	"17:17:53"	259.0	0	3	20	0.727	497.5	32.37	0.05249	991	71.89	-505.99	63.46	31.20	0.12223	0.017871	0	0	0	991	71.6	33.47	498.09	32.469	33.40	0	101	5059.9	110205
16	"17:17:55"	261.0	0	3	20	0.697	497.7	32.41	0.05035	991	71.89	-506.01	63.48	31.20	0.11758	0.016467	0	0	0	991	71.6	33.47	498.33	32.481	33.41	0	101	5060.1	110205
17	"17:17:57"	263.0	0	3	20	0.702	497.9	32.44	0.0507	991	71.93	-506.00	63.56	31.21	0.11909	0.015261	0	0	0	991	71.6	33.48	498.34	32.517	33.40	0	101	5060.0	110205
18	"17:17:59"	265.0	0	3	20	0.419	498.1	32.47	0.03025	991	72.04	-505.99	63.63	31.20	0.06784	0.015331	0	0	0	991	71.6	33.47	498.42	32.553	33.40	0	101	5059.9	110205
19	"17:18:01"	267.0	0	3	20	0.293	498.3	32.50	0.0212	991	72.05	-506.01	63.66	31.21	0.045006	0.015703	0	0	0	991	71.6	33.47	498.51	32.573	33.40	0	101	5060.1	110205
20	"17:18:03"	269.0	0	3	20	0.423	498.4	32.53	0.03057	991	72.24	-506.00	63.75	31.19	0.068665	0.015262	0	0	0	991	71.6	33.48	499.02	32.616	33.40	0	101	5060.0	110205
21	"17:18:05"	271.0	0	3	20	0.549	498.6	32.56	0.03967	991	72.36	-506.00	63.79	31.17	0.091137	0.015886	0	0	0	991	71.6	33.48	498.92	32.637	33.41	0	101	5060.0	110205
22	"17:18:07"	273.0	0	3	20	0.609	498.7	32.59	0.04398	991	72.58	-505.98	63.86	31.13	0.10253	0.014656	0	0	0	991	71.6	33.47	499.18	32.667	33.40	0	101	5059.8	110205
23	"17:18:09"	275.0	0	3	20	0.575	498.9	32.62	0.04152	991	72.56	-505.99	63.91	31.16	0.096634	0.014153	0	0	0	991	71.6	33.48	499.20	32.699	33.41	0	101	5059.9	110205
24	"17:18:11"	277.0	0	3	20	0.587	499.1	32.65	0.04242	991	72.67	-505.99	63.98	31.15	0.098715	0.014511	0	0	0	991	71.6	33.47	499.67	32.734	33.41	0	101	5059.9	110205
25	"17:18:13"	279.0	0	3	20	0.595	499.3	32.68	0.04302	991	72.72	-506.00	63.99	31.14	0.099888	0.015105	0	0	0	991	71.6	33.48	500.09	32.738	33.40	0	101	5060.0	110205
26	"17:18:15"	281.0	0	3	20	0.628	499.5	32.71	0.04538	991	72.84	-506.00	64.10	31.14	0.1057	0.015276	0	0	0	991	71.6	33.48	499.76	32.800	33.41	0	101	5060.0	110205
27	"17:18:17"	283.0	0	3	20	0.442	499.7	32.74	0.03193	991	72.81	-505.99	64.14	31.16	0.072313	0.014753	0	0	0	991	71.6	33.48	500.16	32.817	33.40	0	101	5059.9	110205
28	"17:18:19"	285.0	0	3	20	0.506	499.9	32.77	0.03655	991	72.94	-505.99	64.23	31.15	0.08405	0.0144	0	0	0	991	71.6	33.48	500.17	32.866	33.41	0	101	5059.9	110205
29	"17:18:21"	287.0	0	3	20	0.527	500.1	32.80	0.03804	991	73.00	-505.99	64.27	31.15	0.087084	0.015764	0	0	0	991	71.6	33.48	500.74	32.889	33.41	0	101	5059.9	110205
30	"17:18:23"	289.0	0	3	20	0.519	500.2	32.83	0.03749	991	73.08	-505.98	64.34	31.15	0.084517	0.018037	0	0	0	991	71.6	33.48	500.63	32.918	33.41	0	101	5059.8	110205
31	"17:18:25"	291.0	0	3	20	0.6	500.4	32.87	0.04337	991	73.13	-506.01	64.40	31.15	0.099868	0.016822	0	0	0	991	71.6	33.48	501.13	32.951	33.41	0	101	5060.1	110205
32	"17:18:27"	293.0	0	3	20	0.546	500.6	32.90	0.03944	991	73.16	-505.99	64.43	31.15	0.090654	0.015596	0	0	0	991	71.6	33.48	501.15	32.965	33.40	0	101	5059.9	110205
33	"17:18:29"	295.0	0	3	20	0.657	500.8	32.93	0.04748	991	73.11	-505.99	64.45	31.17	0.11257	0.012157	0	0	0	991	71.6	33.48	501.26	32.980	33.41	0	101	5059.9	110205
34	"17:18:31"	297.0	0	3	20	0.582	501.0	32.95	0.04205	991	73.16	-506.00	64.48	31.17	0.099965	0.010227	0	0	0	991	71.6	33.48	501.17	32.993	33.41	0	101	5060.0	110205
35	"17:18:33"	299.0	0	3	20	0.526	501.2	32.97	0.03803	991	73.31	-505.98	64.56	31.15	0.090351	0.0093819	0	0	0	991	71.6	33.48	501.62	33.034	33.41	0	101	5059.8	110205
36	"17:18:35"	301.0	0	3	20	0.524	501.4	32.99	0.03788	991	73.44	-505.99	64.61	31.14	0.089461	0.010342	0	0	0	991	71.6	33.48	501.76	33.060	33.41	0	101	5059.9	110205
37	"17:18:37"	303.0	0	3	20	0.606	501.6	33.02	0.04379	991	73.49	-506.00	64.67	31.14	0.10278	0.013207	0	0	0	991	71.6	33.48	502.04	33.089	33.41	0	101	5060.0	110205
38	"17:18:39"	305.0	0	3	20	0.725	501.8	33.04	0.05237	991	73.60	-505.98	64.71	31.13	0.12351	0.014612	0	0	0	991	71.6	33.48	502.17	33.115	33.41	0	101	5059.8	110205
39	"17:18:41"	307.0	0	3	20	0.584	502.0	33.07	0.04217	991	73.60	-506.00	64.76	31.14	0.098183	0.014245	0	0	0	991	71.6	33.48	502.50	33.141	33.41	0	101	5060.0	110205
40	"17:18:43"	309.0	0	3	20	0.604	502.2	33.10	0.04366	991	73.64	-505.99	64.82	31.15	0.10238	0.01329	0	0	0	991	71.6	33.48	502.31	33.170	33.41	0	101	5059.9	110205
41	"17:18:45"	311.0	0	3	20	0.406	502.3	33.13	0.0293	991	73.74	-505.99	64.85	31.13	0.066463	0.013239	0	0	0	991	71.6	33.48	503.07	33.185	33.41	0	101	5059.9	110205
42	"17:18:47"	313.0	0	3	20	0.475	502.5	33.15	0.03429	991	73.74	-506.01	64.91	31.15	0.079484	0.012247	0	0	0	991	71.6	33.48	502.89	33.220	33.41	0	101	5060.1	110205
43	"17:18:49"	315.0	0	3	20	0.534	502.7	33.17	0.03861	991	73.84	-505.98	64.99	31.14	0.090149	0.012525	0	0	0	991	71.6	33.48	503.21	33.252	33.41	0	101	5059.8	110205
44	"17:18:51"	317.0	0	3	20	0.486	502.9	33.20	0.03514	991	73.92	-505.99	65.04	31.14	0.081688	0.012092	0	0	0	991	71.6	33.48	503.05	33.280	33.41	0	101	5059.9	110205
45	"17:18:53"	319.0	0	3	20	0.658	503.0	33.22	0.04753	991	73.88	-505.99	65.05	31.15	0.11253	0.012385	0	0	0	991	71.6	33.48	503.36	33.289	33.41	0	101	5059.9	110205
46	"17:18:55"	321.0	0	3	20	0.505	503.2	33.25	0.03646	991	73.99	-505.99	65.11	31.14	0.084466	0.01306	0	0	0	991	71.6	33.48	503.56	33.316	33.41	0	101	5059.9	110205
47	"17:18:57"	323.0	0	3	20	0.519	503.4	33.28	0.03748	991	74.05	-505.98	65.14	31.14	0.087183	0.012732	0	0	0	991	71.6	33.48	503.81	33.334	33.41	0	101	5059.8	110205
48	"17:18:59"	325.0	0	3	20	0.48	503.5	33.30	0.03469	991	74.12	-506.01	65.21	31.14	0.080585	0.012014	0	0	0	991	71.6	33.48	504.22	33.372	33.41	0	101	5060.1	110205
49	"17:19:01"	327.0	0	3	20	0.631	503.8	33.33	0.04562	991	74.14	-506.00	65.23	31.14	0.10724	0.013363	0	0	0	991	71.6	33.48	504.28	33.381	33.41	0	101	5060.0	110205
50	"17:19:03"	329.0	0	3	20	0.611	503.9	33.35	0.04415	991	74.22	-505.99	65.28	31.14	0.10357	0.013355	0	0	0	991	71.6	33.48	504.31	33.405	33.41	0	101	5059.9	110205
51	"17:19:05"	331.0	0	4	200	0.551	500.0	33.37	0.03984	991	74.39	-505.99	65.37	31.12	0.096474	0.012741	-5.1116E-05	0.065402	0	991	71.6	33.48	504.56	33.455	33.41	0	101	5059.9	110205
52	"17:21:27"	473.0	0	3	8	0.335	495.2	33.92	0.0242	991	73.98	-506.00	66.23	31.48	0.053988	0.012989	0	0	0	991	71.6	33.51	495.44	33.948	33.44	0	101	5060.0	110205
53	"17:21:29"	475.0	0	3	12	0.44	495.3	33.93	0.03182	991	74.01	-505.99	66.28	31.48	0.072691	0.01378	0	0	0	991	71.6	33.51	495.63	33.973	33.44	0	101	5059.9	110205
54	"17:21:31"	477.0	0	3	16	0.828	495.5	33.95	0.05984	991	74.08	-505.99	66.30	31.47	0.14254	0.014442	0	0	0	991	71.6	33.51	495.80	33.980	33.44	0	101	5059.9	110205
55	"17:21:33"	479.0	0	3	20	0.798	495.6	33.96	0.05769	991	74.19	-505.98	66.38	31.46	0.1384	0.012013	0	0	0	991	71.6	33.51	496.07	34.024	33.44	0	101	5059.8	110205
56	"17:21:35"	481.0	0	3	20	0.714	495.8	33.98	0.05156	991	74.27	-505.99	66.43	31.46	0.1234	0.01128	0	0	0	991	71.6	33.51	496.53	34.051	33.44	0	101	5059.9	110205
57	"17:21:37"	483.0	0	3	20	0.641	496.1	34.01	0.04633	991	74.33	-506.00	66.48	31.46	0.10969	0.012486	0	0	0	991	71.6	33.51	496.58	34.077	33.44	0	101	5060.0	110205
58	"17:21:39"	485.0	0	3	20	0.504	496.3	34.03	0.03645	991	74.35	-506.01	66.51	31.46	0.084491	0.01331	0	0	0	991	71.6	33.51	496.79	34.094	33.44	0	101	5060.1	110205
59	"17:21:41"	487.0	0	3	20	0.546	496.4	34.06	0.03948	991	74.38	-505.98	66.56	31.47	0.091981	0.013554	0	0	0	991	71.6	33.51	496.87	34.118	33.44	0	101	5059.8	110205
60	"17:21:43"	489.0	0	3	20	0.567	496.6	34.08	0.04095	991	74.39	-506.00	66.58	31.47	0.097145	0.010641	0	0	0	991	71.6	33.51	497.09	34.128	33.44	0	101	5060.0	110205
61	"17:21:45"	491.0	0	3	20	0.444	496.8	34.10	0.0321	991	74.40	-505.99	66.61	31.48	0.076427	0.0077988	0	0	0	991	71.6	33.51	497.41	34.144	33.44	0	101	5059.9	110205
62	"17:21:47"	493.0	0	3	20	0.526	497.0	34.12	0.038	991	74.48	-506.00	66.64	31.47	0.091089	0.0080511	0	0	0	991	71.6	33.51	497.77	34.163	33.44	0	101	5060.0	110205
63	"17:21:49"	495.0	0	3	20	0.59	497.2	34.13	0.04263	991	74.61	-505.99	66.71	31.45	0.10201	0.0093436	0	0	0	991	71.6	33.51	497.95	34.197	33.44	0	101	5059.9	110205
64	"17:21:51"	497.0	0	3	20	0.628	497.4	34.16	0.04538	991	74.64	-505.99	66.77	31.46	0.10796	0.011193	0	0	0	991	71.6	33.51	497.95	34.227	33.44	0	101	5059.9	110205
65	"17:21:53"	499.0	0	3	20	0.552	497.6	34.18	0.0399	991	74.71	-505.99	66.81	31.46	0.093598	0.012405	0	0	0	991	71.6	33.51	497.86	34.252	33.44	0	101	5059.9	110205
66	"17:21:55"	501.0	0	3	20	0.446	497.7	34.20	0.03223	991	74.70	-505.99	66.83	31.46	0.074423	0.012307	0	0	0	991	71.6	33.51	497.94	34.258	33.44	0	101	5059.9	110205
67	"17:21:57"	503.0	0	3	20	0.466	497.9	34.23	0.03366	991	74.68	-505.99	66.86	31.48	0.078055	0.012237	0	0	0	991	71.6	33.51	498.52	34.278	33.44	0	101	5059.9	110205
68	"17:21:59"	505.0	0	3	20	0.516	498.1	34.25	0.03728	991	74.90	-505.98	66.92	31.44	0.088387	0.0097645	0	0	0	991	71.6	33.51	498.55	34.310	33.44	0	101	5059.8	110205
69	"17:22:01"	507.0	0	3	20	0.616	498.3	34.27	0.04448	991	74.97	-505.99	66.98	31.44	0.10606	0.010468	0	0	0	991	71.6	33.51	498.83	34.338	33.44	0	101	5059.9	110205
70	"17:22:03"	509.0	0	3	20	0.629	498.5	34.29	0.04546	991	74.91	-505.99	67.00	31.47	0.10841	0.010663	0	0	0	991	71.6	33.52	499.07	34.354	33.44	0	101	5059.9	110205
71	"17:22:05"	511.0	0	3	20	0.6	498.7	34.31	0.04337	991	74.90	-505.99	67.05	31.48	0.10262	0.011723	0	0	0	991	71.6	33.51	499.48	34.375	33.44	0	101	5059.9	110205
72	"17:22:07"	513.0	0	3	20	0.663	498.9	34.34	0.04793	991	74.96	-505.99	67.09	31.47	0.11349	0.012833	0	0	0	991	71.6	33.52	499.52	34.395	33.44	0	101	5059.9	110205
73	"17:22:09"	515.0	0	3	20	0.738	499.2	34.36	0.05332	991	74.93	-506.00	67.08	31.48	0.12799	0.010901	0	0	0	991	71.6	33.52	499.72	34.397	33.44	0	101	5060.0	110205
74	"17:22:11"	517.0	0	3	20	0.625	499.4	34.38	0.04516	991	75.02	-505.99	67.14	31.48	0.10783	0.010333	0	0	0	991	71.6	33.52	499.97	34.426	33.44	0	101	5059.9	110205
75	"17:22:13"	519.0	0	3	20	0.621	499.6	34.40	0.04486	991	75.14	-505.99	67.18	31.46	0.10756	0.0093594	0	0	0	991	71.6	33.52	500.37	34.448	33.44	0	101	5059.9	110205
76	"17:22:15"	521.0	0	3	20	0.553	499.8	34.42	0.03996	991	75.10	-505.98	67.22	31.48	0.095771	0.0084313	0	0	0	991	71.6	33.52	500.43	34.464	33.44	0	101	5059.8	110205
77	"17:22:17"	523.0	0	3	20	0.547	500.0	34.44	0.03955	991	75.15	-505.99	67.24	31.47	0.094524	0.0088616	0	0	0	991	71.6	33.52	500.51	34.480	33.45	0	101	5059.9	110205
78	"17:22:19"	525.0	0	3	20	0.532	500.2	34.46	0.03844	991	75.40	-505.98	67.31	31.43	0.091213	0.0098628	0	0	0	991	71.6	33.52	500.49	34.515	33.45	0	101	5059.8	110205
79	"17:22:21"	527.0	0	3	20	0.468	500.4	34.48	0.03381	991	75.39	-505.99	67.37	31.45	0.078864	0.011286	0	0	0	991	71.6	33.52	501.00	34.551	33.45	0	101	5059.9	110205
80	"17:22:23"	529.0	0	3	20	0.575	500.6	34.50	0.04153	991	75.34	-505.99	67.36	31.46	0.097403	0.012841	0	0	0	991	71.6	33.52	501.14	34.542	33.45	0	101	5059.9	110205
81	"17:22:25"	531.0	0	3	20	0.599	500.7	34.52	0.04325	991	75.39	-505.98	67.40	31.46	0.10256	0.011214	0	0	0	991	71.6	33.52	501.21	34.562	33.45	0	101	5059.8	110205
82	"17:22:27"	533.0	0	3	20	0.633	501.0	34.54	0.04577	991	75.47	-506.00	67.47	31.46	0.1097	0.0096104	0	0	0	991	71.6	33.52	501.75	34.606	33.45	0	101	5060.0	110205
83	"17:22:29"	535.0	0	3	20	0.636	501.2	34.56	0.04593	991	75.38	-506.00	67.48	31.48	0.11049	0.008888	0	0	0	991	71.6	33.52	501.76	34.605	33.45	0	101	5060.0	110205
84	"17:22:31"	537.0	0	3	20	0.479	501.4	34.58	0.0346	991	75.43	-505.99	67.55	31.49	0.081948	0.0091431	0	0	0	991	71.6	33.52	502.05	34.643	33.45	0	101	5059.9	110205
85	"17:22:33"	539.0	0	3	20	0.571	501.6	34.60	0.04126	991	75.48	-505.99	67.59	31.49	0.09787	0.010635	0	0	0	991	71.6	33.52	502.09	34.663	33.45	0	101	5059.9	110205
86	"17:22:35"	541.0	0	3	20	0.518	501.8	34.62	0.03742	991	75.55	-506.01	67.62	31.49	0.088329	0.010478	0	0	0	991	71.6	33.52	502.36	34.684	33.45	0	101	5060.1	110205
87	"17:22:37"	543.0	0	3	20	0.567	502.0	34.64	0.04099	991	75.66	-505.98	67.67	31.47	0.09688	0.011237	0	0	0	991	71.6	33.52	502.59	34.704	33.45	0	101	5059.8	110205
88	"17:22:39"	545.0	0	3	20	0.708	502.2	34.67	0.05114	991	75.78	-505.99	67.70	31.45	0.12215	0.01149	0	0	0	991	71.6	33.52	502.78	34.722	33.45	0	101	5059.9	110205
89	"17:22:41"	547.0	0	3	20	0.578	502.4	34.69	0.04177	991	75.83	-505.99	67.73	31.45	0.098825	0.011217	0	0	0	991	71.6	33.52	502.74	34.742	33.45	0	101	5059.9	110205
90	"17:22:43"	549.0	0	3	20	0.557	502.6	34.71	0.04021	991	75.78	-505.99	67.75	31.46	0.09492	0.011216	0	0	0	991	71.6	33.52	502.98	34.749	33.45	0	101	5059.9	110205
91	"17:22:45"	551.0	0	3	20	0.473	502.8	34.73	0.03418	991	75.85	-505.99	67.83	31.47	0.081324	0.0082971	0	0	0	991	71.6	33.52	503.55	34.790	33.45	0	101	5059.9	110205
92	"17:22:47"	553.0	0	3	20	0.479	503.0	34.75	0.03464	991	75.90	-506.00	67.84	31.46	0.081853	0.0094984	0	0	0	991	71.6	33.53	503.55	34.799	33.45	0	101	5060.0	110205
93	"17:22:49"	555.0	0	3	20	0.643	503.2	34.77	0.04649	991	75.98	-505.98	67.91	31.46	0.11181	0.008967	0	0	0	991	71.6	33.52	503.95	34.830	33.45	0	101	5059.8	110205
94	"17:22:51"	557.0	0	3	20	0.721	503.4	34.79	0.05211	991	75.99	-505.98	67.88	31.45	0.12563	0.0094719	0	0	0	991	71.6	33.52	503.87	34.819	33.45	0	101	5059.8	110205
95	"17:22:53"	559.0	0	3	20	0.7	503.6	34.80	0.05058	991	76.00	-505.99	67.93	31.46	0.12183	0.0093924	0	0	0	991	71.6	33.53	504.18	34.850	33.45	0	101	5059.9	110205
96	"17:22:55"	561.0	0	3	20	0.692	503.9	34.82	0.04996	991	76.04	-505.99	67.98	31.46	0.12086	0.0083053	0	0	0	991	71.6	33.53	504.28	34.871	33.45	0	101	5059.9	110205
97	"17:22:57"	563.0	0	3	20	0.63	504.1	34.84	0.04555	991	76.10	-505.99	68.00	31.46	0.10942	0.0090244	0	0	0	991	71.6	33.53	504.65	34.889	33.46	0	101	5059.9	110205
98	"17:22:59"	565.0	0	3	20	0.652	504.4	34.86	0.04709	991	76.23	-505.97	68.04	31.44	0.11294	0.0096603	0	0	0	991	71.6	33.53	504.99	34.907	33.45	0	101	5059.7	110205
99	"17:23:00"	566.0	0	4	186	0.596	500.0	34.86	0.0431	991	76.27	-505.98	68.07	31.44	0.1183	0.010049	0.00033674	-0.12527	0	991	71.6	33.53	505.04	34.923	33.45	0	101	5059.8	110205
100	"17:25:33"	718.5	0	3	8	0.56	495.2	35.23	0.04047	991	76.61	-505.98	68.57	31.52	0.096736	0.0091491	0	0	0	991	71.6	33.56	495.30	35.240	33.49	0	101	5059.8	110205
101	"17:25:35"	720.5	0	3	12	0.497	495.3	35.23	0.0359	991	76.63	-506.00	68.59	31.52	0.087055	0.0056759	0	0	0	991	71.6	33.56	495.84	35.257	33.49	0	101	5060.0	110205
102	"17:25:37"	722.5	0	3	16	0.704	495.4	35.24	0.05088	991	76.73	-505.98	68.65	31.51	0.123	0.0087836	0	0	0	991	71.6	33.56	495.81	35.284	33.49	0	101	5059.8	110205
103	"17:25:39"	724.5	0	3	20	0.605	495.5	35.26	0.04373	991	76.80	-505.99	68.68	31.51	0.10458	0.0097839	0	0	0	991	71.6	33.56	495.87	35.306	33.49	0	101	5059.9	110205
104	"17:25:41"	726.5	0	3	20	0.534	495.7	35.28	0.03855	991	76.80	-506.00	68.72	31.52	0.091121	0.010704	0	0	0	991	71.6	33.56	496.06	35.326	33.49	0	101	5060.0	110205
105	"17:25:43"	728.5	0	3	20	0.554	495.9	35.29	0.04001	991	76.78	-506.00	68.74	31.53	0.09469	0.010865	0	0	0	991	71.6	33.56	496.55	35.340	33.49	0	101	5060.0	110205
106	"17:25:45"	730.5	0	3	20	0.562	496.1	35.32	0.04059	991	76.82	-505.99	68.82	31.54	0.097202	0.0088183	0	0	0	991	71.6	33.57	496.76	35.377	33.49	0	101	5059.9	110205
107	"17:25:47"	732.5	0	3	20	0.71	496.3	35.33	0.05132	991	76.79	-505.99	68.78	31.54	0.12457	0.0079007	0	0	0	991	71.6	33.56	496.66	35.362	33.49	0	101	5059.9	110205
108	"17:25:49"	734.5	0	3	20	0.742	496.5	35.35	0.05358	991	76.88	-506.00	68.86	31.54	0.13047	0.0074543	0	0	0	991	71.6	33.57	497.30	35.401	33.49	0	101	5060.0	110205
109	"17:25:51"	736.5	0	3	20	0.781	496.8	35.37	0.05645	991	76.91	-505.98	68.91	31.54	0.13695	0.0087905	0	0	0	991	71.6	33.57	497.41	35.426	33.49	0	101	5059.8	110205
110	"17:25:53"	738.5	0	3	20	0.67	497.1	35.38	0.04837	991	76.92	-505.99	68.91	31.54	0.11625	0.0097004	0	0	0	991	71.6	33.57	497.51	35.432	33.49	0	101	5059.9	110205
111	"17:25:55"	740.5	0	3	20	0.617	497.3	35.40	0.04459	991	77.03	-505.98	68.94	31.52	0.10667	0.009857	0	0	0	991	71.6	33.57	497.54	35.442	33.49	0	101	5059.8	110205
112	"17:25:57"	742.5	0	3	20	0.478	497.5	35.42	0.03456	991	77.09	-505.98	68.96	31.52	0.08143	0.010055	0	0	0	991	71.6	33.57	497.86	35.458	33.49	0	101	5059.8	110205
113	"17:25:59"	744.5	0	3	20	0.419	497.7	35.44	0.03024	991	77.08	-505.98	69.01	31.53	0.071883	0.0075965	0	0	0	991	71.6	33.57	498.38	35.481	33.49	0	101	5059.8	110205
114	"17:26:01"	746.5	0	3	20	0.603	497.8	35.46	0.04358	991	77.20	-505.98	69.02	31.51	0.10525	0.0076966	0	0	0	991	71.6	33.57	498.21	35.489	33.49	0	101	5059.8	110205
115	"17:26:03"	748.5	0	3	20	0.698	498.0	35.47	0.05046	991	77.28	-506.00	69.07	31.51	0.12221	0.0082156	0	0	0	991	71.6	33.57	498.89	35.519	33.50	0	101	5060.0	110205
116	"17:26:05"	750.5	0	3	20	0.781	498.3	35.49	0.05643	991	77.28	-506.00	69.09	31.51	0.13705	0.0084772	0	0	0	991	71.6	33.57	499.07	35.526	33.49	0	101	5060.0	110205
117	"17:26:07"	752.5	0	3	20	0.742	498.5	35.51	0.05361	991	77.35	-505.99	69.15	31.51	0.12972	0.008982	0	0	0	991	71.6	33.57	499.03	35.560	33.50	0	101	5059.9	110205
118	"17:26:09"	754.5	0	3	20	0.579	498.7	35.52	0.04182	991	77.28	-505.99	69.14	31.52	0.10035	0.0086181	0	0	0	991	71.6	33.57	499.15	35.555	33.50	0	101	5059.9	110205
119	"17:26:11"	756.5	0	3	20	0.577	499.0	35.54	0.04169	991	77.34	-506.00	69.21	31.53	0.10039	0.0079274	0	0	0	991	71.6	33.57	499.41	35.593	33.50	0	101	5060.0	110205
120	"17:26:13"	758.5	0	3	20	0.544	499.2	35.56	0.03927	991	77.46	-505.99	69.26	31.51	0.093497	0.0095374	0	0	0	991	71.6	33.57	499.56	35.619	33.50	0	101	5059.9	110205
121	"17:26:15"	760.5	0	3	20	0.525	499.3	35.58	0.03793	991	77.49	-505.99	69.28	31.51	0.08981	0.010142	0	0	0	991	71.6	33.57	499.96	35.626	33.50	0	101	5059.9	110205
122	"17:26:17"	762.5	0	3	20	0.708	499.5	35.60	0.05115	991	77.58	-506.00	69.31	31.50	0.12319	0.0096469	0	0	0	991	71.6	33.57	500.31	35.647	33.50	0	101	5060.0	110205
123	"17:26:19"	764.5	0	3	20	0.652	499.8	35.61	0.04714	991	77.55	-505.97	69.32	31.51	0.11349	0.0089779	0	0	0	991	71.6	33.57	500.12	35.651	33.50	0	101	5059.7	110205
124	"17:26:21"	766.5	0	3	20	0.582	500.0	35.63	0.04204	991	77.63	-505.99	69.37	31.51	0.10197	0.0065391	0	0	0	991	71.6	33.57	500.50	35.682	33.50	0	101	5059.9	110205
125	"17:26:23"	768.5	0	3	20	0.544	500.2	35.65	0.03934	991	77.71	-505.99	69.38	31.49	0.094683	0.0075234	0	0	0	991	71.6	33.57	500.85	35.683	33.50	0	101	5059.9	110205
126	"17:26:25"	770.5	0	3	20	0.466	500.4	35.66	0.03368	991	77.64	-505.99	69.43	31.52	0.080297	0.0079409	0	0	0	991	71.6	33.57	501.13	35.711	33.50	0	101	5059.9	110205
127	"17:26:27"	772.5	0	3	20	0.62	500.6	35.68	0.04481	991	77.71	-505.98	69.43	31.50	0.10795	0.0083733	0	0	0	991	71.6	33.58	500.99	35.715	33.50	0	101	5059.8	110205
128	"17:26:29"	774.5	0	3	20	0.716	500.8	35.69	0.05176	991	77.73	-506.00	69.48	31.51	0.12549	0.0081519	0	0	0	991	71.6	33.58	501.27	35.744	33.50	0	101	5060.0	110205
129	"17:26:31"	776.5	0	3	20	0.603	501.0	35.71	0.04357	991	77.80	-506.01	69.53	31.51	0.10481	0.008433	0	0	0	991	71.6	33.58	501.77	35.773	33.50	0	101	5060.1	110205
130	"17:26:33"	778.5	0	3	20	0.649	501.3	35.73	0.04692	991	77.73	-506.00	69.54	31.53	0.11287	0.0091059	0	0	0	991	71.6	33.58	501.86	35.775	33.50	0	101	5060.0	110205
131	"17:26:35"	780.5	0	3	20	0.635	501.5	35.75	0.04587	991	77.77	-505.99	69.57	31.53	0.11019	0.0091808	0	0	0	991	71.6	33.58	501.96	35.795	33.50	0	101	5059.9	110205
132	"17:26:37"	782.5	0	3	20	0.598	501.7	35.77	0.04319	991	77.72	-505.98	69.59	31.54	0.10359	0.0089611	0	0	0	991	71.6	33.58	502.12	35.800	33.50	0	101	5059.8	110205
133	"17:26:39"	784.5	0	3	20	0.528	501.9	35.78	0.03812	991	77.77	-506.00	69.62	31.54	0.091619	0.0075317	0	0	0	991	71.6	33.58	502.27	35.820	33.51	0	101	5060.0	110205
134	"17:26:41"	786.5	0	3	20	0.392	502.1	35.80	0.0283	991	77.78	-505.99	69.67	31.55	0.066808	0.0079525	0	0	0	991	71.6	33.58	502.68	35.841	33.50	0	101	5059.9	110205
135	"17:26:43"	788.5	0	3	20	0.523	502.2	35.81	0.03781	991	77.75	-505.98	69.66	31.56	0.090897	0.0074474	0	0	0	991	71.6	33.58	502.75	35.839	33.50	0	101	5059.8	110205
136	"17:26:45"	790.5	0	3	20	0.722	502.4	35.83	0.05213	991	77.83	-506.00	69.69	31.55	0.12729	0.0065091	0	0	0	991	71.6	33.58	503.14	35.860	33.51	0	101	5060.0	110205
137	"17:26:47"	792.5	0	3	20	0.641	502.7	35.84	0.04634	991	77.89	-505.97	69.71	31.54	0.11302	0.0060168	0	0	0	991	71.6	33.58	503.15	35.864	33.50	0	101	5059.7	110205
138	"17:26:49"	794.5	0	3	20	0.632	502.9	35.85	0.04563	991	78.00	-505.99	69.77	31.53	0.11143	0.0056384	0	0	0	991	71.6	33.58	503.54	35.899	33.51	0	101	5059.9	110205
139	"17:26:51"	796.5	0	3	20	0.564	503.1	35.87	0.04072	991	78.05	-505.99	69.82	31.53	0.097653	0.0084471	0	0	0	991	71.6	33.58	503.75	35.927	33.51	0	101	5059.9	110205
140	"17:26:53"	798.5	0	3	20	0.547	503.3	35.88	0.03954	991	78.02	-505.99	69.83	31.54	0.094202	0.0094068	0	0	0	991	71.6	33.58	503.94	35.931	33.51	0	101	5059.9	110205
141	"17:26:55"	800.5	0	3	20	0.576	503.5	35.90	0.0416	991	77.96	-505.98	69.83	31.56	0.099139	0.0098208	0	0	0	991	71.6	33.58	504.13	35.937	33.51	0	101	5059.8	110205
142	"17:26:57"	802.5	0	3	20	0.575	503.7	35.92	0.04157	991	78.07	-505.99	69.87	31.54	0.099983	0.0080339	0	0	0	991	71.6	33.58	504.32	35.954	33.51	0	101	5059.9	110205
143	"17:26:59"	804.5	0	3	20	0.736	504.0	35.94	0.05319	991	78.12	-506.00	69.89	31.53	0.12926	0.007742	0	0	0	991	71.6	33.58	504.90	35.965	33.51	0	101	5060.0	110205
144	"17:27:01"	806.5	0	3	20	0.778	504.2	35.95	0.0562	991	78.15	-505.99	69.91	31.53	0.1377	0.0060429	0	0	0	991	71.6	33.58	504.64	35.976	33.51	0	101	5059.9	110205
145	"17:27:03"	808.5	0	3	20	0.605	504.4	35.96	0.04374	991	78.12	-506.00	69.93	31.55	0.1067	0.0055918	0	0	0	991	71.6	33.58	504.82	35.991	33.51	0	101	5060.0	110205
146	"17:27:04"	810.0	0	4	183	0.61	500.0	35.97	0.0441	991	78.17	-505.98	69.97	31.54	0.094914	0.0060127	0.00026762	-0.089716	0	991	71.6	33.58	504.92	36.008	33.51	0	101	5059.8	110205
147	"17:29:37"	962.5	0	3	8	0.311	495.3	36.09	0.02248	991	78.35	-506.00	70.10	31.55	0.053194	0.0061396	0	0	0	991	71.6	33.60	495.32	36.101	33.52	0	101	5060.0	110205
148	"17:29:39"	964.5	0	3	12	0.464	495.4	36.09	0.03355	991	78.28	-506.00	70.13	31.57	0.080549	0.0069131	0	0	0	991	71.6	33.60	495.82	36.117	33.52	0	101	5060.0	110205
149	"17:29:41"	966.5	0	3	16	0.71	495.6	36.10	0.05133	991	78.36	-506.00	70.16	31.56	0.12445	0.0082004	0	0	0	991	71.6	33.60	496.16	36.135	33.52	0	101	5060.0	110205
150	"17:29:43"	968.5	0	3	20	0.705	495.7	36.11	0.05095	991	78.52	-506.00	70.21	31.54	0.12385	0.0074935	0	0	0	991	71.6	33.60	496.21	36.158	33.52	0	101	5060.0	110205
151	"17:29:45"	970.5	0	3	20	0.726	495.9	36.13	0.05248	991	78.45	-505.98	70.23	31.56	0.12749	0.0078803	0	0	0	991	71.6	33.60	496.45	36.167	33.52	0	101	5059.8	110205
152	"17:29:47"	972.5	0	3	20	0.754	496.2	36.14	0.05447	991	78.54	-505.99	70.28	31.55	0.13192	0.0089534	0	0	0	991	71.6	33.60	496.93	36.197	33.52	0	101	5059.9	110205
153	"17:29:49"	974.5	0	3	20	0.683	496.5	36.16	0.04931	991	78.68	-506.00	70.31	31.53	0.11849	0.0099052	0	0	0	991	71.6	33.60	496.87	36.214	33.52	0	101	5060.0	110205
154	"17:29:51"	976.5	0	3	20	0.532	496.6	36.18	0.0384	991	78.54	-505.99	70.29	31.56	0.091439	0.0093471	0	0	0	991	71.6	33.60	497.06	36.202	33.52	0	101	5059.9	110205
155	"17:29:53"	978.5	0	3	20	0.467	496.8	36.19	0.03374	991	78.54	-505.99	70.35	31.57	0.080959	0.0069974	0	0	0	991	71.6	33.60	497.11	36.232	33.52	0	101	5059.9	110205
156	"17:29:55"	980.5	0	3	20	0.356	497.0	36.21	0.02569	991	78.62	-505.98	70.39	31.56	0.061015	0.0065743	0	0	0	991	71.6	33.60	497.47	36.257	33.53	0	101	5059.8	110205
157	"17:29:57"	982.5	0	3	20	0.366	497.1	36.22	0.02646	991	78.55	-506.00	70.39	31.58	0.063295	0.0058675	0	0	0	991	71.6	33.60	497.41	36.256	33.53	0	101	5060.0	110205
158	"17:29:59"	984.5	0	3	20	0.633	497.3	36.24	0.04576	991	78.61	-505.99	70.42	31.58	0.11063	0.0079016	0	0	0	991	71.6	33.60	497.97	36.276	33.53	0	101	5059.9	110205
159	"17:30:01"	986.5	0	3	20	0.736	497.5	36.25	0.05316	991	78.72	-505.99	70.49	31.57	0.12826	0.0096568	0	0	0	991	71.6	33.60	498.13	36.308	33.53	0	101	5059.9	110205
160	"17:30:03"	988.5	0	3	20	0.875	497.8	36.27	0.06322	991	78.71	-505.99	70.46	31.56	0.15354	0.0095686	0	0	0	991	71.6	33.60	498.35	36.297	33.53	0	101	5059.9	110205
161	"17:30:05"	990.5	0	3	20	0.722	498.0	36.29	0.05219	991	78.78	-505.99	70.52	31.56	0.12627	0.0088045	0	0	0	991	71.6	33.60	498.25	36.326	33.53	0	101	5059.9	110205
162	"17:30:07"	992.5	0	3	20	0.544	498.2	36.31	0.03934	991	78.80	-505.98	70.56	31.57	0.094552	0.007843	0	0	0	991	71.6	33.60	498.72	36.351	33.53	0	101	5059.8	110205
163	"17:30:09"	994.5	0	3	20	0.492	498.5	36.32	0.03556	991	78.76	-506.00	70.56	31.58	0.085525	0.006983	0	0	0	991	71.6	33.60	499.10	36.347	33.53	0	101	5060.0	110205
164	"17:30:11"	996.5	0	3	20	0.549	498.7	36.33	0.03966	991	78.73	-505.99	70.57	31.59	0.096123	0.0063506	0	0	0	991	71.6	33.60	499.09	36.356	33.53	0	101	5059.9	110205
165	"17:30:13"	998.5	0	3	20	0.662	498.8	36.35	0.04785	991	78.80	-506.00	70.63	31.59	0.1158	0.0080116	0	0	0	991	71.6	33.60	499.51	36.386	33.53	0	101	5060.0	110205
166	"17:30:15"	1000.5	0	3	20	0.737	499.1	36.36	0.05324	991	78.92	-505.99	70.68	31.57	0.12995	0.0067871	0	0	0	991	71.6	33.60	499.64	36.411	33.53	0	101	5059.9	110205
167	"17:30:17"	1002.5	0	3	20	0.616	499.3	36.38	0.04453	991	79.07	-505.99	70.69	31.54	0.10735	0.0082309	0	0	0	991	71.6	33.60	499.68	36.416	33.53	0	101	5059.9	110205
168	"17:30:19"	1004.5	0	3	20	0.541	499.5	36.39	0.03906	991	79.17	-505.98	70.72	31.53	0.093562	0.0083521	0	0	0	991	71.6	33.60	500.00	36.433	33.53	0	101	5059.8	110205
169	"17:30:21"	1006.5	0	3	20	0.51	499.7	36.41	0.03683	991	79.07	-505.98	70.72	31.55	0.088218	0.0078893	0	0	0	991	71.6	33.60	500.26	36.432	33.53	0	101	5059.8	110205
170	"17:30:23"	1008.5	0	3	20	0.638	500.0	36.42	0.04612	991	79.14	-505.99	70.78	31.55	0.1116	0.0077091	0	0	0	991	71.6	33.60	500.56	36.462	33.53	0	101	5059.9	110205
171	"17:30:25"	1010.5	0	3	20	0.702	500.1	36.44	0.05072	991	79.08	-505.98	70.81	31.57	0.12358	0.0068584	0	0	0	991	71.6	33.60	500.76	36.482	33.53	0	101	5059.8	110205
172	"17:30:27"	1012.5	0	3	20	0.651	500.3	36.45	0.047	991	79.03	-505.98	70.81	31.58	0.11421	0.0069279	0	0	0	991	71.6	33.60	500.91	36.479	33.53	0	101	5059.8	110205
173	"17:30:29"	1014.5	0	3	20	0.603	500.6	36.46	0.04358	991	79.06	-505.99	70.85	31.59	0.10639	0.0055056	0	0	0	991	71.6	33.60	500.95	36.502	33.53	0	101	5059.9	110205
174	"17:30:31"	1016.5	0	3	20	0.452	500.8	36.48	0.03268	991	79.07	-505.98	70.87	31.59	0.078438	0.0067245	0	0	0	991	71.6	33.60	501.36	36.511	33.53	0	101	5059.8	110205
175	"17:30:33"	1018.5	0	3	20	0.594	500.9	36.49	0.04294	991	79.09	-506.00	70.88	31.59	0.10451	0.0060218	0	0	0	991	71.6	33.61	501.89	36.523	33.53	0	101	5060.0	110205
176	"17:30:35"	1020.5	0	3	20	0.638	501.2	36.50	0.04609	991	79.15	-505.99	70.95	31.59	0.11192	0.0069391	0	0	0	991	71.6	33.60	501.69	36.553	33.53	0	101	5059.9	110205
177	"17:30:37"	1022.5	0	3	20	0.634	501.4	36.52	0.04581	991	79.23	-505.99	70.99	31.58	0.11113	0.0071048	0	0	0	991	71.6	33.61	501.88	36.574	33.53	0	101	5059.9	110205
178	"17:30:39"	1024.5	0	3	20	0.63	501.6	36.53	0.04553	991	79.24	-506.00	70.98	31.58	0.11051	0.0069406	0	0	0	991	71.6	33.61	501.96	36.574	33.53	0	101	5060.0	110205
179	"17:30:41"	1026.5	0	3	20	0.551	501.8	36.54	0.03982	991	79.25	-506.00	70.97	31.58	0.09608	0.007168	0	0	0	991	71.6	33.61	502.16	36.568	33.53	0	101	5060.0	110205
180	"17:30:43"	1028.5	0	3	20	0.409	502.0	36.56	0.02953	991	79.29	-505.99	71.02	31.58	0.071385	0.0050569	0	0	0	991	71.6	33.61	502.24	36.597	33.53	0	101	5059.9	110205
181	"17:30:45"	1030.5	0	3	20	0.53	502.2	36.57	0.03832	991	79.33	-505.99	71.03	31.57	0.093266	0.005349	0	0	0	991	71.6	33.61	502.89	36.603	33.53	0	101	5059.9	110205
182	"17:30:47"	1032.5	0	3	20	0.676	502.4	36.58	0.04883	991	79.31	-506.00	71.06	31.59	0.11977	0.0050239	0	0	0	991	71.6	33.61	503.20	36.619	33.53	0	101	5060.0	110205
183	"17:30:49"	1034.5	0	3	20	0.791	502.6	36.60	0.05717	991	79.33	-505.99	71.11	31.59	0.13918	0.0079117	0	0	0	991	71.6	33.61	503.43	36.642	33.53	0	101	5059.9	110205
184	"17:30:51"	1036.5	0	3	20	0.851	502.9	36.61	0.06149	991	79.26	-506.00	71.11	31.61	0.14952	0.0088532	0	0	0	991	71.6	33.61	503.52	36.643	33.53	0	101	5060.0	110205
185	"17:30:53"	1038.5	0	3	20	0.735	503.2	36.63	0.05309	991	79.30	-505.98	71.17	31.62	0.12855	0.0087167	0	0	0	991	71.6	33.61	503.63	36.678	33.54	0	101	5059.8	110205
186	"17:30:55"	1040.5	0	3	20	0.565	503.4	36.64	0.0408	991	79.27	-505.99	71.17	31.62	0.098083	0.0080562	0	0	0	991	71.6	33.61	503.98	36.676	33.54	0	101	5059.9	110205
187	"17:30:57"	1042.5	0	3	20	0.575	503.6	36.66	0.04152	991	79.26	-506.00	71.18	31.63	0.10056	0.0067721	0	0	0	991	71.6	33.61	504.27	36.687	33.54	0	101	5060.0	110205
188	"17:30:59"	1044.5	0	3	20	0.67	503.8	36.67	0.0484	991	79.28	-506.00	71.18	31.63	0.11813	0.006129	0	0	0	991	71.6	33.61	504.42	36.689	33.54	0	101	5060.0	110205
189	"17:31:01"	1046.5	0	3	20	0.659	504.0	36.68	0.04759	991	79.37	-505.98	71.25	31.62	0.11692	0.0045569	0	0	0	991	71.6	33.61	504.74	36.716	33.54	0	101	5059.8	110205
190	"17:31:03"	1048.5	0	3	20	0.67	504.3	36.69	0.04839	991	79.43	-505.99	71.26	31.61	0.11855	0.0052736	0	0	0	991	71.6	33.61	504.90	36.730	33.54	0	101	5059.9	110205
191	"17:31:04"	1049.5	0	4	174	0.612	500.0	36.69	0.04423	991	79.43	-506.00	71.28	31.62	0.11669	0.0059406	0.00054841	-0.22997	0	991	71.6	33.61	504.82	36.741	33.54	0	101	5060.0	110205
192	"17:33:36"	1202.0	0	3	8	0.211	495.2	36.71	0.01526	991	79.41	-505.99	71.10	31.61	0.036556	0.0032848	0	0	0	991	71.6	33.65	495.44	36.717	33.57	0	101	5059.9	110205
193	"17:33:38"	1204.0	0	3	12	0.605	495.4	36.71	0.04372	991	79.47	-505.98	71.12	31.60	0.10765	0.0038026	0	0	0	991	71.6	33.65	495.63	36.729	33.57	0	101	5059.8	110205
194	"17:33:40"	1206.0	0	3	16	0.547	495.4	36.72	0.03955	991	79.54	-505.99	71.19	31.61	0.096061	0.0060086	0	0	0	991	71.6	33.65	496.13	36.768	33.58	0	101	5059.9	110205
195	"17:33:42"	1208.0	0	3	20	0.714	495.6	36.73	0.05161	991	79.48	-505.99	71.16	31.61	0.126	0.0065664	0	0	0	991	71.6	33.65	496.29	36.757	33.58	0	101	5059.9	110205
196	"17:33:44"	1210.0	0	3	20	0.751	495.8	36.74	0.05425	991	79.54	-505.99	71.20	31.61	0.13229	0.0072022	0	0	0	991	71.6	33.65	496.71	36.780	33.58	0	101	5059.9	110205
197	"17:33:46"	1212.0	0	3	20	0.739	496.1	36.76	0.0534	991	79.55	-506.00	71.26	31.62	0.12928	0.0089424	0	0	0	991	71.6	33.65	496.65	36.809	33.58	0	101	5060.0	110205
198	"17:33:48"	1214.0	0	3	20	0.679	496.3	36.77	0.04907	991	79.59	-506.00	71.26	31.62	0.11892	0.0079357	0	0	0	991	71.6	33.65	496.72	36.813	33.58	0	101	5060.0	110205
199	"17:33:50"	1216.0	0	3	20	0.42	496.5	36.79	0.03034	991	79.59	-505.99	71.25	31.62	0.072166	0.0075335	0	0	0	991	71.6	33.65	497.01	36.808	33.58	0	101	5059.9	110205
200	"17:33:52"	1218.0	0	3	20	0.462	496.7	36.80	0.0334	991	79.71	-506.00	71.32	31.61	0.080442	0.0063702	0	0	0	991	71.6	33.65	497.03	36.845	33.58	0	101	5060.0	110205
201	"17:33:54"	1220.0	0	3	20	0.447	496.9	36.82	0.03226	991	79.74	-505.99	71.35	31.61	0.077672	0.0062164	0	0	0	991	71.6	33.65	497.37	36.863	33.58	0	101	5059.9	110205
202	"17:33:56"	1222.0	0	3	20	0.686	497.1	36.83	0.04957	991	79.70	-505.98	71.37	31.62	0.12042	0.0074625	0	0	0	991	71.6	33.65	497.65	36.871	33.58	0	101	5059.8	110205
203	"17:33:58"	1224.0	0	3	20	0.808	497.3	36.85	0.05839	991	79.80	-505.99	71.44	31.62	0.14247	0.0075831	0	0	0	991	71.6	33.65	497.95	36.906	33.58	0	101	5059.9	110205
204	"17:34:00"	1226.0	0	3	20	0.706	497.5	36.86	0.05099	991	79.71	-506.00	71.40	31.63	0.12379	0.0078695	0	0	0	991	71.6	33.66	498.03	36.895	33.58	0	101	5060.0	110205
205	"17:34:02"	1228.0	0	3	20	0.591	497.8	36.87	0.0427	991	79.73	-505.99	71.41	31.63	0.10444	0.0050788	0	0	0	991	71.6	33.66	498.29	36.896	33.58	0	101	5059.9	110205
206	"17:34:04"	1230.0	0	3	20	0.512	498.0	36.89	0.03698	991	79.75	-505.99	71.40	31.62	0.090352	0.0045584	0	0	0	991	71.6	33.66	498.51	36.899	33.58	0	101	5059.9	110205
207	"17:34:06"	1232.0	0	3	20	0.573	498.2	36.89	0.04141	991	79.77	-506.00	71.45	31.63	0.10201	0.003507	0	0	0	991	71.6	33.66	498.53	36.926	33.58	0	101	5060.0	110205
208	"17:34:08"	1234.0	0	3	20	0.512	498.3	36.91	0.037	991	79.76	-506.00	71.49	31.64	0.089752	0.0058213	0	0	0	991	71.6	33.66	498.79	36.944	33.58	0	101	5060.0	110205
209	"17:34:10"	1236.0	0	3	20	0.548	498.5	36.92	0.03963	991	79.78	-506.00	71.51	31.64	0.095477	0.0074884	0	0	0	991	71.6	33.66	499.20	36.957	33.59	0	101	5060.0	110205
210	"17:34:12"	1238.0	0	3	20	0.533	498.7	36.93	0.03853	991	79.82	-506.00	71.53	31.64	0.092326	0.0082403	0	0	0	991	71.6	33.66	499.47	36.970	33.59	0	101	5060.0	110205
211	"17:34:14"	1240.0	0	3	20	0.657	498.9	36.95	0.04744	991	79.81	-506.00	71.56	31.65	0.11471	0.0081827	0	0	0	991	71.6	33.66	499.49	36.984	33.59	0	101	5060.0	110205
212	"17:34:16"	1242.0	0	3	20	0.753	499.1	36.96	0.05444	991	79.83	-506.01	71.56	31.65	0.13369	0.0053845	0	0	0	991	71.6	33.66	499.81	36.989	33.59	0	101	5060.1	110205
213	"17:34:18"	1244.0	0	3	20	0.833	499.5	36.98	0.06022	991	79.95	-506.00	71.64	31.64	0.14764	0.00641	0	0	0	991	71.6	33.66	500.25	37.023	33.59	0	101	5060.0	110205
214	"17:34:20"	1246.0	0	3	20	0.789	499.7	36.99	0.05702	991	80.03	-506.00	71.64	31.62	0.13989	0.0059018	0	0	0	991	71.6	33.66	500.06	37.026	33.59	0	101	5060.0	110205
215	"17:34:22"	1248.0	0	3	20	0.669	500.0	37.00	0.04833	991	79.98	-505.99	71.63	31.63	0.11834	0.0054215	0	0	0	991	71.6	33.66	500.54	37.019	33.59	0	101	5059.9	110205
216	"17:34:24"	1250.0	0	3	20	0.545	500.2	37.01	0.03938	991	79.94	-505.99	71.64	31.64	0.096356	0.0045891	0	0	0	991	71.6	33.66	500.50	37.028	33.59	0	101	5059.9	110205
217	"17:34:26"	1252.0	0	3	20	0.396	500.4	37.02	0.02861	991	80.03	-505.99	71.70	31.64	0.069742	0.0038328	0	0	0	991	71.6	33.66	500.73	37.058	33.59	0	101	5059.9	110205
218	"17:34:28"	1254.0	0	3	20	0.532	500.5	37.03	0.03844	991	80.03	-505.99	71.69	31.63	0.093476	0.0055705	0	0	0	991	71.6	33.66	501.18	37.056	33.59	0	101	5059.9	110205
219	"17:34:30"	1256.0	0	3	20	0.584	500.7	37.04	0.0422	991	80.06	-505.98	71.73	31.64	0.10246	0.0064537	0	0	0	991	71.6	33.66	501.28	37.075	33.59	0	101	5059.8	110205
220	"17:34:32"	1258.0	0	3	20	0.642	500.9	37.05	0.04641	991	80.12	-505.99	71.73	31.63	0.11307	0.0063081	0	0	0	991	71.6	33.66	501.63	37.078	33.59	0	101	5059.9	110205
221	"17:34:34"	1260.0	0	3	20	0.646	501.1	37.06	0.04664	991	80.20	-505.98	71.77	31.62	0.11397	0.0057082	0	0	0	991	71.6	33.66	501.66	37.096	33.59	0	101	5059.8	110205
222	"17:34:36"	1262.0	0	3	20	0.646	501.4	37.08	0.0467	991	80.21	-506.00	71.81	31.62	0.11457	0.0048415	0	0	0	991	71.6	33.66	501.81	37.118	33.59	0	101	5060.0	110205
223	"17:34:38"	1264.0	0	3	20	0.634	501.6	37.09	0.04581	991	80.19	-505.99	71.79	31.63	0.1112	0.0069929	0	0	0	991	71.6	33.66	502.20	37.109	33.59	0	101	5059.9	110205
224	"17:34:40"	1266.0	0	3	20	0.56	501.8	37.10	0.04049	991	80.16	-505.99	71.83	31.64	0.098433	0.0059313	0	0	0	991	71.6	33.66	502.16	37.127	33.59	0	101	5059.9	110205
225	"17:34:42"	1268.0	0	3	20	0.527	502.0	37.11	0.03805	991	80.18	-506.00	71.86	31.65	0.092187	0.0061435	0	0	0	991	71.6	33.66	502.65	37.145	33.59	0	101	5060.0	110205
226	"17:34:44"	1270.0	0	3	20	0.603	502.2	37.12	0.04357	991	80.24	-505.99	71.87	31.63	0.1065	0.0052452	0	0	0	991	71.6	33.66	502.76	37.147	33.59	0	101	5059.9	110205
227	"17:34:46"	1272.0	0	3	20	0.747	502.4	37.14	0.05395	991	80.24	-505.99	71.91	31.64	0.13229	0.0056731	0	0	0	991	71.6	33.66	503.12	37.170	33.59	0	101	5059.9	110205
228	"17:34:48"	1274.0	0	3	20	0.834	502.7	37.15	0.06027	991	80.24	-506.00	71.92	31.65	0.14731	0.0072879	0	0	0	991	71.6	33.66	503.42	37.175	33.59	0	101	5060.0	110205
229	"17:34:50"	1276.0	0	3	20	0.784	503.0	37.16	0.05666	991	80.34	-505.97	71.96	31.63	0.13896	0.0059138	0	0	0	991	71.6	33.66	503.47	37.190	33.59	0	101	5059.7	110205
230	"17:34:52"	1278.0	0	3	20	0.616	503.2	37.17	0.04451	991	80.34	-506.00	71.98	31.64	0.10849	0.0059322	0	0	0	991	71.6	33.67	503.78	37.210	33.59	0	101	5060.0	110205
231	"17:34:54"	1280.0	0	3	20	0.611	503.4	37.18	0.04416	991	80.31	-505.98	71.97	31.64	0.10793	0.0053433	0	0	0	991	71.6	33.66	503.98	37.205	33.59	0	101	5059.8	110205
232	"17:34:56"	1282.0	0	3	20	0.54	503.6	37.19	0.03904	991	80.46	-506.00	72.02	31.62	0.095406	0.0047037	0	0	0	991	71.6	33.67	504.13	37.231	33.59	0	101	5060.0	110205
233	"17:34:58"	1284.0	0	3	20	0.5	503.8	37.20	0.03613	991	80.42	-506.00	72.03	31.64	0.087906	0.0051122	0	0	0	991	71.6	33.67	504.11	37.238	33.59	0	101	5060.0	110205
234	"17:35:00"	1286.0	0	3	20	0.443	504.0	37.21	0.03198	991	80.41	-505.99	72.04	31.64	0.077308	0.005466	0	0	0	991	71.6	33.67	504.51	37.240	33.59	0	101	5059.9	110205
235	"17:35:02"	1288.0	0	3	20	0.39	504.1	37.23	0.02816	991	80.44	-505.99	72.07	31.64	0.067815	0.0053051	0	0	0	991	71.6	33.66	504.65	37.255	33.59	0	101	5059.9	110205
236	"17:35:04"	1290.0	0	3	20	0.574	504.3	37.24	0.04146	991	80.40	-505.98	72.06	31.65	0.1007	0.0062067	0	0	0	991	71.6	33.67	505.18	37.254	33.59	0	101	5059.8	110205
237	"17:35:05"	1290.5	0	4	177	0.599	500.0	37.24	0.04325	991	80.41	-505.99	72.08	31.65	0.1007	0.0062067	-0.00018266	0.13458	0	991	71.6	33.67	505.17	37.260	33.59	0	101	5059.9	110205
