"OPEN 5.3.2"
"Fri May 31 2019 13:45:33"
"Unit="	"PSC-895"
"ComputeList="	"/User/Configs/Comps/Soil Efflux Eqns.LPL"
"BLCTable="	"/Sys/Lib/StdBLCTable"
"LightSource="	"Sun+Sky"	1	0.19
"LogFormat="	"/User/Configs/LogFormats/Soil Efflux Log Fmt"
"LogCodes="	-35	-21	-36	-104	310	311	320	302	303	306	304	321	322	323	324	300	301	330	331	305	307	308	-8	-2	-5	-9	-13	-11	-61	-23
"PromptList="	"/User/Configs/Prompts/Soil Efflux Prompts"
"Stability= (CO2S 15s SLP<1)(H2OS 15s SLP<1)(Flow 15s SLP<1)"
"13:45:34 "
$STARTOFDATA$
"Obs"	"HHMMSS"	"FTime"	"Plot#"	"Mode"	"Smpls"	"EFFLUX"	"C2avg"	"Wavg"	"dc'/dt"	"Vtot"	"RHcmbr%"	"Tsoil_C"	"RHirga%"	"Tsch_C"	"dC/dt"	"dW/dt"	"R(C)m"	"R(C)b"	"InsDpth"	"Vbase"	"Area"	"TBlk"	"CO2S"	"H2OS"	"Tair"	"PARo"	"Press"	"uc_21_mV"	"Status"
1	"13:53:33"	490.0	0	3	8	0.541	530.2	19.60	0.0391	991	58.38	-506.06	51.84	26.14	0.089623	0.01195	0	0	0	991	71.6	28.22	530.58	19.629	28.17	0	101.2	5060.6	110205
2	"13:53:35"	492.0	0	3	12	0.467	530.3	19.61	0.03372	991	58.40	-506.07	51.86	26.15	0.078215	0.0086078	0	0	0	991	71.6	28.22	530.17	19.639	28.17	0	101.2	5060.7	110205
3	"13:53:37"	494.0	0	3	16	0.343	530.3	19.62	0.02476	991	58.45	-506.06	51.89	26.14	0.056705	0.007651	0	0	0	991	71.6	28.22	530.54	19.650	28.17	0	101.2	5060.6	110205
4	"13:53:39"	496.0	0	3	20	0.265	530.3	19.62	0.01911	991	58.48	-506.05	51.90	26.13	0.043206	0.0069499	0	0	0	991	71.6	28.22	530.66	19.650	28.17	0	101.2	5060.5	110205
5	"13:53:41"	498.0	0	3	20	0.181	530.4	19.64	0.01305	991	58.59	-506.06	51.99	26.13	0.029065	0.005555	0	0	0	991	71.6	28.22	530.82	19.689	28.17	0	101.2	5060.6	110205
6	"13:53:43"	500.0	0	3	20	0.267	530.5	19.65	0.01928	991	58.63	-506.05	52.02	26.13	0.043491	0.0071972	0	0	0	991	71.6	28.22	530.80	19.698	28.17	0	101.2	5060.5	110205
7	"13:53:45"	502.0	0	3	20	0.434	530.6	19.67	0.03134	991	58.66	-506.06	52.04	26.13	0.072768	0.0078339	0	0	0	991	71.6	28.22	530.90	19.704	28.17	0	101.2	5060.6	110205
8	"13:53:47"	504.0	0	3	20	0.426	530.7	19.68	0.03077	991	58.74	-506.06	52.09	26.12	0.071309	0.0079142	0	0	0	991	71.6	28.22	531.00	19.725	28.17	0	101.2	5060.6	110205
9	"13:53:49"	506.0	0	3	20	0.317	530.8	19.70	0.02287	991	58.72	-506.06	52.09	26.13	0.052024	0.0077125	0	0	0	991	71.6	28.22	531.21	19.725	28.17	0	101.2	5060.6	110205
10	"13:53:51"	508.0	0	3	20	0.172	531.0	19.71	0.01241	991	58.73	-506.05	52.13	26.14	0.027317	0.0058446	0	0	0	991	71.6	28.22	531.20	19.736	28.17	0	101.2	5060.5	110205
11	"13:53:53"	510.0	0	3	20	0.207	531.0	19.72	0.01497	991	58.74	-506.06	52.15	26.14	0.033831	0.0054395	0	0	0	991	71.6	28.22	531.38	19.744	28.17	0	101.2	5060.6	110205
12	"13:53:55"	512.0	0	3	20	0.371	531.1	19.73	0.02677	991	58.84	-506.06	52.21	26.13	0.062932	0.0052479	0	0	0	991	71.6	28.22	531.43	19.769	28.17	0	101.2	5060.6	110205
13	"13:53:57"	514.0	0	3	20	0.485	531.3	19.74	0.03506	991	58.83	-506.05	52.26	26.15	0.083257	0.0053296	0	0	0	991	71.6	28.22	531.73	19.784	28.17	0	101.2	5060.5	110205
14	"13:53:59"	516.0	0	3	20	0.459	531.4	19.76	0.03313	991	58.90	-506.07	52.30	26.14	0.077284	0.0076119	0	0	0	991	71.6	28.22	531.71	19.800	28.17	0	101.2	5060.7	110205
15	"13:54:01"	518.0	0	3	20	0.435	531.6	19.77	0.03139	991	58.96	-506.06	52.36	26.14	0.072284	0.0089612	0	0	0	991	71.6	28.22	531.99	19.821	28.17	0	101.2	5060.6	110205
16	"13:54:03"	520.0	0	3	20	0.292	531.7	19.79	0.02108	991	58.99	-506.07	52.38	26.14	0.047237	0.0083862	0	0	0	991	71.6	28.22	531.91	19.829	28.17	0	101.2	5060.7	110205
17	"13:54:05"	522.0	0	3	20	0.276	531.8	19.81	0.01996	991	59.02	-506.06	52.41	26.14	0.045119	0.0072528	0	0	0	991	71.6	28.21	531.93	19.841	28.16	0	101.2	5060.6	110205
18	"13:54:07"	524.0	0	3	20	0.373	531.9	19.82	0.02696	991	59.09	-506.06	52.45	26.13	0.062537	0.0068454	0	0	0	991	71.6	28.21	532.29	19.853	28.16	0	101.2	5060.6	110205
19	"13:54:09"	526.0	0	3	20	0.428	532.0	19.83	0.0309	991	59.12	-506.06	52.48	26.13	0.072343	0.0065849	0	0	0	991	71.6	28.21	532.36	19.867	28.16	0	101.2	5060.6	110205
20	"13:54:11"	528.0	0	3	20	0.466	532.2	19.85	0.03369	991	59.18	-506.06	52.53	26.13	0.079453	0.0061358	0	0	0	991	71.6	28.21	532.46	19.885	28.16	0	101.2	5060.6	110205
21	"13:54:13"	530.0	0	3	20	0.411	532.3	19.86	0.02972	991	59.20	-506.05	52.55	26.13	0.069613	0.0062965	0	0	0	991	71.6	28.21	532.71	19.888	28.16	0	101.2	5060.5	110205
22	"13:54:15"	532.0	0	3	20	0.365	532.5	19.87	0.02639	991	59.25	-506.06	52.61	26.14	0.061529	0.006098	0	0	0	991	71.6	28.21	532.50	19.912	28.16	0	101.2	5060.6	110205
23	"13:54:17"	534.0	0	3	20	0.253	532.5	19.88	0.0183	991	59.30	-506.04	52.66	26.14	0.041209	0.0069067	0	0	0	991	71.6	28.21	532.80	19.930	28.16	0	101.2	5060.4	110205
24	"13:54:19"	536.0	0	3	20	0.319	532.6	19.90	0.02301	991	59.23	-506.05	52.61	26.14	0.052696	0.0070944	0	0	0	991	71.6	28.21	532.70	19.908	28.16	0	101.2	5060.5	110205
25	"13:54:21"	538.0	0	3	20	0.268	532.7	19.91	0.01936	991	59.37	-506.06	52.71	26.13	0.04437	0.0058982	0	0	0	991	71.6	28.21	533.05	19.950	28.16	0	101.2	5060.6	110205
26	"13:54:23"	540.0	0	3	20	0.387	532.9	19.93	0.02798	991	59.42	-506.07	52.75	26.13	0.064644	0.0075549	0	0	0	991	71.6	28.21	533.37	19.962	28.16	0	101.2	5060.7	110205
27	"13:54:25"	542.0	0	3	20	0.538	533.0	19.94	0.03887	991	59.44	-506.04	52.77	26.13	0.091747	0.0069045	0	0	0	991	71.6	28.21	533.28	19.968	28.16	0	101.2	5060.4	110205
28	"13:54:27"	544.0	0	3	20	0.398	533.1	19.95	0.02878	991	59.53	-506.05	52.83	26.12	0.06674	0.0073157	0	0	0	991	71.6	28.21	533.26	19.991	28.16	0	101.2	5060.5	110205
29	"13:54:29"	546.0	0	3	20	0.278	533.2	19.97	0.02009	991	59.54	-506.07	52.84	26.12	0.045292	0.0074956	0	0	0	991	71.6	28.21	533.39	19.993	28.16	0	101.2	5060.7	110205
30	"13:54:31"	548.0	0	3	20	0.164	533.3	19.98	0.01186	991	59.68	-506.04	52.94	26.12	0.025522	0.0066259	0	0	0	991	71.6	28.21	533.67	20.032	28.16	0	101.2	5060.4	110205
31	"13:54:33"	550.0	0	3	20	0.331	533.4	19.99	0.02395	991	59.64	-506.07	52.90	26.11	0.054603	0.0077879	0	0	0	991	71.6	28.21	534.00	20.016	28.16	0	101.2	5060.6	110205
32	"13:54:35"	552.0	0	3	20	0.446	533.5	20.01	0.0322	991	59.75	-506.05	53.00	26.11	0.075424	0.006764	0	0	0	991	71.6	28.20	533.92	20.049	28.15	0	101.2	5060.5	110205
33	"13:54:37"	554.0	0	3	20	0.501	533.7	20.02	0.03618	991	59.72	-506.05	53.01	26.12	0.085448	0.006334	0	0	0	991	71.6	28.20	534.16	20.053	28.15	0	101.2	5060.5	110205
34	"13:54:39"	556.0	0	3	20	0.423	533.8	20.04	0.03056	991	59.74	-506.06	53.03	26.13	0.071433	0.0067127	0	0	0	991	71.6	28.20	534.16	20.064	28.16	0	101.2	5060.6	110205
35	"13:54:41"	558.0	0	3	20	0.394	534.0	20.05	0.02849	991	59.82	-506.06	53.08	26.12	0.066501	0.0064129	0	0	0	991	71.6	28.20	534.18	20.084	28.16	0	101.2	5060.6	110205
36	"13:54:43"	560.0	0	3	20	0.361	534.1	20.06	0.02606	991	59.78	-506.06	53.08	26.13	0.06014	0.0071571	0	0	0	991	71.6	28.20	534.27	20.079	28.15	0	101.2	5060.6	110205
37	"13:54:45"	562.0	0	3	20	0.277	534.2	20.07	0.02003	991	59.87	-506.06	53.15	26.12	0.046097	0.0057138	0	0	0	991	71.6	28.20	534.64	20.106	28.15	0	101.2	5060.6	110205
38	"13:54:47"	564.0	0	3	20	0.263	534.3	20.09	0.01901	991	59.94	-506.06	53.20	26.12	0.04327	0.0063082	0	0	0	991	71.6	28.20	534.60	20.127	28.15	0	101.2	5060.6	110205
39	"13:54:49"	566.0	0	3	20	0.332	534.4	20.10	0.02398	991	59.97	-506.06	53.25	26.13	0.05461	0.0079042	0	0	0	991	71.6	28.20	534.88	20.142	28.15	0	101.2	5060.6	110205
40	"13:54:51"	568.0	0	3	20	0.444	534.5	20.11	0.03205	991	60.03	-506.06	53.28	26.12	0.074757	0.0073113	0	0	0	991	71.6	28.20	534.61	20.155	28.15	0	101.2	5060.6	110205
41	"13:54:53"	570.0	0	3	20	0.354	534.6	20.13	0.02561	991	60.04	-506.06	53.30	26.12	0.058757	0.0076249	0	0	0	991	71.6	28.20	534.81	20.161	28.15	0	101.2	5060.6	110205
42	"13:54:55"	572.0	0	3	20	0.306	534.8	20.14	0.02214	991	60.06	-506.05	53.36	26.13	0.05081	0.0065692	0	0	0	991	71.6	28.20	535.37	20.181	28.15	0	101.2	5060.5	110205
43	"13:54:57"	574.0	0	3	20	0.477	534.9	20.16	0.03449	991	60.09	-506.06	53.38	26.13	0.081259	0.0063857	0	0	0	991	71.6	28.20	535.28	20.189	28.15	0	101.2	5060.6	110205
44	"13:54:59"	576.0	0	3	20	0.447	535.1	20.17	0.03227	991	60.13	-506.06	53.43	26.13	0.075391	0.0071388	0	0	0	991	71.6	28.20	535.39	20.204	28.15	0	101.2	5060.6	110205
45	"13:55:01"	578.0	0	3	20	0.504	535.2	20.19	0.03641	991	60.18	-506.08	53.49	26.14	0.085251	0.0076956	0	0	0	991	71.6	28.20	535.85	20.227	28.15	0	101.2	5060.8	110205
46	"13:55:03"	580.0	0	3	20	0.463	535.4	20.20	0.03342	991	60.23	-506.06	53.52	26.13	0.077884	0.0077424	0	0	0	991	71.6	28.19	535.65	20.236	28.15	0	101.2	5060.6	110205
47	"13:55:05"	582.0	0	3	20	0.286	535.5	20.22	0.0207	991	60.30	-506.06	53.58	26.13	0.046473	0.0080239	0	0	0	991	71.6	28.19	535.68	20.260	28.15	0	101.2	5060.6	110205
48	"13:55:07"	584.0	0	3	20	0.416	535.6	20.23	0.03003	991	60.34	-506.07	53.60	26.13	0.06948	0.0078688	0	0	0	991	71.6	28.19	535.73	20.265	28.14	0	101.2	5060.7	110205
49	"13:55:09"	586.0	0	3	20	0.251	535.7	20.25	0.01812	991	60.37	-506.05	53.65	26.13	0.040598	0.0071737	0	0	0	991	71.6	28.19	535.68	20.281	28.14	0	101.2	5060.5	110205
50	"13:55:11"	588.0	0	3	20	0.103	535.8	20.26	0.00746	991	60.38	-506.06	53.66	26.13	0.014819	0.006423	0	0	0	991	71.6	28.19	535.83	20.286	28.14	0	101.2	5060.6	110205
51	"13:55:13"	590.0	0	4	200	0.331	550.0	20.27	0.02393	991	60.41	-506.06	53.70	26.14	0.030674	0.0055489	-9.2778E-05	0.07496	0	991	71.6	28.19	536.07	20.302	28.14	0	101.2	5060.6	110205
52	"14:06:55"	1292.5	0	3	8	0.556	530.0	23.05	0.04016	991	69.02	-506.07	61.57	26.03	0.09693	0.0032003	0	0	0	991	71.6	28.02	530.05	23.052	27.97	0	101.2	5060.7	110205
53	"14:06:57"	1294.5	0	3	12	0.429	530.0	23.05	0.03098	991	69.07	-506.06	61.58	26.02	0.075445	0.0011985	0	0	0	991	71.6	28.02	530.24	23.056	27.97	0	101.2	5060.6	110205
54	"14:06:59"	1296.5	0	3	16	0.542	530.1	23.06	0.03919	991	69.03	-506.06	61.58	26.03	0.094817	0.0026954	0	0	0	991	71.6	28.02	530.51	23.057	27.97	0	101.2	5060.6	110205
55	"14:07:01"	1298.5	0	3	20	0.383	530.2	23.06	0.02769	991	69.07	-506.07	61.60	26.02	0.066971	0.0019439	0	0	0	991	71.6	28.02	530.28	23.062	27.97	0	101.2	5060.7	110205
56	"14:07:03"	1300.5	0	3	20	0.286	530.3	23.06	0.02069	991	69.13	-506.07	61.65	26.02	0.049869	0.0017673	0	0	0	991	71.6	28.02	530.64	23.082	27.97	0	101.2	5060.7	110205
57	"14:07:05"	1302.5	0	3	20	0.203	530.4	23.07	0.01464	991	69.11	-506.05	61.65	26.03	0.034515	0.00265	0	0	0	991	71.6	28.02	530.64	23.081	27.97	0	101.2	5060.5	110205
58	"14:07:07"	1304.5	0	3	20	0.251	530.5	23.07	0.01814	991	69.12	-506.05	61.65	26.03	0.043257	0.0024112	0	0	0	991	71.6	28.02	530.75	23.080	27.97	0	101.2	5060.5	110205
59	"14:07:09"	1306.5	0	3	20	0.432	530.6	23.08	0.03119	991	69.14	-506.07	61.68	26.03	0.074733	0.0034689	0	0	0	991	71.6	28.02	530.96	23.094	27.97	0	101.2	5060.7	110205
60	"14:07:11"	1308.5	0	3	20	0.505	530.8	23.08	0.03651	991	69.18	-506.06	61.72	26.03	0.088058	0.0030039	0	0	0	991	71.6	28.02	531.14	23.107	27.97	0	101.2	5060.6	110205
61	"14:07:13"	1310.5	0	3	20	0.36	530.9	23.09	0.02602	991	69.21	-506.05	61.73	26.02	0.062074	0.0033892	0	0	0	991	71.6	28.02	530.89	23.110	27.97	0	101.2	5060.5	110205
62	"14:07:15"	1312.5	0	3	20	0.261	531.0	23.10	0.01887	991	69.22	-506.07	61.73	26.02	0.044341	0.0037117	0	0	0	991	71.6	28.02	531.31	23.114	27.97	0	101.2	5060.7	110205
63	"14:07:17"	1314.5	0	3	20	0.316	531.1	23.10	0.02286	991	69.21	-506.06	61.74	26.03	0.054159	0.0036696	0	0	0	991	71.6	28.02	531.03	23.114	27.97	0	101.2	5060.6	110205
64	"14:07:19"	1316.5	0	3	20	0.253	531.2	23.11	0.01827	991	69.25	-506.06	61.77	26.03	0.042869	0.0037247	0	0	0	991	71.6	28.02	531.44	23.123	27.97	0	101.2	5060.6	110205
65	"14:07:21"	1318.5	0	3	20	0.411	531.3	23.12	0.0297	991	69.32	-506.05	61.83	26.02	0.071177	0.0032739	0	0	0	991	71.6	28.02	531.90	23.146	27.97	0	101.2	5060.5	110205
66	"14:07:23"	1320.5	0	3	20	0.412	531.4	23.12	0.02974	991	69.26	-506.07	61.77	26.02	0.071097	0.0036325	0	0	0	991	71.6	28.02	531.78	23.126	27.97	0	101.2	5060.7	110205
67	"14:07:25"	1322.5	0	3	20	0.385	531.6	23.13	0.02783	991	69.34	-506.06	61.81	26.02	0.067396	0.0018047	0	0	0	991	71.6	28.02	531.80	23.142	27.97	0	101.2	5060.6	110205
68	"14:07:27"	1324.5	0	3	20	0.413	531.7	23.13	0.02983	991	69.40	-506.06	61.87	26.02	0.071839	0.0026316	0	0	0	991	71.6	28.02	532.29	23.164	27.97	0	101.2	5060.6	110205
69	"14:07:29"	1326.5	0	3	20	0.224	531.8	23.14	0.0162	991	69.36	-506.07	61.84	26.02	0.038195	0.0029322	0	0	0	991	71.6	28.02	532.04	23.154	27.97	0	101.2	5060.7	110205
70	"14:07:31"	1328.5	0	3	20	0.31	531.9	23.15	0.02241	991	69.35	-506.07	61.85	26.02	0.053407	0.0030272	0	0	0	991	71.6	28.02	532.35	23.156	27.97	0	101.2	5060.7	110205
71	"14:07:33"	1330.5	0	3	20	0.307	532.0	23.15	0.02215	991	69.36	-506.05	61.87	26.03	0.052488	0.0035432	0	0	0	991	71.6	28.02	532.45	23.162	27.97	0	101.2	5060.5	110205
72	"14:07:35"	1332.5	0	3	20	0.374	532.2	23.16	0.02701	991	69.34	-506.06	61.85	26.02	0.065495	0.0015585	0	0	0	991	71.6	28.02	532.52	23.152	27.97	0	101.2	5060.6	110205
73	"14:07:37"	1334.5	0	3	20	0.359	532.3	23.16	0.02594	991	69.39	-506.06	61.90	26.02	0.063068	0.0012241	0	0	0	991	71.6	28.02	532.43	23.170	27.97	0	101.2	5060.6	110205
74	"14:07:39"	1336.5	0	3	20	0.205	532.4	23.16	0.01479	991	69.37	-506.06	61.90	26.03	0.035492	0.0015328	0	0	0	991	71.6	28.02	532.55	23.171	27.97	0	101.2	5060.6	110205
75	"14:07:41"	1338.5	0	3	20	0.205	532.4	23.17	0.01483	991	69.45	-506.06	61.95	26.02	0.035255	0.0021617	0	0	0	991	71.6	28.02	532.74	23.189	27.97	0	101.2	5060.6	110205
76	"14:07:43"	1340.5	0	3	20	0.24	532.6	23.17	0.01737	991	69.50	-506.06	61.98	26.02	0.040591	0.0038114	0	0	0	991	71.6	28.02	532.97	23.199	27.97	0	101.2	5060.6	110205
77	"14:07:45"	1342.5	0	3	20	0.365	532.7	23.18	0.02639	991	69.48	-506.06	61.96	26.02	0.062239	0.0047381	0	0	0	991	71.6	28.02	533.22	23.195	27.97	0	101.2	5060.6	110205
78	"14:07:47"	1344.5	0	3	20	0.514	532.8	23.19	0.03712	991	69.51	-506.04	61.98	26.02	0.088845	0.0043195	0	0	0	991	71.6	28.02	533.22	23.198	27.97	0	101.2	5060.4	110205
79	"14:07:49"	1346.5	0	3	20	0.455	533.0	23.19	0.03284	991	69.57	-506.07	62.02	26.01	0.079096	0.002895	0	0	0	991	71.6	28.02	533.16	23.217	27.97	0	101.2	5060.7	110205
80	"14:07:51"	1348.5	0	3	20	0.361	533.1	23.20	0.02607	991	69.54	-506.07	62.02	26.02	0.062727	0.0024246	0	0	0	991	71.6	28.02	533.68	23.213	27.97	0	101.2	5060.7	110205
81	"14:07:53"	1350.5	0	3	20	0.314	533.2	23.20	0.0227	991	69.55	-506.06	62.03	26.02	0.054576	0.0021793	0	0	0	991	71.6	28.02	533.63	23.217	27.97	0	101.2	5060.6	110205
82	"14:07:55"	1352.5	0	3	20	0.333	533.4	23.21	0.02404	991	69.58	-506.06	62.08	26.02	0.057639	0.0025866	0	0	0	991	71.6	28.02	533.58	23.235	27.97	0	101.2	5060.6	110205
83	"14:07:57"	1354.5	0	3	20	0.399	533.5	23.21	0.02884	991	69.58	-506.06	62.08	26.02	0.069309	0.0028397	0	0	0	991	71.6	28.02	533.75	23.236	27.97	0	101.2	5060.6	110205
84	"14:07:59"	1356.5	0	3	20	0.378	533.6	23.22	0.02731	991	69.63	-506.07	62.13	26.03	0.065673	0.002619	0	0	0	991	71.6	28.02	533.98	23.253	27.97	0	101.2	5060.7	110205
85	"14:08:01"	1358.5	0	3	20	0.343	533.7	23.23	0.02478	991	69.59	-506.07	62.08	26.02	0.058764	0.0038725	0	0	0	991	71.6	28.02	533.81	23.235	27.97	0	101.2	5060.7	110205
86	"14:08:03"	1360.5	0	3	20	0.26	533.8	23.23	0.01881	991	69.63	-506.06	62.11	26.02	0.04483	0.0025299	0	0	0	991	71.6	28.02	533.98	23.245	27.97	0	101.2	5060.6	110205
87	"14:08:05"	1362.5	0	3	20	0.281	533.9	23.24	0.02027	991	69.67	-506.05	62.15	26.02	0.048321	0.0026969	0	0	0	991	71.6	28.02	534.24	23.260	27.97	0	101.2	5060.5	110205
88	"14:08:07"	1364.5	0	3	20	0.351	534.1	23.24	0.02537	991	69.70	-506.07	62.18	26.03	0.061001	0.002412	0	0	0	991	71.6	28.02	534.40	23.277	27.97	0	101.2	5060.7	110205
89	"14:08:09"	1366.5	0	3	20	0.387	534.2	23.25	0.02794	991	69.73	-506.06	62.19	26.02	0.066536	0.003846	0	0	0	991	71.6	28.02	534.34	23.276	27.97	0	101.2	5060.6	110205
90	"14:08:11"	1368.5	0	3	20	0.419	534.3	23.26	0.03029	991	69.74	-506.06	62.18	26.01	0.071711	0.0049382	0	0	0	991	71.6	28.02	534.65	23.272	27.97	0	101.2	5060.6	110205
91	"14:08:13"	1370.5	0	3	20	0.413	534.4	23.27	0.02983	991	69.74	-506.06	62.20	26.02	0.071555	0.0031728	0	0	0	991	71.6	28.02	534.62	23.282	27.97	0	101.2	5060.6	110205
92	"14:08:15"	1372.5	0	3	20	0.313	534.5	23.27	0.02259	991	69.82	-506.06	62.25	26.02	0.053914	0.0028886	0	0	0	991	71.6	28.02	534.78	23.302	27.97	0	101.2	5060.6	110205
93	"14:08:17"	1374.5	0	3	20	0.371	534.7	23.28	0.02679	991	69.84	-506.06	62.27	26.01	0.064304	0.0027481	0	0	0	991	71.6	28.02	535.32	23.307	27.97	0	101.2	5060.6	110205
94	"14:08:19"	1376.5	0	3	20	0.512	534.8	23.29	0.03703	991	69.79	-506.07	62.24	26.02	0.089147	0.0033097	0	0	0	991	71.6	28.02	535.12	23.298	27.97	0	101.2	5060.7	110205
95	"14:08:21"	1378.5	0	3	20	0.377	534.9	23.29	0.02722	991	69.83	-506.05	62.26	26.02	0.065175	0.0030762	0	0	0	991	71.6	28.02	535.41	23.305	27.97	0	101.2	5060.5	110205
96	"14:08:23"	1380.5	0	3	20	0.392	535.1	23.30	0.0283	991	69.82	-506.07	62.26	26.02	0.068474	0.0019213	0	0	0	991	71.6	28.02	535.40	23.306	27.97	0	101.2	5060.7	110205
97	"14:08:25"	1382.5	0	3	20	0.242	535.2	23.30	0.01746	991	69.83	-506.05	62.27	26.02	0.042207	0.0012708	0	0	0	991	71.6	28.02	535.49	23.309	27.97	0	101.2	5060.5	110205
98	"14:08:27"	1384.5	0	3	20	0.223	535.3	23.31	0.01614	991	69.85	-506.07	62.28	26.02	0.038471	0.0021626	0	0	0	991	71.6	28.02	535.45	23.316	27.97	0	101.2	5060.7	110205
99	"14:08:29"	1386.5	0	3	20	0.373	535.4	23.31	0.02694	991	69.87	-506.05	62.30	26.02	0.064781	0.002572	0	0	0	991	71.6	28.02	535.54	23.323	27.97	0	101.2	5060.5	110205
100	"14:08:31"	1388.5	0	3	20	0.361	535.5	23.32	0.02611	991	69.88	-506.06	62.29	26.02	0.06277	0.0025	0	0	0	991	71.6	28.02	535.72	23.322	27.97	0	101.2	5060.6	110205
101	"14:08:33"	1390.5	0	3	20	0.329	535.6	23.32	0.02376	991	69.93	-506.07	62.32	26.01	0.057075	0.0023578	0	0	0	991	71.6	28.03	535.97	23.333	27.97	0	101.2	5060.6	110205
102	"14:08:35"	1392.5	0	4	200	0.285	550.0	23.32	0.02058	991	69.97	-506.05	62.36	26.01	0.056148	0.0028225	-0.00026773	0.16783	0	991	71.6	28.03	535.83	23.349	27.97	0	101.2	5060.5	110205
103	"14:20:03"	2080.0	0	3	8	0.487	530.1	24.59	0.03519	991	74.02	-506.06	65.82	25.93	0.08574	0.001312	0	0	0	991	71.6	27.99	530.49	24.586	27.93	0	101.2	5060.6	110205
104	"14:20:05"	2082.0	0	3	12	0.467	530.2	24.59	0.03373	991	74.07	-506.08	65.82	25.92	0.082301	0.0010221	0	0	0	991	71.6	27.99	530.27	24.587	27.93	0	101.2	5060.8	110205
105	"14:20:07"	2084.0	0	3	16	0.416	530.2	24.59	0.03003	991	74.12	-506.06	65.86	25.92	0.072293	0.0027351	0	0	0	991	71.6	27.99	530.68	24.600	27.93	0	101.2	5060.6	110205
106	"14:20:09"	2086.0	0	3	20	0.421	530.3	24.59	0.03044	991	74.13	-506.06	65.87	25.92	0.073551	0.0022662	0	0	0	991	71.6	27.99	530.69	24.603	27.93	0	101.2	5060.6	110205
107	"14:20:11"	2088.0	0	3	20	0.469	530.5	24.60	0.0339	991	74.11	-506.07	65.87	25.92	0.081791	0.0027385	0	0	0	991	71.6	27.99	530.58	24.606	27.93	0	101.2	5060.7	110205
108	"14:20:13"	2090.0	0	3	20	0.318	530.6	24.60	0.02295	991	74.11	-506.07	65.87	25.92	0.055423	0.0017425	0	0	0	991	71.6	27.99	530.86	24.602	27.93	0	101.2	5060.7	110205
109	"14:20:15"	2092.0	0	3	20	0.278	530.7	24.60	0.02006	991	74.11	-506.06	65.87	25.92	0.049533	-0.00048768	0	0	0	991	71.6	27.99	531.22	24.601	27.93	0	101.2	5060.6	110205
110	"14:20:17"	2094.0	0	3	20	0.218	530.8	24.60	0.01576	991	74.15	-506.05	65.89	25.92	0.038313	0.0007464	0	0	0	991	71.6	27.99	530.96	24.608	27.93	0	101.2	5060.5	110205
111	"14:20:19"	2096.0	0	3	20	0.195	530.9	24.61	0.01407	991	74.17	-506.06	65.92	25.92	0.033923	0.0011802	0	0	0	991	71.6	27.99	531.07	24.617	27.92	0	101.2	5060.6	110205
112	"14:20:21"	2098.0	0	3	20	0.399	531.0	24.61	0.0288	991	74.18	-506.06	65.92	25.92	0.069075	0.003077	0	0	0	991	71.6	27.99	531.42	24.618	27.92	0	101.2	5060.6	110205
113	"14:20:23"	2100.0	0	3	20	0.474	531.2	24.61	0.03424	991	74.19	-506.06	65.91	25.91	0.082491	0.0029862	0	0	0	991	71.6	27.99	531.38	24.616	27.92	0	101.2	5060.6	110205
114	"14:20:25"	2102.0	0	3	20	0.44	531.3	24.62	0.03176	991	74.21	-506.07	65.93	25.91	0.077439	0.0010588	0	0	0	991	71.6	27.99	531.51	24.623	27.92	0	101.2	5060.7	110205
115	"14:20:27"	2104.0	0	3	20	0.425	531.4	24.62	0.03073	991	74.20	-506.05	65.93	25.91	0.075084	0.00073543	0	0	0	991	71.6	27.99	531.73	24.622	27.92	0	101.2	5060.5	110205
116	"14:20:29"	2106.0	0	3	20	0.267	531.5	24.62	0.01929	991	74.22	-506.05	65.96	25.91	0.047167	0.00039949	0	0	0	991	71.6	27.99	531.64	24.632	27.92	0	101.2	5060.5	110205
117	"14:20:31"	2108.0	0	3	20	0.221	531.7	24.62	0.01598	991	74.19	-506.07	65.96	25.92	0.038681	0.0010734	0	0	0	991	71.6	27.99	531.93	24.632	27.92	0	101.2	5060.7	110205
118	"14:20:33"	2110.0	0	3	20	0.323	531.7	24.62	0.02331	991	74.19	-506.05	65.96	25.92	0.056496	0.0014143	0	0	0	991	71.6	27.99	531.86	24.631	27.92	0	101.2	5060.5	110205
119	"14:20:35"	2112.0	0	3	20	0.317	531.8	24.63	0.02292	991	74.20	-506.06	65.94	25.92	0.055958	0.0006234	0	0	0	991	71.6	27.99	532.28	24.625	27.92	0	101.2	5060.6	110205
120	"14:20:37"	2114.0	0	3	20	0.441	532.0	24.63	0.03187	991	74.25	-506.06	66.00	25.92	0.077732	0.001038	0	0	0	991	71.6	27.99	532.59	24.645	27.92	0	101.2	5060.6	110205
121	"14:20:39"	2116.0	0	3	20	0.476	532.1	24.63	0.03437	991	74.23	-506.06	65.98	25.92	0.083426	0.0018534	0	0	0	991	71.6	27.99	532.24	24.636	27.92	0	101.2	5060.6	110205
122	"14:20:41"	2118.0	0	3	20	0.399	532.3	24.64	0.02885	991	74.28	-506.07	66.01	25.91	0.069766	0.0020229	0	0	0	991	71.6	27.99	532.59	24.646	27.92	0	101.2	5060.7	110205
123	"14:20:43"	2120.0	0	3	20	0.34	532.4	24.64	0.02453	991	74.25	-506.06	65.99	25.91	0.058577	0.0030873	0	0	0	991	71.6	27.98	532.55	24.636	27.92	0	101.2	5060.6	110205
124	"14:20:45"	2122.0	0	3	20	0.16	532.5	24.65	0.01157	991	74.26	-506.06	66.02	25.92	0.027514	0.0016537	0	0	0	991	71.6	27.99	532.73	24.647	27.92	0	101.2	5060.6	110205
125	"14:20:47"	2124.0	0	3	20	0.141	532.5	24.65	0.01022	991	74.30	-506.05	66.04	25.91	0.024901	0.00038082	0	0	0	991	71.6	27.98	532.68	24.657	27.92	0	101.2	5060.5	110205
126	"14:20:49"	2126.0	0	3	20	0.276	532.6	24.65	0.01992	991	74.28	-506.06	66.04	25.92	0.048611	0.0005719	0	0	0	991	71.6	27.98	533.21	24.656	27.92	0	101.2	5060.6	110205
127	"14:20:51"	2128.0	0	3	20	0.329	532.7	24.65	0.02379	991	74.31	-506.07	66.07	25.92	0.058081	0.00066852	0	0	0	991	71.6	27.98	533.20	24.667	27.92	0	101.2	5060.7	110205
128	"14:20:53"	2130.0	0	3	20	0.484	532.9	24.65	0.03497	991	74.35	-506.07	66.08	25.91	0.084601	0.0023882	0	0	0	991	71.6	27.98	533.08	24.672	27.92	0	101.2	5060.7	110205
129	"14:20:55"	2132.0	0	3	20	0.442	533.0	24.66	0.03195	991	74.35	-506.07	66.09	25.91	0.077159	0.002445	0	0	0	991	71.6	27.98	533.64	24.674	27.92	0	101.2	5060.7	110205
130	"14:20:57"	2134.0	0	3	20	0.414	533.2	24.66	0.02994	991	74.40	-506.06	66.10	25.91	0.072232	0.002406	0	0	0	991	71.6	27.98	533.24	24.679	27.92	0	101.2	5060.6	110205
131	"14:20:59"	2136.0	0	3	20	0.332	533.3	24.67	0.02396	991	74.38	-506.06	66.10	25.91	0.057479	0.0025203	0	0	0	991	71.6	27.98	533.70	24.675	27.92	0	101.2	5060.6	110205
132	"14:21:01"	2138.0	0	3	20	0.261	533.4	24.67	0.01884	991	74.41	-506.06	66.10	25.90	0.045429	0.0015462	0	0	0	991	71.6	27.98	533.58	24.677	27.92	0	101.2	5060.6	110205
133	"14:21:03"	2140.0	0	3	20	0.321	533.5	24.68	0.02322	991	74.41	-506.07	66.10	25.90	0.055965	0.0019595	0	0	0	991	71.6	27.98	533.95	24.676	27.92	0	101.2	5060.7	110205
134	"14:21:05"	2142.0	0	3	20	0.41	533.7	24.68	0.02965	991	74.40	-506.06	66.13	25.91	0.072832	1.1433E-05	0	0	0	991	71.6	27.98	533.94	24.687	27.92	0	101.2	5060.6	110205
135	"14:21:07"	2144.0	0	3	20	0.386	533.8	24.68	0.02787	991	74.43	-506.07	66.14	25.91	0.067853	0.0011343	0	0	0	991	71.6	27.98	534.23	24.691	27.92	0	101.2	5060.7	110205
136	"14:21:09"	2146.0	0	3	20	0.317	533.9	24.68	0.02292	991	74.45	-506.07	66.14	25.90	0.055956	0.00063111	0	0	0	991	71.6	27.98	534.03	24.693	27.92	0	101.2	5060.7	110205
137	"14:21:11"	2148.0	0	3	20	0.301	534.0	24.68	0.02175	991	74.42	-506.07	66.14	25.91	0.05297	0.00085053	0	0	0	991	71.6	27.98	534.42	24.693	27.92	0	101.2	5060.7	110205
138	"14:21:13"	2150.0	0	3	20	0.227	534.2	24.69	0.0164	991	74.46	-506.06	66.15	25.90	0.0391	0.0021491	0	0	0	991	71.6	27.98	534.44	24.693	27.92	0	101.2	5060.6	110205
139	"14:21:15"	2152.0	0	3	20	0.475	534.3	24.69	0.03434	991	74.51	-506.05	66.19	25.90	0.083409	0.00174	0	0	0	991	71.6	27.98	534.61	24.705	27.91	0	101.2	5060.5	110205
140	"14:21:17"	2154.0	0	3	20	0.383	534.4	24.69	0.0277	991	74.42	-506.06	66.14	25.91	0.066372	0.0030447	0	0	0	991	71.6	27.98	534.64	24.691	27.92	0	101.2	5060.6	110205
141	"14:21:19"	2156.0	0	3	20	0.309	534.5	24.70	0.02233	991	74.46	-506.05	66.17	25.91	0.054108	0.0013428	0	0	0	991	71.6	27.98	534.93	24.702	27.92	0	101.2	5060.5	110205
142	"14:21:21"	2158.0	0	3	20	0.306	534.6	24.70	0.02209	991	74.49	-506.07	66.20	25.91	0.053928	0.00059534	0	0	0	991	71.6	27.98	534.75	24.710	27.91	0	101.2	5060.7	110205
143	"14:21:23"	2160.0	0	3	20	0.283	534.8	24.70	0.02043	991	74.51	-506.07	66.21	25.90	0.049815	0.00067662	0	0	0	991	71.6	27.98	535.26	24.713	27.91	0	101.2	5060.7	110205
144	"14:21:25"	2162.0	0	3	20	0.416	534.9	24.70	0.03005	991	74.56	-506.07	66.23	25.90	0.073426	0.00073038	0	0	0	991	71.6	27.98	535.21	24.723	27.92	0	101.2	5060.7	110205
145	"14:21:27"	2164.0	0	3	20	0.448	535.0	24.71	0.03236	991	74.56	-506.06	66.24	25.90	0.07816	0.0024331	0	0	0	991	71.6	27.98	535.09	24.721	27.91	0	101.2	5060.6	110205
146	"14:21:29"	2166.0	0	3	20	0.379	535.1	24.71	0.02735	991	74.54	-506.06	66.25	25.91	0.065612	0.0028624	0	0	0	991	71.6	27.98	535.58	24.728	27.91	0	101.2	5060.6	110205
147	"14:21:31"	2168.0	0	3	20	0.395	535.3	24.72	0.02855	991	74.54	-506.07	66.25	25.91	0.069171	0.0017487	0	0	0	991	71.6	27.98	535.62	24.725	27.91	0	101.2	5060.7	110205
148	"14:21:33"	2170.0	0	3	20	0.402	535.4	24.72	0.02903	991	74.50	-506.05	66.22	25.91	0.070601	0.0013192	0	0	0	991	71.6	27.98	535.74	24.715	27.91	0	101.2	5060.5	110205
149	"14:21:35"	2172.0	0	3	20	0.357	535.5	24.72	0.02581	991	74.54	-506.07	66.27	25.91	0.063813	-0.00075095	0	0	0	991	71.6	27.98	535.63	24.733	27.91	0	101.2	5060.7	110205
150	"14:21:37"	2174.0	0	3	20	0.346	535.7	24.72	0.02502	991	74.58	-506.06	66.32	25.91	0.061334	0.00023906	0	0	0	991	71.6	27.98	535.99	24.745	27.91	0	101.2	5060.6	110205
151	"14:21:39"	2176.0	0	3	20	0.299	535.8	24.73	0.02162	991	74.61	-506.08	66.30	25.90	0.051898	0.0021912	0	0	0	991	71.6	27.98	536.01	24.745	27.91	0	101.2	5060.8	110205
152	"14:21:41"	2178.0	0	3	20	0.191	535.9	24.73	0.01377	991	74.59	-506.07	66.27	25.90	0.032484	0.0024542	0	0	0	991	71.6	27.98	535.90	24.733	27.91	0	101.2	5060.7	110205
153	"14:21:43"	2180.0	0	4	200	0.203	550.0	24.73	0.01465	991	74.62	-506.07	66.32	25.90	0.029229	0.0024521	-0.00061696	0.35397	0	991	71.6	27.97	536.19	24.747	27.91	0	101.2	5060.7	110205
154	"14:33:05"	2862.0	0	3	8	-0.214	530.1	25.40	-0.01546	991	77.14	-506.06	68.54	25.78	-0.036852	-0.002049	0	0	0	991	71.6	27.86	530.21	25.405	27.79	0	101.2	5060.6	110205
155	"14:33:07"	2864.0	0	3	12	0.0327	530.1	25.41	0.00236	991	77.16	-506.06	68.56	25.78	0.0056131	0.00033332	0	0	0	991	71.6	27.86	530.41	25.410	27.79	0	101.2	5060.6	110205
156	"14:33:09"	2866.0	0	3	16	0.246	530.2	25.41	0.01778	991	77.18	-506.07	68.57	25.78	0.042664	0.0018244	0	0	0	991	71.6	27.86	530.22	25.415	27.79	0	101.2	5060.7	110205
157	"14:33:11"	2868.0	0	3	20	0.304	530.2	25.41	0.02193	991	77.21	-506.07	68.58	25.78	0.053018	0.0015323	0	0	0	991	71.6	27.86	530.70	25.418	27.79	0	101.2	5060.7	110205
158	"14:33:13"	2870.0	0	3	20	0.435	530.3	25.41	0.03143	991	77.24	-506.06	68.60	25.78	0.07614	0.0019081	0	0	0	991	71.6	27.86	530.83	25.426	27.79	0	101.2	5060.6	110205
159	"14:33:15"	2872.0	0	3	20	0.393	530.5	25.42	0.0284	991	77.18	-506.07	68.57	25.78	0.069003	0.0013718	0	0	0	991	71.6	27.86	530.80	25.416	27.79	0	101.2	5060.7	110205
160	"14:33:17"	2874.0	0	3	20	0.306	530.6	25.42	0.02212	991	77.27	-506.06	68.62	25.78	0.054326	-2.2831E-05	0	0	0	991	71.6	27.85	530.99	25.434	27.79	0	101.2	5060.6	110205
161	"14:33:19"	2876.0	0	3	20	0.345	530.7	25.42	0.0249	991	77.25	-506.07	68.61	25.77	0.060513	0.0011823	0	0	0	991	71.6	27.85	531.03	25.426	27.79	0	101.2	5060.7	110205
162	"14:33:21"	2878.0	0	3	20	0.327	530.9	25.42	0.02366	991	77.26	-506.06	68.64	25.78	0.057523	0.0010643	0	0	0	991	71.6	27.86	531.29	25.440	27.79	0	101.2	5060.6	110205
163	"14:33:23"	2880.0	0	3	20	0.442	531.0	25.42	0.03193	991	77.23	-506.07	68.62	25.78	0.077437	0.0017781	0	0	0	991	71.6	27.85	531.41	25.431	27.79	0	101.2	5060.7	110205
164	"14:33:25"	2882.0	0	3	20	0.482	531.1	25.43	0.03486	991	77.19	-506.06	68.57	25.78	0.084851	0.0013705	0	0	0	991	71.6	27.85	531.31	25.413	27.79	0	101.2	5060.6	110205
165	"14:33:27"	2884.0	0	3	20	0.425	531.3	25.43	0.03069	991	77.29	-506.07	68.66	25.78	0.075522	-0.00027228	0	0	0	991	71.6	27.85	531.57	25.444	27.79	0	101.2	5060.7	110205
166	"14:33:29"	2886.0	0	3	20	0.359	531.4	25.43	0.02597	991	77.27	-506.06	68.64	25.78	0.063307	0.0008634	0	0	0	991	71.6	27.85	531.55	25.437	27.79	0	101.2	5060.6	110205
167	"14:33:31"	2888.0	0	3	20	0.217	531.5	25.43	0.01567	991	77.28	-506.04	68.64	25.77	0.03855	-0.00010524	0	0	0	991	71.6	27.85	531.83	25.438	27.79	0	101.2	5060.4	110205
168	"14:33:33"	2890.0	0	3	20	0.235	531.6	25.43	0.01695	991	77.27	-506.06	68.62	25.77	0.041306	0.00057094	0	0	0	991	71.6	27.85	531.74	25.433	27.79	0	101.2	5060.6	110205
169	"14:33:35"	2892.0	0	3	20	0.269	531.7	25.43	0.01947	991	77.28	-506.07	68.63	25.77	0.047085	0.0013153	0	0	0	991	71.6	27.85	531.97	25.435	27.79	0	101.2	5060.7	110205
170	"14:33:37"	2894.0	0	3	20	0.309	531.8	25.44	0.02232	991	77.29	-506.06	68.63	25.77	0.054726	0.00016878	0	0	0	991	71.6	27.85	532.18	25.435	27.79	0	101.2	5060.6	110205
171	"14:33:39"	2896.0	0	3	20	0.349	531.9	25.44	0.02521	991	77.37	-506.06	68.70	25.77	0.060913	0.0018124	0	0	0	991	71.6	27.85	532.09	25.456	27.79	0	101.2	5060.6	110205
172	"14:33:41"	2898.0	0	3	20	0.293	532.0	25.44	0.02115	991	77.34	-506.07	68.66	25.77	0.051267	0.0012141	0	0	0	991	71.6	27.85	532.46	25.442	27.79	0	101.2	5060.7	110205
173	"14:33:43"	2900.0	0	3	20	0.357	532.1	25.44	0.02581	991	77.28	-506.06	68.65	25.78	0.06306	0.00058737	0	0	0	991	71.6	27.85	532.65	25.441	27.79	0	101.2	5060.6	110205
174	"14:33:45"	2902.0	0	3	20	0.424	532.3	25.44	0.03063	991	77.34	-506.05	68.71	25.78	0.07445	0.0014107	0	0	0	991	71.6	27.85	532.55	25.460	27.79	0	101.2	5060.5	110205
175	"14:33:47"	2904.0	0	3	20	0.368	532.4	25.45	0.02657	991	77.34	-506.07	68.70	25.77	0.064356	0.0016488	0	0	0	991	71.6	27.85	532.75	25.457	27.79	0	101.2	5060.7	110205
176	"14:33:49"	2906.0	0	3	20	0.395	532.5	25.45	0.02852	991	77.36	-506.06	68.71	25.77	0.068991	0.0019287	0	0	0	991	71.6	27.85	532.72	25.460	27.79	0	101.2	5060.6	110205
177	"14:33:51"	2908.0	0	3	20	0.291	532.7	25.45	0.02104	991	77.37	-506.07	68.72	25.77	0.050474	0.0021804	0	0	0	991	71.6	27.85	533.07	25.462	27.79	0	101.2	5060.7	110205
178	"14:33:53"	2910.0	0	3	20	0.346	532.8	25.46	0.025	991	77.37	-506.06	68.70	25.77	0.060614	0.0014338	0	0	0	991	71.6	27.85	533.13	25.459	27.79	0	101.2	5060.6	110205
179	"14:33:55"	2912.0	0	3	20	0.474	532.9	25.46	0.03422	991	77.39	-506.07	68.73	25.77	0.083758	0.00048705	0	0	0	991	71.6	27.85	533.25	25.470	27.79	0	101.2	5060.7	110205
180	"14:33:57"	2914.0	0	3	20	0.373	533.1	25.46	0.02695	991	77.37	-506.06	68.71	25.77	0.065807	0.00070326	0	0	0	991	71.6	27.85	533.25	25.459	27.79	0	101.2	5060.6	110205
181	"14:33:59"	2916.0	0	3	20	0.354	533.2	25.46	0.02557	991	77.43	-506.06	68.73	25.76	0.06193	0.0015799	0	0	0	991	71.6	27.85	533.65	25.469	27.79	0	101.2	5060.6	110205
182	"14:34:01"	2918.0	0	3	20	0.317	533.3	25.47	0.02288	991	77.43	-506.07	68.73	25.76	0.055383	0.0014748	0	0	0	991	71.6	27.85	533.59	25.467	27.79	0	101.2	5060.7	110205
183	"14:34:03"	2920.0	0	3	20	0.38	533.4	25.47	0.02748	991	77.46	-506.06	68.75	25.76	0.066484	0.0018162	0	0	0	991	71.6	27.85	533.82	25.477	27.79	0	101.2	5060.6	110205
184	"14:34:05"	2922.0	0	3	20	0.39	533.5	25.47	0.02821	991	77.51	-506.06	68.79	25.76	0.068417	0.0015721	0	0	0	991	71.6	27.85	533.96	25.490	27.79	0	101.1	5060.6	110205
185	"14:34:07"	2924.0	0	3	20	0.458	533.7	25.48	0.03307	991	77.47	-506.06	68.75	25.76	0.080727	0.00089931	0	0	0	991	71.6	27.85	534.15	25.474	27.79	0	101.1	5060.6	110205
186	"14:34:09"	2926.0	0	3	20	0.351	533.8	25.47	0.02534	991	77.42	-506.06	68.74	25.77	0.062093	0.00026748	0	0	0	991	71.6	27.85	534.11	25.473	27.79	0	101.1	5060.6	110205
187	"14:34:11"	2928.0	0	3	20	0.254	533.9	25.48	0.01836	991	77.48	-506.06	68.79	25.77	0.045125	-7.2502E-05	0	0	0	991	71.6	27.85	534.05	25.490	27.79	0	101.1	5060.6	110205
188	"14:34:13"	2930.0	0	3	20	0.27	534.0	25.48	0.01954	991	77.45	-506.08	68.77	25.77	0.047734	0.00043628	0	0	0	991	71.6	27.85	534.56	25.484	27.79	0	101.1	5060.8	110205
189	"14:34:15"	2932.0	0	3	20	0.216	534.2	25.48	0.0156	991	77.48	-506.07	68.78	25.76	0.037415	0.0016385	0	0	0	991	71.6	27.85	534.27	25.487	27.79	0	101.1	5060.7	110205
190	"14:34:17"	2934.0	0	3	20	0.317	534.2	25.48	0.02292	991	77.48	-506.07	68.79	25.76	0.055419	0.0015734	0	0	0	991	71.6	27.85	534.66	25.490	27.79	0	101.1	5060.7	110205
191	"14:34:19"	2936.0	0	3	20	0.447	534.4	25.48	0.03233	991	77.51	-506.07	68.81	25.76	0.078662	0.0013257	0	0	0	991	71.6	27.85	534.75	25.496	27.79	0	101.2	5060.7	110205
192	"14:34:21"	2938.0	0	3	20	0.288	534.5	25.49	0.02078	991	77.42	-506.05	68.77	25.77	0.049907	0.002052	0	0	0	991	71.6	27.85	534.74	25.481	27.79	0	101.1	5060.5	110205
193	"14:34:23"	2940.0	0	3	20	0.226	534.6	25.49	0.0163	991	77.44	-506.06	68.81	25.78	0.039694	0.00059686	0	0	0	991	71.6	27.85	534.71	25.496	27.79	0	101.1	5060.6	110205
194	"14:34:25"	2942.0	0	3	20	0.23	534.7	25.49	0.01664	991	77.47	-506.06	68.80	25.77	0.04054	0.00059658	0	0	0	991	71.6	27.85	535.04	25.493	27.79	0	101.1	5060.6	110205
195	"14:34:27"	2944.0	0	3	20	0.237	534.8	25.49	0.01711	991	77.50	-506.05	68.83	25.77	0.041748	0.00051379	0	0	0	991	71.6	27.85	534.90	25.502	27.78	0	101.1	5060.5	110205
196	"14:34:29"	2946.0	0	3	20	0.37	534.9	25.50	0.02676	991	77.50	-506.06	68.83	25.77	0.065246	0.0008775	0	0	0	991	71.6	27.85	535.16	25.501	27.79	0	101.1	5060.6	110205
197	"14:34:31"	2948.0	0	3	20	0.43	535.0	25.50	0.03106	991	77.52	-506.06	68.82	25.76	0.074816	0.0026629	0	0	0	991	71.6	27.85	535.42	25.497	27.79	0	101.1	5060.6	110205
198	"14:34:33"	2950.0	0	3	20	0.394	535.2	25.50	0.02845	991	77.49	-506.05	68.80	25.76	0.069347	0.00092709	0	0	0	991	71.6	27.85	535.12	25.489	27.78	0	101.1	5060.5	110205
199	"14:34:35"	2952.0	0	3	20	0.286	535.3	25.50	0.02066	991	77.59	-506.07	68.87	25.76	0.050633	0.00017969	0	0	0	991	71.6	27.85	535.51	25.517	27.78	0	101.1	5060.7	110205
200	"14:34:37"	2954.0	0	3	20	0.378	535.4	25.50	0.02734	991	77.55	-506.07	68.88	25.77	0.066558	0.001058	0	0	0	991	71.6	27.85	535.72	25.517	27.78	0	101.1	5060.7	110205
201	"14:34:39"	2956.0	0	3	20	0.41	535.5	25.51	0.02965	991	77.57	-506.06	68.87	25.76	0.071762	0.0019106	0	0	0	991	71.6	27.85	535.90	25.512	27.78	0	101.1	5060.6	110205
202	"14:34:41"	2958.0	0	3	20	0.412	535.6	25.51	0.02978	991	77.61	-506.06	68.89	25.76	0.07226	0.0015761	0	0	0	991	71.6	27.85	535.79	25.521	27.78	0	101.1	5060.6	110205
203	"14:34:43"	2960.0	0	3	20	0.289	535.7	25.51	0.02088	991	77.57	-506.07	68.85	25.76	0.050651	0.0011528	0	0	0	991	71.6	27.85	535.90	25.507	27.78	0	101.1	5060.7	110205
204	"14:34:45"	2962.0	0	4	200	0.438	550.0	25.51	0.03164	991	77.61	-506.05	68.88	25.76	0.038714	-0.00059207	0.00045364	-0.21786	0	991	71.6	27.85	536.48	25.518	27.78	0	101.1	5060.5	110205
205	"14:46:00"	3637.0	0	3	8	0.906	529.9	25.89	0.06545	991	79.37	-506.06	70.59	25.63	0.15724	0.006234	0	0	0	991	71.6	27.68	530.40	25.893	27.62	0	101.2	5060.6	110205
206	"14:46:02"	3639.0	0	3	12	0.761	530.1	25.89	0.05497	991	79.36	-506.07	70.60	25.63	0.13362	0.0023916	0	0	0	991	71.6	27.68	530.28	25.893	27.61	0	101.2	5060.7	110205
207	"14:46:04"	3641.0	0	3	16	0.419	530.1	25.89	0.03028	991	79.34	-506.07	70.58	25.63	0.073092	0.0022397	0	0	0	991	71.6	27.68	530.38	25.886	27.61	0	101.2	5060.7	110205
208	"14:46:06"	3643.0	0	3	20	0.365	530.2	25.89	0.0264	991	79.40	-506.08	70.62	25.62	0.064028	0.0014276	0	0	0	991	71.6	27.68	530.36	25.902	27.61	0	101.2	5060.8	110205
209	"14:46:08"	3645.0	0	3	20	0.169	530.3	25.89	0.01219	991	79.40	-506.07	70.61	25.62	0.029575	0.00063674	0	0	0	991	71.6	27.67	530.48	25.899	27.61	0	101.2	5060.7	110205
210	"14:46:10"	3647.0	0	3	20	0.26	530.4	25.89	0.01881	991	79.38	-506.06	70.61	25.62	0.045798	0.00068772	0	0	0	991	71.6	27.68	530.69	25.894	27.61	0	101.2	5060.6	110205
211	"14:46:12"	3649.0	0	3	20	0.427	530.5	25.90	0.03084	991	79.37	-506.07	70.60	25.63	0.075404	0.00053783	0	0	0	991	71.6	27.67	530.79	25.894	27.61	0	101.2	5060.7	110205
212	"14:46:14"	3651.0	0	3	20	0.398	530.6	25.90	0.02873	991	79.40	-506.06	70.61	25.62	0.0702	0.00056242	0	0	0	991	71.6	27.67	531.00	25.892	27.61	0	101.2	5060.6	110205
213	"14:46:16"	3653.0	0	3	20	0.402	530.8	25.90	0.02903	991	79.40	-506.08	70.61	25.62	0.071266	-4.7233E-05	0	0	0	991	71.6	27.67	531.03	25.892	27.61	0	101.2	5060.8	110205
214	"14:46:18"	3655.0	0	3	20	0.302	530.9	25.90	0.02184	991	79.38	-506.08	70.60	25.62	0.053371	0.00043418	0	0	0	991	71.6	27.67	531.33	25.888	27.61	0	101.2	5060.8	110205
215	"14:46:20"	3657.0	0	3	20	0.34	531.0	25.90	0.02459	991	79.44	-506.07	70.65	25.62	0.060384	-4.1374E-05	0	0	0	991	71.6	27.67	531.26	25.905	27.61	0	101.2	5060.7	110205
216	"14:46:22"	3659.0	0	3	20	0.421	531.2	25.90	0.03043	991	79.41	-506.06	70.65	25.63	0.074347	0.00063536	0	0	0	991	71.6	27.67	531.38	25.905	27.61	0	101.2	5060.6	110205
217	"14:46:24"	3661.0	0	3	20	0.3	531.2	25.90	0.02168	991	79.45	-506.07	70.65	25.62	0.052593	0.0011465	0	0	0	991	71.6	27.67	531.43	25.905	27.61	0	101.2	5060.7	110205
218	"14:46:26"	3663.0	0	3	20	0.24	531.3	25.90	0.01732	991	79.52	-506.06	70.68	25.61	0.042092	0.00075357	0	0	0	991	71.6	27.67	531.49	25.916	27.61	0	101.2	5060.6	110205
219	"14:46:28"	3665.0	0	3	20	0.166	531.4	25.90	0.01202	991	79.51	-506.07	70.67	25.61	0.028912	0.0010938	0	0	0	991	71.6	27.67	531.50	25.913	27.61	0	101.2	5060.7	110205
220	"14:46:30"	3667.0	0	3	20	0.235	531.5	25.90	0.01698	991	79.48	-506.08	70.66	25.61	0.041569	0.00018753	0	0	0	991	71.6	27.67	531.86	25.909	27.61	0	101.2	5060.8	110205
221	"14:46:32"	3669.0	0	3	20	0.44	531.6	25.91	0.03179	991	79.47	-506.07	70.66	25.61	0.077572	0.00081349	0	0	0	991	71.6	27.67	532.14	25.907	27.61	0	101.2	5060.7	110205
222	"14:46:34"	3671.0	0	3	20	0.445	531.8	25.91	0.03218	991	79.45	-506.06	70.67	25.62	0.078106	0.0016164	0	0	0	991	71.6	27.67	531.81	25.906	27.61	0	101.2	5060.6	110205
223	"14:46:36"	3673.0	0	3	20	0.339	531.9	25.91	0.02447	991	79.45	-506.06	70.66	25.62	0.060051	1.3403E-05	0	0	0	991	71.6	27.67	532.14	25.907	27.61	0	101.2	5060.6	110205
224	"14:46:38"	3675.0	0	3	20	0.395	532.0	25.91	0.02856	991	79.49	-506.06	70.69	25.61	0.070156	-0.00013061	0	0	0	991	71.6	27.67	532.38	25.915	27.61	0	101.2	5060.6	110205
225	"14:46:40"	3677.0	0	3	20	0.359	532.2	25.91	0.02593	991	79.48	-506.05	70.69	25.61	0.064123	-0.00089807	0	0	0	991	71.6	27.67	532.48	25.913	27.60	0	101.2	5060.5	110205
226	"14:46:42"	3679.0	0	3	20	0.382	532.3	25.91	0.02763	991	79.50	-506.06	70.71	25.61	0.06762	0.00036859	0	0	0	991	71.6	27.67	532.85	25.917	27.60	0	101.2	5060.6	110205
227	"14:46:44"	3681.0	0	3	20	0.457	532.4	25.91	0.03299	991	79.47	-506.06	70.69	25.62	0.079705	0.0023235	0	0	0	991	71.6	27.67	532.66	25.914	27.60	0	101.2	5060.6	110205
228	"14:46:46"	3683.0	0	3	20	0.291	532.6	25.91	0.02105	991	79.47	-506.05	70.68	25.62	0.051313	0.00063197	0	0	0	991	71.6	27.67	532.74	25.912	27.60	0	101.2	5060.5	110205
229	"14:46:48"	3685.0	0	3	20	0.246	532.6	25.92	0.01776	991	79.54	-506.06	70.75	25.61	0.043119	0.00087455	0	0	0	991	71.6	27.67	533.02	25.934	27.60	0	101.2	5060.6	110205
230	"14:46:50"	3687.0	0	3	20	0.214	532.7	25.92	0.01545	991	79.55	-506.07	70.75	25.61	0.037335	0.0010806	0	0	0	991	71.6	27.67	533.00	25.935	27.60	0	101.2	5060.7	110205
231	"14:46:52"	3689.0	0	3	20	0.255	532.8	25.92	0.01846	991	79.51	-506.07	70.69	25.61	0.04463	0.0012226	0	0	0	991	71.6	27.66	533.27	25.912	27.60	0	101.2	5060.7	110205
232	"14:46:54"	3691.0	0	3	20	0.401	533.0	25.92	0.02899	991	79.53	-506.06	70.72	25.61	0.07037	0.0014028	0	0	0	991	71.6	27.66	533.28	25.922	27.60	0	101.2	5060.6	110205
233	"14:46:56"	3693.0	0	3	20	0.353	533.0	25.92	0.02547	991	79.54	-506.07	70.74	25.61	0.062774	-0.00048047	0	0	0	991	71.6	27.67	533.22	25.931	27.60	0	101.2	5060.7	110205
234	"14:46:58"	3695.0	0	3	20	0.236	533.2	25.92	0.01707	991	79.48	-506.08	70.70	25.61	0.042465	-0.0010261	0	0	0	991	71.6	27.66	533.66	25.913	27.60	0	101.2	5060.8	110205
235	"14:47:00"	3697.0	0	3	20	0.289	533.3	25.92	0.02087	991	79.55	-506.06	70.74	25.61	0.051176	7.0681E-05	0	0	0	991	71.6	27.66	533.83	25.928	27.60	0	101.2	5060.6	110205
236	"14:47:02"	3699.0	0	3	20	0.335	533.4	25.92	0.02423	991	79.53	-506.07	70.74	25.61	0.059185	0.00052835	0	0	0	991	71.6	27.66	533.69	25.924	27.60	0	101.2	5060.7	110205
237	"14:47:04"	3701.0	0	3	20	0.407	533.5	25.92	0.02943	991	79.50	-506.08	70.72	25.61	0.071801	0.00077196	0	0	0	991	71.6	27.66	533.76	25.918	27.60	0	101.2	5060.8	110205
238	"14:47:06"	3703.0	0	3	20	0.361	533.6	25.93	0.02612	991	79.51	-506.07	70.72	25.61	0.063997	0.00018918	0	0	0	991	71.6	27.66	534.10	25.921	27.60	0	101.2	5060.7	110205
239	"14:47:08"	3705.0	0	3	20	0.244	533.8	25.92	0.01765	991	79.51	-506.08	70.72	25.61	0.043476	-0.00028941	0	0	0	991	71.6	27.66	534.07	25.921	27.60	0	101.2	5060.8	110205
240	"14:47:10"	3707.0	0	3	20	0.222	533.9	25.93	0.01603	991	79.52	-506.07	70.75	25.62	0.039238	0.00020889	0	0	0	991	71.6	27.66	534.02	25.931	27.60	0	101.2	5060.7	110205
241	"14:47:12"	3709.0	0	3	20	0.247	533.9	25.93	0.01784	991	79.57	-506.07	70.78	25.61	0.043122	0.0012204	0	0	0	991	71.6	27.66	534.13	25.938	27.60	0	101.2	5060.7	110205
242	"14:47:14"	3711.0	0	3	20	0.231	534.0	25.93	0.01667	991	79.53	-506.07	70.75	25.61	0.039484	0.0025892	0	0	0	991	71.6	27.66	534.26	25.928	27.60	0	101.2	5060.6	110205
243	"14:47:16"	3713.0	0	3	20	0.222	534.1	25.93	0.01605	991	79.52	-506.07	70.74	25.61	0.038589	0.0014842	0	0	0	991	71.6	27.66	534.48	25.924	27.60	0	101.2	5060.7	110205
244	"14:47:18"	3715.0	0	3	20	0.299	534.2	25.93	0.02162	991	79.53	-506.05	70.74	25.61	0.053108	-7.4828E-05	0	0	0	991	71.6	27.66	534.69	25.921	27.60	0	101.2	5060.5	110205
245	"14:47:20"	3717.0	0	3	20	0.457	534.4	25.94	0.03304	991	79.55	-506.07	70.77	25.61	0.081481	-0.00071362	0	0	0	991	71.6	27.66	534.87	25.932	27.60	0	101.2	5060.7	110205
246	"14:47:22"	3719.0	0	3	20	0.561	534.5	25.94	0.04051	991	79.56	-506.07	70.79	25.62	0.099128	0.00052909	0	0	0	991	71.6	27.66	534.80	25.940	27.60	0	101.2	5060.7	110205
247	"14:47:24"	3721.0	0	3	20	0.427	534.7	25.94	0.03083	991	79.65	-506.07	70.83	25.61	0.074508	0.0021249	0	0	0	991	71.6	27.66	535.04	25.953	27.60	0	101.2	5060.7	110205
248	"14:47:26"	3723.0	0	3	20	0.359	534.8	25.94	0.02592	991	79.61	-506.07	70.82	25.61	0.062592	0.0018548	0	0	0	991	71.6	27.66	535.04	25.946	27.60	0	101.2	5060.7	110205
249	"14:47:28"	3725.0	0	3	20	0.208	534.9	25.94	0.01504	991	79.62	-506.06	70.81	25.61	0.036412	0.00090339	0	0	0	991	71.6	27.66	535.34	25.948	27.60	0	101.2	5060.6	110205
250	"14:47:30"	3727.0	0	3	20	0.285	535.0	25.94	0.02058	991	79.65	-506.06	70.83	25.60	0.050325	0.00034491	0	0	0	991	71.6	27.66	535.16	25.952	27.60	0	101.2	5060.6	110205
251	"14:47:32"	3729.0	0	3	20	0.358	535.1	25.95	0.02588	991	79.62	-506.06	70.80	25.60	0.063166	0.000652	0	0	0	991	71.6	27.66	535.80	25.939	27.59	0	101.2	5060.6	110205
252	"14:47:34"	3731.0	0	3	20	0.354	535.3	25.94	0.02556	991	79.61	-506.06	70.81	25.61	0.062745	-4.8363E-05	0	0	0	991	71.6	27.66	535.69	25.944	27.60	0	101.2	5060.6	110205
253	"14:47:36"	3733.0	0	3	20	0.445	535.4	25.95	0.03216	991	79.64	-506.06	70.82	25.60	0.078511	0.00076707	0	0	0	991	71.6	27.66	535.68	25.947	27.59	0	101.2	5060.6	110205
254	"14:47:38"	3735.0	0	3	20	0.338	535.5	25.95	0.02442	991	79.60	-506.07	70.79	25.60	0.059754	0.00033974	0	0	0	991	71.6	27.66	535.73	25.936	27.59	0	101.2	5060.7	110205
255	"14:47:40"	3737.0	0	4	200	0.116	550.0	25.95	0.008377	991	79.68	-506.06	70.86	25.60	0.059915	-0.00032855	-0.00097316	0.54361	0	991	71.6	27.65	535.84	25.958	27.59	0	101.2	5060.6	110205
