"OPEN 5.3.2"
"Thr May 30 2019 10:42:39"
"Unit="	"PSC-895"
"ComputeList="	"/User/Configs/Comps/Soil Efflux Eqns.LPL"
"BLCTable="	"/Sys/Lib/StdBLCTable"
"LightSource="	"Sun+Sky"	1	0.19
"LogFormat="	"/User/Configs/LogFormats/Soil Efflux Log Fmt"
"LogCodes="	-35	-21	-36	-104	310	311	320	302	303	306	304	321	322	323	324	300	301	330	331	305	307	308	-8	-2	-5	-9	-13	-11	-61	-23
"PromptList="	"/User/Configs/Prompts/Soil Efflux Prompts"
"Stability= (CO2S 15s SLP<1)(H2OS 15s SLP<1)(Flow 15s SLP<1)"
"10:42:40 "
$STARTOFDATA$
"Obs"	"HHMMSS"	"FTime"	"Plot#"	"Mode"	"Smpls"	"EFFLUX"	"C2avg"	"Wavg"	"dc'/dt"	"Vtot"	"RHcmbr%"	"Tsoil_C"	"RHirga%"	"Tsch_C"	"dC/dt"	"dW/dt"	"R(C)m"	"R(C)b"	"InsDpth"	"Vbase"	"Area"	"TBlk"	"CO2S"	"H2OS"	"Tair"	"PARo"	"Press"	"uc_21_mV"	"Status"
1	"10:44:30"	126.5	0	3	8	0.673	417.3	18.30	0.04862	991	49.03	-506.04	43.93	28.06	0.092954	0.063797	0	0	0	991	71.6	30.00	417.89	18.426	29.96	0	101.4	5060.4	110205
2	"10:44:32"	128.5	0	3	12	1.08	417.5	18.36	0.07779	991	49.34	-506.04	44.22	28.06	0.16762	0.057637	0	0	0	991	71.6	30.00	417.81	18.545	29.96	0	101.3	5060.4	110205
3	"10:44:34"	130.5	0	3	16	0.928	417.6	18.42	0.06708	991	49.62	-506.04	44.50	28.07	0.14149	0.056837	0	0	0	991	71.6	30.00	418.25	18.661	29.96	0	101.3	5060.4	110205
4	"10:44:36"	132.5	0	3	20	0.915	417.8	18.47	0.06612	991	49.99	-506.03	44.75	28.04	0.13946	0.055946	0	0	0	991	71.6	30.00	418.53	18.761	29.95	0	101.3	5060.3	110205
5	"10:44:38"	134.5	0	3	20	1.01	418.1	18.58	0.07329	991	50.31	-506.05	45.02	28.03	0.1579	0.054172	0	0	0	991	71.6	30.00	418.96	18.875	29.95	0	101.3	5060.5	110205
6	"10:44:40"	136.5	0	3	20	0.99	418.4	18.69	0.0715	991	50.58	-506.03	45.23	28.02	0.15349	0.054104	0	0	0	991	71.6	30.00	419.20	18.960	29.95	0	101.3	5060.3	110205
7	"10:44:42"	138.5	0	3	20	1.02	418.7	18.80	0.07397	991	50.84	-506.05	45.51	28.04	0.16024	0.052557	0	0	0	991	71.6	30.00	419.44	19.082	29.95	0	101.3	5060.5	110205
8	"10:44:44"	140.5	0	3	20	0.891	419.0	18.90	0.06439	991	51.10	-506.04	45.73	28.03	0.13649	0.052704	0	0	0	991	71.6	30.00	419.47	19.169	29.95	0	101.4	5060.4	110205
9	"10:44:46"	142.5	0	3	20	0.738	419.2	19.01	0.05332	991	51.41	-506.05	45.97	28.02	0.10972	0.051367	0	0	0	991	71.6	30.00	419.77	19.271	29.95	0	101.3	5060.5	110205
10	"10:44:48"	144.5	0	3	20	0.711	419.4	19.11	0.05138	991	51.67	-506.06	46.22	28.02	0.1051	0.050934	0	0	0	991	71.6	30.00	419.95	19.373	29.95	0	101.3	5060.6	110205
11	"10:44:50"	146.5	0	3	20	0.801	419.7	19.21	0.05785	991	51.85	-506.06	46.42	28.04	0.12132	0.050337	0	0	0	991	71.6	29.99	420.30	19.459	29.95	0	101.3	5060.6	110205
12	"10:44:52"	148.5	0	3	20	0.834	419.9	19.31	0.06026	991	52.18	-506.04	46.72	28.04	0.12788	0.04889	0	0	0	991	71.6	29.99	420.55	19.581	29.95	0	101.3	5060.4	110205
13	"10:44:54"	150.5	0	3	20	1.02	420.2	19.41	0.07342	991	52.48	-506.05	46.96	28.03	0.15953	0.050786	0	0	0	991	71.6	29.99	421.27	19.683	29.95	0	101.4	5060.5	110205
14	"10:44:56"	152.5	0	3	20	1.08	420.5	19.51	0.07794	991	52.72	-506.03	47.15	28.02	0.17105	0.049878	0	0	0	991	71.6	29.99	421.22	19.759	29.95	0	101.3	5060.3	110205
15	"10:44:58"	154.5	0	3	20	1.04	420.8	19.61	0.07513	991	52.93	-506.04	47.39	28.04	0.16461	0.048768	0	0	0	991	71.6	29.99	421.38	19.859	29.94	0	101.3	5060.4	110205
16	"10:45:00"	156.5	0	3	20	0.976	421.1	19.70	0.07052	991	53.14	-506.05	47.56	28.03	0.15401	0.046834	0	0	0	991	71.6	29.99	421.87	19.928	29.94	0	101.4	5060.5	110205
17	"10:45:02"	158.5	0	3	20	0.738	421.4	19.79	0.05333	991	53.27	-506.04	47.76	28.06	0.11331	0.042761	0	0	0	991	71.6	29.99	421.97	20.011	29.94	0	101.3	5060.4	110205
18	"10:45:04"	160.5	0	3	20	0.719	421.7	19.88	0.05193	991	53.51	-506.04	48.03	28.08	0.10996	0.042519	0	0	0	991	71.6	29.99	422.22	20.124	29.94	0	101.3	5060.4	110205
19	"10:45:06"	162.5	0	3	20	0.8	421.9	19.97	0.0578	991	53.80	-506.05	48.25	28.06	0.12344	0.044848	0	0	0	991	71.6	29.99	422.48	20.218	29.94	0	101.4	5060.5	110205
20	"10:45:08"	164.5	0	3	20	0.793	422.1	20.06	0.05728	991	53.99	-506.05	48.42	28.06	0.12155	0.046234	0	0	0	991	71.6	29.99	422.84	20.288	29.94	0	101.3	5060.5	110205
21	"10:45:10"	166.0	0	4	79	0.878	420.0	20.10	0.06341	991	54.21	-506.05	48.60	28.06	0.12002	0.046707	-0.0022114	0.99221	0	991	71.6	29.99	423.36	20.362	29.94	0	101.3	5060.5	110205
22	"10:46:44"	260.0	0	3	8	0.889	417.1	22.60	0.06423	991	60.73	-506.05	54.23	27.94	0.14539	0.030894	0	0	0	991	71.6	29.94	417.48	22.658	29.89	0	101.3	5060.5	110205
23	"10:46:46"	262.0	0	3	12	0.734	417.3	22.63	0.05301	991	60.88	-506.04	54.37	27.94	0.11857	0.028818	0	0	0	991	71.6	29.94	417.29	22.715	29.89	0	101.3	5060.4	110205
24	"10:46:48"	264.0	0	3	16	0.485	417.3	22.65	0.03508	991	60.90	-506.05	54.49	27.97	0.074794	0.027654	0	0	0	991	71.6	29.94	417.78	22.765	29.89	0	101.3	5060.5	110205
25	"10:46:50"	266.0	0	3	20	0.651	417.4	22.68	0.04707	991	61.13	-506.04	54.65	27.95	0.1042	0.028116	0	0	0	991	71.6	29.94	417.91	22.828	29.89	0	101.3	5060.4	110205
26	"10:46:52"	268.0	0	3	20	0.661	417.7	22.74	0.04774	991	61.21	-506.05	54.77	27.97	0.1065	0.026577	0	0	0	991	71.6	29.94	418.36	22.878	29.89	0	101.3	5060.5	110205
27	"10:46:54"	270.0	0	3	20	0.73	417.9	22.79	0.05276	991	61.45	-506.04	54.88	27.94	0.1185	0.027503	0	0	0	991	71.6	29.93	418.60	22.925	29.89	0	101.3	5060.4	110205
28	"10:46:56"	272.0	0	3	20	0.911	418.1	22.84	0.06581	991	61.59	-506.05	54.99	27.93	0.15122	0.02631	0	0	0	991	71.6	29.93	418.71	22.969	29.89	0	101.3	5060.5	110205
29	"10:46:58"	274.0	0	3	20	0.669	418.4	22.90	0.04835	991	61.72	-506.05	55.12	27.93	0.10849	0.02537	0	0	0	991	71.6	29.93	418.93	23.021	29.89	0	101.3	5060.5	110205
30	"10:47:00"	276.0	0	3	20	0.777	418.6	22.95	0.05614	991	61.82	-506.04	55.24	27.94	0.12765	0.025557	0	0	0	991	71.6	29.93	419.20	23.072	29.89	0	101.3	5060.4	110205
31	"10:47:02"	278.0	0	3	20	0.701	418.9	23.00	0.05063	991	62.10	-506.05	55.41	27.92	0.11436	0.024763	0	0	0	991	71.6	29.93	419.51	23.139	29.88	0	101.3	5060.5	110205
32	"10:47:04"	280.0	0	3	20	0.701	419.1	23.05	0.05063	991	62.18	-506.04	55.52	27.93	0.1139	0.025848	0	0	0	991	71.6	29.93	419.80	23.182	29.88	0	101.3	5060.4	110205
33	"10:47:06"	282.0	0	3	20	0.861	419.4	23.10	0.06218	991	62.27	-506.05	55.66	27.94	0.14258	0.025457	0	0	0	991	71.6	29.93	420.07	23.240	29.88	0	101.3	5060.5	110205
34	"10:47:08"	284.0	0	3	20	0.868	419.7	23.15	0.06275	991	62.35	-506.04	55.75	27.95	0.14404	0.025296	0	0	0	991	71.6	29.93	420.32	23.276	29.88	0	101.3	5060.4	110205
35	"10:47:10"	286.0	0	3	20	0.888	419.9	23.20	0.06416	991	62.51	-506.04	55.90	27.95	0.14754	0.025285	0	0	0	991	71.6	29.93	420.72	23.339	29.88	0	101.3	5060.4	110205
36	"10:47:12"	288.0	0	3	20	0.791	420.2	23.25	0.05717	991	62.59	-506.05	55.98	27.95	0.13043	0.024944	0	0	0	991	71.6	29.92	420.64	23.368	29.88	0	101.3	5060.5	110205
37	"10:47:14"	290.0	0	3	20	0.674	420.4	23.30	0.04872	991	62.78	-506.05	56.11	27.94	0.11046	0.022796	0	0	0	991	71.6	29.92	421.19	23.423	29.88	0	101.3	5060.5	110205
38	"10:47:16"	292.0	0	3	20	0.698	420.7	23.34	0.05046	991	62.97	-506.06	56.24	27.93	0.11466	0.02301	0	0	0	991	71.6	29.92	421.46	23.478	29.88	0	101.3	5060.6	110205
39	"10:47:18"	294.0	0	3	20	0.772	420.9	23.39	0.05579	991	63.03	-506.05	56.33	27.93	0.12752	0.023703	0	0	0	991	71.6	29.92	421.30	23.510	29.87	0	101.3	5060.5	110205
40	"10:47:20"	296.0	0	3	20	0.773	421.1	23.44	0.05583	991	63.19	-506.05	56.48	27.94	0.12757	0.02377	0	0	0	991	71.6	29.92	422.14	23.572	29.87	0	101.3	5060.5	110205
41	"10:47:22"	298.0	0	3	20	0.941	421.5	23.49	0.068	991	63.28	-506.05	56.57	27.94	0.15709	0.025008	0	0	0	991	71.6	29.92	422.06	23.609	29.87	0	101.3	5060.5	110205
42	"10:47:24"	300.0	0	3	20	0.804	421.7	23.53	0.05807	991	63.31	-506.05	56.65	27.95	0.13376	0.022273	0	0	0	991	71.6	29.92	422.44	23.638	29.87	0	101.3	5060.5	110205
43	"10:47:26"	302.0	0	3	20	0.721	422.0	23.58	0.05209	991	63.47	-506.05	56.77	27.95	0.11962	0.020751	0	0	0	991	71.6	29.92	422.35	23.692	29.87	0	101.3	5060.5	110205
44	"10:47:28"	304.0	0	4	88	0.77	420.0	23.61	0.0556	991	63.62	-506.06	56.90	27.94	0.1214	0.021511	0.0016746	-0.64773	0	991	71.6	29.92	423.03	23.740	29.87	0	101.3	5060.6	110205
45	"10:49:19"	415.0	0	3	8	0.5	417.3	24.90	0.03613	991	66.95	-506.05	60.10	27.92	0.080539	0.020202	0	0	0	991	71.6	29.82	417.44	24.950	29.78	0	101.3	5060.5	110205
46	"10:49:21"	417.0	0	3	12	0.636	417.4	24.92	0.04598	991	67.04	-506.04	60.18	27.92	0.10542	0.018889	0	0	0	991	71.6	29.82	417.84	24.979	29.78	0	101.3	5060.4	110205
47	"10:49:23"	419.0	0	3	16	0.678	417.5	24.94	0.04897	991	67.19	-506.06	60.28	27.90	0.11276	0.018975	0	0	0	991	71.6	29.82	417.93	25.019	29.78	0	101.3	5060.6	110205
48	"10:49:25"	421.0	0	3	20	0.701	417.6	24.95	0.05062	991	67.23	-506.04	60.35	27.91	0.11737	0.017687	0	0	0	991	71.6	29.82	418.25	25.043	29.78	0	101.3	5060.4	110205
49	"10:49:27"	423.0	0	3	20	0.8	417.9	24.99	0.05777	991	67.51	-506.05	60.43	27.86	0.13524	0.017143	0	0	0	991	71.6	29.82	418.62	25.073	29.77	0	101.3	5060.5	110205
50	"10:49:29"	425.0	0	3	20	0.791	418.2	25.03	0.05716	991	67.66	-506.06	60.54	27.85	0.13372	0.017124	0	0	0	991	71.6	29.81	418.66	25.119	29.77	0	101.3	5060.6	110205
51	"10:49:31"	427.0	0	3	20	0.68	418.4	25.06	0.04914	991	67.72	-506.03	60.60	27.85	0.11409	0.016787	0	0	0	991	71.6	29.81	418.83	25.140	29.77	0	101.3	5060.3	110205
52	"10:49:33"	429.0	0	3	20	0.663	418.6	25.09	0.0479	991	67.74	-506.05	60.66	27.86	0.11092	0.017043	0	0	0	991	71.6	29.81	419.34	25.165	29.77	0	101.3	5060.5	110205
53	"10:49:35"	431.0	0	3	20	0.595	418.8	25.12	0.043	991	68.00	-506.05	60.73	27.82	0.099629	0.015081	0	0	0	991	71.6	29.81	419.32	25.193	29.77	0	101.3	5060.5	110205
54	"10:49:37"	433.0	0	3	20	0.567	419.0	25.15	0.04093	991	68.07	-506.04	60.83	27.83	0.094827	0.01441	0	0	0	991	71.6	29.81	419.58	25.231	29.77	0	101.3	5060.4	110205
55	"10:49:39"	435.0	0	3	20	0.569	419.2	25.18	0.04108	991	68.16	-506.05	60.90	27.82	0.09536	0.013979	0	0	0	991	71.6	29.81	419.91	25.258	29.76	0	101.3	5060.5	110205
56	"10:49:41"	437.0	0	3	20	0.564	419.4	25.21	0.04077	991	68.23	-506.05	61.00	27.83	0.094215	0.014898	0	0	0	991	71.6	29.80	419.91	25.295	29.76	0	101.3	5060.5	110205
57	"10:49:43"	439.0	0	3	20	0.62	419.6	25.24	0.04483	991	68.28	-506.04	61.08	27.84	0.10374	0.016023	0	0	0	991	71.6	29.80	420.33	25.325	29.76	0	101.3	5060.4	110205
58	"10:49:45"	441.0	0	3	20	0.68	419.8	25.27	0.04912	991	68.39	-506.04	61.12	27.82	0.11491	0.014662	0	0	0	991	71.6	29.80	420.45	25.342	29.76	0	101.3	5060.4	110205
59	"10:49:47"	443.0	0	3	20	0.658	420.0	25.30	0.04757	991	68.42	-506.03	61.19	27.83	0.11167	0.013287	0	0	0	991	71.6	29.80	420.43	25.367	29.76	0	101.3	5060.3	110205
60	"10:49:49"	445.0	0	3	20	0.492	420.2	25.33	0.03552	991	68.56	-506.04	61.32	27.83	0.081891	0.013367	0	0	0	991	71.6	29.80	420.61	25.419	29.76	0	101.3	5060.4	110205
61	"10:49:51"	447.0	0	3	20	0.511	420.4	25.36	0.03694	991	68.58	-506.05	61.33	27.83	0.085014	0.014258	0	0	0	991	71.6	29.80	421.13	25.423	29.76	0	101.3	5060.5	110205
62	"10:49:53"	449.0	0	3	20	0.635	420.7	25.38	0.04585	991	68.71	-506.05	61.40	27.81	0.10675	0.014823	0	0	0	991	71.6	29.80	421.30	25.449	29.75	0	101.3	5060.5	110205
63	"10:49:55"	451.0	0	3	20	0.784	420.9	25.41	0.05663	991	68.75	-506.06	61.50	27.83	0.13341	0.014681	0	0	0	991	71.6	29.79	421.24	25.488	29.75	0	101.3	5060.6	110205
64	"10:49:57"	453.0	0	3	20	0.735	421.1	25.44	0.05307	991	68.97	-506.06	61.59	27.80	0.1251	0.013557	0	0	0	991	71.6	29.79	421.51	25.522	29.75	0	101.3	5060.6	110205
65	"10:49:59"	455.0	0	3	20	0.58	421.3	25.47	0.04193	991	69.07	-506.05	61.66	27.79	0.097377	0.014105	0	0	0	991	71.6	29.79	421.80	25.548	29.75	0	101.3	5060.5	110205
66	"10:50:01"	457.0	0	3	20	0.43	421.5	25.50	0.03109	991	69.15	-506.04	61.70	27.78	0.070694	0.01394	0	0	0	991	71.6	29.79	422.12	25.560	29.75	0	101.3	5060.4	110205
67	"10:50:03"	459.0	0	3	20	0.656	421.7	25.52	0.0474	991	69.20	-506.05	61.76	27.78	0.11158	0.012421	0	0	0	991	71.6	29.79	422.35	25.580	29.74	0	101.3	5060.5	110205
68	"10:50:05"	461.0	0	3	20	0.816	421.9	25.55	0.05896	991	69.29	-506.05	61.85	27.78	0.14024	0.012124	0	0	0	991	71.6	29.78	422.52	25.617	29.74	0	101.3	5060.5	110205
69	"10:50:07"	463.0	0	3	20	0.707	422.2	25.57	0.05111	991	69.31	-506.05	61.88	27.78	0.12103	0.011734	0	0	0	991	71.6	29.78	422.73	25.629	29.74	0	101.3	5060.5	110205
70	"10:50:09"	465.0	0	3	20	0.653	422.4	25.60	0.04718	991	69.33	-506.05	61.99	27.81	0.1109	0.012778	0	0	0	991	71.6	29.78	422.83	25.671	29.74	0	101.3	5060.5	110205
71	"10:50:11"	467.0	0	3	20	0.426	422.6	25.62	0.03075	991	69.37	-506.06	62.04	27.81	0.070089	0.013372	0	0	0	991	71.6	29.78	423.22	25.691	29.74	0	101.3	5060.6	110205
72	"10:50:11"	467.5	0	4	105	0.638	420.0	25.62	0.04612	991	69.39	-506.05	62.06	27.81	0.070089	0.013372	-0.00047497	0.24561	0	991	71.6	29.78	423.31	25.695	29.74	0	101.3	5060.5	110205
"OPEN 5.3.2"
"Thr May 30 2019 10:52:25"
"Unit="	"PSC-895"
"ComputeList="	"/User/Configs/Comps/Soil Efflux Eqns.LPL"
"BLCTable="	"/Sys/Lib/StdBLCTable"
"LightSource="	"Sun+Sky"	1	0.19
"LogFormat="	"/User/Configs/LogFormats/Soil Efflux Log Fmt"
"LogCodes="	-35	-21	-36	-104	310	311	320	302	303	306	304	321	322	323	324	300	301	330	331	305	307	308	-8	-2	-5	-9	-13	-11	-61	-23
"PromptList="	"/User/Configs/Prompts/Soil Efflux Prompts"
"Stability= (CO2S 15s SLP<1)(H2OS 15s SLP<1)(Flow 15s SLP<1)"
$STARTOFDATA$
"Obs"	"HHMMSS"	"FTime"	"Plot#"	"Mode"	"Smpls"	"EFFLUX"	"C2avg"	"Wavg"	"dc'/dt"	"Vtot"	"RHcmbr%"	"Tsoil_C"	"RHirga%"	"Tsch_C"	"dC/dt"	"dW/dt"	"R(C)m"	"R(C)b"	"InsDpth"	"Vbase"	"Area"	"TBlk"	"CO2S"	"H2OS"	"Tair"	"PARo"	"Press"	"uc_21_mV"	"Status"
1	"11:22:24"	1807.5	0	3	8	80	454.7	24.30	5.782	991	67.27	-506.05	59.28	26.32	14.552	-0.75505	0	0	0	991	71.6	28.59	478.24	22.826	28.48	0	101.3	5060.5	110205
2	"11:22:26"	1809.5	0	3	12	59.3	464.2	23.61	4.282	991	62.95	-506.05	55.55	26.33	10.856	-0.71669	0	0	0	991	71.6	28.59	488.82	21.376	28.47	0	101.3	5060.5	110205
3	"11:22:28"	1811.5	0	3	16	45.2	470.8	22.98	3.269	991	60.57	-506.06	53.66	26.39	8.3471	-0.65821	0	0	0	991	71.6	28.59	493.57	20.644	28.46	0	101.3	5060.6	110205
4	"11:22:30"	1813.5	0	3	20	36.2	475.9	22.43	2.619	991	56.83	-506.06	50.49	26.44	6.7305	-0.60984	0	0	0	991	71.6	28.59	500.36	19.426	28.46	0	101.3	5060.6	110205
5	"11:22:32"	1815.5	0	3	20	20.6	488.2	21.30	1.492	991	57.55	-506.07	51.01	26.41	3.9203	-0.51264	0	0	0	991	71.6	28.59	504.02	19.631	28.47	0	101.3	5060.7	110205
6	"11:22:34"	1817.5	0	3	20	13.2	494.9	20.52	0.9572	991	58.19	-506.05	51.28	26.32	2.5239	-0.34265	0	0	0	991	71.6	28.59	502.60	19.746	28.48	0	101.3	5060.5	110205
7	"11:22:36"	1819.5	0	3	20	8.23	498.8	20.05	0.5948	991	59.09	-506.05	52.14	26.35	1.5375	-0.15073	0	0	0	991	71.6	28.59	503.14	20.090	28.49	0	101.3	5060.5	110205
8	"11:22:38"	1821.5	0	3	20	4.35	501.3	19.86	0.3146	991	59.78	-506.06	52.75	26.36	0.7627	0.019565	0	0	0	991	71.6	28.60	502.97	20.338	28.50	0	101.3	5060.6	110205
9	"11:22:40"	1823.5	0	3	20	1.29	502.7	19.91	0.09295	991	60.35	-506.05	53.27	26.38	0.16315	0.12705	0	0	0	991	71.6	28.60	502.96	20.551	28.51	0	101.3	5060.5	110205
10	"11:22:41"	1824.0	0	4	33	124	420.0	19.91	8.936	991	60.55	-506.05	53.44	26.38	0.16315	0.12705	-0.10731	54.008	0	991	71.6	28.60	502.95	20.618	28.51	0	101.3	5060.5	110205
11	"11:24:52"	1955.0	0	3	8	0.121	417.0	23.17	0.008725	991	67.08	-506.06	60.19	26.65	0.0122	0.021672	0	0	0	991	71.6	28.57	417.17	23.219	28.51	0	101.3	5060.6	110205
12	"11:24:54"	1957.0	0	3	12	0.562	417.1	23.19	0.04057	991	67.18	-506.06	60.27	26.65	0.0912	0.020021	0	0	0	991	71.6	28.56	417.46	23.244	28.50	0	101.3	5060.6	110205
13	"11:24:56"	1959.0	0	3	16	0.611	417.2	23.21	0.04414	991	67.34	-506.05	60.38	26.64	0.10005	0.019836	0	0	0	991	71.6	28.56	417.55	23.285	28.50	0	101.3	5060.5	110205
14	"11:24:58"	1961.0	0	3	20	0.61	417.3	23.22	0.04409	991	67.43	-506.06	60.45	26.64	0.10028	0.018959	0	0	0	991	71.6	28.56	417.81	23.313	28.50	0	101.3	5060.6	110205
15	"11:25:00"	1963.0	0	3	20	0.716	417.5	23.26	0.05176	991	67.47	-506.04	60.54	26.65	0.11977	0.017545	0	0	0	991	71.6	28.56	418.23	23.347	28.50	0	101.3	5060.4	110205
16	"11:25:02"	1965.0	0	3	20	0.638	417.7	23.30	0.04611	991	67.58	-506.05	60.63	26.65	0.10613	0.016923	0	0	0	991	71.6	28.56	418.35	23.381	28.50	0	101.3	5060.5	110205
17	"11:25:04"	1967.0	0	3	20	0.675	418.0	23.33	0.04874	991	67.70	-506.06	60.74	26.64	0.11257	0.016994	0	0	0	991	71.6	28.56	418.57	23.419	28.50	0	101.3	5060.6	110205
18	"11:25:06"	1969.0	0	3	20	0.609	418.2	23.36	0.04401	991	67.74	-506.06	60.82	26.66	0.10091	0.017056	0	0	0	991	71.6	28.56	418.58	23.449	28.50	0	101.3	5060.6	110205
19	"11:25:08"	1971.0	0	3	20	0.57	418.4	23.40	0.04118	991	67.79	-506.06	60.91	26.67	0.094035	0.016864	0	0	0	991	71.6	28.56	418.80	23.483	28.50	0	101.3	5060.6	110205
20	"11:25:10"	1973.0	0	3	20	0.534	418.6	23.43	0.03857	991	67.85	-506.05	61.00	26.68	0.087988	0.016	0	0	0	991	71.6	28.56	419.13	23.513	28.50	0	101.3	5060.5	110205
21	"11:25:12"	1975.0	0	3	20	0.562	418.7	23.46	0.04057	991	67.93	-506.06	61.08	26.68	0.093008	0.015735	0	0	0	991	71.6	28.55	419.37	23.546	28.50	0	101.3	5060.6	110205
22	"11:25:14"	1977.0	0	3	20	0.652	418.9	23.49	0.04712	991	67.98	-506.06	61.16	26.69	0.10886	0.016319	0	0	0	991	71.6	28.55	419.30	23.574	28.49	0	101.3	5060.6	110205
23	"11:25:16"	1979.0	0	3	20	0.554	419.1	23.53	0.04001	991	68.15	-506.05	61.26	26.67	0.091158	0.016849	0	0	0	991	71.6	28.55	419.63	23.612	28.49	0	101.3	5060.5	110205
24	"11:25:18"	1981.0	0	3	20	0.516	419.3	23.56	0.0373	991	68.33	-506.06	61.37	26.66	0.084635	0.01649	0	0	0	991	71.6	28.55	419.91	23.654	28.49	0	101.3	5060.6	110205
25	"11:25:20"	1983.0	0	3	20	0.58	419.5	23.59	0.04189	991	68.30	-506.06	61.41	26.67	0.09557	0.017312	0	0	0	991	71.6	28.55	419.90	23.666	28.49	0	101.3	5060.6	110205
26	"11:25:22"	1985.0	0	3	20	0.563	419.7	23.62	0.04069	991	68.36	-506.07	61.49	26.68	0.093495	0.015269	0	0	0	991	71.6	28.55	420.14	23.695	28.49	0	101.3	5060.7	110205
27	"11:25:24"	1987.0	0	3	20	0.646	419.9	23.66	0.04669	991	68.45	-506.06	61.58	26.68	0.10842	0.01483	0	0	0	991	71.6	28.55	420.44	23.730	28.49	0	101.3	5060.6	110205
28	"11:25:26"	1989.0	0	3	20	0.644	420.1	23.68	0.0465	991	68.53	-506.07	61.66	26.68	0.10804	0.014638	0	0	0	991	71.6	28.55	420.64	23.761	28.49	0	101.3	5060.7	110205
29	"11:25:28"	1991.0	0	3	20	0.577	420.3	23.71	0.04171	991	68.65	-506.06	61.76	26.68	0.096647	0.01374	0	0	0	991	71.6	28.54	420.79	23.792	28.49	0	101.3	5060.6	110205
30	"11:25:30"	1993.0	0	3	20	0.678	420.5	23.74	0.04899	991	68.75	-506.06	61.87	26.68	0.11339	0.016417	0	0	0	991	71.6	28.54	421.01	23.837	28.49	0	101.3	5060.6	110205
31	"11:25:32"	1995.0	0	3	20	0.605	420.7	23.78	0.04372	991	68.87	-506.07	61.92	26.67	0.10059	0.016015	0	0	0	991	71.6	28.54	421.16	23.855	28.49	0	101.3	5060.7	110205
32	"11:25:34"	1997.0	0	3	20	0.622	420.9	23.81	0.04497	991	69.04	-506.06	61.99	26.64	0.10387	0.015547	0	0	0	991	71.6	28.54	421.53	23.881	28.48	0	101.3	5060.6	110205
33	"11:25:36"	1999.0	0	3	20	0.642	421.1	23.84	0.04635	991	69.11	-506.06	62.10	26.65	0.10729	0.015472	0	0	0	991	71.6	28.54	421.71	23.920	28.48	0	101.3	5060.6	110205
34	"11:25:38"	2001.0	0	3	20	0.685	421.4	23.87	0.04951	991	69.17	-506.05	62.16	26.65	0.11562	0.014139	0	0	0	991	71.6	28.54	422.06	23.939	28.48	0	101.3	5060.5	110205
35	"11:25:40"	2003.0	0	3	20	0.736	421.6	23.89	0.05314	991	69.25	-506.06	62.23	26.65	0.12477	0.013638	0	0	0	991	71.6	28.54	422.20	23.965	28.48	0	101.3	5060.6	110205
36	"11:25:42"	2005.0	0	3	20	0.686	421.8	23.92	0.04958	991	69.31	-506.04	62.31	26.66	0.11607	0.013484	0	0	0	991	71.6	28.54	422.32	23.994	28.48	0	101.3	5060.4	110205
37	"11:25:44"	2007.0	0	3	20	0.651	422.0	23.95	0.04704	991	69.36	-506.07	62.37	26.66	0.10989	0.013373	0	0	0	991	71.6	28.54	422.55	24.020	28.48	0	101.3	5060.7	110205
38	"11:25:46"	2009.0	0	3	20	0.543	422.2	23.98	0.03925	991	69.41	-506.06	62.43	26.67	0.090596	0.013676	0	0	0	991	71.6	28.53	422.72	24.039	28.48	0	101.3	5060.6	110205
39	"11:25:48"	2011.0	0	3	20	0.519	422.4	24.00	0.03751	991	69.56	-506.05	62.53	26.65	0.086127	0.014084	0	0	0	991	71.6	28.53	422.71	24.077	28.48	0	101.3	5060.5	110205
40	"11:25:50"	2013.0	0	4	116	0.603	420.0	24.02	0.04354	991	69.66	-506.06	62.63	26.66	0.078853	0.013305	0.00067791	-0.24118	0	991	71.6	28.53	423.05	24.117	28.48	0	101.3	5060.6	110205
41	"11:27:49"	2132.5	0	3	8	0.934	417.3	24.85	0.06746	991	71.97	-506.05	64.78	26.63	0.16144	0.010349	0	0	0	991	71.6	28.48	417.47	24.875	28.43	0	101.3	5060.5	110205
42	"11:27:51"	2134.5	0	3	12	0.615	417.4	24.86	0.04444	991	72.05	-506.06	64.83	26.62	0.1045	0.011102	0	0	0	991	71.6	28.48	417.74	24.893	28.43	0	101.3	5060.6	110205
43	"11:27:53"	2136.5	0	3	16	0.646	417.5	24.87	0.0467	991	72.08	-506.06	64.87	26.63	0.11096	0.0089731	0	0	0	991	71.6	28.48	417.95	24.907	28.43	0	101.3	5060.6	110205
44	"11:27:55"	2138.5	0	3	20	0.643	417.6	24.87	0.04643	991	72.16	-506.05	64.92	26.62	0.11029	0.0089986	0	0	0	991	71.6	28.48	418.43	24.920	28.42	0	101.3	5060.5	110205
45	"11:27:57"	2140.5	0	3	20	0.652	417.9	24.90	0.04712	991	72.15	-506.07	64.92	26.62	0.11176	0.0095455	0	0	0	991	71.6	28.48	418.39	24.922	28.42	0	101.3	5060.7	110205
46	"11:27:59"	2142.5	0	3	20	0.661	418.1	24.91	0.04777	991	72.22	-506.06	65.03	26.63	0.11397	0.0081128	0	0	0	991	71.6	28.48	418.51	24.959	28.42	0	101.3	5060.6	110205
47	"11:28:01"	2144.5	0	3	20	0.534	418.3	24.93	0.03862	991	72.40	-506.06	65.11	26.61	0.091026	0.0090995	0	0	0	991	71.6	28.48	418.74	24.990	28.42	0	101.3	5060.6	110205
48	"11:28:03"	2146.5	0	3	20	0.494	418.5	24.95	0.03571	991	72.47	-506.05	65.15	26.60	0.083752	0.0094187	0	0	0	991	71.6	28.47	419.11	25.002	28.42	0	101.3	5060.5	110205
49	"11:28:05"	2148.5	0	3	20	0.541	418.7	24.97	0.03906	991	72.46	-506.05	65.18	26.61	0.091517	0.010497	0	0	0	991	71.6	28.47	419.21	25.013	28.42	0	101.3	5060.5	110205
50	"11:28:07"	2150.5	0	3	20	0.636	418.9	24.99	0.04594	991	72.50	-506.06	65.25	26.62	0.10795	0.011613	0	0	0	991	71.6	28.47	419.38	25.038	28.42	0	101.3	5060.6	110205
51	"11:28:09"	2152.5	0	3	20	0.625	419.0	25.01	0.04519	991	72.42	-506.06	65.26	26.64	0.10701	0.0095493	0	0	0	991	71.6	28.47	419.30	25.044	28.42	0	101.3	5060.6	110205
52	"11:28:11"	2154.5	0	3	20	0.518	419.2	25.02	0.03744	991	72.45	-506.07	65.29	26.64	0.088846	0.0074637	0	0	0	991	71.6	28.47	419.69	25.052	28.42	0	101.3	5060.7	110205
53	"11:28:13"	2156.5	0	3	20	0.439	419.4	25.04	0.03173	991	72.56	-506.06	65.42	26.65	0.07471	0.0076964	0	0	0	991	71.6	28.47	420.08	25.105	28.42	0	101.3	5060.6	110205
54	"11:28:15"	2158.5	0	3	20	0.592	419.6	25.06	0.04274	991	72.50	-506.07	65.40	26.65	0.10108	0.0093181	0	0	0	991	71.6	28.47	420.10	25.095	28.42	0	101.3	5060.7	110205
55	"11:28:17"	2160.5	0	3	20	0.65	419.8	25.08	0.04694	991	72.59	-506.07	65.47	26.65	0.11111	0.010001	0	0	0	991	71.6	28.47	420.25	25.124	28.42	0	101.3	5060.7	110205
56	"11:28:19"	2162.5	0	3	20	0.636	420.0	25.09	0.04594	991	72.72	-506.07	65.53	26.64	0.10877	0.0096707	0	0	0	991	71.6	28.47	420.55	25.143	28.42	0	101.3	5060.7	110205
57	"11:28:21"	2164.5	0	3	20	0.597	420.2	25.11	0.04312	991	72.75	-506.06	65.59	26.64	0.10237	0.0084774	0	0	0	991	71.6	28.47	420.58	25.164	28.41	0	101.3	5060.6	110205
58	"11:28:23"	2166.5	0	3	20	0.519	420.4	25.13	0.03748	991	72.80	-506.07	65.61	26.64	0.088539	0.0083554	0	0	0	991	71.6	28.47	420.96	25.174	28.42	0	101.3	5060.7	110205
59	"11:28:25"	2168.5	0	3	20	0.635	420.6	25.15	0.0459	991	72.89	-506.05	65.68	26.63	0.10925	0.008349	0	0	0	991	71.6	28.47	421.28	25.198	28.41	0	101.3	5060.5	110205
60	"11:28:27"	2170.5	0	3	20	0.673	420.8	25.16	0.04865	991	72.98	-506.06	65.71	26.62	0.11581	0.0087843	0	0	0	991	71.6	28.47	421.20	25.212	28.41	0	101.3	5060.6	110205
61	"11:28:29"	2172.5	0	3	20	0.552	421.0	25.18	0.03987	991	73.06	-506.08	65.74	26.61	0.094322	0.0085723	0	0	0	991	71.6	28.47	421.57	25.223	28.42	0	101.3	5060.8	110205
62	"11:28:31"	2174.5	0	3	20	0.519	421.2	25.20	0.03752	991	73.09	-506.06	65.80	26.62	0.088661	0.0082848	0	0	0	991	71.6	28.47	421.76	25.246	28.41	0	101.3	5060.6	110205
63	"11:28:33"	2176.5	0	3	20	0.528	421.4	25.21	0.03811	991	73.07	-506.06	65.83	26.63	0.09001	0.0085379	0	0	0	991	71.6	28.47	421.84	25.255	28.41	0	101.3	5060.6	110205
64	"11:28:35"	2178.5	0	3	20	0.562	421.6	25.23	0.04061	991	73.08	-506.05	65.86	26.64	0.09648	0.0077945	0	0	0	991	71.6	28.47	422.31	25.267	28.41	0	101.3	5060.5	110205
65	"11:28:37"	2180.5	0	3	20	0.681	421.8	25.25	0.0492	991	73.08	-506.06	65.92	26.65	0.11766	0.0076803	0	0	0	991	71.6	28.47	422.28	25.289	28.41	0	101.3	5060.6	110205
66	"11:28:39"	2182.5	0	3	20	0.616	422.0	25.26	0.04453	991	73.14	-506.06	65.94	26.64	0.10594	0.008192	0	0	0	991	71.6	28.47	422.48	25.297	28.41	0	101.3	5060.6	110205
67	"11:28:41"	2184.5	0	3	20	0.585	422.2	25.28	0.04223	991	73.27	-506.06	66.00	26.63	0.10057	0.0075272	0	0	0	991	71.6	28.47	422.96	25.319	28.41	0	101.3	5060.6	110205
68	"11:28:43"	2186.5	0	3	20	0.674	422.4	25.29	0.04867	991	73.42	-506.07	66.09	26.61	0.11588	0.0087148	0	0	0	991	71.6	28.47	423.09	25.352	28.41	0	101.3	5060.7	110205
69	"11:28:44"	2187.0	0	4	109	0.591	420.0	25.29	0.04273	991	73.44	-506.07	66.10	26.61	0.11588	0.0087148	-0.00060143	0.29533	0	991	71.6	28.47	423.19	25.359	28.41	0	101.3	5060.7	110205
