"OPEN 5.3.2"
"Thr May 30 2019 11:38:00"
"Unit="	"PSC-895"
"ComputeList="	"/User/Configs/Comps/Soil Efflux Eqns.LPL"
"BLCTable="	"/Sys/Lib/StdBLCTable"
"LightSource="	"Sun+Sky"	1	0.19
"LogFormat="	"/User/Configs/LogFormats/Soil Efflux Log Fmt"
"LogCodes="	-35	-21	-36	-104	310	311	320	302	303	306	304	321	322	323	324	300	301	330	331	305	307	308	-8	-2	-5	-9	-13	-11	-61	-23
"PromptList="	"/User/Configs/Prompts/Soil Efflux Prompts"
"Stability= (CO2S 15s SLP<1)(H2OS 15s SLP<1)(Flow 15s SLP<1)"
"11:38:04 "
$STARTOFDATA$
"Obs"	"HHMMSS"	"FTime"	"Plot#"	"Mode"	"Smpls"	"EFFLUX"	"C2avg"	"Wavg"	"dc'/dt"	"Vtot"	"RHcmbr%"	"Tsoil_C"	"RHirga%"	"Tsch_C"	"dC/dt"	"dW/dt"	"R(C)m"	"R(C)b"	"InsDpth"	"Vbase"	"Area"	"TBlk"	"CO2S"	"H2OS"	"Tair"	"PARo"	"Press"	"uc_21_mV"	"Status"
1	"11:41:10"	209.5	0	3	8	0.85	517.1	22.14	0.06143	991	65.32	-506.07	57.71	26.33	0.13968	0.021251	0	0	0	991	71.6	28.50	517.46	22.185	28.45	0	101.3	5060.7	110205
2	"11:41:12"	211.5	0	3	12	0.663	517.2	22.16	0.04788	991	65.48	-506.06	57.84	26.33	0.10574	0.022441	0	0	0	991	71.6	28.50	517.67	22.237	28.45	0	101.3	5060.6	110205
3	"11:41:14"	213.5	0	3	16	0.707	517.4	22.18	0.0511	991	65.64	-506.05	57.92	26.31	0.11391	0.021933	0	0	0	991	71.6	28.50	517.64	22.268	28.45	0	101.3	5060.5	110205
4	"11:41:16"	215.5	0	3	20	0.635	517.5	22.20	0.0459	991	65.79	-506.06	58.02	26.30	0.10178	0.020728	0	0	0	991	71.6	28.50	517.87	22.306	28.45	0	101.3	5060.6	110205
5	"11:41:18"	217.5	0	3	20	0.54	517.6	22.24	0.03905	991	65.73	-506.06	58.05	26.33	0.085572	0.019567	0	0	0	991	71.6	28.50	517.86	22.319	28.45	0	101.3	5060.6	110205
6	"11:41:20"	219.5	0	3	20	0.398	517.8	22.28	0.02877	991	65.88	-506.06	58.19	26.33	0.061444	0.017418	0	0	0	991	71.6	28.50	518.31	22.372	28.45	0	101.3	5060.6	110205
7	"11:41:22"	221.5	0	3	20	0.389	517.9	22.32	0.02811	991	65.96	-506.05	58.29	26.34	0.059938	0.017201	0	0	0	991	71.6	28.50	518.28	22.412	28.45	0	101.3	5060.5	110205
8	"11:41:24"	223.5	0	3	20	0.517	518.1	22.35	0.03738	991	66.10	-506.06	58.38	26.33	0.082432	0.017702	0	0	0	991	71.6	28.50	518.47	22.447	28.45	0	101.3	5060.6	110205
9	"11:41:26"	225.5	0	3	20	0.596	518.2	22.39	0.04308	991	66.22	-506.06	58.49	26.33	0.096239	0.018091	0	0	0	991	71.6	28.50	518.93	22.489	28.45	0	101.3	5060.6	110205
10	"11:41:28"	227.5	0	3	20	0.595	518.4	22.42	0.04299	991	66.14	-506.05	58.52	26.36	0.095902	0.018333	0	0	0	991	71.6	28.50	519.09	22.498	28.45	0	101.3	5060.5	110205
11	"11:41:30"	229.5	0	3	20	0.541	518.6	22.46	0.03906	991	66.35	-506.06	58.65	26.34	0.087058	0.016781	0	0	0	991	71.6	28.50	519.28	22.550	28.45	0	101.3	5060.6	110205
12	"11:41:32"	231.5	0	3	20	0.549	518.8	22.49	0.03964	991	66.48	-506.06	58.73	26.33	0.088975	0.015833	0	0	0	991	71.6	28.50	519.15	22.582	28.45	0	101.3	5060.6	110205
13	"11:41:34"	233.5	0	3	20	0.522	519.0	22.52	0.03769	991	66.56	-506.05	58.80	26.33	0.08405	0.016082	0	0	0	991	71.6	28.50	519.15	22.610	28.45	0	101.3	5060.5	110205
14	"11:41:36"	235.5	0	3	20	0.481	519.1	22.56	0.03472	991	66.60	-506.06	58.88	26.35	0.076427	0.016708	0	0	0	991	71.6	28.50	519.67	22.641	28.45	0	101.3	5060.6	110205
15	"11:41:38"	237.5	0	3	20	0.528	519.3	22.59	0.03814	991	66.77	-506.06	59.00	26.34	0.084272	0.017746	0	0	0	991	71.6	28.50	519.81	22.686	28.45	0	101.3	5060.6	110205
16	"11:41:40"	239.5	0	3	20	0.575	519.5	22.62	0.04153	991	66.83	-506.06	59.07	26.34	0.092645	0.017639	0	0	0	991	71.6	28.50	520.12	22.713	28.45	0	101.3	5060.6	110205
17	"11:41:42"	241.5	0	3	20	0.661	519.7	22.66	0.04776	991	66.97	-506.06	59.19	26.34	0.10824	0.017079	0	0	0	991	71.6	28.50	520.09	22.756	28.45	0	101.3	5060.6	110205
18	"11:41:44"	243.5	0	3	20	0.627	519.9	22.69	0.04527	991	67.03	-506.06	59.21	26.33	0.1021	0.017102	0	0	0	991	71.6	28.50	520.40	22.765	28.45	0	101.3	5060.6	110205
19	"11:41:46"	245.5	0	3	20	0.528	520.1	22.72	0.03812	991	67.06	-506.07	59.26	26.34	0.085305	0.015652	0	0	0	991	71.6	28.50	520.39	22.784	28.45	0	101.3	5060.7	110205
20	"11:41:48"	247.5	0	3	20	0.509	520.2	22.75	0.03677	991	67.13	-506.06	59.39	26.36	0.082893	0.013969	0	0	0	991	71.6	28.50	520.96	22.838	28.45	0	101.3	5060.6	110205
21	"11:41:50"	249.5	0	3	20	0.646	520.5	22.79	0.04667	991	67.22	-506.05	59.48	26.36	0.10671	0.014913	0	0	0	991	71.6	28.50	520.97	22.872	28.45	0	101.3	5060.5	110205
22	"11:41:52"	251.5	0	3	20	0.661	520.7	22.82	0.04773	991	67.27	-506.06	59.53	26.36	0.10914	0.015236	0	0	0	991	71.6	28.50	521.08	22.893	28.45	0	101.3	5060.6	110205
23	"11:41:54"	253.5	0	3	20	0.604	520.9	22.85	0.04363	991	67.38	-506.06	59.65	26.37	0.098686	0.015966	0	0	0	991	71.6	28.50	521.28	22.938	28.45	0	101.3	5060.6	110205
24	"11:41:56"	255.5	0	3	20	0.582	521.0	22.88	0.04206	991	67.51	-506.06	59.70	26.35	0.094737	0.01613	0	0	0	991	71.6	28.50	521.44	22.958	28.45	0	101.3	5060.6	110205
25	"11:41:58"	257.5	0	3	20	0.402	521.2	22.91	0.02903	991	67.61	-506.06	59.77	26.35	0.063896	0.013909	0	0	0	991	71.6	28.50	521.69	22.984	28.45	0	101.3	5060.6	110205
26	"11:42:00"	259.5	0	3	20	0.484	521.4	22.94	0.03496	991	67.70	-506.06	59.85	26.34	0.078219	0.014346	0	0	0	991	71.6	28.50	521.48	23.011	28.45	0	101.3	5060.6	110205
27	"11:42:02"	261.5	0	3	20	0.465	521.5	22.97	0.03363	991	67.72	-506.06	59.89	26.35	0.074927	0.01439	0	0	0	991	71.6	28.50	522.22	23.031	28.45	0	101.3	5060.6	110205
28	"11:42:04"	263.5	0	3	20	0.565	521.7	22.99	0.04081	991	67.76	-506.07	59.97	26.37	0.093091	0.01342	0	0	0	991	71.6	28.51	522.24	23.063	28.45	0	101.3	5060.7	110205
29	"11:42:06"	265.5	0	3	20	0.582	521.9	23.02	0.04207	991	67.89	-506.06	60.07	26.36	0.095789	0.014144	0	0	0	991	71.6	28.50	522.42	23.101	28.45	0	101.3	5060.6	110205
30	"11:42:08"	267.5	0	3	20	0.662	522.1	23.05	0.04784	991	67.94	-506.06	60.08	26.35	0.11018	0.013736	0	0	0	991	71.6	28.50	522.43	23.106	28.45	0	101.3	5060.6	110205
31	"11:42:10"	269.5	0	3	20	0.647	522.3	23.07	0.04672	991	68.04	-506.07	60.17	26.35	0.10783	0.013007	0	0	0	991	71.6	28.50	522.86	23.140	28.45	0	101.3	5060.7	110205
32	"11:42:12"	271.5	0	3	20	0.53	522.5	23.10	0.0383	991	68.16	-506.06	60.27	26.35	0.086845	0.013554	0	0	0	991	71.6	28.50	522.88	23.177	28.45	0	101.3	5060.6	110205
33	"11:42:13"	272.5	0	4	126	0.567	520.0	23.11	0.04098	991	68.19	-506.06	60.33	26.36	0.090155	0.0135	-0.0004651	0.28283	0	991	71.6	28.50	522.93	23.200	28.45	0	101.3	5060.6	110205
34	"11:44:35"	414.5	0	3	8	-0.0889	517.2	24.30	-0.006421	991	71.53	-506.06	63.23	26.35	-0.022018	0.011777	0	0	0	991	71.6	28.51	517.36	24.318	28.45	0	101.3	5060.6	110205
35	"11:44:37"	416.5	0	3	12	0.477	517.3	24.31	0.03444	991	71.55	-506.05	63.28	26.36	0.078705	0.011148	0	0	0	991	71.6	28.51	517.37	24.339	28.45	0	101.3	5060.5	110205
36	"11:44:39"	418.5	0	3	16	0.531	517.4	24.32	0.0384	991	71.60	-506.06	63.34	26.36	0.088882	0.010286	0	0	0	991	71.6	28.51	517.83	24.362	28.45	0	101.3	5060.6	110205
37	"11:44:41"	420.5	0	3	20	0.503	517.5	24.33	0.03631	991	71.66	-506.06	63.40	26.36	0.084236	0.0093532	0	0	0	991	71.6	28.51	517.88	24.383	28.45	0	101.3	5060.6	110205
38	"11:44:43"	422.5	0	3	20	0.594	517.6	24.35	0.0429	991	71.62	-506.07	63.38	26.37	0.10064	0.0089879	0	0	0	991	71.6	28.51	517.90	24.380	28.45	0	101.3	5060.7	110205
39	"11:44:45"	424.5	0	3	20	0.415	517.8	24.36	0.03001	991	71.76	-506.06	63.51	26.37	0.069337	0.0082607	0	0	0	991	71.6	28.51	518.24	24.428	28.45	0	101.3	5060.6	110205
40	"11:44:47"	426.5	0	3	20	0.586	518.0	24.38	0.04234	991	71.77	-506.05	63.53	26.37	0.098594	0.01023	0	0	0	991	71.6	28.51	518.59	24.431	28.45	0	101.3	5060.5	110205
41	"11:44:49"	428.5	0	3	20	0.7	518.2	24.40	0.05059	991	71.86	-506.07	63.58	26.36	0.1187	0.010529	0	0	0	991	71.6	28.51	518.86	24.454	28.45	0	101.3	5060.7	110205
42	"11:44:51"	430.5	0	3	20	0.696	518.4	24.42	0.05031	991	71.89	-506.07	63.63	26.37	0.11858	0.0094736	0	0	0	991	71.6	28.51	518.94	24.472	28.45	0	101.3	5060.7	110205
43	"11:44:53"	432.5	0	3	20	0.674	518.6	24.44	0.04869	991	71.91	-506.05	63.68	26.38	0.1146	0.0094668	0	0	0	991	71.6	28.51	519.16	24.488	28.45	0	101.3	5060.5	110205
44	"11:44:55"	434.5	0	3	20	0.544	518.9	24.46	0.03928	991	72.00	-506.05	63.75	26.37	0.091897	0.0086772	0	0	0	991	71.6	28.51	519.33	24.514	28.45	0	101.3	5060.5	110205
45	"11:44:57"	436.5	0	3	20	0.491	519.1	24.48	0.03549	991	71.97	-506.05	63.72	26.37	0.081911	0.009937	0	0	0	991	71.6	28.51	519.71	24.502	28.45	0	101.3	5060.5	110205
46	"11:44:59"	438.5	0	3	20	0.589	519.2	24.49	0.04259	991	72.04	-506.05	63.85	26.39	0.10001	0.0086843	0	0	0	991	71.6	28.51	519.74	24.553	28.45	0	101.3	5060.5	110205
47	"11:45:01"	440.5	0	3	20	0.575	519.4	24.52	0.04157	991	72.04	-506.05	63.86	26.39	0.097363	0.0089578	0	0	0	991	71.6	28.51	520.01	24.557	28.45	0	101.3	5060.5	110205
48	"11:45:03"	442.5	0	3	20	0.509	519.6	24.53	0.03678	991	72.18	-506.05	63.92	26.38	0.085844	0.0084865	0	0	0	991	71.6	28.51	520.20	24.581	28.45	0	101.3	5060.5	110205
49	"11:45:05"	444.5	0	3	20	0.536	519.8	24.55	0.0387	991	72.24	-506.07	63.93	26.37	0.090247	0.0090805	0	0	0	991	71.6	28.51	520.36	24.589	28.45	0	101.3	5060.7	110205
50	"11:45:07"	446.5	0	3	20	0.545	520.0	24.57	0.03941	991	72.28	-506.06	64.00	26.37	0.091713	0.0095838	0	0	0	991	71.6	28.51	520.56	24.612	28.45	0	101.3	5060.6	110205
51	"11:45:09"	448.5	0	3	20	0.602	520.2	24.59	0.04348	991	72.37	-506.05	64.06	26.37	0.10239	0.0083273	0	0	0	991	71.6	28.51	520.93	24.635	28.45	0	101.3	5060.5	110205
52	"11:45:11"	450.5	0	3	20	0.563	520.4	24.61	0.04066	991	72.46	-506.06	64.12	26.36	0.094416	0.010259	0	0	0	991	71.6	28.51	521.20	24.658	28.45	0	101.3	5060.6	110205
53	"11:45:13"	452.5	0	3	20	0.594	520.6	24.62	0.04292	991	72.49	-506.05	64.15	26.36	0.10036	0.0095418	0	0	0	991	71.6	28.51	520.99	24.669	28.45	0	101.3	5060.5	110205
54	"11:45:15"	454.5	0	3	20	0.507	520.8	24.64	0.03663	991	72.53	-506.07	64.20	26.37	0.084944	0.0094473	0	0	0	991	71.6	28.51	520.95	24.688	28.45	0	101.3	5060.7	110205
55	"11:45:17"	456.5	0	3	20	0.548	521.0	24.66	0.03956	991	72.56	-506.06	64.22	26.37	0.092793	0.0082501	0	0	0	991	71.6	28.51	521.45	24.696	28.45	0	101.3	5060.6	110205
56	"11:45:19"	458.5	0	3	20	0.618	521.2	24.68	0.04464	991	72.60	-506.05	64.30	26.38	0.10541	0.0079978	0	0	0	991	71.6	28.51	521.92	24.726	28.45	0	101.3	5060.5	110205
57	"11:45:21"	460.5	0	3	20	0.675	521.4	24.70	0.04875	991	72.68	-506.05	64.36	26.38	0.11436	0.010139	0	0	0	991	71.6	28.51	521.86	24.754	28.45	0	101.3	5060.5	110205
58	"11:45:23"	462.5	0	3	20	0.702	521.6	24.72	0.05075	991	72.79	-506.06	64.43	26.37	0.11922	0.010226	0	0	0	991	71.6	28.51	522.25	24.777	28.45	0	101.3	5060.6	110205
59	"11:45:25"	464.5	0	3	20	0.738	521.9	24.73	0.05331	991	72.82	-506.06	64.43	26.36	0.12548	0.010266	0	0	0	991	71.6	28.51	522.57	24.779	28.45	0	101.3	5060.6	110205
60	"11:45:27"	466.5	0	3	20	0.62	522.1	24.76	0.04479	991	72.78	-506.06	64.47	26.38	0.10484	0.0097296	0	0	0	991	71.6	28.51	522.41	24.793	28.45	0	101.3	5060.6	110205
61	"11:45:29"	468.5	0	3	20	0.44	522.2	24.77	0.0318	991	72.75	-506.05	64.46	26.39	0.07415	0.0074513	0	0	0	991	71.6	28.51	522.71	24.789	28.45	0	101.3	5060.5	110205
62	"11:45:31"	470.5	0	3	20	0.498	522.4	24.79	0.03599	991	72.72	-506.07	64.50	26.40	0.084993	0.006432	0	0	0	991	71.6	28.51	522.93	24.807	28.45	0	101.3	5060.7	110205
63	"11:45:33"	472.5	0	4	116	0.568	520.0	24.79	0.04103	991	72.91	-506.05	64.62	26.39	0.072886	0.005076	0.001317	-0.64382	0	991	71.6	28.51	523.06	24.852	28.45	0	101.3	5060.5	110205
64	"11:48:06"	625.5	0	3	8	0.177	517.2	25.49	0.01282	991	74.72	-506.05	66.31	26.42	0.026765	0.0089151	0	0	0	991	71.6	28.52	517.49	25.511	28.46	0	101.3	5060.5	110205
65	"11:48:08"	627.5	0	3	12	0.42	517.3	25.50	0.03037	991	74.72	-506.06	66.33	26.43	0.069731	0.0092469	0	0	0	991	71.6	28.52	517.59	25.522	28.46	0	101.3	5060.6	110205
66	"11:48:10"	629.5	0	3	16	0.477	517.4	25.50	0.03445	991	74.73	-506.06	66.33	26.42	0.081259	0.0064101	0	0	0	991	71.6	28.52	517.81	25.521	28.46	0	101.3	5060.6	110205
67	"11:48:12"	631.5	0	3	20	0.509	517.5	25.51	0.03677	991	74.81	-506.05	66.38	26.42	0.087215	0.005918	0	0	0	991	71.6	28.52	518.00	25.538	28.46	0	101.3	5060.5	110205
68	"11:48:14"	633.5	0	3	20	0.583	517.7	25.52	0.04211	991	74.88	-506.06	66.44	26.42	0.10045	0.0057068	0	0	0	991	71.6	28.52	518.12	25.560	28.46	0	101.3	5060.6	110205
69	"11:48:16"	635.5	0	3	20	0.58	517.9	25.53	0.04193	991	74.94	-506.06	66.47	26.41	0.099483	0.00668	0	0	0	991	71.6	28.52	518.27	25.580	28.46	0	101.3	5060.6	110205
70	"11:48:18"	637.5	0	3	20	0.588	518.1	25.55	0.04251	991	74.95	-506.06	66.47	26.41	0.10013	0.0081263	0	0	0	991	71.6	28.52	518.47	25.574	28.46	0	101.3	5060.6	110205
71	"11:48:20"	639.5	0	3	20	0.483	518.2	25.56	0.0349	991	74.98	-506.06	66.50	26.41	0.081828	0.007382	0	0	0	991	71.6	28.52	518.75	25.589	28.46	0	101.3	5060.6	110205
72	"11:48:22"	641.5	0	3	20	0.518	518.4	25.58	0.03741	991	75.02	-506.06	66.54	26.41	0.088309	0.0067932	0	0	0	991	71.6	28.52	519.02	25.604	28.46	0	101.3	5060.6	110205
73	"11:48:24"	643.5	0	3	20	0.551	518.6	25.59	0.0398	991	75.08	-506.05	66.56	26.40	0.094544	0.0061092	0	0	0	991	71.6	28.52	519.43	25.612	28.46	0	101.3	5060.5	110205
74	"11:48:26"	645.5	0	3	20	0.688	518.8	25.60	0.04974	991	75.25	-506.05	66.65	26.39	0.11842	0.0071217	0	0	0	991	71.6	28.52	519.36	25.648	28.46	0	101.3	5060.5	110205
75	"11:48:28"	647.5	0	3	20	0.702	519.0	25.62	0.05069	991	75.30	-506.05	66.66	26.38	0.12006	0.008402	0	0	0	991	71.6	28.52	519.48	25.653	28.46	0	101.3	5060.5	110205
76	"11:48:30"	649.5	0	3	20	0.537	519.3	25.63	0.03877	991	75.38	-506.07	66.75	26.38	0.091174	0.007689	0	0	0	991	71.6	28.52	519.65	25.684	28.46	0	101.3	5060.6	110205
77	"11:48:32"	651.5	0	3	20	0.419	519.4	25.65	0.03027	991	75.27	-506.07	66.72	26.40	0.070392	0.007477	0	0	0	991	71.6	28.52	520.01	25.677	28.46	0	101.3	5060.7	110205
78	"11:48:34"	653.5	0	3	20	0.462	519.6	25.66	0.03335	991	75.29	-506.05	66.73	26.40	0.078824	0.0058776	0	0	0	991	71.6	28.52	520.29	25.678	28.46	0	101.3	5060.5	110205
79	"11:48:36"	655.5	0	3	20	0.62	519.8	25.67	0.0448	991	75.38	-506.07	66.81	26.40	0.1076	0.0046836	0	0	0	991	71.6	28.52	520.33	25.712	28.46	0	101.3	5060.7	110205
80	"11:48:38"	657.5	0	3	20	0.753	520.0	25.68	0.05438	991	75.31	-506.06	66.78	26.41	0.13046	0.0059425	0	0	0	991	71.6	28.52	520.70	25.699	28.46	0	101.3	5060.6	110205
81	"11:48:40"	659.5	0	3	20	0.752	520.3	25.69	0.05435	991	75.33	-506.07	66.84	26.42	0.131	0.0047802	0	0	0	991	71.6	28.52	520.66	25.721	28.46	0	101.3	5060.7	110205
82	"11:48:42"	661.5	0	3	20	0.543	520.5	25.70	0.03924	991	75.38	-506.06	66.85	26.41	0.093804	0.0048911	0	0	0	991	71.6	28.52	520.90	25.726	28.46	0	101.3	5060.6	110205
83	"11:48:44"	663.5	0	3	20	0.442	520.6	25.71	0.0319	991	75.45	-506.07	66.88	26.40	0.076062	0.0043435	0	0	0	991	71.6	28.52	521.08	25.741	28.46	0	101.3	5060.7	110205
84	"11:48:46"	665.5	0	3	20	0.484	520.8	25.72	0.03495	991	75.51	-506.06	66.91	26.40	0.083614	0.0042379	0	0	0	991	71.6	28.52	521.43	25.753	28.46	0	101.3	5060.6	110205
85	"11:48:48"	667.5	0	3	20	0.556	521.0	25.73	0.04017	991	75.49	-506.07	66.93	26.41	0.095158	0.0066284	0	0	0	991	71.6	28.53	521.52	25.762	28.47	0	101.3	5060.7	110205
86	"11:48:50"	669.5	0	3	20	0.66	521.2	25.75	0.04768	991	75.48	-506.05	66.97	26.42	0.11331	0.0072121	0	0	0	991	71.6	28.52	521.55	25.774	28.46	0	101.3	5060.5	110205
87	"11:48:52"	671.5	0	3	20	0.619	521.4	25.76	0.04472	991	75.52	-506.06	67.02	26.43	0.10619	0.0069312	0	0	0	991	71.6	28.52	521.80	25.797	28.46	0	101.3	5060.6	110205
88	"11:48:54"	673.5	0	3	20	0.537	521.6	25.77	0.03878	991	75.53	-506.06	67.04	26.43	0.091888	0.0063735	0	0	0	991	71.6	28.52	522.14	25.805	28.47	0	101.3	5060.6	110205
89	"11:48:56"	675.5	0	3	20	0.572	521.8	25.78	0.04134	991	75.56	-506.05	67.07	26.43	0.098531	0.0057385	0	0	0	991	71.6	28.52	522.16	25.813	28.46	0	101.3	5060.5	110205
90	"11:48:58"	677.5	0	3	20	0.527	522.0	25.80	0.03809	991	75.67	-506.06	67.13	26.42	0.090568	0.0056789	0	0	0	991	71.6	28.53	522.67	25.834	28.46	0	101.3	5060.6	110205
91	"11:49:00"	679.5	0	3	20	0.581	522.2	25.81	0.04197	991	75.68	-506.05	67.14	26.42	0.099694	0.006418	0	0	0	991	71.6	28.52	522.73	25.841	28.47	0	101.3	5060.5	110205
92	"11:49:02"	681.5	0	3	20	0.599	522.4	25.82	0.0433	991	75.70	-506.06	67.13	26.41	0.10346	0.005473	0	0	0	991	71.6	28.52	522.89	25.839	28.47	0	101.3	5060.6	110205
93	"11:49:03"	682.5	0	4	114	0.564	520.0	25.82	0.04072	991	75.74	-506.05	67.18	26.42	0.098996	0.0053187	0.00088842	-0.42126	0	991	71.6	28.52	523.00	25.857	28.46	0	101.3	5060.5	110205
94	"11:51:31"	830.5	0	3	8	0.877	517.0	26.17	0.0634	991	76.70	-506.06	68.02	26.41	0.15239	0.0063889	0	0	0	991	71.6	28.52	517.37	26.175	28.46	0	101.3	5060.6	110205
95	"11:51:33"	832.5	0	3	12	0.593	517.1	26.18	0.04283	991	76.81	-506.05	68.09	26.40	0.10252	0.0051485	0	0	0	991	71.6	28.52	517.35	26.201	28.46	0	101.3	5060.5	110205
96	"11:51:35"	834.5	0	3	16	0.795	517.3	26.18	0.05741	991	76.84	-506.07	68.13	26.41	0.13789	0.006001	0	0	0	991	71.6	28.52	517.81	26.216	28.46	0	101.3	5060.7	110205
97	"11:51:37"	836.5	0	3	20	0.72	517.4	26.19	0.05202	991	76.81	-506.06	68.10	26.41	0.12446	0.0063576	0	0	0	991	71.6	28.52	517.74	26.206	28.46	0	101.3	5060.6	110205
98	"11:51:39"	838.5	0	3	20	0.56	517.6	26.20	0.04047	991	76.85	-506.06	68.17	26.41	0.096427	0.0056964	0	0	0	991	71.6	28.52	518.09	26.229	28.46	0	101.3	5060.6	110205
99	"11:51:41"	840.5	0	3	20	0.498	517.8	26.21	0.03597	991	76.94	-506.06	68.23	26.41	0.085711	0.0050229	0	0	0	991	71.6	28.52	518.08	26.255	28.46	0	101.3	5060.6	110205
100	"11:51:43"	842.5	0	3	20	0.362	517.9	26.22	0.02618	991	76.91	-506.05	68.21	26.41	0.061532	0.0052539	0	0	0	991	71.6	28.52	518.42	26.245	28.46	0	101.3	5060.5	110205
101	"11:51:45"	844.5	0	3	20	0.462	518.1	26.23	0.03337	991	76.95	-506.06	68.24	26.41	0.07906	0.0055428	0	0	0	991	71.6	28.52	518.73	26.256	28.46	0	101.3	5060.6	110205
102	"11:51:47"	846.5	0	3	20	0.544	518.2	26.24	0.03931	991	77.04	-506.06	68.31	26.41	0.093122	0.0065164	0	0	0	991	71.6	28.52	518.83	26.285	28.46	0	101.3	5060.6	110205
103	"11:51:49"	848.5	0	3	20	0.617	518.4	26.26	0.04461	991	77.06	-506.03	68.35	26.41	0.1063	0.0062478	0	0	0	991	71.6	28.52	519.29	26.297	28.46	0	101.3	5060.3	110205
104	"11:51:51"	850.5	0	3	20	0.693	518.7	26.27	0.0501	991	77.05	-506.06	68.34	26.41	0.12044	0.005017	0	0	0	991	71.6	28.52	519.17	26.295	28.46	0	101.3	5060.6	110205
105	"11:51:53"	852.5	0	3	20	0.569	518.9	26.28	0.0411	991	77.05	-506.06	68.34	26.41	0.09789	0.0058272	0	0	0	991	71.6	28.52	519.46	26.294	28.46	0	101.3	5060.6	110205
106	"11:51:55"	854.5	0	3	20	0.564	519.1	26.29	0.04076	991	77.12	-506.06	68.39	26.41	0.097775	0.0044521	0	0	0	991	71.6	28.52	519.61	26.313	28.46	0	101.3	5060.6	110205
107	"11:51:57"	856.5	0	3	20	0.528	519.3	26.30	0.03815	991	77.06	-506.05	68.36	26.41	0.091914	0.0034422	0	0	0	991	71.6	28.52	519.89	26.301	28.46	0	101.3	5060.5	110205
108	"11:51:59"	858.5	0	3	20	0.476	519.5	26.30	0.0344	991	77.21	-506.05	68.44	26.40	0.082904	0.0030624	0	0	0	991	71.6	28.52	519.86	26.332	28.46	0	101.3	5060.5	110205
109	"11:52:01"	860.5	0	3	20	0.566	519.6	26.31	0.04087	991	77.15	-506.06	68.45	26.41	0.098635	0.0033538	0	0	0	991	71.6	28.52	519.89	26.336	28.46	0	101.3	5060.6	110205
110	"11:52:03"	862.5	0	3	20	0.506	519.8	26.32	0.03656	991	77.16	-506.07	68.46	26.42	0.087448	0.0044775	0	0	0	991	71.6	28.52	520.47	26.340	28.46	0	101.3	5060.7	110205
111	"11:52:05"	864.5	0	3	20	0.625	520.1	26.33	0.04518	991	77.29	-506.06	68.55	26.41	0.10794	0.0057596	0	0	0	991	71.6	28.52	520.47	26.375	28.46	0	101.3	5060.6	110205
112	"11:52:07"	866.5	0	3	20	0.655	520.2	26.34	0.04733	991	77.27	-506.07	68.54	26.41	0.11279	0.0065964	0	0	0	991	71.6	28.52	520.60	26.372	28.46	0	101.3	5060.7	110205
113	"11:52:09"	868.5	0	3	20	0.512	520.4	26.35	0.03698	991	77.33	-506.05	68.58	26.41	0.087625	0.0060668	0	0	0	991	71.6	28.52	521.02	26.385	28.46	0	101.3	5060.5	110205
114	"11:52:11"	870.5	0	3	20	0.546	520.6	26.37	0.03946	991	77.37	-506.06	68.58	26.40	0.093581	0.0063061	0	0	0	991	71.6	28.52	521.07	26.384	28.46	0	101.3	5060.6	110205
115	"11:52:13"	872.5	0	3	20	0.449	520.8	26.38	0.03242	991	77.41	-506.05	68.65	26.40	0.077116	0.0047703	0	0	0	991	71.6	28.52	521.27	26.410	28.46	0	101.3	5060.5	110205
116	"11:52:15"	874.5	0	3	20	0.624	521.0	26.39	0.0451	991	77.37	-506.06	68.64	26.41	0.10823	0.0048687	0	0	0	991	71.6	28.52	521.65	26.409	28.46	0	101.3	5060.6	110205
117	"11:52:17"	876.5	0	3	20	0.716	521.2	26.40	0.05174	991	77.35	-506.05	68.67	26.42	0.12431	0.0053052	0	0	0	991	71.6	28.52	521.62	26.419	28.46	0	101.3	5060.5	110205
118	"11:52:19"	878.5	0	3	20	0.549	521.4	26.41	0.03969	991	77.40	-506.04	68.72	26.42	0.095169	0.0044049	0	0	0	991	71.6	28.52	521.77	26.437	28.46	0	101.3	5060.4	110205
119	"11:52:21"	880.5	0	3	20	0.57	521.6	26.42	0.04118	991	77.52	-506.06	68.76	26.41	0.098175	0.00564	0	0	0	991	71.6	28.52	522.11	26.456	28.46	0	101.3	5060.6	110205
120	"11:52:23"	882.5	0	3	20	0.433	521.8	26.43	0.03131	991	77.49	-506.05	68.74	26.41	0.073996	0.0054875	0	0	0	991	71.6	28.52	522.42	26.447	28.46	0	101.3	5060.5	110205
121	"11:52:25"	884.5	0	3	20	0.488	522.0	26.44	0.03523	991	77.52	-506.06	68.74	26.40	0.084148	0.0045288	0	0	0	991	71.6	28.52	522.58	26.445	28.46	0	101.3	5060.6	110205
122	"11:52:27"	886.5	0	3	20	0.563	522.1	26.44	0.04066	991	77.54	-506.05	68.79	26.41	0.097902	0.0037465	0	0	0	991	71.6	28.52	522.52	26.465	28.46	0	101.3	5060.5	110205
123	"11:52:29"	888.5	0	4	116	0.562	520.0	26.45	0.04057	991	77.56	-506.05	68.85	26.42	0.098362	0.0021873	-0.0011045	0.6149	0	991	71.6	28.52	522.91	26.489	28.46	0	101.3	5060.5	110205
124	"11:54:51"	1030.5	0	3	8	0.209	517.3	26.64	0.01508	991	78.09	-506.06	69.28	26.41	0.037185	-0.00022448	0	0	0	991	71.6	28.52	517.26	26.652	28.46	0	101.3	5060.6	110205
125	"11:54:53"	1032.5	0	3	12	0.161	517.3	26.65	0.01166	991	78.11	-506.06	69.31	26.42	0.027278	0.0025704	0	0	0	991	71.6	28.52	517.62	26.668	28.46	0	101.3	5060.6	110205
126	"11:54:55"	1034.5	0	3	16	0.42	517.4	26.65	0.03032	991	78.11	-506.05	69.29	26.41	0.072624	0.003545	0	0	0	991	71.6	28.52	517.91	26.657	28.46	0	101.3	5060.5	110205
127	"11:54:57"	1036.5	0	3	20	0.501	517.5	26.66	0.03618	991	78.14	-506.06	69.36	26.42	0.086552	0.0044335	0	0	0	991	71.6	28.52	517.97	26.683	28.46	0	101.3	5060.6	110205
128	"11:54:59"	1038.5	0	3	20	0.662	517.7	26.66	0.04784	991	78.12	-506.05	69.37	26.43	0.11466	0.0054617	0	0	0	991	71.6	28.52	518.29	26.688	28.46	0	101.3	5060.5	110205
129	"11:55:01"	1040.5	0	3	20	0.64	517.9	26.67	0.04622	991	78.10	-506.05	69.36	26.43	0.11086	0.0051362	0	0	0	991	71.6	28.52	518.31	26.682	28.45	0	101.3	5060.5	110205
130	"11:55:03"	1042.5	0	3	20	0.563	518.1	26.68	0.04069	991	78.18	-506.05	69.42	26.43	0.097613	0.0044628	0	0	0	991	71.6	28.52	518.72	26.709	28.46	0	101.3	5060.5	110205
131	"11:55:05"	1044.5	0	3	20	0.574	518.3	26.69	0.04149	991	78.16	-506.05	69.40	26.42	0.099739	0.0041817	0	0	0	991	71.6	28.52	518.75	26.699	28.46	0	101.3	5060.5	110205
132	"11:55:07"	1046.5	0	3	20	0.526	518.5	26.70	0.03802	991	78.17	-506.04	69.46	26.43	0.091053	0.0044652	0	0	0	991	71.6	28.52	519.05	26.719	28.45	0	101.3	5060.4	110205
133	"11:55:09"	1048.5	0	3	20	0.599	518.7	26.71	0.04329	991	78.33	-506.07	69.51	26.42	0.10414	0.0041929	0	0	0	991	71.6	28.52	519.24	26.742	28.46	0	101.3	5060.7	110205
134	"11:55:11"	1050.5	0	3	20	0.517	518.9	26.72	0.03734	991	78.30	-506.05	69.49	26.42	0.089313	0.0046099	0	0	0	991	71.6	28.52	519.41	26.735	28.46	0	101.3	5060.5	110205
135	"11:55:13"	1052.5	0	3	20	0.482	519.1	26.73	0.03485	991	78.37	-506.05	69.53	26.41	0.083311	0.0043954	0	0	0	991	71.6	28.52	519.35	26.748	28.46	0	101.3	5060.5	110205
136	"11:55:15"	1054.5	0	3	20	0.426	519.2	26.73	0.03081	991	78.41	-506.07	69.56	26.41	0.073556	0.0040315	0	0	0	991	71.6	28.52	519.71	26.763	28.46	0	101.3	5060.7	110205
137	"11:55:17"	1056.5	0	3	20	0.435	519.4	26.74	0.03145	991	78.44	-506.06	69.58	26.41	0.075005	0.0042693	0	0	0	991	71.6	28.52	520.04	26.767	28.46	0	101.3	5060.6	110205
138	"11:55:19"	1058.5	0	3	20	0.622	519.6	26.75	0.04492	991	78.48	-506.06	69.63	26.41	0.10817	0.0041455	0	0	0	991	71.6	28.52	520.14	26.788	28.46	0	101.3	5060.6	110205
139	"11:55:21"	1060.5	0	3	20	0.658	519.8	26.76	0.04757	991	78.46	-506.04	69.61	26.41	0.11439	0.0046787	0	0	0	991	71.6	28.52	520.25	26.779	28.46	0	101.3	5060.4	110205
140	"11:55:23"	1062.5	0	3	20	0.645	520.0	26.77	0.04663	991	78.49	-506.07	69.65	26.42	0.11184	0.0051543	0	0	0	991	71.6	28.52	520.22	26.797	28.46	0	101.3	5060.7	110205
141	"11:55:25"	1064.5	0	3	20	0.466	520.2	26.78	0.0337	991	78.54	-506.06	69.68	26.41	0.080639	0.0040733	0	0	0	991	71.6	28.52	520.53	26.807	28.46	0	101.3	5060.6	110205
142	"11:55:27"	1066.5	0	3	20	0.486	520.4	26.79	0.03511	991	78.52	-506.05	69.66	26.41	0.08379	0.0046564	0	0	0	991	71.6	28.52	520.80	26.798	28.46	0	101.3	5060.5	110205
143	"11:55:29"	1068.5	0	3	20	0.581	520.6	26.80	0.042	991	78.55	-506.06	69.70	26.41	0.10107	0.0040068	0	0	0	991	71.6	28.52	521.17	26.813	28.46	0	101.3	5060.6	110205
144	"11:55:31"	1070.5	0	3	20	0.64	520.8	26.80	0.04625	991	78.57	-506.06	69.74	26.42	0.11158	0.0038946	0	0	0	991	71.6	28.52	521.34	26.827	28.46	0	101.3	5060.6	110205
145	"11:55:33"	1072.5	0	3	20	0.648	521.0	26.81	0.04685	991	78.58	-506.05	69.76	26.42	0.11331	0.0034034	0	0	0	991	71.6	28.52	521.60	26.833	28.45	0	101.3	5060.5	110205
146	"11:55:35"	1074.5	0	3	20	0.559	521.2	26.82	0.04037	991	78.60	-506.06	69.77	26.42	0.097789	0.0026409	0	0	0	991	71.6	28.52	521.80	26.840	28.46	0	101.3	5060.6	110205
147	"11:55:37"	1076.5	0	3	20	0.587	521.4	26.83	0.04243	991	78.62	-506.06	69.80	26.42	0.10215	0.0039809	0	0	0	991	71.6	28.52	522.00	26.851	28.45	0	101.3	5060.6	110205
148	"11:55:39"	1078.5	0	3	20	0.55	521.6	26.84	0.03977	991	78.62	-506.05	69.80	26.42	0.094901	0.0052892	0	0	0	991	71.6	28.52	521.95	26.853	28.46	0	101.3	5060.5	110205
149	"11:55:41"	1080.5	0	3	20	0.579	521.8	26.84	0.04186	991	78.66	-506.06	69.83	26.42	0.10001	0.0053342	0	0	0	991	71.6	28.52	522.41	26.863	28.45	0	101.3	5060.6	110205
150	"11:55:43"	1082.5	0	3	20	0.639	522.0	26.85	0.04618	991	78.65	-506.06	69.86	26.43	0.11089	0.0048699	0	0	0	991	71.6	28.52	522.75	26.876	28.46	0	101.3	5060.6	110205
151	"11:55:45"	1084.5	0	3	20	0.596	522.2	26.86	0.04306	991	78.74	-506.06	69.90	26.42	0.10384	0.003717	0	0	0	991	71.6	28.52	522.86	26.893	28.46	0	101.3	5060.6	110205
152	"11:55:47"	1086.5	0	3	20	0.609	522.4	26.87	0.04402	991	78.70	-506.05	69.86	26.42	0.10644	0.0032642	0	0	0	991	71.6	28.52	522.67	26.877	28.46	0	101.3	5060.5	110205
153	"11:55:48"	1088.0	0	4	115	0.551	520.0	26.87	0.03984	991	78.82	-506.05	69.98	26.42	0.10036	0.0027407	0.0024449	-1.2315	0	991	71.6	28.52	523.28	26.921	28.46	0	101.3	5060.5	110205
