"OPEN 5.3.2"
"Thr May 30 2019 10:26:36"
"Unit="	"PSC-895"
"ComputeList="	"/User/Configs/Comps/Soil Efflux Eqns.LPL"
"BLCTable="	"/Sys/Lib/StdBLCTable"
"LightSource="	"Sun+Sky"	1	0.19
"LogFormat="	"/User/Configs/LogFormats/Soil Efflux Log Fmt"
"LogCodes="	-35	-21	-36	-104	310	311	320	302	303	306	304	321	322	323	324	300	301	330	331	305	307	308	-8	-2	-5	-9	-13	-11	-61	-23
"PromptList="	"/User/Configs/Prompts/Soil Efflux Prompts"
"Stability= (CO2S 15s SLP<1)(H2OS 15s SLP<1)(Flow 15s SLP<1)"
"10:26:41 "
$STARTOFDATA$
"Obs"	"HHMMSS"	"FTime"	"Plot#"	"Mode"	"Smpls"	"EFFLUX"	"C2avg"	"Wavg"	"dc'/dt"	"Vtot"	"RHcmbr%"	"Tsoil_C"	"RHirga%"	"Tsch_C"	"dC/dt"	"dW/dt"	"R(C)m"	"R(C)b"	"InsDpth"	"Vbase"	"Area"	"TBlk"	"CO2S"	"H2OS"	"Tair"	"PARo"	"Press"	"uc_21_mV"	"Status"
1	"10:30:04"	219.0	0	3	8	0.966	417.3	25.58	0.0698	991	65.06	-506.03	58.27	28.86	0.16676	0.014143	0	0	0	991	71.6	30.84	417.58	25.613	30.78	0	101.4	5060.3	110205
2	"10:30:06"	221.0	0	3	12	0.686	417.4	25.59	0.04959	991	65.10	-506.03	58.30	28.86	0.11571	0.016539	0	0	0	991	71.6	30.84	417.59	25.627	30.78	0	101.4	5060.3	110205
3	"10:30:08"	223.0	0	3	16	0.484	417.4	25.61	0.03496	991	65.23	-506.05	58.43	28.87	0.079712	0.01601	0	0	0	991	71.6	30.84	417.53	25.685	30.78	0	101.4	5060.5	110205
4	"10:30:10"	225.0	0	3	20	0.374	417.5	25.63	0.02702	991	65.27	-506.02	58.49	28.87	0.059883	0.0164	0	0	0	991	71.6	30.83	417.69	25.706	30.78	0	101.4	5060.2	110205
5	"10:30:12"	227.0	0	3	20	0.268	417.6	25.66	0.01936	991	65.40	-506.04	58.56	28.86	0.041078	0.016017	0	0	0	991	71.6	30.83	417.93	25.737	30.78	0	101.4	5060.4	110205
6	"10:30:14"	229.0	0	3	20	0.351	417.7	25.69	0.02536	991	65.38	-506.04	58.64	28.88	0.056014	0.015796	0	0	0	991	71.6	30.83	418.00	25.765	30.78	0	101.4	5060.4	110205
7	"10:30:16"	231.0	0	3	20	0.421	417.8	25.72	0.0304	991	65.48	-506.04	58.69	28.87	0.068643	0.015447	0	0	0	991	71.6	30.83	418.13	25.790	30.77	0	101.4	5060.4	110205
8	"10:30:18"	233.0	0	3	20	0.464	417.9	25.75	0.03349	991	65.62	-506.04	58.80	28.87	0.076214	0.015641	0	0	0	991	71.6	30.83	418.50	25.836	30.77	0	101.4	5060.4	110205
9	"10:30:20"	235.0	0	3	20	0.437	418.1	25.78	0.03158	991	65.79	-506.04	58.91	28.85	0.070957	0.016872	0	0	0	991	71.6	30.83	418.44	25.882	30.77	0	101.4	5060.4	110205
10	"10:30:22"	237.0	0	3	20	0.415	418.2	25.81	0.02998	991	65.86	-506.05	58.99	28.85	0.066498	0.018001	0	0	0	991	71.6	30.83	418.43	25.914	30.77	0	101.4	5060.5	110205
11	"10:30:24"	239.0	0	3	20	0.357	418.3	25.85	0.02579	991	65.94	-506.04	59.11	28.87	0.055427	0.019629	0	0	0	991	71.6	30.82	418.77	25.965	30.77	0	101.4	5060.4	110205
12	"10:30:26"	241.0	0	3	20	0.394	418.5	25.89	0.02848	991	65.99	-506.04	59.17	28.87	0.062585	0.018447	0	0	0	991	71.6	30.82	418.87	25.990	30.77	0	101.4	5060.4	110205
13	"10:30:27"	243.0	0	3	20	0.409	418.6	25.92	0.02955	991	66.04	-506.05	59.17	28.86	0.066285	0.01602	0	0	0	991	71.6	30.82	418.85	25.988	30.77	0	101.4	5060.5	110205
14	"10:30:29"	245.0	0	3	20	0.424	418.7	25.95	0.03061	991	66.11	-506.04	59.28	28.87	0.070188	0.013042	0	0	0	991	71.6	30.82	419.01	26.031	30.76	0	101.4	5060.4	110205
15	"10:30:31"	247.0	0	3	20	0.381	418.8	25.98	0.02754	991	66.12	-506.05	59.34	28.88	0.062745	0.012654	0	0	0	991	71.6	30.82	419.29	26.059	30.76	0	101.4	5060.5	110205
16	"10:30:33"	249.0	0	3	20	0.357	419.0	26.01	0.02579	991	66.26	-506.04	59.43	28.87	0.057998	0.013595	0	0	0	991	71.6	30.82	419.53	26.091	30.76	0	101.4	5060.4	110205
17	"10:30:35"	251.0	0	3	20	0.5	419.2	26.04	0.03615	991	66.31	-506.05	59.47	28.86	0.082935	0.015299	0	0	0	991	71.6	30.82	419.64	26.106	30.76	0	101.4	5060.5	110205
18	"10:30:37"	253.0	0	3	20	0.53	419.3	26.07	0.0383	991	66.40	-506.04	59.59	28.87	0.088013	0.015851	0	0	0	991	71.6	30.81	419.61	26.154	30.76	0	101.4	5060.4	110205
19	"10:30:39"	255.0	0	3	20	0.526	419.5	26.10	0.03803	991	66.48	-506.03	59.61	28.86	0.087921	0.014476	0	0	0	991	71.6	30.81	419.75	26.166	30.76	0	101.4	5060.3	110205
20	"10:30:41"	257.0	0	3	20	0.416	419.6	26.13	0.03007	991	66.49	-506.03	59.71	28.88	0.068316	0.014276	0	0	0	991	71.6	30.81	420.08	26.204	30.75	0	101.4	5060.3	110205
21	"10:30:43"	259.0	0	3	20	0.377	419.8	26.16	0.02722	991	66.59	-506.04	59.78	28.88	0.060902	0.015054	0	0	0	991	71.6	30.81	420.09	26.235	30.75	0	101.4	5060.4	110205
22	"10:30:45"	261.0	0	3	20	0.415	419.9	26.19	0.02995	991	66.66	-506.03	59.82	28.87	0.067369	0.015753	0	0	0	991	71.6	30.81	420.00	26.251	30.75	0	101.4	5060.3	110205
23	"10:30:47"	263.0	0	3	20	0.344	420.0	26.22	0.02483	991	66.77	-506.04	59.90	28.86	0.054896	0.015237	0	0	0	991	71.6	30.80	420.35	26.283	30.75	0	101.4	5060.4	110205
24	"10:30:49"	265.0	0	3	20	0.388	420.1	26.25	0.02801	991	66.86	-506.05	59.96	28.86	0.063204	0.014259	0	0	0	991	71.6	30.80	420.48	26.309	30.75	0	101.4	5060.5	110205
25	"10:30:51"	267.0	0	3	20	0.378	420.3	26.28	0.02734	991	66.95	-506.04	60.07	28.86	0.061907	0.013409	0	0	0	991	71.6	30.80	420.58	26.352	30.75	0	101.4	5060.4	110205
26	"10:30:53"	269.0	0	3	20	0.457	420.4	26.30	0.03302	991	67.12	-506.04	60.13	28.84	0.075488	0.014532	0	0	0	991	71.6	30.80	420.68	26.379	30.75	0	101.4	5060.4	110205
27	"10:30:55"	271.0	0	3	20	0.401	420.5	26.33	0.02894	991	67.16	-506.03	60.21	28.85	0.06471	0.016095	0	0	0	991	71.6	30.80	420.65	26.409	30.74	0	101.4	5060.3	110205
28	"10:30:57"	273.0	0	3	20	0.362	420.7	26.36	0.02614	991	67.27	-506.03	60.31	28.84	0.058085	0.015378	0	0	0	991	71.6	30.80	420.87	26.449	30.74	0	101.4	5060.3	110205
29	"10:30:59"	275.0	0	3	20	0.354	420.8	26.39	0.02559	991	67.30	-506.03	60.34	28.84	0.057151	0.014333	0	0	0	991	71.6	30.79	421.12	26.460	30.74	0	101.4	5060.3	110205
30	"10:31:01"	277.0	0	3	20	0.4	420.9	26.42	0.02887	991	67.33	-506.02	60.41	28.85	0.065775	0.013198	0	0	0	991	71.6	30.79	421.41	26.486	30.74	0	101.4	5060.2	110205
31	"10:31:03"	279.0	0	3	20	0.366	421.0	26.44	0.02648	991	67.41	-506.03	60.45	28.84	0.060688	0.011245	0	0	0	991	71.6	30.79	421.20	26.503	30.74	0	101.4	5060.3	110205
32	"10:31:05"	281.0	0	3	20	0.417	421.2	26.47	0.03016	991	67.40	-506.04	60.51	28.86	0.069447	0.012064	0	0	0	991	71.6	30.79	421.47	26.531	30.74	0	101.4	5060.4	110205
33	"10:31:07"	283.0	0	3	20	0.399	421.3	26.49	0.0288	991	67.41	-506.04	60.55	28.87	0.066439	0.011256	0	0	0	991	71.6	30.79	421.79	26.543	30.73	0	101.4	5060.4	110205
34	"10:31:09"	285.0	0	3	20	0.424	421.4	26.52	0.03065	991	67.60	-506.05	60.66	28.85	0.070639	0.012119	0	0	0	991	71.6	30.79	421.90	26.592	30.73	0	101.4	5060.5	110205
35	"10:31:11"	287.0	0	3	20	0.432	421.5	26.54	0.03124	991	67.54	-506.03	60.68	28.87	0.071649	0.013165	0	0	0	991	71.6	30.78	421.84	26.593	30.73	0	101.4	5060.3	110205
36	"10:31:13"	289.0	0	3	20	0.351	421.7	26.57	0.02533	991	67.75	-506.05	60.83	28.86	0.057225	0.012659	0	0	0	991	71.6	30.78	422.09	26.659	30.73	0	101.4	5060.5	110205
37	"10:31:15"	291.0	0	3	20	0.384	421.8	26.59	0.02771	991	67.82	-506.04	60.83	28.84	0.062363	0.014397	0	0	0	991	71.6	30.78	422.15	26.659	30.73	0	101.4	5060.4	110205
38	"10:31:17"	293.0	0	3	20	0.383	422.0	26.62	0.02769	991	67.90	-506.05	60.92	28.84	0.062549	0.013854	0	0	0	991	71.6	30.78	422.32	26.693	30.72	0	101.4	5060.5	110205
39	"10:31:19"	295.0	0	3	20	0.439	422.1	26.65	0.03175	991	67.92	-506.05	60.99	28.85	0.072899	0.013149	0	0	0	991	71.6	30.78	422.45	26.718	30.72	0	101.4	5060.5	110205
40	"10:31:21"	297.0	0	3	20	0.372	422.2	26.67	0.02691	991	68.08	-506.05	61.03	28.82	0.061139	0.012618	0	0	0	991	71.6	30.78	422.59	26.736	30.72	0	101.4	5060.5	110205
41	"10:31:23"	299.0	0	3	20	0.455	422.4	26.70	0.03286	991	68.13	-506.03	61.11	28.83	0.076211	0.011862	0	0	0	991	71.6	30.77	422.73	26.767	30.72	0	101.4	5060.3	110205
42	"10:31:25"	301.0	0	3	20	0.415	422.5	26.72	0.02998	991	68.10	-506.04	61.13	28.84	0.068758	0.012619	0	0	0	991	71.6	30.77	422.79	26.776	30.72	0	101.4	5060.4	110205
43	"10:31:27"	303.0	0	3	20	0.43	422.6	26.75	0.03104	991	68.23	-506.04	61.26	28.84	0.071617	0.012058	0	0	0	991	71.6	30.77	423.07	26.829	30.72	0	101.4	5060.4	110205
44	"10:31:28"	303.5	0	4	168	0.417	420.0	26.75	0.03013	991	68.30	-506.05	61.29	28.83	0.071617	0.012058	-0.00088348	0.40119	0	991	71.6	30.77	423.10	26.841	30.72	0	101.4	5060.5	110205
45	"10:34:03"	459.0	0	3	8	0.353	417.1	27.51	0.02551	991	70.53	-506.04	63.42	28.71	0.061257	0.0043511	0	0	0	991	71.6	30.61	417.07	27.516	30.55	0	101.4	5060.4	110205
46	"10:34:05"	461.0	0	3	12	0.207	417.1	27.51	0.01494	991	70.62	-506.05	63.47	28.70	0.034445	0.0059109	0	0	0	991	71.6	30.61	417.27	27.539	30.55	0	101.4	5060.5	110205
47	"10:34:07"	463.0	0	3	16	0.376	417.2	27.52	0.02714	991	70.70	-506.05	63.56	28.70	0.063804	0.0078613	0	0	0	991	71.6	30.60	417.67	27.575	30.55	0	101.4	5060.5	110205
48	"10:34:09"	465.0	0	3	20	0.45	417.3	27.53	0.03251	991	70.68	-506.05	63.56	28.70	0.076631	0.008892	0	0	0	991	71.6	30.60	417.54	27.570	30.55	0	101.4	5060.5	110205
49	"10:34:11"	467.0	0	3	20	0.523	417.4	27.55	0.03776	991	70.80	-506.04	63.61	28.69	0.089427	0.0093768	0	0	0	991	71.6	30.60	417.83	27.590	30.55	0	101.4	5060.4	110205
50	"10:34:13"	469.0	0	3	20	0.527	417.6	27.56	0.03805	991	70.77	-506.03	63.64	28.70	0.090247	0.0091231	0	0	0	991	71.6	30.60	417.90	27.599	30.54	0	101.4	5060.3	110205
51	"10:34:15"	471.0	0	3	20	0.393	417.7	27.58	0.02841	991	70.85	-506.04	63.68	28.69	0.067083	0.0075322	0	0	0	991	71.6	30.60	418.19	27.616	30.54	0	101.4	5060.4	110205
52	"10:34:17"	473.0	0	3	20	0.356	417.9	27.60	0.02575	991	70.92	-506.05	63.76	28.69	0.060657	0.0071178	0	0	0	991	71.6	30.60	418.10	27.646	30.54	0	101.4	5060.5	110205
53	"10:34:19"	475.0	0	3	20	0.375	418.0	27.61	0.02708	991	70.94	-506.04	63.80	28.70	0.063443	0.0083341	0	0	0	991	71.6	30.59	418.33	27.661	30.54	0	101.4	5060.4	110205
54	"10:34:21"	477.0	0	3	20	0.405	418.1	27.63	0.02927	991	70.99	-506.04	63.87	28.70	0.068513	0.0091234	0	0	0	991	71.6	30.59	418.32	27.685	30.54	0	101.4	5060.4	110205
55	"10:34:23"	479.0	0	3	20	0.33	418.2	27.65	0.02384	991	71.09	-506.04	63.93	28.69	0.054413	0.010677	0	0	0	991	71.6	30.59	418.45	27.711	30.54	0	101.4	5060.4	110205
56	"10:34:25"	481.0	0	3	20	0.316	418.3	27.67	0.0228	991	71.08	-506.04	63.94	28.70	0.051869	0.010591	0	0	0	991	71.6	30.59	418.96	27.715	30.54	0	101.4	5060.4	110205
57	"10:34:27"	483.0	0	3	20	0.374	418.5	27.69	0.02703	991	71.12	-506.05	64.00	28.70	0.062937	0.0091796	0	0	0	991	71.6	30.58	418.92	27.735	30.53	0	101.4	5060.5	110205
58	"10:34:29"	485.0	0	3	20	0.436	418.6	27.71	0.03151	991	71.26	-506.04	64.00	28.66	0.074789	0.007377	0	0	0	991	71.6	30.58	419.06	27.731	30.53	0	101.4	5060.4	110205
59	"10:34:31"	487.0	0	3	20	0.552	418.8	27.72	0.03986	991	71.30	-506.05	64.08	28.67	0.09571	0.0067846	0	0	0	991	71.6	30.58	419.32	27.764	30.53	0	101.4	5060.5	110205
60	"10:34:33"	489.0	0	3	20	0.525	419.0	27.74	0.03795	991	71.35	-506.04	64.12	28.67	0.090589	0.007703	0	0	0	991	71.6	30.58	419.52	27.778	30.53	0	101.4	5060.4	110205
61	"10:34:35"	491.0	0	3	20	0.605	419.2	27.75	0.04368	991	71.37	-506.04	64.18	28.68	0.10436	0.0086314	0	0	0	991	71.6	30.58	419.67	27.801	30.52	0	101.4	5060.4	110205
62	"10:34:37"	493.0	0	3	20	0.548	419.4	27.77	0.0396	991	71.39	-506.03	64.23	28.69	0.093983	0.0093233	0	0	0	991	71.6	30.57	419.57	27.819	30.52	0	101.4	5060.3	110205
63	"10:34:39"	495.0	0	3	20	0.412	419.5	27.79	0.02975	991	71.44	-506.05	64.21	28.67	0.069788	0.0088855	0	0	0	991	71.6	30.57	419.66	27.809	30.52	0	101.4	5060.5	110205
64	"10:34:41"	497.0	0	3	20	0.254	419.6	27.80	0.01833	991	71.49	-506.04	64.28	28.67	0.042721	0.0061089	0	0	0	991	71.6	30.57	419.70	27.834	30.52	0	101.4	5060.4	110205
65	"10:34:43"	499.0	0	3	20	0.18	419.7	27.81	0.01303	991	71.53	-506.04	64.32	28.67	0.029745	0.0057681	0	0	0	991	71.6	30.57	419.92	27.848	30.52	0	101.4	5060.4	110205
66	"10:34:45"	501.0	0	3	20	0.362	419.8	27.83	0.02616	991	71.57	-506.05	64.36	28.67	0.062016	0.0063198	0	0	0	991	71.6	30.57	420.20	27.866	30.52	0	101.4	5060.5	110205
67	"10:34:47"	503.0	0	3	20	0.48	419.9	27.84	0.03465	991	71.65	-506.02	64.42	28.66	0.082871	0.0066504	0	0	0	991	71.6	30.56	420.35	27.880	30.51	0	101.4	5060.2	110205
68	"10:34:49"	505.0	0	3	20	0.519	420.1	27.86	0.03749	991	71.73	-506.04	64.47	28.66	0.088622	0.0096123	0	0	0	991	71.6	30.56	420.39	27.906	30.51	0	101.4	5060.4	110205
69	"10:34:51"	507.0	0	3	20	0.556	420.3	27.87	0.04015	991	71.77	-506.04	64.48	28.65	0.095645	0.0085652	0	0	0	991	71.6	30.56	420.85	27.906	30.51	0	101.4	5060.4	110205
70	"10:34:53"	509.0	0	3	20	0.502	420.5	27.89	0.03627	991	71.79	-506.05	64.51	28.65	0.086951	0.0064909	0	0	0	991	71.6	30.56	420.80	27.917	30.51	0	101.4	5060.5	110205
71	"10:34:55"	511.0	0	3	20	0.403	420.6	27.90	0.02911	991	71.86	-506.04	64.58	28.65	0.068992	0.0069996	0	0	0	991	71.6	30.56	420.98	27.941	30.50	0	101.4	5060.4	110205
72	"10:34:57"	513.0	0	3	20	0.453	420.8	27.92	0.03275	991	71.81	-506.04	64.61	28.67	0.078224	0.0065227	0	0	0	991	71.6	30.55	421.12	27.956	30.50	0	101.4	5060.4	110205
73	"10:34:59"	515.0	0	3	20	0.374	420.9	27.93	0.027	991	71.92	-506.04	64.71	28.67	0.063069	0.0086704	0	0	0	991	71.6	30.55	421.56	27.994	30.50	0	101.4	5060.4	110205
74	"10:35:01"	517.0	0	3	20	0.459	421.0	27.95	0.03318	991	71.92	-506.05	64.70	28.66	0.077815	0.0099031	0	0	0	991	71.6	30.55	421.40	27.991	30.50	0	101.4	5060.5	110205
75	"10:35:03"	519.0	0	3	20	0.442	421.2	27.97	0.03192	991	71.89	-506.04	64.73	28.68	0.075548	0.0079689	0	0	0	991	71.6	30.55	421.54	27.998	30.50	0	101.4	5060.4	110205
76	"10:35:05"	521.0	0	3	20	0.371	421.3	27.98	0.0268	991	72.04	-506.05	64.81	28.66	0.063189	0.0072324	0	0	0	991	71.6	30.55	421.90	28.031	30.50	0	101.4	5060.5	110205
77	"10:35:07"	523.0	0	3	20	0.448	421.5	28.00	0.03234	991	72.06	-506.05	64.79	28.65	0.07695	0.0070965	0	0	0	991	71.6	30.55	421.77	28.020	30.49	0	101.4	5060.5	110205
78	"10:35:09"	525.0	0	3	20	0.372	421.6	28.01	0.02685	991	72.08	-506.05	64.84	28.66	0.063868	0.0059192	0	0	0	991	71.6	30.54	422.04	28.036	30.49	0	101.4	5060.5	110205
79	"10:35:11"	527.0	0	3	20	0.41	421.7	28.02	0.02964	991	72.14	-506.02	64.92	28.66	0.070726	0.0060114	0	0	0	991	71.6	30.54	422.15	28.064	30.49	0	101.4	5060.2	110205
80	"10:35:13"	529.0	0	3	20	0.31	421.9	28.04	0.02238	991	72.16	-506.05	64.94	28.66	0.052469	0.0066806	0	0	0	991	71.6	30.54	422.04	28.072	30.49	0	101.4	5060.5	110205
81	"10:35:15"	531.0	0	3	20	0.429	422.0	28.05	0.03103	991	72.19	-506.04	65.00	28.66	0.073944	0.0065294	0	0	0	991	71.6	30.54	422.72	28.091	30.48	0	101.4	5060.4	110205
82	"10:35:17"	533.0	0	3	20	0.491	422.2	28.06	0.03548	991	72.29	-506.05	65.06	28.65	0.084008	0.008717	0	0	0	991	71.6	30.54	422.72	28.117	30.48	0	101.4	5060.5	110205
83	"10:35:19"	535.0	0	3	20	0.519	422.3	28.08	0.03749	991	72.23	-506.04	65.05	28.66	0.089332	0.0078997	0	0	0	991	71.6	30.53	422.76	28.108	30.48	0	101.4	5060.4	110205
84	"10:35:21"	536.5	0	4	155	0.424	420.0	28.09	0.03065	991	72.30	-506.03	65.09	28.66	0.092282	0.0072908	0.00065909	-0.24617	0	991	71.6	30.53	422.77	28.122	30.48	0	101.4	5060.3	110205
85	"10:38:05"	700.5	0	3	8	0.478	417.2	28.29	0.03456	991	73.47	-506.04	66.16	28.49	0.0848	0.0015316	0	0	0	991	71.6	30.35	417.61	28.297	30.30	0	101.4	5060.4	110205
86	"10:38:07"	702.5	0	3	12	0.535	417.3	28.30	0.03867	991	73.51	-506.05	66.21	28.49	0.093111	0.0058535	0	0	0	991	71.6	30.35	417.61	28.317	30.30	0	101.4	5060.5	110205
87	"10:38:09"	704.5	0	3	16	0.545	417.4	28.31	0.03934	991	73.52	-506.04	66.24	28.49	0.095146	0.0050081	0	0	0	991	71.6	30.34	417.72	28.324	30.30	0	101.4	5060.4	110205
88	"10:38:11"	706.5	0	3	20	0.52	417.5	28.31	0.03754	991	73.53	-506.04	66.26	28.49	0.090478	0.0054703	0	0	0	991	71.6	30.34	417.82	28.330	30.30	0	101.4	5060.4	110205
89	"10:38:13"	708.5	0	3	20	0.396	417.6	28.32	0.02864	991	73.56	-506.05	66.29	28.49	0.068802	0.0047054	0	0	0	991	71.6	30.34	418.00	28.337	30.29	0	101.4	5060.5	110205
90	"10:38:15"	710.5	0	3	20	0.366	417.8	28.33	0.02642	991	73.54	-506.05	66.34	28.51	0.063525	0.0042134	0	0	0	991	71.6	30.34	418.05	28.359	30.29	0	101.4	5060.5	110205
91	"10:38:17"	712.5	0	3	20	0.425	417.9	28.34	0.03068	991	73.68	-506.04	66.37	28.48	0.073779	0.0048754	0	0	0	991	71.6	30.34	418.43	28.368	30.29	0	101.4	5060.4	110205
92	"10:38:19"	714.5	0	3	20	0.403	418.1	28.35	0.02909	991	73.74	-506.05	66.42	28.48	0.069964	0.0045664	0	0	0	991	71.6	30.33	418.27	28.387	30.29	0	101.4	5060.5	110205
93	"10:38:21"	716.5	0	3	20	0.407	418.2	28.36	0.02944	991	73.75	-506.04	66.47	28.48	0.069783	0.0070111	0	0	0	991	71.6	30.33	418.45	28.401	30.28	0	101.4	5060.4	110205
94	"10:38:23"	718.5	0	3	20	0.3	418.3	28.37	0.02171	991	73.87	-506.04	66.50	28.46	0.050614	0.0071185	0	0	0	991	71.6	30.33	418.85	28.408	30.28	0	101.4	5060.4	110205
95	"10:38:25"	720.5	0	3	20	0.509	418.5	28.39	0.03677	991	73.88	-506.04	66.52	28.46	0.087719	0.0074547	0	0	0	991	71.6	30.33	418.95	28.416	30.28	0	101.4	5060.4	110205
96	"10:38:27"	722.5	0	3	20	0.555	418.6	28.40	0.04008	991	73.86	-506.04	66.53	28.46	0.096647	0.0056936	0	0	0	991	71.6	30.32	418.97	28.413	30.28	0	101.4	5060.4	110205
97	"10:38:29"	724.5	0	3	20	0.47	418.8	28.41	0.03395	991	73.87	-506.04	66.59	28.48	0.082692	0.0029636	0	0	0	991	71.6	30.32	419.26	28.438	30.28	0	101.4	5060.4	110205
98	"10:38:31"	726.5	0	3	20	0.399	418.9	28.42	0.02884	991	73.96	-506.06	66.63	28.47	0.06952	0.0041667	0	0	0	991	71.6	30.32	419.25	28.451	30.28	0	101.4	5060.6	110205
99	"10:38:33"	728.5	0	3	20	0.321	419.1	28.43	0.02318	991	73.87	-506.03	66.61	28.48	0.055609	0.00396	0	0	0	991	71.6	30.32	419.58	28.436	30.27	0	101.4	5060.3	110205
100	"10:38:35"	730.5	0	3	20	0.419	419.2	28.43	0.0303	991	73.95	-506.05	66.66	28.47	0.072682	0.0052223	0	0	0	991	71.6	30.32	419.42	28.457	30.27	0	101.4	5060.5	110205
101	"10:38:37"	732.5	0	3	20	0.36	419.3	28.45	0.02598	991	74.00	-506.04	66.72	28.47	0.061815	0.005641	0	0	0	991	71.6	30.31	419.63	28.484	30.27	0	101.4	5060.4	110205
102	"10:38:39"	734.5	0	3	20	0.367	419.5	28.46	0.0265	991	74.07	-506.04	66.77	28.47	0.063311	0.0051398	0	0	0	991	71.6	30.31	419.98	28.497	30.26	0	101.4	5060.4	110205
103	"10:38:41"	736.5	0	3	20	0.426	419.6	28.47	0.03077	991	74.08	-506.04	66.77	28.46	0.073562	0.0058515	0	0	0	991	71.6	30.31	419.82	28.497	30.26	0	101.4	5060.4	110205
104	"10:38:43"	738.5	0	3	20	0.41	419.7	28.48	0.02961	991	74.14	-506.04	66.86	28.47	0.070396	0.0065736	0	0	0	991	71.6	30.31	420.41	28.532	30.26	0	101.4	5060.4	110205
105	"10:38:45"	740.5	0	3	20	0.444	419.9	28.50	0.03211	991	74.12	-506.03	66.84	28.47	0.076232	0.0073294	0	0	0	991	71.6	30.30	420.46	28.516	30.26	0	101.4	5060.3	110205
106	"10:38:47"	742.5	0	3	20	0.49	420.1	28.51	0.03538	991	74.20	-506.04	66.89	28.46	0.085027	0.0057002	0	0	0	991	71.6	30.31	420.29	28.536	30.26	0	101.4	5060.4	110205
107	"10:38:49"	744.5	0	3	20	0.437	420.2	28.52	0.03154	991	74.21	-506.04	66.95	28.47	0.07578	0.0051209	0	0	0	991	71.6	30.30	420.57	28.556	30.25	0	101.4	5060.4	110205
108	"10:38:51"	746.5	0	3	20	0.419	420.3	28.53	0.03026	991	74.24	-506.04	66.96	28.47	0.072952	0.0043255	0	0	0	991	71.6	30.30	420.60	28.562	30.25	0	101.4	5060.4	110205
109	"10:38:53"	748.5	0	3	20	0.261	420.5	28.54	0.01888	991	74.27	-506.04	66.99	28.46	0.044842	0.0042545	0	0	0	991	71.6	30.30	420.72	28.568	30.25	0	101.4	5060.4	110205
110	"10:38:55"	750.5	0	3	20	0.204	420.6	28.55	0.01472	991	74.23	-506.03	66.99	28.47	0.033575	0.0065014	0	0	0	991	71.6	30.30	421.06	28.564	30.25	0	101.4	5060.3	110205
111	"10:38:57"	752.5	0	3	20	0.448	420.7	28.56	0.03235	991	74.38	-506.04	67.02	28.44	0.077689	0.0053296	0	0	0	991	71.6	30.29	421.04	28.578	30.25	0	101.4	5060.4	110205
112	"10:38:59"	754.5	0	3	20	0.424	420.8	28.57	0.03066	991	74.45	-506.04	67.09	28.44	0.074308	0.0034628	0	0	0	991	71.6	30.29	421.19	28.601	30.25	0	101.4	5060.4	110205
113	"10:39:01"	756.5	0	3	20	0.539	421.0	28.58	0.03896	991	74.45	-506.04	67.09	28.44	0.094572	0.0040365	0	0	0	991	71.6	30.29	421.43	28.598	30.24	0	101.4	5060.4	110205
114	"10:39:03"	758.5	0	3	20	0.464	421.2	28.58	0.0335	991	74.44	-506.05	67.06	28.44	0.081705	0.0025748	0	0	0	991	71.6	30.29	421.63	28.588	30.24	0	101.4	5060.5	110205
115	"10:39:05"	760.5	0	3	20	0.387	421.3	28.59	0.02795	991	74.45	-506.03	67.13	28.45	0.067781	0.003096	0	0	0	991	71.6	30.29	421.81	28.613	30.24	0	101.4	5060.3	110205
116	"10:39:07"	762.5	0	3	20	0.507	421.5	28.60	0.03665	991	74.48	-506.04	67.19	28.45	0.088827	0.0041689	0	0	0	991	71.6	30.29	421.72	28.636	30.24	0	101.4	5060.4	110205
117	"10:39:09"	764.5	0	3	20	0.402	421.6	28.61	0.02904	991	74.50	-506.05	67.21	28.45	0.069772	0.0046758	0	0	0	991	71.6	30.28	421.98	28.638	30.24	0	101.4	5060.5	110205
118	"10:39:11"	766.5	0	3	20	0.509	421.8	28.62	0.03679	991	74.57	-506.05	67.25	28.45	0.08794	0.0070005	0	0	0	991	71.6	30.28	422.41	28.655	30.24	0	101.4	5060.5	110205
119	"10:39:13"	768.5	0	3	20	0.557	422.0	28.63	0.04021	991	74.70	-506.04	67.32	28.43	0.096474	0.0067987	0	0	0	991	71.6	30.28	422.43	28.680	30.23	0	101.4	5060.4	110205
120	"10:39:15"	770.5	0	3	20	0.435	422.1	28.64	0.03145	991	74.63	-506.04	67.30	28.44	0.074833	0.0067685	0	0	0	991	71.6	30.28	422.30	28.668	30.23	0	101.4	5060.4	110205
121	"10:39:17"	772.5	0	3	20	0.429	422.3	28.66	0.03099	991	74.70	-506.03	67.31	28.43	0.074352	0.0052355	0	0	0	991	71.6	30.28	422.59	28.671	30.23	0	101.4	5060.3	110205
122	"10:39:19"	774.5	0	3	20	0.318	422.4	28.66	0.02299	991	74.77	-506.05	67.37	28.42	0.054998	0.0042302	0	0	0	991	71.6	30.28	422.65	28.695	30.23	0	101.4	5060.5	110205
123	"10:39:21"	776.5	0	3	20	0.272	422.5	28.67	0.01963	991	74.85	-506.04	67.38	28.41	0.047442	0.0024788	0	0	0	991	71.6	30.27	422.87	28.695	30.23	0	101.4	5060.4	110205
124	"10:39:23"	778.5	0	3	20	0.402	422.6	28.68	0.02906	991	74.78	-506.05	67.40	28.43	0.07092	0.0021168	0	0	0	991	71.6	30.27	423.16	28.701	30.23	0	101.4	5060.5	110205
125	"10:39:24"	779.0	0	4	157	0.421	420.0	28.68	0.03039	991	74.83	-506.05	67.40	28.41	0.07092	0.0021168	-0.00071108	0.32904	0	991	71.6	30.27	423.19	28.702	30.23	0	101.4	5060.5	110205
