"OPEN 5.3.2"
"Wed May 22 2019 05:57:15"
"Unit="	"PSC-895"
"ComputeList="	"/User/Configs/Comps/Default"
"BLCTable="	"/Sys/Lib/StdBLCTable"
"LightSource="	"6400-02B RedBlue #SI-1032"	1	0.16
"LogFormat="	"/User/Configs/LogFormats/Std Output"
"LogCodes="	-35	-21	-36	30	23	36	21	25	-33	-34	-32	-9	-10	-8	-1	-2	-4	-5	-14	-15	-7	-12	-13	-11	-65	-66	-72	-23
"PromptList="	"/User/Configs/Prompts/Default (none)"
"Stability= (CO2S 60s SLP<1)(H2OS 60s SLP<1)(Flow 60s SLP<1)"
"05:57:31 started 7;00 am"
$STARTOFDATA$
"Obs"	"HHMMSS"	"FTime"	"Photo"	"Cond"	"Ci"	"Trmmol"	"VpdL"	"Area"	"StmRat"	"BLCond"	"Tair"	"Tleaf"	"TBlk"	"CO2R"	"CO2S"	"H2OR"	"H2OS"	"RH_R"	"RH_S"	"Flow"	"PARi"	"PARo"	"Press"	"CsMch"	"HsMch"	"StableF"	"Status"
1	"06:08:25"	680.5	6.86	0.0403	160	0.567	1.41	3.5	1	3.53	21.33	23.95	20.87	450.11	441.81	14.839	15.491	59.14	61.74	299.8	1601	27	101.5	-5.4	0.36	0.7	111114
2	"06:18:55"	1310.5	9.54	0.0527	139	0.726	1.39	3.5	1	3.53	22.15	23.94	21.85	450.46	438.96	14.908	15.742	56.52	59.68	299.8	1301	37	101.5	-5.57	0.349	0.7	111114
3	"06:29:26"	1940.5	10.1	0.0443	64.2	0.61	1.38	3.5	1	3.53	22.85	23.98	22.63	450.20	438.12	15.122	15.823	54.97	57.51	299.9	999	47	101.5	-4.97	0.357	0.7	111114
4	"06:39:56"	2570.5	10.9	0.0518	89.2	0.703	1.37	3.5	1	3.53	23.52	23.99	23.41	450.39	437.25	15.199	16.007	53.04	55.86	299.8	701	56	101.6	-4.76	0.353	1.0	111114
5	"06:50:26"	3200.5	10.3	0.0462	72.9	0.618	1.35	3.5	1	3.53	24.18	23.96	24.19	450.29	438.00	15.451	16.161	51.85	54.23	299.9	400	66	101.6	-4.6	0.358	1.0	111114
6	"07:00:55"	3829.5	7.46	0.0293	26.6	0.345	1.18	3.5	1	3.53	24.41	24.06	24.39	450.31	441.43	17.602	17.997	58.25	59.55	299.9	201	78	101.6	-4.39	0.394	1.0	111114
7	"07:11:23"	4458.5	4.35	0.0121	-136	0.121	0.999	3.5	1	3.53	24.32	24.04	24.19	449.89	444.75	19.576	19.715	65.15	65.62	299.8	101	83	101.6	-4.82	0.366	0.7	111114
8	"07:22:23"	5118.5	14.8	-0.00774	3.43E+03	-0.139	1.77	3.5	1	3.53	19.86	27.66	17.89	448.76	431.54	19.318	19.159	84.35	83.66	299.8	3257	100	101.6	-11.5	0.414	0.7	111114
9	"07:32:59"	5754.5	14.3	0.294	343	2.65	0.966	3.5	1	3.53	20.43	23.96	19.11	451.02	432.94	16.873	19.901	71.13	83.90	299.8	1201	113	101.6	-5.93	0.187	0.7	111114
10	"07:43:30"	6385.5	13.3	0.0775	148	0.917	1.2	3.5	1	3.53	21.36	24.05	20.28	450.88	434.83	16.718	17.769	66.58	70.76	299.8	899	129	101.6	-4.77	0.434	1.0	111114
