"OPEN 5.3.2"
"Wed May 29 2019 05:45:12"
"Unit="	"PSC-895"
"ComputeList="	"/User/Configs/Comps/Default"
"BLCTable="	"/Sys/Lib/StdBLCTable"
"LightSource="	"6400-02B RedBlue #SI-1032"	1	0.16
"LogFormat="	"/User/Configs/LogFormats/Std Output"
"LogCodes="	-35	-21	-36	30	23	36	21	25	-33	-34	-32	-9	-10	-8	-1	-2	-4	-5	-14	-15	-7	-12	-13	-11	-65	-66	-72	-23
"PromptList="	"/User/Configs/Prompts/Default (none)"
"Stability= (CO2S 60s SLP<1)(H2OS 60s SLP<1)(Flow 60s SLP<1)(Ci 20s SLP<1)"
"05:45:18 "
$STARTOFDATA$
"Obs"	"HHMMSS"	"FTime"	"Photo"	"Cond"	"Ci"	"Trmmol"	"VpdL"	"Area"	"StmRat"	"BLCond"	"Tair"	"Tleaf"	"TBlk"	"CO2R"	"CO2S"	"H2OR"	"H2OS"	"RH_R"	"RH_S"	"Flow"	"PARi"	"PARo"	"Press"	"CsMch"	"HsMch"	"StableF"	"Status"
1	"06:03:03"	1101.0	9.06	0.108	249	1.3	1.22	3.5	1	3.94	21.06	24.02	20.28	400.88	392.50	16.420	17.540	66.38	70.91	400.0	2299	5	101.3	-1.57	0.531	0.8	111115
2	"06:17:14"	1952.0	6.29	0.103	287	1.33	1.31	3.5	1	3.94	22.58	24.00	22.23	399.84	393.88	15.479	16.625	57.04	61.26	399.9	1501	11	101.3	-1.96	0.442	0.5	111115
3	"06:36:59"	3137.0	10.1	0.0872	196	1.02	1.18	3.5	1	3.94	23.12	23.97	22.84	400.11	390.91	16.956	17.833	60.49	63.62	399.9	1200	12	101.3	-2	0.441	0.5	111115
4	"06:54:11"	4169.0	9.07	0.102	240	1.24	1.24	3.5	1	3.94	23.64	24.10	23.41	400.30	391.94	16.448	17.516	56.86	60.56	399.9	900	27	101.3	-1.97	0.423	0.5	111115
5	"07:05:21"	4839.0	9.45	0.0886	212	1.08	1.24	3.5	1	3.94	23.81	24.05	23.60	400.80	392.16	16.515	17.446	56.50	59.68	399.9	700	31	101.3	-1.96	0.425	0.5	111115
6	"07:18:25"	5623.0	8.6	0.0996	247	1.14	1.16	3.5	1	3.94	24.32	23.87	24.19	401.50	393.58	16.943	17.919	56.24	59.48	399.9	500	51	101.3	-1.35	0.422	0.5	111115
7	"07:34:28"	6585.0	8.46	0.0704	193	0.709	1.01	3.5	1	3.94	24.71	24.04	24.58	400.58	392.93	19.012	19.621	61.65	63.62	399.9	301	47	101.3	-0.721	0.461	0.8	111115
8	"07:57:00"	7937.0	1.89	0.0533	336	0.469	0.881	3.5	1	3.94	24.38	24.00	23.99	400.68	398.86	20.458	20.860	67.66	68.99	399.9	100	57	101.4	-0.356	0.513	0.5	111115
9	"08:14:36"	8994.0	0.338	0.0765	383	1	1.33	3.5	1	3.94	24.18	24.14	23.60	399.67	399.02	15.862	16.727	53.10	55.99	399.9	51	69	101.4	-0.262	0.442	0.8	111115
