"OPEN 5.3.2"
"Tue May 21 2019 09:35:37"
"Unit="	"PSC-895"
"ComputeList="	"/User/Configs/Comps/Default"
"BLCTable="	"/Sys/Lib/StdBLCTable"
"LightSource="	"6400-02B RedBlue #SI-1032"	1	0.16
"LogFormat="	"/User/Configs/LogFormats/Std Output"
"LogCodes="	-35	-21	-36	30	23	36	21	25	-33	-34	-32	-9	-10	-8	-1	-2	-4	-5	-14	-15	-7	-12	-13	-11	-65	-66	-72	-23
"PromptList="	"/User/Configs/Prompts/Default (none)"
"Stability= (CO2S 15s SLP<1)(H2OS 15s SLP<1)(Flow 15s SLP<1)"
"09:36:00 "
$STARTOFDATA$
"Obs"	"HHMMSS"	"FTime"	"Photo"	"Cond"	"Ci"	"Trmmol"	"VpdL"	"Area"	"StmRat"	"BLCond"	"Tair"	"Tleaf"	"TBlk"	"CO2R"	"CO2S"	"H2OR"	"H2OS"	"RH_R"	"RH_S"	"Flow"	"PARi"	"PARo"	"Press"	"CsMch"	"HsMch"	"StableF"	"Status"
"09:39:35 Stability: (CO2S 60s SLP<1)(H2OS 60s SLP<1)(Flow 60s SLP<1)"
1	"09:50:09"	894.0	21.5	0.111	96.2	2.77	2.5	3.5	1	3.94	27.42	32.09	25.38	449.94	423.46	19.567	22.723	54.03	62.75	299.8	1600	176	101.3	3.34	0.153	0.7	111115
2	"10:00:40"	1525.0	19.8	0.0981	84.2	2.67	2.72	3.5	1	3.94	29.59	33.76	27.63	449.74	425.29	22.133	25.177	53.88	61.29	299.8	1299	191	101.3	5.97	0.242	0.7	111115
3	"10:11:10"	2154.5	17.5	0.0697	9.95	1.9	2.7	3.5	1	3.94	30.50	34.34	28.53	449.57	428.15	24.898	27.062	57.53	62.53	299.8	999	145	101.3	7.4	0.277	1.0	111115
4	"10:21:40"	2784.5	14.9	0.0524	-36.1	1.34	2.51	3.5	1	3.94	30.59	33.96	28.69	449.15	431.12	26.321	27.838	60.50	63.98	299.8	700	143	101.3	7.54	0.323	0.7	111115
5	"10:32:09"	3413.5	11.7	0.0341	-125	0.928	2.66	3.5	1	3.94	31.80	34.66	29.95	449.81	435.66	27.365	28.417	58.73	60.98	299.8	401	918	101.3	8.76	0.373	1.0	111115
6	"10:42:38"	4042.5	10.2	0.0386	2.83	0.84	2.14	3.5	1	3.94	30.04	32.42	28.30	449.65	437.29	26.181	27.135	62.12	64.38	299.8	201	50	101.3	7.27	0.331	0.7	111115
7	"10:53:06"	4670.5	6.25	0.0137	-296	0.311	2.23	3.5	1	3.94	30.36	32.80	28.58	449.67	442.21	26.959	27.312	62.81	63.63	299.8	101	87	101.3	7.44	0.339	0.7	111115
