"OPEN 5.3.2"
"Thr May 23 2019 05:08:45"
"Unit="	"PSC-895"
"ComputeList="	"/User/Configs/Comps/Default"
"BLCTable="	"/Sys/Lib/StdBLCTable"
"LightSource="	"6400-02B RedBlue #SI-1032"	1	0.16
"LogFormat="	"/User/Configs/LogFormats/Std Output"
"LogCodes="	-35	-21	-36	30	23	36	21	25	-33	-34	-32	-9	-10	-8	-1	-2	-4	-5	-14	-15	-7	-12	-13	-11	-65	-66	-72	-23
"PromptList="	"/User/Configs/Prompts/Default (none)"
"Stability= (CO2S 60s SLP<1)(H2OS 60s SLP<1)(Flow 60s SLP<1)"
"05:08:54 excized leaf"
$STARTOFDATA$
"Obs"	"HHMMSS"	"FTime"	"Photo"	"Cond"	"Ci"	"Trmmol"	"VpdL"	"Area"	"StmRat"	"BLCond"	"Tair"	"Tleaf"	"TBlk"	"CO2R"	"CO2S"	"H2OR"	"H2OS"	"RH_R"	"RH_S"	"Flow"	"PARi"	"PARo"	"Press"	"CsMch"	"HsMch"	"StableF"	"Status"
1	"05:23:54"	936.5	22.3	0.142	155	2.41	1.73	3.5	1	3.53	30.92	31.17	31.01	450.20	422.97	24.959	27.697	56.64	62.85	299.8	1601	1	101.9	3.17	0.306	0.7	111114
2	"05:34:34"	1575.5	13	0.101	217	1.19	1.2	3.5	1	3.53	24.63	27.69	22.88	449.80	434.05	23.428	24.786	76.76	81.22	299.7	1300	1	101.9	1.11	0.331	1.0	111114
3	"05:45:05"	2207.5	12.7	0.16	299	1.14	0.739	3.5	1	3.53	23.69	24.95	23.21	450.10	434.73	22.548	23.850	78.18	82.70	299.8	1000	1	101.9	-0.98	0.351	1.0	111114
4	"05:55:35"	2837.5	13.2	0.112	237	0.91	0.829	3.5	1	3.53	24.77	24.98	24.59	451.30	435.41	21.975	23.013	71.42	74.79	299.8	701	1	102	-0.755	0.287	0.7	111114
5	"06:06:05"	3467.5	12	0.0835	196	0.736	0.895	3.5	1	3.53	25.71	25.02	25.76	450.31	435.89	21.605	22.444	66.41	68.99	299.8	401	1	102	-0.481	0.267	1.0	111114
6	"06:16:34"	4096.5	8.65	0.0543	178	0.504	0.934	3.5	1	3.53	26.16	24.96	26.35	450.61	440.25	21.378	21.953	63.98	65.70	299.8	200	1	102	-0.826	0.268	0.7	111114
7	"06:27:02"	4723.5	4.79	0.0328	204	0.327	0.999	3.5	1	3.53	26.59	25.15	26.93	450.68	444.94	21.289	21.661	62.12	63.20	300.7	101	2	102	-0.415	0.258	1.0	111114
"06:37:15 06:37:15"
8	"06:37:32"	5354.5	16.7	-0.00937	3.23E+03	-0.154	1.63	3.5	1	3.53	19.94	27.09	17.98	448.57	429.11	19.493	19.316	85.00	84.23	299.8	3270	2	102	-11.5	0.174	0.7	111114
"06:47:47 06:47:47"
9	"06:48:07"	5988.5	16	0.152	252	1.24	0.846	3.5	1	3.53	22.75	24.96	22.02	450.35	431.02	21.395	22.814	78.56	83.78	299.8	1201	2	102	0.735	0.706	0.7	111114
10	"06:58:40"	6621.5	15.4	0.087	138	0.753	0.88	3.5	1	3.53	23.55	24.94	23.02	449.73	431.35	21.578	22.437	75.50	78.51	299.8	900	2	102	1.17	0.685	0.7	111114
11	"07:09:26"	7268.5	15.2	0.073	88.8	0.621	0.862	3.5	1	3.53	23.62	24.94	23.02	450.16	432.08	21.904	22.612	76.32	78.79	299.8	701	4	102	1.6	0.712	1.0	111114
12	"07:19:57"	7899.5	14.2	0.0681	92.3	0.56	0.832	3.5	1	3.53	24.26	24.91	23.78	450.85	434.03	22.217	22.856	74.49	76.63	299.8	501	4	102	1.7	0.681	1.0	111114
13	"07:30:28"	8530.5	12.6	0.0666	124	0.534	0.811	3.5	1	3.53	24.25	25.00	23.79	451.04	436.03	22.624	23.233	75.89	77.93	299.8	400	4	102	2.43	0.759	1.0	111114
14	"07:40:58"	9160.0	11.1	0.0986	249	0.865	0.896	3.5	1	3.53	24.15	24.96	23.60	451.14	437.78	21.328	22.316	71.97	75.30	299.8	301	5	102	1.74	0.687	1.0	111114
15	"07:51:31"	9793.0	16.7	-0.00172	1.58E+04	-0.032	1.85	3.5	1	3.53	21.21	28.72	19.20	448.80	429.27	20.719	20.683	83.61	83.47	299.8	3244	5	102	0.334	1.05	0.7	111114
16	"08:01:59"	10420.0	14.3	-0.00247	9.61E+03	-0.0286	1.15	3.5	1	3.53	20.48	24.91	18.75	449.79	433.11	19.764	19.731	83.42	83.28	299.8	1201	5	102	-8.51	0.686	0.7	111114
17	"08:15:15"	11216.0	14.7	0.0912	162	1.42	1.59	3.5	1	3.53	21.29	24.95	19.58	450.73	432.84	13.804	15.438	55.42	61.99	299.8	900	5	102	-0.349	0.406	0.7	111114
18	"08:25:47"	11849.0	15.4	0.0948	153	2.22	2.39	3.5	1	3.53	21.37	29.22	19.36	450.02	430.86	13.961	16.515	55.81	66.02	299.8	3237	5	102	0.743	0.501	1.0	111114
19	"08:36:20"	12482.0	14.4	0.0904	163	1.53	1.72	3.5	1	3.53	20.93	25.83	19.15	449.63	431.99	14.084	15.840	57.84	65.04	299.8	1501	5	102	0.319	0.5	0.7	111114
