"OPEN 5.3.2"
"Thr May 23 2019 09:01:56"
"Unit="	"PSC-895"
"ComputeList="	"/User/Configs/Comps/Default"
"BLCTable="	"/Sys/Lib/StdBLCTable"
"LightSource="	"6400-02B RedBlue #SI-1032"	1	0.16
"LogFormat="	"/User/Configs/LogFormats/Std Output"
"LogCodes="	-35	-21	-36	30	23	36	21	25	-33	-34	-32	-9	-10	-8	-1	-2	-4	-5	-14	-15	-7	-12	-13	-11	-65	-66	-72	-23
"PromptList="	"/User/Configs/Prompts/Default (none)"
"Stability= (CO2S 60s SLP<1)(H2OS 60s SLP<1)(Flow 60s SLP<1)"
"09:02:09 field, with-cord"
$STARTOFDATA$
"Obs"	"HHMMSS"	"FTime"	"Photo"	"Cond"	"Ci"	"Trmmol"	"VpdL"	"Area"	"StmRat"	"BLCond"	"Tair"	"Tleaf"	"TBlk"	"CO2R"	"CO2S"	"H2OR"	"H2OS"	"RH_R"	"RH_S"	"Flow"	"PARi"	"PARo"	"Press"	"CsMch"	"HsMch"	"StableF"	"Status"
1	"09:13:38"	717.5	13.8	0.0797	147	1.79	2.28	3.5	1	3.94	26.26	29.16	24.95	449.40	439.21	16.253	17.486	48.41	52.09	499.9	1599	32	102.1	-0.474	0.167	0.7	111115
2	"09:24:08"	1347.5	14.3	0.0768	127	1.66	2.18	3.5	1	3.94	26.28	28.93	24.96	450.77	440.22	16.747	17.887	49.81	53.20	499.9	1300	30	102.1	-0.182	0.196	1.0	111115
3	"09:34:38"	1977.5	14.1	0.0696	102	1.49	2.16	3.5	1	3.94	26.45	29.26	24.96	451.04	440.72	17.782	18.808	52.37	55.39	499.9	1000	33	102.1	0.6	0.227	1.0	111115
4	"09:45:08"	2607.5	13.2	0.0621	88.9	1.18	1.92	3.5	1	3.94	26.25	28.34	24.95	450.72	441.13	18.338	19.150	54.65	57.07	500.0	700	15	102.1	0.25	0.232	1.0	111115
5	"09:55:38"	3236.5	11.3	0.0524	84.3	0.972	1.86	3.5	1	3.94	26.19	28.01	24.96	449.30	441.08	18.283	18.951	54.68	56.67	499.9	399	26	102.1	0.123	0.229	0.7	111115
6	"10:06:05"	3864.5	7.53	0.0334	73.6	0.572	1.71	3.5	1	3.94	26.24	27.88	24.96	449.32	443.88	19.743	20.136	58.86	60.03	500.0	200	25	102.1	0.557	0.256	1.0	111115
7	"10:16:33"	4492.5	4.46	0.019	61.4	0.329	1.73	3.5	1	3.94	26.44	28.60	24.96	449.52	446.29	21.381	21.606	63.02	63.68	499.9	100	19	102.1	1.05	0.3	1.0	111115
8	"10:27:04"	5122.5	12.7	0.0711	138	1.7	2.4	3.5	1	3.94	27.08	32.31	25.08	449.49	440.06	22.969	24.131	65.19	68.49	500.0	3183	739	102.1	2.25	0.396	1.0	111115
9	"10:37:33"	5752.5	13.3	0.0542	37.4	0.954	1.76	3.5	1	3.94	27.24	30.37	25.49	449.65	440.08	24.762	25.412	69.62	71.45	500.0	1201	883	102.1	2.97	0.425	1.0	111115
10	"10:48:02"	6381.5	12.9	0.0549	51.5	0.902	1.64	3.5	1	3.94	27.36	30.11	25.70	449.54	440.20	25.264	25.879	70.56	72.28	500.0	899	12	102.1	3.22	0.446	1.0	111115
11	"10:58:31"	7010.5	11.6	0.0473	39	0.822	1.73	3.5	1	3.94	28.16	30.95	26.46	449.83	441.46	26.563	27.123	70.79	72.28	500.0	700	14	102.1	3.76	0.465	1.0	111115
12	"11:09:00"	7639.5	11.4	0.0399	-27.2	0.627	1.56	3.5	1	3.94	28.01	30.51	26.34	449.70	441.49	27.221	27.648	73.17	74.31	500.0	501	11	102.1	3.73	0.492	1.0	111115
13	"11:19:28"	8267.5	9.75	0.0314	-61.6	0.501	1.58	3.5	1	3.94	27.82	30.48	26.09	449.77	442.79	27.054	27.396	73.53	74.46	500.0	399	44	102.1	3.16	0.476	1.0	111115
14	"11:29:56"	8895.5	8.58	0.0269	-73.3	0.496	1.82	3.5	1	3.94	29.31	32.15	27.55	450.87	444.71	29.042	29.379	72.38	73.22	500.0	300	1501	102	4.38	0.496	1.0	111115
15	"11:40:25"	9524.5	5.98	0.0277	85.4	0.817	2.89	3.5	1	3.94	31.38	36.55	29.27	450.33	445.89	31.376	31.930	69.46	70.68	500.0	3130	77	102.1	6.37	0.548	0.7	111115
16	"11:50:53"	10151.5	7.1	0.019	-161	0.371	1.92	3.5	1	3.94	30.55	33.66	28.72	449.35	444.27	32.347	32.598	75.07	75.66	500.0	1201	101	102.1	6.5	0.615	1.0	111115
