"OPEN 5.3.2"
"Sat May 25 2019 08:21:42"
"Unit="	"PSC-895"
"ComputeList="	"/User/Configs/Comps/Default"
"BLCTable="	"/Sys/Lib/StdBLCTable"
"LightSource="	"6400-02B RedBlue #SI-1032"	1	0.16
"LogFormat="	"/User/Configs/LogFormats/Std Output"
"LogCodes="	-35	-21	-36	30	23	36	21	25	-33	-34	-32	-9	-10	-8	-1	-2	-4	-5	-14	-15	-7	-12	-13	-11	-65	-66	-72	-23
"PromptList="	"/User/Configs/Prompts/Default (none)"
"Stability= (CO2S 60s SLP<1)(H2OS 60s SLP<1)(Flow 60s SLP<1)(Ci 20s SLP<1)"
"08:21:45 "
$STARTOFDATA$
"Obs"	"HHMMSS"	"FTime"	"Photo"	"Cond"	"Ci"	"Trmmol"	"VpdL"	"Area"	"StmRat"	"BLCond"	"Tair"	"Tleaf"	"TBlk"	"CO2R"	"CO2S"	"H2OR"	"H2OS"	"RH_R"	"RH_S"	"Flow"	"PARi"	"PARo"	"Press"	"CsMch"	"HsMch"	"StableF"	"Status"
"08:52:25 Didn't match! Valve stuck or flow problem."
1	"08:52:42"	1876.5	-42.7	0.167	499	2.19	1.36	3.5	1	3.53	22.43	26.12	20.54	30.46	80.11	17.500	20.005	65.45	74.82	299.7	1599	73	101.9	0.751	0.544	0.5	111124
2	"09:04:19"	2574.5	0.413	0.26	27.3	3.46	1.42	3.5	1	3.53	22.77	26.14	20.90	31.27	30.66	15.526	19.486	56.89	71.39	299.7	1300	88	101.9	0.463	0.616	0.5	111124
3	"09:14:53"	3208.5	-0.484	0.246	35	3.06	1.32	3.5	1	3.53	22.89	25.91	21.07	31.90	32.35	16.485	19.988	59.97	72.71	299.7	999	96	101.9	0.477	0.633	0.5	111124
4	"09:25:46"	3861.5	0.619	0.252	27	3.02	1.27	3.5	1	3.53	23.46	26.05	21.65	32.57	31.74	17.288	20.738	60.77	72.90	299.7	700	97	101.9	0.798	0.651	0.5	111124
5	"09:36:18"	4492.5	1.04	0.262	25	3.25	1.32	3.5	1	3.53	24.00	26.11	22.23	33.67	32.34	16.642	20.358	56.63	69.28	299.7	400	106	101.9	1.06	0.625	0.5	111124
6	"09:48:20"	5215.5	0.534	0.253	29	2.87	1.2	3.5	1	3.53	24.46	26.29	22.69	33.96	33.23	18.595	21.868	61.55	72.38	299.8	200	119	101.9	0.989	0.683	0.5	111124
7	"09:59:31"	5886.5	0.512	0.239	29.4	2.64	1.17	3.5	1	3.53	24.85	26.66	23.10	34.36	33.66	19.957	22.966	64.55	74.28	299.7	100	123	101.9	1.42	0.745	0.5	111124
8	"10:10:14"	6529.5	0.261	0.268	32.8	5.72	2.25	3.5	1	3.53	26.46	32.28	24.32	36.25	35.71	18.981	25.495	55.78	74.92	299.8	3172	135	101.9	1.75	0.796	0.5	111124
9	"10:21:02"	7176.5	-0.231	0.226	37.7	3.54	1.64	3.5	1	3.53	26.91	30.08	25.04	36.81	36.93	21.906	25.928	62.71	74.22	299.8	1199	154	101.9	2.21	0.805	0.5	111124
10	"10:31:55"	7830.5	-0.702	0.222	42.5	3.23	1.52	3.5	1	3.53	27.89	30.66	26.06	37.45	38.13	24.841	28.503	67.11	77.00	299.8	901	158	101.9	3.1	0.921	0.5	111124
11	"10:43:53"	8548.5	-0.166	0.217	40.9	2.91	1.4	3.5	1	3.53	28.03	30.54	26.26	40.47	40.53	26.134	29.430	70.02	78.86	299.8	699	159	101.9	3.34	0.977	0.5	111124
12	"10:54:29"	9183.5	-0.46	0.193	44	2.63	1.41	3.5	1	3.53	28.97	31.17	27.21	40.60	41.01	27.855	30.835	70.66	78.22	299.8	501	161	101.9	3.45	0.997	0.5	111124
13	"11:06:14"	9889.5	-0.375	0.192	43.4	2.65	1.42	3.5	1	3.53	29.40	31.48	27.66	40.83	41.14	28.587	31.579	70.75	78.15	299.8	399	163	101.9	3.76	1	0.5	111124
14	"11:18:08"	10602.5	-0.445	0.176	44.5	2.27	1.32	3.5	1	3.53	29.43	31.43	27.69	40.82	41.23	29.844	32.403	73.72	80.04	299.8	299	163	101.9	3.94	1.07	0.5	111124
15	"11:28:45"	11240.5	-1.16	0.153	52.8	4.08	2.7	3.5	1	3.53	31.04	37.10	28.97	41.16	42.31	31.159	35.750	70.17	80.51	299.8	3125	159	101.8	4.81	1.2	0.5	111124
16	"11:41:34"	12009.5	-5.52	0.127	117	2.58	2.04	3.5	1	3.53	31.69	35.14	29.87	41.33	47.64	32.970	35.869	71.55	77.84	299.8	1200	159	101.8	5.76	1.11	0.5	111124
17	"11:53:34"	12729.5	-1.71	0.129	63.6	2.57	2	3.5	1	3.53	32.46	35.32	30.65	41.63	43.50	33.973	36.859	70.59	76.58	299.8	900	166	101.8	5.54	1.16	0.5	111124
