"OPEN 5.3.2"
"Tue May 28 2019 05:42:03"
"Unit="	"PSC-895"
"ComputeList="	"/User/Configs/Comps/Default"
"BLCTable="	"/Sys/Lib/StdBLCTable"
"LightSource="	"6400-02B RedBlue #SI-1032"	1	0.16
"LogFormat="	"/User/Configs/LogFormats/Std Output"
"LogCodes="	-35	-21	-36	30	23	36	21	25	-33	-34	-32	-9	-10	-8	-1	-2	-4	-5	-14	-15	-7	-12	-13	-11	-65	-66	-72	-23
"PromptList="	"/User/Configs/Prompts/Default (none)"
"Stability= (CO2S 60s SLP<1)(H2OS 60s SLP<1)(Flow 60s SLP<1)(Ci 20s SLP<1)"
"05:42:04 "
$STARTOFDATA$
"Obs"	"HHMMSS"	"FTime"	"Photo"	"Cond"	"Ci"	"Trmmol"	"VpdL"	"Area"	"StmRat"	"BLCond"	"Tair"	"Tleaf"	"TBlk"	"CO2R"	"CO2S"	"H2OR"	"H2OS"	"RH_R"	"RH_S"	"Flow"	"PARi"	"PARo"	"Press"	"CsMch"	"HsMch"	"StableF"	"Status"
1	"05:53:07"	686.0	6.35	0.0458	161	0.632	1.38	3.5	1	3.53	20.65	24.20	18.89	398.77	391.06	15.551	16.276	64.46	67.47	299.8	1599	1	101.3	-1.4	0.3	0.5	111114
2	"06:23:37"	2516.0	2.05	0.15	51.5	1.97	1.36	3.5	1	3.53	20.90	23.97	19.22	78.13	75.56	13.816	16.082	56.43	65.69	299.8	1300	2	101.3	-0.816	0.286	0.5	111124
3	"06:46:22"	3880.0	0.529	0.187	18.2	2.33	1.3	3.5	1	3.53	21.45	24.33	19.84	24.03	23.35	14.657	17.331	57.88	68.44	299.8	999	3	101.3	-0.542	0.323	0.8	111124
4	"06:57:02"	4521.0	0.0447	0.176	16	2.29	1.35	3.5	1	3.53	21.90	24.64	20.31	16.88	16.78	14.808	17.431	56.89	66.97	299.7	700	9	101.3	-0.343	0.319	0.5	111124
5	"07:07:46"	5165.0	-0.00694	0.179	13.2	2.25	1.31	3.5	1	3.53	22.06	24.57	20.53	13.46	13.43	15.114	17.693	57.51	67.32	299.8	401	10	101.3	-0.343	0.322	0.8	111124
6	"07:18:17"	5796.0	0.104	0.186	10.7	2.25	1.26	3.5	1	3.53	22.22	24.51	20.73	12.04	11.89	15.432	18.017	58.16	67.90	299.7	201	10	101.3	-0.267	0.326	0.5	111124
7	"07:29:01"	6440.0	0.0209	0.179	10.8	2.25	1.31	3.5	1	3.53	22.81	24.91	21.34	11.32	11.26	15.735	18.312	57.21	66.58	299.7	100	13	101.4	-0.162	0.316	0.5	111124
8	"07:39:49"	7087.0	0.222	0.27	9.79	5.23	2.05	3.5	1	3.53	24.18	28.93	22.38	11.88	11.55	13.262	19.248	44.42	64.47	299.7	3185	6	101.4	0.207	0.345	0.5	111124
9	"07:50:19"	7718.0	0.165	0.23	9.51	3.79	1.73	3.5	1	3.53	23.82	26.72	22.28	11.25	11.01	13.310	17.659	45.54	60.41	299.7	1200	12	101.4	-0.0176	0.317	0.8	111124
10	"08:00:54"	8353.0	0.324	0.201	8.15	3.34	1.73	3.5	1	3.53	23.86	26.59	22.32	11.54	11.12	13.536	17.371	46.20	59.29	299.7	899	14	101.4	0.0443	0.305	0.5	111124
11	"08:11:33"	8991.0	0.222	0.181	9.72	3.27	1.87	3.5	1	3.53	24.68	27.48	23.10	12.39	12.09	14.112	17.863	45.86	58.05	299.7	699	20	101.4	0.445	0.332	0.5	111124
12	"08:22:03"	9622.0	0.123	0.154	10.5	2.76	1.85	3.5	1	3.53	24.67	27.28	23.07	12.39	12.20	14.503	17.665	47.14	57.42	299.7	501	11	101.4	0.548	0.351	0.5	111124
13	"08:32:36"	10255.0	0.000958	0.143	11.9	2.64	1.9	3.5	1	3.53	24.84	27.52	23.24	12.35	12.31	14.654	17.687	47.17	56.93	299.7	401	13	101.4	0.675	0.352	0.5	111124
14	"08:43:09"	10887.0	0.167	0.139	9.9	2.63	1.94	3.5	1	3.53	25.16	27.85	23.55	12.46	12.23	14.961	17.976	47.23	56.75	299.7	300	14	101.4	0.598	0.355	0.5	111124
15	"08:53:45"	11524.0	0.0658	0.157	11.4	4.22	2.75	3.5	1	3.53	26.57	32.00	24.56	12.77	12.64	15.159	19.984	44.03	58.04	299.8	3150	13	101.4	1.2	0.394	0.5	111124
16	"09:04:33"	12171.0	0.0756	0.136	11.5	3.08	2.31	3.5	1	3.53	26.69	30.24	24.90	12.99	12.85	16.278	19.805	46.95	57.12	299.8	1199	129	101.4	1.36	0.391	0.5	111124
17	"09:15:18"	12816.0	0.107	0.121	10.8	2.77	2.33	3.5	1	3.53	27.00	30.17	25.26	12.92	12.75	16.253	19.428	46.03	55.02	299.8	900	215	101.4	1.56	0.395	0.5	111124
"09:18:29 Stability: (CO2S 60s SLP<1)(H2OS 60s SLP<1)(Flow 60s SLP<1)(Ci 20s SLP<1)"
18	"09:25:52"	13451.0	-0.0556	0.0983	12.9	3.08	3.15	3.5	1	3.53	28.02	33.46	25.90	12.60	12.62	16.566	20.088	44.19	53.59	299.8	3133	150	101.4	1.7	0.382	0.8	111124
19	"09:36:31"	14089.0	-0.11	0.0865	15.2	2.34	2.71	3.5	1	3.53	28.40	32.59	26.42	13.71	13.80	19.285	21.959	50.33	57.31	299.8	1500	51	101.3	2.44	0.403	0.5	111124
