"OPEN 5.3.2"
"Mon May 27 2019 05:52:42"
"Unit="	"PSC-895"
"ComputeList="	"/User/Configs/Comps/Default"
"BLCTable="	"/Sys/Lib/StdBLCTable"
"LightSource="	"6400-02B RedBlue #SI-1032"	1	0.16
"LogFormat="	"/User/Configs/LogFormats/Std Output"
"LogCodes="	-35	-21	-36	30	23	36	21	25	-33	-34	-32	-9	-10	-8	-1	-2	-4	-5	-14	-15	-7	-12	-13	-11	-65	-66	-72	-23
"PromptList="	"/User/Configs/Prompts/Default (none)"
"Stability= (CO2S 60s SLP<1)(H2OS 60s SLP<1)(Flow 60s SLP<1)(Ci 20s SLP<1)"
"05:52:45 "
$STARTOFDATA$
"Obs"	"HHMMSS"	"FTime"	"Photo"	"Cond"	"Ci"	"Trmmol"	"VpdL"	"Area"	"StmRat"	"BLCond"	"Tair"	"Tleaf"	"TBlk"	"CO2R"	"CO2S"	"H2OR"	"H2OS"	"RH_R"	"RH_S"	"Flow"	"PARi"	"PARo"	"Press"	"CsMch"	"HsMch"	"StableF"	"Status"
1	"06:03:50"	692.5	14.2	0.0919	124	1.27	1.4	3.5	1	3.53	20.81	24.01	19.89	399.99	382.82	14.212	15.666	58.55	64.54	299.8	1600	3	101.6	-2.67	0.431	0.5	111114
2	"06:14:47"	1350.5	14.6	0.0944	124	1.25	1.35	3.5	1	3.53	21.63	23.94	20.88	400.62	383.02	14.637	16.073	57.35	62.98	299.9	1300	4	101.6	-2.75	0.403	0.5	111114
3	"06:26:04"	2026.5	15	0.0874	97	1.14	1.33	3.5	1	3.53	22.27	23.96	21.64	401.08	383.03	15.026	16.335	56.63	61.56	299.8	1000	5	101.7	-2.72	0.388	0.5	111114
4	"06:36:36"	2659.5	15.1	0.0874	96.3	1.13	1.32	3.5	1	3.53	22.80	23.99	22.27	401.36	383.26	15.185	16.483	55.42	60.16	299.8	700	5	101.7	-2.8	0.393	0.8	111114
5	"06:47:07"	3289.5	13.6	0.0834	113	1.06	1.29	3.5	1	3.53	23.29	23.93	22.81	400.32	383.97	15.457	16.670	54.77	59.07	299.8	399	6	101.7	-2.2	0.42	0.5	111114
6	"06:57:50"	3933.5	9.87	0.0595	115	0.759	1.29	3.5	1	3.53	23.93	24.06	23.60	401.36	389.49	16.027	16.898	54.64	57.61	299.8	201	6	101.7	-1.74	0.398	0.8	111114
7	"07:10:21"	4684.5	5.59	0.0443	183	0.551	1.25	3.5	1	3.53	23.28	23.92	22.62	399.87	393.09	16.365	16.998	58.01	60.25	299.8	100	7	101.7	-1.52	0.443	0.5	111114
8	"07:21:09"	5332.5	20.6	0.124	93.2	2.29	1.9	3.5	1	3.53	20.91	28.40	18.87	400.08	375.03	16.923	19.546	69.31	80.05	299.8	3216	8	101.7	-0.148	0.71	0.5	111114
9	"07:34:02"	6105.5	16.8	0.124	150	1.88	1.56	3.5	1	3.53	20.53	24.51	18.79	400.29	379.87	12.859	15.019	53.93	62.99	299.8	1200	9	101.7	-0.845	0.492	0.8	111114
10	"07:44:56"	6759.5	16.6	0.109	124	1.65	1.55	3.5	1	3.53	20.85	24.47	19.12	400.72	380.62	13.186	15.080	54.19	61.98	299.8	900	9	101.7	-0.914	0.468	0.8	111114
11	"07:55:55"	7418.5	15.6	0.106	135	1.57	1.51	3.5	1	3.53	20.98	24.24	19.28	400.67	381.75	13.230	15.033	53.96	61.32	299.7	701	9	101.7	-0.683	0.481	0.8	111114
12	"08:06:33"	8056.5	14.8	0.0951	123	1.38	1.48	3.5	1	3.53	21.36	24.25	19.69	401.09	383.23	13.794	15.375	54.97	61.27	299.7	500	12	101.7	-0.636	0.465	0.8	111114
13	"08:18:28"	8771.5	14.1	0.0919	126	1.41	1.56	3.5	1	3.53	22.50	25.27	20.82	399.88	382.82	14.775	16.398	54.90	60.93	299.7	399	23	101.7	0.232	0.532	0.5	111114
14	"08:29:17"	9420.5	12.1	0.0786	127	1.3	1.68	3.5	1	3.53	23.50	26.40	21.75	400.87	386.11	15.983	17.478	55.93	61.16	299.7	300	25	101.7	1.19	0.546	0.5	111114
15	"08:40:17"	10079.5	20.8	0.138	115	3.71	2.73	3.5	1	3.53	24.86	32.14	22.71	400.85	374.92	16.214	20.454	52.29	65.97	299.7	3167	24	101.7	2.74	0.646	0.5	111114
16	"08:51:06"	10728.5	20.4	0.135	119	2.7	2.05	3.5	1	3.53	24.65	28.99	22.71	400.45	375.50	16.315	19.410	53.28	63.39	299.7	1201	23	101.7	2.82	0.647	0.8	111114
17	"09:01:35"	11358.5	19.2	0.114	92.3	2.27	2.03	3.5	1	3.53	24.75	28.66	22.85	400.64	377.24	16.199	18.798	52.55	60.99	299.8	901	43	101.7	2.75	0.619	0.8	111114
18	"09:14:13"	12115.5	17.8	0.107	91.9	3.55	3.35	3.5	1	3.53	26.64	34.39	24.46	401.33	378.94	16.712	20.768	48.48	60.25	299.8	3148	36	101.6	4.06	0.666	0.5	111114
19	"09:24:48"	12751.5	18.3	0.106	87.4	2.74	2.61	3.5	1	3.53	26.93	31.49	24.89	401.16	378.64	16.884	20.018	48.15	57.09	299.8	1500	34	101.6	4.31	0.661	0.8	111114
20	"09:35:31"	13394.5	16.5	0.0935	81	2.42	2.62	3.5	1	3.53	27.28	31.39	25.34	399.70	379.38	16.857	19.631	47.08	54.83	299.8	1201	35	101.6	4.53	0.638	0.8	111114
