"OPEN 5.3.2"
"Sun May 26 2019 06:38:46"
"Unit="	"PSC-895"
"ComputeList="	"/User/Configs/Comps/Default"
"BLCTable="	"/Sys/Lib/StdBLCTable"
"LightSource="	"6400-02B RedBlue #SI-1032"	1	0.16
"LogFormat="	"/User/Configs/LogFormats/Std Output"
"LogCodes="	-35	-21	-36	30	23	36	21	25	-33	-34	-32	-9	-10	-8	-1	-2	-4	-5	-14	-15	-7	-12	-13	-11	-65	-66	-72	-23
"PromptList="	"/User/Configs/Prompts/Default (none)"
"Stability= (CO2S 60s SLP<1)(H2OS 60s SLP<1)(Flow 60s SLP<1)"
"06:38:48 "
$STARTOFDATA$
"Obs"	"HHMMSS"	"FTime"	"Photo"	"Cond"	"Ci"	"Trmmol"	"VpdL"	"Area"	"StmRat"	"BLCond"	"Tair"	"Tleaf"	"TBlk"	"CO2R"	"CO2S"	"H2OR"	"H2OS"	"RH_R"	"RH_S"	"Flow"	"PARi"	"PARo"	"Press"	"CsMch"	"HsMch"	"StableF"	"Status"
"06:40:09 Stability: (CO2S 60s SLP<1)(H2OS 60s SLP<1)(Flow 60s SLP<1)(Ci 20s SLP<1)"
1	"06:51:42"	802.0	-5.92	0.123	84.3	1.86	1.55	3.5	1	3.53	19.81	23.86	18.03	-0.54	6.36	11.737	13.877	51.57	60.98	299.8	1600	7	101.9	-2.07	0.637	0.5	111124
2	"07:02:24"	1445.0	-5.03	0.144	62.2	2.03	1.47	3.5	1	3.53	21.12	23.70	20.09	-0.62	5.24	12.134	14.473	49.20	58.68	299.8	1300	8	101.9	-1.95	0.654	0.5	111124
3	"07:14:08"	2149.0	-2.83	0.138	36.2	1.97	1.48	3.5	1	3.53	22.37	23.97	21.62	-0.59	2.71	12.540	14.802	47.11	55.61	299.8	1000	12	102	-2.47	0.625	0.5	111124
4	"07:25:02"	2803.0	-4.73	0.138	61	1.93	1.45	3.5	1	3.53	22.85	24.01	22.24	-0.56	4.95	12.993	15.206	47.41	55.48	299.8	700	15	102	-1.29	0.654	0.5	111124
5	"07:36:01"	3461.0	-5	0.133	66.8	1.79	1.39	3.5	1	3.53	23.35	23.95	22.82	-0.33	5.49	13.581	15.634	48.07	55.34	299.8	401	22	102	-1.71	0.644	0.5	111124
6	"07:47:14"	4135.0	-4.78	0.124	68.4	1.52	1.27	3.5	1	3.53	22.38	23.86	21.26	-0.16	5.41	14.905	16.655	55.96	62.52	299.8	199	33	102	-1.49	0.733	0.5	111124
7	"07:58:19"	4799.0	-5.17	0.118	77.5	1.36	1.19	3.5	1	3.53	21.46	23.99	19.73	0.05	6.08	16.131	17.694	64.07	70.28	299.8	101	33	102	-1.05	0.844	0.5	111124
8	"08:09:26"	5467.0	-1.56	0.207	14.7	4.05	2.04	3.5	1	3.53	22.92	30.16	20.79	0.45	2.27	17.525	22.147	63.71	80.51	299.8	3205	30	102	0.45	1.21	0.5	111124
"08:15:11 trash file forgot co2 cartridge"
