"OPEN 5.3.2"
"Fri May 24 2019 05:44:17"
"Unit="	"PSC-895"
"ComputeList="	"/User/Configs/Comps/Default"
"BLCTable="	"/Sys/Lib/StdBLCTable"
"LightSource="	"6400-02B RedBlue #SI-1032"	1	0.16
"LogFormat="	"/User/Configs/LogFormats/Std Output"
"LogCodes="	-35	-21	-36	30	23	36	21	25	-33	-34	-32	-9	-10	-8	-1	-2	-4	-5	-14	-15	-7	-12	-13	-11	-65	-66	-72	-23
"PromptList="	"/User/Configs/Prompts/Default (none)"
"Stability= (CO2S 60s SLP<1)(H2OS 60s SLP<1)(Flow 60s SLP<1)"
"05:44:35 started 6;30 good battery"
$STARTOFDATA$
"Obs"	"HHMMSS"	"FTime"	"Photo"	"Cond"	"Ci"	"Trmmol"	"VpdL"	"Area"	"StmRat"	"BLCond"	"Tair"	"Tleaf"	"TBlk"	"CO2R"	"CO2S"	"H2OR"	"H2OS"	"RH_R"	"RH_S"	"Flow"	"PARi"	"PARo"	"Press"	"CsMch"	"HsMch"	"StableF"	"Status"
1	"05:55:56"	718.0	-4.67	0.0491	191	0.698	1.44	3.5	1	3.53	23.58	23.94	24.15	33.76	39.19	14.387	15.190	50.17	52.97	299.8	1599	19	101.8	-0.556	0.521	0.7	111124
2	"06:06:25"	1348.0	-0.901	0.068	57.6	0.963	1.44	3.5	1	3.53	24.50	23.97	25.35	36.10	37.11	14.136	15.243	46.66	50.32	299.8	1300	29	101.9	-0.119	0.49	0.7	111124
3	"06:17:04"	1987.0	-4.59	0.0932	121	1.28	1.4	3.5	1	3.53	25.19	24.00	26.16	36.52	41.81	14.141	15.613	44.79	49.45	299.9	1000	39	101.9	-0.6	0.463	0.7	111124
4	"06:27:41"	2624.0	-4.9	0.107	116	1.42	1.36	3.5	1	3.53	25.84	23.92	26.95	36.65	42.30	14.295	15.922	43.57	48.53	299.9	701	47	101.9	-0.47	0.46	0.7	111124
5	"06:38:13"	3256.0	-3.49	0.104	94.4	1.37	1.35	3.5	1	3.53	26.52	23.93	27.72	36.75	40.76	14.473	16.042	42.38	46.98	299.9	400	55	101.9	0.34	0.448	0.7	111124
6	"06:48:48"	3891.0	-4.61	0.0923	122	1.19	1.32	3.5	1	3.53	26.63	23.84	27.72	36.81	42.12	14.770	16.140	42.98	46.97	299.9	201	60	101.9	-0.168	0.44	0.7	111124
7	"06:59:23"	4525.0	-4.74	0.0745	144	0.976	1.33	3.5	1	3.53	27.03	23.99	28.31	37.01	42.50	15.180	16.301	43.14	46.32	299.8	100	66	101.9	0.011	0.453	0.7	111124
8	"07:10:00"	5163.0	-2.63	0.103	79.5	1.25	1.24	3.5	1	3.53	18.03	23.93	16.58	35.67	38.69	15.660	17.090	76.91	83.93	299.8	3277	71	101.9	-0.451	0.76	0.7	111124
9	"07:20:34"	5797.0	-2.35	0.129	68.3	1.45	1.16	3.5	1	3.53	23.61	23.98	23.81	36.62	39.30	16.308	17.975	56.82	62.63	299.9	1200	76	101.9	-0.221	0.553	0.7	111124
10	"07:31:10"	6433.0	-1.55	0.137	56.3	1.44	1.09	3.5	1	3.53	24.13	23.93	24.39	36.67	38.41	16.907	18.562	57.08	62.66	299.9	901	86	101.9	-0.131	0.553	0.7	111124
11	"07:41:40"	7063.0	-0.111	0.133	37.7	1.33	1.03	3.5	1	3.53	24.12	23.95	24.20	36.91	36.99	17.668	19.192	59.69	64.84	299.8	699	107	101.9	0.476	0.587	0.7	111124
12	"07:52:30"	7712.0	-2.82	0.132	74.6	1.22	0.946	3.5	1	3.53	24.15	24.11	23.99	37.14	40.37	18.912	20.302	63.79	68.48	299.8	499	556	101.9	0.0686	0.624	0.7	111124
13	"08:03:05"	8348.0	-2.34	0.124	70.5	0.943	0.781	3.5	1	3.53	22.77	23.93	21.85	37.45	40.14	20.522	21.599	75.21	79.15	299.8	400	640	101.9	1.08	0.853	0.7	111124
14	"08:13:47"	8989.0	-0.0938	-0.0032	-10.3	-0.0227	0.704	3.5	1	3.53	21.97	23.87	20.48	36.56	36.67	22.274	22.248	85.70	85.60	299.7	299	710	101.9	2.89	1.09	0.7	111124
15	"08:24:14"	9617.0	-0.71	-0.00523	-184	-0.0916	1.73	3.5	1	3.53	22.51	29.08	20.49	30.10	30.93	22.778	22.674	84.82	84.44	299.7	3218	778	101.9	-2.29	1.27	0.7	111124
16	"08:34:42"	10245.0	-0.394	-0.00908	-40.3	-0.0977	1.06	3.5	1	3.53	22.63	26.22	20.87	28.39	28.85	23.207	23.095	85.78	85.37	299.7	1200	840	101.9	-4.02	1.28	1.0	111124
"08:46:34 08:46:34"
17	"08:46:51"	10973.0	-0.643	-0.00117	-815	-0.038	3.25	3.5	1	3.53	22.80	25.35	21.06	41.86	42.61	-0.028	-0.073	-0.10	-0.27	299.7	899	919	101.9	3.95	-6.75	0.3	111124
"08:57:07 08:57:07"
18	"08:57:24"	11607.0	-0.576	0.00307	330	0.134	4.37	3.5	1	3.53	24.07	30.50	22.05	42.15	42.81	-0.044	0.112	-0.15	0.38	299.7	3199	969	101.9	2.69	-4.97	0.3	111124
"09:02:51 started 6;30 good battery. humidt all over; was at 0 and at 87 at one timme"
"09:07:44 09:07:44"
19	"09:08:02"	12245.0	-3.05	0.15	72.1	2.41	1.65	3.5	1	3.53	24.25	28.22	22.42	36.44	39.89	18.724	21.476	62.77	72.00	299.7	1501	1025	101.9	2.06	0.897	0.3	111124
20	"09:18:40"	12883.0	-1.7	0.179	53	2.68	1.56	3.5	1	3.53	24.44	27.76	22.65	36.39	38.25	18.374	21.435	60.92	71.07	299.7	1200	1078	102	2.25	0.912	0.7	111124
