"OPEN 5.3.2"
"Fri May 24 2019 09:22:08"
"Unit="	"PSC-895"
"ComputeList="	"/User/Configs/Comps/Default"
"BLCTable="	"/Sys/Lib/StdBLCTable"
"LightSource="	"6400-02B RedBlue #SI-1032"	1	0.16
"LogFormat="	"/User/Configs/LogFormats/Std Output"
"LogCodes="	-35	-21	-36	30	23	36	21	25	-33	-34	-32	-9	-10	-8	-1	-2	-4	-5	-14	-15	-7	-12	-13	-11	-65	-66	-72	-23
"PromptList="	"/User/Configs/Prompts/Default (none)"
"Stability= (CO2S 60s SLP<1)(H2OS 60s SLP<1)(Flow 60s SLP<1)"
"09:22:46 started 6;30 good battery. humidtgood bat 10;13"
$STARTOFDATA$
"Obs"	"HHMMSS"	"FTime"	"Photo"	"Cond"	"Ci"	"Trmmol"	"VpdL"	"Area"	"StmRat"	"BLCond"	"Tair"	"Tleaf"	"TBlk"	"CO2R"	"CO2S"	"H2OR"	"H2OS"	"RH_R"	"RH_S"	"Flow"	"PARi"	"PARo"	"Press"	"CsMch"	"HsMch"	"StableF"	"Status"
1	"09:33:38"	698.5	-0.161	0.0489	40.7	0.974	2	3.5	1	3.53	25.43	28.90	23.59	36.51	36.66	18.504	19.620	57.82	61.30	299.7	1601	1152	102	2.62	0.876	0.7	111124
2	"09:44:09"	1328.5	0.0594	0.0432	33.1	0.892	2.07	3.5	1	3.53	25.81	29.33	23.95	36.56	36.45	18.910	19.930	57.79	60.91	299.7	1300	19	102	2.48	0.875	1.0	111124
3	"09:54:38"	1958.5	-0.128	0.0312	42.1	0.69	2.21	3.5	1	3.53	26.07	29.75	24.20	36.74	36.86	18.764	19.554	56.45	58.82	299.7	999	21	101.9	2.58	0.857	0.7	111124
4	"10:05:24"	2602.5	-0.267	0.022	54.7	0.469	2.12	3.5	1	3.53	26.51	29.90	24.62	36.47	36.76	20.235	20.771	59.30	60.88	299.7	701	18	101.9	2.54	0.887	1.0	111124
5	"10:15:54"	3234.5	-0.116	0.0279	50.6	0.568	2.03	3.5	1	3.53	26.14	29.36	24.24	45.37	45.48	19.696	20.347	59.00	60.95	299.7	401	54	101.9	2.41	0.881	1.0	111124
6	"10:26:24"	3864.5	0.0891	0.0249	38	0.517	2.07	3.5	1	3.53	26.17	29.34	24.29	45.33	45.20	19.348	19.940	57.87	59.64	299.7	199	51	101.9	2.39	0.855	1.0	111124
7	"10:36:54"	4493.5	-0.259	0.019	66.5	0.449	2.35	3.5	1	3.53	27.33	30.57	25.43	46.42	46.69	19.624	20.138	54.79	56.23	299.8	100	49	101.9	2.68	0.848	0.7	111124
8	"10:47:55"	5155.5	-0.0831	0.0209	51.8	0.708	3.34	3.5	1	3.53	28.62	34.35	26.37	48.13	48.18	19.874	20.684	51.48	53.58	299.8	3133	46	101.9	3.17	0.893	0.7	111124
9	"10:58:25"	5785.5	-0.126	0.0217	55.6	0.606	2.77	3.5	1	3.53	28.16	32.37	26.10	48.44	48.55	19.974	20.667	53.13	54.97	299.8	1200	43	101.9	3.21	0.877	1.0	111124
10	"11:08:55"	6415.5	-0.229	0.0219	64.2	0.617	2.79	3.5	1	3.53	28.68	32.53	26.77	49.78	50.01	20.182	20.888	52.09	53.91	299.8	900	40	101.9	3.78	0.884	0.7	111124
11	"11:19:25"	7045.0	-0.0341	0.0221	55.2	0.607	2.72	3.5	1	3.53	28.77	32.28	26.86	55.15	55.16	20.195	20.889	51.87	53.65	299.7	699	205	101.9	3.84	0.891	0.7	111124
12	"11:31:03"	7743.0	-0.245	0.0197	58.9	0.625	3.13	3.5	1	3.53	30.61	34.00	28.82	41.20	41.45	20.955	21.670	48.41	50.06	299.8	500	335	101.9	4.79	0.9	0.7	111124
13	"11:41:33"	8372.0	-0.53	0.0141	96.1	0.578	4.01	3.5	1	3.53	34.13	37.50	32.37	39.62	40.21	23.530	24.189	44.55	45.79	299.8	400	464	101.9	6.96	0.96	0.7	111124
14	"11:52:02"	9002.0	-0.789	0.00913	171	0.473	5.03	3.5	1	3.53	36.64	40.07	34.86	40.06	40.96	23.110	23.648	38.09	38.98	299.8	300	461	101.9	8.91	0.92	0.7	111124
