"OPEN 5.3.2"
"Fri Aug  3 2018 08:45:05"
"Unit="	"PSC-895"
"ComputeList="	"/User/Configs/Comps/Default"
"BLCTable="	"/Sys/Lib/StdBLCTable"
"LightSource="	"Sun+Sky"	1	0.19
"LogFormat="	"/User/Configs/LogFormats/Std Output"
"LogCodes="	-35	-21	-36	30	23	36	21	25	-33	-34	-32	-9	-10	-8	-1	-2	-4	-5	-14	-15	-7	-12	-13	-11	-65	-66	-72	-23
"PromptList="	"/User/Configs/Prompts/Default (none)"
"Stability= (CO2S 15s SLP<1)(H2OS 15s SLP<1)(Flow 15s SLP<1)"
"08:45:49 co2 500 flow 600. note; fineroots-15 is firhiz-19 is fineroots19"
$STARTOFDATA$
"Obs"	"HHMMSS"	"FTime"	"Photo"	"Cond"	"Ci"	"Trmmol"	"VpdL"	"Area"	"StmRat"	"BLCond"	"Tair"	"Tleaf"	"TBlk"	"CO2R"	"CO2S"	"H2OR"	"H2OS"	"RH_R"	"RH_S"	"Flow"	"PARi"	"PARo"	"Press"	"CsMch"	"HsMch"	"StableF"	"Status"
1	"08:47:24"	215.0	-6.74	1.02	487	22.6	2.95	6	1	2.84	33.98	33.57	33.91	500.06	495.61	0.122	22.198	0.23	42.37	600.0	-0	212	101.8	6.62	-0.000349	0.3	111115
2	"08:47:25"	216.0	-6.8	1.02	487	22.6	2.96	6	1	2.84	33.98	33.57	33.91	500.06	495.68	0.124	22.184	0.24	42.34	600.0	-0	215	101.8	6.62	-0.000349	0.3	111115
3	"08:47:26"	217.5	-6.84	1.01	487	22.5	2.96	6	1	2.84	33.98	33.56	33.91	500.09	495.76	0.124	22.156	0.24	42.29	600.0	-0	211	101.8	6.62	-0.000349	0.3	111115
4	"08:47:27"	218.5	-6.87	1.01	487	22.5	2.96	6	1	2.84	33.98	33.56	33.91	500.15	495.86	0.122	22.133	0.23	42.25	600.0	-0	211	101.8	6.62	-0.000349	0.3	111115
5	"08:47:29"	220.0	-6.89	1.01	488	22.5	2.96	6	1	2.84	33.97	33.56	33.91	500.38	496.12	0.120	22.092	0.23	42.17	600.0	-0	223	101.8	6.62	-0.000349	0.3	111115
6	"08:47:30"	221.0	-6.89	1	488	22.4	2.97	6	1	2.84	33.97	33.56	33.91	500.57	496.32	0.119	22.065	0.23	42.12	600.0	-0	234	101.8	6.62	-0.000349	0.3	111115
7	"08:47:31"	222.5	-6.95	1	488	22.4	2.97	6	1	2.84	33.97	33.56	33.91	500.75	496.58	0.118	22.023	0.23	42.04	600.0	-0	249	101.8	6.62	-0.000349	0.3	111115
8	"08:47:32"	223.0	-6.93	0.999	488	22.4	2.97	6	1	2.84	33.97	33.56	33.91	500.80	496.61	0.118	22.007	0.22	42.01	600.0	-0	243	101.8	6.62	-0.000349	0.3	111115
9	"08:47:33"	224.5	-7.19	0.999	489	22.4	2.97	6	1	2.84	33.97	33.56	33.91	500.76	496.83	0.116	22.003	0.22	42.01	600.0	-0	216	101.8	6.62	-0.000349	0.3	111115
10	"08:47:34"	225.0	-7.2	0.999	489	22.4	2.97	6	1	2.84	33.97	33.56	33.91	500.79	496.87	0.116	22.002	0.22	42.01	600.0	-0	207	101.8	6.62	-0.000349	0.3	111115
11	"08:47:36"	227.0	-7.55	1.03	490	22.6	2.95	6	1	2.84	33.97	33.56	33.91	500.83	497.13	0.115	22.243	0.22	42.47	600.0	-0	188	101.8	6.62	-0.000349	0.7	111115
12	"08:47:37"	228.5	-7.68	1.03	490	22.7	2.94	6	1	2.84	33.97	33.55	33.91	500.86	497.27	0.115	22.286	0.22	42.55	600.0	-0	214	101.8	6.62	-0.000349	0.7	111115
13	"08:47:38"	229.5	-7.74	1.02	490	22.6	2.95	6	1	2.84	33.97	33.55	33.91	500.80	497.32	0.115	22.173	0.22	42.33	600.0	-0	237	101.8	6.62	-0.000349	0.7	111115
14	"08:47:40"	231.0	-7.58	0.961	490	22	3.01	6	1	2.84	33.97	33.55	33.91	500.78	497.42	0.115	21.638	0.22	41.32	600.0	-0	275	101.8	6.62	-0.000349	0.7	111115
15	"08:47:41"	232.0	-7.4	0.928	490	21.7	3.04	6	1	2.84	33.97	33.54	33.91	500.82	497.45	0.114	21.308	0.22	40.69	600.0	-0	293	101.8	6.62	-0.000349	0.3	111115
16	"08:47:42"	233.5	-7.19	0.896	490	21.3	3.07	6	1	2.84	33.96	33.54	33.91	500.90	497.49	0.115	20.977	0.22	40.07	600.0	-0	314	101.8	6.62	-0.000349	0.3	111115
17	"08:47:43"	234.5	-7.17	0.884	490	21.2	3.08	6	1	2.84	33.96	33.54	33.91	500.89	497.53	0.114	20.846	0.22	39.82	600.0	-0	317	101.8	6.62	-0.000349	0.3	111115
18	"08:47:45"	236.0	-7.29	0.873	490	21	3.1	6	1	2.84	33.96	33.53	33.91	500.88	497.69	0.114	20.725	0.22	39.59	600.0	-0	317	101.8	6.62	-0.000349	0.3	111115
19	"08:47:46"	237.0	-7.38	0.867	491	21	3.1	6	1	2.84	33.96	33.53	33.91	500.86	497.79	0.114	20.665	0.22	39.48	600.0	-0	317	101.8	6.62	-0.000349	0.3	111115
20	"08:47:47"	238.5	-7.58	0.86	492	20.9	3.11	6	1	2.84	33.96	33.53	33.91	500.84	498.00	0.114	20.589	0.22	39.33	600.0	-0	318	101.8	6.62	-0.000349	0.3	111115
21	"08:47:48"	239.5	-7.6	0.856	492	20.9	3.11	6	1	2.84	33.96	33.53	33.91	500.82	498.04	0.113	20.542	0.22	39.24	600.0	-0	318	101.8	6.62	-0.000349	0.3	111115
22	"08:47:50"	241.0	-7.68	0.849	492	20.8	3.12	6	1	2.84	33.96	33.54	33.91	500.86	498.18	0.113	20.470	0.22	39.11	600.0	-0	318	101.8	6.62	-0.000349	0.3	111115
23	"08:47:51"	242.0	-7.63	0.845	492	20.7	3.13	6	1	2.84	33.96	33.54	33.91	500.88	498.18	0.113	20.424	0.22	39.02	600.0	-0	318	101.8	6.62	-0.000349	0.3	111115
24	"08:47:52"	243.5	-7.67	0.839	492	20.7	3.13	6	1	2.84	33.96	33.54	33.91	500.88	498.25	0.115	20.355	0.22	38.89	600.0	-0	318	101.8	6.62	-0.000349	0.3	111115
25	"08:47:53"	244.0	-7.71	0.837	492	20.6	3.14	6	1	2.84	33.96	33.54	33.91	500.87	498.30	0.115	20.335	0.22	38.85	600.0	-0	318	101.8	6.62	-0.000349	0.3	111115
26	"08:47:54"	245.5	-7.82	0.831	493	20.6	3.14	6	1	2.84	33.96	33.54	33.91	500.88	498.44	0.115	20.272	0.22	38.73	600.0	-0	319	101.8	6.62	-0.000349	0.3	111115
27	"08:47:56"	247.0	-7.9	0.826	493	20.5	3.15	6	1	2.84	33.96	33.54	33.91	500.90	498.57	0.114	20.210	0.22	38.61	600.0	-0	319	101.8	6.62	-0.000349	0.3	111115
28	"08:47:57"	247.5	-7.91	0.824	493	20.5	3.15	6	1	2.84	33.96	33.54	33.91	500.90	498.60	0.114	20.190	0.22	38.58	600.0	-0	319	101.8	6.62	-0.000349	0.3	111115
29	"08:47:58"	249.0	-7.97	0.819	493	20.4	3.16	6	1	2.84	33.96	33.53	33.91	500.88	498.67	0.114	20.131	0.22	38.46	600.0	-0	319	101.8	6.62	-0.000349	0.3	111115
30	"08:47:59"	250.5	-8.23	0.815	494	20.4	3.16	6	1	2.84	33.96	33.53	33.91	500.80	498.86	0.113	20.082	0.22	38.37	600.0	-0	320	101.8	6.62	-0.000349	0.3	111115
31	"08:48:00"	251.0	-8.21	0.813	494	20.4	3.16	6	1	2.84	33.96	33.53	33.91	500.84	498.89	0.113	20.063	0.22	38.33	600.0	-0	320	101.8	6.62	-0.000349	0.3	111115
32	"08:48:02"	253.0	-8.2	0.808	494	20.3	3.17	6	1	2.84	33.96	33.53	33.91	500.94	499.02	0.113	19.994	0.22	38.20	600.0	-0	320	101.8	6.62	-0.000349	0.3	111115
33	"08:48:03"	254.0	-8.16	0.804	494	20.2	3.17	6	1	2.84	33.96	33.53	33.91	500.95	499.01	0.113	19.955	0.22	38.13	600.0	-0	320	101.8	6.62	-0.000349	0.3	111115
34	"08:48:04"	255.5	-8.32	0.801	495	20.2	3.18	6	1	2.84	33.96	33.53	33.91	500.88	499.11	0.113	19.911	0.22	38.04	600.0	-0	321	101.8	6.62	-0.000349	0.3	111115
35	"08:48:05"	256.5	-8.42	0.797	495	20.2	3.18	6	1	2.84	33.96	33.53	33.91	500.84	499.20	0.113	19.876	0.22	37.97	600.0	-0	321	101.8	6.62	-0.000349	0.3	111115
36	"08:48:06"	257.0	-8.42	0.796	495	20.1	3.18	6	1	2.84	33.96	33.53	33.91	500.85	499.21	0.113	19.862	0.22	37.94	600.0	-0	321	101.8	6.62	-0.000349	0.3	111115
37	"08:48:08"	259.0	-8.44	0.79	495	20.1	3.19	6	1	2.84	33.96	33.54	33.91	500.88	499.30	0.111	19.795	0.21	37.82	600.0	-0	322	101.8	6.62	-0.000349	0.3	111115
38	"08:48:09"	260.0	-8.39	0.788	495	20	3.19	6	1	2.84	33.96	33.54	33.91	500.90	499.29	0.112	19.766	0.21	37.76	600.0	-0	322	101.8	6.62	-0.000349	0.3	111115
39	"08:48:10"	261.5	-8.38	0.785	495	20	3.2	6	1	2.84	33.96	33.53	33.91	500.93	499.31	0.112	19.730	0.21	37.69	600.0	-0	322	101.8	6.62	-0.000349	0.3	111115
40	"08:48:11"	262.5	-8.37	0.783	495	20	3.2	6	1	2.84	33.96	33.53	33.91	500.95	499.35	0.113	19.702	0.22	37.63	600.0	-0	323	101.8	6.62	-0.000349	0.3	111115
41	"08:48:13"	264.0	-8.43	0.78	496	19.9	3.2	6	1	2.84	33.96	33.53	33.91	500.92	499.39	0.112	19.663	0.21	37.56	600.0	-0	323	101.8	6.62	-0.000349	0.3	111115
42	"08:48:14"	265.0	-8.47	0.777	496	19.9	3.21	6	1	2.84	33.96	33.53	33.91	500.91	499.43	0.113	19.631	0.22	37.50	600.0	-0	324	101.8	6.62	-0.000349	0.3	111115
43	"08:48:15"	266.5	-8.49	0.774	496	19.9	3.21	6	1	2.84	33.96	33.53	33.91	500.90	499.47	0.113	19.596	0.22	37.43	600.0	-0	325	101.8	6.62	-0.000349	0.3	111115
44	"08:48:16"	267.5	-8.52	0.772	496	19.8	3.21	6	1	2.84	33.96	33.53	33.91	500.89	499.51	0.113	19.569	0.22	37.38	600.0	-0	325	101.8	6.62	-0.000349	0.3	111115
45	"08:48:17"	268.0	-8.52	0.771	496	19.8	3.21	6	1	2.84	33.96	33.53	33.91	500.90	499.51	0.113	19.557	0.22	37.35	600.0	-0	326	101.8	6.62	-0.000349	0.3	111115
46	"08:48:19"	270.0	-8.5	0.767	496	19.8	3.22	6	1	2.84	33.96	33.53	33.91	500.89	499.50	0.113	19.514	0.22	37.27	600.0	-0	327	101.8	6.62	-0.000349	0.3	111115
47	"08:48:20"	271.0	-8.64	0.765	497	19.8	3.22	6	1	2.84	33.96	33.53	33.91	500.84	499.61	0.113	19.487	0.22	37.22	600.0	-0	327	101.8	6.62	-0.000349	0.3	111115
48	"08:48:21"	272.5	-8.6	0.762	496	19.7	3.23	6	1	2.84	33.96	33.54	33.91	500.88	499.63	0.113	19.447	0.22	37.14	600.0	-0	328	101.8	6.62	-0.000349	0.3	111115
49	"08:48:22"	273.5	-8.69	0.759	497	19.7	3.23	6	1	2.84	33.96	33.54	33.91	500.86	499.72	0.113	19.419	0.22	37.09	600.0	-0	328	101.8	6.62	-0.000349	0.3	111115
50	"08:48:24"	275.0	-8.53	0.756	496	19.7	3.23	6	1	2.84	33.97	33.54	33.92	500.95	499.66	0.113	19.383	0.22	37.02	600.0	-0	329	101.8	6.62	-0.000349	0.3	111115
51	"08:48:25"	276.0	-8.56	0.754	496	19.6	3.24	6	1	2.84	33.97	33.54	33.92	500.90	499.65	0.113	19.360	0.22	36.97	600.0	-0	329	101.8	6.62	-0.000349	0.3	111115
52	"08:48:26"	277.5	-8.43	0.751	496	19.6	3.24	6	1	2.84	33.97	33.54	33.92	500.99	499.64	0.114	19.322	0.22	36.90	600.0	-0	329	101.8	6.62	-0.000349	0.3	111115
53	"08:48:27"	278.5	-8.42	0.749	496	19.6	3.24	6	1	2.84	33.97	33.54	33.92	500.98	499.63	0.114	19.297	0.22	36.85	600.0	-0	330	101.8	6.62	-0.000349	0.3	111115
54	"08:48:29"	280.0	-8.31	0.746	496	19.5	3.25	6	1	2.84	33.97	33.54	33.92	501.03	499.59	0.114	19.261	0.22	36.78	600.0	-0	330	101.8	6.62	-0.000349	0.3	111115
55	"08:48:30"	281.0	-8.32	0.745	496	19.5	3.25	6	1	2.84	33.97	33.54	33.92	501.02	499.60	0.114	19.241	0.22	36.74	600.0	-0	331	101.8	6.62	-0.000349	0.7	111115
56	"08:48:31"	282.5	-8.37	0.742	496	19.5	3.25	6	1	2.84	33.97	33.54	33.92	500.98	499.63	0.115	19.209	0.22	36.68	600.0	-0	332	101.8	6.62	-0.000349	0.7	111115
57	"08:48:32"	283.5	-8.4	0.741	496	19.4	3.25	6	1	2.84	33.97	33.54	33.92	500.98	499.66	0.115	19.189	0.22	36.64	600.0	-0	332	101.8	6.62	-0.000349	0.7	111115
58	"08:48:34"	285.0	-8.41	0.738	496	19.4	3.26	6	1	2.84	33.97	33.54	33.92	500.96	499.67	0.114	19.154	0.22	36.57	600.0	-0	332	101.8	6.62	-0.000349	0.7	111115
59	"08:48:35"	286.0	-8.42	0.736	496	19.4	3.26	6	1	2.84	33.97	33.54	33.92	500.98	499.71	0.114	19.134	0.22	36.53	600.0	-0	333	101.8	6.62	-0.000349	0.7	111115
60	"08:48:36"	287.5	-8.38	0.734	496	19.4	3.26	6	1	2.84	33.97	33.54	33.92	501.02	499.72	0.114	19.104	0.22	36.47	600.0	-0	333	101.8	6.62	-0.000349	0.7	111115
61	"08:48:37"	288.5	-8.46	0.732	497	19.3	3.26	6	1	2.84	33.97	33.54	33.92	500.98	499.77	0.114	19.083	0.22	36.43	600.0	-0	333	101.8	6.62	-0.000349	0.7	111115
62	"08:48:39"	290.0	-8.46	0.73	497	19.3	3.27	6	1	2.84	33.97	33.54	33.92	501.02	499.82	0.114	19.056	0.22	36.38	600.0	-0	334	101.8	6.62	-0.000349	0.7	111115
63	"08:48:40"	291.0	-8.43	0.728	497	19.3	3.27	6	1	2.84	33.97	33.54	33.92	501.03	499.82	0.114	19.038	0.22	36.35	600.0	-0	334	101.8	6.62	-0.000349	0.7	111115
64	"08:48:41"	292.5	-8.4	0.727	497	19.3	3.27	6	1	2.84	33.97	33.54	33.92	501.04	499.81	0.115	19.015	0.22	36.30	600.0	-0	335	101.8	6.62	-0.000349	0.7	111115
65	"08:48:42"	293.5	-8.34	0.726	496	19.3	3.27	6	1	2.84	33.97	33.54	33.92	501.07	499.78	0.115	19.000	0.22	36.27	600.0	-0	335	101.8	6.62	-0.000349	0.7	111115
66	"08:48:44"	295.0	-8.41	0.724	497	19.2	3.27	6	1	2.84	33.97	33.54	33.93	501.00	499.81	0.115	18.975	0.22	36.22	600.0	-0	336	101.8	6.62	-0.000349	0.7	111115
67	"08:48:45"	296.0	-8.49	0.723	497	19.2	3.28	6	1	2.84	33.97	33.54	33.93	500.95	499.84	0.114	18.963	0.22	36.20	600.0	-0	337	101.8	6.62	-0.000349	0.7	111115
68	"08:48:46"	297.5	-8.45	0.721	497	19.2	3.28	6	1	2.84	33.97	33.54	33.93	500.98	499.84	0.114	18.940	0.22	36.15	600.0	-0	337	101.8	6.62	-0.000349	0.7	111115
69	"08:48:47"	298.5	-8.47	0.72	497	19.2	3.28	6	1	2.84	33.97	33.54	33.93	501.00	499.89	0.115	18.924	0.22	36.12	600.0	-0	338	101.8	6.62	-0.000349	0.7	111115
70	"08:48:49"	300.0	-8.47	0.718	497	19.1	3.28	6	1	2.84	33.98	33.54	33.93	500.99	499.88	0.116	18.901	0.22	36.07	600.0	-0	339	101.8	6.62	-0.000349	0.7	111115
71	"08:48:50"	301.0	-8.42	0.717	497	19.1	3.28	6	1	2.84	33.98	33.54	33.93	500.99	499.84	0.116	18.890	0.22	36.05	600.0	-0	339	101.8	6.62	-0.000349	0.7	111115
72	"08:48:51"	302.5	-8.48	0.715	497	19.1	3.29	6	1	2.84	33.98	33.54	33.93	500.93	499.86	0.116	18.864	0.22	36.00	600.0	-0	340	101.8	6.62	-0.000349	1.0	111115
73	"08:48:52"	303.0	-8.49	0.715	497	19.1	3.29	6	1	2.84	33.98	33.54	33.93	500.93	499.87	0.116	18.858	0.22	35.99	600.0	-0	341	101.8	6.62	-0.000349	1.0	111115
74	"08:48:53"	304.5	-8.52	0.713	497	19.1	3.29	6	1	2.84	33.98	33.54	33.93	500.89	499.88	0.116	18.837	0.22	35.95	600.0	-0	342	101.8	6.62	-0.000349	1.0	111115
75	"08:48:55"	306.0	-8.46	0.711	497	19.1	3.29	6	1	2.84	33.98	33.54	33.93	500.91	499.85	0.117	18.813	0.22	35.90	600.0	-0	345	101.8	6.62	-0.000349	1.0	111115
76	"08:48:56"	307.0	-8.47	0.71	497	19	3.29	6	1	2.84	33.98	33.54	33.93	500.95	499.90	0.117	18.800	0.22	35.87	600.0	-0	348	101.8	6.62	-0.000349	1.0	111115
77	"08:48:57"	308.5	-8.49	0.708	497	19	3.3	6	1	2.84	33.98	33.55	33.93	500.99	499.97	0.117	18.779	0.22	35.83	600.0	-0	355	101.8	6.62	-0.000349	1.0	111115
78	"08:48:58"	309.5	-8.6	0.707	498	19	3.3	6	1	2.84	33.98	33.55	33.93	500.94	500.03	0.117	18.765	0.22	35.81	600.0	-0	360	101.8	6.62	-0.000349	1.0	111115
79	"08:49:00"	311.0	-8.59	0.706	498	19	3.3	6	1	2.84	33.98	33.55	33.93	500.89	499.99	0.117	18.744	0.22	35.76	600.0	-0	368	101.8	6.62	-0.000349	1.0	111115
80	"08:49:01"	312.0	-8.62	0.705	498	19	3.3	6	1	2.84	33.98	33.55	33.93	500.89	500.02	0.117	18.732	0.22	35.74	600.0	-0	373	101.8	6.62	-0.000349	1.0	111115
81	"08:49:02"	313.5	-8.45	0.704	497	19	3.3	6	1	2.84	33.98	33.54	33.94	500.97	499.95	0.117	18.714	0.22	35.70	600.0	-0	380	101.8	6.62	-0.000349	1.0	111115
82	"08:49:03"	314.5	-8.46	0.703	497	18.9	3.3	6	1	2.84	33.98	33.55	33.94	500.97	499.97	0.116	18.703	0.22	35.68	600.0	-0	386	101.8	6.62	-0.000349	1.0	111115
83	"08:49:05"	316.0	-8.37	0.701	497	18.9	3.31	6	1	2.84	33.98	33.55	33.94	501.00	499.92	0.116	18.684	0.22	35.65	600.0	-0	397	101.8	6.62	-0.000349	1.0	111115
84	"08:49:06"	317.0	-8.39	0.701	497	18.9	3.31	6	1	2.84	33.98	33.54	33.94	501.02	499.97	0.116	18.672	0.22	35.62	600.0	-0	404	101.8	6.62	-0.000349	1.0	111115
85	"08:49:07"	318.5	-8.42	0.699	497	18.9	3.31	6	1	2.84	33.98	33.54	33.94	501.01	499.99	0.116	18.654	0.22	35.59	600.0	-0	411	101.8	6.62	-0.000349	1.0	111115
86	"08:49:08"	319.5	-8.42	0.698	497	18.9	3.31	6	1	2.84	33.98	33.54	33.94	501.02	500.00	0.116	18.645	0.22	35.57	600.0	-0	418	101.8	6.62	-0.000349	1.0	111115
87	"08:49:10"	321.0	-8.54	0.697	498	18.9	3.31	6	1	2.84	33.98	33.54	33.94	500.96	500.06	0.117	18.629	0.22	35.54	600.0	-0	436	101.8	6.62	-0.000349	1.0	111115
88	"08:49:11"	321.5	-8.54	0.697	498	18.9	3.31	6	1	2.84	33.98	33.54	33.94	500.95	500.07	0.117	18.625	0.22	35.53	600.0	-0	445	101.8	6.62	-0.000349	1.0	111115
89	"08:49:12"	323.0	-8.42	0.695	497	18.8	3.31	6	1	2.84	33.98	33.54	33.94	501.00	500.01	0.117	18.603	0.22	35.49	600.0	-0	473	101.8	6.62	-0.000349	1.0	111115
90	"08:49:13"	324.5	-8.29	0.694	497	18.8	3.32	6	1	2.84	33.99	33.54	33.94	501.05	499.94	0.118	18.583	0.22	35.45	600.0	-0	494	101.8	6.62	-0.000349	1.0	111115
91	"08:49:14"	325.5	-8.21	0.693	497	18.8	3.32	6	1	2.84	33.99	33.54	33.94	501.13	499.94	0.117	18.568	0.22	35.42	600.0	-0	503	101.8	6.62	-0.000349	1.0	111115
92	"08:49:16"	327.0	-8.23	0.692	497	18.8	3.32	6	1	2.84	33.99	33.54	33.94	501.16	499.99	0.118	18.552	0.23	35.39	600.0	-0	511	101.8	6.62	-0.000349	1.0	111115
93	"08:49:17"	328.0	-8.23	0.691	497	18.8	3.32	6	1	2.84	33.99	33.54	33.94	501.18	500.03	0.118	18.542	0.23	35.37	600.0	-0	514	101.8	6.62	-0.000349	1.0	111115
94	"08:49:18"	329.5	-8.28	0.691	497	18.8	3.32	6	1	2.84	33.99	33.54	33.94	501.14	500.03	0.119	18.530	0.23	35.34	600.0	-0	517	101.8	6.62	-0.000349	1.0	111115
95	"08:49:19"	330.5	-8.32	0.69	497	18.8	3.32	6	1	2.84	33.99	33.53	33.94	501.10	500.04	0.118	18.524	0.23	35.33	600.0	-0	518	101.8	6.62	-0.000349	1.0	111115
96	"08:49:21"	332.0	-8.36	0.69	497	18.7	3.32	6	1	2.84	33.99	33.53	33.94	501.07	500.05	0.118	18.510	0.23	35.31	600.0	-0	519	101.8	6.62	-0.000349	1.0	111115
97	"08:49:22"	333.0	-8.4	0.689	497	18.7	3.32	6	1	2.84	33.99	33.53	33.94	501.05	500.08	0.119	18.500	0.23	35.29	600.0	-0	519	101.8	6.62	-0.000349	1.0	111115
98	"08:49:23"	334.5	-8.5	0.688	498	18.7	3.32	6	1	2.84	33.99	33.53	33.94	501.00	500.14	0.119	18.488	0.23	35.27	600.0	-0	519	101.8	6.62	-0.000349	1.0	111115
99	"08:49:24"	335.5	-8.48	0.687	498	18.7	3.32	6	1	2.84	33.99	33.53	33.94	501.03	500.16	0.118	18.482	0.23	35.25	600.0	-0	519	101.8	6.62	-0.000349	1.0	111115
100	"08:49:25"	336.0	-8.49	0.687	498	18.7	3.32	6	1	2.84	33.99	33.53	33.94	501.04	500.17	0.119	18.476	0.23	35.24	600.0	-0	519	101.8	6.62	-0.000349	1.0	111115
101	"08:49:26"	337.0	-8.31	0.687	497	18.7	3.32	6	1	2.84	33.99	33.53	33.94	501.15	500.11	0.119	18.471	0.23	35.24	600.0	-0	518	101.8	6.62	-0.000349	1.0	111115
102	"08:49:28"	339.0	-8.28	0.685	497	18.7	3.33	6	1	2.84	33.98	33.53	33.94	501.19	500.13	0.120	18.451	0.23	35.20	600.0	-0	518	101.8	6.62	-0.000349	1.0	111115
103	"08:49:29"	339.5	-8.34	0.685	497	18.7	3.33	6	1	2.84	33.98	33.53	33.94	501.12	500.13	0.119	18.446	0.23	35.19	600.0	-0	518	101.8	6.62	-0.000349	1.0	111115
104	"08:49:30"	341.5	-8.48	0.684	498	18.7	3.33	6	1	2.84	33.98	33.53	33.94	501.02	500.17	0.119	18.431	0.23	35.16	600.0	-0	517	101.8	6.62	-0.000349	1.0	111115
105	"08:49:31"	342.5	-8.48	0.683	498	18.7	3.33	6	1	2.84	33.98	33.53	33.94	501.01	500.16	0.119	18.427	0.23	35.15	600.0	-0	516	101.8	6.62	-0.000349	1.0	111115
106	"08:49:33"	344.0	-8.44	0.683	498	18.6	3.33	6	1	2.84	33.98	33.53	33.94	501.04	500.15	0.119	18.420	0.23	35.14	600.0	-0	515	101.8	6.62	-0.000349	1.0	111115
107	"08:49:34"	344.5	-8.41	0.682	498	18.6	3.33	6	1	2.84	33.98	33.53	33.94	501.05	500.14	0.119	18.417	0.23	35.13	600.0	-0	515	101.8	6.62	-0.000349	1.0	111115
108	"08:49:35"	346.0	-8.39	0.681	498	18.6	3.33	6	1	2.84	33.98	33.54	33.94	501.12	500.20	0.120	18.407	0.23	35.12	600.0	-0	514	101.8	6.62	-0.000349	1.0	111115
109	"08:49:36"	346.5	-8.35	0.681	498	18.6	3.33	6	1	2.84	33.98	33.54	33.94	501.14	500.18	0.120	18.404	0.23	35.11	600.0	-0	514	101.8	6.62	-0.000349	1.0	111115
110	"08:49:37"	348.5	-8.45	0.679	498	18.6	3.34	6	1	2.84	33.98	33.54	33.94	501.12	500.26	0.120	18.384	0.23	35.07	600.0	-0	513	101.8	6.62	-0.000349	1.0	111115
111	"08:49:38"	349.0	-8.44	0.679	498	18.6	3.34	6	1	2.84	33.98	33.54	33.94	501.14	500.27	0.120	18.379	0.23	35.06	600.0	-0	513	101.8	6.62	-0.000349	1.0	111115
112	"08:49:40"	351.0	-8.33	0.679	498	18.6	3.34	6	1	2.84	33.98	33.54	33.94	501.19	500.22	0.121	18.371	0.23	35.05	600.0	-0	515	101.8	6.62	-0.000349	1.0	111115
113	"08:49:41"	352.0	-8.19	0.679	497	18.6	3.34	6	1	2.84	33.98	33.53	33.94	501.24	500.13	0.121	18.367	0.23	35.04	600.0	-0	516	101.8	6.62	-0.000349	1.0	111115
114	"08:49:42"	353.5	-8.13	0.678	497	18.6	3.34	6	1	2.84	33.98	33.53	33.94	501.24	500.08	0.121	18.353	0.23	35.01	600.0	-0	516	101.8	6.62	-0.000349	1.0	111115
115	"08:49:43"	354.5	-8.2	0.677	497	18.6	3.34	6	1	2.84	33.98	33.53	33.94	501.21	500.12	0.121	18.346	0.23	35.00	600.0	-0	516	101.8	6.62	-0.000349	1.0	111115
116	"08:49:45"	356.0	-8.25	0.676	497	18.5	3.34	6	1	2.84	33.98	33.53	33.94	501.19	500.17	0.121	18.326	0.23	34.96	600.0	-0	515	101.8	6.62	-0.000349	1.0	111115
117	"08:49:46"	357.0	-8.23	0.676	497	18.5	3.34	6	1	2.84	33.98	33.53	33.94	501.20	500.16	0.122	18.320	0.23	34.95	600.0	-0	514	101.8	6.62	-0.000349	1.0	111115
118	"08:49:47"	357.5	-8.23	0.675	497	18.5	3.34	6	1	2.84	33.98	33.53	33.94	501.20	500.17	0.122	18.313	0.23	34.94	600.0	-0	513	101.8	6.62	-0.000349	1.0	111115
119	"08:49:48"	359.5	-8.43	0.674	498	18.5	3.34	6	1	2.84	33.98	33.53	33.94	501.08	500.25	0.122	18.299	0.23	34.91	600.0	-0	509	101.8	6.62	-0.000349	1.0	111115
120	"08:49:49"	360.0	-8.45	0.674	498	18.5	3.34	6	1	2.84	33.98	33.53	33.94	501.09	500.28	0.122	18.296	0.23	34.91	600.0	-0	508	101.8	6.62	-0.000349	1.0	111115
121	"08:49:50"	360.5	-8.51	0.674	498	18.5	3.34	6	1	2.84	33.98	33.53	33.94	501.06	500.31	0.122	18.292	0.23	34.90	600.0	-0	506	101.8	6.62	-0.000349	1.0	111115
122	"08:49:51"	362.5	-8.42	0.673	498	18.5	3.34	6	1	2.84	33.98	33.53	33.94	501.13	500.29	0.122	18.284	0.23	34.88	600.0	-0	497	101.8	6.62	-0.000349	1.0	111115
123	"08:49:53"	364.0	-8.29	0.672	498	18.5	3.34	6	1	2.84	33.98	33.53	33.94	501.19	500.23	0.123	18.275	0.23	34.87	600.0	-0	485	101.8	6.62	-0.000349	1.0	111115
124	"08:49:54"	364.5	-8.25	0.672	497	18.5	3.34	6	1	2.84	33.98	33.53	33.94	501.21	500.21	0.123	18.272	0.23	34.86	600.0	-0	481	101.8	6.62	-0.000349	1.0	111115
125	"08:49:55"	366.0	-8.25	0.671	497	18.5	3.35	6	1	2.84	33.98	33.53	33.93	501.23	500.24	0.123	18.263	0.23	34.84	600.0	-0	468	101.8	6.62	-0.000349	1.0	111115
126	"08:49:56"	367.5	-8.2	0.671	497	18.5	3.35	6	1	2.84	33.98	33.53	33.93	501.28	500.24	0.123	18.257	0.23	34.83	600.0	-0	452	101.8	6.62	-0.000349	1.0	111115
127	"08:49:57"	368.0	-8.17	0.671	497	18.5	3.35	6	1	2.84	33.98	33.53	33.93	501.29	500.22	0.123	18.254	0.24	34.83	600.0	-0	445	101.8	6.62	-0.000349	1.0	111115
128	"08:49:58"	369.5	-8.26	0.67	498	18.5	3.35	6	1	2.84	33.98	33.53	33.93	501.25	500.27	0.124	18.243	0.24	34.81	600.0	-0	423	101.8	6.62	-0.000349	1.0	111115
129	"08:50:00"	371.0	-8.31	0.669	498	18.4	3.35	6	1	2.84	33.98	33.53	33.93	501.19	500.27	0.124	18.234	0.24	34.79	600.0	-0	400	101.8	6.62	-0.000349	1.0	111115
130	"08:50:01"	371.5	-8.36	0.669	498	18.4	3.35	6	1	2.84	33.98	33.53	33.93	501.16	500.29	0.124	18.229	0.24	34.78	600.0	-0	394	101.8	6.62	-0.000349	1.0	111115
131	"08:50:02"	373.5	-8.45	0.668	498	18.4	3.35	6	1	2.84	33.98	33.53	33.93	501.11	500.34	0.124	18.215	0.24	34.76	600.0	-0	371	101.8	6.62	-0.000349	1.0	111115
132	"08:50:03"	374.5	-8.41	0.667	498	18.4	3.35	6	1	2.84	33.98	33.54	33.93	501.10	500.30	0.124	18.207	0.24	34.74	600.0	-0	363	101.8	6.62	-0.000349	1.0	111115
133	"08:50:05"	376.0	-8.36	0.666	498	18.4	3.35	6	1	2.84	33.98	33.54	33.93	501.13	500.28	0.124	18.197	0.24	34.72	600.0	-0	356	101.8	6.62	-0.000349	1.0	111115
134	"08:50:06"	377.0	-8.26	0.665	498	18.4	3.36	6	1	2.84	33.98	33.54	33.93	501.19	500.24	0.125	18.191	0.24	34.71	600.0	-0	352	101.8	6.62	-0.000349	1.0	111115
135	"08:50:07"	377.5	-8.23	0.665	497	18.4	3.36	6	1	2.84	33.98	33.55	33.93	501.19	500.22	0.125	18.189	0.24	34.71	600.0	-0	351	101.8	6.62	-0.000349	1.0	111115
136	"08:50:08"	379.5	-8.21	0.664	498	18.4	3.36	6	1	2.84	33.98	33.55	33.93	501.27	500.29	0.126	18.173	0.24	34.68	600.0	-0	346	101.8	6.62	-0.000349	1.0	111115
137	"08:50:09"	380.5	-8.17	0.663	497	18.4	3.36	6	1	2.84	33.98	33.54	33.93	501.34	500.32	0.127	18.163	0.24	34.66	600.0	-0	344	101.8	6.62	-0.000349	1.0	111115
138	"08:50:11"	382.0	-8.15	0.662	497	18.4	3.36	6	1	2.84	33.98	33.54	33.93	501.36	500.33	0.127	18.149	0.24	34.63	600.0	-0	341	101.8	6.62	-0.000349	1.0	111115
139	"08:50:12"	383.0	-8.17	0.661	497	18.3	3.36	6	1	2.84	33.98	33.54	33.93	501.35	500.33	0.127	18.140	0.24	34.61	600.0	-0	340	101.8	6.62	-0.000349	1.0	111115
140	"08:50:13"	384.5	-8.12	0.66	497	18.3	3.36	6	1	2.84	33.98	33.55	33.93	501.30	500.26	0.128	18.126	0.24	34.58	600.0	-0	339	101.8	6.62	-0.000349	1.0	111115
141	"08:50:14"	385.5	-8.21	0.66	498	18.3	3.36	6	1	2.84	33.98	33.55	33.93	501.26	500.31	0.128	18.122	0.24	34.58	600.0	-0	338	101.8	6.62	-0.000349	1.0	111115
142	"08:50:16"	387.0	-8.39	0.659	498	18.3	3.37	6	1	2.84	33.98	33.55	33.93	501.18	500.40	0.128	18.107	0.24	34.55	600.0	-0	337	101.8	6.62	-0.000349	1.0	111115
143	"08:50:17"	388.0	-8.35	0.658	498	18.3	3.37	6	1	2.84	33.98	33.55	33.93	501.20	500.40	0.128	18.100	0.24	34.53	600.0	-0	337	101.8	6.62	-0.000349	1.0	111115
144	"08:50:18"	389.5	-8.33	0.656	498	18.3	3.37	6	1	2.84	33.98	33.56	33.93	501.22	500.40	0.128	18.081	0.24	34.50	600.0	-0	338	101.8	6.62	-0.000349	1.0	111115
145	"08:50:19"	390.5	-8.16	0.656	498	18.3	3.37	6	1	2.84	33.98	33.56	33.93	501.30	500.32	0.128	18.072	0.24	34.48	600.0	-0	340	101.8	6.62	-0.000349	1.0	111115
146	"08:50:21"	392.0	-8.17	0.655	498	18.3	3.37	6	1	2.84	33.98	33.56	33.93	501.29	500.33	0.128	18.059	0.24	34.45	600.0	-0	343	101.8	6.62	-0.000349	1.0	111115
147	"08:50:22"	393.0	-8.09	0.654	497	18.3	3.38	6	1	2.84	33.98	33.56	33.93	501.35	500.31	0.128	18.054	0.24	34.44	600.0	-0	344	101.8	6.62	-0.000349	1.0	111115
148	"08:50:23"	394.5	-8.26	0.653	498	18.2	3.38	6	1	2.84	33.98	33.56	33.93	501.27	500.40	0.128	18.040	0.24	34.41	600.0	-0	343	101.8	6.62	-0.000349	1.0	111115
149	"08:50:24"	395.5	-8.28	0.652	498	18.2	3.38	6	1	2.84	33.98	33.57	33.93	501.27	500.42	0.128	18.031	0.24	34.40	600.0	-0	342	101.8	6.62	-0.000349	1.0	111115
150	"08:50:26"	397.0	-8.3	0.651	498	18.2	3.38	6	1	2.84	33.99	33.57	33.93	501.23	500.42	0.128	18.014	0.24	34.36	600.0	-0	340	101.8	6.62	-0.000349	1.0	111115
151	"08:50:27"	398.0	-8.27	0.651	498	18.2	3.38	6	1	2.84	33.99	33.56	33.93	501.27	500.42	0.129	18.008	0.25	34.35	600.0	-0	341	101.8	6.62	-0.000349	1.0	111115
152	"08:50:28"	399.5	-8.13	0.65	498	18.2	3.38	6	1	2.84	33.99	33.56	33.93	501.32	500.35	0.130	17.989	0.25	34.31	600.0	-0	347	101.8	6.62	-0.000349	1.0	111115
153	"08:50:29"	400.5	-8.13	0.649	498	18.2	3.38	6	1	2.84	33.99	33.56	33.93	501.34	500.38	0.130	17.980	0.25	34.29	600.0	-0	355	101.8	6.62	-0.000349	1.0	111115
154	"08:50:31"	402.0	-8.2	0.648	498	18.2	3.38	6	1	2.84	33.99	33.56	33.93	501.31	500.42	0.130	17.962	0.25	34.26	600.0	-0	370	101.8	6.62	-0.000349	1.0	111115
155	"08:50:32"	403.0	-8.28	0.647	498	18.2	3.39	6	1	2.84	33.99	33.56	33.93	501.28	500.47	0.129	17.955	0.25	34.25	600.0	-0	381	101.8	6.62	-0.000349	1.0	111115
156	"08:50:33"	403.5	-8.31	0.647	498	18.1	3.39	6	1	2.84	33.99	33.56	33.93	501.27	500.49	0.129	17.951	0.25	34.24	600.0	-0	386	101.8	6.62	-0.000349	1.0	111115
157	"08:50:34"	405.5	-8.33	0.646	498	18.1	3.39	6	1	2.84	33.99	33.56	33.93	501.22	500.48	0.129	17.935	0.25	34.21	600.0	-0	398	101.8	6.62	-0.000349	1.0	111115
158	"08:50:35"	406.5	-8.32	0.645	498	18.1	3.39	6	1	2.84	33.99	33.56	33.93	501.22	500.48	0.130	17.927	0.25	34.19	600.0	-0	397	101.8	6.62	-0.000349	1.0	111115
159	"08:50:37"	408.0	-8.34	0.644	498	18.1	3.39	6	1	2.84	33.99	33.56	33.93	501.20	500.48	0.131	17.916	0.25	34.17	600.0	-0	386	101.8	6.62	-0.000349	1.0	111115
160	"08:50:38"	409.0	-8.37	0.644	499	18.1	3.39	6	1	2.84	33.99	33.56	33.93	501.21	500.52	0.131	17.911	0.25	34.16	600.0	-0	377	101.8	6.62	-0.000349	1.0	111115
161	"08:50:39"	410.5	-8.34	0.643	499	18.1	3.39	6	1	2.84	33.99	33.57	33.93	501.29	500.57	0.131	17.894	0.25	34.13	600.0	-0	363	101.8	6.62	-0.000349	1.0	111115
162	"08:50:40"	411.5	-8.3	0.642	498	18.1	3.39	6	1	2.84	33.99	33.57	33.93	501.32	500.57	0.130	17.886	0.25	34.11	600.0	-0	354	101.8	6.62	-0.000349	1.0	111115
163	"08:50:42"	413.0	-8.24	0.641	498	18.1	3.4	6	1	2.84	33.99	33.57	33.93	501.30	500.49	0.131	17.876	0.25	34.10	600.0	-0	344	101.8	6.62	-0.000349	1.0	111115
164	"08:50:43"	414.0	-8.24	0.641	498	18.1	3.4	6	1	2.84	33.99	33.57	33.93	501.27	500.47	0.131	17.870	0.25	34.08	600.0	-0	340	101.8	6.62	-0.000349	1.0	111115
165	"08:50:44"	415.5	-8.31	0.64	498	18.1	3.4	6	1	2.84	33.99	33.57	33.93	501.20	500.48	0.131	17.861	0.25	34.06	600.0	-0	340	101.8	6.62	-0.000349	1.0	111115
166	"08:50:45"	416.5	-8.39	0.639	499	18	3.4	6	1	2.84	33.99	33.57	33.93	501.20	500.56	0.131	17.853	0.25	34.05	600.0	-0	341	101.8	6.62	-0.000349	1.0	111115
167	"08:50:47"	418.0	-8.24	0.638	498	18	3.4	6	1	2.84	33.99	33.57	33.93	501.24	500.46	0.132	17.838	0.25	34.02	600.0	-0	341	101.8	6.62	-0.000349	1.0	111115
168	"08:50:48"	419.0	-8.2	0.638	498	18	3.4	6	1	2.84	33.99	33.57	33.93	501.28	500.46	0.132	17.831	0.25	34.01	600.0	-0	338	101.8	6.62	-0.000349	1.0	111115
169	"08:50:49"	420.5	-8.08	0.637	498	18	3.4	6	1	2.84	33.99	33.57	33.93	501.38	500.45	0.132	17.817	0.25	33.98	600.0	-0	334	101.8	6.62	-0.000349	1.0	111115
170	"08:50:50"	421.5	-8.13	0.636	498	18	3.4	6	1	2.84	33.99	33.57	33.93	501.38	500.49	0.132	17.807	0.25	33.96	600.0	-0	331	101.8	6.62	-0.000349	1.0	111115
171	"08:50:52"	423.0	-8.06	0.636	498	18	3.4	6	1	2.84	33.99	33.57	33.93	501.40	500.46	0.132	17.797	0.25	33.94	600.0	-0	329	101.8	6.62	-0.000349	1.0	111115
172	"08:50:53"	424.0	-8.12	0.635	498	18	3.41	6	1	2.84	33.99	33.57	33.93	501.32	500.45	0.133	17.790	0.25	33.93	600.0	-0	328	101.8	6.62	-0.000349	1.0	111115
173	"08:50:54"	425.5	-8.22	0.634	498	18	3.41	6	1	2.84	33.99	33.57	33.93	501.27	500.50	0.133	17.779	0.25	33.90	600.0	-0	326	101.8	6.62	-0.000349	1.0	111115
174	"08:50:55"	426.5	-8.32	0.634	499	18	3.41	6	1	2.84	33.99	33.57	33.93	501.21	500.55	0.133	17.774	0.25	33.89	600.0	-0	325	101.8	6.62	-0.000349	1.0	111115
175	"08:50:57"	428.0	-8.38	0.633	499	17.9	3.41	6	1	2.84	33.99	33.58	33.94	501.20	500.60	0.132	17.763	0.25	33.87	600.0	-0	323	101.8	6.62	-0.000349	1.0	111115
176	"08:50:58"	429.0	-8.35	0.633	499	17.9	3.41	6	1	2.84	33.99	33.58	33.94	501.23	500.60	0.133	17.759	0.25	33.87	600.0	-0	322	101.8	6.62	-0.000349	1.0	111115
177	"08:50:59"	430.5	-8.15	0.632	498	17.9	3.41	6	1	2.84	33.99	33.58	33.94	501.39	500.57	0.133	17.748	0.25	33.84	600.0	-0	321	101.8	6.62	-0.000349	1.0	111115
178	"08:51:00"	431.5	-8.05	0.632	498	17.9	3.41	6	1	2.84	33.99	33.58	33.94	501.47	500.55	0.134	17.746	0.25	33.84	600.0	-0	321	101.8	6.62	-0.000349	1.0	111115
179	"08:51:02"	433.0	-8.15	0.631	498	17.9	3.41	6	1	2.84	33.99	33.58	33.94	501.47	500.64	0.133	17.736	0.25	33.82	600.0	-0	321	101.8	6.62	-0.000349	1.0	111115
180	"08:51:03"	434.0	-8.19	0.631	498	17.9	3.41	6	1	2.84	33.99	33.58	33.94	501.43	500.65	0.133	17.730	0.25	33.81	600.0	-0	321	101.8	6.62	-0.000349	1.0	111115
181	"08:51:04"	435.5	-8.23	0.629	499	17.9	3.42	6	1	2.84	33.99	33.58	33.94	501.39	500.66	0.134	17.714	0.26	33.77	600.0	-0	322	101.8	6.62	-0.000349	1.0	111115
182	"08:51:05"	436.5	-8.18	0.629	498	17.9	3.42	6	1	2.84	33.99	33.58	33.94	501.37	500.59	0.134	17.709	0.26	33.76	600.0	-0	323	101.8	6.62	-0.000349	1.0	111115
183	"08:51:07"	438.0	-8.32	0.628	499	17.9	3.42	6	1	2.84	34.00	33.59	33.94	501.25	500.62	0.134	17.696	0.26	33.74	600.0	-0	323	101.8	6.62	-0.000349	1.0	111115
184	"08:51:08"	439.0	-8.4	0.627	499	17.9	3.42	6	1	2.84	34.00	33.59	33.94	501.19	500.64	0.134	17.690	0.26	33.72	600.0	-0	325	101.8	6.62	-0.000349	1.0	111115
185	"08:51:09"	439.5	-8.47	0.627	499	17.9	3.42	6	1	2.84	34.00	33.59	33.94	501.15	500.68	0.134	17.686	0.26	33.71	600.0	-0	327	101.8	6.62	-0.000349	1.0	111115
186	"08:51:10"	441.5	-8.48	0.626	499	17.8	3.42	6	1	2.84	34.00	33.59	33.94	501.13	500.68	0.134	17.669	0.26	33.68	599.9	-0	337	101.8	6.62	-0.000349	1.0	111115
187	"08:51:11"	442.5	-8.38	0.625	499	17.8	3.42	6	1	2.84	34.00	33.59	33.94	501.22	500.67	0.134	17.660	0.26	33.66	600.0	-0	344	101.8	6.62	-0.000349	1.0	111115
188	"08:51:13"	444.0	-8.2	0.624	498	17.8	3.42	6	1	2.84	34.00	33.59	33.94	501.35	500.63	0.136	17.651	0.26	33.64	600.0	-0	351	101.8	6.62	-0.000349	1.0	111115
189	"08:51:14"	445.0	-8.17	0.624	498	17.8	3.43	6	1	2.84	34.00	33.59	33.94	501.40	500.65	0.137	17.645	0.26	33.63	600.0	-0	352	101.8	6.62	-0.000349	1.0	111115
190	"08:51:15"	446.5	-8.27	0.623	499	17.8	3.43	6	1	2.84	34.00	33.59	33.94	501.31	500.67	0.136	17.633	0.26	33.61	600.0	-0	351	101.8	6.62	-0.000349	1.0	111115
191	"08:51:16"	447.5	-8.34	0.623	499	17.8	3.43	6	1	2.84	34.00	33.59	33.94	501.25	500.68	0.136	17.625	0.26	33.59	600.0	-0	350	101.8	6.62	-0.000349	1.0	111115
192	"08:51:18"	449.0	-8.42	0.622	499	17.8	3.43	6	1	2.84	34.00	33.59	33.94	501.15	500.67	0.137	17.612	0.26	33.57	600.0	-0	350	101.8	6.62	-0.000349	1.0	111115
193	"08:51:19"	450.0	-8.39	0.621	499	17.8	3.43	6	1	2.84	34.00	33.59	33.94	501.16	500.64	0.136	17.599	0.26	33.54	600.0	-0	351	101.8	6.62	-0.000349	1.0	111115
194	"08:51:20"	451.5	-8.3	0.62	499	17.8	3.43	6	1	2.84	34.00	33.60	33.94	501.22	500.63	0.136	17.588	0.26	33.52	600.0	-0	350	101.8	6.62	-0.000349	1.0	111115
195	"08:51:21"	452.5	-8.28	0.619	499	17.8	3.43	6	1	2.84	34.00	33.60	33.94	501.25	500.63	0.136	17.581	0.26	33.51	600.0	-0	346	101.8	6.62	-0.000349	1.0	111115
196	"08:51:23"	454.0	-8.22	0.619	499	17.7	3.43	6	1	2.84	34.00	33.60	33.94	501.29	500.63	0.137	17.575	0.26	33.49	600.0	-0	339	101.8	6.62	-0.000349	1.0	111115
197	"08:51:24"	455.0	-8.27	0.619	499	17.7	3.44	6	1	2.84	34.00	33.60	33.94	501.26	500.64	0.137	17.572	0.26	33.49	600.0	-0	335	101.8	6.62	-0.000349	1.0	111115
198	"08:51:25"	456.5	-8.29	0.618	499	17.7	3.44	6	1	2.84	34.00	33.60	33.94	501.28	500.68	0.137	17.565	0.26	33.47	600.0	-0	333	101.8	6.62	-0.000349	1.0	111115
199	"08:51:26"	457.5	-8.22	0.617	499	17.7	3.44	6	1	2.84	34.00	33.60	33.94	501.30	500.64	0.137	17.557	0.26	33.46	600.0	-0	334	101.8	6.62	-0.000349	1.0	111115
200	"08:51:28"	459.0	-8.2	0.617	499	17.7	3.44	6	1	2.84	34.00	33.60	33.94	501.32	500.65	0.138	17.545	0.26	33.43	600.0	-0	337	101.8	6.62	-0.000349	1.0	111115
201	"08:51:29"	460.0	-8.12	0.616	498	17.7	3.44	6	1	2.84	34.00	33.60	33.94	501.34	500.60	0.139	17.540	0.26	33.43	600.0	-0	339	101.8	6.62	-0.000349	1.0	111115
202	"08:51:30"	461.5	-8.12	0.615	498	17.7	3.44	6	1	2.84	34.00	33.60	33.94	501.40	500.66	0.139	17.528	0.26	33.40	600.0	-0	343	101.8	6.62	-0.000349	1.0	111115
203	"08:51:31"	462.5	-8.09	0.615	498	17.7	3.44	6	1	2.84	34.00	33.61	33.94	501.44	500.67	0.138	17.527	0.26	33.40	600.0	-0	348	101.8	6.62	-0.000349	1.0	111115
204	"08:51:33"	464.0	-8	0.614	498	17.7	3.44	6	1	2.84	34.01	33.61	33.95	501.48	500.62	0.139	17.514	0.26	33.37	600.0	-0	355	101.8	6.62	-0.000349	1.0	111115
205	"08:51:34"	464.5	-8.06	0.614	498	17.7	3.45	6	1	2.84	34.01	33.61	33.95	501.43	500.63	0.138	17.510	0.26	33.36	600.0	-0	357	101.8	6.62	-0.000349	1.0	111115
206	"08:51:35"	466.5	-8.03	0.612	498	17.7	3.45	6	1	2.84	34.01	33.61	33.95	501.38	500.57	0.139	17.494	0.26	33.33	600.0	-0	366	101.8	6.62	-0.000349	1.0	111115
207	"08:51:36"	467.5	-8.13	0.612	498	17.7	3.45	6	1	2.84	34.01	33.61	33.95	501.31	500.60	0.139	17.488	0.26	33.32	600.0	-0	373	101.8	6.62	-0.000349	1.0	111115
208	"08:51:38"	469.0	-8.06	0.611	498	17.6	3.45	6	1	2.84	34.01	33.61	33.95	501.40	500.63	0.139	17.479	0.26	33.30	600.0	-0	384	101.8	6.62	-0.000349	1.0	111115
209	"08:51:39"	470.0	-8.06	0.611	498	17.6	3.45	6	1	2.84	34.01	33.62	33.95	501.39	500.62	0.139	17.472	0.26	33.28	600.0	-0	390	101.8	6.62	-0.000349	1.0	111115
210	"08:51:40"	471.5	-8.01	0.61	498	17.6	3.45	6	1	2.84	34.01	33.62	33.95	501.45	500.63	0.140	17.464	0.27	33.27	600.0	-0	395	101.8	6.62	-0.000349	1.0	111115
211	"08:51:41"	472.5	-7.98	0.61	498	17.6	3.45	6	1	2.84	34.01	33.62	33.95	501.44	500.59	0.140	17.459	0.27	33.26	600.0	-0	395	101.8	6.62	-0.000349	1.0	111115
212	"08:51:43"	474.0	-8.05	0.609	498	17.6	3.45	6	1	2.84	34.01	33.62	33.95	501.42	500.65	0.140	17.451	0.27	33.24	600.0	-0	391	101.8	6.62	-0.000349	1.0	111115
213	"08:51:44"	475.0	-8.01	0.609	498	17.6	3.45	6	1	2.84	34.01	33.62	33.95	501.45	500.64	0.141	17.446	0.27	33.23	600.0	-0	385	101.8	6.62	-0.000349	1.0	111115
214	"08:51:45"	476.5	-8.01	0.608	498	17.6	3.46	6	1	2.84	34.01	33.62	33.95	501.46	500.66	0.141	17.436	0.27	33.21	600.0	-0	374	101.8	6.62	-0.000349	1.0	111115
215	"08:51:46"	477.0	-7.99	0.608	498	17.6	3.46	6	1	2.84	34.01	33.62	33.95	501.46	500.63	0.141	17.433	0.27	33.20	600.0	-0	371	101.8	6.62	-0.000349	1.0	111115
216	"08:51:47"	478.5	-7.86	0.607	498	17.6	3.46	6	1	2.84	34.01	33.63	33.95	501.53	500.59	0.141	17.420	0.27	33.18	600.0	-0	369	101.8	6.62	-0.000349	1.0	111115
217	"08:51:49"	480.0	-7.87	0.606	498	17.6	3.46	6	1	2.84	34.01	33.63	33.95	501.51	500.58	0.142	17.412	0.27	33.16	600.0	-0	368	101.8	6.62	-0.000349	1.0	111115
218	"08:51:50"	481.0	-7.93	0.606	498	17.6	3.46	6	1	2.84	34.02	33.63	33.95	501.47	500.61	0.142	17.408	0.27	33.15	600.0	-0	366	101.8	6.62	-0.000349	1.0	111115
219	"08:51:51"	482.5	-7.94	0.605	498	17.6	3.46	6	1	2.84	34.02	33.63	33.95	501.46	500.61	0.142	17.402	0.27	33.14	600.0	-0	359	101.8	6.62	-0.000349	1.0	111115
220	"08:51:52"	483.5	-8	0.605	498	17.6	3.46	6	1	2.84	34.02	33.63	33.95	501.43	500.64	0.142	17.396	0.27	33.12	600.0	-0	353	101.8	6.62	-0.000349	1.0	111115
221	"08:51:54"	485.0	-7.96	0.604	498	17.5	3.47	6	1	2.84	34.02	33.64	33.96	501.43	500.61	0.142	17.382	0.27	33.09	600.0	-0	343	101.8	6.62	-0.000349	1.0	111115
222	"08:51:55"	486.0	-7.99	0.603	498	17.5	3.47	6	1	2.84	34.02	33.64	33.96	501.42	500.63	0.143	17.374	0.27	33.08	600.0	-0	337	101.8	6.62	-0.000349	1.0	111115
223	"08:51:56"	487.5	-8	0.602	498	17.5	3.47	6	1	2.84	34.02	33.64	33.96	501.43	500.66	0.143	17.364	0.27	33.05	600.0	-0	329	101.8	6.62	-0.000349	1.0	111115
224	"08:51:57"	488.5	-8.15	0.602	499	17.5	3.47	6	1	2.84	34.02	33.64	33.96	501.38	500.76	0.143	17.358	0.27	33.04	600.0	-0	325	101.8	6.62	-0.000349	1.0	111115
225	"08:51:59"	490.0	-8.19	0.601	499	17.5	3.47	6	1	2.84	34.02	33.65	33.96	501.36	500.78	0.143	17.350	0.27	33.02	600.0	-0	322	101.8	6.62	-0.000349	1.0	111115
226	"08:52:00"	491.0	-8.14	0.6	499	17.5	3.47	6	1	2.84	34.02	33.65	33.96	501.37	500.74	0.143	17.344	0.27	33.01	600.0	-0	321	101.8	6.62	-0.000349	1.0	111115
227	"08:52:01"	492.5	-8.15	0.6	499	17.5	3.47	6	1	2.84	34.03	33.65	33.96	501.32	500.71	0.144	17.336	0.27	32.99	600.0	-0	320	101.8	6.62	-0.000349	1.0	111115
228	"08:52:02"	493.5	-8.1	0.599	499	17.5	3.47	6	1	2.84	34.03	33.65	33.96	501.32	500.67	0.144	17.327	0.27	32.97	600.0	-0	320	101.8	6.62	-0.000349	1.0	111115
229	"08:52:04"	495.0	-7.98	0.599	498	17.5	3.48	6	1	2.84	34.03	33.65	33.96	501.41	500.64	0.145	17.316	0.28	32.95	600.0	-0	321	101.8	6.62	-0.000349	1.0	111115
230	"08:52:05"	496.0	-7.98	0.598	498	17.5	3.48	6	1	2.84	34.03	33.65	33.96	501.43	500.67	0.145	17.308	0.28	32.94	600.0	-0	322	101.8	6.62	-0.000349	1.0	111115
231	"08:52:06"	497.5	-7.96	0.597	498	17.5	3.48	6	1	2.84	34.03	33.65	33.96	501.46	500.69	0.144	17.295	0.27	32.91	600.0	-0	324	101.8	6.62	-0.000349	1.0	111115
232	"08:52:07"	498.5	-7.98	0.596	498	17.4	3.48	6	1	2.84	34.03	33.66	33.97	501.44	500.69	0.145	17.287	0.28	32.89	600.0	-0	325	101.8	6.62	-0.000349	1.0	111115
233	"08:52:09"	500.0	-7.91	0.595	498	17.4	3.48	6	1	2.84	34.03	33.66	33.97	501.48	500.65	0.145	17.277	0.28	32.87	600.0	-0	327	101.8	6.62	-0.000349	1.0	111115
234	"08:52:10"	501.0	-7.89	0.595	498	17.4	3.48	6	1	2.84	34.03	33.66	33.97	501.50	500.66	0.145	17.273	0.28	32.86	600.0	-0	330	101.8	6.62	-0.000349	1.0	111115
235	"08:52:11"	502.5	-7.97	0.595	498	17.4	3.48	6	1	2.84	34.03	33.66	33.97	501.49	500.73	0.146	17.269	0.28	32.85	600.0	-0	336	101.8	6.62	-0.000349	1.0	111115
236	"08:52:12"	503.5	-7.94	0.594	498	17.4	3.48	6	1	2.84	34.04	33.66	33.97	501.51	500.73	0.146	17.263	0.28	32.83	600.0	-0	340	101.8	6.62	-0.000349	1.0	111115
237	"08:52:14"	505.0	-8.03	0.594	499	17.4	3.49	6	1	2.84	34.04	33.66	33.97	501.45	500.76	0.146	17.253	0.28	32.81	600.0	-0	343	101.8	6.62	-0.000349	1.0	111115
238	"08:52:15"	506.0	-7.98	0.593	498	17.4	3.49	6	1	2.84	34.04	33.66	33.97	501.47	500.74	0.146	17.243	0.28	32.79	600.0	-0	344	101.8	6.62	-0.000349	1.0	111115
239	"08:52:16"	507.5	-8.21	0.592	499	17.4	3.49	6	1	2.84	34.04	33.67	33.97	501.32	500.82	0.145	17.232	0.28	32.77	600.0	-0	344	101.8	6.62	-0.000349	1.0	111115
240	"08:52:17"	508.5	-8.2	0.591	499	17.4	3.49	6	1	2.84	34.04	33.67	33.97	501.31	500.81	0.146	17.223	0.28	32.75	600.0	-0	344	101.8	6.62	-0.000349	1.0	111115
241	"08:52:19"	510.0	-8.52	0.59	500	17.4	3.49	6	1	2.84	34.04	33.67	33.97	501.00	500.83	0.147	17.213	0.28	32.73	600.0	-0	343	101.8	6.62	-0.000349	1.0	111115
242	"08:52:20"	510.5	-8.65	0.59	501	17.4	3.49	6	1	2.84	34.04	33.67	33.97	500.87	500.82	0.148	17.209	0.28	32.72	600.0	-0	342	101.8	6.62	-0.000349	1.0	111115
243	"08:52:21"	512.0	-8.99	0.59	502	17.4	3.49	6	1	2.84	34.04	33.67	33.98	500.39	500.69	0.148	17.201	0.28	32.70	600.0	-0	338	101.8	6.62	-0.000349	1.0	111115
244	"08:52:22"	512.5	-9.19	0.59	502	17.3	3.49	6	1	2.84	34.04	33.67	33.98	500.21	500.72	0.148	17.197	0.28	32.69	600.0	-0	336	101.8	6.62	-0.000349	1.0	111115
245	"08:52:23"	513.5	-9.25	0.589	502	17.3	3.5	6	1	2.84	34.05	33.67	33.98	500.05	500.62	0.147	17.189	0.28	32.68	600.0	-0	333	101.8	6.62	-0.000349	1.0	111115
