"OPEN 5.3.2"
"Fri Aug  3 2018 12:07:07"
"Unit="	"PSC-895"
"ComputeList="	"/User/Configs/Comps/Default"
"BLCTable="	"/Sys/Lib/StdBLCTable"
"LightSource="	"Sun+Sky"	1	0.19
"LogFormat="	"/User/Configs/LogFormats/Std Output"
"LogCodes="	-35	-21	-36	30	23	36	21	25	-33	-34	-32	-9	-10	-8	-1	-2	-4	-5	-14	-15	-7	-12	-13	-11	-65	-66	-72	-23
"PromptList="	"/User/Configs/Prompts/Default (none)"
"Stability= (CO2S 15s SLP<1)(H2OS 15s SLP<1)(Flow 15s SLP<1)"
"12:07:09 "
$STARTOFDATA$
"Obs"	"HHMMSS"	"FTime"	"Photo"	"Cond"	"Ci"	"Trmmol"	"VpdL"	"Area"	"StmRat"	"BLCond"	"Tair"	"Tleaf"	"TBlk"	"CO2R"	"CO2S"	"H2OR"	"H2OS"	"RH_R"	"RH_S"	"Flow"	"PARi"	"PARo"	"Press"	"CsMch"	"HsMch"	"StableF"	"Status"
1	"12:08:37"	131.0	-5.11	0.106	550	3.88	3.67	6	1	2.84	39.32	38.55	39.28	498.69	501.85	27.607	31.361	39.32	44.67	600.1	-0	1	101.8	13.5	0.0786	0.3	111115
2	"12:08:38"	131.5	-5.15	0.107	550	3.89	3.66	6	1	2.84	39.32	38.55	39.28	498.67	501.87	27.603	31.368	39.32	44.68	600.1	-0	1	101.8	13.5	0.0786	0.3	111115
3	"12:08:39"	133.0	-5.22	0.107	551	3.89	3.66	6	1	2.84	39.31	38.55	39.28	498.65	501.92	27.596	31.366	39.32	44.69	600.0	-0	1	101.8	13.5	0.0786	0.3	111115
4	"12:08:41"	134.5	-5.21	0.107	551	3.9	3.66	6	1	2.84	39.31	38.54	39.27	498.74	502.00	27.584	31.366	39.32	44.71	600.0	-0	1	101.8	13.5	0.0786	0.3	111115
5	"12:08:42"	135.5	-5.12	0.108	549	3.92	3.66	6	1	2.84	39.30	38.54	39.27	498.89	502.05	27.571	31.366	39.31	44.72	600.0	0	1	101.8	13.5	0.0786	0.3	111115
6	"12:08:43"	137.0	-5.01	0.108	547	3.94	3.66	6	1	2.84	39.29	38.53	39.26	499.11	502.14	27.550	31.367	39.30	44.75	600.0	0	1	101.8	13.5	0.0786	0.3	111115
7	"12:08:44"	137.5	-4.92	0.109	545	3.95	3.65	6	1	2.84	39.29	38.52	39.26	499.22	502.15	27.543	31.368	39.30	44.75	600.0	0	1	101.8	13.5	0.0786	0.7	111115
8	"12:08:45"	138.5	-4.97	0.109	546	3.96	3.65	6	1	2.84	39.28	38.51	39.25	499.26	502.24	27.527	31.365	39.29	44.76	600.0	0	1	101.8	13.5	0.0786	0.7	111115
9	"12:08:47"	140.5	-4.9	0.11	545	3.98	3.65	6	1	2.84	39.27	38.50	39.25	499.37	502.27	27.496	31.355	39.26	44.78	600.1	-0	1	101.8	13.5	0.0786	0.7	111115
10	"12:08:48"	141.0	-4.97	0.11	546	3.99	3.65	6	1	2.84	39.27	38.50	39.24	499.36	502.33	27.488	31.351	39.26	44.78	600.1	-0	1	101.8	13.5	0.0786	0.7	111115
11	"12:08:49"	143.0	-5.16	0.111	548	4.01	3.64	6	1	2.84	39.26	38.49	39.23	499.34	502.49	27.455	31.342	39.24	44.79	600.0	-0	1	101.8	13.5	0.0786	0.7	111115
12	"12:08:50"	144.0	-5.38	0.111	551	4.03	3.64	6	1	2.84	39.25	38.48	39.23	499.26	502.62	27.435	31.342	39.22	44.81	600.0	-0	1	101.8	13.5	0.0786	0.7	111115
13	"12:08:52"	145.5	-5.47	0.112	552	4.06	3.64	6	1	2.84	39.24	38.47	39.22	499.30	502.72	27.403	31.334	39.19	44.82	600.0	-0	1	101.8	13.5	0.0786	0.7	111115
14	"12:08:53"	146.5	-5.53	0.113	552	4.08	3.64	6	1	2.84	39.24	38.46	39.22	499.27	502.74	27.382	31.330	39.18	44.82	600.0	-0	1	101.8	13.5	0.0786	0.7	111115
15	"12:08:54"	148.0	-5.48	0.114	551	4.11	3.63	6	1	2.84	39.23	38.45	39.21	499.32	502.74	27.347	31.325	39.14	44.84	600.0	0	1	101.8	13.5	0.0786	0.7	111115
16	"12:08:55"	148.5	-5.55	0.114	552	4.12	3.63	6	1	2.84	39.23	38.45	39.21	499.30	502.77	27.337	31.324	39.13	44.84	600.0	-0	1	101.8	13.5	0.0786	0.7	111115
17	"12:08:56"	149.5	-5.55	0.115	551	4.14	3.63	6	1	2.84	39.22	38.44	39.20	499.32	502.79	27.311	31.318	39.11	44.85	600.0	-0	1	101.8	13.5	0.0786	0.7	111115
18	"12:08:57"	150.5	-5.62	0.115	552	4.16	3.63	6	1	2.84	39.21	38.43	39.20	499.35	502.87	27.283	31.310	39.08	44.85	600.0	-0	1	101.8	13.5	0.0786	0.7	111115
19	"12:08:59"	151.5	-5.76	0.116	554	4.18	3.62	6	1	2.84	39.21	38.42	39.19	499.31	502.97	27.253	31.307	39.05	44.86	600.0	-0	1	101.8	13.5	0.0786	0.7	111115
20	"12:09:00"	153.0	-5.86	0.118	554	4.23	3.62	6	1	2.84	39.20	38.41	39.18	499.30	503.04	27.207	31.303	39.00	44.87	600.0	-0	1	101.8	13.5	0.0786	0.7	111115
21	"12:09:01"	154.0	-6.04	0.119	556	4.26	3.62	6	1	2.84	39.19	38.40	39.18	499.27	503.16	27.173	31.299	38.97	44.88	600.0	-0	1	101.8	13.5	0.0786	0.7	111115
22	"12:09:02"	155.0	-6.03	0.12	555	4.29	3.62	6	1	2.84	39.19	38.40	39.17	499.33	503.20	27.135	31.292	38.92	44.89	600.0	-0	1	101.8	13.5	0.0786	0.7	111115
23	"12:09:03"	156.0	-6.05	0.121	555	4.33	3.62	6	1	2.84	39.18	38.40	39.17	499.37	503.25	27.092	31.283	38.88	44.89	600.0	0	1	101.8	13.5	0.0786	0.7	111115
24	"12:09:04"	157.0	-6.16	0.122	556	4.37	3.61	6	1	2.84	39.18	38.39	39.17	499.38	503.35	27.047	31.277	38.82	44.89	600.1	0	1	101.8	13.5	0.0786	0.7	111115
25	"12:09:05"	158.0	-6.18	0.123	555	4.41	3.61	6	1	2.84	39.17	38.38	39.16	499.40	503.35	26.999	31.272	38.76	44.90	600.0	0	1	101.8	13.5	0.0786	0.7	111115
26	"12:09:06"	159.0	-6.17	0.125	554	4.45	3.61	6	1	2.84	39.17	38.38	39.16	499.44	503.37	26.955	31.268	38.71	44.91	600.0	0	1	101.8	13.5	0.0786	0.7	111115
27	"12:09:07"	161.0	-6.09	0.126	552	4.51	3.61	6	1	2.84	39.15	38.36	39.15	499.60	503.42	26.894	31.260	38.65	44.92	600.0	-0	1	101.8	13.5	0.0786	0.7	111115
28	"12:09:09"	162.5	-6.19	0.127	553	4.53	3.6	6	1	2.84	39.15	38.35	39.14	499.56	503.47	26.869	31.254	38.63	44.93	600.0	-0	1	101.8	13.5	0.0786	0.7	111115
29	"12:09:10"	163.5	-6.28	0.127	554	4.54	3.6	6	1	2.84	39.14	38.35	39.13	499.54	503.54	26.856	31.250	38.62	44.94	600.0	-0	1	101.8	13.5	0.0786	0.7	111115
30	"12:09:11"	165.0	-6.32	0.128	554	4.56	3.6	6	1	2.84	39.13	38.33	39.13	499.52	503.54	26.838	31.256	38.61	44.97	600.0	-0	1	101.8	13.5	0.0786	0.7	111115
31	"12:09:12"	166.0	-6.29	0.129	554	4.57	3.59	6	1	2.84	39.13	38.33	39.12	499.59	503.57	26.824	31.254	38.60	44.98	600.0	-0	1	101.8	13.5	0.0786	0.7	111115
32	"12:09:14"	167.5	-6.28	0.13	553	4.6	3.59	6	1	2.84	39.12	38.31	39.11	499.61	503.57	26.807	31.260	38.60	45.01	600.0	-0	1	101.8	13.5	0.0786	0.7	111115
33	"12:09:15"	168.5	-6.36	0.13	554	4.61	3.58	6	1	2.84	39.11	38.30	39.11	499.61	503.65	26.794	31.261	38.59	45.02	600.0	0	1	101.8	13.5	0.0786	0.7	111115
34	"12:09:16"	170.0	-6.42	0.131	554	4.63	3.58	6	1	2.84	39.10	38.29	39.10	499.60	503.68	26.778	31.266	38.58	45.05	600.0	0	1	101.8	13.5	0.0786	0.7	111115
35	"12:09:17"	171.0	-6.48	0.132	554	4.65	3.58	6	1	2.84	39.10	38.28	39.10	499.58	503.73	26.766	31.272	38.58	45.07	600.0	0	1	101.8	13.5	0.0786	0.7	111115
36	"12:09:19"	172.5	-6.44	0.133	553	4.69	3.57	6	1	2.84	39.09	38.28	39.09	499.61	503.68	26.748	31.289	38.57	45.12	600.0	0	1	101.8	13.5	0.0786	0.7	111115
37	"12:09:20"	173.5	-6.45	0.134	553	4.72	3.57	6	1	2.84	39.08	38.27	39.08	499.61	503.68	26.734	31.301	38.56	45.15	600.0	-0	1	101.8	13.5	0.0786	0.7	111115
38	"12:09:21"	175.0	-6.56	0.135	554	4.75	3.56	6	1	2.84	39.08	38.27	39.08	499.57	503.74	26.714	31.320	38.55	45.20	600.0	-0	1	101.8	13.5	0.0786	0.7	111115
39	"12:09:22"	176.0	-6.58	0.136	553	4.78	3.56	6	1	2.84	39.07	38.26	39.07	499.60	503.77	26.700	31.326	38.54	45.22	600.1	-0	1	101.8	13.5	0.0786	0.7	111115
40	"12:09:24"	177.5	-6.59	0.137	553	4.8	3.56	6	1	2.84	39.06	38.25	39.06	499.65	503.82	26.681	31.332	38.53	45.25	600.0	-0	1	101.8	13.5	0.0786	0.7	111115
41	"12:09:25"	178.5	-6.6	0.138	553	4.82	3.55	6	1	2.84	39.06	38.24	39.06	499.66	503.83	26.669	31.337	38.52	45.27	600.1	-0	1	101.8	13.5	0.0786	0.7	111115
42	"12:09:26"	180.0	-6.67	0.138	553	4.84	3.55	6	1	2.84	39.05	38.24	39.05	499.57	503.80	26.652	31.341	38.52	45.29	600.0	-0	1	101.8	13.5	0.0786	0.7	111115
43	"12:09:27"	181.0	-6.84	0.139	555	4.85	3.55	6	1	2.84	39.04	38.23	39.05	499.48	503.87	26.640	31.342	38.51	45.31	600.0	-0	1	101.8	13.5	0.0786	0.7	111115
44	"12:09:29"	182.5	-6.88	0.14	555	4.87	3.55	6	1	2.84	39.03	38.22	39.04	499.50	503.92	26.623	31.341	38.50	45.33	599.9	-0	1	101.8	13.5	0.0786	0.7	111115
45	"12:09:30"	183.5	-6.9	0.14	555	4.88	3.54	6	1	2.84	39.03	38.22	39.03	499.52	503.96	26.612	31.342	38.50	45.34	599.9	-0	1	101.8	13.5	0.0786	0.7	111115
46	"12:09:31"	185.0	-6.71	0.141	553	4.91	3.54	6	1	2.84	39.02	38.21	39.03	499.63	503.87	26.595	31.348	38.49	45.37	600.0	-0	1	101.8	13.5	0.0786	0.7	111115
47	"12:09:32"	186.0	-6.65	0.141	552	4.92	3.54	6	1	2.84	39.02	38.20	39.02	499.63	503.80	26.582	31.350	38.48	45.39	600.0	0	1	101.8	13.5	0.0786	1.0	111115
48	"12:09:34"	187.5	-6.64	0.142	551	4.94	3.53	6	1	2.84	39.01	38.19	39.01	499.63	503.78	26.563	31.349	38.47	45.41	600.0	-0	1	101.8	13.5	0.0786	1.0	111115
49	"12:09:35"	188.5	-6.71	0.143	552	4.96	3.53	6	1	2.84	39.00	38.19	39.01	499.64	503.84	26.551	31.352	38.47	45.42	600.0	-0	1	101.8	13.5	0.0786	1.0	111115
50	"12:09:36"	190.0	-6.86	0.143	553	4.97	3.53	6	1	2.84	38.99	38.18	39.00	499.56	503.92	26.533	31.349	38.46	45.44	600.1	-0	1	101.8	13.5	0.0786	1.0	111115
51	"12:09:37"	191.0	-6.95	0.143	554	4.98	3.53	6	1	2.84	38.99	38.18	39.00	499.53	503.97	26.521	31.342	38.45	45.44	600.0	-0	1	101.8	13.5	0.0786	1.0	111115
52	"12:09:39"	192.5	-6.95	0.144	554	5	3.53	6	1	2.84	38.98	38.17	38.99	499.51	503.94	26.503	31.342	38.44	45.46	600.0	-0	1	101.8	13.5	0.0786	1.0	111115
53	"12:09:40"	193.5	-6.93	0.145	553	5.01	3.52	6	1	2.84	38.98	38.16	38.98	499.57	503.98	26.489	31.347	38.43	45.48	600.0	-0	1	101.8	13.5	0.0786	1.0	111115
54	"12:09:41"	195.0	-6.77	0.145	551	5.03	3.52	6	1	2.84	38.97	38.15	38.98	499.60	503.85	26.471	31.343	38.42	45.50	600.0	0	1	101.8	13.5	0.0786	1.0	111115
55	"12:09:42"	196.0	-6.79	0.146	551	5.04	3.52	6	1	2.84	38.96	38.15	38.97	499.59	503.84	26.459	31.344	38.41	45.51	600.0	0	1	101.8	13.5	0.0786	1.0	111115
56	"12:09:44"	197.5	-6.88	0.147	552	5.06	3.52	6	1	2.84	38.96	38.14	38.96	499.56	503.90	26.442	31.343	38.41	45.53	600.0	-0	1	101.8	13.5	0.0786	1.0	111115
57	"12:09:45"	198.5	-6.9	0.147	552	5.08	3.51	6	1	2.84	38.95	38.13	38.96	499.59	503.93	26.431	31.348	38.40	45.55	600.0	-0	1	101.8	13.5	0.0786	1.0	111115
58	"12:09:46"	200.0	-6.86	0.148	551	5.1	3.51	6	1	2.84	38.94	38.11	38.95	499.61	503.90	26.413	31.358	38.39	45.58	600.0	-0	1	101.8	13.5	0.0786	1.0	111115
59	"12:09:47"	201.0	-6.79	0.149	550	5.12	3.5	6	1	2.84	38.94	38.11	38.95	499.65	503.86	26.402	31.359	38.38	45.59	600.0	-0	1	101.8	13.5	0.0786	1.0	111115
60	"12:09:49"	202.5	-6.86	0.15	550	5.14	3.5	6	1	2.84	38.93	38.10	38.94	499.65	503.92	26.384	31.367	38.38	45.62	600.0	-0	1	101.8	13.5	0.0786	1.0	111115
61	"12:09:50"	203.5	-6.96	0.15	551	5.16	3.5	6	1	2.84	38.92	38.09	38.94	499.63	503.99	26.375	31.371	38.37	45.64	600.1	-0	1	101.8	13.5	0.0786	1.0	111115
62	"12:09:51"	205.0	-7.18	0.152	553	5.19	3.49	6	1	2.84	38.92	38.08	38.93	499.52	504.08	26.358	31.380	38.36	45.67	600.1	-0	1	101.8	13.5	0.0786	1.0	111115
63	"12:09:52"	206.0	-7.32	0.152	554	5.2	3.49	6	1	2.84	38.91	38.08	38.92	499.44	504.14	26.348	31.382	38.36	45.69	600.0	-0	1	101.8	13.5	0.0786	1.0	111115
64	"12:09:54"	207.5	-7.26	0.153	553	5.22	3.49	6	1	2.84	38.90	38.07	38.92	499.46	504.09	26.330	31.387	38.35	45.71	600.0	-0	1	101.8	13.5	0.0786	1.0	111115
65	"12:09:55"	208.5	-7.22	0.153	553	5.23	3.48	6	1	2.84	38.90	38.06	38.91	499.48	504.06	26.320	31.388	38.34	45.73	600.0	-0	1	101.8	13.5	0.0786	1.0	111115
66	"12:09:56"	210.0	-7.1	0.154	551	5.26	3.48	6	1	2.84	38.89	38.05	38.91	499.54	503.99	26.301	31.391	38.33	45.75	600.1	-0	1	101.8	13.5	0.0786	1.0	111115
67	"12:09:57"	211.0	-7.14	0.155	551	5.27	3.48	6	1	2.84	38.89	38.05	38.90	499.54	504.02	26.290	31.398	38.33	45.78	600.0	0	1	101.8	13.5	0.0786	1.0	111115
68	"12:09:59"	212.5	-7.17	0.156	551	5.3	3.47	6	1	2.84	38.88	38.04	38.89	499.52	504.02	26.273	31.408	38.32	45.81	600.0	0	1	101.8	13.5	0.0786	1.0	111115
69	"12:10:00"	213.5	-7.14	0.157	550	5.32	3.47	6	1	2.84	38.87	38.03	38.89	499.56	504.01	26.261	31.417	38.31	45.84	600.0	-0	1	101.8	13.5	0.0786	1.0	111115
70	"12:10:01"	215.0	-7.41	0.158	553	5.35	3.47	6	1	2.84	38.86	38.03	38.88	499.42	504.13	26.244	31.427	38.31	45.87	600.1	-0	1	101.8	13.5	0.0786	1.0	111115
71	"12:10:02"	216.0	-7.32	0.158	552	5.37	3.47	6	1	2.84	38.86	38.03	38.88	499.51	504.12	26.234	31.431	38.30	45.89	600.1	-0	1	101.8	13.5	0.0786	1.0	111115
72	"12:10:04"	217.5	-7.48	0.159	553	5.39	3.46	6	1	2.84	38.85	38.02	38.87	499.42	504.18	26.217	31.437	38.29	45.92	600.1	-0	1	101.8	13.5	0.0786	1.0	111115
73	"12:10:05"	218.5	-7.4	0.16	552	5.4	3.46	6	1	2.84	38.85	38.01	38.86	499.44	504.11	26.207	31.435	38.29	45.93	600.0	-0	1	101.8	13.5	0.0786	1.0	111115
74	"12:10:06"	220.0	-7.37	0.161	551	5.41	3.45	6	1	2.84	38.84	37.99	38.86	499.44	504.08	26.192	31.437	38.28	45.95	600.0	0	1	101.8	13.5	0.0786	1.0	111115
75	"12:10:07"	221.0	-7.27	0.161	550	5.42	3.45	6	1	2.84	38.83	37.98	38.85	499.50	504.04	26.181	31.433	38.28	45.96	600.0	0	1	101.8	13.5	0.0786	1.0	111115
76	"12:10:09"	222.5	-7.03	0.161	547	5.44	3.45	6	1	2.84	38.83	37.98	38.84	499.65	503.94	26.165	31.431	38.27	45.97	599.9	0	1	101.8	13.5	0.0786	1.0	111115
77	"12:10:10"	223.5	-7.09	0.162	548	5.45	3.45	6	1	2.84	38.82	37.97	38.84	499.64	503.98	26.154	31.430	38.27	45.99	599.9	0	1	101.8	13.5	0.0786	1.0	111115
78	"12:10:11"	225.0	-7.15	0.163	548	5.47	3.44	6	1	2.84	38.81	37.96	38.83	499.58	503.97	26.138	31.436	38.26	46.02	600.0	0	1	101.8	13.5	0.0786	1.0	111115
79	"12:10:12"	226.0	-7.35	0.163	550	5.49	3.44	6	1	2.84	38.81	37.95	38.83	499.48	504.07	26.129	31.441	38.26	46.04	600.0	0	1	101.8	13.5	0.0786	1.0	111115
80	"12:10:14"	227.5	-7.18	0.165	548	5.51	3.43	6	1	2.84	38.80	37.94	38.82	499.53	503.94	26.112	31.451	38.25	46.07	600.1	-0	1	101.8	13.5	0.0786	1.0	111115
81	"12:10:15"	228.5	-7.17	0.165	547	5.53	3.43	6	1	2.84	38.79	37.94	38.81	499.54	503.93	26.101	31.453	38.25	46.09	600.1	0	1	101.8	13.5	0.0786	1.0	111115
82	"12:10:16"	230.0	-6.95	0.166	545	5.55	3.43	6	1	2.84	38.78	37.93	38.81	499.68	503.84	26.085	31.460	38.24	46.12	600.1	0	1	101.8	13.5	0.0786	1.0	111115
83	"12:10:17"	231.0	-7.02	0.167	545	5.56	3.42	6	1	2.84	38.78	37.92	38.80	499.70	503.92	26.076	31.463	38.24	46.14	600.0	-0	1	101.8	13.5	0.0786	1.0	111115
84	"12:10:19"	232.5	-7.02	0.167	545	5.57	3.42	6	1	2.84	38.77	37.91	38.79	499.71	503.92	26.063	31.456	38.23	46.15	600.0	-0	1	101.8	13.5	0.0786	1.0	111115
85	"12:10:20"	233.5	-7.07	0.167	546	5.57	3.42	6	1	2.84	38.76	37.90	38.79	499.66	503.93	26.050	31.447	38.23	46.15	600.0	-0	1	101.8	13.5	0.0786	1.0	111115
86	"12:10:21"	235.0	-7.1	0.168	546	5.58	3.42	6	1	2.84	38.76	37.89	38.78	499.61	503.90	26.034	31.439	38.22	46.16	599.9	-0	1	101.8	13.5	0.0786	1.0	111115
87	"12:10:22"	236.0	-7.13	0.168	546	5.58	3.41	6	1	2.84	38.75	37.88	38.78	499.60	503.91	26.022	31.432	38.22	46.16	600.0	-0	1	101.8	13.5	0.0786	1.0	111115
88	"12:10:23"	236.5	-7.15	0.168	546	5.58	3.41	6	1	2.84	38.75	37.88	38.77	499.60	503.93	26.017	31.427	38.21	46.16	600.0	-0	1	101.8	13.5	0.0786	1.0	111115
89	"12:10:25"	238.5	-7.14	0.168	546	5.6	3.41	6	1	2.84	38.74	37.87	38.76	499.62	503.93	25.996	31.418	38.21	46.17	600.0	0	1	101.8	13.5	0.0786	1.0	111115
90	"12:10:26"	239.0	-7.17	0.169	546	5.6	3.41	6	1	2.84	38.73	37.87	38.76	499.60	503.95	25.991	31.416	38.20	46.18	600.0	0	1	101.8	13.5	0.0786	1.0	111115
91	"12:10:27"	240.0	-7.24	0.169	547	5.61	3.41	6	1	2.84	38.73	37.86	38.76	499.57	503.98	25.980	31.414	38.20	46.19	600.0	-0	1	101.8	13.5	0.0786	1.0	111115
92	"12:10:28"	242.0	-7.37	0.17	548	5.63	3.41	6	1	2.84	38.72	37.85	38.75	499.48	504.02	25.957	31.409	38.19	46.21	600.0	0	1	101.8	13.5	0.0786	1.0	111115
93	"12:10:29"	243.0	-7.39	0.17	548	5.63	3.4	6	1	2.84	38.71	37.84	38.74	499.50	504.05	25.946	31.403	38.18	46.21	600.0	-0	1	101.8	13.5	0.0786	1.0	111115
94	"12:10:31"	244.5	-7.39	0.171	547	5.65	3.4	6	1	2.84	38.70	37.83	38.73	499.49	504.02	25.931	31.406	38.18	46.24	600.0	-0	1	101.8	13.5	0.0786	1.0	111115
95	"12:10:32"	245.0	-7.37	0.171	547	5.66	3.4	6	1	2.84	38.70	37.82	38.73	499.49	504.01	25.925	31.406	38.18	46.25	600.0	-0	1	101.8	13.5	0.0786	1.0	111115
96	"12:10:33"	246.0	-7.32	0.172	547	5.67	3.39	6	1	2.84	38.69	37.82	38.73	499.52	503.98	25.915	31.403	38.17	46.26	600.0	-0	1	101.8	13.5	0.0786	1.0	111115
97	"12:10:34"	248.0	-7.13	0.173	544	5.69	3.39	6	1	2.84	38.68	37.80	38.72	499.59	503.84	25.894	31.402	38.17	46.29	600.1	-0	1	101.8	13.5	0.0786	1.0	111115
98	"12:10:35"	249.0	-7.12	0.173	544	5.69	3.39	6	1	2.84	38.68	37.80	38.71	499.60	503.85	25.884	31.395	38.16	46.29	600.2	-0	1	101.8	13.5	0.0786	1.0	111115
99	"12:10:37"	250.5	-7.11	0.173	544	5.7	3.39	6	1	2.84	38.67	37.79	38.70	499.58	503.81	25.869	31.390	38.16	46.30	600.1	-0	1	101.8	13.5	0.0786	1.0	111115
100	"12:10:38"	252.0	-7.25	0.173	545	5.71	3.38	6	1	2.84	38.66	37.78	38.70	499.50	503.88	25.852	31.380	38.15	46.30	600.0	-0	1	101.8	13.5	0.0786	1.0	111115
101	"12:10:39"	252.5	-7.25	0.174	545	5.71	3.38	6	1	2.84	38.66	37.78	38.69	499.50	503.87	25.847	31.377	38.14	46.30	600.0	-0	1	101.8	13.5	0.0786	1.0	111115
102	"12:10:41"	254.5	-7.5	0.174	547	5.72	3.38	6	1	2.84	38.65	37.76	38.68	499.40	504.02	25.824	31.365	38.13	46.31	600.0	0	1	101.8	13.5	0.0786	1.0	111115
103	"12:10:42"	255.5	-7.4	0.174	546	5.72	3.38	6	1	2.84	38.64	37.76	38.68	499.45	503.97	25.815	31.358	38.13	46.32	600.0	-0	1	101.8	13.5	0.0786	1.0	111115
104	"12:10:43"	257.0	-7.38	0.174	546	5.73	3.38	6	1	2.84	38.64	37.75	38.67	499.45	503.94	25.800	31.346	38.12	46.32	599.9	-0	1	101.8	13.5	0.0786	1.0	111115
105	"12:10:44"	258.0	-7.28	0.175	545	5.73	3.37	6	1	2.84	38.63	37.74	38.66	499.51	503.90	25.788	31.340	38.12	46.33	600.0	0	1	101.8	13.5	0.0786	1.0	111115
106	"12:10:46"	259.5	-7.21	0.175	544	5.74	3.37	6	1	2.84	38.62	37.73	38.66	499.54	503.86	25.772	31.331	38.11	46.33	600.0	0	1	101.8	13.5	0.0786	1.0	111115
107	"12:10:47"	260.5	-7.1	0.176	543	5.75	3.37	6	1	2.84	38.62	37.73	38.65	499.65	503.85	25.762	31.331	38.11	46.35	600.0	0	1	101.8	13.5	0.0786	1.0	111115
108	"12:10:48"	262.0	-7	0.176	542	5.75	3.37	6	1	2.84	38.61	37.72	38.64	499.72	503.82	25.748	31.321	38.11	46.36	600.0	0	1	101.8	13.5	0.0786	1.0	111115
109	"12:10:50"	263.5	-7	0.177	542	5.77	3.36	6	1	2.84	38.60	37.71	38.64	499.72	503.81	25.733	31.322	38.10	46.38	600.0	0	1	101.8	13.5	0.0786	1.0	111115
110	"12:10:51"	264.5	-7.08	0.177	542	5.78	3.36	6	1	2.84	38.59	37.70	38.63	499.64	503.80	25.721	31.324	38.10	46.39	600.0	0	1	101.8	13.5	0.0786	1.0	111115
111	"12:10:52"	265.0	-7.15	0.177	543	5.79	3.36	6	1	2.84	38.59	37.70	38.63	499.61	503.84	25.716	31.324	38.09	46.40	600.0	0	1	101.8	13.5	0.0786	1.0	111115
112	"12:10:53"	267.0	-7.27	0.178	544	5.81	3.36	6	1	2.84	38.58	37.69	38.62	499.56	503.90	25.695	31.324	38.09	46.43	600.0	-0	1	101.8	13.5	0.0786	1.0	111115
113	"12:10:55"	268.5	-7.32	0.179	544	5.82	3.36	6	1	2.84	38.57	37.68	38.61	499.55	503.93	25.680	31.313	38.08	46.43	600.1	-0	1	101.8	13.5	0.0786	1.0	111115
114	"12:10:56"	269.5	-7.32	0.179	544	5.82	3.35	6	1	2.84	38.57	37.68	38.61	499.56	503.94	25.668	31.306	38.07	46.44	600.1	-0	1	101.8	13.5	0.0786	1.0	111115
115	"12:10:57"	271.0	-7.29	0.179	544	5.82	3.35	6	1	2.84	38.56	37.67	38.60	499.58	503.94	25.652	31.288	38.07	46.43	600.1	0	1	101.8	13.5	0.0786	1.0	111115
116	"12:10:58"	272.0	-7.3	0.179	544	5.82	3.35	6	1	2.84	38.55	37.67	38.59	499.58	503.95	25.640	31.279	38.06	46.43	600.1	0	1	101.8	13.5	0.0786	1.0	111115
117	"12:11:00"	273.5	-7.34	0.179	544	5.81	3.35	6	1	2.84	38.55	37.66	38.59	499.57	503.98	25.626	31.257	38.05	46.42	600.0	0	1	101.8	13.5	0.0786	1.0	111115
118	"12:11:01"	274.5	-7.36	0.179	545	5.81	3.35	6	1	2.84	38.54	37.65	38.58	499.54	503.97	25.616	31.244	38.05	46.41	599.9	-0	1	101.8	13.5	0.0786	1.0	111115
119	"12:11:02"	276.0	-7.31	0.178	544	5.8	3.35	6	1	2.84	38.53	37.64	38.57	499.54	503.93	25.601	31.220	38.04	46.39	599.9	-0	1	101.8	13.5	0.0786	1.0	111115
120	"12:11:03"	277.0	-7.36	0.178	545	5.8	3.35	6	1	2.84	38.53	37.64	38.57	499.51	503.95	25.591	31.209	38.04	46.39	600.0	-0	1	101.8	13.5	0.0786	1.0	111115
121	"12:11:04"	277.5	-7.39	0.178	545	5.79	3.35	6	1	2.84	38.52	37.63	38.57	499.50	503.98	25.585	31.199	38.04	46.38	600.0	-0	1	101.8	13.5	0.0786	1.0	111115
122	"12:11:06"	278.5	-7.4	0.178	545	5.78	3.35	6	1	2.84	38.52	37.63	38.56	499.48	503.96	25.573	31.177	38.03	46.36	600.0	-0	1	101.8	13.5	0.0786	1.0	111115
123	"12:11:08"	281.5	-7.36	0.177	545	5.75	3.35	6	1	2.84	38.50	37.61	38.55	499.53	503.99	25.543	31.117	38.02	46.31	600.0	0	1	101.8	13.5	0.0786	1.0	111115
124	"12:11:09"	282.5	-7.28	0.177	545	5.74	3.35	6	1	2.84	38.50	37.60	38.54	499.59	503.98	25.535	31.099	38.01	46.30	600.1	0	1	101.8	13.5	0.0786	1.0	111115
125	"12:11:10"	284.0	-7.16	0.176	544	5.73	3.35	6	1	2.84	38.49	37.60	38.54	499.65	503.92	25.519	31.071	38.01	46.27	600.1	0	1	101.8	13.5	0.0786	1.0	111115
126	"12:11:11"	285.0	-7.1	0.176	543	5.72	3.35	6	1	2.84	38.49	37.59	38.53	499.68	503.90	25.509	31.052	38.00	46.26	600.0	0	1	101.8	13.5	0.0786	1.0	111115
127	"12:11:13"	286.5	-7.14	0.176	544	5.71	3.35	6	1	2.84	38.48	37.58	38.52	499.68	503.95	25.494	31.027	37.99	46.24	600.0	-0	1	101.8	13.5	0.0786	1.0	111115
128	"12:11:14"	287.5	-7.16	0.176	544	5.71	3.35	6	1	2.84	38.47	37.57	38.52	499.69	503.97	25.484	31.016	37.99	46.24	600.0	0	1	101.8	13.5	0.0786	1.0	111115
129	"12:11:15"	289.0	-7.22	0.175	545	5.7	3.34	6	1	2.84	38.47	37.56	38.51	499.65	504.00	25.470	30.992	37.98	46.22	599.9	0	1	101.8	13.5	0.0786	0.7	111115
130	"12:11:16"	290.0	-7.21	0.175	545	5.69	3.34	6	1	2.84	38.46	37.55	38.51	499.63	503.98	25.461	30.978	37.98	46.21	599.9	0	1	101.8	13.5	0.0786	0.7	111115
131	"12:11:18"	291.5	-7.39	0.175	546	5.69	3.34	6	1	2.84	38.45	37.55	38.50	499.50	504.02	25.444	30.960	37.97	46.20	600.1	-0	1	101.8	13.5	0.0786	0.7	111115
132	"12:11:19"	292.5	-7.41	0.175	546	5.69	3.35	6	1	2.84	38.45	37.55	38.50	499.48	504.02	25.433	30.950	37.96	46.20	600.1	-0	1	101.8	13.5	0.0786	0.7	111115
133	"12:11:20"	294.0	-7.4	0.175	546	5.7	3.34	6	1	2.84	38.44	37.54	38.49	499.50	504.03	25.418	30.938	37.96	46.20	600.1	-0	1	101.8	13.5	0.0786	1.0	111115
134	"12:11:21"	295.0	-7.29	0.175	545	5.69	3.34	6	1	2.84	38.44	37.54	38.49	499.58	504.00	25.410	30.926	37.95	46.19	600.1	-0	1	101.8	13.5	0.0786	1.0	111115
135	"12:11:23"	296.5	-7.28	0.175	545	5.69	3.34	6	1	2.84	38.43	37.54	38.48	499.61	504.02	25.396	30.914	37.95	46.19	600.0	-0	1	101.8	13.5	0.0786	1.0	111115
136	"12:11:24"	297.5	-7.23	0.175	545	5.7	3.34	6	1	2.84	38.42	37.53	38.48	499.60	503.96	25.384	30.905	37.94	46.19	600.0	-0	1	101.8	13.5	0.0786	1.0	111115
137	"12:11:25"	299.0	-7.27	0.176	545	5.71	3.34	6	1	2.84	38.42	37.52	38.47	499.59	503.98	25.368	30.900	37.93	46.20	599.9	-0	1	101.8	13.5	0.0786	1.0	111115
138	"12:11:26"	300.0	-7.32	0.176	545	5.71	3.34	6	1	2.84	38.41	37.52	38.46	499.59	504.03	25.359	30.895	37.93	46.21	599.9	-0	1	101.8	13.5	0.0786	1.0	111115
139	"12:11:28"	301.5	-7.29	0.176	545	5.72	3.34	6	1	2.84	38.41	37.51	38.46	499.64	504.05	25.347	30.887	37.92	46.21	599.9	0	1	101.8	13.5	0.0786	1.0	111115
140	"12:11:29"	302.5	-7.32	0.177	545	5.72	3.34	6	1	2.84	38.40	37.51	38.45	499.62	504.05	25.338	30.883	37.92	46.22	600.0	-0	1	101.8	13.5	0.0786	1.0	111115
141	"12:11:30"	304.0	-7.19	0.177	544	5.73	3.34	6	1	2.84	38.39	37.50	38.45	499.68	503.98	25.325	30.874	37.92	46.22	600.1	0	1	101.8	13.5	0.0786	1.0	111115
142	"12:11:31"	305.0	-7.24	0.177	544	5.73	3.33	6	1	2.84	38.39	37.49	38.44	499.66	504.01	25.315	30.871	37.91	46.23	600.2	0	1	101.8	13.5	0.0786	1.0	111115
143	"12:11:33"	306.5	-7.22	0.178	544	5.75	3.33	6	1	2.84	38.38	37.47	38.43	499.67	504.00	25.299	30.869	37.90	46.24	600.1	0	1	101.8	13.5	0.0786	1.0	111115
144	"12:11:34"	307.5	-7.28	0.179	544	5.76	3.32	6	1	2.84	38.38	37.46	38.43	499.62	504.00	25.288	30.875	37.89	46.26	600.0	-0	1	101.8	13.5	0.0786	1.0	111115
145	"12:11:35"	309.0	-7.33	0.18	544	5.78	3.32	6	1	2.84	38.37	37.45	38.42	499.59	504.01	25.276	30.881	37.89	46.29	599.9	-0	1	101.8	13.5	0.0786	1.0	111115
146	"12:11:36"	309.5	-7.36	0.18	544	5.79	3.32	6	1	2.84	38.37	37.45	38.42	499.57	504.01	25.270	30.881	37.89	46.30	599.9	-0	1	101.8	13.5	0.0786	1.0	111115
147	"12:11:38"	311.5	-7.38	0.181	545	5.81	3.32	6	1	2.84	38.36	37.44	38.41	499.61	504.06	25.254	30.880	37.88	46.32	599.9	0	1	101.8	13.5	0.0786	1.0	111115
148	"12:11:39"	312.5	-7.34	0.181	544	5.81	3.31	6	1	2.84	38.35	37.44	38.41	499.61	504.02	25.244	30.878	37.88	46.33	600.0	0	1	101.8	13.5	0.0786	1.0	111115
149	"12:11:40"	314.0	-7.35	0.182	544	5.83	3.31	6	1	2.84	38.35	37.43	38.40	499.62	504.03	25.230	30.884	37.87	46.36	600.0	0	1	101.8	13.5	0.0786	1.0	111115
150	"12:11:41"	315.0	-7.29	0.182	543	5.85	3.31	6	1	2.84	38.34	37.43	38.40	499.63	503.97	25.221	30.887	37.87	46.37	600.0	0	1	101.8	13.5	0.0786	1.0	111115
151	"12:11:43"	316.5	-7.3	0.183	543	5.86	3.31	6	1	2.84	38.33	37.42	38.39	499.64	503.98	25.205	30.888	37.86	46.39	600.0	0	1	101.8	13.5	0.0786	1.0	111115
152	"12:11:44"	317.5	-7.25	0.184	542	5.88	3.3	6	1	2.84	38.33	37.41	38.39	499.68	503.96	25.194	30.893	37.85	46.41	600.0	0	1	101.8	13.5	0.0786	1.0	111115
153	"12:11:45"	319.0	-7.34	0.185	543	5.91	3.3	6	1	2.84	38.32	37.39	38.38	499.58	503.95	25.179	30.905	37.85	46.45	600.0	-0	1	101.8	13.5	0.0786	1.0	111115
154	"12:11:46"	320.0	-7.23	0.186	541	5.93	3.29	6	1	2.84	38.32	37.39	38.37	499.61	503.86	25.171	30.914	37.84	46.48	600.1	-0	1	101.8	13.5	0.0786	1.0	111115
155	"12:11:48"	321.5	-7.44	0.187	543	5.95	3.29	6	1	2.84	38.31	37.39	38.37	499.49	503.94	25.156	30.919	37.84	46.50	600.1	0	1	101.8	13.5	0.0786	1.0	111115
156	"12:11:49"	322.5	-7.44	0.188	543	5.97	3.29	6	1	2.84	38.30	37.39	38.36	499.50	503.94	25.146	30.927	37.83	46.53	600.1	-0	1	101.8	13.5	0.0786	1.0	111115
157	"12:11:50"	324.0	-7.48	0.189	543	5.99	3.28	6	1	2.84	38.30	37.37	38.36	499.52	503.98	25.132	30.937	37.83	46.56	599.9	0	1	101.8	13.5	0.0786	1.0	111115
158	"12:11:51"	325.0	-7.36	0.19	541	6.01	3.28	6	1	2.84	38.29	37.36	38.35	499.59	503.92	25.122	30.948	37.82	46.59	600.0	0	1	101.8	13.5	0.0786	1.0	111115
159	"12:11:53"	326.5	-7.36	0.191	541	6.04	3.28	6	1	2.84	38.28	37.35	38.34	499.57	503.88	25.107	30.961	37.81	46.63	600.0	0	1	101.8	13.5	0.0786	1.0	111115
160	"12:11:54"	327.5	-7.43	0.192	541	6.06	3.27	6	1	2.84	38.28	37.35	38.34	499.53	503.90	25.096	30.970	37.81	46.66	600.1	0	1	101.8	13.5	0.0786	1.0	111115
161	"12:11:55"	329.0	-7.36	0.193	540	6.09	3.27	6	1	2.84	38.27	37.35	38.33	499.55	503.84	25.083	30.984	37.80	46.70	600.1	-0	1	101.8	13.5	0.0786	1.0	111115
162	"12:11:56"	329.5	-7.33	0.193	540	6.1	3.27	6	1	2.84	38.27	37.35	38.33	499.59	503.84	25.078	30.990	37.80	46.71	600.1	-0	1	101.8	13.5	0.0786	1.0	111115
163	"12:11:57"	331.0	-7.19	0.194	539	6.12	3.26	6	1	2.84	38.26	37.34	38.32	499.70	503.80	25.066	30.999	37.80	46.74	600.0	0	1	101.8	13.5	0.0786	1.0	111115
164	"12:11:58"	331.5	-7.15	0.195	538	6.13	3.26	6	1	2.84	38.26	37.33	38.32	499.73	503.80	25.061	30.997	37.80	46.75	599.9	-0	1	101.8	13.5	0.0786	1.0	111115
165	"12:11:59"	332.5	-7.25	0.195	539	6.14	3.26	6	1	2.84	38.25	37.32	38.31	499.72	503.87	25.051	31.001	37.79	46.77	599.9	-0	1	101.8	13.5	0.0786	1.0	111115
166	"12:12:01"	334.5	-7.25	0.196	539	6.16	3.26	6	1	2.84	38.24	37.31	38.30	499.70	503.84	25.032	30.999	37.78	46.79	600.1	0	1	101.8	13.5	0.0786	1.0	111115
167	"12:12:02"	336.0	-7.22	0.197	538	6.18	3.25	6	1	2.84	38.24	37.30	38.30	499.68	503.78	25.018	31.004	37.78	46.81	600.0	0	1	101.8	13.5	0.0786	1.0	111115
168	"12:12:03"	337.0	-7.29	0.198	539	6.19	3.25	6	1	2.84	38.23	37.29	38.29	499.58	503.76	25.008	31.007	37.77	46.83	600.0	-0	1	101.8	13.5	0.0786	1.0	111115
169	"12:12:05"	338.5	-7.44	0.199	540	6.21	3.24	6	1	2.84	38.22	37.28	38.28	499.48	503.79	24.993	31.008	37.76	46.85	600.0	-0	1	101.8	13.5	0.0786	1.0	111115
170	"12:12:06"	339.5	-7.47	0.199	540	6.22	3.24	6	1	2.84	38.22	37.27	38.28	499.47	503.80	24.982	31.011	37.76	46.87	600.0	-0	1	101.8	13.5	0.0786	1.0	111115
171	"12:12:07"	341.0	-7.29	0.2	538	6.24	3.24	6	1	2.84	38.21	37.26	38.27	499.63	503.77	24.970	31.011	37.76	46.89	600.0	-0	1	101.8	13.5	0.0786	1.0	111115
172	"12:12:08"	342.0	-7.15	0.201	537	6.25	3.24	6	1	2.84	38.21	37.26	38.27	499.71	503.71	24.961	31.017	37.75	46.91	600.0	0	1	101.8	13.5	0.0786	1.0	111115
173	"12:12:09"	342.5	-7.12	0.201	536	6.26	3.23	6	1	2.84	38.20	37.25	38.26	499.72	503.69	24.957	31.023	37.75	46.93	600.0	-0	1	101.8	13.5	0.0786	1.0	111115
174	"12:12:11"	344.5	-7.2	0.202	537	6.28	3.24	6	1	2.84	38.19	37.26	38.26	499.66	503.70	24.938	31.022	37.74	46.95	600.0	0	1	101.8	13.5	0.0786	1.0	111115
175	"12:12:12"	345.0	-7.27	0.202	537	6.28	3.23	6	1	2.84	38.19	37.26	38.25	499.63	503.73	24.933	31.022	37.74	46.96	600.0	0	1	101.8	13.5	0.0786	1.0	111115
176	"12:12:13"	346.0	-7.26	0.202	537	6.29	3.23	6	1	2.84	38.18	37.25	38.25	499.63	503.72	24.924	31.020	37.74	46.97	600.0	0	1	101.8	13.5	0.0786	1.0	111115
177	"12:12:14"	347.0	-7.21	0.203	537	6.3	3.23	6	1	2.84	38.18	37.25	38.24	499.67	503.71	24.915	31.022	37.74	46.99	600.0	0	1	101.8	13.5	0.0786	1.0	111115
178	"12:12:15"	348.0	-7.3	0.203	537	6.32	3.23	6	1	2.84	38.17	37.24	38.24	499.65	503.77	24.906	31.027	37.73	47.01	599.9	-0	1	101.8	13.5	0.0786	1.0	111115
179	"12:12:16"	349.0	-7.32	0.204	537	6.33	3.23	6	1	2.84	38.17	37.23	38.23	499.64	503.78	24.897	31.033	37.73	47.03	600.0	-0	1	101.8	13.5	0.0786	1.0	111115
180	"12:12:17"	350.5	-7.4	0.205	538	6.36	3.22	6	1	2.84	38.16	37.22	38.23	499.58	503.77	24.882	31.040	37.72	47.06	600.1	0	1	101.8	13.5	0.0786	1.0	111115
181	"12:12:18"	351.5	-7.4	0.206	537	6.38	3.22	6	1	2.84	38.16	37.22	38.22	499.58	503.77	24.872	31.049	37.72	47.08	600.1	0	1	101.8	13.5	0.0786	1.0	111115
182	"12:12:19"	352.5	-7.36	0.206	537	6.38	3.22	6	1	2.84	38.15	37.21	38.22	499.58	503.73	24.864	31.046	37.71	47.09	600.1	0	1	101.8	13.5	0.0786	1.0	111115
183	"12:12:20"	353.5	-7.54	0.207	538	6.39	3.21	6	1	2.84	38.15	37.21	38.21	499.51	503.82	24.854	31.051	37.71	47.11	599.9	0	1	101.8	13.5	0.0786	1.0	111115
184	"12:12:21"	354.5	-7.46	0.208	538	6.4	3.21	6	1	2.84	38.14	37.20	38.21	499.57	503.81	24.844	31.050	37.70	47.12	599.9	0	1	101.8	13.5	0.0786	1.0	111115
185	"12:12:22"	355.5	-7.42	0.208	537	6.41	3.21	6	1	2.84	38.14	37.20	38.20	499.61	503.80	24.835	31.045	37.70	47.13	600.0	0	1	101.8	13.5	0.0786	1.0	111115
186	"12:12:23"	356.5	-7.42	0.209	537	6.43	3.21	6	1	2.84	38.13	37.19	38.20	499.62	503.79	24.826	31.051	37.70	47.15	600.1	0	1	101.8	13.5	0.0786	1.0	111115
187	"12:12:24"	357.5	-7.31	0.209	536	6.43	3.21	6	1	2.84	38.13	37.19	38.19	499.65	503.73	24.817	31.051	37.69	47.16	600.1	0	1	101.8	13.5	0.0786	1.0	111115
188	"12:12:25"	358.5	-7.4	0.21	537	6.45	3.2	6	1	2.84	38.12	37.17	38.19	499.58	503.74	24.808	31.054	37.69	47.18	600.0	-0	1	101.8	13.5	0.0786	1.0	111115
189	"12:12:26"	359.5	-7.52	0.211	537	6.46	3.2	6	1	2.84	38.12	37.17	38.18	499.52	503.78	24.797	31.059	37.68	47.20	599.9	-0	1	101.8	13.5	0.0786	1.0	111115
190	"12:12:27"	360.5	-7.48	0.211	537	6.47	3.2	6	1	2.84	38.11	37.16	38.18	499.52	503.75	24.788	31.059	37.68	47.22	599.9	-0	1	101.8	13.5	0.0786	1.0	111115
191	"12:12:28"	361.5	-7.51	0.212	537	6.49	3.2	6	1	2.84	38.11	37.15	38.17	499.51	503.75	24.779	31.064	37.68	47.24	599.9	-0	1	101.8	13.5	0.0786	1.0	111115
192	"12:12:29"	362.5	-7.42	0.212	536	6.5	3.19	6	1	2.84	38.10	37.15	38.17	499.57	503.72	24.771	31.068	37.68	47.26	600.0	-0	1	101.8	13.5	0.0786	1.0	111115
193	"12:12:30"	363.5	-7.41	0.213	536	6.51	3.19	6	1	2.84	38.10	37.15	38.16	499.59	503.72	24.765	31.071	37.68	47.27	600.0	0	1	101.8	13.5	0.0786	1.0	111115
194	"12:12:32"	365.0	-7.45	0.214	536	6.53	3.19	6	1	2.84	38.09	37.14	38.16	499.57	503.73	24.751	31.080	37.67	47.31	600.0	0	1	101.8	13.5	0.0786	1.0	111115
195	"12:12:33"	366.0	-7.4	0.214	536	6.54	3.19	6	1	2.84	38.08	37.14	38.15	499.59	503.70	24.743	31.084	37.67	47.33	600.0	-0	1	101.8	13.5	0.0786	1.0	111115
196	"12:12:34"	367.0	-7.56	0.215	537	6.56	3.19	6	1	2.84	38.08	37.13	38.15	499.51	503.76	24.733	31.093	37.67	47.35	600.0	0	1	101.8	13.5	0.0786	1.0	111115
197	"12:12:35"	368.0	-7.61	0.216	537	6.58	3.18	6	1	2.84	38.07	37.13	38.14	499.50	503.80	24.724	31.098	37.67	47.38	600.1	0	1	101.8	13.5	0.0786	1.0	111115
198	"12:12:36"	369.0	-7.66	0.217	537	6.59	3.18	6	1	2.84	38.07	37.12	38.14	499.48	503.81	24.715	31.102	37.66	47.40	600.1	0	1	101.8	13.5	0.0786	1.0	111115
199	"12:12:37"	370.0	-7.66	0.218	537	6.61	3.18	6	1	2.84	38.06	37.11	38.13	499.46	503.79	24.705	31.108	37.66	47.42	600.1	0	1	101.8	13.5	0.0786	1.0	111115
200	"12:12:38"	371.0	-7.51	0.218	536	6.62	3.17	6	1	2.84	38.06	37.10	38.13	499.53	503.71	24.696	31.110	37.65	47.43	600.1	0	1	101.8	13.5	0.0786	1.0	111115
201	"12:12:39"	372.0	-7.47	0.219	535	6.64	3.17	6	1	2.84	38.05	37.09	38.12	499.55	503.68	24.685	31.116	37.65	47.46	600.0	-0	1	101.8	13.5	0.0786	1.0	111115
202	"12:12:40"	373.0	-7.44	0.22	535	6.65	3.17	6	1	2.84	38.05	37.09	38.12	499.56	503.66	24.677	31.121	37.65	47.48	600.0	-0	1	101.8	13.5	0.0786	1.0	111115
203	"12:12:41"	374.0	-7.39	0.22	534	6.66	3.16	6	1	2.84	38.04	37.08	38.11	499.60	503.64	24.671	31.127	37.65	47.50	600.0	0	1	101.8	13.5	0.0786	1.0	111115
204	"12:12:42"	375.0	-7.43	0.221	534	6.67	3.16	6	1	2.84	38.04	37.07	38.11	499.56	503.63	24.663	31.130	37.64	47.52	599.9	-0	1	101.8	13.5	0.0786	1.0	111115
205	"12:12:43"	376.5	-7.62	0.222	536	6.69	3.16	6	1	2.84	38.03	37.06	38.10	499.44	503.69	24.650	31.134	37.64	47.54	599.9	0	1	101.8	13.5	0.0786	1.0	111115
206	"12:12:44"	377.5	-7.76	0.223	537	6.7	3.15	6	1	2.84	38.02	37.05	38.09	499.43	503.81	24.639	31.135	37.64	47.56	600.0	0	1	101.8	13.5	0.0786	1.0	111115
207	"12:12:45"	378.5	-7.88	0.223	537	6.71	3.15	6	1	2.84	38.02	37.04	38.09	499.42	503.91	24.630	31.134	37.64	47.57	600.0	0	1	101.8	13.5	0.0786	1.0	111115
208	"12:12:46"	379.5	-7.94	0.223	538	6.72	3.15	6	1	2.84	38.01	37.03	38.08	499.43	503.99	24.622	31.129	37.64	47.58	600.0	-0	1	101.8	13.5	0.0786	1.0	111115
209	"12:12:47"	380.5	-7.96	0.223	538	6.71	3.15	6	1	2.84	38.01	37.03	38.08	499.46	504.03	24.614	31.118	37.63	47.58	600.0	-0	1	101.8	13.5	0.0786	1.0	111115
210	"12:12:48"	381.5	-7.92	0.223	538	6.71	3.15	6	1	2.84	38.00	37.02	38.07	499.42	503.95	24.604	31.109	37.63	47.58	600.0	0	1	101.8	13.5	0.0786	1.0	111115
211	"12:12:49"	382.5	-7.75	0.223	536	6.71	3.15	6	1	2.84	37.99	37.02	38.07	499.46	503.84	24.597	31.094	37.63	47.57	600.1	0	1	101.8	13.5	0.0786	1.0	111115
212	"12:12:50"	383.5	-7.66	0.223	536	6.7	3.14	6	1	2.84	37.99	37.01	38.06	499.49	503.78	24.587	31.077	37.63	47.56	600.1	0	1	101.8	13.5	0.0786	1.0	111115
213	"12:12:51"	384.5	-7.52	0.223	535	6.68	3.14	6	1	2.84	37.98	37.00	38.06	499.54	503.69	24.579	31.055	37.63	47.54	600.0	0	1	101.8	13.5	0.0786	1.0	111115
214	"12:12:52"	385.5	-7.43	0.222	534	6.66	3.14	6	1	2.84	37.98	36.99	38.05	499.58	503.66	24.570	31.027	37.63	47.51	599.9	0	1	101.8	13.5	0.0786	1.0	111115
215	"12:12:53"	386.5	-7.39	0.221	534	6.64	3.14	6	1	2.84	37.97	36.98	38.05	499.56	503.60	24.561	31.000	37.62	47.49	599.9	0	1	101.8	13.5	0.0786	1.0	111115
216	"12:12:55"	387.5	-7.32	0.221	534	6.63	3.14	6	1	2.84	37.96	36.97	38.04	499.58	503.56	24.554	30.977	37.63	47.47	599.9	0	1	101.8	13.5	0.0786	1.0	111115
217	"12:12:56"	389.0	-7.16	0.22	533	6.6	3.14	6	1	2.84	37.95	36.96	38.03	499.62	503.46	24.542	30.934	37.63	47.43	600.0	0	1	101.8	13.5	0.0786	1.0	111115
218	"12:12:57"	390.0	-7.08	0.219	532	6.58	3.14	6	1	2.84	37.95	36.95	38.03	499.65	503.43	24.535	30.907	37.63	47.40	600.1	0	1	101.8	13.5	0.0786	1.0	111115
219	"12:12:58"	391.0	-7.09	0.218	532	6.55	3.14	6	1	2.84	37.94	36.94	38.02	499.65	503.45	24.526	30.875	37.63	47.37	600.1	0	1	101.8	13.5	0.0786	1.0	111115
220	"12:12:59"	392.0	-7.06	0.217	532	6.53	3.14	6	1	2.84	37.94	36.93	38.02	499.67	503.45	24.519	30.845	37.63	47.34	600.1	0	1	101.8	13.5	0.0786	1.0	111115
221	"12:13:00"	393.0	-7.1	0.217	533	6.51	3.14	6	1	2.84	37.93	36.92	38.01	499.62	503.44	24.509	30.816	37.63	47.31	600.1	0	1	101.8	13.5	0.0786	1.0	111115
222	"12:13:01"	394.0	-7.28	0.216	534	6.49	3.14	6	1	2.84	37.92	36.91	38.01	499.52	503.53	24.501	30.791	37.63	47.28	600.0	0	1	101.8	13.5	0.0786	1.0	111115
223	"12:13:02"	395.0	-7.36	0.215	535	6.47	3.14	6	1	2.84	37.92	36.90	38.00	499.44	503.55	24.493	30.760	37.63	47.26	599.9	0	1	101.8	13.5	0.0786	1.0	111115
224	"12:13:03"	396.0	-7.49	0.214	536	6.44	3.14	6	1	2.84	37.91	36.90	38.00	499.36	503.61	24.484	30.731	37.63	47.23	599.9	-0	1	101.8	13.5	0.0786	1.0	111115
225	"12:13:04"	397.0	-7.54	0.214	537	6.43	3.14	6	1	2.84	37.90	36.89	37.99	499.36	503.66	24.477	30.707	37.63	47.21	600.0	-0	1	101.8	13.5	0.0786	1.0	111115
226	"12:13:05"	398.0	-7.54	0.213	537	6.41	3.14	6	1	2.84	37.90	36.89	37.98	499.37	503.69	24.469	30.679	37.63	47.18	600.0	-0	1	101.8	13.5	0.0786	1.0	111115
227	"12:13:06"	399.0	-7.42	0.212	536	6.39	3.14	6	1	2.84	37.89	36.89	37.98	499.45	503.65	24.462	30.659	37.63	47.17	600.0	-0	1	101.8	13.5	0.0786	1.0	111115
228	"12:13:07"	400.0	-7.34	0.212	536	6.38	3.15	6	1	2.84	37.88	36.88	37.97	499.50	503.63	24.453	30.636	37.63	47.15	600.1	0	1	101.8	13.5	0.0786	0.7	111115
229	"12:13:08"	401.5	-7.23	0.211	535	6.36	3.14	6	1	2.84	37.88	36.87	37.96	499.54	503.57	24.442	30.603	37.64	47.12	600.0	0	1	101.8	13.5	0.0786	0.7	111115
230	"12:13:09"	402.5	-7.29	0.21	536	6.34	3.14	6	1	2.84	37.87	36.86	37.96	499.51	503.61	24.434	30.579	37.63	47.10	600.0	0	1	101.8	13.5	0.0786	0.7	111115
231	"12:13:10"	403.5	-7.33	0.21	536	6.32	3.14	6	1	2.84	37.86	36.85	37.95	499.46	503.61	24.425	30.553	37.63	47.08	599.9	0	1	101.8	13.5	0.0786	0.7	111115
232	"12:13:11"	404.5	-7.3	0.21	536	6.31	3.14	6	1	2.84	37.86	36.84	37.95	499.49	503.62	24.419	30.535	37.64	47.06	599.9	0	1	101.8	13.5	0.0786	0.7	111115
233	"12:13:12"	405.5	-7.43	0.209	537	6.3	3.14	6	1	2.84	37.85	36.83	37.94	499.45	503.71	24.409	30.518	37.63	47.05	600.0	0	1	101.8	13.5	0.0786	0.7	111115
234	"12:13:13"	406.5	-7.35	0.209	537	6.3	3.14	6	1	2.84	37.84	36.82	37.93	499.50	503.68	24.401	30.508	37.64	47.05	600.1	0	1	101.8	13.5	0.0786	0.7	111115
235	"12:13:14"	407.5	-7.31	0.209	537	6.29	3.14	6	1	2.84	37.84	36.82	37.93	499.55	503.69	24.394	30.493	37.64	47.05	600.1	0	1	101.8	13.5	0.0786	0.7	111115
236	"12:13:15"	408.5	-7.4	0.209	537	6.29	3.14	6	1	2.84	37.83	36.81	37.92	499.51	503.75	24.385	30.481	37.64	47.05	600.1	-0	1	101.8	13.5	0.0786	0.7	111115
237	"12:13:16"	409.5	-7.28	0.209	536	6.28	3.14	6	1	2.84	37.82	36.81	37.92	499.59	503.71	24.378	30.470	37.64	47.04	600.0	-0	1	101.8	13.5	0.0786	0.7	111115
238	"12:13:17"	410.5	-7.37	0.209	537	6.28	3.13	6	1	2.84	37.82	36.80	37.91	499.56	503.76	24.371	30.462	37.64	47.05	599.9	-0	1	101.8	13.5	0.0786	0.7	111115
239	"12:13:18"	411.5	-7.39	0.209	537	6.28	3.13	6	1	2.84	37.81	36.79	37.91	499.54	503.76	24.363	30.457	37.64	47.06	599.9	-0	1	101.8	13.5	0.0786	0.7	111115
240	"12:13:19"	412.5	-7.37	0.209	537	6.28	3.13	6	1	2.84	37.81	36.79	37.90	499.54	503.75	24.356	30.449	37.64	47.06	600.0	0	1	101.8	13.5	0.0786	0.7	111115
241	"12:13:20"	413.5	-7.33	0.21	537	6.29	3.13	6	1	2.84	37.80	36.79	37.89	499.54	503.70	24.347	30.446	37.64	47.07	600.1	0	1	101.8	13.5	0.0786	0.7	111115
242	"12:13:21"	414.5	-7.24	0.21	536	6.29	3.13	6	1	2.84	37.80	36.78	37.89	499.58	503.64	24.340	30.441	37.64	47.08	600.1	0	1	101.8	13.5	0.0786	0.7	111115
243	"12:13:22"	415.5	-7.33	0.21	536	6.3	3.13	6	1	2.84	37.79	36.78	37.88	499.54	503.69	24.330	30.442	37.64	47.09	600.1	-0	1	101.8	13.5	0.0786	0.7	111115
244	"12:13:23"	416.5	-7.3	0.21	536	6.31	3.13	6	1	2.84	37.78	36.77	37.88	499.58	503.71	24.321	30.435	37.64	47.10	600.0	-0	1	101.8	13.5	0.0786	0.7	111115
245	"12:13:25"	418.0	-7.37	0.21	537	6.31	3.13	6	1	2.84	37.78	36.77	37.87	499.57	503.76	24.309	30.424	37.63	47.10	600.0	-0	1	101.8	13.5	0.0786	0.7	111115
246	"12:13:26"	419.0	-7.38	0.21	537	6.31	3.13	6	1	2.84	37.77	36.77	37.86	499.56	503.76	24.301	30.414	37.63	47.10	600.0	0	1	101.8	13.5	0.0786	0.7	111115
247	"12:13:27"	420.0	-7.43	0.21	537	6.31	3.13	6	1	2.84	37.76	36.77	37.86	499.54	503.79	24.293	30.409	37.63	47.10	600.0	0	1	101.8	13.5	0.0786	1.0	111115
248	"12:13:28"	421.0	-7.46	0.21	538	6.31	3.13	6	1	2.84	37.76	36.76	37.85	499.49	503.77	24.285	30.400	37.63	47.11	600.0	0	1	101.8	13.5	0.0786	1.0	111115
249	"12:13:29"	422.0	-7.59	0.21	539	6.31	3.13	6	1	2.84	37.75	36.75	37.85	499.42	503.83	24.275	30.389	37.63	47.10	600.0	0	1	101.8	13.5	0.0786	1.0	111115
250	"12:13:30"	423.0	-7.69	0.211	539	6.31	3.12	6	1	2.84	37.75	36.74	37.84	499.41	503.92	24.267	30.385	37.62	47.11	600.0	0	1	101.8	13.5	0.0786	1.0	111115
251	"12:13:31"	424.0	-7.69	0.211	539	6.31	3.12	6	1	2.84	37.74	36.73	37.84	499.39	503.90	24.258	30.379	37.62	47.12	600.0	-0	1	101.8	13.5	0.0786	1.0	111115
252	"12:13:32"	425.0	-7.67	0.212	539	6.32	3.12	6	1	2.84	37.74	36.73	37.83	499.45	503.93	24.249	30.379	37.62	47.13	600.0	-0	1	101.8	13.5	0.0786	1.0	111115
253	"12:13:33"	426.0	-7.57	0.212	538	6.33	3.12	6	1	2.84	37.73	36.72	37.83	499.48	503.86	24.240	30.377	37.62	47.14	600.0	-0	1	101.8	13.5	0.0786	1.0	111115
254	"12:13:34"	427.0	-7.56	0.212	538	6.33	3.11	6	1	2.84	37.73	36.71	37.82	499.46	503.83	24.231	30.374	37.61	47.15	600.0	-0	1	101.8	13.5	0.0786	1.0	111115
255	"12:13:35"	428.0	-7.56	0.213	538	6.34	3.11	6	1	2.84	37.72	36.70	37.81	499.45	503.81	24.223	30.373	37.61	47.16	600.0	-0	1	101.8	13.5	0.0786	1.0	111115
256	"12:13:36"	429.0	-7.51	0.213	537	6.34	3.11	6	1	2.84	37.72	36.70	37.81	499.47	503.78	24.216	30.368	37.61	47.17	600.0	-0	1	101.8	13.5	0.0786	1.0	111115
257	"12:13:37"	430.0	-7.51	0.214	537	6.35	3.11	6	1	2.84	37.71	36.69	37.80	499.46	503.77	24.209	30.367	37.61	47.18	599.9	-0	1	101.8	13.5	0.0786	1.0	111115
