"OPEN 5.3.2"
"Thr Aug  2 2018 13:56:55"
"Unit="	"PSC-895"
"ComputeList="	"/User/Configs/Comps/Default"
"BLCTable="	"/Sys/Lib/StdBLCTable"
"LightSource="	"Sun+Sky"	1	0.19
"LogFormat="	"/User/Configs/LogFormats/Std Output"
"LogCodes="	-35	-21	-36	30	23	36	21	25	-33	-34	-32	-9	-10	-8	-1	-2	-4	-5	-14	-15	-7	-12	-13	-11	-65	-66	-72	-23
"PromptList="	"/User/Configs/Prompts/Default (none)"
"Stability= (CO2S 15s SLP<1)(H2OS 15s SLP<1)(Flow 15s SLP<1)"
"13:56:56 co2 500 flow 600"
$STARTOFDATA$
"Obs"	"HHMMSS"	"FTime"	"Photo"	"Cond"	"Ci"	"Trmmol"	"VpdL"	"Area"	"StmRat"	"BLCond"	"Tair"	"Tleaf"	"TBlk"	"CO2R"	"CO2S"	"H2OR"	"H2OS"	"RH_R"	"RH_S"	"Flow"	"PARi"	"PARo"	"Press"	"CsMch"	"HsMch"	"StableF"	"Status"
1	"13:58:17"	95.5	-11.6	2.5	492	30.9	2.25	6	1	2.84	36.46	35.63	36.52	499.70	495.94	5.680	35.473	9.42	58.80	600.0	0	52	101.5	10.8	0.0565	0.3	111115
2	"13:58:18"	96.5	-11.5	2.5	492	30.9	2.25	6	1	2.84	36.46	35.62	36.52	499.71	495.90	5.683	35.469	9.42	58.80	600.0	-0	53	101.5	10.8	0.0565	0.3	111115
3	"13:58:20"	98.0	-11.5	2.5	492	30.9	2.25	6	1	2.84	36.46	35.63	36.52	499.77	495.97	5.685	35.471	9.43	58.81	600.0	-0	54	101.5	10.8	0.0565	0.7	111115
4	"13:58:21"	99.0	-11.5	2.5	492	30.9	2.25	6	1	2.84	36.46	35.63	36.52	499.82	496.00	5.688	35.466	9.43	58.81	600.0	-0	55	101.5	10.8	0.0565	0.7	111115
5	"13:58:22"	100.5	-11.5	2.5	492	30.9	2.25	6	1	2.84	36.46	35.62	36.51	499.96	496.13	5.694	35.463	9.44	58.81	600.0	-0	56	101.5	10.8	0.0565	0.7	111115
6	"13:58:23"	101.5	-11.3	2.5	492	30.9	2.25	6	1	2.84	36.45	35.62	36.51	500.08	496.11	5.697	35.460	9.45	58.82	600.0	-0	58	101.5	10.8	0.0565	0.7	111115
7	"13:58:25"	103.0	-11.2	2.5	492	30.8	2.24	6	1	2.84	36.45	35.61	36.51	500.25	496.17	5.702	35.456	9.46	58.82	599.9	0	60	101.5	10.8	0.0565	0.7	111115
8	"13:58:26"	104.0	-11.2	2.5	492	30.8	2.24	6	1	2.84	36.45	35.61	36.51	500.26	496.19	5.706	35.455	9.47	58.82	599.9	0	61	101.5	10.8	0.0565	0.7	111115
9	"13:58:27"	105.5	-11.2	2.5	492	30.8	2.24	6	1	2.84	36.44	35.61	36.50	500.30	496.22	5.712	35.445	9.48	58.82	600.0	0	61	101.5	10.8	0.0565	0.7	111115
10	"13:58:28"	106.5	-11.2	2.5	492	30.8	2.24	6	1	2.84	36.44	35.60	36.50	500.34	496.24	5.716	35.445	9.49	58.83	600.0	-0	61	101.5	10.8	0.0565	0.7	111115
11	"13:58:30"	108.0	-11.1	2.5	492	30.8	2.24	6	1	2.84	36.44	35.60	36.50	500.41	496.24	5.722	35.435	9.50	58.83	599.9	-0	62	101.5	10.8	0.0565	0.7	111115
12	"13:58:31"	109.0	-11.1	2.51	492	30.8	2.24	6	1	2.84	36.43	35.59	36.49	500.44	496.25	5.727	35.434	9.51	58.84	599.9	-0	62	101.5	10.8	0.0565	0.7	111115
13	"13:58:32"	110.5	-11.1	2.51	492	30.8	2.24	6	1	2.84	36.43	35.58	36.49	500.42	496.29	5.734	35.427	9.52	58.84	599.9	-0	63	101.5	10.8	0.0565	0.7	111115
14	"13:58:33"	111.5	-11.1	2.5	492	30.8	2.24	6	1	2.84	36.43	35.58	36.49	500.41	496.27	5.737	35.412	9.53	58.82	600.0	-0	63	101.5	10.8	0.0565	0.7	111115
15	"13:58:35"	113.0	-11.2	2.5	492	30.7	2.24	6	1	2.84	36.42	35.58	36.48	500.33	496.31	5.742	35.401	9.54	58.82	600.0	0	63	101.5	10.8	0.0565	0.7	111115
16	"13:58:36"	114.0	-11.3	2.5	492	30.7	2.24	6	1	2.84	36.42	35.57	36.48	500.28	496.35	5.745	35.395	9.55	58.82	600.0	0	64	101.5	10.8	0.0565	0.7	111115
17	"13:58:37"	115.5	-11.4	2.5	492	30.7	2.24	6	1	2.84	36.42	35.57	36.48	500.24	496.36	5.751	35.384	9.56	58.82	600.1	-0	64	101.5	10.8	0.0565	0.7	111115
18	"13:58:38"	116.5	-11.4	2.5	492	30.7	2.24	6	1	2.84	36.41	35.56	36.48	500.22	496.39	5.756	35.373	9.57	58.81	600.0	-0	65	101.5	10.8	0.0565	0.7	111115
19	"13:58:40"	118.0	-11.4	2.5	492	30.7	2.24	6	1	2.84	36.41	35.56	36.47	500.26	496.43	5.761	35.365	9.58	58.81	600.1	-0	65	101.5	10.8	0.0565	0.7	111115
20	"13:58:41"	119.0	-11.4	2.49	492	30.7	2.24	6	1	2.84	36.41	35.56	36.47	500.36	496.50	5.766	35.358	9.59	58.80	600.0	0	65	101.5	10.8	0.0565	0.7	111115
21	"13:58:42"	120.5	-11.6	2.49	493	30.7	2.24	6	1	2.84	36.40	35.55	36.46	500.33	496.67	5.771	35.349	9.60	58.80	600.0	0	66	101.5	10.8	0.0565	0.7	111115
22	"13:58:43"	121.5	-11.4	2.49	492	30.6	2.24	6	1	2.84	36.40	35.55	36.46	500.44	496.66	5.775	35.335	9.61	58.79	600.0	0	66	101.5	10.8	0.0565	0.7	111115
23	"13:58:45"	123.0	-11.5	2.48	493	30.6	2.24	6	1	2.84	36.39	35.55	36.46	500.39	496.71	5.780	35.317	9.62	58.77	599.9	0	67	101.5	10.8	0.0565	0.7	111115
24	"13:58:46"	124.0	-11.4	2.48	492	30.6	2.24	6	1	2.84	36.39	35.55	36.46	500.45	496.61	5.785	35.300	9.63	58.75	599.9	0	67	101.5	10.8	0.0565	0.7	111115
25	"13:58:47"	125.5	-11.5	2.47	493	30.6	2.24	6	1	2.84	36.39	35.55	36.45	500.36	496.65	5.791	35.288	9.64	58.74	599.9	0	67	101.5	10.8	0.0565	0.7	111115
26	"13:58:48"	126.5	-11.5	2.47	493	30.6	2.24	6	1	2.84	36.39	35.54	36.45	500.36	496.65	5.795	35.282	9.65	58.74	600.0	0	68	101.5	10.8	0.0565	0.7	111115
27	"13:58:50"	128.0	-11.7	2.47	493	30.5	2.24	6	1	2.84	36.38	35.53	36.44	500.27	496.79	5.799	35.269	9.66	58.74	600.0	0	68	101.5	10.8	0.0565	0.7	111115
28	"13:58:51"	129.0	-11.6	2.47	493	30.5	2.24	6	1	2.84	36.38	35.53	36.44	500.31	496.78	5.804	35.254	9.67	58.72	600.0	-0	68	101.5	10.8	0.0565	0.7	111115
29	"13:58:52"	130.5	-11.6	2.46	493	30.5	2.24	6	1	2.84	36.37	35.53	36.44	500.35	496.78	5.810	35.241	9.68	58.71	599.9	0	69	101.5	10.8	0.0565	0.7	111115
30	"13:58:53"	131.5	-11.5	2.46	493	30.5	2.24	6	1	2.84	36.37	35.53	36.44	500.43	496.74	5.814	35.232	9.69	58.71	599.9	-0	69	101.5	10.8	0.0565	0.7	111115
31	"13:58:55"	133.0	-11.4	2.46	493	30.5	2.24	6	1	2.84	36.37	35.52	36.43	500.47	496.74	5.819	35.223	9.70	58.70	599.9	-0	69	101.5	10.8	0.0565	0.7	111115
32	"13:58:56"	134.0	-11.4	2.46	493	30.5	2.24	6	1	2.84	36.36	35.51	36.43	500.47	496.77	5.823	35.209	9.71	58.69	600.0	-0	70	101.5	10.8	0.0565	0.7	111115
33	"13:58:57"	135.5	-11.4	2.46	493	30.4	2.23	6	1	2.84	36.36	35.50	36.42	500.44	496.77	5.827	35.189	9.72	58.67	600.1	-0	70	101.5	10.8	0.0565	1.0	111115
34	"13:58:58"	136.5	-11.5	2.46	493	30.4	2.23	6	1	2.84	36.36	35.49	36.42	500.41	496.83	5.831	35.178	9.72	58.66	600.2	-0	70	101.5	10.8	0.0565	1.0	111115
35	"13:59:00"	138.0	-11.5	2.46	493	30.4	2.23	6	1	2.84	36.35	35.48	36.42	500.42	496.81	5.837	35.166	9.74	58.66	600.2	0	71	101.5	10.8	0.0565	1.0	111115
36	"13:59:01"	139.0	-11.5	2.46	493	30.4	2.23	6	1	2.84	36.35	35.48	36.42	500.41	496.84	5.841	35.160	9.75	58.66	600.1	0	71	101.5	10.8	0.0565	1.0	111115
37	"13:59:02"	140.5	-11.5	2.46	493	30.4	2.23	6	1	2.84	36.34	35.48	36.41	500.41	496.83	5.847	35.153	9.76	58.66	600.0	0	71	101.5	10.8	0.0565	1.0	111115
38	"13:59:03"	141.5	-11.6	2.46	493	30.4	2.23	6	1	2.84	36.34	35.47	36.41	500.38	496.87	5.850	35.150	9.76	58.67	600.0	-0	72	101.5	10.8	0.0565	1.0	111115
39	"13:59:05"	143.0	-11.6	2.46	493	30.3	2.23	6	1	2.84	36.33	35.46	36.40	500.37	496.91	5.856	35.141	9.78	58.67	599.9	-0	72	101.5	10.8	0.0565	1.0	111115
40	"13:59:06"	144.0	-11.8	2.46	493	30.3	2.23	6	1	2.84	36.33	35.46	36.40	500.30	496.99	5.859	35.139	9.79	58.68	600.0	-0	72	101.5	10.8	0.0565	1.0	111115
41	"13:59:07"	145.5	-11.7	2.47	493	30.3	2.23	6	1	2.84	36.32	35.45	36.40	500.37	496.97	5.865	35.135	9.80	58.69	599.9	-0	73	101.5	10.8	0.0565	1.0	111115
42	"13:59:08"	146.5	-11.7	2.47	493	30.3	2.22	6	1	2.84	36.32	35.45	36.39	500.38	496.97	5.870	35.133	9.81	58.70	600.0	-0	73	101.5	10.8	0.0565	1.0	111115
43	"13:59:10"	148.0	-11.5	2.47	493	30.3	2.22	6	1	2.84	36.32	35.43	36.39	500.46	496.85	5.876	35.128	9.82	58.71	600.0	0	73	101.5	10.8	0.0565	1.0	111115
44	"13:59:11"	149.0	-11.5	2.48	493	30.3	2.22	6	1	2.84	36.31	35.42	36.39	500.39	496.85	5.881	35.120	9.83	58.71	600.0	-0	73	101.5	10.8	0.0565	1.0	111115
45	"13:59:12"	150.5	-11.5	2.48	493	30.3	2.22	6	1	2.84	36.31	35.42	36.38	500.47	496.88	5.887	35.115	9.84	58.72	600.0	0	74	101.5	10.8	0.0565	1.0	111115
46	"13:59:13"	151.5	-11.5	2.48	493	30.3	2.22	6	1	2.84	36.30	35.41	36.38	500.51	496.93	5.891	35.105	9.85	58.72	600.0	0	74	101.5	10.8	0.0565	1.0	111115
47	"13:59:15"	153.0	-11.5	2.48	493	30.3	2.21	6	1	2.84	36.30	35.41	36.37	500.48	496.94	5.897	35.100	9.87	58.73	600.0	0	74	101.5	10.8	0.0565	1.0	111115
48	"13:59:16"	154.0	-11.5	2.48	493	30.3	2.21	6	1	2.84	36.29	35.40	36.37	500.44	496.91	5.901	35.095	9.87	58.73	600.0	0	75	101.5	10.8	0.0565	1.0	111115
49	"13:59:17"	155.5	-11.7	2.48	493	30.2	2.21	6	1	2.84	36.29	35.39	36.36	500.27	496.97	5.906	35.088	9.89	58.74	600.0	0	75	101.5	10.8	0.0565	1.0	111115
50	"13:59:18"	156.5	-11.7	2.48	493	30.2	2.21	6	1	2.84	36.28	35.39	36.36	500.28	496.99	5.909	35.083	9.89	58.74	600.0	0	75	101.5	10.8	0.0565	1.0	111115
51	"13:59:20"	158.0	-11.8	2.48	493	30.2	2.21	6	1	2.84	36.28	35.39	36.36	500.21	497.01	5.915	35.078	9.91	58.75	600.0	-0	76	101.5	10.8	0.0565	1.0	111115
52	"13:59:21"	159.0	-11.8	2.48	493	30.2	2.21	6	1	2.84	36.27	35.38	36.35	500.18	496.99	5.918	35.074	9.92	58.76	600.0	-0	76	101.5	10.8	0.0565	1.0	111115
53	"13:59:22"	160.5	-11.8	2.48	493	30.2	2.21	6	1	2.84	36.26	35.37	36.35	500.22	496.98	5.925	35.064	9.93	58.76	600.0	-0	77	101.5	10.8	0.0565	1.0	111115
54	"13:59:23"	161.5	-11.7	2.48	493	30.2	2.21	6	1	2.84	36.26	35.37	36.34	500.27	496.98	5.929	35.057	9.94	58.77	600.1	-0	77	101.5	10.8	0.0565	1.0	111115
55	"13:59:25"	163.0	-11.6	2.49	493	30.2	2.2	6	1	2.84	36.25	35.36	36.34	500.32	496.93	5.935	35.052	9.95	58.78	600.1	-0	73	101.5	10.8	0.0565	1.0	111115
56	"13:59:26"	164.0	-11.5	2.49	493	30.2	2.2	6	1	2.84	36.25	35.36	36.33	500.35	496.89	5.939	35.050	9.96	58.79	600.1	0	69	101.5	10.8	0.0565	1.0	111115
57	"13:59:27"	165.5	-11.6	2.48	493	30.2	2.2	6	1	2.84	36.24	35.35	36.33	500.29	496.89	5.945	35.036	9.97	58.79	600.1	0	65	101.5	10.8	0.0565	1.0	111115
58	"13:59:28"	166.5	-11.6	2.48	493	30.1	2.2	6	1	2.84	36.24	35.35	36.32	500.26	496.88	5.948	35.025	9.98	58.78	600.1	0	61	101.5	10.8	0.0565	1.0	111115
59	"13:59:30"	168.0	-11.5	2.48	493	30.1	2.2	6	1	2.84	36.23	35.34	36.32	500.29	496.86	5.954	35.012	10.00	58.78	600.0	0	46	101.5	10.8	0.0565	1.0	111115
60	"13:59:31"	169.0	-11.5	2.48	493	30.1	2.2	6	1	2.84	36.23	35.34	36.31	500.30	496.85	5.956	35.009	10.00	58.79	600.0	-0	33	101.5	10.8	0.0565	1.0	111115
61	"13:59:32"	170.5	-11.5	2.48	493	30.1	2.2	6	1	2.84	36.22	35.33	36.31	500.38	496.88	5.963	35.004	10.02	58.81	600.0	-0	16	101.5	10.8	0.0565	1.0	111115
62	"13:59:33"	171.5	-11.5	2.49	493	30.1	2.2	6	1	2.84	36.22	35.32	36.30	500.40	496.95	5.966	34.999	10.03	58.81	600.0	0	12	101.5	10.8	0.0565	1.0	111115
63	"13:59:35"	173.0	-11.5	2.48	493	30.1	2.2	6	1	2.84	36.21	35.32	36.30	500.38	496.91	5.972	34.983	10.04	58.81	600.0	0	8	101.5	10.8	0.0565	1.0	111115
64	"13:59:36"	174.0	-11.5	2.48	493	30	2.2	6	1	2.84	36.21	35.31	36.29	500.33	496.88	5.976	34.969	10.05	58.80	599.9	0	8	101.5	10.8	0.0565	1.0	111115
65	"13:59:37"	175.5	-11.5	2.47	493	30	2.2	6	1	2.84	36.20	35.31	36.29	500.30	496.85	5.981	34.952	10.06	58.79	599.8	0	8	101.5	10.8	0.0565	1.0	111115
66	"13:59:38"	176.5	-11.5	2.47	493	30	2.2	6	1	2.84	36.19	35.31	36.28	500.30	496.85	5.985	34.944	10.07	58.79	599.8	0	8	101.5	10.8	0.0565	1.0	111115
67	"13:59:40"	178.0	-11.4	2.47	493	30	2.2	6	1	2.84	36.19	35.31	36.28	500.35	496.85	5.990	34.931	10.08	58.79	599.9	0	8	101.5	10.8	0.0565	1.0	111115
68	"13:59:41"	179.0	-11.5	2.47	493	30	2.2	6	1	2.84	36.18	35.30	36.27	500.29	496.90	5.995	34.919	10.09	58.78	600.0	0	9	101.5	10.8	0.0565	1.0	111115
69	"13:59:42"	180.5	-11.5	2.47	493	30	2.2	6	1	2.84	36.18	35.29	36.27	500.33	496.89	6.000	34.905	10.10	58.78	600.1	0	9	101.5	10.8	0.0565	1.0	111115
70	"13:59:43"	181.5	-11.5	2.47	493	29.9	2.19	6	1	2.84	36.17	35.28	36.26	500.35	496.92	6.003	34.896	10.11	58.77	600.1	0	9	101.5	10.8	0.0565	1.0	111115
71	"13:59:45"	183.0	-11.3	2.46	493	29.9	2.2	6	1	2.84	36.17	35.28	36.26	500.44	496.86	6.007	34.879	10.12	58.77	600.1	0	9	101.5	10.8	0.0565	1.0	111115
72	"13:59:46"	184.0	-11.3	2.46	493	29.9	2.2	6	1	2.84	36.16	35.28	36.25	500.40	496.87	6.012	34.872	10.13	58.77	600.0	0	9	101.5	10.8	0.0565	1.0	111115
73	"13:59:47"	185.5	-11.5	2.46	493	29.9	2.2	6	1	2.84	36.16	35.27	36.25	500.29	496.92	6.018	34.857	10.14	58.76	600.0	-0	9	101.5	10.8	0.0565	1.0	111115
74	"13:59:48"	186.5	-11.5	2.46	493	29.9	2.19	6	1	2.84	36.16	35.26	36.24	500.26	496.93	6.021	34.848	10.15	58.76	600.0	-0	9	101.5	10.8	0.0565	1.0	111115
75	"13:59:50"	188.0	-11.5	2.45	493	29.8	2.2	6	1	2.84	36.15	35.26	36.24	500.26	496.94	6.027	34.832	10.16	58.75	600.0	-0	9	101.5	10.8	0.0565	1.0	111115
76	"13:59:51"	189.0	-11.5	2.45	493	29.8	2.2	6	1	2.84	36.15	35.26	36.23	500.29	496.95	6.031	34.822	10.17	58.74	600.0	0	9	101.5	10.8	0.0565	1.0	111115
77	"13:59:52"	190.5	-11.4	2.45	493	29.8	2.2	6	1	2.84	36.14	35.26	36.23	500.32	496.92	6.038	34.808	10.19	58.73	600.0	0	9	101.5	10.8	0.0565	1.0	111115
78	"13:59:53"	191.5	-11.4	2.44	493	29.8	2.2	6	1	2.84	36.14	35.26	36.23	500.29	496.91	6.042	34.790	10.20	58.71	600.0	0	9	101.5	10.8	0.0565	1.0	111115
79	"13:59:55"	193.0	-11.4	2.42	493	29.7	2.2	6	1	2.84	36.13	35.25	36.22	500.25	496.89	6.048	34.712	10.21	58.60	600.0	-0	9	101.5	10.8	0.0565	1.0	111115
80	"13:59:56"	194.0	-11.6	2.4	493	29.6	2.21	6	1	2.84	36.13	35.25	36.22	500.16	497.01	6.050	34.655	10.22	58.51	599.9	-0	8	101.5	10.8	0.0565	1.0	111115
81	"13:59:57"	195.5	-11.8	2.38	494	29.6	2.21	6	1	2.84	36.12	35.25	36.21	500.04	497.16	6.057	34.608	10.23	58.45	600.0	-0	7	101.5	10.8	0.0565	1.0	111115
82	"13:59:58"	196.5	-12.1	2.4	494	29.6	2.21	6	1	2.84	36.12	35.25	36.21	499.93	497.32	6.064	34.677	10.24	58.58	600.0	-0	6	101.5	10.8	0.0565	1.0	111115
83	"13:59:59"	197.0	-12.2	2.42	494	29.7	2.2	6	1	2.84	36.12	35.25	36.21	499.93	497.37	6.070	34.733	10.25	58.68	600.0	-0	5	101.5	10.8	0.0565	1.0	111115
84	"14:00:01"	199.0	-13.1	2.52	496	29.9	2.17	6	1	2.84	36.11	35.24	36.20	499.46	497.70	6.106	34.995	10.32	59.14	600.0	-0	4	101.5	10.8	0.0565	0.7	111115
85	"14:00:02"	199.5	-13.3	2.54	496	30	2.17	6	1	2.84	36.11	35.24	36.20	499.39	497.75	6.114	35.043	10.33	59.22	600.0	-0	4	101.5	10.8	0.0565	0.7	111115
86	"14:00:03"	201.5	-13.8	2.58	497	30.1	2.16	6	1	2.84	36.11	35.24	36.19	499.17	497.94	6.107	35.144	10.32	59.41	600.0	0	3	101.5	10.8	0.0565	0.7	111115
87	"14:00:04"	202.5	-13.4	2.59	496	30.1	2.15	6	1	2.84	36.11	35.23	36.19	499.32	497.72	6.084	35.158	10.29	59.44	600.0	0	3	101.5	10.8	0.0565	0.7	111115
88	"14:00:06"	204.0	-13.1	2.6	495	30.2	2.15	6	1	2.84	36.10	35.23	36.18	499.50	497.55	6.052	35.163	10.23	59.46	600.0	-0	4	101.5	10.8	0.0565	0.7	111115
89	"14:00:07"	205.0	-13	2.59	495	30.1	2.15	6	1	2.84	36.10	35.23	36.18	499.44	497.49	6.043	35.134	10.22	59.42	600.0	-0	4	101.5	10.8	0.0565	0.3	111115
90	"14:00:08"	206.5	-13.2	2.59	496	30.1	2.16	6	1	2.84	36.09	35.22	36.18	499.35	497.60	6.043	35.109	10.22	59.40	600.0	0	3	101.5	10.8	0.0565	0.3	111115
91	"14:00:09"	207.5	-13.1	2.59	496	30.1	2.15	6	1	2.84	36.09	35.22	36.17	499.40	497.54	6.043	35.114	10.22	59.41	600.0	0	3	101.5	10.8	0.0565	0.3	111115
92	"14:00:11"	209.0	-12.7	2.6	495	30.1	2.15	6	1	2.84	36.09	35.22	36.17	499.68	497.42	6.042	35.127	10.23	59.45	600.0	0	3	101.5	10.8	0.0565	0.3	111115
93	"14:00:12"	210.0	-12.4	2.61	494	30.2	2.15	6	1	2.84	36.08	35.22	36.17	499.86	497.22	6.034	35.142	10.21	59.48	600.0	0	3	101.5	10.8	0.0565	0.3	111115
94	"14:00:13"	211.5	-12.5	2.6	495	30.2	2.15	6	1	2.84	36.08	35.21	36.16	499.86	497.33	6.011	35.118	10.18	59.45	600.0	0	3	101.5	10.8	0.0565	0.3	111115
95	"14:00:14"	212.5	-12.7	2.6	495	30.2	2.15	6	1	2.84	36.08	35.21	36.16	499.71	497.37	5.989	35.099	10.14	59.43	600.0	0	3	101.5	10.8	0.0565	0.7	111115
96	"14:00:16"	214.0	-13.3	2.6	496	30.2	2.15	6	1	2.84	36.07	35.21	36.15	499.43	497.73	5.966	35.087	10.10	59.42	600.0	-0	3	101.5	10.8	0.0565	0.7	111115
97	"14:00:17"	214.5	-13.5	2.61	496	30.2	2.15	6	1	2.84	36.07	35.21	36.15	499.32	497.82	5.965	35.094	10.10	59.44	600.0	-0	3	101.5	10.8	0.0565	0.7	111115
98	"14:00:18"	216.0	-14	2.64	497	30.2	2.14	6	1	2.84	36.07	35.20	36.15	499.02	497.99	5.981	35.168	10.13	59.58	599.9	-0	2	101.5	10.8	0.0565	1.0	111115
99	"14:00:19"	216.5	-13.9	2.64	497	30.3	2.14	6	1	2.84	36.07	35.20	36.15	499.08	497.90	5.992	35.190	10.15	59.62	599.9	-0	2	101.5	10.8	0.0565	1.0	111115
100	"14:00:20"	218.5	-13.8	2.68	496	30.3	2.13	6	1	2.84	36.06	35.20	36.14	499.11	497.79	6.045	35.302	10.24	59.82	599.9	-0	2	101.5	10.8	0.0565	1.0	111115
101	"14:00:21"	219.0	-13.9	2.69	497	30.3	2.13	6	1	2.84	36.06	35.20	36.14	499.08	497.85	6.049	35.327	10.25	59.87	600.0	-0	2	101.5	10.8	0.0565	1.0	111115
102	"14:00:23"	221.0	-13.9	2.76	496	30.5	2.11	6	1	2.84	36.06	35.20	36.13	499.18	497.84	5.996	35.451	10.16	60.09	600.0	-0	2	101.5	10.8	0.0565	1.0	111115
103	"14:00:24"	222.5	-14.1	2.82	497	30.7	2.1	6	1	2.84	36.06	35.20	36.13	499.17	497.95	5.888	35.539	9.98	60.25	600.0	-0	2	101.5	10.8	0.0565	0.7	111115
104	"14:00:25"	223.5	-14.1	2.86	497	30.9	2.1	6	1	2.84	36.05	35.19	36.13	499.20	497.93	5.820	35.584	9.87	60.33	600.0	0	2	101.5	10.8	0.0565	0.3	111115
105	"14:00:27"	225.0	-13.5	2.87	496	30.9	2.1	6	1	2.84	36.05	35.20	36.12	499.48	497.55	5.767	35.596	9.78	60.37	600.0	0	2	101.5	10.8	0.0565	0.3	111115
106	"14:00:28"	226.0	-13.2	2.86	495	30.9	2.1	6	1	2.84	36.05	35.20	36.12	499.50	497.35	5.769	35.570	9.79	60.33	600.0	0	2	101.5	10.8	0.0565	0.3	111115
107	"14:00:29"	227.5	-13.7	2.82	496	30.8	2.11	6	1	2.84	36.04	35.20	36.11	499.14	497.48	5.810	35.505	9.86	60.23	600.0	0	2	101.5	10.8	0.0565	0.7	111115
108	"14:00:30"	228.5	-14.2	2.79	497	30.7	2.11	6	1	2.84	36.04	35.19	36.11	498.81	497.77	5.853	35.452	9.93	60.15	600.0	0	2	101.5	10.8	0.0565	0.7	111115
109	"14:00:32"	230.0	-14.1	2.77	496	30.6	2.11	6	1	2.84	36.04	35.19	36.11	498.85	497.70	5.915	35.425	10.04	60.12	600.0	0	2	101.5	10.8	0.0565	0.7	111115
110	"14:00:33"	231.0	-13.9	2.75	496	30.5	2.12	6	1	2.84	36.03	35.20	36.10	498.92	497.65	5.941	35.401	10.09	60.09	600.0	0	2	101.5	10.8	0.0565	0.7	111115
111	"14:00:34"	232.5	-13	2.75	495	30.5	2.12	6	1	2.84	36.03	35.20	36.10	499.41	497.26	5.939	35.391	10.08	60.08	600.0	0	2	101.5	10.8	0.0565	0.7	111115
112	"14:00:35"	233.5	-13.8	2.73	496	30.5	2.12	6	1	2.84	36.03	35.20	36.10	499.04	497.62	5.912	35.347	10.04	60.02	600.0	0	2	101.5	10.8	0.0565	0.7	111115
113	"14:00:37"	235.0	-13.9	2.71	496	30.5	2.13	6	1	2.84	36.02	35.19	36.09	499.03	497.78	5.820	35.243	9.88	59.85	600.0	0	3	101.5	10.8	0.0565	0.7	111115
114	"14:00:38"	236.0	-14.1	2.69	497	30.5	2.14	6	1	2.84	36.02	35.18	36.09	498.85	497.81	5.724	35.152	9.72	59.71	600.0	0	3	101.5	10.8	0.0565	1.0	111115
115	"14:00:39"	237.5	-13.3	2.67	495	30.5	2.15	6	1	2.84	36.02	35.17	36.09	499.33	497.47	5.545	35.010	9.42	59.48	600.0	-0	2	101.5	10.8	0.0565	0.7	111115
116	"14:00:40"	238.0	-13.2	2.66	495	30.5	2.15	6	1	2.84	36.01	35.17	36.08	499.38	497.35	5.486	34.956	9.32	59.40	600.0	-0	2	101.5	10.8	0.0565	0.7	111115
117	"14:00:41"	239.5	-13.2	2.62	495	30.5	2.17	6	1	2.84	36.01	35.16	36.08	499.37	497.40	5.336	34.788	9.07	59.12	600.0	-0	1	101.5	10.8	0.0565	0.7	111115
118	"14:00:43"	241.0	-12.8	2.58	495	30.4	2.18	6	1	2.84	36.01	35.16	36.08	499.55	497.19	5.232	34.618	8.89	58.84	600.0	-0	1	101.5	10.8	0.0565	0.3	111115
119	"14:00:44"	242.0	-12.5	2.54	494	30.4	2.19	6	1	2.84	36.00	35.15	36.08	499.67	497.08	5.181	34.495	8.81	58.65	600.0	-0	0	101.5	10.8	0.0565	0.3	111115
120	"14:00:45"	243.5	-11.9	2.48	493	30.2	2.21	6	1	2.84	36.00	35.15	36.07	499.89	496.78	5.132	34.308	8.73	58.34	600.0	0	0	101.5	10.8	0.0565	0.3	111115
121	"14:00:46"	244.5	-11.7	2.43	493	30.1	2.23	6	1	2.84	36.00	35.15	36.07	499.97	496.72	5.119	34.172	8.71	58.12	600.0	-0	0	101.5	10.8	0.0565	0.3	111115
122	"14:00:48"	246.0	-11.3	2.36	493	29.9	2.25	6	1	2.84	35.99	35.15	36.07	500.18	496.67	5.129	33.976	8.72	57.79	600.0	0	0	101.5	10.8	0.0565	0.3	111115
123	"14:00:49"	247.0	-11	2.32	492	29.7	2.26	6	1	2.84	35.99	35.15	36.06	500.46	496.65	5.149	33.860	8.76	57.60	600.0	0	0	101.5	10.8	0.0565	0.3	111115
124	"14:00:50"	247.5	-10.6	2.29	492	29.6	2.26	6	1	2.84	35.99	35.15	36.06	500.63	496.55	5.165	33.794	8.79	57.50	600.0	0	0	101.5	10.8	0.0565	0.3	111115
125	"14:00:51"	248.5	-10.5	2.25	492	29.5	2.28	6	1	2.84	35.99	35.15	36.06	500.68	496.55	5.202	33.681	8.85	57.31	600.0	0	0	101.5	10.8	0.0565	0.3	111115
126	"14:00:52"	250.5	-10.8	2.17	492	29.2	2.3	6	1	2.84	35.98	35.14	36.06	500.39	496.68	5.290	33.468	9.00	56.96	600.0	-0	0	101.5	10.8	0.0565	0.3	111115
127	"14:00:54"	252.0	-11.1	2.13	493	29	2.31	6	1	2.84	35.98	35.14	36.05	500.17	496.84	5.346	33.338	9.10	56.75	600.0	-0	0	101.5	10.8	0.0565	0.3	111115
128	"14:00:55"	253.0	-11.1	2.1	493	28.8	2.32	6	1	2.84	35.98	35.14	36.05	500.16	496.88	5.379	33.269	9.16	56.64	600.0	-0	0	101.5	10.8	0.0565	0.3	111115
129	"14:00:56"	254.5	-11	2.07	493	28.7	2.33	6	1	2.84	35.98	35.14	36.05	500.20	496.92	5.420	33.191	9.23	56.51	600.0	0	0	101.5	10.8	0.0565	0.3	111115
130	"14:00:57"	255.5	-11.1	2.06	493	28.7	2.33	6	1	2.84	35.97	35.15	36.04	500.10	496.99	5.443	33.148	9.27	56.45	600.0	0	0	101.5	10.8	0.0565	0.3	111115
131	"14:00:59"	257.0	-11.3	2.04	494	28.6	2.34	6	1	2.84	35.97	35.15	36.04	500.03	497.15	5.472	33.096	9.32	56.37	600.0	0	0	101.5	10.8	0.0565	0.3	111115
132	"14:01:00"	258.0	-11.5	2.03	494	28.5	2.34	6	1	2.84	35.97	35.15	36.04	499.97	497.25	5.491	33.065	9.35	56.32	600.0	0	0	101.5	10.8	0.0565	0.7	111115
133	"14:01:01"	259.5	-11.4	2.01	494	28.4	2.34	6	1	2.84	35.97	35.14	36.04	500.05	497.32	5.525	33.026	9.41	56.26	600.0	0	0	101.5	10.8	0.0565	0.7	111115
134	"14:01:02"	260.5	-11.4	2.01	494	28.4	2.34	6	1	2.84	35.97	35.14	36.03	500.05	497.36	5.546	32.996	9.45	56.21	600.0	-0	0	101.5	10.8	0.0565	0.3	111115
135	"14:01:04"	262.0	-11.4	1.99	494	28.3	2.35	6	1	2.84	35.96	35.13	36.03	500.09	497.39	5.567	32.957	9.49	56.15	600.0	0	0	101.5	10.8	0.0565	0.3	111115
136	"14:01:05"	263.0	-11.6	1.99	494	28.3	2.35	6	1	2.84	35.96	35.14	36.03	500.02	497.56	5.575	32.944	9.50	56.14	600.0	0	0	101.5	10.8	0.0565	0.3	111115
137	"14:01:06"	264.5	-12.3	1.98	496	28.3	2.35	6	1	2.84	35.96	35.13	36.02	499.68	497.94	5.583	32.932	9.51	56.12	600.0	0	0	101.5	10.8	0.0565	0.3	111115
138	"14:01:07"	265.5	-12.7	1.98	496	28.3	2.35	6	1	2.84	35.96	35.13	36.02	499.51	498.12	5.584	32.922	9.52	56.11	600.0	0	0	101.5	10.8	0.0565	0.3	111115
139	"14:01:09"	267.0	-12.5	1.98	496	28.2	2.35	6	1	2.84	35.96	35.13	36.02	499.62	498.03	5.579	32.899	9.51	56.08	600.0	-0	0	101.5	10.8	0.0565	0.3	111115
140	"14:01:10"	268.0	-12	1.97	495	28.2	2.35	6	1	2.84	35.96	35.13	36.02	499.88	497.84	5.577	32.876	9.51	56.04	600.0	0	0	101.5	10.8	0.0565	0.3	111115
141	"14:01:11"	269.5	-11.5	1.96	494	28.2	2.35	6	1	2.84	35.95	35.12	36.01	500.17	497.65	5.581	32.843	9.52	55.99	600.0	-0	0	101.5	10.8	0.0565	0.3	111115
142	"14:01:12"	270.5	-11.6	1.96	495	28.2	2.36	6	1	2.84	35.95	35.13	36.01	500.13	497.69	5.587	32.820	9.53	55.96	600.0	0	0	101.5	10.8	0.0565	0.3	111115
143	"14:01:14"	272.0	-11.9	1.95	495	28.1	2.36	6	1	2.84	35.95	35.13	36.01	499.94	497.85	5.590	32.794	9.53	55.92	600.0	0	0	101.5	10.8	0.0565	0.3	111115
144	"14:01:15"	273.0	-11.8	1.94	495	28.1	2.36	6	1	2.84	35.95	35.14	36.01	500.01	497.79	5.585	32.788	9.52	55.91	600.0	-0	0	101.5	10.8	0.0565	0.3	111115
145	"14:01:16"	274.5	-11.7	1.94	495	28.1	2.37	6	1	2.84	35.95	35.14	36.00	500.06	497.80	5.572	32.761	9.50	55.88	600.0	-0	0	101.5	10.8	0.0565	0.3	111115
146	"14:01:17"	275.5	-11.7	1.94	495	28.1	2.37	6	1	2.84	35.94	35.13	36.00	500.10	497.84	5.564	32.740	9.49	55.84	600.0	-0	0	101.5	10.8	0.0565	0.3	111115
147	"14:01:19"	277.0	-12.2	1.93	496	28.1	2.37	6	1	2.84	35.94	35.13	36.00	499.85	498.03	5.556	32.717	9.48	55.81	600.0	-0	0	101.5	10.8	0.0565	0.3	111115
148	"14:01:20"	278.0	-12.5	1.93	496	28.1	2.37	6	1	2.84	35.94	35.13	36.00	499.66	498.15	5.554	32.708	9.48	55.80	600.0	0	0	101.5	10.8	0.0565	0.3	111115
149	"14:01:21"	279.5	-12.3	1.93	496	28.1	2.37	6	1	2.84	35.94	35.13	36.00	499.77	498.13	5.559	32.698	9.48	55.79	600.0	-0	0	101.5	10.8	0.0565	0.7	111115
150	"14:01:22"	280.5	-12.1	1.93	496	28.1	2.37	6	1	2.84	35.94	35.13	35.99	499.94	498.04	5.561	32.696	9.49	55.79	600.0	-0	0	101.5	10.8	0.0565	0.7	111115
151	"14:01:24"	282.0	-11.6	1.93	495	28	2.37	6	1	2.84	35.94	35.13	35.99	500.27	497.95	5.559	32.695	9.49	55.80	599.9	-0	0	101.5	10.8	0.0565	1.0	111115
152	"14:01:25"	283.0	-11.7	1.93	495	28.1	2.37	6	1	2.84	35.93	35.13	35.99	500.30	497.99	5.550	32.691	9.47	55.79	599.9	0	0	101.5	10.8	0.0565	1.0	111115
153	"14:01:26"	284.5	-11.8	1.92	495	28.1	2.37	6	1	2.84	35.93	35.14	35.99	500.29	498.07	5.534	32.678	9.45	55.78	600.0	0	0	101.5	10.8	0.0565	1.0	111115
154	"14:01:27"	285.5	-11.8	1.92	495	28.1	2.38	6	1	2.84	35.93	35.14	35.99	500.30	498.10	5.531	32.663	9.44	55.76	600.0	0	0	101.5	10.8	0.0565	0.7	111115
155	"14:01:29"	287.0	-11.6	1.92	495	28	2.38	6	1	2.84	35.93	35.13	35.98	500.37	498.06	5.545	32.655	9.47	55.75	600.0	0	0	101.5	10.8	0.0565	0.7	111115
156	"14:01:30"	288.0	-11.6	1.92	495	28	2.37	6	1	2.84	35.93	35.13	35.98	500.38	498.04	5.561	32.649	9.49	55.75	600.0	0	0	101.5	10.8	0.0565	0.7	111115
157	"14:01:31"	289.5	-11.5	1.91	495	28	2.37	6	1	2.84	35.92	35.12	35.98	500.40	497.99	5.583	32.640	9.53	55.73	600.0	0	0	101.5	10.8	0.0565	1.0	111115
158	"14:01:32"	290.5	-11.6	1.91	495	28	2.37	6	1	2.84	35.92	35.12	35.98	500.30	498.02	5.593	32.639	9.55	55.74	600.0	0	0	101.5	10.8	0.0565	1.0	111115
159	"14:01:34"	292.0	-12.2	1.92	496	28	2.37	6	1	2.84	35.92	35.11	35.97	500.02	498.26	5.606	32.661	9.57	55.78	600.0	0	0	101.5	10.8	0.0565	1.0	111115
160	"14:01:35"	293.0	-12.3	1.93	496	28	2.37	6	1	2.84	35.92	35.11	35.97	499.99	498.34	5.615	32.681	9.59	55.82	600.0	0	0	101.5	10.8	0.0565	1.0	111115
161	"14:01:36"	294.5	-12.5	1.92	497	28	2.36	6	1	2.84	35.92	35.11	35.97	499.82	498.42	5.624	32.677	9.61	55.82	600.0	0	0	101.5	10.8	0.0565	1.0	111115
162	"14:01:37"	295.5	-12.4	1.91	496	27.9	2.37	6	1	2.84	35.92	35.10	35.97	499.82	498.33	5.625	32.634	9.61	55.75	600.0	0	0	101.5	10.8	0.0565	1.0	111115
163	"14:01:39"	297.0	-12.4	1.88	496	27.8	2.38	6	1	2.84	35.92	35.11	35.97	499.57	498.14	5.632	32.517	9.62	55.55	600.0	0	0	101.5	10.8	0.0565	0.7	111115
164	"14:01:40"	298.0	-12.1	1.86	496	27.7	2.39	6	1	2.84	35.91	35.11	35.96	499.67	497.98	5.646	32.443	9.65	55.43	600.0	0	0	101.5	10.8	0.0565	1.0	111115
165	"14:01:41"	299.5	-11.2	1.83	494	27.6	2.4	6	1	2.84	35.91	35.11	35.96	500.05	497.59	5.685	32.354	9.71	55.29	599.9	0	0	101.5	10.8	0.0565	1.0	111115
166	"14:01:42"	300.5	-11	1.82	494	27.5	2.4	6	1	2.84	35.91	35.11	35.96	500.20	497.53	5.711	32.315	9.76	55.23	600.0	0	0	101.5	10.8	0.0565	1.0	111115
167	"14:01:44"	302.0	-10.8	1.81	494	27.4	2.41	6	1	2.84	35.91	35.11	35.96	500.29	497.49	5.731	32.262	9.80	55.14	600.0	0	0	101.5	10.8	0.0565	0.3	111115
168	"14:01:45"	303.0	-10.8	1.8	494	27.4	2.41	6	1	2.84	35.91	35.11	35.96	500.33	497.53	5.730	32.229	9.79	55.09	600.0	0	0	101.5	10.8	0.0565	0.3	111115
169	"14:01:46"	304.5	-10.7	1.79	494	27.4	2.42	6	1	2.84	35.91	35.12	35.95	500.44	497.50	5.718	32.188	9.77	55.02	600.0	0	0	101.5	10.8	0.0565	0.3	111115
170	"14:01:47"	305.5	-10.6	1.78	493	27.3	2.42	6	1	2.84	35.90	35.12	35.95	500.48	497.49	5.713	32.161	9.77	54.98	600.0	-0	0	101.5	10.8	0.0565	0.3	111115
171	"14:01:49"	307.0	-10.6	1.77	493	27.3	2.42	6	1	2.84	35.90	35.11	35.95	500.47	497.48	5.716	32.116	9.77	54.91	600.0	0	0	101.5	10.8	0.0565	0.3	111115
172	"14:01:50"	308.0	-10.6	1.77	493	27.2	2.43	6	1	2.84	35.90	35.11	35.95	500.42	497.49	5.722	32.083	9.78	54.86	600.0	0	0	101.5	10.8	0.0565	0.3	111115
173	"14:01:51"	309.5	-10.8	1.75	494	27.2	2.43	6	1	2.84	35.90	35.11	35.95	500.27	497.53	5.734	32.032	9.81	54.78	600.0	0	0	101.5	10.8	0.0565	0.3	111115
174	"14:01:52"	310.5	-10.9	1.75	494	27.1	2.43	6	1	2.84	35.90	35.11	35.94	500.18	497.57	5.742	32.006	9.82	54.74	600.0	0	0	101.5	10.8	0.0565	0.3	111115
175	"14:01:54"	312.0	-10.9	1.74	494	27.1	2.44	6	1	2.84	35.89	35.11	35.94	500.19	497.66	5.755	31.960	9.84	54.67	600.0	-0	0	101.5	10.8	0.0565	0.3	111115
176	"14:01:55"	313.0	-10.9	1.73	494	27	2.44	6	1	2.84	35.89	35.11	35.94	500.23	497.66	5.763	31.934	9.86	54.63	600.0	-0	0	101.5	10.8	0.0565	0.3	111115
177	"14:01:56"	314.5	-10.7	1.72	494	27	2.45	6	1	2.84	35.89	35.11	35.94	500.41	497.69	5.776	31.888	9.88	54.56	599.9	-0	0	101.5	10.8	0.0565	0.3	111115
178	"14:01:57"	315.5	-10.7	1.71	494	26.9	2.45	6	1	2.84	35.89	35.11	35.93	500.41	497.71	5.784	31.865	9.90	54.52	599.9	-0	0	101.5	10.8	0.0565	0.7	111115
179	"14:01:59"	317.0	-10.7	1.7	494	26.9	2.45	6	1	2.84	35.89	35.11	35.93	500.46	497.79	5.796	31.823	9.92	54.45	600.0	-0	0	101.5	10.8	0.0565	0.7	111115
180	"14:02:00"	318.0	-10.8	1.7	494	26.9	2.45	6	1	2.84	35.89	35.10	35.93	500.43	497.84	5.803	31.800	9.93	54.42	600.0	0	0	101.5	10.8	0.0565	0.3	111115
181	"14:02:01"	319.5	-10.8	1.69	494	26.8	2.46	6	1	2.84	35.88	35.10	35.93	500.37	497.84	5.814	31.766	9.95	54.37	600.0	-0	0	101.5	10.8	0.0565	0.3	111115
182	"14:02:02"	320.5	-10.8	1.68	494	26.8	2.46	6	1	2.84	35.88	35.10	35.93	500.35	497.85	5.821	31.743	9.96	54.33	600.0	-0	0	101.5	10.8	0.0565	0.3	111115
183	"14:02:04"	322.0	-10.9	1.68	495	26.7	2.46	6	1	2.84	35.88	35.10	35.92	500.33	497.94	5.831	31.709	9.98	54.28	600.0	-0	0	101.5	10.8	0.0565	0.3	111115
184	"14:02:05"	323.0	-10.9	1.67	495	26.7	2.46	6	1	2.84	35.88	35.09	35.92	500.38	497.96	5.838	31.685	9.99	54.24	600.0	-0	0	101.5	10.8	0.0565	0.3	111115
185	"14:02:06"	324.5	-10.9	1.66	495	26.6	2.47	6	1	2.84	35.88	35.10	35.92	500.37	498.03	5.848	31.643	10.01	54.17	600.0	0	0	101.5	10.8	0.0565	0.3	111115
186	"14:02:07"	325.5	-10.9	1.66	495	26.6	2.47	6	1	2.84	35.88	35.10	35.92	500.40	498.02	5.856	31.622	10.03	54.14	600.0	-0	0	101.5	10.8	0.0565	0.3	111115
187	"14:02:09"	327.0	-10.9	1.65	495	26.6	2.47	6	1	2.84	35.87	35.09	35.92	500.40	498.09	5.866	31.593	10.05	54.10	600.0	-0	0	101.5	10.8	0.0565	0.3	111115
188	"14:02:10"	328.0	-10.9	1.65	495	26.5	2.47	6	1	2.84	35.87	35.09	35.92	500.39	498.11	5.873	31.577	10.06	54.08	600.0	-0	0	101.5	10.8	0.0565	0.3	111115
189	"14:02:11"	329.5	-11	1.64	495	26.5	2.47	6	1	2.84	35.87	35.09	35.91	500.36	498.18	5.883	31.553	10.08	54.04	600.0	0	0	101.5	10.8	0.0565	0.3	111115
190	"14:02:12"	330.5	-11.1	1.64	495	26.5	2.47	6	1	2.84	35.87	35.09	35.91	500.32	498.21	5.890	31.532	10.09	54.01	600.0	0	0	101.5	10.8	0.0565	0.3	111115
191	"14:02:14"	332.0	-11.2	1.63	495	26.4	2.48	6	1	2.84	35.87	35.08	35.91	500.26	498.26	5.899	31.511	10.11	53.98	600.1	0	0	101.5	10.8	0.0565	0.3	111115
192	"14:02:15"	333.0	-11.1	1.63	495	26.4	2.48	6	1	2.84	35.87	35.08	35.91	500.30	498.28	5.906	31.490	10.12	53.95	600.0	0	0	101.5	10.8	0.0565	0.3	111115
193	"14:02:16"	334.5	-11.1	1.62	495	26.4	2.48	6	1	2.84	35.86	35.08	35.91	500.32	498.29	5.915	31.465	10.13	53.91	600.0	0	0	101.5	10.8	0.0565	0.3	111115
194	"14:02:17"	335.5	-11.1	1.62	495	26.4	2.48	6	1	2.84	35.86	35.08	35.90	500.31	498.31	5.922	31.449	10.15	53.89	600.0	0	0	101.5	10.8	0.0565	0.3	111115
195	"14:02:19"	337.0	-11.2	1.61	496	26.3	2.48	6	1	2.84	35.86	35.08	35.90	500.21	498.32	5.933	31.427	10.17	53.85	599.9	0	0	101.5	10.8	0.0565	0.3	111115
196	"14:02:20"	338.0	-11.2	1.61	496	26.3	2.49	6	1	2.84	35.86	35.08	35.90	500.19	498.29	5.939	31.413	10.18	53.84	599.9	0	0	101.5	10.8	0.0565	0.3	111115
197	"14:02:21"	339.5	-11.2	1.6	495	26.3	2.49	6	1	2.84	35.86	35.08	35.90	500.18	498.24	5.948	31.391	10.20	53.80	599.9	0	0	101.5	10.8	0.0565	0.3	111115
198	"14:02:22"	340.5	-11	1.6	495	26.2	2.49	6	1	2.84	35.86	35.08	35.90	500.22	498.19	5.955	31.377	10.21	53.79	600.0	0	0	101.5	10.8	0.0565	0.3	111115
199	"14:02:24"	342.0	-11	1.6	495	26.2	2.49	6	1	2.84	35.85	35.08	35.89	500.29	498.21	5.964	31.354	10.22	53.75	600.1	0	1	101.5	10.8	0.0565	1.0	111115
200	"14:02:25"	343.0	-11.1	1.59	495	26.2	2.49	6	1	2.84	35.85	35.07	35.89	500.29	498.29	5.971	31.334	10.24	53.72	600.1	0	1	101.5	10.8	0.0565	1.0	111115
201	"14:02:26"	344.5	-11.1	1.59	496	26.1	2.49	6	1	2.84	35.85	35.07	35.89	500.25	498.34	5.980	31.306	10.25	53.68	600.1	0	1	101.5	10.8	0.0565	1.0	111115
202	"14:02:27"	345.5	-11.1	1.58	496	26.1	2.5	6	1	2.84	35.85	35.07	35.89	500.27	498.33	5.987	31.284	10.27	53.65	600.1	0	1	101.5	10.8	0.0565	1.0	111115
203	"14:02:29"	347.0	-11	1.58	495	26.1	2.5	6	1	2.84	35.85	35.07	35.89	500.25	498.31	5.996	31.252	10.28	53.60	600.0	0	1	101.5	10.8	0.0565	1.0	111115
204	"14:02:30"	348.0	-11.1	1.57	496	26	2.5	6	1	2.84	35.84	35.07	35.88	500.23	498.33	6.001	31.232	10.29	53.57	600.0	0	1	101.5	10.8	0.0565	1.0	111115
205	"14:02:31"	349.5	-11.2	1.56	496	26	2.5	6	1	2.84	35.84	35.06	35.88	500.14	498.40	6.009	31.195	10.31	53.51	599.9	0	1	101.5	10.8	0.0565	0.7	111115
206	"14:02:32"	350.5	-11.2	1.56	496	26	2.5	6	1	2.84	35.84	35.06	35.88	500.14	498.43	6.016	31.173	10.32	53.48	600.0	0	0	101.5	10.8	0.0565	0.7	111115
207	"14:02:34"	352.0	-11.2	1.56	496	25.9	2.5	6	1	2.84	35.84	35.05	35.88	500.18	498.44	6.026	31.139	10.34	53.43	600.0	0	0	101.5	10.8	0.0565	0.7	111115
208	"14:02:35"	353.0	-11.1	1.55	496	25.9	2.51	6	1	2.84	35.84	35.05	35.88	500.19	498.43	6.032	31.121	10.35	53.40	600.0	-0	1	101.5	10.8	0.0565	0.7	111115
209	"14:02:36"	354.5	-11.1	1.55	496	25.9	2.51	6	1	2.84	35.83	35.05	35.87	500.23	498.41	6.040	31.096	10.37	53.37	600.0	-0	0	101.5	10.8	0.0565	0.7	111115
210	"14:02:37"	355.5	-11	1.54	496	25.8	2.51	6	1	2.84	35.83	35.05	35.87	500.30	498.39	6.047	31.083	10.38	53.35	600.0	-0	0	101.5	10.8	0.0565	0.7	111115
211	"14:02:39"	357.0	-11	1.54	496	25.8	2.51	6	1	2.84	35.83	35.04	35.87	500.27	498.43	6.055	31.055	10.40	53.31	600.0	0	0	101.5	10.8	0.0565	0.7	111115
212	"14:02:40"	358.0	-11	1.54	496	25.8	2.51	6	1	2.84	35.83	35.04	35.87	500.26	498.41	6.062	31.036	10.41	53.29	600.0	0	0	101.5	10.8	0.0565	0.7	111115
213	"14:02:41"	359.5	-11.1	1.53	496	25.7	2.51	6	1	2.84	35.82	35.03	35.87	500.15	498.43	6.069	31.007	10.42	53.25	600.0	0	1	101.5	10.8	0.0565	0.7	111115
214	"14:02:42"	360.5	-11.1	1.53	496	25.7	2.51	6	1	2.84	35.82	35.03	35.86	500.14	498.43	6.074	30.990	10.43	53.22	600.0	0	1	101.5	10.8	0.0565	0.7	111115
215	"14:02:43"	361.0	-11.1	1.53	496	25.7	2.51	6	1	2.84	35.82	35.03	35.86	500.16	498.41	6.077	30.982	10.44	53.21	600.0	0	1	101.5	10.8	0.0565	0.7	111115
216	"14:02:45"	363.0	-11.1	1.52	496	25.7	2.51	6	1	2.84	35.82	35.02	35.86	500.14	498.48	6.088	30.951	10.46	53.17	600.0	0	0	101.5	10.8	0.0565	0.7	111115
217	"14:02:46"	364.5	-11.2	1.52	496	25.6	2.51	6	1	2.84	35.81	35.02	35.86	500.10	498.51	6.098	30.925	10.48	53.14	600.0	-0	0	101.5	10.8	0.0565	0.7	111115
218	"14:02:47"	365.0	-11.2	1.52	496	25.6	2.52	6	1	2.84	35.81	35.02	35.86	500.11	498.55	6.100	30.916	10.48	53.12	600.0	-0	0	101.5	10.8	0.0565	0.7	111115
219	"14:02:49"	367.0	-11.2	1.51	496	25.6	2.52	6	1	2.84	35.81	35.02	35.85	500.10	498.52	6.112	30.881	10.50	53.08	600.0	0	0	101.5	10.8	0.0565	0.7	111115
220	"14:02:50"	368.0	-11.2	1.51	496	25.5	2.52	6	1	2.84	35.81	35.02	35.85	500.06	498.52	6.118	30.869	10.52	53.06	600.0	0	0	101.5	10.8	0.0565	0.7	111115
221	"14:02:51"	369.5	-11.1	1.5	496	25.5	2.52	6	1	2.84	35.80	35.01	35.85	500.07	498.48	6.125	30.853	10.53	53.04	600.0	0	0	101.5	10.8	0.0565	0.7	111115
222	"14:02:52"	370.5	-11.1	1.5	496	25.5	2.52	6	1	2.84	35.80	35.00	35.85	500.07	498.49	6.130	30.838	10.54	53.03	600.0	0	0	101.5	10.8	0.0565	0.7	111115
223	"14:02:54"	372.0	-11.1	1.5	496	25.5	2.52	6	1	2.84	35.80	34.99	35.84	500.11	498.51	6.138	30.815	10.56	53.00	600.0	0	0	101.5	10.8	0.0565	1.0	111115
224	"14:02:55"	373.0	-11.1	1.5	496	25.4	2.52	6	1	2.84	35.79	34.99	35.84	500.11	498.54	6.144	30.794	10.57	52.97	600.0	-0	0	101.5	10.8	0.0565	1.0	111115
225	"14:02:56"	374.5	-11.1	1.49	496	25.4	2.52	6	1	2.84	35.79	34.99	35.84	500.09	498.55	6.150	30.773	10.58	52.95	599.9	-0	0	101.5	10.8	0.0565	1.0	111115
226	"14:02:57"	375.0	-11.2	1.49	496	25.4	2.52	6	1	2.84	35.79	34.98	35.84	500.00	498.58	6.152	30.766	10.59	52.94	599.9	-0	0	101.5	10.8	0.0565	1.0	111115
227	"14:02:58"	376.5	-11.4	1.49	497	25.4	2.52	6	1	2.84	35.78	34.98	35.83	499.96	498.67	6.159	30.744	10.60	52.91	599.9	-0	1	101.5	10.8	0.0565	1.0	111115
228	"14:03:00"	378.0	-11.4	1.49	497	25.3	2.52	6	1	2.84	35.78	34.98	35.83	499.98	498.72	6.168	30.727	10.62	52.89	600.0	0	1	101.5	10.8	0.0565	1.0	111115
229	"14:03:01"	379.0	-11.3	1.48	497	25.3	2.52	6	1	2.84	35.78	34.97	35.83	500.05	498.70	6.175	30.711	10.63	52.87	600.0	0	1	101.5	10.8	0.0565	1.0	111115
230	"14:03:02"	379.5	-11.3	1.48	497	25.3	2.52	6	1	2.84	35.78	34.97	35.83	500.05	498.70	6.178	30.706	10.64	52.87	600.0	0	1	101.5	10.8	0.0565	1.0	111115
231	"14:03:03"	381.5	-11.2	1.48	497	25.3	2.52	6	1	2.84	35.77	34.95	35.82	500.00	498.64	6.188	30.667	10.66	52.82	600.0	0	1	101.5	10.8	0.0565	1.0	111115
232	"14:03:04"	382.5	-11.2	1.48	497	25.2	2.52	6	1	2.84	35.77	34.95	35.82	499.99	498.65	6.192	30.651	10.67	52.80	600.0	0	1	101.5	10.8	0.0565	1.0	111115
233	"14:03:06"	384.0	-11.1	1.48	496	25.2	2.52	6	1	2.84	35.76	34.94	35.82	500.04	498.61	6.198	30.631	10.68	52.77	600.0	0	1	101.5	10.8	0.0565	1.0	111115
234	"14:03:07"	385.0	-11.2	1.47	497	25.2	2.52	6	1	2.84	35.76	34.94	35.81	500.04	498.65	6.203	30.617	10.69	52.76	600.0	0	1	101.5	10.8	0.0565	1.0	111115
235	"14:03:08"	386.5	-11.2	1.47	497	25.2	2.52	6	1	2.84	35.76	34.94	35.81	500.04	498.68	6.210	30.594	10.70	52.73	600.0	0	0	101.5	10.8	0.0565	1.0	111115
236	"14:03:09"	387.5	-11.3	1.47	497	25.1	2.52	6	1	2.84	35.75	34.94	35.81	499.97	498.72	6.214	30.575	10.71	52.71	600.0	0	1	101.5	10.8	0.0565	1.0	111115
237	"14:03:11"	389.0	-11.3	1.46	497	25.1	2.53	6	1	2.84	35.75	34.93	35.80	499.94	498.71	6.221	30.559	10.73	52.69	600.0	0	1	101.5	10.8	0.0565	1.0	111115
238	"14:03:12"	390.0	-11.3	1.46	497	25.1	2.53	6	1	2.84	35.75	34.93	35.80	499.91	498.68	6.225	30.545	10.74	52.68	600.0	-0	1	101.5	10.8	0.0565	1.0	111115
239	"14:03:13"	391.5	-11.3	1.46	497	25.1	2.53	6	1	2.84	35.74	34.92	35.80	499.92	498.73	6.231	30.524	10.75	52.66	600.1	-0	1	101.5	10.8	0.0565	1.0	111115
240	"14:03:14"	392.5	-11.3	1.46	497	25	2.53	6	1	2.84	35.74	34.92	35.79	499.94	498.73	6.235	30.507	10.76	52.64	600.1	-0	1	101.5	10.8	0.0565	1.0	111115
241	"14:03:16"	394.0	-11.2	1.45	497	25	2.53	6	1	2.84	35.73	34.91	35.79	499.98	498.74	6.242	30.483	10.77	52.61	600.1	0	1	101.5	10.8	0.0565	1.0	111115
242	"14:03:17"	395.0	-11.2	1.45	497	25	2.53	6	1	2.84	35.73	34.91	35.79	500.01	498.75	6.247	30.468	10.78	52.59	600.0	0	1	101.5	10.8	0.0565	1.0	111115
