"OPEN 5.3.2"
"Fri Aug  3 2018 08:11:24"
"Unit="	"PSC-895"
"ComputeList="	"/User/Configs/Comps/Default"
"BLCTable="	"/Sys/Lib/StdBLCTable"
"LightSource="	"Sun+Sky"	1	0.19
"LogFormat="	"/User/Configs/LogFormats/Std Output"
"LogCodes="	-35	-21	-36	30	23	36	21	25	-33	-34	-32	-9	-10	-8	-1	-2	-4	-5	-14	-15	-7	-12	-13	-11	-65	-66	-72	-23
"PromptList="	"/User/Configs/Prompts/Default (none)"
"Stability= (CO2S 15s SLP<1)(H2OS 15s SLP<1)(Flow 15s SLP<1)"
"08:11:26 co2 500 flow 600. note; fineroots-15 is fineroot-16"
$STARTOFDATA$
"Obs"	"HHMMSS"	"FTime"	"Photo"	"Cond"	"Ci"	"Trmmol"	"VpdL"	"Area"	"StmRat"	"BLCond"	"Tair"	"Tleaf"	"TBlk"	"CO2R"	"CO2S"	"H2OR"	"H2OS"	"RH_R"	"RH_S"	"Flow"	"PARi"	"PARo"	"Press"	"CsMch"	"HsMch"	"StableF"	"Status"
1	"08:14:26"	196.5	-4.85	-8.25	482	38.8	0.874	6	1	2.84	31.86	31.66	31.73	500.15	486.14	0.054	37.407	0.12	80.39	599.9	-0	108	101.8	1.97	-0.101	0.7	111115
2	"08:14:27"	197.5	-4.92	-8.28	482	38.8	0.876	6	1	2.84	31.86	31.66	31.73	500.05	486.11	0.052	37.393	0.11	80.35	599.9	-0	143	101.8	1.97	-0.101	0.7	111115
3	"08:14:29"	199.0	-4.78	-8.29	482	38.8	0.876	6	1	2.84	31.87	31.66	31.73	500.14	486.07	0.052	37.393	0.11	80.34	599.9	-0	169	101.8	1.97	-0.101	1.0	111115
4	"08:14:30"	200.0	-4.72	-8.32	482	38.8	0.877	6	1	2.84	31.87	31.66	31.73	500.15	486.03	0.052	37.384	0.11	80.31	599.9	-0	190	101.8	1.97	-0.101	0.7	111115
5	"08:14:31"	201.5	-4.69	-8.34	482	38.8	0.879	6	1	2.84	31.87	31.66	31.74	500.14	485.99	0.051	37.378	0.11	80.28	600.0	-0	211	101.8	1.97	-0.101	0.7	111115
6	"08:14:32"	202.5	-4.84	-8.38	482	38.8	0.881	6	1	2.84	31.87	31.67	31.74	500.03	486.03	0.050	37.367	0.11	80.25	600.0	-0	215	101.8	1.97	-0.101	0.7	111115
7	"08:14:34"	204.0	-4.92	-8.43	482	38.7	0.883	6	1	2.84	31.88	31.67	31.75	499.94	486.03	0.049	37.352	0.10	80.20	600.0	-0	216	101.8	1.97	-0.101	1.0	111115
8	"08:14:35"	205.0	-4.88	-8.48	482	38.7	0.885	6	1	2.84	31.88	31.67	31.75	499.99	486.04	0.047	37.334	0.10	80.15	600.0	-0	216	101.8	1.97	-0.101	1.0	111115
9	"08:14:36"	206.5	-4.75	-8.54	482	38.7	0.888	6	1	2.84	31.88	31.67	31.75	500.10	486.03	0.046	37.308	0.10	80.08	600.0	-0	217	101.8	1.97	-0.101	1.0	111115
10	"08:14:37"	207.5	-4.82	-8.6	482	38.7	0.89	6	1	2.84	31.89	31.67	31.76	500.08	486.09	0.045	37.290	0.10	80.02	600.0	-0	218	101.8	1.97	-0.101	1.0	111115
11	"08:14:39"	209.0	-4.71	-8.66	482	38.7	0.893	6	1	2.84	31.89	31.67	31.76	500.14	486.06	0.045	37.269	0.10	79.96	600.0	-0	218	101.8	1.97	-0.101	1.0	111115
12	"08:14:40"	210.0	-4.69	-8.72	482	38.6	0.895	6	1	2.84	31.89	31.68	31.77	500.18	486.09	0.044	37.250	0.09	79.91	600.0	-0	218	101.8	1.97	-0.101	1.0	111115
13	"08:14:41"	211.5	-4.5	-8.79	482	38.6	0.898	6	1	2.84	31.90	31.68	31.77	500.26	485.99	0.044	37.230	0.09	79.84	600.0	-0	219	101.8	1.97	-0.101	1.0	111115
14	"08:14:42"	212.5	-4.62	-8.85	482	38.6	0.901	6	1	2.84	31.90	31.68	31.77	500.20	486.05	0.043	37.216	0.09	79.80	600.0	-0	219	101.8	1.97	-0.101	1.0	111115
15	"08:14:44"	214.0	-4.76	-8.92	482	38.6	0.904	6	1	2.84	31.91	31.69	31.78	500.13	486.13	0.043	37.203	0.09	79.74	600.0	-0	220	101.8	1.97	-0.101	1.0	111115
16	"08:14:45"	215.0	-4.78	-8.96	482	38.6	0.905	6	1	2.84	31.91	31.69	31.78	500.12	486.15	0.042	37.196	0.09	79.72	600.0	-0	221	101.8	1.97	-0.101	1.0	111115
17	"08:14:46"	216.5	-4.76	-9.03	482	38.6	0.908	6	1	2.84	31.92	31.70	31.79	500.17	486.17	0.041	37.184	0.09	79.67	600.0	-0	222	101.8	1.97	-0.101	1.0	111115
18	"08:14:47"	217.5	-4.71	-9.07	482	38.6	0.91	6	1	2.84	31.92	31.70	31.79	500.20	486.16	0.040	37.178	0.09	79.64	600.0	-0	222	101.8	1.97	-0.101	1.0	111115
19	"08:14:49"	219.0	-4.65	-9.14	482	38.6	0.913	6	1	2.84	31.93	31.71	31.79	500.23	486.13	0.039	37.172	0.08	79.60	600.0	-0	223	101.8	1.97	-0.101	1.0	111115
20	"08:14:50"	220.0	-4.61	-9.17	482	38.6	0.915	6	1	2.84	31.93	31.72	31.80	500.25	486.11	0.040	37.170	0.08	79.58	600.0	-0	223	101.8	1.97	-0.101	1.0	111115
21	"08:14:51"	221.5	-4.67	-9.24	482	38.6	0.917	6	1	2.84	31.94	31.72	31.80	500.25	486.18	0.040	37.162	0.08	79.53	600.0	-0	224	101.8	1.97	-0.101	1.0	111115
22	"08:14:52"	222.5	-4.78	-9.29	482	38.5	0.919	6	1	2.84	31.94	31.73	31.81	500.18	486.22	0.039	37.152	0.08	79.50	600.0	-0	225	101.8	1.97	-0.101	1.0	111115
23	"08:14:54"	224.0	-4.9	-9.33	482	38.5	0.921	6	1	2.84	31.94	31.74	31.81	500.11	486.27	0.039	37.151	0.08	79.47	600.0	-0	225	101.8	1.97	-0.101	1.0	111115
24	"08:14:55"	225.0	-4.82	-9.36	482	38.5	0.922	6	1	2.84	31.95	31.74	31.82	500.16	486.24	0.039	37.152	0.08	79.45	599.9	-0	226	101.8	1.97	-0.101	1.0	111115
25	"08:14:56"	226.5	-4.87	-9.41	482	38.5	0.925	6	1	2.84	31.95	31.75	31.82	500.15	486.28	0.039	37.146	0.08	79.41	600.0	-0	227	101.8	1.97	-0.101	1.0	111115
26	"08:14:57"	227.5	-4.9	-9.45	482	38.5	0.926	6	1	2.84	31.96	31.75	31.83	500.17	486.34	0.038	37.140	0.08	79.38	600.0	-0	227	101.8	1.97	-0.101	1.0	111115
27	"08:14:59"	229.0	-4.83	-9.52	482	38.5	0.929	6	1	2.84	31.96	31.75	31.83	500.19	486.29	0.038	37.125	0.08	79.33	600.0	-0	228	101.8	1.97	-0.101	1.0	111115
28	"08:15:00"	230.0	-4.86	-9.57	482	38.5	0.93	6	1	2.84	31.97	31.76	31.83	500.19	486.32	0.038	37.117	0.08	79.29	600.0	-0	228	101.8	1.97	-0.101	1.0	111115
29	"08:15:01"	231.5	-4.82	-9.65	482	38.5	0.933	6	1	2.84	31.97	31.76	31.84	500.22	486.33	0.038	37.101	0.08	79.23	599.9	-0	229	101.8	1.97	-0.101	1.0	111115
30	"08:15:02"	232.5	-4.78	-9.73	482	38.5	0.936	6	1	2.84	31.98	31.76	31.84	500.25	486.32	0.038	37.082	0.08	79.18	600.0	-0	230	101.8	1.97	-0.101	1.0	111115
31	"08:15:04"	234.0	-4.76	-9.83	482	38.4	0.939	6	1	2.84	31.98	31.77	31.85	500.25	486.31	0.037	37.055	0.08	79.09	600.0	-0	229	101.8	1.97	-0.101	1.0	111115
32	"08:15:05"	235.0	-4.75	-9.92	482	38.4	0.942	6	1	2.84	31.99	31.77	31.85	500.27	486.34	0.036	37.033	0.08	79.03	600.0	-0	207	101.8	1.97	-0.101	1.0	111115
33	"08:15:06"	236.5	-4.71	-10.1	482	38.4	0.946	6	1	2.84	31.99	31.77	31.86	500.31	486.35	0.036	36.998	0.08	78.93	599.9	-0	152	101.8	1.97	-0.101	1.0	111115
34	"08:15:07"	237.5	-4.69	-10.2	482	38.4	0.949	6	1	2.84	31.99	31.77	31.86	500.34	486.37	0.035	36.972	0.08	78.86	599.9	-0	114	101.8	1.97	-0.101	1.0	111115
35	"08:15:09"	239.0	-4.68	-10.3	482	38.3	0.954	6	1	2.84	32.00	31.77	31.87	500.34	486.39	0.036	36.926	0.08	78.74	599.9	-0	80	101.8	1.97	-0.101	1.0	111115
36	"08:15:10"	240.0	-4.77	-10.5	482	38.3	0.958	6	1	2.84	32.00	31.77	31.87	500.28	486.44	0.035	36.890	0.07	78.65	599.9	-0	79	101.8	1.97	-0.101	1.0	111115
37	"08:15:11"	241.5	-4.81	-10.7	482	38.2	0.964	6	1	2.84	32.01	31.77	31.88	500.22	486.45	0.035	36.827	0.07	78.50	600.0	-0	94	101.8	1.97	-0.101	0.7	111115
38	"08:15:12"	242.5	-4.82	-10.9	482	38.1	0.969	6	1	2.84	32.01	31.77	31.88	500.20	486.46	0.034	36.774	0.07	78.37	600.0	-0	120	101.8	1.97	-0.101	0.7	111115
39	"08:15:14"	244.0	-4.67	-11.3	482	38	0.977	6	1	2.84	32.01	31.76	31.89	500.22	486.39	0.035	36.678	0.07	78.16	600.0	-0	173	101.8	1.97	-0.101	0.7	111115
40	"08:15:15"	245.0	-4.58	-11.5	482	38	0.983	6	1	2.84	32.01	31.76	31.89	500.22	486.33	0.035	36.614	0.07	78.01	600.0	-0	201	101.8	1.97	-0.101	0.7	111115
41	"08:15:16"	246.5	-4.59	-12	481	37.9	0.994	6	1	2.84	32.02	31.76	31.89	500.11	486.29	0.035	36.511	0.07	77.78	600.0	-0	226	101.8	1.97	-0.101	0.7	111115
42	"08:15:17"	247.5	-4.56	-12.3	481	37.8	1	6	1	2.84	32.02	31.76	31.90	500.13	486.31	0.035	36.451	0.07	77.65	600.0	-0	230	101.8	1.97	-0.101	0.7	111115
43	"08:15:19"	249.0	-4.51	-12.9	481	37.7	1.01	6	1	2.84	32.02	31.76	31.90	500.18	486.36	0.035	36.364	0.07	77.45	600.0	-0	234	101.8	1.97	-0.101	0.7	111115
44	"08:15:20"	250.0	-4.42	-13.1	481	37.6	1.01	6	1	2.84	32.02	31.77	31.90	500.27	486.39	0.035	36.316	0.08	77.34	599.9	-0	235	101.8	1.97	-0.101	0.7	111115
45	"08:15:21"	251.5	-4.39	-13.6	481	37.6	1.02	6	1	2.84	32.03	31.77	31.91	500.28	486.39	0.035	36.248	0.07	77.18	599.9	-0	237	101.8	1.97	-0.101	0.7	111115
46	"08:15:22"	252.5	-4.39	-13.9	481	37.5	1.03	6	1	2.84	32.03	31.77	31.91	500.26	486.40	0.035	36.209	0.07	77.08	600.0	-0	236	101.8	1.97	-0.101	0.7	111115
47	"08:15:24"	254.0	-4.47	-14.4	481	37.5	1.03	6	1	2.84	32.03	31.77	31.92	500.24	486.48	0.034	36.149	0.07	76.94	600.0	-0	234	101.8	1.97	-0.101	0.7	111115
48	"08:15:25"	255.0	-4.44	-14.7	481	37.4	1.04	6	1	2.84	32.04	31.77	31.92	500.26	486.50	0.033	36.110	0.07	76.85	600.0	-0	231	101.8	1.97	-0.101	0.7	111115
49	"08:15:26"	256.5	-4.47	-15.2	481	37.4	1.04	6	1	2.84	32.04	31.78	31.93	500.23	486.52	0.033	36.055	0.07	76.71	600.0	-0	227	101.8	1.97	-0.101	0.7	111115
50	"08:15:27"	257.5	-4.36	-15.5	481	37.3	1.05	6	1	2.84	32.04	31.78	31.93	500.26	486.46	0.034	36.020	0.07	76.63	600.0	-0	226	101.8	1.97	-0.101	0.7	111115
51	"08:15:29"	259.0	-4.37	-16	481	37.3	1.05	6	1	2.84	32.05	31.78	31.93	500.24	486.48	0.034	35.970	0.07	76.50	600.0	-0	225	101.8	1.97	-0.101	0.7	111115
52	"08:15:30"	260.0	-4.39	-16.4	481	37.2	1.06	6	1	2.84	32.05	31.78	31.94	500.24	486.52	0.034	35.932	0.07	76.41	600.0	-0	225	101.8	1.97	-0.101	0.7	111115
53	"08:15:31"	261.5	-4.45	-16.9	481	37.2	1.06	6	1	2.84	32.05	31.78	31.94	500.23	486.58	0.034	35.882	0.07	76.29	600.0	-0	228	101.8	1.97	-0.101	0.7	111115
54	"08:15:32"	262.5	-4.43	-17.4	481	37.1	1.07	6	1	2.84	32.05	31.79	31.94	500.21	486.57	0.033	35.846	0.07	76.20	600.0	-0	230	101.8	1.97	-0.101	0.7	111115
55	"08:15:34"	264.0	-4.42	-18	481	37.1	1.07	6	1	2.84	32.06	31.79	31.95	500.22	486.59	0.033	35.798	0.07	76.08	600.0	-0	234	101.8	1.97	-0.101	0.7	111115
56	"08:15:35"	265.0	-4.38	-18.5	481	37.1	1.08	6	1	2.84	32.06	31.80	31.95	500.22	486.56	0.033	35.766	0.07	76.00	600.0	-0	236	101.8	1.97	-0.101	0.7	111115
57	"08:15:36"	266.5	-4.34	-19.2	481	37	1.08	6	1	2.84	32.07	31.80	31.95	500.28	486.61	0.033	35.722	0.07	75.89	599.9	-0	239	101.8	1.97	-0.101	0.7	111115
58	"08:15:37"	267.5	-4.35	-19.6	481	37	1.09	6	1	2.84	32.07	31.80	31.96	500.26	486.61	0.034	35.698	0.07	75.82	600.0	-0	240	101.8	1.97	-0.101	0.7	111115
59	"08:15:39"	269.0	-4.24	-20.3	481	36.9	1.09	6	1	2.84	32.07	31.81	31.96	500.30	486.56	0.034	35.658	0.07	75.72	600.0	-0	242	101.8	1.97	-0.101	0.7	111115
60	"08:15:40"	270.0	-4.3	-20.8	481	36.9	1.1	6	1	2.84	32.08	31.81	31.96	500.25	486.58	0.033	35.637	0.07	75.66	600.0	-0	243	101.8	1.97	-0.101	0.7	111115
61	"08:15:41"	271.5	-4.42	-21.4	481	36.9	1.1	6	1	2.84	32.08	31.82	31.97	500.17	486.64	0.033	35.610	0.07	75.58	599.9	-0	246	101.8	1.97	-0.101	0.7	111115
62	"08:15:42"	272.5	-4.56	-21.9	481	36.9	1.1	6	1	2.84	32.09	31.82	31.97	500.13	486.74	0.032	35.590	0.07	75.52	599.9	-0	248	101.8	1.97	-0.101	0.7	111115
63	"08:15:44"	274.0	-4.35	-22.5	481	36.8	1.11	6	1	2.84	32.09	31.83	31.98	500.28	486.69	0.033	35.567	0.07	75.45	600.0	-0	252	101.8	1.97	-0.101	0.7	111115
64	"08:15:45"	275.0	-4.26	-22.9	481	36.8	1.11	6	1	2.84	32.10	31.83	31.98	500.33	486.66	0.032	35.556	0.07	75.41	599.9	-0	254	101.8	1.97	-0.101	0.7	111115
65	"08:15:46"	276.5	-4.07	-23.4	481	36.8	1.11	6	1	2.84	32.10	31.84	31.99	500.43	486.58	0.033	35.548	0.07	75.37	599.9	-0	256	101.8	1.97	-0.101	0.7	111115
66	"08:15:48"	278.0	-4.29	-23.8	481	36.8	1.11	6	1	2.84	32.11	31.85	31.99	500.30	486.67	0.033	35.545	0.07	75.34	599.9	-0	257	101.8	1.97	-0.101	0.7	111115
67	"08:15:49"	279.0	-4.35	-24	481	36.8	1.12	6	1	2.84	32.11	31.85	31.99	500.27	486.70	0.033	35.543	0.07	75.32	600.0	-0	256	101.8	1.97	-0.101	0.7	111115
68	"08:15:50"	280.5	-4.26	-24.4	481	36.8	1.12	6	1	2.84	32.11	31.86	32.00	500.32	486.67	0.032	35.540	0.07	75.29	600.0	-0	254	101.8	1.97	-0.101	0.7	111115
69	"08:15:51"	281.5	-4.16	-24.7	481	36.8	1.12	6	1	2.84	32.12	31.86	32.00	500.39	486.64	0.033	35.538	0.07	75.27	600.0	-0	253	101.8	1.97	-0.101	1.0	111115
70	"08:15:53"	283.0	-4.11	-24.9	481	36.8	1.12	6	1	2.84	32.13	31.87	32.01	500.45	486.64	0.032	35.544	0.07	75.26	600.0	-0	254	101.8	1.97	-0.101	1.0	111115
71	"08:15:54"	284.0	-4.12	-25.1	481	36.8	1.12	6	1	2.84	32.13	31.88	32.01	500.44	486.64	0.033	35.546	0.07	75.25	600.0	-0	255	101.8	1.97	-0.101	1.0	111115
72	"08:15:55"	285.5	-4.25	-25.4	481	36.8	1.12	6	1	2.84	32.14	31.89	32.02	500.35	486.67	0.033	35.551	0.07	75.23	600.0	-0	257	101.8	1.97	-0.101	1.0	111115
73	"08:15:56"	286.5	-4.32	-25.8	481	36.8	1.13	6	1	2.84	32.14	31.89	32.02	500.29	486.69	0.033	35.544	0.07	75.20	600.0	-0	258	101.8	1.97	-0.101	1.0	111115
74	"08:15:58"	288.0	-4.31	-26	481	36.8	1.13	6	1	2.84	32.15	31.90	32.03	500.31	486.70	0.033	35.549	0.07	75.18	600.0	-0	259	101.8	1.97	-0.101	1.0	111115
75	"08:15:59"	289.0	-4.33	-26.2	481	36.8	1.13	6	1	2.84	32.15	31.90	32.03	500.34	486.74	0.033	35.548	0.07	75.16	600.0	-0	260	101.8	1.97	-0.101	1.0	111115
76	"08:16:00"	290.5	-4.21	-26.5	481	36.8	1.13	6	1	2.84	32.15	31.91	32.03	500.45	486.74	0.033	35.546	0.07	75.14	600.0	-0	261	101.8	1.97	-0.101	1.0	111115
77	"08:16:01"	291.5	-4.25	-26.6	481	36.8	1.13	6	1	2.84	32.16	31.91	32.04	500.44	486.77	0.033	35.545	0.07	75.12	600.0	-0	262	101.8	1.97	-0.101	1.0	111115
78	"08:16:03"	293.0	-4.3	-26.9	481	36.8	1.13	6	1	2.84	32.16	31.91	32.04	500.38	486.75	0.032	35.544	0.07	75.09	600.0	-0	264	101.8	1.97	-0.101	1.0	111115
79	"08:16:04"	294.0	-4.32	-26.9	481	36.8	1.13	6	1	2.84	32.17	31.91	32.05	500.38	486.77	0.032	35.548	0.07	75.08	600.0	-0	264	101.8	1.97	-0.101	1.0	111115
80	"08:16:05"	295.5	-4.22	-27.1	481	36.8	1.13	6	1	2.84	32.17	31.92	32.05	500.37	486.67	0.032	35.550	0.07	75.06	600.0	-0	265	101.8	1.97	-0.101	1.0	111115
81	"08:16:06"	296.5	-4.21	-27.4	481	36.8	1.13	6	1	2.84	32.18	31.92	32.06	500.39	486.67	0.032	35.551	0.07	75.05	600.0	-0	266	101.8	1.97	-0.101	1.0	111115
82	"08:16:08"	298.0	-4.23	-27.7	481	36.8	1.14	6	1	2.84	32.18	31.93	32.06	500.36	486.67	0.033	35.552	0.07	75.03	600.0	-0	266	101.8	1.97	-0.101	1.0	111115
83	"08:16:09"	299.0	-4.29	-28	481	36.8	1.14	6	1	2.84	32.19	31.93	32.07	500.35	486.72	0.032	35.549	0.07	75.00	600.0	-0	267	101.8	1.97	-0.101	1.0	111115
84	"08:16:10"	300.5	-4.19	-28.2	481	36.8	1.14	6	1	2.84	32.19	31.94	32.07	500.42	486.69	0.032	35.553	0.07	74.99	600.0	-0	268	101.8	1.97	-0.101	1.0	111115
85	"08:16:11"	301.5	-4.24	-28.3	481	36.8	1.14	6	1	2.84	32.20	31.94	32.07	500.40	486.72	0.032	35.555	0.07	74.98	600.0	-0	269	101.8	1.97	-0.101	1.0	111115
86	"08:16:13"	303.0	-4.25	-28.3	481	36.8	1.14	6	1	2.84	32.20	31.95	32.08	500.44	486.75	0.033	35.563	0.07	74.97	600.0	-0	270	101.8	1.97	-0.101	1.0	111115
87	"08:16:14"	304.0	-4.2	-28.4	481	36.8	1.14	6	1	2.84	32.21	31.95	32.08	500.47	486.74	0.033	35.565	0.07	74.96	600.0	-0	271	101.8	1.97	-0.101	1.0	111115
88	"08:16:15"	305.5	-4.09	-28.6	481	36.8	1.14	6	1	2.84	32.21	31.95	32.09	500.52	486.68	0.032	35.569	0.07	74.94	600.0	-0	271	101.8	1.97	-0.101	1.0	111115
89	"08:16:16"	306.5	-4.12	-28.9	481	36.8	1.14	6	1	2.84	32.22	31.96	32.09	500.50	486.69	0.032	35.566	0.07	74.92	600.0	-0	272	101.8	1.97	-0.101	1.0	111115
90	"08:16:18"	308.0	-4.05	-29.3	481	36.8	1.14	6	1	2.84	32.22	31.96	32.10	500.51	486.63	0.032	35.565	0.07	74.90	600.0	-0	272	101.8	1.97	-0.101	1.0	111115
91	"08:16:19"	309.0	-4.15	-29.6	481	36.8	1.15	6	1	2.84	32.23	31.97	32.10	500.48	486.69	0.032	35.562	0.07	74.87	600.0	-0	273	101.8	1.97	-0.101	1.0	111115
92	"08:16:20"	310.5	-4.01	-30	481	36.8	1.15	6	1	2.84	32.23	31.97	32.11	500.51	486.59	0.033	35.567	0.07	74.86	600.0	-0	273	101.8	1.97	-0.101	1.0	111115
93	"08:16:21"	311.5	-4.19	-30.2	481	36.8	1.15	6	1	2.84	32.23	31.98	32.11	500.40	486.66	0.032	35.570	0.07	74.85	600.0	-0	273	101.8	1.97	-0.101	1.0	111115
94	"08:16:23"	313.0	-4.24	-30.6	481	36.8	1.15	6	1	2.84	32.24	31.98	32.12	500.34	486.65	0.032	35.569	0.07	74.83	600.0	-0	274	101.8	1.97	-0.101	1.0	111115
95	"08:16:24"	314.0	-4.32	-30.9	481	36.8	1.15	6	1	2.84	32.24	31.99	32.12	500.33	486.72	0.032	35.566	0.07	74.81	600.0	-0	274	101.8	1.97	-0.101	1.0	111115
96	"08:16:25"	315.5	-4.31	-31.8	481	36.8	1.15	6	1	2.84	32.25	31.99	32.13	500.35	486.73	0.032	35.554	0.07	74.76	600.0	-0	275	101.8	1.97	-0.101	1.0	111115
97	"08:16:26"	316.5	-4.22	-32.1	481	36.8	1.15	6	1	2.84	32.25	32.00	32.13	500.44	486.73	0.032	35.556	0.07	74.75	600.0	-0	276	101.8	1.97	-0.101	1.0	111115
98	"08:16:28"	318.0	-4.1	-32.6	481	36.8	1.16	6	1	2.84	32.26	32.00	32.14	500.49	486.67	0.033	35.554	0.07	74.72	600.0	-0	277	101.8	1.97	-0.101	1.0	111115
99	"08:16:29"	319.0	-4.17	-32.8	481	36.8	1.16	6	1	2.84	32.26	32.01	32.14	500.45	486.69	0.033	35.559	0.07	74.71	600.0	-0	278	101.8	1.97	-0.101	1.0	111115
100	"08:16:30"	320.5	-4.1	-33.3	481	36.8	1.16	6	1	2.84	32.27	32.02	32.15	500.50	486.67	0.033	35.562	0.07	74.69	600.0	-0	279	101.8	1.97	-0.101	1.0	111115
101	"08:16:31"	321.0	-4.14	-33.4	481	36.8	1.16	6	1	2.84	32.27	32.02	32.15	500.49	486.70	0.032	35.564	0.07	74.69	600.0	-0	279	101.8	1.97	-0.101	1.0	111115
102	"08:16:33"	323.0	-4.1	-33.7	481	36.9	1.16	6	1	2.84	32.28	32.03	32.16	500.52	486.69	0.031	35.574	0.06	74.68	600.0	-0	235	101.8	1.97	-0.101	1.0	111115
103	"08:16:34"	324.0	-4.01	-33.9	481	36.9	1.16	6	1	2.84	32.28	32.03	32.16	500.56	486.63	0.031	35.577	0.07	74.67	600.0	-0	203	101.8	1.97	-0.101	1.0	111115
104	"08:16:35"	325.5	-4	-34.8	481	36.8	1.16	6	1	2.84	32.29	32.03	32.17	500.57	486.64	0.032	35.563	0.07	74.61	600.0	-0	148	101.8	1.97	-0.101	1.0	111115
105	"08:16:37"	326.5	-3.98	-36.5	481	36.8	1.17	6	1	2.84	32.29	32.03	32.17	500.58	486.64	0.032	35.528	0.07	74.52	600.0	-0	138	101.8	1.97	-0.101	1.0	111115
106	"08:16:38"	328.0	-4.05	-41.4	481	36.7	1.18	6	1	2.84	32.30	32.03	32.17	500.53	486.71	0.032	35.440	0.07	74.32	600.0	-0	150	101.8	1.97	-0.101	1.0	111115
107	"08:16:39"	329.5	-4.11	-50.4	481	36.6	1.19	6	1	2.84	32.30	32.03	32.18	500.46	486.76	0.032	35.326	0.07	74.06	599.9	-0	190	101.8	1.97	-0.101	1.0	111115
108	"08:16:40"	330.5	-4.06	-60.4	481	36.5	1.2	6	1	2.84	32.30	32.03	32.18	500.46	486.76	0.032	35.236	0.07	73.86	599.9	-0	214	101.8	1.97	-0.101	1.0	111115
109	"08:16:42"	332.0	-4.09	-90.9	481	36.3	1.21	6	1	2.84	32.31	32.03	32.19	500.38	486.79	0.031	35.086	0.07	73.54	600.0	-0	236	101.8	1.97	-0.101	1.0	111115
110	"08:16:43"	333.0	-4.03	-146	480	36.2	1.22	6	1	2.84	32.31	32.03	32.19	500.40	486.80	0.032	34.974	0.07	73.30	600.0	-0	239	101.8	1.97	-0.101	0.7	111115
111	"08:16:44"	334.5	-3.95	-2.29E+03	480	36	1.24	6	1	2.84	32.31	32.02	32.20	500.41	486.82	0.032	34.807	0.07	72.94	600.0	-0	241	101.8	1.97	-0.101	0.7	111115
112	"08:16:45"	335.5	-3.83	248	480	35.9	1.25	6	1	2.84	32.31	32.02	32.20	500.47	486.82	0.033	34.693	0.07	72.69	600.0	-0	243	101.8	1.97	-0.101	0.7	111115
113	"08:16:47"	337.0	-3.79	96.1	480	35.7	1.27	6	1	2.84	32.31	32.02	32.21	500.46	486.85	0.033	34.529	0.07	72.34	600.0	-0	245	101.8	1.97	-0.101	0.7	111115
114	"08:16:48"	338.0	-3.88	67.6	480	35.6	1.28	6	1	2.84	32.32	32.02	32.21	500.41	486.94	0.032	34.418	0.07	72.10	599.9	-0	245	101.8	1.97	-0.101	0.7	111115
115	"08:16:49"	339.5	-3.87	46.9	480	35.4	1.29	6	1	2.84	32.32	32.02	32.22	500.41	487.02	0.032	34.255	0.07	71.74	600.0	-0	246	101.8	1.97	-0.101	0.7	111115
116	"08:16:50"	340.5	-3.8	39.1	480	35.3	1.3	6	1	2.84	32.32	32.02	32.22	500.39	486.99	0.032	34.150	0.07	71.52	600.0	-0	247	101.8	1.97	-0.101	0.3	111115
117	"08:16:52"	342.0	-3.66	31	480	35.1	1.32	6	1	2.84	32.32	32.02	32.22	500.43	486.97	0.032	33.986	0.07	71.17	600.0	-0	248	101.8	1.97	-0.101	0.3	111115
118	"08:16:53"	342.5	-3.66	29.1	480	35.1	1.33	6	1	2.84	32.32	32.02	32.23	500.41	486.99	0.032	33.934	0.07	71.05	600.0	-0	248	101.8	1.97	-0.101	0.3	111115
119	"08:16:54"	344.0	-3.57	24.3	480	34.9	1.34	6	1	2.84	32.33	32.02	32.23	500.44	487.01	0.032	33.771	0.07	70.70	600.0	-0	249	101.8	1.97	-0.101	0.3	111115
120	"08:16:55"	345.5	-3.42	21	480	34.7	1.36	6	1	2.84	32.33	32.02	32.23	500.51	487.01	0.032	33.614	0.07	70.36	600.0	-0	250	101.8	1.97	-0.101	0.3	111115
121	"08:16:56"	346.5	-3.34	19.2	479	34.6	1.37	6	1	2.84	32.33	32.02	32.23	500.53	487.00	0.031	33.514	0.07	70.15	600.0	-0	251	101.8	1.97	-0.101	0.3	111115
122	"08:16:58"	348.0	-3.31	16.9	479	34.5	1.39	6	1	2.84	32.33	32.02	32.24	500.49	487.01	0.031	33.354	0.06	69.80	600.0	-0	252	101.8	1.97	-0.101	0.3	111115
123	"08:16:59"	349.0	-3.27	15.7	479	34.4	1.4	6	1	2.84	32.33	32.03	32.24	500.49	487.02	0.031	33.249	0.06	69.57	599.9	-0	253	101.8	1.97	-0.101	0.7	111115
124	"08:17:00"	350.5	-3.2	14.2	479	34.2	1.41	6	1	2.84	32.34	32.03	32.25	500.52	487.07	0.032	33.096	0.07	69.24	599.9	-0	254	101.8	1.97	-0.101	0.7	111115
125	"08:17:01"	351.5	-3.16	13.4	479	34.1	1.42	6	1	2.84	32.34	32.03	32.25	500.55	487.10	0.033	33.003	0.07	69.04	599.9	-0	255	101.8	1.97	-0.101	0.7	111115
126	"08:17:03"	353.0	-3.16	12.3	479	33.9	1.44	6	1	2.84	32.34	32.03	32.25	500.53	487.16	0.033	32.865	0.07	68.74	599.9	-0	256	101.8	1.97	-0.101	0.7	111115
127	"08:17:04"	353.5	-3.17	12	479	33.9	1.44	6	1	2.84	32.34	32.03	32.25	500.53	487.18	0.033	32.819	0.07	68.64	599.9	-0	257	101.8	1.97	-0.101	0.7	111115
128	"08:17:05"	355.0	-3.2	11.2	479	33.8	1.46	6	1	2.84	32.35	32.04	32.26	500.48	487.23	0.033	32.689	0.07	68.36	600.0	-0	258	101.8	1.97	-0.101	0.7	111115
129	"08:17:06"	356.5	-3.2	10.5	479	33.6	1.47	6	1	2.84	32.35	32.04	32.26	500.46	487.28	0.033	32.561	0.07	68.07	600.0	-0	259	101.8	1.97	-0.101	0.7	111115
130	"08:17:07"	357.0	-3.18	10.3	479	33.6	1.48	6	1	2.84	32.35	32.05	32.26	500.48	487.29	0.033	32.523	0.07	67.99	600.0	-0	259	101.8	1.97	-0.101	0.7	111115
131	"08:17:09"	359.0	-3.21	9.57	479	33.4	1.49	6	1	2.84	32.36	32.05	32.27	500.43	487.35	0.033	32.376	0.07	67.67	600.0	-0	260	101.8	1.97	-0.101	0.3	111115
132	"08:17:10"	360.0	-3.21	9.28	479	33.3	1.5	6	1	2.84	32.36	32.05	32.27	500.41	487.37	0.033	32.307	0.07	67.52	600.0	-0	261	101.8	1.97	-0.101	0.3	111115
133	"08:17:11"	361.5	-3.3	8.86	479	33.2	1.51	6	1	2.84	32.36	32.05	32.27	500.35	487.45	0.033	32.200	0.07	67.28	599.9	-0	262	101.8	1.97	-0.101	0.3	111115
134	"08:17:12"	362.5	-3.23	8.6	479	33.2	1.52	6	1	2.84	32.36	32.06	32.27	500.38	487.45	0.033	32.129	0.07	67.13	599.9	-0	262	101.8	1.97	-0.101	0.3	111115
135	"08:17:14"	364.0	-3.16	8.26	479	33.1	1.53	6	1	2.84	32.37	32.06	32.28	500.44	487.49	0.032	32.030	0.07	66.91	599.9	-0	263	101.8	1.97	-0.101	0.3	111115
136	"08:17:15"	365.0	-2.99	8.06	479	33	1.54	6	1	2.84	32.37	32.06	32.28	500.54	487.45	0.032	31.970	0.07	66.77	600.0	-0	264	101.8	1.97	-0.101	0.3	111115
137	"08:17:16"	365.5	-3.02	7.98	479	33	1.54	6	1	2.84	32.37	32.06	32.28	500.53	487.48	0.032	31.944	0.07	66.71	600.0	-0	264	101.8	1.97	-0.101	0.3	111115
138	"08:17:17"	367.5	-2.98	7.61	479	32.8	1.55	6	1	2.84	32.37	32.07	32.29	500.53	487.51	0.033	31.826	0.07	66.45	600.0	-0	266	101.8	1.97	-0.101	0.3	111115
139	"08:17:19"	369.0	-2.89	7.36	478	32.7	1.56	6	1	2.84	32.38	32.07	32.29	500.55	487.48	0.033	31.739	0.07	66.25	600.0	-0	267	101.8	1.97	-0.101	0.3	111115
140	"08:17:20"	370.0	-2.86	7.2	478	32.7	1.57	6	1	2.84	32.38	32.08	32.29	500.54	487.47	0.032	31.682	0.07	66.13	600.0	-0	267	101.8	1.97	-0.101	0.3	111115
141	"08:17:21"	371.5	-2.77	6.98	478	32.6	1.58	6	1	2.84	32.38	32.08	32.30	500.62	487.50	0.032	31.601	0.07	65.95	599.9	-0	269	101.8	1.97	-0.101	0.3	111115
142	"08:17:22"	372.5	-2.83	6.85	478	32.5	1.59	6	1	2.84	32.38	32.08	32.30	500.61	487.58	0.032	31.548	0.07	65.83	599.9	-0	269	101.8	1.97	-0.101	0.3	111115
143	"08:17:24"	374.0	-2.83	6.68	478	32.5	1.59	6	1	2.84	32.39	32.09	32.30	500.63	487.63	0.032	31.478	0.07	65.67	600.0	-0	270	101.8	1.97	-0.101	0.3	111115
144	"08:17:25"	375.0	-2.88	6.57	478	32.4	1.6	6	1	2.84	32.39	32.09	32.30	500.59	487.65	0.033	31.433	0.07	65.56	599.9	-0	270	101.8	1.97	-0.101	0.7	111115
145	"08:17:26"	376.5	-2.74	6.41	478	32.3	1.61	6	1	2.84	32.40	32.10	32.31	500.61	487.59	0.033	31.362	0.07	65.40	600.0	-0	269	101.8	1.97	-0.101	0.7	111115
146	"08:17:27"	377.5	-2.66	6.29	478	32.3	1.61	6	1	2.84	32.40	32.10	32.31	500.62	487.54	0.033	31.308	0.07	65.28	600.0	-0	269	101.8	1.97	-0.101	0.7	111115
147	"08:17:29"	379.0	-2.57	6.14	478	32.2	1.62	6	1	2.84	32.40	32.10	32.31	500.66	487.53	0.032	31.237	0.07	65.12	600.0	-0	268	101.8	1.97	-0.101	0.7	111115
148	"08:17:30"	380.0	-2.66	6.05	478	32.2	1.63	6	1	2.84	32.40	32.11	32.31	500.59	487.58	0.032	31.192	0.07	65.02	600.0	-0	267	101.8	1.97	-0.101	0.7	111115
149	"08:17:31"	381.5	-2.73	5.93	478	32.1	1.63	6	1	2.84	32.41	32.11	32.32	500.57	487.64	0.032	31.129	0.07	64.88	600.0	-0	267	101.8	1.97	-0.101	0.7	111115
150	"08:17:32"	382.5	-2.81	5.85	478	32	1.64	6	1	2.84	32.41	32.11	32.32	500.53	487.71	0.032	31.084	0.07	64.77	600.0	-0	267	101.8	1.97	-0.101	0.7	111115
151	"08:17:34"	384.0	-2.76	5.74	478	32	1.65	6	1	2.84	32.41	32.11	32.32	500.57	487.73	0.033	31.018	0.07	64.62	600.0	-0	266	101.8	1.97	-0.101	0.7	111115
152	"08:17:35"	385.0	-2.73	5.66	478	31.9	1.65	6	1	2.84	32.41	32.11	32.32	500.59	487.75	0.034	30.975	0.07	64.53	600.0	-0	266	101.8	1.97	-0.101	0.7	111115
153	"08:17:36"	386.5	-2.82	5.55	478	31.9	1.66	6	1	2.84	32.42	32.12	32.33	500.54	487.82	0.034	30.911	0.07	64.38	600.0	-0	264	101.8	1.97	-0.101	0.7	111115
154	"08:17:37"	387.5	-2.85	5.48	478	31.8	1.66	6	1	2.84	32.42	32.12	32.33	500.52	487.86	0.033	30.868	0.07	64.28	600.0	-0	263	101.8	1.97	-0.101	0.3	111115
155	"08:17:39"	389.0	-2.9	5.38	478	31.7	1.67	6	1	2.84	32.42	32.12	32.33	500.45	487.87	0.034	30.804	0.07	64.14	600.0	-0	262	101.8	1.97	-0.101	0.3	111115
156	"08:17:40"	390.0	-2.85	5.33	478	31.7	1.68	6	1	2.84	32.43	32.12	32.34	500.46	487.85	0.034	30.767	0.07	64.05	600.0	-0	263	101.8	1.97	-0.101	0.3	111115
157	"08:17:41"	391.5	-2.74	5.23	478	31.6	1.68	6	1	2.84	32.43	32.12	32.34	500.56	487.86	0.034	30.707	0.07	63.92	600.0	-0	265	101.8	1.97	-0.101	0.3	111115
158	"08:17:42"	392.5	-2.66	5.17	478	31.6	1.69	6	1	2.84	32.43	32.13	32.34	500.61	487.86	0.034	30.662	0.07	63.82	600.0	-0	265	101.8	1.97	-0.101	0.3	111115
159	"08:17:44"	394.0	-2.53	5.07	478	31.5	1.69	6	1	2.84	32.43	32.13	32.34	500.67	487.82	0.033	30.597	0.07	63.67	600.0	-0	265	101.8	1.97	-0.101	0.3	111115
160	"08:17:45"	395.0	-2.47	5.02	478	31.5	1.7	6	1	2.84	32.43	32.13	32.35	500.65	487.76	0.033	30.556	0.07	63.58	600.0	-0	264	101.8	1.97	-0.101	0.3	111115
161	"08:17:46"	396.5	-2.51	4.93	478	31.4	1.71	6	1	2.84	32.44	32.13	32.35	500.61	487.80	0.033	30.496	0.07	63.45	600.0	-0	263	101.8	1.97	-0.101	0.7	111115
162	"08:17:47"	397.5	-2.54	4.88	478	31.4	1.71	6	1	2.84	32.44	32.13	32.35	500.59	487.82	0.034	30.456	0.07	63.36	600.0	-0	261	101.8	1.97	-0.101	0.7	111115
163	"08:17:49"	399.0	-2.43	4.8	477	31.3	1.72	6	1	2.84	32.44	32.14	32.35	500.64	487.79	0.034	30.390	0.07	63.21	600.0	-0	259	101.8	1.97	-0.101	0.7	111115
164	"08:17:50"	400.0	-2.39	4.75	477	31.3	1.72	6	1	2.84	32.44	32.14	32.36	500.67	487.81	0.034	30.349	0.07	63.12	600.0	-0	257	101.8	1.97	-0.101	0.7	111115
165	"08:17:51"	401.5	-2.31	4.67	477	31.2	1.73	6	1	2.84	32.45	32.14	32.36	500.69	487.79	0.035	30.287	0.07	62.98	600.0	-0	257	101.8	1.97	-0.101	0.7	111115
166	"08:17:52"	402.5	-2.33	4.63	477	31.2	1.73	6	1	2.84	32.45	32.14	32.36	500.71	487.84	0.035	30.252	0.07	62.90	600.0	-0	257	101.8	1.97	-0.101	0.7	111115
167	"08:17:54"	404.0	-2.31	4.56	477	31.1	1.74	6	1	2.84	32.45	32.14	32.36	500.69	487.84	0.035	30.192	0.07	62.77	600.0	-0	260	101.8	1.97	-0.101	0.7	111115
168	"08:17:55"	405.0	-2.36	4.52	477	31.1	1.74	6	1	2.84	32.45	32.14	32.36	500.66	487.87	0.035	30.151	0.07	62.68	600.0	0	262	101.8	1.97	-0.101	0.7	111115
169	"08:17:56"	406.5	-2.41	4.45	477	31	1.75	6	1	2.84	32.45	32.14	32.37	500.61	487.91	0.033	30.090	0.07	62.55	600.0	0	265	101.8	1.97	-0.101	0.7	111115
170	"08:17:58"	408.0	-2.46	4.39	477	30.9	1.76	6	1	2.84	32.46	32.15	32.37	500.57	487.93	0.033	30.036	0.07	62.42	600.0	0	267	101.8	1.97	-0.101	0.7	111115
171	"08:17:59"	409.0	-2.47	4.34	477	30.9	1.76	6	1	2.84	32.46	32.15	32.37	500.56	487.95	0.032	29.996	0.07	62.34	600.0	-0	267	101.8	1.97	-0.101	0.7	111115
172	"08:18:00"	410.5	-2.43	4.29	477	30.8	1.77	6	1	2.84	32.46	32.15	32.38	500.58	487.96	0.033	29.943	0.07	62.22	600.0	-0	268	101.8	1.97	-0.101	0.7	111115
173	"08:18:01"	411.5	-2.53	4.25	477	30.8	1.77	6	1	2.84	32.46	32.15	32.38	500.54	488.04	0.033	29.903	0.07	62.13	600.0	-0	269	101.8	1.97	-0.101	0.7	111115
174	"08:18:03"	413.0	-2.49	4.19	477	30.7	1.78	6	1	2.84	32.46	32.15	32.38	500.55	488.04	0.033	29.852	0.07	62.01	600.0	-0	270	101.8	1.97	-0.101	0.7	111115
175	"08:18:04"	414.0	-2.47	4.16	477	30.7	1.78	6	1	2.84	32.47	32.15	32.38	500.55	488.04	0.033	29.819	0.07	61.94	600.0	-0	270	101.8	1.97	-0.101	0.7	111115
176	"08:18:05"	415.5	-2.23	4.12	477	30.6	1.79	6	1	2.84	32.47	32.16	32.38	500.68	487.95	0.034	29.772	0.07	61.83	600.0	-0	269	101.8	1.97	-0.101	0.7	111115
177	"08:18:06"	416.5	-2.18	4.09	477	30.6	1.79	6	1	2.84	32.47	32.16	32.39	500.72	487.95	0.034	29.741	0.07	61.76	600.0	-0	268	101.8	1.97	-0.101	0.7	111115
178	"08:18:08"	418.0	-2.11	4.04	477	30.6	1.79	6	1	2.84	32.47	32.16	32.39	500.75	487.94	0.034	29.687	0.07	61.65	600.0	-0	267	101.8	1.97	-0.101	0.7	111115
179	"08:18:09"	419.5	-2.19	3.99	477	30.5	1.8	6	1	2.84	32.47	32.16	32.39	500.68	487.98	0.035	29.635	0.07	61.53	600.0	-0	266	101.8	1.97	-0.101	0.7	111115
180	"08:18:10"	420.0	-2.18	3.98	477	30.5	1.8	6	1	2.84	32.47	32.16	32.39	500.67	487.97	0.034	29.619	0.07	61.50	600.0	-0	266	101.8	1.97	-0.101	0.7	111115
181	"08:18:11"	421.5	-2.28	3.93	477	30.4	1.81	6	1	2.84	32.48	32.16	32.39	500.61	488.04	0.034	29.569	0.07	61.38	600.0	-0	266	101.8	1.97	-0.101	0.7	111115
182	"08:18:13"	423.0	-2.13	3.89	477	30.4	1.81	6	1	2.84	32.48	32.16	32.40	500.69	487.99	0.034	29.521	0.07	61.28	600.0	-0	267	101.8	1.97	-0.101	0.7	111115
183	"08:18:14"	424.0	-2.18	3.86	477	30.3	1.82	6	1	2.84	32.48	32.16	32.40	500.67	488.04	0.034	29.488	0.07	61.21	600.0	-0	267	101.8	1.97	-0.101	0.7	111115
184	"08:18:15"	425.5	-2.1	3.81	477	30.3	1.82	6	1	2.84	32.48	32.17	32.40	500.69	488.01	0.034	29.433	0.07	61.09	600.0	-0	267	101.8	1.97	-0.101	0.7	111115
185	"08:18:16"	426.5	-2.12	3.78	477	30.3	1.83	6	1	2.84	32.48	32.17	32.40	500.66	488.02	0.035	29.401	0.07	61.02	600.0	-0	268	101.8	1.97	-0.101	0.7	111115
186	"08:18:18"	428.0	-2.11	3.74	477	30.2	1.83	6	1	2.84	32.48	32.17	32.40	500.65	488.02	0.034	29.347	0.07	60.90	600.0	-0	268	101.8	1.97	-0.101	0.7	111115
187	"08:18:19"	429.0	-2.16	3.71	477	30.2	1.84	6	1	2.84	32.48	32.17	32.41	500.64	488.08	0.034	29.316	0.07	60.83	599.9	-0	268	101.8	1.97	-0.101	0.7	111115
188	"08:18:20"	430.5	-2.17	3.67	477	30.1	1.84	6	1	2.84	32.49	32.17	32.41	500.64	488.11	0.034	29.267	0.07	60.72	600.0	0	268	101.8	1.97	-0.101	0.7	111115
189	"08:18:21"	431.5	-2.2	3.65	477	30.1	1.84	6	1	2.84	32.49	32.17	32.41	500.61	488.13	0.034	29.235	0.07	60.65	600.0	0	267	101.8	1.97	-0.101	0.7	111115
190	"08:18:23"	433.0	-2.19	3.61	477	30	1.85	6	1	2.84	32.49	32.17	32.41	500.57	488.10	0.034	29.190	0.07	60.55	600.0	-0	266	101.8	1.97	-0.101	0.7	111115
191	"08:18:24"	434.0	-2.19	3.58	477	30	1.85	6	1	2.84	32.49	32.18	32.41	500.57	488.12	0.035	29.155	0.07	60.47	600.0	-0	266	101.8	1.97	-0.101	0.7	111115
192	"08:18:25"	435.5	-2.1	3.55	477	29.9	1.86	6	1	2.84	32.49	32.18	32.41	500.61	488.10	0.034	29.109	0.07	60.37	600.0	-0	267	101.8	1.97	-0.101	0.7	111115
193	"08:18:26"	436.5	-2.08	3.52	477	29.9	1.86	6	1	2.84	32.49	32.18	32.42	500.69	488.16	0.034	29.078	0.07	60.30	600.0	-0	268	101.8	1.97	-0.101	0.7	111115
194	"08:18:28"	438.0	-1.95	3.49	476	29.9	1.87	6	1	2.84	32.50	32.18	32.42	500.73	488.11	0.034	29.033	0.07	60.20	600.0	-0	270	101.8	1.97	-0.101	0.7	111115
195	"08:18:29"	439.5	-2.03	3.45	476	29.8	1.87	6	1	2.84	32.50	32.19	32.42	500.67	488.15	0.034	28.987	0.07	60.10	600.0	0	271	101.8	1.97	-0.101	0.7	111115
196	"08:18:30"	440.5	-2.02	3.43	476	29.8	1.88	6	1	2.84	32.50	32.19	32.42	500.67	488.16	0.035	28.954	0.07	60.02	600.0	0	271	101.8	1.97	-0.101	0.7	111115
197	"08:18:32"	442.0	-1.96	3.4	476	29.7	1.88	6	1	2.84	32.50	32.19	32.42	500.71	488.15	0.034	28.910	0.07	59.93	600.0	0	271	101.8	1.97	-0.101	0.7	111115
198	"08:18:33"	443.0	-1.82	3.37	476	29.7	1.89	6	1	2.84	32.50	32.19	32.43	500.78	488.10	0.035	28.881	0.07	59.86	600.0	-0	271	101.8	1.97	-0.101	0.7	111115
199	"08:18:34"	444.5	-1.95	3.35	476	29.7	1.89	6	1	2.84	32.51	32.20	32.43	500.71	488.17	0.034	28.844	0.07	59.77	600.0	-0	272	101.8	1.97	-0.101	0.7	111115
200	"08:18:35"	445.5	-2.04	3.33	476	29.6	1.89	6	1	2.84	32.51	32.20	32.43	500.62	488.19	0.034	28.815	0.07	59.71	600.0	-0	272	101.8	1.97	-0.101	0.7	111115
201	"08:18:37"	447.0	-2.27	3.3	477	29.6	1.9	6	1	2.84	32.51	32.20	32.43	500.50	488.32	0.033	28.771	0.07	59.61	599.9	-0	272	101.8	1.97	-0.101	0.7	111115
202	"08:18:38"	448.0	-2.24	3.28	477	29.6	1.9	6	1	2.84	32.51	32.20	32.43	500.52	488.32	0.034	28.744	0.07	59.55	600.0	-0	271	101.8	1.97	-0.101	0.7	111115
203	"08:18:39"	449.5	-2.18	3.25	477	29.5	1.91	6	1	2.84	32.51	32.20	32.44	500.59	488.37	0.034	28.702	0.07	59.45	600.0	-0	270	101.8	1.97	-0.101	0.7	111115
204	"08:18:40"	450.5	-2.15	3.23	477	29.5	1.91	6	1	2.84	32.52	32.21	32.44	500.58	488.33	0.034	28.672	0.07	59.39	600.0	-0	270	101.8	1.97	-0.101	0.7	111115
205	"08:18:42"	452.0	-2.12	3.2	476	29.4	1.92	6	1	2.84	32.52	32.20	32.44	500.58	488.32	0.033	28.629	0.07	59.29	600.0	-0	269	101.8	1.97	-0.101	0.7	111115
206	"08:18:43"	453.0	-2.15	3.19	476	29.4	1.92	6	1	2.84	32.52	32.21	32.44	500.53	488.32	0.033	28.600	0.07	59.23	600.0	-0	269	101.8	1.97	-0.101	0.7	111115
207	"08:18:44"	454.5	-1.96	3.16	476	29.4	1.92	6	1	2.84	32.52	32.21	32.44	500.64	488.26	0.033	28.562	0.07	59.14	600.0	0	269	101.8	1.97	-0.101	0.7	111115
208	"08:18:45"	455.5	-1.93	3.14	476	29.3	1.93	6	1	2.84	32.52	32.21	32.45	500.66	488.27	0.034	28.530	0.07	59.07	600.0	-0	270	101.8	1.97	-0.101	0.7	111115
209	"08:18:47"	457.0	-1.96	3.12	476	29.3	1.93	6	1	2.84	32.53	32.21	32.45	500.65	488.30	0.033	28.499	0.07	59.00	600.0	-0	271	101.8	1.97	-0.101	0.7	111115
210	"08:18:48"	458.0	-2.01	3.1	476	29.3	1.93	6	1	2.84	32.53	32.21	32.45	500.62	488.34	0.033	28.473	0.07	58.94	600.0	-0	271	101.8	1.97	-0.101	0.7	111115
211	"08:18:49"	458.5	-2.02	3.1	476	29.3	1.94	6	1	2.84	32.53	32.21	32.45	500.61	488.34	0.033	28.461	0.07	58.92	600.0	-0	272	101.8	1.97	-0.101	0.7	111115
212	"08:18:50"	460.5	-2.04	3.06	476	29.2	1.94	6	1	2.84	32.53	32.22	32.45	500.56	488.33	0.034	28.406	0.07	58.79	600.0	-0	273	101.8	1.97	-0.101	0.7	111115
213	"08:18:52"	462.0	-2.02	3.04	476	29.2	1.95	6	1	2.84	32.53	32.22	32.45	500.58	488.35	0.034	28.370	0.07	58.71	600.0	-0	274	101.8	1.97	-0.101	0.7	111115
214	"08:18:53"	463.0	-2.01	3.03	476	29.1	1.95	6	1	2.84	32.53	32.22	32.46	500.60	488.38	0.034	28.347	0.07	58.66	600.0	-0	275	101.8	1.97	-0.101	0.7	111115
215	"08:18:54"	464.5	-1.9	3	476	29.1	1.95	6	1	2.84	32.54	32.22	32.46	500.64	488.33	0.035	28.313	0.07	58.58	600.0	-0	276	101.8	1.97	-0.101	0.7	111115
216	"08:18:55"	465.5	-2.03	2.99	476	29.1	1.96	6	1	2.84	32.54	32.23	32.46	500.55	488.38	0.034	28.291	0.07	58.53	600.0	-0	277	101.8	1.97	-0.101	0.7	111115
217	"08:18:56"	466.0	-2.01	2.98	476	29.1	1.96	6	1	2.84	32.54	32.23	32.46	500.56	488.37	0.034	28.280	0.07	58.50	600.0	-0	277	101.8	1.97	-0.101	0.7	111115
218	"08:18:58"	468.0	-1.94	2.96	476	29	1.96	6	1	2.84	32.54	32.23	32.46	500.60	488.37	0.035	28.233	0.07	58.39	600.0	-0	276	101.8	1.97	-0.101	0.7	111115
219	"08:18:59"	469.0	-1.85	2.94	476	29	1.97	6	1	2.84	32.54	32.23	32.47	500.67	488.37	0.035	28.206	0.07	58.33	600.0	-0	276	101.8	1.97	-0.101	0.7	111115
220	"08:19:00"	469.5	-1.82	2.93	476	29	1.97	6	1	2.84	32.54	32.23	32.47	500.69	488.36	0.034	28.195	0.07	58.30	600.0	-0	275	101.8	1.97	-0.101	0.7	111115
221	"08:19:01"	471.5	-1.76	2.91	476	28.9	1.97	6	1	2.84	32.55	32.23	32.47	500.70	488.34	0.034	28.154	0.07	58.21	600.0	-0	274	101.8	1.97	-0.101	0.7	111115
222	"08:19:02"	472.5	-1.81	2.9	476	28.9	1.97	6	1	2.84	32.55	32.24	32.47	500.69	488.38	0.035	28.135	0.07	58.17	600.0	-0	273	101.8	1.97	-0.101	0.7	111115
223	"08:19:04"	474.0	-1.81	2.88	476	28.9	1.98	6	1	2.84	32.55	32.24	32.47	500.67	488.38	0.035	28.104	0.07	58.10	600.0	-0	273	101.8	1.97	-0.101	0.7	111115
224	"08:19:05"	475.0	-1.81	2.87	476	28.9	1.98	6	1	2.84	32.55	32.24	32.48	500.66	488.38	0.035	28.082	0.07	58.05	600.0	-0	273	101.8	1.97	-0.101	0.7	111115
225	"08:19:06"	476.5	-1.86	2.85	476	28.8	1.99	6	1	2.84	32.56	32.25	32.48	500.61	488.39	0.035	28.049	0.07	57.97	600.0	-0	274	101.8	1.97	-0.101	0.7	111115
226	"08:19:07"	477.5	-1.84	2.83	476	28.8	1.99	6	1	2.84	32.56	32.25	32.48	500.64	488.42	0.035	28.023	0.07	57.91	600.0	-0	275	101.8	1.97	-0.101	0.7	111115
227	"08:19:09"	479.0	-2	2.82	476	28.8	1.99	6	1	2.84	32.56	32.25	32.48	500.55	488.51	0.035	27.988	0.07	57.83	600.0	-0	276	101.8	1.97	-0.101	0.7	111115
228	"08:19:10"	480.0	-1.96	2.8	476	28.7	2	6	1	2.84	32.56	32.25	32.48	500.57	488.49	0.035	27.965	0.07	57.78	600.0	-0	277	101.8	1.97	-0.101	0.7	111115
229	"08:19:11"	480.5	-1.92	2.8	476	28.7	2	6	1	2.84	32.56	32.25	32.48	500.61	488.50	0.035	27.952	0.07	57.75	600.0	-0	278	101.8	1.97	-0.101	0.7	111115
230	"08:19:12"	482.5	-1.76	2.77	476	28.7	2	6	1	2.84	32.57	32.25	32.49	500.66	488.41	0.036	27.908	0.07	57.64	600.0	-0	280	101.8	1.97	-0.101	0.7	111115
231	"08:19:13"	483.5	-1.73	2.76	476	28.6	2	6	1	2.84	32.57	32.25	32.49	500.66	488.40	0.036	27.888	0.07	57.60	600.0	-0	280	101.8	1.97	-0.101	0.7	111115
232	"08:19:15"	485.0	-1.8	2.74	476	28.6	2.01	6	1	2.84	32.57	32.26	32.49	500.62	488.44	0.036	27.851	0.07	57.51	600.0	-0	281	101.8	1.97	-0.101	0.7	111115
233	"08:19:16"	486.0	-1.87	2.73	476	28.6	2.01	6	1	2.84	32.57	32.26	32.49	500.61	488.51	0.035	27.827	0.07	57.46	600.0	-0	283	101.8	1.97	-0.101	0.7	111115
234	"08:19:17"	487.5	-1.77	2.71	476	28.6	2.02	6	1	2.84	32.57	32.26	32.50	500.70	488.51	0.035	27.797	0.07	57.39	600.0	-0	287	101.8	1.97	-0.101	0.7	111115
235	"08:19:18"	488.5	-1.85	2.71	476	28.5	2.02	6	1	2.84	32.58	32.26	32.50	500.65	488.55	0.034	27.780	0.07	57.35	600.0	-0	290	101.8	1.97	-0.101	0.7	111115
236	"08:19:20"	490.0	-1.82	2.69	476	28.5	2.02	6	1	2.84	32.58	32.27	32.50	500.65	488.54	0.035	27.753	0.07	57.28	600.0	-0	296	101.8	1.97	-0.101	0.7	111115
237	"08:19:21"	491.0	-1.94	2.69	476	28.5	2.02	6	1	2.84	32.58	32.27	32.50	500.56	488.58	0.034	27.737	0.07	57.25	600.0	-0	298	101.8	1.97	-0.101	0.7	111115
238	"08:19:22"	491.5	-2.01	2.68	476	28.5	2.02	6	1	2.84	32.58	32.27	32.50	500.52	488.61	0.035	27.728	0.07	57.22	600.0	-0	298	101.8	1.97	-0.101	0.7	111115
239	"08:19:23"	493.5	-2.01	2.66	476	28.4	2.03	6	1	2.84	32.58	32.27	32.51	500.49	488.60	0.035	27.696	0.07	57.15	599.9	-0	299	101.8	1.97	-0.101	0.7	111115
240	"08:19:25"	495.0	-1.79	2.65	476	28.4	2.03	6	1	2.84	32.59	32.27	32.51	500.60	488.51	0.036	27.674	0.07	57.10	600.0	-0	299	101.8	1.97	-0.101	0.7	111115
241	"08:19:26"	496.0	-1.74	2.65	476	28.4	2.03	6	1	2.84	32.59	32.27	32.51	500.67	488.52	0.036	27.663	0.07	57.06	600.0	-0	299	101.8	1.97	-0.101	0.7	111115
