"OPEN 5.3.2"
"Fri Aug  3 2018 10:19:08"
"Unit="	"PSC-895"
"ComputeList="	"/User/Configs/Comps/Default"
"BLCTable="	"/Sys/Lib/StdBLCTable"
"LightSource="	"Sun+Sky"	1	0.19
"LogFormat="	"/User/Configs/LogFormats/Std Output"
"LogCodes="	-35	-21	-36	30	23	36	21	25	-33	-34	-32	-9	-10	-8	-1	-2	-4	-5	-14	-15	-7	-12	-13	-11	-65	-66	-72	-23
"PromptList="	"/User/Configs/Prompts/Default (none)"
"Stability= (CO2S 15s SLP<1)(H2OS 15s SLP<1)(Flow 15s SLP<1)"
"10:19:09 "
$STARTOFDATA$
"Obs"	"HHMMSS"	"FTime"	"Photo"	"Cond"	"Ci"	"Trmmol"	"VpdL"	"Area"	"StmRat"	"BLCond"	"Tair"	"Tleaf"	"TBlk"	"CO2R"	"CO2S"	"H2OR"	"H2OS"	"RH_R"	"RH_S"	"Flow"	"PARi"	"PARo"	"Press"	"CsMch"	"HsMch"	"StableF"	"Status"
1	"10:20:00"	154.0	-23.5	0.278	621	11.8	4.48	6	1	2.84	41.79	41.05	41.82	498.70	516.13	21.639	33.011	27.03	41.24	600.0	-0	90	101.9	17.8	0.0708	0.3	111115
2	"10:20:01"	155.0	-23.5	0.277	621	11.8	4.48	6	1	2.84	41.79	41.05	41.82	498.73	516.18	21.638	33.001	27.03	41.23	600.0	-0	101	101.9	17.8	0.0708	0.3	111115
3	"10:20:03"	156.5	-23.7	0.277	623	11.7	4.48	6	1	2.84	41.79	41.05	41.82	498.70	516.30	21.640	32.989	27.04	41.22	600.0	-0	89	101.9	17.8	0.0708	0.3	111115
4	"10:20:04"	157.5	-23.6	0.276	622	11.7	4.48	6	1	2.84	41.79	41.04	41.81	498.81	516.33	21.644	32.975	27.05	41.20	600.1	-0	83	101.9	17.8	0.0708	0.3	111115
5	"10:20:05"	159.0	-24.3	0.282	625	11.9	4.46	6	1	2.84	41.78	41.04	41.81	498.99	517.17	21.650	33.150	27.06	41.43	600.1	-0	77	101.9	17.8	0.0708	0.3	111115
6	"10:20:06"	159.5	-24.8	0.286	627	12	4.45	6	1	2.84	41.78	41.04	41.81	499.04	517.66	21.651	33.260	27.06	41.57	600.1	-0	146	101.9	17.8	0.0708	0.0	111115
7	"10:20:07"	160.5	-25.9	0.295	630	12.3	4.42	6	1	2.84	41.78	41.04	41.81	499.16	518.67	21.657	33.517	27.07	41.90	600.0	-0	362	101.9	17.8	0.0708	0.3	111115
8	"10:20:09"	161.5	-27.1	0.304	634	12.5	4.39	6	1	2.84	41.78	41.03	41.80	499.22	519.77	21.660	33.783	27.08	42.23	600.0	-0	673	101.9	17.8	0.0708	0.3	111115
9	"10:20:10"	162.5	-27.8	0.31	636	12.7	4.38	6	1	2.84	41.78	41.03	41.80	499.28	520.45	21.665	33.943	27.09	42.44	600.0	-0	986	101.9	17.8	0.0708	0.3	111115
10	"10:20:11"	163.5	-27.9	0.312	636	12.8	4.37	6	1	2.84	41.78	41.03	41.80	499.44	520.70	21.668	33.990	27.09	42.50	600.0	-0	1224	101.9	17.8	0.0708	0.3	111115
11	"10:20:12"	165.5	-27.8	0.311	636	12.7	4.37	6	1	2.84	41.77	41.02	41.79	499.59	520.75	21.678	33.960	27.11	42.47	600.0	-0	1323	101.9	17.8	0.0708	0.3	111115
12	"10:20:13"	167.0	-27.8	0.309	637	12.7	4.37	6	1	2.84	41.77	41.02	41.79	499.61	520.80	21.684	33.924	27.12	42.43	600.0	-0	1322	101.9	17.8	0.0708	0.3	111115
13	"10:20:15"	168.0	-27.7	0.308	637	12.6	4.37	6	1	2.84	41.77	41.02	41.79	499.59	520.76	21.690	33.904	27.13	42.41	600.0	-0	1322	101.9	17.8	0.0708	0.3	111115
14	"10:20:16"	169.5	-27.5	0.307	636	12.6	4.38	6	1	2.84	41.76	41.02	41.79	499.69	520.66	21.699	33.868	27.15	42.38	600.1	-0	1321	101.9	17.8	0.0708	0.3	111115
15	"10:20:17"	170.5	-27.4	0.306	635	12.6	4.38	6	1	2.84	41.76	41.02	41.78	499.71	520.55	21.704	33.848	27.16	42.36	600.1	-0	1321	101.9	17.8	0.0708	0.3	111115
16	"10:20:18"	172.0	-27.2	0.305	635	12.5	4.38	6	1	2.84	41.76	41.02	41.78	499.70	520.37	21.712	33.819	27.17	42.32	600.1	-0	1322	101.9	17.8	0.0708	0.3	111115
17	"10:20:20"	173.0	-27.1	0.304	635	12.5	4.38	6	1	2.84	41.76	41.02	41.78	499.65	520.27	21.717	33.797	27.18	42.30	600.1	-0	1322	101.9	17.8	0.0708	0.3	111115
18	"10:20:21"	174.5	-27	0.303	634	12.5	4.39	6	1	2.84	41.75	41.02	41.78	499.66	520.13	21.725	33.773	27.19	42.27	600.0	-0	1322	101.9	17.8	0.0708	0.3	111115
19	"10:20:22"	175.5	-26.8	0.302	634	12.4	4.39	6	1	2.84	41.75	41.02	41.78	499.69	520.03	21.733	33.757	27.21	42.26	600.0	-0	1322	101.9	17.8	0.0708	0.3	111115
20	"10:20:23"	177.0	-26.7	0.301	633	12.4	4.39	6	1	2.84	41.75	41.02	41.77	499.69	519.92	21.743	33.739	27.22	42.24	600.0	-0	1322	101.9	17.8	0.0708	0.3	111115
21	"10:20:25"	178.0	-26.6	0.3	633	12.4	4.39	6	1	2.84	41.75	41.02	41.77	499.70	519.82	21.748	33.729	27.23	42.23	600.0	-0	1322	101.9	17.8	0.0708	0.3	111115
22	"10:20:26"	179.5	-26.4	0.299	632	12.4	4.39	6	1	2.84	41.75	41.02	41.77	499.74	519.73	21.753	33.706	27.24	42.20	600.0	-0	1322	101.9	17.8	0.0708	0.7	111115
23	"10:20:27"	180.5	-26.3	0.299	632	12.4	4.4	6	1	2.84	41.75	41.02	41.77	499.76	519.66	21.758	33.695	27.24	42.19	600.0	-0	1322	101.9	17.8	0.0708	0.7	111115
24	"10:20:28"	182.0	-26.2	0.298	632	12.3	4.4	6	1	2.84	41.75	41.02	41.77	499.75	519.59	21.767	33.676	27.25	42.17	600.0	-0	1322	101.9	17.8	0.0708	0.3	111115
25	"10:20:30"	183.0	-26.2	0.298	632	12.3	4.4	6	1	2.84	41.75	41.02	41.77	499.71	519.52	21.773	33.669	27.26	42.16	600.0	-0	1322	101.9	17.8	0.0708	0.3	111115
26	"10:20:31"	184.5	-26.2	0.297	632	12.3	4.4	6	1	2.84	41.75	41.03	41.77	499.73	519.50	21.781	33.657	27.27	42.14	600.0	-0	1322	101.9	17.8	0.0708	0.7	111115
27	"10:20:32"	185.5	-26.1	0.296	632	12.3	4.4	6	1	2.84	41.75	41.03	41.77	499.72	519.46	21.786	33.649	27.28	42.13	600.0	-0	1321	101.9	17.8	0.0708	0.7	111115
28	"10:20:33"	187.0	-26.1	0.296	632	12.3	4.41	6	1	2.84	41.75	41.03	41.77	499.68	519.43	21.794	33.641	27.29	42.12	600.0	-0	1321	101.9	17.8	0.0708	0.7	111115
29	"10:20:35"	188.0	-26.1	0.295	632	12.2	4.41	6	1	2.84	41.75	41.03	41.76	499.64	519.36	21.801	33.631	27.30	42.11	600.0	-0	1322	101.9	17.8	0.0708	0.7	111115
30	"10:20:36"	189.5	-26	0.295	632	12.2	4.41	6	1	2.84	41.75	41.03	41.76	499.64	519.33	21.809	33.619	27.31	42.09	600.0	-0	1323	101.9	17.8	0.0708	0.7	111115
31	"10:20:37"	190.5	-25.9	0.294	631	12.2	4.41	6	1	2.84	41.75	41.03	41.76	499.67	519.24	21.814	33.611	27.31	42.08	600.0	-0	1322	101.9	17.8	0.0708	0.7	111115
32	"10:20:38"	192.0	-25.9	0.294	631	12.2	4.41	6	1	2.84	41.75	41.03	41.76	499.70	519.25	21.822	33.604	27.32	42.07	600.0	-0	1322	101.9	17.8	0.0708	0.7	111115
33	"10:20:40"	193.0	-25.8	0.293	631	12.2	4.41	6	1	2.84	41.75	41.04	41.76	499.74	519.17	21.828	33.600	27.33	42.07	600.0	-0	1322	101.9	17.8	0.0708	0.7	111115
34	"10:20:41"	194.5	-25.8	0.292	631	12.2	4.42	6	1	2.84	41.75	41.04	41.76	499.68	519.19	21.836	33.595	27.34	42.06	600.0	-0	1322	101.9	17.8	0.0708	0.7	111115
35	"10:20:42"	195.5	-25.8	0.292	631	12.2	4.42	6	1	2.84	41.75	41.05	41.76	499.59	519.11	21.842	33.591	27.34	42.05	600.0	-0	1321	101.9	17.8	0.0708	0.7	111115
36	"10:20:43"	197.0	-25.8	0.292	631	12.2	4.42	6	1	2.84	41.75	41.05	41.76	499.57	519.02	21.849	33.591	27.35	42.05	600.0	-0	1321	101.9	17.8	0.0708	0.7	111115
37	"10:20:45"	198.0	-25.7	0.292	631	12.1	4.42	6	1	2.84	41.75	41.05	41.77	499.56	518.96	21.853	33.593	27.36	42.05	600.0	-0	1321	101.9	17.8	0.0708	0.7	111115
38	"10:20:46"	199.5	-25.6	0.291	630	12.1	4.42	6	1	2.84	41.75	41.05	41.77	499.61	518.91	21.859	33.591	27.36	42.05	600.0	-0	1320	101.9	17.8	0.0708	0.7	111115
39	"10:20:47"	200.5	-25.6	0.291	630	12.1	4.42	6	1	2.84	41.75	41.06	41.77	499.64	518.93	21.865	33.593	27.37	42.05	600.0	-0	1320	101.9	17.8	0.0708	0.7	111115
40	"10:20:48"	202.0	-25.3	0.291	629	12.1	4.42	6	1	2.84	41.76	41.06	41.77	499.79	518.85	21.874	33.587	27.38	42.04	600.0	-0	1320	101.9	17.8	0.0708	0.7	111115
41	"10:20:50"	203.0	-25.2	0.291	628	12.1	4.42	6	1	2.84	41.76	41.05	41.77	499.86	518.82	21.881	33.589	27.39	42.04	600.0	-0	1320	101.9	17.8	0.0708	0.7	111115
42	"10:20:51"	204.5	-25.1	0.29	627	12.1	4.42	6	1	2.84	41.76	41.06	41.77	499.94	518.71	21.889	33.586	27.40	42.03	600.0	-0	1320	101.9	17.8	0.0708	0.7	111115
43	"10:20:52"	205.5	-25.1	0.29	627	12.1	4.42	6	1	2.84	41.76	41.06	41.77	499.90	518.69	21.896	33.587	27.40	42.03	600.0	-0	1321	101.9	17.8	0.0708	0.7	111115
44	"10:20:53"	207.0	-25.2	0.29	628	12.1	4.42	6	1	2.84	41.76	41.06	41.77	499.85	518.76	21.902	33.586	27.41	42.03	600.0	-0	1321	101.9	17.8	0.0708	0.7	111115
45	"10:20:55"	208.0	-25.3	0.29	629	12.1	4.42	6	1	2.84	41.76	41.06	41.77	499.81	518.83	21.909	33.587	27.42	42.03	600.0	-0	1321	101.9	17.8	0.0708	0.7	111115
46	"10:20:56"	209.5	-25.1	0.289	628	12.1	4.42	6	1	2.84	41.76	41.06	41.77	499.88	518.76	21.918	33.585	27.42	42.02	600.0	-0	1321	101.9	17.8	0.0708	0.7	111115
47	"10:20:57"	210.5	-25	0.289	628	12.1	4.43	6	1	2.84	41.76	41.07	41.77	499.92	518.70	21.924	33.587	27.43	42.02	600.0	-0	1321	101.9	17.8	0.0708	0.7	111115
48	"10:20:58"	212.0	-24.9	0.289	627	12.1	4.43	6	1	2.84	41.76	41.07	41.77	499.96	518.64	21.933	33.588	27.44	42.02	600.0	-0	1321	101.9	17.8	0.0708	0.7	111115
49	"10:21:00"	213.0	-25	0.289	628	12.1	4.43	6	1	2.84	41.77	41.08	41.77	499.93	518.66	21.937	33.590	27.44	42.02	600.1	-0	1321	101.9	17.8	0.0708	0.7	111115
50	"10:21:01"	214.5	-25.1	0.288	628	12.1	4.43	6	1	2.84	41.77	41.08	41.77	499.89	518.70	21.943	33.590	27.45	42.02	600.1	-0	1320	101.9	17.8	0.0708	0.7	111115
51	"10:21:02"	215.5	-25	0.288	628	12	4.43	6	1	2.84	41.77	41.08	41.77	499.87	518.66	21.947	33.590	27.45	42.02	600.1	-0	1320	101.9	17.8	0.0708	1.0	111115
52	"10:21:03"	217.0	-25.3	0.288	630	12	4.43	6	1	2.84	41.77	41.08	41.77	499.70	518.79	21.955	33.590	27.46	42.02	600.1	-0	1319	101.9	17.8	0.0708	1.0	111115
53	"10:21:04"	218.0	-25.4	0.288	630	12	4.43	6	1	2.84	41.77	41.08	41.77	499.65	518.79	21.961	33.592	27.47	42.02	600.0	-0	1319	101.9	17.8	0.0708	1.0	111115
54	"10:21:06"	219.5	-25.3	0.288	630	12	4.43	6	1	2.84	41.77	41.08	41.77	499.69	518.70	21.969	33.601	27.48	42.03	600.0	-0	1319	101.9	17.8	0.0708	1.0	111115
55	"10:21:07"	220.5	-25.2	0.288	629	12	4.43	6	1	2.84	41.77	41.08	41.77	499.70	518.62	21.974	33.608	27.48	42.03	600.0	-0	1318	101.9	17.8	0.0708	1.0	111115
56	"10:21:08"	222.0	-24.9	0.288	627	12	4.43	6	1	2.84	41.77	41.08	41.77	499.85	518.49	21.982	33.612	27.49	42.04	600.0	-0	1318	101.9	17.8	0.0708	1.0	111115
57	"10:21:10"	223.0	-24.9	0.288	628	12	4.43	6	1	2.84	41.77	41.09	41.77	499.81	518.50	21.988	33.613	27.50	42.04	600.0	-0	1319	101.9	17.8	0.0708	1.0	111115
58	"10:21:11"	224.5	-24.8	0.287	627	12	4.43	6	1	2.84	41.77	41.09	41.77	499.87	518.47	21.997	33.610	27.51	42.03	600.0	-0	1320	101.9	17.8	0.0708	1.0	111115
59	"10:21:12"	225.5	-24.8	0.287	627	12	4.43	6	1	2.84	41.77	41.09	41.77	499.92	518.45	22.002	33.614	27.51	42.03	600.0	-0	1320	101.9	17.8	0.0708	0.7	111115
60	"10:21:13"	227.0	-24.7	0.287	626	12	4.43	6	1	2.84	41.77	41.09	41.77	499.94	518.43	22.009	33.619	27.52	42.04	600.0	-0	1320	101.9	17.8	0.0708	0.7	111115
61	"10:21:14"	228.0	-24.7	0.287	626	12	4.43	6	1	2.84	41.77	41.09	41.78	499.96	518.44	22.015	33.621	27.53	42.04	600.0	-0	1320	101.9	17.8	0.0708	0.7	111115
62	"10:21:16"	229.5	-24.8	0.287	627	12	4.43	6	1	2.84	41.78	41.09	41.78	499.89	518.43	22.021	33.622	27.53	42.04	600.0	-0	1320	101.9	17.8	0.0708	0.7	111115
63	"10:21:17"	230.5	-24.7	0.287	627	12	4.43	6	1	2.84	41.78	41.09	41.78	499.88	518.39	22.025	33.623	27.54	42.04	600.0	-0	1320	101.9	17.8	0.0708	0.7	111115
64	"10:21:18"	232.0	-24.6	0.287	626	12	4.43	6	1	2.84	41.78	41.10	41.78	499.87	518.30	22.033	33.627	27.54	42.04	600.0	-0	1320	101.9	17.8	0.0708	0.7	111115
65	"10:21:19"	233.0	-24.8	0.286	627	12	4.43	6	1	2.84	41.78	41.10	41.78	499.80	518.39	22.038	33.630	27.55	42.04	600.0	-0	1321	101.9	17.8	0.0708	0.7	111115
66	"10:21:21"	234.5	-24.7	0.286	627	12	4.44	6	1	2.84	41.78	41.10	41.78	499.84	518.34	22.047	33.634	27.56	42.04	600.0	-0	1322	101.9	17.8	0.0708	0.7	111115
67	"10:21:22"	235.5	-24.7	0.286	627	12	4.44	6	1	2.84	41.78	41.10	41.78	499.87	518.35	22.054	33.632	27.56	42.03	600.1	-0	1322	101.9	17.8	0.0708	0.7	111115
68	"10:21:23"	237.0	-24.5	0.286	625	12	4.44	6	1	2.84	41.78	41.11	41.78	499.98	518.25	22.061	33.641	27.57	42.04	600.0	-0	1323	101.9	17.8	0.0708	0.7	111115
69	"10:21:25"	238.0	-24.5	0.286	626	12	4.44	6	1	2.84	41.79	41.10	41.78	499.91	518.23	22.068	33.644	27.58	42.04	600.0	-0	1323	101.9	17.8	0.0708	0.7	111115
70	"10:21:26"	239.5	-24.6	0.286	626	12	4.44	6	1	2.84	41.79	41.11	41.79	499.80	518.17	22.073	33.645	27.58	42.04	600.0	-0	1323	101.9	17.8	0.0708	0.7	111115
71	"10:21:27"	240.5	-24.6	0.285	626	12	4.44	6	1	2.84	41.79	41.11	41.79	499.77	518.18	22.079	33.643	27.59	42.04	600.0	-0	1324	101.9	17.8	0.0708	0.7	111115
72	"10:21:28"	242.0	-24.6	0.285	626	12	4.44	6	1	2.84	41.79	41.12	41.79	499.77	518.14	22.087	33.640	27.59	42.03	600.0	-0	1324	101.9	17.8	0.0708	0.7	111115
73	"10:21:29"	243.0	-24.6	0.285	626	11.9	4.44	6	1	2.84	41.79	41.12	41.79	499.77	518.15	22.091	33.638	27.60	42.02	600.0	-0	1324	101.9	17.8	0.0708	0.7	111115
74	"10:21:31"	244.5	-24.6	0.285	627	11.9	4.44	6	1	2.84	41.80	41.12	41.79	499.73	518.15	22.098	33.641	27.60	42.02	600.0	-0	1325	101.9	17.8	0.0708	0.7	111115
75	"10:21:32"	245.5	-24.7	0.285	627	11.9	4.44	6	1	2.84	41.80	41.12	41.79	499.71	518.18	22.104	33.643	27.61	42.02	600.0	-0	1326	101.9	17.8	0.0708	0.7	111115
76	"10:21:33"	247.0	-24.8	0.284	628	11.9	4.44	6	1	2.84	41.80	41.12	41.79	499.60	518.18	22.110	33.649	27.61	42.02	600.1	-0	1326	101.9	17.8	0.0708	0.7	111115
77	"10:21:34"	248.0	-24.7	0.284	627	11.9	4.45	6	1	2.84	41.80	41.13	41.80	499.66	518.14	22.116	33.646	27.62	42.01	600.0	-0	1327	101.9	17.8	0.0708	1.0	111115
78	"10:21:36"	249.5	-24.6	0.284	627	11.9	4.45	6	1	2.84	41.80	41.14	41.80	499.69	518.09	22.122	33.644	27.62	42.00	600.0	-0	1327	101.9	17.8	0.0708	1.0	111115
79	"10:21:37"	250.5	-24.6	0.283	627	11.9	4.45	6	1	2.84	41.80	41.14	41.80	499.69	518.09	22.129	33.640	27.63	42.00	600.0	-0	1328	101.9	17.8	0.0708	1.0	111115
80	"10:21:38"	252.0	-24.5	0.283	627	11.9	4.45	6	1	2.84	41.81	41.14	41.80	499.67	518.02	22.137	33.640	27.63	41.99	600.0	-0	1328	101.9	17.8	0.0708	1.0	111115
81	"10:21:40"	253.0	-24.3	0.283	625	11.9	4.45	6	1	2.84	41.81	41.15	41.80	499.78	517.93	22.142	33.644	27.64	41.99	600.0	-0	1329	101.9	17.8	0.0708	1.0	111115
82	"10:21:41"	253.5	-24.4	0.283	626	11.9	4.45	6	1	2.84	41.81	41.15	41.80	499.74	517.96	22.144	33.647	27.64	42.00	600.0	-0	1329	101.9	17.8	0.0708	1.0	111115
83	"10:21:42"	255.5	-24.4	0.283	626	11.9	4.45	6	1	2.84	41.81	41.15	41.81	499.72	517.94	22.152	33.653	27.64	42.00	600.0	-0	1330	101.9	17.8	0.0708	1.0	111115
84	"10:21:43"	256.5	-24.3	0.283	625	11.9	4.45	6	1	2.84	41.81	41.15	41.81	499.69	517.84	22.158	33.654	27.65	41.99	600.0	-0	1331	101.9	17.8	0.0708	0.7	111115
85	"10:21:44"	258.0	-24.5	0.282	626	11.9	4.45	6	1	2.84	41.82	41.15	41.81	499.59	517.88	22.166	33.659	27.65	41.99	600.0	-0	1332	101.9	17.8	0.0708	0.7	111115
86	"10:21:46"	259.0	-24.4	0.282	626	11.9	4.45	6	1	2.84	41.82	41.15	41.81	499.62	517.88	22.172	33.664	27.66	42.00	600.0	-0	1332	101.9	17.8	0.0708	0.7	111115
87	"10:21:47"	260.5	-24.5	0.282	627	11.9	4.45	6	1	2.84	41.82	41.16	41.81	499.57	517.92	22.179	33.672	27.67	42.00	600.0	-0	1333	101.9	17.8	0.0708	0.7	111115
88	"10:21:48"	261.5	-24.4	0.282	626	11.9	4.46	6	1	2.84	41.82	41.16	41.81	499.64	517.85	22.185	33.670	27.67	41.99	600.0	-0	1334	101.9	17.8	0.0708	0.7	111115
89	"10:21:49"	263.0	-24.2	0.282	625	11.9	4.46	6	1	2.84	41.82	41.16	41.82	499.76	517.78	22.192	33.667	27.68	41.98	600.0	-0	1334	101.9	17.8	0.0708	0.7	111115
90	"10:21:51"	264.0	-24.1	0.281	624	11.9	4.46	6	1	2.84	41.83	41.17	41.82	499.83	517.75	22.197	33.668	27.68	41.98	600.0	-0	1335	101.9	17.8	0.0708	0.7	111115
91	"10:21:52"	265.5	-24	0.281	624	11.9	4.46	6	1	2.84	41.83	41.17	41.82	499.87	517.70	22.205	33.669	27.69	41.98	600.0	-0	1335	101.9	17.8	0.0708	0.7	111115
92	"10:21:53"	266.5	-24	0.281	624	11.9	4.46	6	1	2.84	41.83	41.17	41.82	499.81	517.69	22.211	33.677	27.69	41.98	600.0	-0	1335	101.9	17.8	0.0708	0.7	111115
93	"10:21:54"	268.0	-24.1	0.281	624	11.9	4.46	6	1	2.84	41.83	41.18	41.82	499.75	517.67	22.220	33.680	27.70	41.98	600.0	-0	1334	101.9	17.8	0.0708	0.7	111115
94	"10:21:55"	269.0	-23.9	0.281	624	11.9	4.46	6	1	2.84	41.84	41.18	41.83	499.81	517.61	22.226	33.683	27.70	41.98	600.0	-0	1334	101.9	17.8	0.0708	0.7	111115
95	"10:21:57"	270.5	-24	0.281	624	11.9	4.46	6	1	2.84	41.84	41.18	41.83	499.78	517.65	22.233	33.685	27.71	41.98	600.0	-0	1334	101.9	17.8	0.0708	0.7	111115
96	"10:21:58"	271.5	-24	0.28	625	11.8	4.47	6	1	2.84	41.84	41.19	41.83	499.77	517.69	22.239	33.687	27.71	41.98	600.0	-0	1335	101.9	17.8	0.0708	0.7	111115
97	"10:21:59"	273.0	-24.1	0.28	625	11.8	4.47	6	1	2.84	41.84	41.19	41.83	499.74	517.73	22.247	33.691	27.72	41.97	600.0	-0	1335	101.9	17.8	0.0708	0.7	111115
98	"10:22:01"	274.0	-24	0.28	625	11.8	4.47	6	1	2.84	41.85	41.19	41.84	499.76	517.67	22.253	33.690	27.72	41.97	600.0	-0	1335	101.9	17.8	0.0708	1.0	111115
99	"10:22:02"	275.5	-24.1	0.28	625	11.8	4.47	6	1	2.84	41.85	41.20	41.84	499.60	517.62	22.260	33.696	27.73	41.97	600.0	-0	1335	101.9	17.8	0.0708	1.0	111115
100	"10:22:03"	276.5	-24.2	0.28	626	11.8	4.47	6	1	2.84	41.85	41.20	41.84	499.54	517.62	22.264	33.699	27.73	41.97	600.0	-0	1336	101.9	17.8	0.0708	1.0	111115
101	"10:22:04"	277.0	-24.2	0.28	626	11.8	4.47	6	1	2.84	41.85	41.20	41.84	499.55	517.61	22.267	33.699	27.73	41.97	600.0	-0	1336	101.9	17.8	0.0708	1.0	111115
102	"10:22:05"	279.0	-24	0.279	625	11.8	4.47	6	1	2.84	41.86	41.20	41.84	499.67	517.58	22.279	33.700	27.74	41.96	600.0	-0	1336	101.9	17.8	0.0708	1.0	111115
103	"10:22:06"	279.5	-24	0.279	625	11.8	4.47	6	1	2.84	41.86	41.20	41.84	499.72	517.58	22.282	33.703	27.74	41.96	600.0	-0	1335	101.9	17.8	0.0708	1.0	111115
104	"10:22:08"	281.0	-23.9	0.279	624	11.8	4.47	6	1	2.84	41.86	41.20	41.85	499.77	517.52	22.291	33.703	27.75	41.95	600.0	-0	1331	101.9	17.8	0.0708	1.0	111115
105	"10:22:09"	281.5	-23.9	0.279	624	11.8	4.47	6	1	2.84	41.86	41.21	41.85	499.78	517.52	22.294	33.705	27.75	41.95	600.0	-0	1330	101.9	17.8	0.0708	1.0	111115
106	"10:22:10"	283.5	-23.7	0.279	623	11.8	4.47	6	1	2.84	41.86	41.21	41.85	499.84	517.44	22.302	33.707	27.76	41.95	600.1	-0	1323	101.9	17.8	0.0708	1.0	111115
107	"10:22:11"	284.5	-23.6	0.279	622	11.8	4.47	6	1	2.84	41.87	41.21	41.85	499.87	517.36	22.308	33.714	27.76	41.95	600.1	-0	1321	101.9	17.8	0.0708	1.0	111115
108	"10:22:12"	286.0	-23.6	0.279	623	11.8	4.47	6	1	2.84	41.87	41.21	41.86	499.83	517.36	22.318	33.720	27.77	41.96	600.0	-0	1321	101.9	17.8	0.0708	1.0	111115
109	"10:22:14"	287.0	-23.7	0.279	623	11.8	4.47	6	1	2.84	41.87	41.22	41.86	499.77	517.37	22.324	33.726	27.77	41.96	600.0	-0	1321	101.9	17.8	0.0708	0.7	111115
110	"10:22:15"	288.5	-23.8	0.278	623	11.8	4.48	6	1	2.84	41.87	41.22	41.86	499.71	517.36	22.333	33.728	27.78	41.95	600.0	-0	1316	101.9	17.8	0.0708	0.7	111115
111	"10:22:16"	289.5	-23.7	0.278	623	11.8	4.48	6	1	2.84	41.88	41.22	41.86	499.74	517.36	22.340	33.732	27.79	41.96	600.0	-0	1311	101.9	17.8	0.0708	0.7	111115
112	"10:22:17"	291.0	-23.6	0.278	622	11.8	4.48	6	1	2.84	41.88	41.22	41.87	499.83	517.29	22.346	33.733	27.79	41.95	600.0	-0	1304	101.9	17.8	0.0708	0.7	111115
113	"10:22:18"	292.0	-23.5	0.278	622	11.8	4.48	6	1	2.84	41.88	41.22	41.87	499.86	517.27	22.350	33.733	27.79	41.95	600.0	-0	1303	101.9	17.8	0.0708	0.7	111115
114	"10:22:19"	292.5	-23.5	0.278	622	11.8	4.48	6	1	2.84	41.88	41.23	41.87	499.86	517.27	22.353	33.735	27.79	41.95	600.0	-0	1302	101.9	17.8	0.0708	0.7	111115
115	"10:22:21"	294.5	-23.5	0.277	622	11.8	4.48	6	1	2.84	41.89	41.24	41.87	499.86	517.24	22.365	33.739	27.80	41.94	600.0	-0	1005	101.9	17.8	0.0708	0.7	111115
116	"10:22:22"	295.0	-23.5	0.277	622	11.8	4.48	6	1	2.84	41.89	41.24	41.87	499.85	517.27	22.369	33.740	27.81	41.94	600.0	-0	849	101.9	17.8	0.0708	0.7	111115
117	"10:22:23"	296.5	-23.6	0.277	623	11.8	4.48	6	1	2.84	41.89	41.25	41.88	499.77	517.26	22.378	33.743	27.81	41.94	600.0	-0	378	101.9	17.8	0.0708	0.7	111115
118	"10:22:24"	297.0	-23.6	0.277	623	11.8	4.48	6	1	2.84	41.89	41.25	41.88	499.77	517.25	22.380	33.744	27.81	41.94	600.0	-0	224	101.9	17.8	0.0708	0.7	111115
119	"10:22:25"	298.0	-23.6	0.277	623	11.8	4.49	6	1	2.84	41.89	41.25	41.88	499.74	517.23	22.385	33.743	27.82	41.93	600.0	-0	55	101.9	17.8	0.0708	0.7	111115
120	"10:22:26"	300.0	-23.4	0.276	622	11.8	4.49	6	1	2.84	41.90	41.25	41.88	499.78	517.15	22.394	33.748	27.82	41.93	600.0	-0	72	101.9	17.8	0.0708	1.0	111115
121	"10:22:27"	300.5	-23.5	0.276	622	11.7	4.49	6	1	2.84	41.90	41.25	41.88	499.80	517.18	22.396	33.748	27.82	41.93	600.0	-0	80	101.9	17.8	0.0708	1.0	111115
122	"10:22:29"	302.5	-23.5	0.276	623	11.7	4.49	6	1	2.84	41.90	41.26	41.89	499.74	517.21	22.404	33.752	27.83	41.92	600.0	-0	103	101.9	17.8	0.0708	1.0	111115
123	"10:22:30"	303.0	-23.5	0.276	622	11.7	4.49	6	1	2.84	41.90	41.26	41.89	499.77	517.16	22.405	33.752	27.83	41.92	600.0	-0	106	101.9	17.8	0.0708	1.0	111115
124	"10:22:31"	304.5	-23.6	0.276	623	11.7	4.49	6	1	2.84	41.90	41.26	41.89	499.67	517.16	22.411	33.748	27.83	41.91	600.0	-0	191	101.9	17.8	0.0708	1.0	111115
125	"10:22:32"	306.0	-23.6	0.276	623	11.7	4.49	6	1	2.84	41.91	41.26	41.89	499.64	517.12	22.416	33.751	27.84	41.91	600.0	-0	642	101.9	17.8	0.0708	1.0	111115
126	"10:22:33"	307.0	-23.6	0.276	623	11.7	4.49	6	1	2.84	41.91	41.26	41.89	499.64	517.13	22.421	33.752	27.84	41.91	600.1	-0	948	101.9	17.8	0.0708	1.0	111115
127	"10:22:35"	308.5	-23.5	0.276	623	11.7	4.49	6	1	2.84	41.91	41.26	41.90	499.68	517.14	22.427	33.758	27.85	41.91	600.1	-0	1320	101.9	17.8	0.0708	1.0	111115
128	"10:22:36"	309.5	-23.7	0.276	624	11.7	4.49	6	1	2.84	41.91	41.26	41.90	499.59	517.18	22.430	33.764	27.85	41.92	600.0	-0	1319	101.9	17.8	0.0708	1.0	111115
129	"10:22:37"	311.0	-23.8	0.276	624	11.8	4.49	6	1	2.84	41.91	41.27	41.90	499.61	517.32	22.438	33.797	27.85	41.95	600.0	-0	1294	101.9	17.8	0.0708	1.0	111115
130	"10:22:38"	312.0	-23.8	0.277	624	11.8	4.49	6	1	2.84	41.91	41.27	41.90	499.66	517.33	22.443	33.812	27.86	41.97	600.0	-0	1281	101.9	17.8	0.0708	1.0	111115
131	"10:22:40"	312.5	-23.7	0.277	624	11.8	4.49	6	1	2.84	41.91	41.27	41.90	499.70	517.32	22.446	33.817	27.86	41.97	600.0	-0	1281	101.9	17.8	0.0708	1.0	111115
132	"10:22:41"	314.5	-23.6	0.277	623	11.8	4.48	6	1	2.84	41.92	41.26	41.91	499.75	517.25	22.462	33.840	27.88	42.00	600.0	-0	1283	101.9	17.8	0.0708	1.0	111115
133	"10:22:42"	315.5	-23.7	0.277	623	11.8	4.48	6	1	2.84	41.92	41.26	41.91	499.67	517.26	22.476	33.844	27.89	42.00	600.0	-0	1285	101.9	17.8	0.0708	1.0	111115
134	"10:22:43"	317.0	-23.7	0.277	623	11.7	4.48	6	1	2.84	41.92	41.26	41.91	499.58	517.17	22.495	33.848	27.91	42.00	600.0	-0	1266	101.9	17.8	0.0708	1.0	111115
135	"10:22:44"	318.0	-23.4	0.276	622	11.7	4.48	6	1	2.84	41.92	41.26	41.91	499.66	517.04	22.503	33.842	27.92	41.99	600.0	-0	1249	101.9	17.8	0.0708	1.0	111115
136	"10:22:45"	318.5	-23.4	0.276	622	11.7	4.48	6	1	2.84	41.92	41.26	41.91	499.70	517.02	22.506	33.844	27.93	41.99	600.0	-0	1225	101.9	17.8	0.0708	1.0	111115
137	"10:22:47"	319.5	-23.3	0.277	621	11.7	4.48	6	1	2.84	41.92	41.27	41.91	499.77	517.03	22.505	33.850	27.92	42.00	600.0	-0	1224	101.9	17.8	0.0708	1.0	111115
138	"10:22:48"	321.5	-23.4	0.277	622	11.8	4.48	6	1	2.84	41.92	41.27	41.91	499.78	517.09	22.497	33.870	27.91	42.02	600.0	-0	1222	101.9	17.8	0.0708	1.0	111115
139	"10:22:49"	322.0	-23.4	0.277	622	11.8	4.48	6	1	2.84	41.92	41.27	41.91	499.77	517.12	22.496	33.869	27.91	42.02	600.0	-0	1223	101.9	17.8	0.0708	1.0	111115
140	"10:22:50"	324.0	-23.6	0.277	623	11.8	4.48	6	1	2.84	41.93	41.27	41.92	499.63	517.11	22.495	33.864	27.90	42.01	600.0	-0	1250	101.9	17.8	0.0708	1.0	111115
141	"10:22:51"	325.0	-23.6	0.277	623	11.8	4.48	6	1	2.84	41.93	41.27	41.92	499.58	517.10	22.498	33.853	27.90	41.99	600.0	-0	1251	101.9	17.8	0.0708	1.0	111115
142	"10:22:53"	326.5	-23.5	0.276	623	11.7	4.49	6	1	2.84	41.93	41.27	41.92	499.62	517.04	22.505	33.832	27.91	41.96	600.0	-0	1251	101.9	17.8	0.0708	1.0	111115
143	"10:22:54"	327.5	-23.4	0.275	622	11.7	4.49	6	1	2.84	41.93	41.27	41.92	499.68	517.02	22.511	33.817	27.92	41.94	600.0	-0	1251	101.9	17.8	0.0708	1.0	111115
144	"10:22:55"	329.0	-23.2	0.274	622	11.7	4.49	6	1	2.84	41.93	41.27	41.92	499.74	516.91	22.519	33.799	27.92	41.91	600.0	-0	1252	101.9	17.8	0.0708	1.0	111115
145	"10:22:56"	330.0	-23.2	0.274	621	11.7	4.49	6	1	2.84	41.93	41.28	41.92	499.71	516.84	22.524	33.795	27.93	41.90	600.0	-0	1252	101.9	17.8	0.0708	0.7	111115
146	"10:22:58"	331.5	-23.3	0.273	623	11.7	4.49	6	1	2.84	41.94	41.28	41.92	499.54	516.86	22.529	33.789	27.93	41.89	600.0	-0	1252	101.9	17.8	0.0708	0.7	111115
147	"10:22:59"	332.5	-23.3	0.273	622	11.7	4.5	6	1	2.84	41.94	41.28	41.92	499.57	516.81	22.533	33.789	27.93	41.89	600.0	-0	1252	101.9	17.8	0.0708	0.7	111115
148	"10:23:00"	334.0	-23.2	0.273	622	11.6	4.5	6	1	2.84	41.94	41.28	41.93	499.61	516.79	22.541	33.777	27.94	41.87	600.0	-0	1252	101.9	17.8	0.0708	0.7	111115
149	"10:23:01"	335.0	-23.1	0.272	621	11.6	4.5	6	1	2.84	41.94	41.28	41.93	499.67	516.71	22.546	33.778	27.94	41.87	600.0	-0	1252	101.9	17.8	0.0708	0.7	111115
150	"10:23:03"	336.5	-23	0.272	621	11.6	4.5	6	1	2.84	41.94	41.28	41.93	499.66	516.68	22.552	33.772	27.95	41.85	600.0	-0	1252	101.9	17.8	0.0708	0.7	111115
151	"10:23:04"	337.0	-23.1	0.272	621	11.6	4.5	6	1	2.84	41.94	41.29	41.93	499.65	516.70	22.555	33.775	27.95	41.86	600.0	-0	1252	101.9	17.8	0.0708	0.7	111115
152	"10:23:05"	339.0	-23.1	0.272	622	11.6	4.5	6	1	2.84	41.95	41.29	41.93	499.58	516.71	22.565	33.773	27.96	41.85	600.1	-0	1253	101.9	17.8	0.0708	0.7	111115
153	"10:23:06"	340.0	-23.1	0.271	622	11.6	4.5	6	1	2.84	41.95	41.29	41.93	499.57	516.70	22.569	33.769	27.96	41.84	600.0	-0	1253	101.9	17.8	0.0708	0.7	111115
154	"10:23:08"	340.5	-23.1	0.271	622	11.6	4.5	6	1	2.84	41.95	41.29	41.94	499.55	516.67	22.572	33.772	27.97	41.84	600.0	-0	1253	101.9	17.8	0.0708	0.7	111115
155	"10:23:09"	341.5	-23.1	0.271	622	11.6	4.5	6	1	2.84	41.95	41.29	41.94	499.53	516.69	22.574	33.767	27.97	41.83	600.1	-0	1254	101.9	17.8	0.0708	0.7	111115
156	"10:23:10"	342.5	-23.1	0.271	622	11.6	4.5	6	1	2.84	41.95	41.29	41.94	499.52	516.64	22.577	33.769	27.97	41.84	600.1	-0	1254	101.9	17.8	0.0708	0.7	111115
157	"10:23:11"	344.5	-23.2	0.271	623	11.6	4.5	6	1	2.84	41.95	41.29	41.94	499.45	516.67	22.583	33.775	27.97	41.84	600.1	-0	1256	101.9	17.8	0.0708	0.7	111115
158	"10:23:12"	346.0	-23.1	0.271	622	11.6	4.5	6	1	2.84	41.95	41.29	41.94	499.47	516.60	22.590	33.783	27.98	41.84	600.0	-0	1255	101.9	17.8	0.0708	0.7	111115
159	"10:23:13"	347.0	-23	0.271	622	11.6	4.5	6	1	2.84	41.96	41.30	41.94	499.51	516.58	22.594	33.782	27.98	41.84	600.0	-0	1235	101.9	17.8	0.0708	0.7	111115
160	"10:23:15"	348.5	-23	0.271	621	11.6	4.5	6	1	2.84	41.96	41.30	41.94	499.56	516.57	22.600	33.788	27.99	41.84	600.0	-0	1236	101.9	17.8	0.0708	1.0	111115
161	"10:23:16"	349.0	-22.9	0.271	621	11.6	4.5	6	1	2.84	41.96	41.30	41.95	499.61	516.54	22.602	33.792	27.99	41.84	600.0	-0	1236	101.9	17.8	0.0708	1.0	111115
162	"10:23:17"	350.0	-22.8	0.271	620	11.6	4.5	6	1	2.84	41.96	41.30	41.95	499.64	516.48	22.607	33.792	27.99	41.84	600.0	-0	1239	101.9	17.8	0.0708	1.0	111115
163	"10:23:18"	352.0	-22.8	0.271	620	11.6	4.51	6	1	2.84	41.96	41.31	41.95	499.61	516.46	22.613	33.803	28.00	41.85	600.0	-0	1262	101.9	17.8	0.0708	1.0	111115
164	"10:23:20"	353.0	-22.8	0.271	620	11.6	4.51	6	1	2.84	41.96	41.31	41.95	499.61	516.45	22.616	33.811	28.00	41.86	600.0	-0	1263	101.9	17.8	0.0708	1.0	111115
165	"10:23:21"	353.5	-22.8	0.271	620	11.6	4.51	6	1	2.84	41.96	41.31	41.95	499.61	516.46	22.618	33.815	28.00	41.86	600.0	-0	1263	101.9	17.8	0.0708	1.0	111115
166	"10:23:22"	355.5	-22.9	0.271	620	11.6	4.51	6	1	2.84	41.97	41.32	41.95	499.60	516.48	22.625	33.823	28.00	41.86	600.0	-0	1264	101.9	17.8	0.0708	1.0	111115
167	"10:23:23"	356.5	-22.9	0.271	621	11.6	4.51	6	1	2.84	41.97	41.32	41.95	499.59	516.53	22.629	33.826	28.01	41.86	600.1	-0	1264	101.9	17.8	0.0708	1.0	111115
168	"10:23:24"	358.0	-23	0.27	621	11.6	4.51	6	1	2.84	41.97	41.33	41.96	499.57	516.55	22.634	33.824	28.01	41.85	600.1	-0	1265	101.9	17.8	0.0708	1.0	111115
169	"10:23:25"	359.0	-22.9	0.27	621	11.6	4.51	6	1	2.84	41.97	41.33	41.96	499.58	516.53	22.639	33.827	28.01	41.85	600.0	-0	1265	101.9	17.8	0.0708	1.0	111115
170	"10:23:27"	360.5	-22.8	0.27	621	11.6	4.51	6	1	2.84	41.98	41.34	41.96	499.65	516.49	22.646	33.830	28.01	41.85	600.0	-0	1264	101.9	17.8	0.0708	1.0	111115
171	"10:23:28"	361.5	-22.8	0.27	621	11.6	4.52	6	1	2.84	41.98	41.34	41.96	499.65	516.48	22.652	33.831	28.02	41.85	600.0	-0	1264	101.9	17.8	0.0708	1.0	111115
172	"10:23:29"	363.0	-22.7	0.27	620	11.6	4.52	6	1	2.84	41.98	41.35	41.97	499.71	516.43	22.659	33.835	28.02	41.84	600.1	-0	1264	101.9	17.8	0.0708	1.0	111115
173	"10:23:30"	363.5	-22.8	0.269	620	11.6	4.52	6	1	2.84	41.98	41.35	41.97	499.68	516.45	22.662	33.836	28.02	41.84	600.0	-0	1264	101.9	17.8	0.0708	1.0	111115
174	"10:23:32"	365.0	-22.7	0.269	620	11.6	4.52	6	1	2.84	41.99	41.36	41.97	499.62	516.39	22.667	33.840	28.03	41.84	600.0	-0	1263	101.9	17.8	0.0708	1.0	111115
175	"10:23:33"	366.5	-22.7	0.269	620	11.6	4.52	6	1	2.84	41.99	41.37	41.97	499.65	516.37	22.674	33.846	28.03	41.84	600.0	-0	1261	101.9	17.8	0.0708	1.0	111115
176	"10:23:34"	367.5	-22.7	0.269	620	11.6	4.53	6	1	2.84	41.99	41.37	41.98	499.62	516.36	22.677	33.849	28.03	41.84	600.0	-0	1260	101.9	17.8	0.0708	1.0	111115
177	"10:23:35"	369.0	-22.8	0.269	620	11.6	4.53	6	1	2.84	42.00	41.38	41.98	499.63	516.40	22.682	33.857	28.03	41.84	600.0	-0	1257	101.9	17.8	0.0708	1.0	111115
178	"10:23:36"	369.5	-22.8	0.269	621	11.6	4.53	6	1	2.84	42.00	41.38	41.98	499.63	516.41	22.684	33.860	28.03	41.84	600.0	-0	1256	101.9	17.8	0.0708	1.0	111115
179	"10:23:38"	371.0	-22.8	0.269	621	11.6	4.53	6	1	2.84	42.00	41.38	41.98	499.59	516.40	22.689	33.862	28.03	41.84	600.1	-0	1254	101.9	17.8	0.0708	1.0	111115
180	"10:23:39"	372.5	-22.7	0.269	620	11.6	4.53	6	1	2.84	42.00	41.39	41.99	499.63	516.37	22.696	33.869	28.04	41.84	600.0	-0	1252	101.9	17.8	0.0708	1.0	111115
181	"10:23:40"	373.5	-22.7	0.268	621	11.6	4.53	6	1	2.84	42.01	41.39	41.99	499.60	516.37	22.701	33.872	28.04	41.84	600.0	-0	1252	101.9	17.8	0.0708	1.0	111115
182	"10:23:41"	375.0	-22.7	0.268	620	11.6	4.53	6	1	2.84	42.01	41.40	41.99	499.60	516.31	22.707	33.877	28.04	41.83	600.0	-0	1250	101.9	17.8	0.0708	1.0	111115
183	"10:23:42"	376.0	-22.7	0.268	621	11.6	4.54	6	1	2.84	42.01	41.40	41.99	499.56	516.34	22.712	33.879	28.04	41.83	600.0	-0	1250	101.9	17.8	0.0708	1.0	111115
184	"10:23:44"	377.5	-22.6	0.268	620	11.6	4.54	6	1	2.84	42.02	41.41	42.00	499.61	516.27	22.718	33.887	28.04	41.83	600.0	-0	1249	101.9	17.8	0.0708	1.0	111115
185	"10:23:45"	378.5	-22.5	0.268	619	11.6	4.54	6	1	2.84	42.02	41.41	42.00	499.66	516.24	22.722	33.886	28.05	41.83	599.9	-0	1249	101.9	17.8	0.0708	1.0	111115
186	"10:23:46"	380.0	-22.4	0.268	619	11.6	4.54	6	1	2.84	42.02	41.41	42.00	499.71	516.17	22.727	33.888	28.05	41.82	600.0	-0	1249	101.9	17.8	0.0708	1.0	111115
187	"10:23:47"	380.5	-22.4	0.267	619	11.5	4.54	6	1	2.84	42.02	41.42	42.00	499.70	516.15	22.729	33.887	28.05	41.82	600.0	-0	1249	101.9	17.8	0.0708	1.0	111115
188	"10:23:48"	381.0	-22.5	0.268	619	11.6	4.54	6	1	2.84	42.03	41.42	42.00	499.68	516.18	22.731	33.891	28.05	41.82	600.0	-0	1249	101.9	17.8	0.0708	1.0	111115
189	"10:23:50"	383.0	-22.6	0.268	620	11.6	4.54	6	1	2.84	42.03	41.42	42.01	499.63	516.26	22.738	33.906	28.05	41.83	600.0	-0	1248	101.9	17.8	0.0708	1.0	111115
190	"10:23:51"	384.5	-22.6	0.267	620	11.6	4.55	6	1	2.84	42.03	41.43	42.01	499.60	516.26	22.744	33.907	28.05	41.82	600.1	-0	1246	101.9	17.8	0.0708	1.0	111115
191	"10:23:52"	385.5	-22.6	0.267	620	11.6	4.55	6	1	2.84	42.04	41.43	42.01	499.60	516.27	22.747	33.907	28.05	41.81	600.0	-0	1246	101.9	17.8	0.0708	1.0	111115
192	"10:23:53"	387.0	-22.6	0.267	620	11.5	4.55	6	1	2.84	42.04	41.44	42.02	499.57	516.19	22.751	33.908	28.05	41.80	600.0	-0	1245	101.9	17.8	0.0708	1.0	111115
193	"10:23:54"	388.0	-22.6	0.267	620	11.6	4.55	6	1	2.84	42.04	41.44	42.02	499.59	516.18	22.754	33.914	28.05	41.81	600.0	-0	1245	101.9	17.8	0.0708	1.0	111115
194	"10:23:56"	389.5	-22.5	0.267	619	11.6	4.55	6	1	2.84	42.05	41.44	42.02	499.62	516.13	22.758	33.922	28.05	41.81	600.0	-0	1245	101.9	17.8	0.0708	1.0	111115
195	"10:23:57"	390.5	-22.6	0.267	620	11.6	4.55	6	1	2.84	42.05	41.44	42.03	499.55	516.18	22.761	33.928	28.05	41.81	599.9	-0	1244	101.9	17.8	0.0708	1.0	111115
196	"10:23:58"	392.0	-22.6	0.267	620	11.6	4.55	6	1	2.84	42.05	41.44	42.03	499.55	516.20	22.768	33.937	28.05	41.81	600.0	-0	1244	101.9	17.8	0.0708	1.0	111115
197	"10:23:59"	393.0	-22.6	0.267	620	11.6	4.55	6	1	2.84	42.06	41.44	42.03	499.53	516.19	22.773	33.939	28.06	41.81	600.1	-0	1244	101.9	17.8	0.0708	1.0	111115
198	"10:24:01"	394.5	-22.5	0.267	619	11.6	4.55	6	1	2.84	42.06	41.45	42.04	499.58	516.13	22.780	33.941	28.06	41.81	600.1	-0	1243	101.9	17.8	0.0708	1.0	111115
199	"10:24:02"	395.5	-22.6	0.267	620	11.5	4.55	6	1	2.84	42.06	41.45	42.04	499.54	516.15	22.783	33.939	28.06	41.80	600.0	-0	1243	101.9	17.8	0.0708	1.0	111115
200	"10:24:03"	397.0	-22.5	0.266	620	11.5	4.55	6	1	2.84	42.06	41.46	42.04	499.53	516.13	22.788	33.937	28.06	41.79	599.9	-0	1243	101.9	17.8	0.0708	1.0	111115
201	"10:24:04"	398.0	-22.7	0.266	621	11.5	4.55	6	1	2.84	42.07	41.46	42.04	499.48	516.19	22.790	33.941	28.06	41.79	599.9	-0	1243	101.9	17.8	0.0708	1.0	111115
202	"10:24:05"	398.5	-22.6	0.266	620	11.5	4.55	6	1	2.84	42.07	41.46	42.04	499.47	516.14	22.791	33.942	28.06	41.79	600.0	-0	1244	101.9	17.8	0.0708	1.0	111115
203	"10:24:07"	399.5	-22.6	0.266	620	11.5	4.56	6	1	2.84	42.07	41.46	42.05	499.50	516.11	22.795	33.947	28.06	41.79	600.0	-0	1244	101.9	17.8	0.0708	1.0	111115
204	"10:24:08"	401.5	-22.4	0.266	619	11.5	4.56	6	1	2.84	42.07	41.47	42.05	499.60	516.08	22.804	33.959	28.07	41.80	600.1	-0	1245	101.9	17.8	0.0708	1.0	111115
205	"10:24:09"	402.5	-22.5	0.266	619	11.5	4.56	6	1	2.84	42.08	41.47	42.05	499.60	516.09	22.809	33.960	28.07	41.79	600.1	-0	1245	101.9	17.8	0.0708	1.0	111115
206	"10:24:10"	404.0	-22.4	0.266	619	11.5	4.56	6	1	2.84	42.08	41.48	42.06	499.56	516.03	22.813	33.963	28.07	41.78	600.0	-0	1245	101.9	17.8	0.0708	1.0	111115
207	"10:24:12"	405.0	-22.5	0.266	620	11.5	4.56	6	1	2.84	42.08	41.48	42.06	499.46	516.01	22.816	33.963	28.07	41.78	600.0	-0	1246	101.9	17.8	0.0708	1.0	111115
208	"10:24:13"	406.5	-22.6	0.266	620	11.5	4.56	6	1	2.84	42.09	41.48	42.06	499.34	515.97	22.821	33.969	28.07	41.78	600.0	-0	1246	101.9	17.8	0.0708	1.0	111115
209	"10:24:14"	407.5	-22.6	0.266	621	11.5	4.56	6	1	2.84	42.09	41.49	42.06	499.33	516.01	22.826	33.971	28.07	41.78	600.0	-0	1247	101.9	17.8	0.0708	1.0	111115
210	"10:24:15"	409.0	-22.6	0.266	620	11.5	4.56	6	1	2.84	42.09	41.49	42.07	499.39	516.04	22.831	33.971	28.07	41.77	600.0	-0	1247	101.9	17.8	0.0708	1.0	111115
211	"10:24:16"	410.0	-22.5	0.265	620	11.5	4.56	6	1	2.84	42.10	41.49	42.07	499.48	516.01	22.836	33.973	28.08	41.77	600.0	-0	1248	101.9	17.8	0.0708	1.0	111115
212	"10:24:18"	411.5	-22.5	0.266	620	11.5	4.56	6	1	2.84	42.10	41.49	42.07	499.46	516.05	22.840	33.979	28.07	41.77	600.0	-0	1248	101.9	17.8	0.0708	1.0	111115
213	"10:24:19"	412.5	-22.6	0.265	620	11.5	4.56	6	1	2.84	42.10	41.49	42.07	499.45	516.05	22.843	33.983	28.08	41.77	600.0	-0	1247	101.9	17.8	0.0708	1.0	111115
214	"10:24:20"	414.0	-22.5	0.265	620	11.5	4.57	6	1	2.84	42.10	41.50	42.08	499.44	516.00	22.849	33.988	28.08	41.77	600.0	-0	1247	101.9	17.8	0.0708	1.0	111115
215	"10:24:21"	415.0	-22.4	0.265	619	11.5	4.57	6	1	2.84	42.11	41.50	42.08	499.45	515.93	22.853	33.994	28.08	41.77	600.0	-0	1247	101.9	17.8	0.0708	1.0	111115
216	"10:24:23"	416.5	-22.3	0.265	619	11.5	4.57	6	1	2.84	42.11	41.51	42.08	499.52	515.90	22.859	34.004	28.08	41.78	600.1	-0	1247	101.9	17.8	0.0708	1.0	111115
217	"10:24:24"	417.5	-22.3	0.265	618	11.5	4.57	6	1	2.84	42.11	41.51	42.09	499.56	515.90	22.863	34.008	28.08	41.78	600.1	-0	1247	101.9	17.8	0.0708	1.0	111115
218	"10:24:25"	419.0	-22.1	0.265	617	11.5	4.57	6	1	2.84	42.11	41.51	42.09	499.68	515.84	22.868	34.002	28.09	41.76	600.0	-0	1247	101.9	17.8	0.0708	1.0	111115
219	"10:24:26"	419.5	-22	0.265	617	11.5	4.57	6	1	2.84	42.12	41.51	42.09	499.69	515.80	22.869	34.000	28.09	41.76	600.0	-0	1247	101.9	17.8	0.0708	1.0	111115
220	"10:24:28"	421.0	-22	0.265	617	11.5	4.57	6	1	2.84	42.12	41.52	42.09	499.68	515.76	22.875	34.002	28.09	41.75	600.0	-0	1247	101.9	17.8	0.0708	1.0	111115
221	"10:24:29"	421.5	-22.1	0.264	617	11.5	4.57	6	1	2.84	42.12	41.52	42.09	499.64	515.76	22.877	34.002	28.09	41.75	600.0	-0	1247	101.9	17.8	0.0708	1.0	111115
222	"10:24:30"	423.5	-22.3	0.264	619	11.5	4.58	6	1	2.84	42.12	41.53	42.10	499.48	515.81	22.886	34.006	28.09	41.74	600.0	-0	1247	101.9	17.8	0.0708	1.0	111115
223	"10:24:31"	424.5	-22.3	0.264	619	11.5	4.58	6	1	2.84	42.13	41.53	42.10	499.47	515.81	22.890	34.005	28.10	41.74	600.1	-0	1247	101.9	17.8	0.0708	1.0	111115
224	"10:24:32"	426.0	-22.4	0.264	619	11.5	4.58	6	1	2.84	42.13	41.54	42.10	499.42	515.84	22.895	34.013	28.10	41.74	600.0	-0	1247	101.9	17.8	0.0708	1.0	111115
225	"10:24:34"	427.0	-22.4	0.264	619	11.5	4.58	6	1	2.84	42.13	41.54	42.10	499.44	515.86	22.897	34.020	28.10	41.74	600.0	-0	1247	101.9	17.8	0.0708	1.0	111115
226	"10:24:35"	428.5	-22.4	0.264	620	11.5	4.58	6	1	2.84	42.13	41.54	42.11	499.40	515.87	22.903	34.027	28.10	41.75	600.0	-0	1247	101.9	17.8	0.0708	1.0	111115
227	"10:24:36"	429.5	-22.4	0.264	619	11.5	4.58	6	1	2.84	42.14	41.54	42.11	499.38	515.83	22.907	34.034	28.10	41.75	600.0	-0	1247	101.9	17.8	0.0708	1.0	111115
228	"10:24:37"	431.0	-22.3	0.264	619	11.5	4.58	6	1	2.84	42.14	41.55	42.11	499.40	515.77	22.914	34.036	28.11	41.75	600.0	-0	1247	101.9	17.8	0.0708	1.0	111115
229	"10:24:38"	432.0	-22.3	0.264	619	11.5	4.58	6	1	2.84	42.14	41.55	42.11	499.41	515.78	22.917	34.043	28.11	41.75	600.0	-0	1248	101.9	17.8	0.0708	1.0	111115
230	"10:24:40"	433.5	-22.5	0.264	620	11.5	4.58	6	1	2.84	42.15	41.55	42.12	499.32	515.84	22.923	34.040	28.11	41.74	600.1	-0	1247	101.9	17.8	0.0708	1.0	111115
231	"10:24:41"	434.0	-22.5	0.264	620	11.5	4.58	6	1	2.84	42.15	41.56	42.12	499.32	515.85	22.924	34.042	28.11	41.74	600.1	-0	1247	101.9	17.8	0.0708	1.0	111115
232	"10:24:42"	435.5	-22.5	0.264	620	11.5	4.59	6	1	2.84	42.15	41.56	42.12	499.34	515.86	22.928	34.042	28.11	41.73	600.1	-0	1247	101.9	17.8	0.0708	1.0	111115
233	"10:24:43"	437.0	-22.3	0.263	619	11.5	4.59	6	1	2.84	42.15	41.56	42.13	499.39	515.75	22.932	34.045	28.11	41.73	600.0	-0	1247	101.9	17.8	0.0708	1.0	111115
234	"10:24:44"	438.0	-22.2	0.263	619	11.5	4.59	6	1	2.84	42.15	41.56	42.13	499.43	515.71	22.936	34.049	28.11	41.73	600.0	-0	1247	101.9	17.8	0.0708	1.0	111115
235	"10:24:45"	438.5	-22.2	0.263	618	11.5	4.59	6	1	2.84	42.16	41.56	42.13	499.41	515.67	22.938	34.051	28.11	41.73	600.0	-0	1246	101.9	17.8	0.0708	1.0	111115
236	"10:24:47"	440.5	-22.1	0.263	618	11.5	4.59	6	1	2.84	42.16	41.57	42.13	499.41	515.57	22.945	34.057	28.11	41.73	600.0	-0	1245	101.9	17.8	0.0708	1.0	111115
237	"10:24:48"	441.5	-22.2	0.263	618	11.5	4.59	6	1	2.84	42.16	41.57	42.13	499.36	515.62	22.949	34.062	28.12	41.73	600.0	-0	1244	101.9	17.8	0.0708	1.0	111115
238	"10:24:49"	443.0	-22.2	0.263	619	11.5	4.59	6	1	2.84	42.17	41.57	42.14	499.39	515.68	22.953	34.060	28.11	41.72	600.0	-0	1243	101.9	17.8	0.0708	1.0	111115
239	"10:24:50"	444.0	-22.3	0.263	619	11.5	4.59	6	1	2.84	42.17	41.58	42.14	499.36	515.75	22.958	34.064	28.12	41.72	600.0	-0	1037	101.9	17.8	0.0708	1.0	111115
240	"10:24:52"	445.5	-22.3	0.263	620	11.5	4.59	6	1	2.84	42.17	41.58	42.14	499.32	515.73	22.962	34.063	28.12	41.71	600.0	-0	992	101.9	17.8	0.0708	1.0	111115
241	"10:24:53"	446.5	-22.4	0.263	620	11.5	4.59	6	1	2.84	42.17	41.58	42.15	499.28	515.72	22.965	34.068	28.12	41.71	600.0	-0	918	101.9	17.8	0.0708	1.0	111115
242	"10:24:54"	448.0	-22.3	0.262	619	11.5	4.6	6	1	2.84	42.18	41.59	42.15	499.31	515.65	22.971	34.070	28.12	41.71	600.0	-0	1110	101.9	17.8	0.0708	1.0	111115
243	"10:24:55"	449.0	-22.2	0.262	619	11.5	4.6	6	1	2.84	42.18	41.59	42.15	499.36	515.66	22.975	34.066	28.12	41.70	600.0	-0	1143	101.9	17.8	0.0708	1.0	111115
244	"10:24:57"	450.5	-22.1	0.262	618	11.5	4.6	6	1	2.84	42.18	41.59	42.15	499.42	515.57	22.981	34.064	28.13	41.69	600.0	-0	1213	101.9	17.8	0.0708	1.0	111115
245	"10:24:58"	451.5	-22	0.262	618	11.5	4.6	6	1	2.84	42.18	41.59	42.16	499.44	515.54	22.983	34.068	28.13	41.69	600.0	-0	1214	101.9	17.8	0.0708	1.0	111115
246	"10:24:59"	453.0	-22	0.262	618	11.5	4.6	6	1	2.84	42.19	41.60	42.16	499.40	515.53	22.987	34.072	28.13	41.69	600.0	-0	1209	101.9	17.8	0.0708	1.0	111115
