"OPEN 5.3.2"
"Tue Jul 31 2018 15:20:28"
"Unit="	"PSC-895"
"ComputeList="	"/User/Configs/Comps/Default"
"BLCTable="	"/Sys/Lib/StdBLCTable"
"LightSource="	"Sun+Sky"	1	0.19
"LogFormat="	"/User/Configs/LogFormats/Std Output"
"LogCodes="	-35	-21	-36	30	23	36	21	25	-33	-34	-32	-9	-10	-8	-1	-2	-4	-5	-14	-15	-7	-12	-13	-11	-65	-66	-72	-23
"PromptList="	"/User/Configs/Prompts/Default (none)"
"Stability= (CO2S 15s SLP<1)(H2OS 15s SLP<1)(Flow 15s SLP<1)"
"15:21:01 test for leakages. on sample side. matched pre logging. "
$STARTOFDATA$
"Obs"	"HHMMSS"	"FTime"	"Photo"	"Cond"	"Ci"	"Trmmol"	"VpdL"	"Area"	"StmRat"	"BLCond"	"Tair"	"Tleaf"	"TBlk"	"CO2R"	"CO2S"	"H2OR"	"H2OS"	"RH_R"	"RH_S"	"Flow"	"PARi"	"PARo"	"Press"	"CsMch"	"HsMch"	"StableF"	"Status"
1	"15:26:53"	403.0	0.0659	-0.000288	361	-0.00305	1.05	6	1	2.84	26.37	25.75	26.38	-0.99	-1.07	22.416	22.412	66.07	66.06	499.9	0	6	101.7	-0.0872	-0.0343	1.0	111105
2	"15:26:57"	407.0	0.0856	-0.00243	54.7	-0.0259	1.05	6	1	2.84	26.38	25.76	26.39	-1.01	-1.11	22.417	22.386	66.06	65.97	500.1	0	6	101.7	-0.0872	-0.0343	1.0	111105
3	"15:27:04"	414.0	0.22	-0.00189	184	-0.0201	1.05	6	1	2.84	26.39	25.78	26.39	-0.97	-1.24	22.416	22.393	66.02	65.95	499.9	0	6	101.7	-0.0872	-0.0343	1.0	111105
4	"15:28:38"	507.5	-6.4	-0.0215	-463	-0.239	1.09	6	1	2.84	26.46	25.84	26.47	-0.95	6.73	22.419	22.139	65.73	64.91	499.9	0	7	101.7	-0.0872	-0.0343	0.3	111105
5	"15:28:51"	520.5	-2.21	-0.0117	-297	-0.129	1.08	6	1	2.84	26.47	25.85	26.47	-0.93	1.73	22.415	22.264	65.69	65.25	500.0	-0	7	101.7	-0.0872	-0.0343	0.7	111105
6	"15:28:57"	526.5	-1.55	-0.00832	-294	-0.0909	1.08	6	1	2.84	26.47	25.85	26.48	-0.94	0.92	22.414	22.307	65.68	65.37	499.9	-0	7	101.7	-0.0872	-0.0343	0.7	111105
7	"15:29:41"	570.0	-0.0257	-0.00125	-33.6	-0.0135	1.07	6	1	2.84	26.49	25.86	26.50	-0.94	-0.91	22.400	22.384	65.57	65.53	499.9	-0	7	101.7	-0.0872	-0.0343	0.7	111105
8	"15:29:46"	575.0	0.0833	-0.00148	88.5	-0.016	1.07	6	1	2.84	26.49	25.87	26.50	-0.93	-1.03	22.401	22.382	65.57	65.52	500.0	-0	7	101.7	-0.0872	-0.0343	0.7	111105
9	"15:29:50"	579.0	0.012	-0.000383	48.9	-0.00415	1.07	6	1	2.84	26.49	25.87	26.50	-0.95	-0.96	22.396	22.391	65.56	65.54	499.9	-0	7	101.7	-0.0872	-0.0343	1.0	111105
10	"15:30:32"	621.0	-0.039	0.000171	360	0.00185	1.07	6	1	2.84	26.49	25.85	26.50	-1.06	-1.01	22.375	22.378	65.49	65.50	500.0	-0	6	101.7	-0.0872	-0.0343	1.0	111105
11	"15:30:33"	621.0	-0.039	0.000171	360	0.00185	1.07	6	1	2.84	26.49	25.85	26.50	-1.06	-1.01	22.375	22.378	65.49	65.50	500.0	-0	6	101.7	-0.0872	-0.0343	1.0	111105
12	"15:30:36"	625.0	0.176	0.000194	-1.44E+03	0.0021	1.07	6	1	2.84	26.49	25.86	26.50	-0.95	-1.16	22.373	22.375	65.48	65.49	500.0	-0	6	101.7	-0.0872	-0.0343	1.0	111105
13	"15:30:37"	625.0	0.176	0.000194	-1.44E+03	0.0021	1.07	6	1	2.84	26.49	25.86	26.50	-0.95	-1.16	22.373	22.375	65.48	65.49	500.0	-0	6	101.7	-0.0872	-0.0343	1.0	111105
14	"15:30:39"	628.0	0.133	0.000551	-385	0.00596	1.07	6	1	2.84	26.49	25.86	26.50	-1.00	-1.16	22.370	22.377	65.48	65.50	499.8	-0	6	101.7	-0.0872	-0.0343	1.0	111105
15	"15:30:40"	628.0	0.133	0.000551	-385	0.00596	1.07	6	1	2.84	26.49	25.86	26.50	-1.00	-1.16	22.370	22.377	65.48	65.50	499.8	-0	6	101.7	-0.0872	-0.0343	1.0	111105
16	"15:30:41"	628.5	0.125	0.00062	-320	0.00671	1.07	6	1	2.84	26.49	25.85	26.50	-1.00	-1.15	22.371	22.379	65.48	65.50	499.8	-0	6	101.7	-0.0872	-0.0343	1.0	111105
17	"15:30:42"	629.5	0.0911	0.00078	-186	0.00845	1.07	6	1	2.84	26.49	25.86	26.50	-1.00	-1.11	22.369	22.379	65.47	65.50	499.9	-0	6	101.7	-0.0872	-0.0343	1.0	111105
18	"15:30:43"	630.5	0.0826	0.00094	-140	0.0102	1.07	6	1	2.84	26.49	25.85	26.50	-1.00	-1.10	22.369	22.380	65.47	65.51	500.0	-0	6	101.7	-0.0872	-0.0343	1.0	111105
19	"15:30:44"	631.5	0.0722	0.000509	-226	0.00551	1.07	6	1	2.84	26.49	25.86	26.50	-1.01	-1.09	22.369	22.375	65.47	65.49	500.0	0	6	101.7	-0.0872	-0.0343	1.0	111105
20	"15:30:45"	632.5	0.113	0.00044	-408	0.00477	1.07	6	1	2.84	26.49	25.86	26.50	-0.99	-1.12	22.367	22.373	65.47	65.48	500.0	-0	6	101.7	-0.0872	-0.0343	1.0	111105
21	"15:30:46"	633.5	0.147	0.000479	-486	0.00519	1.07	6	1	2.84	26.49	25.85	26.50	-0.97	-1.14	22.369	22.375	65.47	65.49	500.0	0	5	101.7	-0.0872	-0.0343	1.0	111105
22	"15:30:47"	634.5	0.143	0.000555	-410	0.00601	1.07	6	1	2.84	26.49	25.86	26.50	-0.97	-1.14	22.367	22.375	65.47	65.49	499.9	-0	5	101.7	-0.0872	-0.0343	1.0	111105
23	"15:30:48"	635.5	0.174	0.00119	-234	0.0128	1.07	6	1	2.84	26.49	25.86	26.50	-0.94	-1.15	22.367	22.382	65.46	65.51	499.9	-0	5	101.7	-0.0872	-0.0343	1.0	111105
24	"15:30:49"	636.5	0.125	0.0015	-133	0.0163	1.07	6	1	2.84	26.49	25.86	26.50	-0.95	-1.11	22.367	22.386	65.47	65.52	499.9	-0	5	101.7	-0.0872	-0.0343	1.0	111105
25	"15:30:50"	637.5	0.126	0.00156	-129	0.0169	1.07	6	1	2.84	26.49	25.86	26.50	-0.96	-1.11	22.367	22.387	65.47	65.52	499.9	-0	5	101.7	-0.0872	-0.0343	1.0	111105
26	"15:30:51"	638.5	0.101	0.00187	-87	0.0202	1.07	6	1	2.84	26.49	25.86	26.50	-0.95	-1.07	22.367	22.391	65.47	65.54	500.0	-0	5	101.7	-0.0872	-0.0343	1.0	111105
27	"15:30:52"	639.5	0.0246	0.00153	-26.5	0.0165	1.07	6	1	2.84	26.49	25.86	26.50	-0.97	-1.00	22.367	22.387	65.47	65.52	500.0	-0	5	101.7	-0.0872	-0.0343	1.0	111105
28	"15:30:53"	640.5	0.00542	0.00131	-7.49	0.0142	1.07	6	1	2.84	26.49	25.86	26.50	-0.96	-0.97	22.366	22.383	65.47	65.51	499.9	-0	5	101.7	-0.0872	-0.0343	1.0	111105
29	"15:30:54"	641.5	-0.0418	0.00118	55.4	0.0128	1.07	6	1	2.84	26.49	25.86	26.50	-0.97	-0.92	22.365	22.380	65.46	65.51	500.0	-0	6	101.7	-0.0872	-0.0343	1.0	111105
30	"15:30:55"	642.5	0.0372	0.000619	-96.4	0.0067	1.07	6	1	2.84	26.49	25.86	26.50	-0.95	-0.99	22.367	22.375	65.47	65.49	500.0	0	6	101.7	-0.0872	-0.0343	1.0	111105
31	"15:30:56"	643.5	0.0402	0.000817	-79.1	0.00885	1.07	6	1	2.84	26.49	25.86	26.50	-0.94	-0.99	22.367	22.378	65.47	65.50	500.0	0	5	101.7	-0.0872	-0.0343	1.0	111105
32	"15:30:57"	644.5	0.0759	0.000513	-236	0.00556	1.07	6	1	2.84	26.49	25.86	26.50	-0.93	-1.02	22.367	22.373	65.46	65.48	499.9	0	6	101.7	-0.0872	-0.0343	1.0	111105
33	"15:30:58"	645.0	0.0792	0.000444	-284	0.00482	1.07	6	1	2.84	26.49	25.86	26.50	-0.92	-1.01	22.367	22.372	65.46	65.48	499.9	0	6	101.7	-0.0872	-0.0343	1.0	111105
34	"15:31:51"	700.0	-404	0.0323	2.05E+04	0.334	1.03	6	1	2.84	26.50	25.85	26.50	-0.94	483.63	22.334	22.726	65.35	66.50	499.6	-0	6	101.7	-0.0872	-0.0343	0.3	111105
35	"15:31:53"	700.5	-586	0.0497	1.97E+04	0.503	1.02	6	1	2.84	26.50	25.86	26.50	-0.95	701.98	22.334	22.923	65.35	67.07	499.7	0	6	101.7	-0.0872	-0.0343	0.3	111105
36	"15:31:54"	701.0	-820	0.0701	1.99E+04	0.69	0.996	6	1	2.84	26.50	25.87	26.50	-0.97	982.97	22.333	23.142	65.34	67.70	499.7	0	6	101.7	-0.0872	-0.0343	0.0	111105
37	"15:31:55"	702.0	-1.41E+03	0.119	2.12E+04	1.1	0.95	6	1	2.84	26.50	25.89	26.50	-0.97	1692.13	22.333	23.620	65.32	69.08	499.9	0	6	101.7	-0.0872	-0.0343	0.0	111105
38	"15:31:56"	703.0	-1.84E+03	0.167	2.05E+04	1.45	0.91	6	1	2.84	26.51	25.90	26.50	-0.98	2201.16	22.333	24.037	65.30	70.28	499.9	0	7	101.7	-0.0872	-0.0343	0.0	111105
39	"15:31:57"	704.5	-2.21E+03	0.23	1.89E+04	1.86	0.863	6	1	2.84	26.51	25.91	26.50	-0.97	2642.91	22.333	24.513	65.28	71.65	499.9	0	7	101.7	-0.0872	-0.0343	0.3	111105
40	"15:31:59"	705.5	-2.33E+03	0.268	1.77E+04	2.08	0.839	6	1	2.84	26.52	25.91	26.50	-0.95	2792.42	22.333	24.767	65.26	72.37	499.9	0	7	101.7	-0.0872	-0.0343	0.3	111105
41	"15:32:00"	707.0	-2.43E+03	0.317	1.62E+04	2.34	0.809	6	1	2.84	26.52	25.92	26.50	-0.95	2906.68	22.333	25.070	65.24	73.24	499.9	0	7	101.7	-0.0872	-0.0343	0.3	111105
42	"15:32:01"	708.0	-2.46E+03	0.346	1.54E+04	2.48	0.793	6	1	2.84	26.53	25.92	26.50	-0.96	2946.31	22.332	25.234	65.23	73.71	499.9	-0	7	101.7	-0.0872	-0.0343	0.3	111105
43	"15:32:02"	709.5	-2.47E+03	0.384	1.44E+04	2.65	0.772	6	1	2.84	26.53	25.92	26.50	-0.95	2959.91	22.331	25.430	65.22	74.27	499.9	-0	7	101.7	-0.0872	-0.0343	0.3	111105
44	"15:32:03"	710.5	-2.46E+03	0.407	1.37E+04	2.75	0.76	6	1	2.84	26.53	25.91	26.50	-0.94	2936.94	22.331	25.542	65.22	74.59	499.9	-0	7	101.7	-0.0872	-0.0343	0.3	111105
45	"15:32:04"	712.0	-2.39E+03	0.439	1.26E+04	2.87	0.746	6	1	2.84	26.53	25.92	26.50	-0.94	2852.64	22.330	25.691	65.21	75.03	500.0	0	7	101.7	-0.0872	-0.0343	0.3	111105
46	"15:32:05"	713.0	-2.31E+03	0.459	1.19E+04	2.95	0.737	6	1	2.84	26.53	25.92	26.50	-0.99	2764.50	22.329	25.780	65.21	75.29	500.0	0	7	101.7	-0.0872	-0.0343	0.3	111105
47	"15:32:06"	714.0	-2.22E+03	0.478	1.11E+04	3.02	0.729	6	1	2.84	26.53	25.92	26.50	-0.99	2655.12	22.328	25.862	65.21	75.53	500.0	0	7	101.7	-0.0872	-0.0343	0.3	111105
48	"15:32:07"	715.0	-2.13E+03	0.494	1.04E+04	3.08	0.723	6	1	2.84	26.53	25.92	26.50	-1.01	2541.33	22.326	25.928	65.21	75.73	500.0	-0	7	101.7	-0.0872	-0.0343	0.3	111105
49	"15:32:08"	716.0	-2.03E+03	0.509	9.75E+03	3.13	0.717	6	1	2.84	26.53	25.92	26.50	-1.01	2432.17	22.326	25.988	65.21	75.91	499.9	0	6	101.7	-0.0872	-0.0343	0.3	111105
50	"15:32:09"	717.0	-1.95E+03	0.524	9.17E+03	3.19	0.711	6	1	2.84	26.52	25.92	26.50	-0.98	2332.12	22.325	26.049	65.21	76.09	499.9	-0	6	101.7	-0.0872	-0.0343	0.3	111105
51	"15:32:10"	718.0	-1.87E+03	0.535	8.67E+03	3.23	0.707	6	1	2.84	26.52	25.93	26.50	-1.00	2236.50	22.325	26.095	65.22	76.23	499.9	-0	6	101.7	-0.0872	-0.0343	0.3	111105
52	"15:32:11"	719.0	-1.79E+03	0.548	8.15E+03	3.27	0.702	6	1	2.84	26.52	25.93	26.50	-0.99	2133.94	22.325	26.143	65.22	76.37	499.9	0	5	101.7	-0.0872	-0.0343	0.3	111105
53	"15:32:12"	719.5	-1.74E+03	0.553	7.91E+03	3.28	0.7	6	1	2.84	26.52	25.93	26.50	-0.98	2081.36	22.325	26.163	65.22	76.43	499.9	0	5	101.7	-0.0872	-0.0343	0.3	111105
54	"15:32:13"	720.5	-1.66E+03	0.564	7.42E+03	3.32	0.696	6	1	2.84	26.52	25.93	26.50	-0.99	1978.08	22.321	26.201	65.21	76.55	499.9	0	5	101.7	-0.0872	-0.0343	0.3	111105
55	"15:32:14"	721.5	-1.57E+03	0.575	6.96E+03	3.35	0.691	6	1	2.84	26.52	25.92	26.50	-1.01	1877.80	22.321	26.238	65.22	76.66	499.9	0	6	101.7	-0.0872	-0.0343	0.3	111105
56	"15:32:15"	722.5	-1.5E+03	0.587	6.54E+03	3.38	0.687	6	1	2.84	26.52	25.92	26.50	-1.00	1786.49	22.321	26.276	65.22	76.78	499.9	-0	6	101.7	-0.0872	-0.0343	0.3	111105
57	"15:32:16"	723.5	-1.43E+03	0.595	6.18E+03	3.41	0.684	6	1	2.84	26.52	25.92	26.50	-1.02	1703.62	22.319	26.305	65.22	76.86	499.9	-0	6	101.7	-0.0872	-0.0343	0.3	111105
58	"15:32:17"	724.5	-1.36E+03	0.604	5.85E+03	3.44	0.681	6	1	2.84	26.52	25.92	26.50	-1.03	1624.90	22.319	26.334	65.22	76.95	499.9	-0	6	101.7	-0.0872	-0.0343	0.3	111105
59	"15:32:18"	725.5	-1.3E+03	0.613	5.53E+03	3.46	0.677	6	1	2.84	26.52	25.92	26.50	-1.02	1551.17	22.318	26.364	65.22	77.04	499.9	-0	6	101.7	-0.0872	-0.0343	0.3	111105
60	"15:32:19"	726.5	-1.24E+03	0.62	5.25E+03	3.48	0.675	6	1	2.84	26.52	25.91	26.50	-1.01	1483.55	22.318	26.386	65.22	77.11	499.9	-0	6	101.7	-0.0872	-0.0343	0.3	111105
61	"15:32:20"	727.5	-1.19E+03	0.631	4.97E+03	3.51	0.671	6	1	2.84	26.52	25.91	26.50	-1.01	1418.35	22.318	26.420	65.22	77.21	500.0	0	6	101.7	-0.0872	-0.0343	0.3	111105
62	"15:32:21"	728.5	-1.13E+03	0.639	4.7E+03	3.53	0.668	6	1	2.84	26.52	25.91	26.50	-0.99	1352.72	22.318	26.448	65.23	77.30	499.9	0	6	101.7	-0.0872	-0.0343	0.3	111105
63	"15:32:22"	729.5	-1.08E+03	0.645	4.44E+03	3.55	0.667	6	1	2.84	26.52	25.92	26.51	-0.98	1285.36	22.317	26.469	65.23	77.36	499.9	-0	6	101.7	-0.0872	-0.0343	0.3	111105
64	"15:32:23"	730.5	-1.02E+03	0.652	4.18E+03	3.57	0.665	6	1	2.84	26.51	25.92	26.51	-0.99	1217.37	22.315	26.491	65.22	77.43	499.9	-0	6	101.7	-0.0872	-0.0343	0.3	111105
65	"15:32:24"	731.5	-964	0.658	3.93E+03	3.59	0.663	6	1	2.84	26.51	25.92	26.51	-0.98	1150.46	22.314	26.511	65.22	77.49	499.9	0	6	101.7	-0.0872	-0.0343	0.3	111105
66	"15:32:25"	732.5	-910	0.665	3.69E+03	3.61	0.661	6	1	2.84	26.51	25.92	26.51	-1.00	1086.46	22.312	26.533	65.21	77.55	499.9	-0	6	101.7	-0.0872	-0.0343	0.3	111105
67	"15:32:26"	733.5	-860	0.673	3.46E+03	3.63	0.659	6	1	2.84	26.51	25.92	26.51	-1.00	1026.17	22.311	26.557	65.21	77.62	500.0	0	6	101.7	-0.0872	-0.0343	0.3	111105
68	"15:32:27"	734.5	-812	0.68	3.25E+03	3.65	0.657	6	1	2.84	26.51	25.92	26.51	-0.98	968.98	22.310	26.575	65.21	77.68	499.9	0	6	101.7	-0.0872	-0.0343	0.3	111105
69	"15:32:28"	735.5	-767	0.686	3.05E+03	3.67	0.655	6	1	2.84	26.51	25.92	26.51	-1.00	915.28	22.310	26.593	65.21	77.73	499.9	-0	6	101.7	-0.0872	-0.0343	0.3	111105
70	"15:32:29"	736.5	-724	0.692	2.87E+03	3.68	0.652	6	1	2.84	26.51	25.92	26.51	-0.99	864.40	22.310	26.610	65.21	77.78	499.9	-0	6	101.7	-0.0872	-0.0343	0.3	111105
71	"15:32:30"	737.5	-685	0.698	2.7E+03	3.69	0.65	6	1	2.84	26.51	25.91	26.51	-1.00	817.08	22.310	26.625	65.21	77.82	499.9	-0	6	101.7	-0.0872	-0.0343	0.3	111105
72	"15:33:09"	778.0	-71.7	0.439	378	2.85	0.739	6	1	2.84	26.51	25.85	26.53	-0.97	84.78	22.290	25.621	65.18	74.92	499.9	-0	6	101.7	-0.0872	-0.0343	0.3	111105
73	"15:33:11"	780.0	-64.2	0.368	383	2.55	0.774	6	1	2.84	26.50	25.84	26.53	-0.99	75.78	22.288	25.274	65.18	73.91	500.0	0	6	101.7	-0.0872	-0.0343	0.3	111105
74	"15:33:15"	784.0	-51.2	0.268	388	2.06	0.831	6	1	2.84	26.50	25.84	26.53	-0.99	60.36	22.289	24.704	65.20	72.26	500.0	-0	6	101.7	-0.0872	-0.0343	0.3	111105
75	"15:33:47"	816.0	-8.48	0.0483	292	0.496	1.03	6	1	2.84	26.54	25.92	26.55	-0.93	9.24	22.286	22.867	65.04	66.74	499.9	-0	5	101.7	-0.0872	-0.0343	0.3	111105
76	"15:33:51"	820.0	-6.81	0.0413	272	0.429	1.04	6	1	2.84	26.54	25.93	26.55	-0.94	7.23	22.287	22.790	65.03	66.50	499.9	0	5	101.7	-0.0872	-0.0343	0.3	111105
77	"15:34:35"	864.0	-16.3	0.00647	4.02E+03	0.0712	1.09	6	1	2.84	26.58	25.96	26.59	-0.93	18.63	22.294	22.378	64.92	65.16	500.0	-0	5	101.7	-0.0872	-0.0343	0.7	111105
78	"15:34:38"	867.0	-16.6	0.00524	5.03E+03	0.0578	1.09	6	1	2.84	26.58	25.96	26.59	-0.95	18.92	22.293	22.361	64.90	65.10	500.0	0	5	101.7	-0.0872	-0.0343	0.7	111105
79	"15:34:42"	871.5	-17	0.00306	8.86E+03	0.0339	1.1	6	1	2.84	26.59	25.97	26.59	-0.96	19.50	22.298	22.338	64.90	65.02	499.9	0	5	101.7	-0.0872	-0.0343	0.7	111105
