"OPEN 5.3.2"
"Tue Jul 31 2018 14:38:30"
"Unit="	"PSC-895"
"ComputeList="	"/User/Configs/Comps/Default"
"BLCTable="	"/Sys/Lib/StdBLCTable"
"LightSource="	"Sun+Sky"	1	0.19
"LogFormat="	"/User/Configs/LogFormats/Std Output"
"LogCodes="	-35	-21	-36	30	23	36	21	25	-33	-34	-32	-9	-10	-8	-1	-2	-4	-5	-14	-15	-7	-12	-13	-11	-65	-66	-72	-23
"PromptList="	"/User/Configs/Prompts/Default (none)"
"Stability= (CO2S 15s SLP<1)(H2OS 15s SLP<1)(Flow 15s SLP<1)"
"14:39:18 test for leakages. on sample side."
$STARTOFDATA$
"Obs"	"HHMMSS"	"FTime"	"Photo"	"Cond"	"Ci"	"Trmmol"	"VpdL"	"Area"	"StmRat"	"BLCond"	"Tair"	"Tleaf"	"TBlk"	"CO2R"	"CO2S"	"H2OR"	"H2OS"	"RH_R"	"RH_S"	"Flow"	"PARi"	"PARo"	"Press"	"CsMch"	"HsMch"	"StableF"	"Status"
1	"14:40:16"	156.5	-0.0284	-0.000834	-55.4	-0.00833	0.988	6	1	2.84	26.30	25.72	26.27	-1.38	-1.34	22.950	22.940	67.92	67.89	499.9	0	4	101.6	-0.751	-0.00761	1.0	111105
2	"14:40:18"	158.0	-0.0488	-0.000676	-116	-0.00676	0.988	6	1	2.84	26.30	25.72	26.27	-1.41	-1.35	22.949	22.941	67.93	67.90	500.0	-0	4	101.6	-0.751	-0.00761	1.0	111105
3	"14:40:24"	164.0	-0.0984	-0.0011	-144	-0.011	0.988	6	1	2.84	26.29	25.73	26.26	-1.41	-1.29	22.950	22.938	67.94	67.91	499.9	0	5	101.6	-0.751	-0.00761	1.0	111105
"14:41:33 test for leakages. on sample side. matched pre logging. tube added after og 3."
4	"14:42:21"	281.0	-211	-0.143	-2E+03	-1.82	1.2	6	1	2.84	26.25	25.71	26.23	-1.37	252.59	22.960	20.820	68.17	61.82	499.9	0	5	101.6	-0.751	-0.00761	0.3	111105
5	"14:42:23"	282.5	-219	-0.148	-1.99E+03	-1.91	1.21	6	1	2.84	26.25	25.71	26.23	-1.37	262.59	22.958	20.716	68.17	61.51	499.9	0	5	101.6	-0.751	-0.00761	0.3	111105
6	"14:42:29"	289.0	-210	-0.156	-1.79E+03	-2.04	1.23	6	1	2.84	26.25	25.71	26.23	-1.35	251.53	22.961	20.563	68.16	61.04	499.9	0	5	101.6	-0.751	-0.00761	0.3	111105
7	"14:46:58"	558.5	0.495	-0.00642	120	-0.0658	1.01	6	1	2.84	26.38	25.83	26.35	-1.07	-1.66	22.999	22.922	67.76	67.53	499.9	-0	5	101.6	-0.751	-0.00761	1.0	111105
8	"14:47:02"	563.0	0.533	-0.00533	157	-0.0545	1.01	6	1	2.84	26.38	25.83	26.35	-1.10	-1.74	22.994	22.930	67.74	67.55	499.9	-0	5	101.6	-0.751	-0.00761	1.0	111105
9	"14:47:06"	567.0	0.434	-0.006	113	-0.0615	1.01	6	1	2.84	26.38	25.83	26.35	-1.12	-1.64	22.997	22.925	67.75	67.53	499.9	-0	5	101.6	-0.751	-0.00761	1.0	111105
10	"14:47:48"	609.0	0.515	-0.00322	252	-0.0331	1.01	6	1	2.84	26.39	25.86	26.37	-1.10	-1.72	23.000	22.961	67.70	67.58	500.0	-0	5	101.6	-0.751	-0.00761	1.0	111105
11	"14:47:49"	609.0	0.515	-0.00322	252	-0.0331	1.01	6	1	2.84	26.39	25.86	26.37	-1.10	-1.72	23.000	22.961	67.70	67.58	500.0	-0	5	101.6	-0.751	-0.00761	1.0	111105
12	"14:47:50"	609.5	0.53	-0.00328	254	-0.0337	1.01	6	1	2.84	26.39	25.86	26.37	-1.10	-1.74	23.000	22.961	67.70	67.58	500.0	-0	5	101.6	-0.751	-0.00761	1.0	111105
13	"14:47:51"	610.0	0.522	-0.00365	225	-0.0375	1.01	6	1	2.84	26.39	25.86	26.37	-1.10	-1.72	23.000	22.956	67.70	67.57	500.0	-0	5	101.6	-0.751	-0.00761	1.0	111105
14	"14:47:52"	611.0	0.549	-0.00388	223	-0.0398	1.01	6	1	2.84	26.39	25.86	26.37	-1.09	-1.75	23.002	22.955	67.70	67.56	500.0	-0	5	101.6	-0.751	-0.00761	1.0	111105
15	"14:47:53"	612.0	0.6	-0.00369	256	-0.0378	1.01	6	1	2.84	26.39	25.86	26.37	-1.10	-1.82	23.002	22.958	67.70	67.57	499.9	-0	5	101.6	-0.751	-0.00761	1.0	111105
16	"14:47:54"	613.0	0.563	-0.00352	252	-0.0361	1.01	6	1	2.84	26.39	25.86	26.37	-1.12	-1.79	23.002	22.959	67.70	67.57	499.9	0	5	101.6	-0.751	-0.00761	1.0	111105
17	"14:47:55"	614.0	0.612	-0.00298	324	-0.0305	1.01	6	1	2.84	26.39	25.86	26.37	-1.10	-1.83	23.002	22.966	67.70	67.59	499.9	0	5	101.6	-0.751	-0.00761	1.0	111105
18	"14:47:56"	615.0	0.588	-0.00215	431	-0.022	1.01	6	1	2.84	26.39	25.85	26.37	-1.11	-1.81	23.000	22.975	67.69	67.61	499.9	-0	5	101.6	-0.751	-0.00761	1.0	111105
19	"14:47:57"	616.0	0.567	-0.00143	627	-0.0146	1.01	6	1	2.84	26.39	25.85	26.37	-1.10	-1.78	22.999	22.982	67.69	67.64	500.0	-0	5	101.6	-0.751	-0.00761	1.0	111105
20	"14:47:58"	617.0	0.554	-0.00102	860	-0.0104	1.01	6	1	2.84	26.39	25.86	26.37	-1.11	-1.78	22.999	22.987	67.68	67.65	499.9	-0	5	101.6	-0.751	-0.00761	1.0	111105
21	"14:47:59"	618.0	0.455	-0.000712	1.01E+03	-0.00727	1.01	6	1	2.84	26.39	25.86	26.37	-1.13	-1.68	23.000	22.992	67.69	67.66	499.9	-0	5	101.6	-0.751	-0.00761	1.0	111105
22	"14:48:00"	619.0	0.37	-0.000678	864	-0.00693	1.01	6	1	2.84	26.39	25.86	26.37	-1.16	-1.61	23.000	22.992	67.68	67.66	499.9	-0	5	101.6	-0.751	-0.00761	1.0	111105
23	"14:48:01"	620.0	0.366	-0.000529	1.1E+03	-0.00541	1.01	6	1	2.84	26.40	25.86	26.37	-1.17	-1.61	23.000	22.994	67.68	67.66	499.9	-0	5	101.6	-0.751	-0.00761	1.0	111105
24	"14:48:02"	621.0	0.395	-0.000167	3.74E+03	-0.00171	1.01	6	1	2.84	26.40	25.86	26.37	-1.17	-1.65	23.001	22.999	67.69	67.68	499.9	-0	5	101.6	-0.751	-0.00761	1.0	111105
25	"14:48:02"	621.5	0.409	-0.000195	3.32E+03	-0.002	1.01	6	1	2.84	26.40	25.86	26.37	-1.18	-1.67	23.001	22.998	67.68	67.68	499.9	-0	5	101.6	-0.751	-0.00761	1.0	111105
26	"14:48:03"	622.5	0.431	2.39E-06	-2.86E+05	2.44E-05	1.01	6	1	2.84	26.40	25.86	26.37	-1.17	-1.68	23.001	23.001	67.68	67.68	500.0	-0	5	101.6	-0.751	-0.00761	1.0	111105
27	"14:48:04"	623.5	0.456	-0.000641	1.13E+03	-0.00655	1.01	6	1	2.84	26.40	25.86	26.37	-1.16	-1.70	23.002	22.994	67.68	67.66	500.0	0	5	101.6	-0.751	-0.00761	1.0	111105
28	"14:48:05"	624.5	0.377	-0.000959	622	-0.0098	1.01	6	1	2.84	26.40	25.86	26.37	-1.15	-1.60	23.001	22.989	67.68	67.64	500.0	-0	5	101.6	-0.751	-0.00761	1.0	111105
29	"14:48:06"	625.5	0.449	-0.000768	925	-0.00785	1.01	6	1	2.84	26.40	25.86	26.37	-1.14	-1.68	23.001	22.992	67.67	67.65	500.0	-0	5	101.6	-0.751	-0.00761	1.0	111105
30	"14:48:07"	626.5	0.456	-0.000781	924	-0.00798	1.01	6	1	2.84	26.40	25.86	26.37	-1.14	-1.69	23.001	22.992	67.68	67.65	500.0	-0	5	101.6	-0.751	-0.00761	1.0	111105
31	"14:48:08"	627.5	0.485	-0.000101	7.6E+03	-0.00103	1.01	6	1	2.84	26.40	25.86	26.37	-1.12	-1.71	23.000	22.999	67.67	67.67	500.0	-0	5	101.6	-0.751	-0.00761	1.0	111105
32	"14:48:09"	628.5	0.576	0.000292	-3.14E+03	0.00298	1.01	6	1	2.84	26.40	25.86	26.37	-1.11	-1.80	23.001	23.004	67.67	67.68	500.0	-0	5	101.6	-0.751	-0.00761	1.0	111105
33	"14:48:10"	629.5	0.537	0.000183	-4.65E+03	0.00187	1.01	6	1	2.84	26.40	25.86	26.38	-1.11	-1.75	23.000	23.002	67.67	67.68	500.0	-0	5	101.6	-0.751	-0.00761	1.0	111105
34	"14:48:11"	630.5	0.573	0.000355	-2.56E+03	0.00362	1.01	6	1	2.84	26.40	25.86	26.38	-1.10	-1.79	23.000	23.004	67.67	67.68	500.0	-0	5	101.6	-0.751	-0.00761	1.0	111105
35	"14:48:12"	631.0	0.605	0.000553	-1.74E+03	0.00564	1.01	6	1	2.84	26.40	25.86	26.38	-1.10	-1.82	23.000	23.007	67.67	67.69	500.0	-0	5	101.6	-0.751	-0.00761	1.0	111105
36	"14:48:13"	632.0	0.607	0.000308	-3.12E+03	0.00315	1.01	6	1	2.84	26.40	25.86	26.38	-1.11	-1.83	23.000	23.003	67.67	67.68	500.0	0	5	101.6	-0.751	-0.00761	1.0	111105
37	"14:48:14"	633.0	0.603	0.000502	-1.91E+03	0.00512	1.01	6	1	2.84	26.40	25.86	26.38	-1.12	-1.85	23.000	23.006	67.67	67.68	500.0	-0	5	101.6	-0.751	-0.00761	1.0	111105
38	"14:48:15"	634.0	0.63	0.00073	-1.37E+03	0.00745	1.01	6	1	2.84	26.40	25.87	26.38	-1.11	-1.86	23.001	23.010	67.67	67.69	500.0	-0	5	101.6	-0.751	-0.00761	1.0	111105
39	"14:48:16"	635.0	0.629	0.000716	-1.4E+03	0.0073	1.01	6	1	2.84	26.40	25.86	26.38	-1.10	-1.86	23.001	23.009	67.67	67.69	500.0	-0	5	101.6	-0.751	-0.00761	1.0	111105
40	"14:48:17"	636.0	0.604	0.00088	-1.09E+03	0.00897	1.01	6	1	2.84	26.40	25.86	26.38	-1.12	-1.85	23.001	23.011	67.66	67.69	500.0	-0	5	101.6	-0.751	-0.00761	1.0	111105
41	"14:48:18"	637.0	0.637	0.000926	-1.09E+03	0.00945	1.01	6	1	2.84	26.40	25.87	26.38	-1.11	-1.87	23.000	23.011	67.66	67.70	500.0	-0	5	101.6	-0.751	-0.00761	1.0	111105
42	"14:48:18"	638.0	0.588	0.00115	-812	0.0118	1.01	6	1	2.84	26.40	25.86	26.38	-1.14	-1.85	22.999	23.013	67.66	67.70	500.0	0	5	101.6	-0.751	-0.00761	1.0	111105
43	"14:48:19"	638.5	0.579	0.00126	-732	0.0128	1.01	6	1	2.84	26.40	25.86	26.38	-1.16	-1.86	22.999	23.014	67.66	67.70	500.0	0	5	101.6	-0.751	-0.00761	1.0	111105
44	"14:48:20"	639.5	0.553	0.00135	-650	0.0138	1.01	6	1	2.84	26.40	25.86	26.38	-1.15	-1.82	22.997	23.014	67.66	67.70	500.0	0	5	101.6	-0.751	-0.00761	1.0	111105
45	"14:48:21"	640.5	0.518	0.00127	-648	0.013	1.01	6	1	2.84	26.40	25.86	26.38	-1.16	-1.78	22.998	23.013	67.65	67.70	500.0	0	5	101.6	-0.751	-0.00761	1.0	111105
46	"14:48:22"	641.5	0.495	0.00154	-512	0.0157	1.01	6	1	2.84	26.40	25.86	26.38	-1.15	-1.75	22.998	23.016	67.65	67.71	500.0	0	5	101.6	-0.751	-0.00761	1.0	111105
47	"14:48:23"	642.5	0.515	0.00132	-620	0.0135	1.01	6	1	2.84	26.40	25.86	26.38	-1.14	-1.76	22.998	23.014	67.65	67.70	500.0	0	5	101.6	-0.751	-0.00761	1.0	111105
48	"14:48:24"	643.5	0.541	0.000811	-1.06E+03	0.00828	1.01	6	1	2.84	26.40	25.87	26.38	-1.15	-1.80	22.998	23.007	67.65	67.68	500.0	0	5	101.6	-0.751	-0.00761	1.0	111105
49	"14:48:24"	644.5	0.582	0.000783	-1.18E+03	0.008	1.01	6	1	2.84	26.40	25.87	26.38	-1.13	-1.83	22.997	23.007	67.65	67.67	500.0	-0	5	101.6	-0.751	-0.00761	1.0	111105
50	"14:48:26"	644.5	0.582	0.000783	-1.18E+03	0.008	1.01	6	1	2.84	26.40	25.87	26.38	-1.13	-1.83	22.997	23.007	67.65	67.67	500.0	-0	5	101.6	-0.751	-0.00761	1.0	111105
51	"14:49:29"	708.5	-11.2	-0.0104	-1.69E+03	-0.108	1.02	6	1	2.84	26.42	25.86	26.40	-1.09	12.35	22.972	22.844	67.51	67.13	499.9	0	5	101.6	-0.751	-0.00761	0.3	111105
52	"14:49:31"	711.0	-12.2	-0.0113	-1.69E+03	-0.118	1.03	6	1	2.84	26.42	25.86	26.40	-1.08	13.59	22.966	22.828	67.49	67.09	499.9	0	5	101.6	-0.751	-0.00761	0.7	111105
53	"14:49:32"	711.0	-12.2	-0.0113	-1.69E+03	-0.118	1.03	6	1	2.84	26.42	25.86	26.40	-1.08	13.59	22.966	22.828	67.49	67.09	499.9	0	5	101.6	-0.751	-0.00761	0.7	111105
54	"14:49:34"	714.0	-13	-0.0117	-1.74E+03	-0.123	1.03	6	1	2.84	26.42	25.87	26.40	-1.11	14.49	22.964	22.820	67.48	67.06	500.0	0	5	101.6	-0.751	-0.00761	0.7	111105
55	"14:50:37"	777.0	-503	-0.00238	-3.34E+05	-0.0247	1.02	6	1	2.84	26.44	25.89	26.43	-1.01	602.76	22.942	22.913	67.32	67.24	499.9	0	5	101.6	-0.751	-0.00761	0.7	111105
56	"14:50:38"	777.5	-775	0.0109	1.14E+05	0.111	1.01	6	1	2.84	26.44	25.90	26.43	-1.03	929.18	22.942	23.073	67.32	67.70	499.9	0	5	101.6	-0.751	-0.00761	0.7	111105
57	"14:50:40"	779.0	-2.06E+03	0.0713	4.93E+04	0.668	0.948	6	1	2.84	26.45	25.93	26.43	-1.08	2467.70	22.941	23.724	67.29	69.58	499.8	0	5	101.6	-0.751	-0.00761	0.3	111105
58	"14:50:41"	780.0	-2.77E+03	0.127	3.93E+04	1.11	0.899	6	1	2.84	26.46	25.94	26.43	-1.11	3320.31	22.940	24.235	67.26	71.06	499.9	0	5	101.6	-0.751	-0.00761	0.3	111105
59	"14:50:43"	781.5	-2.78E+03	0.203	2.63E+04	1.62	0.841	6	1	2.84	26.47	25.95	26.43	-1.11	3323.82	22.940	24.830	67.22	72.76	499.9	0	5	101.6	-0.751	-0.00761	0.3	111105
60	"14:50:46"	785.5	-2.78E+03	0.36	1.69E+04	2.42	0.746	6	1	2.84	26.48	25.95	26.44	-1.09	3322.57	22.941	25.767	67.15	75.43	499.9	-0	5	101.6	-0.751	-0.00761	0.3	111105
61	"14:50:48"	788.0	-2.78E+03	0.436	1.48E+04	2.72	0.711	6	1	2.84	26.49	25.96	26.44	-1.12	3322.10	22.939	26.121	67.12	76.43	500.0	0	5	101.6	-0.751	-0.00761	0.3	111105
62	"14:50:50"	789.5	-2.78E+03	0.476	1.39E+04	2.87	0.694	6	1	2.84	26.49	25.96	26.44	-1.12	3321.87	22.938	26.290	67.11	76.92	500.0	-0	5	101.6	-0.751	-0.00761	0.3	111105
63	"14:50:51"	791.0	-2.78E+03	0.509	1.33E+04	2.98	0.682	6	1	2.84	26.49	25.97	26.44	-1.11	3321.72	22.938	26.425	67.11	77.31	500.0	0	5	101.6	-0.751	-0.00761	0.3	111105
64	"14:52:14"	873.5	-174	0.548	794	3.12	0.67	6	1	2.84	26.52	25.98	26.51	-1.05	207.10	22.915	26.562	66.93	77.58	499.9	0	6	101.6	-0.751	-0.00761	0.3	111105
65	"14:52:26"	885.5	-95.5	0.401	537	2.6	0.732	6	1	2.84	26.53	25.98	26.52	-1.04	113.18	22.917	25.962	66.91	75.80	499.9	0	6	101.6	-0.751	-0.00761	0.3	111105
66	"14:52:33"	893.0	-65.7	0.311	444	2.21	0.779	6	1	2.84	26.53	25.99	26.53	-1.05	77.62	22.918	25.508	66.89	74.45	499.9	0	6	101.6	-0.751	-0.00761	0.3	111105
67	"14:52:38"	898.0	-51.2	0.258	400	1.94	0.811	6	1	2.84	26.54	25.98	26.53	-1.02	60.26	22.920	25.192	66.88	73.51	499.9	-0	6	101.6	-0.751	-0.00761	0.3	111105
68	"14:52:44"	904.0	-37.8	0.199	364	1.6	0.851	6	1	2.84	26.54	25.99	26.54	-1.08	44.25	22.919	24.795	66.86	72.33	499.9	-0	6	101.6	-0.751	-0.00761	0.3	111105
69	"14:52:54"	913.5	-23.8	0.137	314	1.2	0.903	6	1	2.84	26.55	26.01	26.55	-1.00	27.49	22.925	24.327	66.84	70.93	499.9	-0	6	101.6	-0.751	-0.00761	0.3	111105
70	"14:53:03"	922.5	-15.3	0.096	277	0.885	0.941	6	1	2.84	26.56	26.01	26.56	-1.03	17.29	22.927	23.964	66.81	69.83	500.0	-0	6	101.6	-0.751	-0.00761	0.3	111105
71	"14:53:10"	930.0	-10.5	0.0727	247	0.693	0.966	6	1	2.84	26.57	26.02	26.56	-1.01	11.63	22.929	23.741	66.79	69.16	499.9	0	6	101.6	-0.751	-0.00761	0.3	111105
72	"14:53:33"	952.5	-3.35	0.0342	160	0.345	1.01	6	1	2.84	26.58	26.02	26.57	-1.02	3.01	22.931	23.335	66.76	67.94	500.0	-0	6	101.6	-0.751	-0.00761	0.7	111105
73	"14:54:06"	986.0	-0.517	0.0136	60	0.142	1.03	6	1	2.84	26.59	26.03	26.58	-0.99	-0.37	22.931	23.098	66.71	67.19	499.9	-0	6	101.6	-0.751	-0.00761	0.7	111105
74	"14:54:16"	995.5	-0.219	0.0111	30.8	0.116	1.04	6	1	2.84	26.59	26.04	26.58	-1.01	-0.74	22.933	23.068	66.71	67.10	500.0	-0	6	101.6	-0.751	-0.00761	0.7	111105
75	"14:54:21"	1001.0	-0.0023	0.00958	-0.572	0.1	1.04	6	1	2.84	26.59	26.03	26.58	-0.97	-0.97	22.928	23.046	66.69	67.04	499.9	-0	6	101.6	-0.751	-0.00761	0.7	111105
76	"14:55:07"	1046.5	-10.5	-0.000618	-2.7E+04	-0.00656	1.05	6	1	2.84	26.59	26.01	26.59	-1.03	11.58	22.913	22.905	66.66	66.64	499.9	-0	6	101.6	-0.751	-0.00761	0.7	111105
77	"14:55:33"	1072.5	-15.9	-0.00966	-2.59E+03	-0.104	1.06	6	1	2.84	26.59	26.00	26.59	-1.02	18.06	22.896	22.774	66.62	66.26	499.9	0	6	101.6	-0.751	-0.00761	0.7	111105
78	"14:55:43"	1082.5	-16.7	-0.012	-2.18E+03	-0.13	1.06	6	1	2.84	26.59	25.99	26.59	-0.99	19.03	22.885	22.733	66.59	66.15	499.9	0	6	101.6	-0.751	-0.00761	0.7	111105
79	"14:55:49"	1089.0	-16.9	-0.012	-2.19E+03	-0.13	1.06	6	1	2.84	26.59	25.99	26.59	-1.02	19.21	22.879	22.727	66.58	66.13	499.9	0	6	101.6	-0.751	-0.00761	0.7	111105
