"OPEN 5.3.2"
"Fri Aug  3 2018 07:26:33"
"Unit="	"PSC-895"
"ComputeList="	"/User/Configs/Comps/Default"
"BLCTable="	"/Sys/Lib/StdBLCTable"
"LightSource="	"Sun+Sky"	1	0.19
"LogFormat="	"/User/Configs/LogFormats/Std Output"
"LogCodes="	-35	-21	-36	30	23	36	21	25	-33	-34	-32	-9	-10	-8	-1	-2	-4	-5	-14	-15	-7	-12	-13	-11	-65	-66	-72	-23
"PromptList="	"/User/Configs/Prompts/Default (none)"
"Stability= (CO2S 15s SLP<1)(H2OS 15s SLP<1)(Flow 15s SLP<1)"
"07:26:33 co2 500 flow 600"
$STARTOFDATA$
"Obs"	"HHMMSS"	"FTime"	"Photo"	"Cond"	"Ci"	"Trmmol"	"VpdL"	"Area"	"StmRat"	"BLCond"	"Tair"	"Tleaf"	"TBlk"	"CO2R"	"CO2S"	"H2OR"	"H2OS"	"RH_R"	"RH_S"	"Flow"	"PARi"	"PARo"	"Press"	"CsMch"	"HsMch"	"StableF"	"Status"
1	"07:27:52"	92.5	-5.75	-151	488	28.8	0.981	6	1	2.84	28.68	28.20	28.64	500.66	492.21	0.025	28.078	0.06	72.42	599.1	-0	33	101.8	1.41	-0.0712	0.0	111115
2	"07:27:53"	93.0	-5.73	-161	488	28.8	0.981	6	1	2.84	28.68	28.20	28.64	500.75	492.28	0.024	28.065	0.06	72.39	599.1	-0	32	101.8	1.41	-0.0712	0.0	111115
3	"07:27:54"	95.0	-5.92	-209	488	28.8	0.984	6	1	2.84	28.68	28.20	28.64	500.61	492.35	0.022	28.033	0.06	72.31	599.1	-0	34	101.8	1.41	-0.0712	0.0	111115
4	"07:27:55"	96.0	-5.9	-258	488	28.8	0.986	6	1	2.84	28.68	28.20	28.64	500.58	492.32	0.021	28.013	0.05	72.26	599.0	-0	36	101.8	1.41	-0.0712	0.3	111115
5	"07:27:57"	97.5	-6.18	-434	489	28.7	0.99	6	1	2.84	28.68	28.20	28.64	500.32	492.34	0.020	27.985	0.05	72.18	599.1	-0	42	101.8	1.41	-0.0712	0.3	111115
6	"07:27:58"	99.0	-6.33	-531	489	28.7	0.991	6	1	2.84	28.68	28.20	28.64	500.11	492.29	0.019	27.981	0.05	72.17	599.1	0	46	101.8	1.41	-0.0712	0.3	111115
7	"07:27:59"	100.0	-6.52	-550	489	28.7	0.991	6	1	2.84	28.68	28.20	28.64	499.94	492.31	0.018	27.981	0.05	72.17	599.2	0	46	101.8	1.41	-0.0712	1.0	111115
8	"07:28:01"	101.5	-6.39	-598	488	28.7	0.991	6	1	2.84	28.68	28.20	28.64	499.94	492.18	0.017	27.976	0.04	72.15	599.2	0	46	101.8	1.41	-0.0712	1.0	111115
9	"07:28:02"	102.5	-6.34	-673	488	28.7	0.992	6	1	2.84	28.68	28.20	28.64	499.96	492.16	0.016	27.971	0.04	72.13	599.1	0	46	101.8	1.41	-0.0712	1.0	111115
10	"07:28:03"	104.0	-6.15	-3.59E+03	488	28.7	0.994	6	1	2.84	28.68	28.20	28.64	500.01	492.04	0.014	27.949	0.04	72.07	599.1	0	46	101.8	1.41	-0.0712	0.7	111115
11	"07:28:04"	105.0	-6.2	1.13E+03	488	28.7	0.997	6	1	2.84	28.68	28.20	28.64	499.94	492.02	0.013	27.926	0.03	72.01	599.1	0	47	101.8	1.41	-0.0712	0.7	111115
12	"07:28:06"	106.5	-6.16	316	488	28.6	1	6	1	2.84	28.68	28.20	28.65	499.92	491.99	0.012	27.880	0.03	71.89	599.1	0	47	101.8	1.41	-0.0712	0.7	111115
13	"07:28:07"	107.5	-6.14	195	488	28.6	1.01	6	1	2.84	28.68	28.20	28.65	499.91	491.98	0.013	27.840	0.03	71.78	599.1	-0	47	101.8	1.41	-0.0712	0.7	111115
14	"07:28:08"	109.0	-6.08	122	488	28.5	1.01	6	1	2.84	28.68	28.20	28.65	499.94	491.98	0.012	27.776	0.03	71.62	599.0	0	47	101.8	1.41	-0.0712	0.7	111115
15	"07:28:09"	110.0	-6.06	96.9	488	28.5	1.02	6	1	2.84	28.68	28.20	28.65	499.93	491.98	0.013	27.733	0.03	71.51	599.0	-0	47	101.8	1.41	-0.0712	0.7	111115
16	"07:28:11"	111.5	-6.06	75.3	488	28.4	1.02	6	1	2.84	28.68	28.20	28.65	499.88	491.95	0.011	27.673	0.03	71.36	599.0	-0	46	101.8	1.41	-0.0712	0.3	111115
17	"07:28:12"	112.5	-6.01	64.8	488	28.4	1.03	6	1	2.84	28.68	28.20	28.65	499.89	491.94	0.010	27.630	0.03	71.24	599.0	-0	46	101.8	1.41	-0.0712	0.3	111115
18	"07:28:13"	114.0	-5.84	53.9	488	28.3	1.03	6	1	2.84	28.68	28.20	28.65	499.95	491.86	0.010	27.567	0.02	71.08	599.0	-0	46	101.8	1.41	-0.0712	0.3	111115
19	"07:28:14"	115.0	-5.82	48.7	488	28.3	1.04	6	1	2.84	28.68	28.20	28.65	499.95	491.86	0.009	27.529	0.02	70.98	599.0	0	46	101.8	1.41	-0.0712	0.3	111115
20	"07:28:16"	116.5	-5.78	42.8	488	28.2	1.04	6	1	2.84	28.68	28.20	28.65	499.93	491.83	0.009	27.475	0.02	70.84	599.1	0	47	101.8	1.41	-0.0712	0.3	111115
21	"07:28:17"	117.5	-5.66	39.9	488	28.2	1.05	6	1	2.84	28.68	28.20	28.65	499.98	491.78	0.008	27.441	0.02	70.75	599.0	0	47	101.8	1.41	-0.0712	0.3	111115
22	"07:28:18"	119.0	-5.67	36.3	488	28.1	1.05	6	1	2.84	28.68	28.20	28.65	499.94	491.78	0.007	27.392	0.02	70.63	599.1	-0	46	101.8	1.41	-0.0712	0.3	111115
23	"07:28:19"	120.0	-5.62	34.4	487	28.1	1.05	6	1	2.84	28.69	28.20	28.65	499.94	491.75	0.007	27.360	0.02	70.54	599.0	-0	46	101.8	1.41	-0.0712	0.3	111115
24	"07:28:21"	121.5	-5.67	31.6	487	28	1.06	6	1	2.84	28.69	28.21	28.65	499.91	491.79	0.006	27.312	0.02	70.42	599.1	-0	46	101.8	1.41	-0.0712	0.3	111115
25	"07:28:22"	122.5	-5.6	29.8	487	28	1.06	6	1	2.84	28.69	28.21	28.65	499.96	491.78	0.006	27.278	0.02	70.33	599.1	-0	47	101.8	1.41	-0.0712	0.3	111115
26	"07:28:23"	124.0	-5.62	27.9	487	28	1.07	6	1	2.84	28.69	28.21	28.65	499.92	491.79	0.005	27.235	0.01	70.21	599.1	-0	46	101.8	1.41	-0.0712	0.7	111115
27	"07:28:24"	125.0	-5.62	26.7	487	27.9	1.07	6	1	2.84	28.69	28.21	28.66	499.92	491.80	0.006	27.205	0.02	70.14	599.1	-0	46	101.8	1.41	-0.0712	0.7	111115
28	"07:28:26"	126.5	-5.63	25.3	487	27.9	1.08	6	1	2.84	28.69	28.21	28.66	499.95	491.85	0.005	27.163	0.01	70.03	599.1	0	47	101.8	1.41	-0.0712	0.7	111115
29	"07:28:27"	127.5	-5.54	24.3	487	27.8	1.08	6	1	2.84	28.69	28.21	28.66	500.00	491.83	0.006	27.133	0.01	69.95	599.1	0	47	101.8	1.41	-0.0712	0.7	111115
30	"07:28:28"	129.0	-5.57	23.2	487	27.8	1.08	6	1	2.84	28.69	28.21	28.66	499.97	491.85	0.005	27.094	0.01	69.84	599.1	0	47	101.8	1.41	-0.0712	0.7	111115
31	"07:28:29"	130.0	-5.55	22.5	487	27.8	1.09	6	1	2.84	28.69	28.21	28.66	499.95	491.83	0.005	27.066	0.01	69.77	599.1	0	47	101.8	1.41	-0.0712	0.7	111115
32	"07:28:31"	131.5	-5.43	21.6	487	27.7	1.09	6	1	2.84	28.69	28.21	28.66	500.01	491.79	0.005	27.028	0.01	69.67	599.1	0	47	101.8	1.41	-0.0712	0.7	111115
33	"07:28:32"	132.5	-5.39	21	487	27.7	1.09	6	1	2.84	28.69	28.21	28.66	500.04	491.79	0.005	27.004	0.01	69.60	599.1	0	46	101.8	1.41	-0.0712	0.7	111115
34	"07:28:33"	134.0	-5.29	20.3	487	27.7	1.09	6	1	2.84	28.69	28.21	28.66	500.08	491.74	0.004	26.971	0.01	69.52	599.1	0	47	101.8	1.41	-0.0712	0.7	111115
35	"07:28:34"	135.0	-5.36	19.8	487	27.6	1.1	6	1	2.84	28.69	28.21	28.66	500.02	491.76	0.004	26.947	0.01	69.45	599.1	0	47	101.8	1.41	-0.0712	0.7	111115
36	"07:28:36"	136.5	-5.5	19.1	487	27.6	1.1	6	1	2.84	28.69	28.21	28.66	499.93	491.84	0.003	26.912	0.01	69.36	599.0	0	47	101.8	1.41	-0.0712	0.7	111115
37	"07:28:37"	137.5	-5.64	18.6	487	27.6	1.1	6	1	2.84	28.69	28.21	28.66	499.85	491.91	0.003	26.888	0.01	69.30	599.1	-0	47	101.8	1.41	-0.0712	0.7	111115
38	"07:28:38"	139.0	-5.72	17.9	488	27.5	1.11	6	1	2.84	28.69	28.21	28.66	499.83	491.99	0.003	26.850	0.01	69.20	599.1	-0	46	101.8	1.41	-0.0712	0.7	111115
39	"07:28:39"	140.0	-5.59	17.5	487	27.5	1.11	6	1	2.84	28.69	28.21	28.66	499.90	491.94	0.002	26.825	0.01	69.13	599.1	-0	46	101.8	1.41	-0.0712	0.7	111115
40	"07:28:41"	141.5	-5.43	17	487	27.5	1.11	6	1	2.84	28.69	28.21	28.66	500.02	491.91	0.001	26.792	0.00	69.04	599.1	-0	45	101.8	1.41	-0.0712	0.7	111115
41	"07:28:42"	142.5	-5.67	16.7	488	27.5	1.11	6	1	2.84	28.70	28.21	28.66	499.91	492.05	0.001	26.773	0.00	68.99	599.1	-0	45	101.8	1.41	-0.0712	0.7	111115
42	"07:28:43"	144.0	-5.77	15.9	488	27.4	1.12	6	1	2.84	28.70	28.21	28.67	499.86	492.13	0.001	26.717	0.00	68.84	599.1	0	46	101.8	1.41	-0.0712	0.7	111115
43	"07:28:44"	145.0	-5.89	15.3	488	27.4	1.13	6	1	2.84	28.70	28.21	28.67	499.79	492.20	0.001	26.673	0.00	68.73	599.0	0	46	101.8	1.41	-0.0712	0.3	111115
44	"07:28:46"	146.5	-5.68	14.4	488	27.3	1.13	6	1	2.84	28.70	28.21	28.67	499.87	492.11	0.002	26.603	0.01	68.55	599.1	-0	45	101.8	1.41	-0.0712	0.3	111115
45	"07:28:47"	147.5	-5.48	13.9	487	27.2	1.14	6	1	2.84	28.70	28.21	28.67	499.97	492.04	0.002	26.561	0.01	68.44	599.1	-0	45	101.8	1.41	-0.0712	0.3	111115
46	"07:28:48"	149.0	-5.42	13.4	487	27.2	1.14	6	1	2.84	28.70	28.21	28.67	499.97	492.00	0.002	26.507	0.00	68.30	599.2	-0	44	101.8	1.41	-0.0712	0.3	111115
47	"07:28:49"	150.0	-5.36	13	487	27.1	1.15	6	1	2.84	28.70	28.21	28.67	499.99	491.99	0.002	26.467	0.00	68.19	599.1	-0	45	101.8	1.41	-0.0712	0.3	111115
48	"07:28:51"	151.5	-5.34	12.6	487	27.1	1.15	6	1	2.84	28.70	28.21	28.67	499.98	491.98	0.002	26.419	0.00	68.07	599.1	-0	46	101.8	1.41	-0.0712	0.7	111115
49	"07:28:52"	152.5	-5.37	12.3	487	27.1	1.16	6	1	2.84	28.70	28.21	28.67	499.96	492.01	0.002	26.383	0.01	67.98	599.1	-0	46	101.8	1.41	-0.0712	0.7	111115
50	"07:28:53"	154.0	-5.35	11.9	487	27	1.16	6	1	2.84	28.70	28.21	28.67	500.02	492.07	0.002	26.334	0.00	67.85	599.1	-0	46	101.8	1.41	-0.0712	0.7	111115
51	"07:28:54"	155.0	-5.27	11.6	487	27	1.17	6	1	2.84	28.70	28.22	28.67	500.07	492.06	0.002	26.298	0.00	67.75	599.1	-0	47	101.8	1.41	-0.0712	0.7	111115
52	"07:28:56"	156.5	-5.14	11.2	487	26.9	1.17	6	1	2.84	28.70	28.22	28.67	500.10	491.98	0.001	26.251	0.00	67.63	599.0	-0	47	101.8	1.41	-0.0712	0.7	111115
53	"07:28:57"	157.5	-5.17	11	487	26.9	1.17	6	1	2.84	28.70	28.22	28.67	500.06	491.99	0.001	26.222	0.00	67.55	599.0	-0	47	101.8	1.41	-0.0712	0.7	111115
54	"07:28:58"	159.0	-5.3	10.7	487	26.8	1.18	6	1	2.84	28.70	28.22	28.67	500.03	492.11	0.000	26.184	0.00	67.45	599.0	-0	47	101.8	1.41	-0.0712	0.7	111115
55	"07:28:59"	160.0	-5.36	10.6	487	26.8	1.18	6	1	2.84	28.70	28.22	28.67	500.02	492.17	0.000	26.157	0.00	67.38	599.1	-0	47	101.8	1.41	-0.0712	0.7	111115
56	"07:29:01"	161.5	-5.45	10.4	487	26.8	1.18	6	1	2.84	28.70	28.22	28.67	500.02	492.27	-0.000	26.125	-0.00	67.30	599.1	-0	47	101.8	1.41	-0.0712	0.7	111115
57	"07:29:02"	162.5	-5.32	10.3	487	26.8	1.19	6	1	2.84	28.70	28.22	28.67	500.10	492.23	0.000	26.104	0.00	67.24	599.1	0	47	101.8	1.41	-0.0712	0.7	111115
58	"07:29:03"	164.0	-5.25	10	487	26.7	1.19	6	1	2.84	28.70	28.22	28.68	500.13	492.21	0.001	26.070	0.00	67.15	599.1	0	47	101.8	1.41	-0.0712	0.7	111115
59	"07:29:04"	165.0	-5.15	9.89	487	26.7	1.19	6	1	2.84	28.70	28.23	28.68	500.19	492.19	0.001	26.047	0.00	67.09	599.1	-0	47	101.8	1.41	-0.0712	0.7	111115
60	"07:29:06"	166.5	-5.17	9.75	487	26.7	1.2	6	1	2.84	28.70	28.23	28.68	500.12	492.14	0.001	26.023	0.00	67.03	599.0	-0	47	101.8	1.41	-0.0712	0.7	111115
61	"07:29:07"	167.5	-5.27	9.66	487	26.7	1.2	6	1	2.84	28.70	28.23	28.68	500.04	492.17	0.000	26.007	0.00	66.98	599.0	-0	47	101.8	1.41	-0.0712	0.7	111115
62	"07:29:08"	169.0	-5.23	9.48	487	26.6	1.2	6	1	2.84	28.70	28.23	28.68	500.05	492.16	-0.001	25.974	-0.00	66.89	599.0	-0	47	101.8	1.41	-0.0712	0.7	111115
63	"07:29:09"	170.0	-5.29	9.35	487	26.6	1.2	6	1	2.84	28.70	28.23	28.68	500.03	492.22	-0.001	25.950	-0.00	66.83	599.1	-0	47	101.8	1.41	-0.0712	0.7	111115
64	"07:29:11"	171.5	-5.2	9.21	487	26.6	1.21	6	1	2.84	28.71	28.23	28.68	500.12	492.23	-0.001	25.922	-0.00	66.75	599.1	-0	47	101.8	1.41	-0.0712	0.7	111115
65	"07:29:12"	172.5	-5.13	9.15	487	26.6	1.21	6	1	2.84	28.71	28.23	28.68	500.18	492.23	-0.001	25.907	-0.00	66.71	599.1	-0	48	101.8	1.41	-0.0712	0.7	111115
66	"07:29:13"	174.0	-5.08	9.04	487	26.5	1.21	6	1	2.84	28.71	28.23	28.68	500.21	492.21	-0.001	25.885	-0.00	66.65	599.1	-0	48	101.8	1.41	-0.0712	0.7	111115
67	"07:29:14"	175.0	-5.15	8.96	487	26.5	1.21	6	1	2.84	28.71	28.23	28.68	500.18	492.26	-0.000	25.870	-0.00	66.61	599.1	-0	48	101.8	1.41	-0.0712	0.7	111115
68	"07:29:16"	176.5	-5.08	8.84	487	26.5	1.21	6	1	2.84	28.71	28.23	28.68	500.18	492.21	0.000	25.846	0.00	66.55	599.0	-0	48	101.8	1.41	-0.0712	0.7	111115
69	"07:29:17"	177.5	-5.16	8.77	487	26.5	1.22	6	1	2.84	28.71	28.23	28.68	500.12	492.24	-0.000	25.831	-0.00	66.51	599.0	-0	48	101.8	1.41	-0.0712	0.7	111115
70	"07:29:18"	179.0	-5.2	8.67	487	26.4	1.22	6	1	2.84	28.71	28.23	28.68	500.09	492.26	-0.001	25.805	-0.00	66.44	599.0	-0	48	101.8	1.41	-0.0712	0.7	111115
71	"07:29:19"	180.0	-5.2	8.61	487	26.4	1.22	6	1	2.84	28.71	28.23	28.68	500.11	492.28	-0.001	25.790	-0.00	66.40	599.0	-0	48	101.8	1.41	-0.0712	0.7	111115
72	"07:29:21"	181.5	-5.15	8.54	487	26.4	1.22	6	1	2.84	28.71	28.23	28.68	500.18	492.31	-0.001	25.769	-0.00	66.34	599.1	-0	48	101.8	1.41	-0.0712	0.7	111115
73	"07:29:22"	182.5	-5.17	8.47	487	26.4	1.22	6	1	2.84	28.71	28.23	28.68	500.17	492.34	-0.000	25.753	-0.00	66.30	599.2	-0	47	101.8	1.41	-0.0712	0.7	111115
74	"07:29:23"	184.0	-5.24	8.35	487	26.4	1.23	6	1	2.84	28.71	28.23	28.68	500.13	492.37	-0.001	25.729	-0.00	66.24	599.2	-0	46	101.8	1.41	-0.0712	1.0	111115
75	"07:29:24"	185.0	-5.27	8.29	487	26.4	1.23	6	1	2.84	28.71	28.23	28.69	500.10	492.38	-0.002	25.717	-0.00	66.20	599.2	-0	44	101.8	1.41	-0.0712	1.0	111115
76	"07:29:26"	186.5	-5.06	8.19	487	26.3	1.23	6	1	2.84	28.71	28.23	28.69	500.18	492.26	-0.001	25.693	-0.00	66.14	599.1	-0	44	101.8	1.41	-0.0712	1.0	111115
77	"07:29:27"	187.5	-4.96	8.14	487	26.3	1.23	6	1	2.84	28.71	28.23	28.69	500.23	492.22	-0.001	25.677	-0.00	66.09	599.0	-0	45	101.8	1.41	-0.0712	1.0	111115
78	"07:29:28"	189.0	-4.99	8.05	487	26.3	1.23	6	1	2.84	28.71	28.23	28.69	500.23	492.26	-0.000	25.652	-0.00	66.03	599.0	-0	46	101.8	1.41	-0.0712	1.0	111115
79	"07:29:29"	190.0	-5.31	7.94	487	26.3	1.24	6	1	2.84	28.71	28.23	28.69	500.04	492.41	-0.000	25.624	-0.00	65.95	599.0	-0	47	101.8	1.41	-0.0712	1.0	111115
80	"07:29:31"	191.5	-5.58	7.74	488	26.2	1.24	6	1	2.84	28.72	28.23	28.69	499.89	492.55	-0.001	25.563	-0.00	65.79	599.0	-0	54	101.8	1.41	-0.0712	1.0	111115
81	"07:29:32"	192.5	-5.6	7.62	488	26.2	1.25	6	1	2.84	28.72	28.23	28.69	499.86	492.57	-0.001	25.526	-0.00	65.70	599.0	-0	57	101.8	1.41	-0.0712	0.7	111115
82	"07:29:33"	194.0	-5.59	7.55	488	26.1	1.25	6	1	2.84	28.72	28.23	28.69	499.91	492.61	-0.003	25.503	-0.01	65.64	599.0	-0	62	101.8	1.41	-0.0712	0.3	111115
83	"07:29:34"	195.0	-6.15	7.58	488	26.1	1.25	6	1	2.84	28.72	28.23	28.69	499.64	492.90	-0.003	25.513	-0.01	65.66	599.1	-0	63	101.8	1.41	-0.0712	0.3	111115
84	"07:29:36"	196.5	-6.59	7.62	489	26.2	1.25	6	1	2.84	28.72	28.23	28.69	499.42	493.10	-0.002	25.527	-0.01	65.70	599.2	-0	65	101.8	1.41	-0.0712	0.3	111115
85	"07:29:37"	197.5	-6.48	7.62	489	26.2	1.25	6	1	2.84	28.72	28.23	28.69	499.49	493.06	-0.002	25.531	-0.01	65.71	599.1	-0	67	101.8	1.41	-0.0712	0.3	111115
86	"07:29:38"	199.0	-5.87	7.56	488	26.1	1.25	6	1	2.84	28.72	28.23	28.69	499.80	492.78	-0.002	25.513	-0.00	65.66	599.1	-0	69	101.8	1.41	-0.0712	0.3	111115
87	"07:29:39"	200.0	-5.53	7.48	488	26.1	1.25	6	1	2.84	28.72	28.23	28.69	499.97	492.63	-0.002	25.490	-0.00	65.60	599.0	-0	70	101.8	1.41	-0.0712	0.7	111115
88	"07:29:41"	201.5	-5.36	7.33	487	26.1	1.26	6	1	2.84	28.72	28.23	28.69	500.05	492.56	-0.002	25.448	-0.00	65.49	599.0	-0	71	101.8	1.41	-0.0712	0.7	111115
89	"07:29:42"	202.5	-5.31	7.28	487	26.1	1.26	6	1	2.84	28.72	28.23	28.69	500.07	492.53	-0.001	25.430	-0.00	65.44	599.0	-0	71	101.8	1.41	-0.0712	0.7	111115
90	"07:29:43"	204.0	-5.28	7.17	487	26	1.26	6	1	2.84	28.72	28.23	28.69	500.12	492.57	-0.002	25.392	-0.01	65.34	599.2	-0	71	101.8	1.41	-0.0712	0.7	111115
91	"07:29:44"	205.0	-5.22	7.07	487	26	1.26	6	1	2.84	28.72	28.23	28.69	500.18	492.59	-0.002	25.357	-0.01	65.25	599.2	-0	70	101.8	1.41	-0.0712	0.7	111115
92	"07:29:46"	206.5	-5.23	6.91	487	25.9	1.27	6	1	2.84	28.72	28.23	28.69	500.17	492.62	-0.003	25.297	-0.01	65.09	599.1	0	69	101.8	1.41	-0.0712	1.0	111115
93	"07:29:47"	207.5	-5.12	6.81	487	25.9	1.27	6	1	2.84	28.72	28.23	28.70	500.20	492.56	-0.003	25.261	-0.01	65.00	599.0	0	69	101.8	1.41	-0.0712	1.0	111115
94	"07:29:48"	209.0	-5.22	6.72	487	25.8	1.28	6	1	2.84	28.72	28.23	28.70	500.11	492.60	-0.003	25.227	-0.01	64.91	599.0	0	69	101.8	1.41	-0.0712	0.7	111115
95	"07:29:49"	210.0	-5.27	6.67	487	25.8	1.28	6	1	2.84	28.72	28.23	28.70	500.11	492.65	-0.003	25.206	-0.01	64.86	599.0	0	69	101.8	1.41	-0.0712	0.7	111115
96	"07:29:51"	211.5	-5.33	6.6	487	25.8	1.28	6	1	2.84	28.72	28.23	28.70	500.06	492.67	-0.003	25.188	-0.01	64.81	599.1	0	70	101.8	1.41	-0.0712	0.3	111115
97	"07:29:52"	212.5	-5.32	6.56	487	25.8	1.28	6	1	2.84	28.72	28.23	28.70	500.07	492.67	-0.003	25.175	-0.01	64.78	599.1	-0	70	101.8	1.41	-0.0712	0.3	111115
98	"07:29:53"	213.0	-5.32	6.54	487	25.8	1.28	6	1	2.84	28.72	28.23	28.70	500.08	492.69	-0.003	25.171	-0.01	64.77	599.1	-0	70	101.8	1.41	-0.0712	0.3	111115
99	"07:29:54"	215.0	-5.13	6.48	487	25.8	1.29	6	1	2.84	28.72	28.23	28.70	500.19	492.62	-0.003	25.146	-0.01	64.70	599.1	-0	70	101.8	1.41	-0.0712	0.7	111115
100	"07:29:55"	215.5	-5.11	6.47	487	25.8	1.29	6	1	2.84	28.72	28.23	28.70	500.20	492.61	-0.004	25.140	-0.01	64.68	599.0	-0	70	101.8	1.41	-0.0712	0.7	111115
101	"07:29:56"	216.5	-5.05	6.45	487	25.7	1.29	6	1	2.84	28.72	28.23	28.70	500.22	492.57	-0.003	25.132	-0.01	64.66	599.0	-0	70	101.8	1.41	-0.0712	0.7	111115
102	"07:29:58"	218.5	-5.16	6.4	487	25.7	1.29	6	1	2.84	28.72	28.24	28.70	500.16	492.63	-0.002	25.117	-0.01	64.62	599.1	0	70	101.8	1.41	-0.0712	0.7	111115
103	"07:29:59"	219.5	-5.28	6.39	487	25.7	1.29	6	1	2.84	28.72	28.24	28.70	500.16	492.75	-0.001	25.113	-0.00	64.61	599.1	0	70	101.8	1.41	-0.0712	0.7	111115
104	"07:30:00"	221.0	-5.23	6.34	487	25.7	1.29	6	1	2.84	28.72	28.24	28.70	500.19	492.73	-0.002	25.097	-0.01	64.57	599.1	0	70	101.8	1.41	-0.0712	0.7	111115
105	"07:30:01"	222.0	-5.09	6.3	487	25.7	1.29	6	1	2.84	28.72	28.24	28.70	500.26	492.68	-0.002	25.086	-0.01	64.54	599.0	0	70	101.8	1.41	-0.0712	1.0	111115
106	"07:30:03"	223.5	-4.91	6.27	487	25.7	1.3	6	1	2.84	28.72	28.24	28.70	500.32	492.57	-0.003	25.072	-0.01	64.50	599.0	-0	70	101.8	1.41	-0.0712	1.0	111115
107	"07:30:04"	224.5	-5.03	6.26	487	25.7	1.3	6	1	2.84	28.72	28.24	28.70	500.25	492.62	-0.003	25.068	-0.01	64.49	599.0	-0	70	101.8	1.41	-0.0712	1.0	111115
108	"07:30:05"	226.0	-5.15	6.24	487	25.7	1.3	6	1	2.84	28.73	28.24	28.70	500.18	492.67	-0.003	25.059	-0.01	64.46	599.1	-0	71	101.8	1.41	-0.0712	1.0	111115
109	"07:30:06"	227.0	-5.2	6.22	487	25.7	1.3	6	1	2.84	28.73	28.24	28.70	500.14	492.69	-0.004	25.050	-0.01	64.44	599.1	-0	71	101.8	1.41	-0.0712	1.0	111115
110	"07:30:08"	228.5	-5.09	6.2	487	25.6	1.3	6	1	2.84	28.73	28.24	28.70	500.22	492.67	-0.004	25.034	-0.01	64.40	599.1	-0	71	101.8	1.41	-0.0712	1.0	111115
111	"07:30:09"	229.5	-5.06	6.19	487	25.6	1.3	6	1	2.84	28.73	28.23	28.70	500.24	492.65	-0.004	25.026	-0.01	64.38	599.1	-0	71	101.8	1.41	-0.0712	1.0	111115
112	"07:30:10"	231.0	-4.93	6.14	487	25.6	1.3	6	1	2.84	28.73	28.24	28.70	500.31	492.61	-0.003	25.011	-0.01	64.34	599.1	-0	71	101.8	1.41	-0.0712	1.0	111115
113	"07:30:11"	232.0	-4.86	6.12	487	25.6	1.3	6	1	2.84	28.73	28.24	28.70	500.35	492.58	-0.003	25.004	-0.01	64.32	599.1	-0	71	101.8	1.41	-0.0712	1.0	111115
114	"07:30:13"	233.5	-5.03	6.07	487	25.6	1.3	6	1	2.84	28.73	28.24	28.70	500.28	492.69	-0.002	24.987	-0.01	64.27	599.1	-0	71	101.8	1.41	-0.0712	1.0	111115
115	"07:30:14"	234.5	-5.07	6.06	487	25.6	1.3	6	1	2.84	28.73	28.24	28.70	500.26	492.71	-0.003	24.979	-0.01	64.25	599.1	-0	71	101.8	1.41	-0.0712	1.0	111115
116	"07:30:15"	236.0	-5.1	6.05	487	25.6	1.31	6	1	2.84	28.73	28.24	28.70	500.21	492.69	-0.003	24.969	-0.01	64.22	599.2	-0	71	101.8	1.41	-0.0712	1.0	111115
117	"07:30:16"	237.0	-5.09	6.03	487	25.6	1.31	6	1	2.84	28.73	28.24	28.70	500.20	492.68	-0.003	24.966	-0.01	64.22	599.2	-0	71	101.8	1.41	-0.0712	1.0	111115
118	"07:30:18"	238.5	-4.89	5.99	487	25.6	1.31	6	1	2.84	28.73	28.25	28.71	500.33	492.62	-0.004	24.953	-0.01	64.18	599.2	0	71	101.8	1.41	-0.0712	1.0	111115
119	"07:30:19"	239.5	-4.79	5.96	487	25.5	1.31	6	1	2.84	28.73	28.25	28.71	500.40	492.59	-0.004	24.943	-0.01	64.16	599.1	0	71	101.8	1.41	-0.0712	1.0	111115
120	"07:30:20"	241.0	-4.82	5.93	487	25.5	1.31	6	1	2.84	28.73	28.25	28.71	500.39	492.62	-0.004	24.932	-0.01	64.12	599.1	0	71	101.8	1.41	-0.0712	1.0	111115
121	"07:30:21"	242.0	-4.93	5.92	487	25.5	1.31	6	1	2.84	28.73	28.25	28.71	500.35	492.69	-0.004	24.923	-0.01	64.10	599.1	0	71	101.8	1.41	-0.0712	1.0	111115
122	"07:30:23"	243.5	-5.15	5.89	487	25.5	1.31	6	1	2.84	28.73	28.25	28.71	500.20	492.77	-0.003	24.914	-0.01	64.08	599.1	-0	72	101.8	1.41	-0.0712	1.0	111115
123	"07:30:24"	244.5	-5.15	5.87	487	25.5	1.31	6	1	2.84	28.73	28.25	28.71	500.17	492.74	-0.003	24.903	-0.01	64.04	599.1	-0	72	101.8	1.41	-0.0712	1.0	111115
124	"07:30:25"	246.0	-5.21	5.86	487	25.5	1.31	6	1	2.84	28.73	28.25	28.71	500.13	492.76	-0.004	24.894	-0.01	64.02	599.0	-0	72	101.8	1.41	-0.0712	1.0	111115
125	"07:30:26"	247.0	-5.1	5.85	487	25.5	1.32	6	1	2.84	28.73	28.24	28.71	500.17	492.70	-0.004	24.888	-0.01	64.01	599.0	-0	72	101.8	1.41	-0.0712	1.0	111115
126	"07:30:28"	248.5	-5.15	5.82	487	25.5	1.32	6	1	2.84	28.73	28.25	28.71	500.16	492.75	-0.004	24.879	-0.01	63.98	599.0	-0	72	101.8	1.41	-0.0712	1.0	111115
127	"07:30:29"	249.5	-4.97	5.8	487	25.5	1.32	6	1	2.84	28.73	28.25	28.71	500.25	492.66	-0.004	24.869	-0.01	63.95	599.1	-0	72	101.8	1.41	-0.0712	1.0	111115
128	"07:30:30"	251.0	-4.94	5.77	487	25.5	1.32	6	1	2.84	28.73	28.25	28.71	500.34	492.73	-0.003	24.858	-0.01	63.92	599.1	-0	72	101.8	1.41	-0.0712	1.0	111115
129	"07:30:31"	252.0	-4.96	5.76	487	25.5	1.32	6	1	2.84	28.73	28.25	28.71	500.37	492.77	-0.003	24.855	-0.01	63.92	599.1	-0	72	101.8	1.41	-0.0712	1.0	111115
130	"07:30:33"	253.5	-5.04	5.73	487	25.4	1.32	6	1	2.84	28.73	28.25	28.71	500.33	492.83	-0.003	24.841	-0.01	63.88	599.0	-0	73	101.8	1.41	-0.0712	1.0	111115
131	"07:30:34"	254.5	-5.04	5.72	487	25.4	1.32	6	1	2.84	28.73	28.25	28.71	500.32	492.81	-0.003	24.834	-0.01	63.86	599.0	0	73	101.8	1.41	-0.0712	1.0	111115
132	"07:30:35"	256.0	-5.05	5.69	487	25.4	1.32	6	1	2.84	28.73	28.25	28.71	500.26	492.78	-0.004	24.818	-0.01	63.82	599.1	0	73	101.8	1.41	-0.0712	1.0	111115
133	"07:30:36"	257.0	-5.03	5.68	487	25.4	1.32	6	1	2.84	28.73	28.25	28.71	500.28	492.78	-0.004	24.813	-0.01	63.80	599.1	-0	73	101.8	1.41	-0.0712	1.0	111115
134	"07:30:38"	258.5	-5.01	5.66	487	25.4	1.32	6	1	2.84	28.73	28.25	28.71	500.33	492.81	-0.004	24.801	-0.01	63.77	599.1	0	73	101.8	1.41	-0.0712	1.0	111115
135	"07:30:39"	259.5	-5.03	5.65	487	25.4	1.33	6	1	2.84	28.73	28.25	28.71	500.32	492.83	-0.003	24.795	-0.01	63.75	599.1	0	73	101.8	1.41	-0.0712	1.0	111115
136	"07:30:40"	261.0	-4.88	5.62	487	25.4	1.33	6	1	2.84	28.73	28.25	28.71	500.39	492.76	-0.003	24.779	-0.01	63.71	599.1	-0	73	101.8	1.41	-0.0712	1.0	111115
137	"07:30:41"	262.0	-4.77	5.61	487	25.4	1.33	6	1	2.84	28.73	28.24	28.71	500.40	492.67	-0.003	24.772	-0.01	63.69	599.1	-0	73	101.8	1.41	-0.0712	1.0	111115
138	"07:30:43"	263.5	-4.61	5.58	487	25.4	1.33	6	1	2.84	28.73	28.25	28.71	500.47	492.58	-0.003	24.760	-0.01	63.66	599.1	-0	73	101.8	1.41	-0.0712	1.0	111115
139	"07:30:44"	264.5	-4.58	5.58	487	25.3	1.33	6	1	2.84	28.73	28.24	28.71	500.49	492.57	-0.004	24.753	-0.01	63.64	599.0	-0	74	101.8	1.41	-0.0712	1.0	111115
140	"07:30:45"	266.0	-4.57	5.56	487	25.3	1.33	6	1	2.84	28.74	28.24	28.71	500.51	492.59	-0.004	24.741	-0.01	63.61	599.0	-0	74	101.8	1.41	-0.0712	1.0	111115
141	"07:30:46"	267.0	-4.58	5.55	487	25.3	1.33	6	1	2.84	28.74	28.24	28.71	500.54	492.63	-0.004	24.733	-0.01	63.59	599.0	-0	74	101.8	1.41	-0.0712	1.0	111115
142	"07:30:48"	268.5	-4.66	5.52	487	25.3	1.33	6	1	2.84	28.74	28.24	28.71	500.50	492.67	-0.004	24.720	-0.01	63.55	599.0	-0	74	101.8	1.41	-0.0712	1.0	111115
143	"07:30:49"	269.5	-4.76	5.5	487	25.3	1.33	6	1	2.84	28.74	28.24	28.71	500.46	492.74	-0.004	24.714	-0.01	63.53	599.1	-0	74	101.8	1.41	-0.0712	1.0	111115
144	"07:30:50"	271.0	-4.89	5.47	487	25.3	1.33	6	1	2.84	28.74	28.25	28.72	500.36	492.77	-0.005	24.707	-0.01	63.51	599.1	-0	74	101.8	1.41	-0.0712	1.0	111115
145	"07:30:51"	272.0	-4.87	5.45	487	25.3	1.34	6	1	2.84	28.74	28.25	28.72	500.39	492.78	-0.004	24.701	-0.01	63.50	599.1	-0	74	101.8	1.41	-0.0712	1.0	111115
146	"07:30:53"	273.5	-4.91	5.42	487	25.3	1.34	6	1	2.84	28.74	28.25	28.72	500.33	492.77	-0.004	24.688	-0.01	63.46	599.1	-0	74	101.8	1.41	-0.0712	1.0	111115
147	"07:30:54"	274.5	-4.91	5.41	487	25.3	1.34	6	1	2.84	28.74	28.25	28.72	500.33	492.77	-0.004	24.676	-0.01	63.43	599.1	-0	74	101.8	1.41	-0.0712	1.0	111115
148	"07:30:55"	276.0	-5.09	5.39	487	25.2	1.34	6	1	2.84	28.74	28.25	28.72	500.20	492.84	-0.004	24.660	-0.01	63.39	599.1	-0	75	101.8	1.41	-0.0712	1.0	111115
149	"07:30:56"	277.0	-5.13	5.37	487	25.2	1.34	6	1	2.84	28.74	28.25	28.72	500.15	492.83	-0.004	24.648	-0.01	63.36	599.1	-0	75	101.8	1.41	-0.0712	1.0	111115
150	"07:30:58"	278.5	-4.93	5.34	487	25.2	1.34	6	1	2.84	28.74	28.25	28.72	500.29	492.78	-0.004	24.635	-0.01	63.32	599.0	-0	75	101.8	1.41	-0.0712	1.0	111115
151	"07:30:59"	279.5	-4.87	5.32	487	25.2	1.34	6	1	2.84	28.74	28.25	28.72	500.35	492.78	-0.004	24.626	-0.01	63.30	599.0	0	75	101.8	1.41	-0.0712	1.0	111115
152	"07:31:00"	281.0	-4.69	5.3	487	25.2	1.34	6	1	2.84	28.74	28.25	28.72	500.49	492.75	-0.004	24.617	-0.01	63.27	599.0	0	75	101.8	1.41	-0.0712	1.0	111115
153	"07:31:01"	282.0	-4.71	5.29	487	25.2	1.34	6	1	2.84	28.74	28.25	28.72	500.48	492.77	-0.004	24.615	-0.01	63.26	599.0	0	75	101.8	1.41	-0.0712	1.0	111115
154	"07:31:03"	283.5	-4.67	5.26	487	25.2	1.35	6	1	2.84	28.74	28.26	28.72	500.54	492.78	-0.004	24.601	-0.01	63.23	599.1	0	75	101.8	1.41	-0.0712	1.0	111115
155	"07:31:04"	284.5	-4.71	5.24	487	25.2	1.35	6	1	2.84	28.74	28.26	28.72	500.52	492.81	-0.005	24.593	-0.01	63.21	599.1	0	75	101.8	1.41	-0.0712	1.0	111115
156	"07:31:05"	286.0	-4.78	5.21	487	25.2	1.35	6	1	2.84	28.74	28.26	28.72	500.48	492.85	-0.005	24.580	-0.01	63.17	599.1	-0	76	101.8	1.41	-0.0712	1.0	111115
157	"07:31:06"	287.0	-4.76	5.21	487	25.2	1.35	6	1	2.84	28.74	28.26	28.72	500.48	492.83	-0.005	24.573	-0.01	63.15	599.1	-0	76	101.8	1.41	-0.0712	1.0	111115
158	"07:31:08"	288.5	-4.83	5.18	487	25.1	1.35	6	1	2.84	28.74	28.26	28.72	500.43	492.86	-0.004	24.556	-0.01	63.10	599.1	-0	76	101.8	1.41	-0.0712	1.0	111115
159	"07:31:09"	289.5	-4.86	5.17	487	25.1	1.35	6	1	2.84	28.74	28.26	28.72	500.39	492.86	-0.004	24.549	-0.01	63.09	599.1	-0	76	101.8	1.41	-0.0712	1.0	111115
160	"07:31:10"	291.0	-4.99	5.15	487	25.1	1.35	6	1	2.84	28.74	28.26	28.72	500.30	492.89	-0.003	24.538	-0.01	63.06	599.1	-0	76	101.8	1.41	-0.0712	1.0	111115
161	"07:31:11"	292.0	-4.91	5.14	487	25.1	1.35	6	1	2.84	28.74	28.26	28.72	500.34	492.85	-0.004	24.536	-0.01	63.05	599.1	-0	76	101.8	1.41	-0.0712	1.0	111115
162	"07:31:13"	293.5	-4.79	5.13	487	25.1	1.35	6	1	2.84	28.74	28.26	28.72	500.41	492.82	-0.004	24.523	-0.01	63.02	599.1	-0	76	101.8	1.41	-0.0712	1.0	111115
163	"07:31:14"	294.5	-4.68	5.11	487	25.1	1.36	6	1	2.84	28.74	28.26	28.72	500.51	492.80	-0.004	24.513	-0.01	62.99	599.1	-0	76	101.8	1.41	-0.0712	1.0	111115
164	"07:31:15"	296.0	-4.65	5.09	487	25.1	1.36	6	1	2.84	28.74	28.26	28.72	500.53	492.81	-0.004	24.502	-0.01	62.96	599.1	-0	77	101.8	1.41	-0.0712	1.0	111115
165	"07:31:16"	297.0	-4.7	5.07	487	25.1	1.36	6	1	2.84	28.74	28.26	28.72	500.53	492.85	-0.004	24.495	-0.01	62.94	599.1	0	77	101.8	1.41	-0.0712	1.0	111115
166	"07:31:18"	298.5	-4.59	5.05	487	25.1	1.36	6	1	2.84	28.75	28.26	28.73	500.54	492.77	-0.003	24.482	-0.01	62.90	599.1	0	77	101.8	1.41	-0.0712	1.0	111115
167	"07:31:19"	299.5	-4.65	5.04	487	25.1	1.36	6	1	2.84	28.75	28.26	28.73	500.50	492.79	-0.004	24.475	-0.01	62.89	599.1	0	77	101.8	1.41	-0.0712	1.0	111115
168	"07:31:20"	301.0	-4.63	5.03	487	25	1.36	6	1	2.84	28.75	28.26	28.73	500.50	492.78	-0.004	24.463	-0.01	62.85	599.1	0	77	101.8	1.41	-0.0712	1.0	111115
169	"07:31:21"	302.0	-4.68	5.01	487	25	1.36	6	1	2.84	28.75	28.26	28.73	500.46	492.79	-0.005	24.457	-0.01	62.84	599.1	0	77	101.8	1.41	-0.0712	1.0	111115
170	"07:31:23"	303.5	-4.61	4.99	487	25	1.36	6	1	2.84	28.75	28.26	28.73	500.53	492.80	-0.005	24.444	-0.01	62.80	599.1	0	77	101.8	1.41	-0.0712	1.0	111115
171	"07:31:24"	304.5	-4.59	4.98	487	25	1.36	6	1	2.84	28.75	28.26	28.73	500.54	492.80	-0.004	24.437	-0.01	62.78	599.1	0	78	101.8	1.41	-0.0712	1.0	111115
172	"07:31:25"	306.0	-4.67	4.97	487	25	1.37	6	1	2.84	28.75	28.26	28.73	500.52	492.85	-0.004	24.425	-0.01	62.75	599.1	-0	78	101.8	1.41	-0.0712	1.0	111115
173	"07:31:26"	307.0	-4.68	4.95	487	25	1.37	6	1	2.84	28.75	28.26	28.73	500.51	492.86	-0.004	24.415	-0.01	62.72	599.1	-0	78	101.8	1.41	-0.0712	1.0	111115
174	"07:31:28"	308.5	-4.62	4.93	487	25	1.37	6	1	2.84	28.75	28.26	28.73	500.53	492.82	-0.004	24.408	-0.01	62.70	599.1	-0	78	101.8	1.41	-0.0712	1.0	111115
175	"07:31:29"	309.5	-4.53	4.91	487	25	1.37	6	1	2.84	28.75	28.26	28.73	500.59	492.80	-0.004	24.397	-0.01	62.68	599.0	-0	78	101.8	1.41	-0.0712	1.0	111115
176	"07:31:30"	311.0	-4.69	4.9	487	25	1.37	6	1	2.84	28.75	28.26	28.73	500.51	492.88	-0.004	24.389	-0.01	62.65	599.0	-0	78	101.8	1.41	-0.0712	1.0	111115
177	"07:31:31"	312.0	-4.76	4.89	487	24.9	1.37	6	1	2.84	28.75	28.26	28.73	500.47	492.92	-0.004	24.378	-0.01	62.62	599.0	-0	78	101.8	1.41	-0.0712	1.0	111115
178	"07:31:33"	313.5	-4.86	4.87	487	24.9	1.37	6	1	2.84	28.75	28.26	28.73	500.39	492.95	-0.003	24.369	-0.01	62.59	599.0	-0	78	101.8	1.41	-0.0712	1.0	111115
179	"07:31:34"	314.5	-4.92	4.85	487	24.9	1.37	6	1	2.84	28.75	28.27	28.73	500.34	492.95	-0.004	24.362	-0.01	62.58	599.1	0	79	101.8	1.41	-0.0712	1.0	111115
180	"07:31:35"	316.0	-4.84	4.83	487	24.9	1.37	6	1	2.84	28.75	28.26	28.73	500.41	492.95	-0.004	24.348	-0.01	62.54	599.1	0	79	101.8	1.41	-0.0712	1.0	111115
181	"07:31:36"	317.0	-4.79	4.82	487	24.9	1.38	6	1	2.84	28.75	28.27	28.73	500.45	492.95	-0.004	24.339	-0.01	62.51	599.1	0	79	101.8	1.41	-0.0712	1.0	111115
182	"07:31:38"	318.5	-4.65	4.78	487	24.9	1.38	6	1	2.84	28.75	28.27	28.73	500.58	492.95	-0.004	24.322	-0.01	62.47	599.1	0	79	101.8	1.41	-0.0712	1.0	111115
183	"07:31:39"	319.5	-4.55	4.77	487	24.9	1.38	6	1	2.84	28.75	28.27	28.73	500.64	492.91	-0.003	24.314	-0.01	62.45	599.1	0	79	101.8	1.41	-0.0712	1.0	111115
184	"07:31:40"	321.0	-4.54	4.75	487	24.9	1.38	6	1	2.84	28.75	28.27	28.73	500.63	492.90	-0.004	24.300	-0.01	62.41	599.1	-0	79	101.8	1.41	-0.0712	1.0	111115
185	"07:31:41"	322.0	-4.52	4.75	487	24.9	1.38	6	1	2.84	28.75	28.27	28.74	500.64	492.89	-0.004	24.292	-0.01	62.38	599.1	-0	79	101.8	1.41	-0.0712	1.0	111115
186	"07:31:42"	322.5	-4.48	4.74	487	24.9	1.38	6	1	2.84	28.75	28.27	28.74	500.65	492.87	-0.004	24.287	-0.01	62.37	599.1	-0	79	101.8	1.41	-0.0712	1.0	111115
187	"07:31:44"	324.5	-4.56	4.72	487	24.8	1.38	6	1	2.84	28.76	28.26	28.74	500.58	492.89	-0.004	24.270	-0.01	62.32	599.1	-0	80	101.8	1.41	-0.0712	1.0	111115
188	"07:31:45"	326.0	-4.58	4.7	487	24.8	1.38	6	1	2.84	28.76	28.27	28.74	500.59	492.91	-0.005	24.263	-0.01	62.30	599.1	0	80	101.8	1.41	-0.0712	1.0	111115
189	"07:31:46"	327.0	-4.63	4.69	487	24.8	1.38	6	1	2.84	28.76	28.27	28.74	500.58	492.96	-0.005	24.254	-0.01	62.28	599.1	0	80	101.8	1.41	-0.0712	1.0	111115
190	"07:31:48"	328.5	-4.67	4.68	487	24.8	1.39	6	1	2.84	28.76	28.27	28.74	500.57	492.99	-0.006	24.246	-0.01	62.26	599.1	0	80	101.8	1.41	-0.0712	1.0	111115
191	"07:31:49"	329.5	-4.57	4.67	487	24.8	1.39	6	1	2.84	28.76	28.27	28.74	500.62	492.95	-0.005	24.239	-0.01	62.24	599.1	-0	80	101.8	1.41	-0.0712	1.0	111115
192	"07:31:50"	331.0	-4.64	4.66	487	24.8	1.39	6	1	2.84	28.76	28.27	28.74	500.54	492.94	-0.005	24.229	-0.01	62.21	599.1	-0	76	101.8	1.41	-0.0712	1.0	111115
193	"07:31:51"	332.0	-4.67	4.64	487	24.8	1.39	6	1	2.84	28.76	28.27	28.74	500.48	492.93	-0.005	24.221	-0.01	62.19	599.0	-0	70	101.8	1.41	-0.0712	1.0	111115
194	"07:31:53"	333.5	-4.57	4.63	487	24.8	1.39	6	1	2.84	28.76	28.27	28.74	500.54	492.88	-0.005	24.211	-0.01	62.16	599.1	-0	62	101.8	1.41	-0.0712	1.0	111115
195	"07:31:54"	334.5	-4.58	4.61	487	24.8	1.39	6	1	2.84	28.76	28.27	28.74	500.55	492.91	-0.005	24.204	-0.01	62.14	599.1	-0	58	101.8	1.41	-0.0712	1.0	111115
196	"07:31:55"	336.0	-4.45	4.59	487	24.8	1.39	6	1	2.84	28.76	28.27	28.74	500.69	492.93	-0.005	24.185	-0.01	62.09	599.1	-0	65	101.8	1.41	-0.0712	1.0	111115
197	"07:31:56"	337.0	-4.44	4.57	487	24.7	1.39	6	1	2.84	28.76	28.27	28.74	500.71	492.95	-0.004	24.171	-0.01	62.05	599.0	-0	71	101.8	1.41	-0.0712	1.0	111115
198	"07:31:58"	338.5	-4.48	4.54	487	24.7	1.4	6	1	2.84	28.76	28.27	28.74	500.68	492.96	-0.005	24.157	-0.01	62.02	599.0	-0	80	101.8	1.41	-0.0712	1.0	111115
199	"07:31:59"	339.5	-4.45	4.52	487	24.7	1.4	6	1	2.84	28.76	28.27	28.74	500.67	492.93	-0.004	24.147	-0.01	61.99	599.0	-0	83	101.8	1.41	-0.0712	1.0	111115
200	"07:32:00"	341.0	-4.4	4.51	486	24.7	1.4	6	1	2.84	28.76	28.27	28.74	500.64	492.85	-0.005	24.138	-0.01	61.96	599.0	-0	83	101.8	1.41	-0.0712	1.0	111115
201	"07:32:01"	342.0	-4.34	4.5	486	24.7	1.4	6	1	2.84	28.76	28.27	28.74	500.72	492.88	-0.005	24.127	-0.01	61.93	599.0	-0	83	101.8	1.41	-0.0712	1.0	111115
202	"07:32:03"	343.5	-4.36	4.49	486	24.7	1.4	6	1	2.84	28.76	28.27	28.74	500.72	492.91	-0.005	24.118	-0.01	61.91	599.0	0	83	101.8	1.41	-0.0712	1.0	111115
203	"07:32:04"	344.5	-4.45	4.48	487	24.7	1.4	6	1	2.84	28.76	28.27	28.75	500.70	492.97	-0.004	24.110	-0.01	61.89	599.0	0	83	101.8	1.41	-0.0712	1.0	111115
204	"07:32:05"	346.0	-4.37	4.46	486	24.7	1.4	6	1	2.84	28.76	28.27	28.75	500.68	492.89	-0.005	24.097	-0.01	61.85	599.2	-0	84	101.8	1.41	-0.0712	1.0	111115
205	"07:32:06"	347.0	-4.5	4.46	487	24.7	1.4	6	1	2.84	28.76	28.27	28.75	500.61	492.95	-0.005	24.091	-0.01	61.84	599.3	-0	84	101.8	1.41	-0.0712	1.0	111115
206	"07:32:08"	348.5	-4.56	4.44	487	24.6	1.4	6	1	2.84	28.76	28.27	28.75	500.61	493.02	-0.004	24.074	-0.01	61.79	599.3	-0	84	101.8	1.41	-0.0712	1.0	111115
207	"07:32:09"	349.5	-4.57	4.42	487	24.6	1.41	6	1	2.84	28.76	28.28	28.75	500.63	493.04	-0.004	24.068	-0.01	61.77	599.2	-0	84	101.8	1.41	-0.0712	1.0	111115
208	"07:32:10"	351.0	-4.43	4.4	487	24.6	1.41	6	1	2.84	28.77	28.28	28.75	500.69	492.97	-0.004	24.057	-0.01	61.74	598.9	-0	84	101.8	1.41	-0.0712	1.0	111115
209	"07:32:11"	352.0	-4.44	4.4	487	24.6	1.41	6	1	2.84	28.77	28.28	28.75	500.68	492.98	-0.005	24.054	-0.01	61.73	598.8	0	84	101.8	1.41	-0.0712	1.0	111115
210	"07:32:12"	352.5	-4.43	4.39	487	24.6	1.41	6	1	2.84	28.77	28.28	28.75	500.69	492.99	-0.004	24.051	-0.01	61.73	598.8	0	84	101.8	1.41	-0.0712	1.0	111115
211	"07:32:14"	354.5	-4.59	4.37	487	24.6	1.41	6	1	2.84	28.77	28.27	28.75	500.59	493.04	-0.005	24.031	-0.01	61.67	599.0	0	84	101.8	1.41	-0.0712	1.0	111115
212	"07:32:15"	355.5	-4.57	4.36	487	24.6	1.41	6	1	2.84	28.77	28.28	28.75	500.60	493.04	-0.005	24.021	-0.01	61.64	599.1	0	84	101.8	1.41	-0.0712	1.0	111115
213	"07:32:16"	357.0	-4.63	4.34	487	24.6	1.41	6	1	2.84	28.77	28.28	28.75	500.56	493.07	-0.005	24.009	-0.01	61.61	599.2	-0	85	101.8	1.41	-0.0712	1.0	111115
214	"07:32:17"	358.0	-4.46	4.33	487	24.6	1.41	6	1	2.84	28.77	28.28	28.75	500.68	493.03	-0.005	24.003	-0.01	61.59	599.2	-0	85	101.8	1.41	-0.0712	1.0	111115
215	"07:32:19"	359.5	-4.62	4.32	487	24.6	1.41	6	1	2.84	28.77	28.28	28.75	500.62	493.12	-0.005	23.991	-0.01	61.56	599.2	0	85	101.8	1.41	-0.0712	1.0	111115
216	"07:32:20"	360.5	-4.5	4.31	487	24.5	1.41	6	1	2.84	28.77	28.28	28.75	500.68	493.07	-0.005	23.982	-0.01	61.54	599.1	0	85	101.8	1.41	-0.0712	1.0	111115
217	"07:32:21"	362.0	-4.51	4.3	487	24.5	1.42	6	1	2.84	28.77	28.28	28.75	500.68	493.08	-0.005	23.975	-0.01	61.52	599.1	-0	85	101.8	1.41	-0.0712	1.0	111115
218	"07:32:22"	363.0	-4.34	4.29	486	24.5	1.42	6	1	2.84	28.77	28.28	28.75	500.77	493.00	-0.005	23.964	-0.01	61.49	599.1	-0	85	101.8	1.41	-0.0712	1.0	111115
219	"07:32:24"	364.5	-4.51	4.27	487	24.5	1.42	6	1	2.84	28.77	28.28	28.75	500.70	493.11	-0.004	23.956	-0.01	61.46	599.1	-0	85	101.8	1.41	-0.0712	1.0	111115
220	"07:32:25"	365.5	-4.51	4.26	487	24.5	1.42	6	1	2.84	28.77	28.28	28.75	500.67	493.09	-0.005	23.948	-0.01	61.44	599.1	-0	85	101.8	1.41	-0.0712	1.0	111115
221	"07:32:26"	367.0	-4.64	4.24	487	24.5	1.42	6	1	2.84	28.77	28.28	28.76	500.57	493.12	-0.005	23.934	-0.01	61.40	599.1	0	85	101.8	1.41	-0.0712	1.0	111115
222	"07:32:27"	368.0	-4.47	4.23	487	24.5	1.42	6	1	2.84	28.77	28.28	28.76	500.63	493.01	-0.005	23.924	-0.01	61.37	599.0	0	86	101.8	1.41	-0.0712	1.0	111115
223	"07:32:29"	369.5	-4.39	4.22	486	24.5	1.42	6	1	2.84	28.77	28.28	28.76	500.71	493.03	-0.004	23.915	-0.01	61.35	599.0	-0	86	101.8	1.41	-0.0712	1.0	111115
224	"07:32:30"	370.5	-4.28	4.22	486	24.5	1.42	6	1	2.84	28.77	28.28	28.76	500.80	493.00	-0.004	23.912	-0.01	61.34	599.0	-0	86	101.8	1.41	-0.0712	1.0	111115
225	"07:32:31"	372.0	-4.27	4.2	486	24.5	1.42	6	1	2.84	28.77	28.28	28.76	500.82	493.02	-0.004	23.904	-0.01	61.32	599.0	-0	86	101.8	1.41	-0.0712	1.0	111115
226	"07:32:32"	373.0	-4.31	4.2	486	24.5	1.42	6	1	2.84	28.77	28.28	28.76	500.79	493.03	-0.004	23.900	-0.01	61.31	599.0	-0	86	101.8	1.41	-0.0712	1.0	111115
227	"07:32:34"	374.5	-4.4	4.19	487	24.4	1.43	6	1	2.84	28.77	28.28	28.76	500.73	493.07	-0.005	23.890	-0.01	61.28	599.0	-0	86	101.8	1.41	-0.0712	1.0	111115
228	"07:32:35"	375.5	-4.28	4.18	486	24.4	1.43	6	1	2.84	28.78	28.28	28.76	500.77	492.99	-0.005	23.886	-0.01	61.27	599.1	-0	86	101.8	1.41	-0.0712	1.0	111115
229	"07:32:36"	377.0	-4.44	4.16	487	24.4	1.43	6	1	2.84	28.78	28.28	28.76	500.67	493.05	-0.006	23.871	-0.02	61.23	599.1	-0	86	101.8	1.41	-0.0712	1.0	111115
230	"07:32:37"	378.0	-4.4	4.15	486	24.4	1.43	6	1	2.84	28.78	28.28	28.76	500.70	493.05	-0.006	23.861	-0.02	61.20	599.1	0	86	101.8	1.41	-0.0712	1.0	111115
231	"07:32:39"	379.5	-4.54	4.13	487	24.4	1.43	6	1	2.84	28.78	28.28	28.76	500.67	493.16	-0.005	23.846	-0.01	61.16	599.0	-0	86	101.8	1.41	-0.0712	1.0	111115
232	"07:32:40"	380.5	-4.44	4.12	487	24.4	1.43	6	1	2.84	28.78	28.29	28.76	500.72	493.12	-0.004	23.842	-0.01	61.15	599.1	-0	87	101.8	1.41	-0.0712	1.0	111115
233	"07:32:41"	382.0	-4.41	4.11	487	24.4	1.43	6	1	2.84	28.78	28.29	28.76	500.71	493.09	-0.004	23.830	-0.01	61.12	599.0	-0	87	101.8	1.41	-0.0712	1.0	111115
234	"07:32:42"	383.0	-4.39	4.1	486	24.4	1.43	6	1	2.84	28.78	28.29	28.76	500.73	493.08	-0.004	23.822	-0.01	61.09	599.0	-0	87	101.8	1.41	-0.0712	1.0	111115
235	"07:32:44"	384.5	-4.31	4.09	486	24.4	1.43	6	1	2.84	28.78	28.29	28.76	500.76	493.04	-0.005	23.814	-0.01	61.07	599.0	-0	87	101.8	1.41	-0.0712	1.0	111115
236	"07:32:45"	385.5	-4.28	4.08	486	24.4	1.43	6	1	2.84	28.78	28.29	28.76	500.82	493.07	-0.005	23.807	-0.01	61.05	599.0	0	87	101.8	1.41	-0.0712	1.0	111115
237	"07:32:46"	387.0	-4.34	4.07	486	24.3	1.44	6	1	2.84	28.78	28.29	28.76	500.77	493.09	-0.005	23.795	-0.01	61.02	599.1	0	87	101.8	1.41	-0.0712	1.0	111115
238	"07:32:47"	388.0	-4.4	4.06	487	24.3	1.44	6	1	2.84	28.78	28.29	28.77	500.77	493.15	-0.005	23.787	-0.01	60.99	599.0	-0	87	101.8	1.41	-0.0712	1.0	111115
239	"07:32:49"	389.5	-4.36	4.04	487	24.3	1.44	6	1	2.84	28.78	28.29	28.77	500.80	493.15	-0.005	23.773	-0.01	60.95	599.1	-0	87	101.8	1.41	-0.0712	1.0	111115
240	"07:32:50"	390.5	-4.33	4.04	486	24.3	1.44	6	1	2.84	28.78	28.29	28.77	500.82	493.15	-0.005	23.767	-0.01	60.94	599.1	-0	87	101.8	1.41	-0.0712	1.0	111115
241	"07:32:51"	392.0	-4.35	4.03	486	24.3	1.44	6	1	2.84	28.78	28.29	28.77	500.79	493.14	-0.004	23.759	-0.01	60.92	599.0	-0	87	101.8	1.41	-0.0712	1.0	111115
