"OPEN 5.3.2"
"Thr Aug  2 2018 13:30:38"
"Unit="	"PSC-895"
"ComputeList="	"/User/Configs/Comps/Default"
"BLCTable="	"/Sys/Lib/StdBLCTable"
"LightSource="	"Sun+Sky"	1	0.19
"LogFormat="	"/User/Configs/LogFormats/Std Output"
"LogCodes="	-35	-21	-36	30	23	36	21	25	-33	-34	-32	-9	-10	-8	-1	-2	-4	-5	-14	-15	-7	-12	-13	-11	-65	-66	-72	-23
"PromptList="	"/User/Configs/Prompts/Default (none)"
"Stability= (CO2S 15s SLP<1)(H2OS 15s SLP<1)(Flow 15s SLP<1)"
"13:31:47 co2 500 flow 600"
$STARTOFDATA$
"Obs"	"HHMMSS"	"FTime"	"Photo"	"Cond"	"Ci"	"Trmmol"	"VpdL"	"Area"	"StmRat"	"BLCond"	"Tair"	"Tleaf"	"TBlk"	"CO2R"	"CO2S"	"H2OR"	"H2OS"	"RH_R"	"RH_S"	"Flow"	"PARi"	"PARo"	"Press"	"CsMch"	"HsMch"	"StableF"	"Status"
1	"13:34:23"	241.0	-5.71	0.224	501	11.3	5.28	6	1	2.84	38.35	37.64	38.36	500.63	500.70	1.213	12.328	1.81	18.44	600.0	-0	221	101.5	10.9	-1.95	0.3	111115
2	"13:34:24"	241.5	-5.49	0.224	500	11.2	5.28	6	1	2.84	38.35	37.64	38.36	500.79	500.65	1.214	12.324	1.82	18.43	600.0	-0	223	101.5	10.9	-1.95	0.3	111115
3	"13:34:25"	243.0	-5.32	0.224	498	11.2	5.28	6	1	2.84	38.34	37.63	38.35	500.92	500.62	1.216	12.311	1.82	18.42	600.0	-0	226	101.5	10.9	-1.95	0.7	111115
4	"13:34:26"	244.5	-5.27	0.224	498	11.2	5.28	6	1	2.84	38.34	37.63	38.35	500.93	500.58	1.217	12.296	1.82	18.40	600.0	-0	227	101.5	10.9	-1.95	1.0	111115
5	"13:34:28"	245.5	-5.32	0.223	498	11.2	5.28	6	1	2.84	38.34	37.63	38.35	500.81	500.53	1.220	12.277	1.82	18.37	600.0	-0	228	101.5	10.9	-1.95	1.0	111115
6	"13:34:29"	247.0	-5.63	0.223	501	11.2	5.28	6	1	2.84	38.33	37.62	38.35	500.42	500.47	1.222	12.257	1.83	18.35	600.0	-0	227	101.5	10.9	-1.95	0.7	111115
7	"13:34:30"	248.0	-5.82	0.222	502	11.2	5.28	6	1	2.84	38.33	37.62	38.34	500.26	500.49	1.223	12.243	1.83	18.33	600.0	-0	227	101.5	10.9	-1.95	0.7	111115
8	"13:34:31"	248.5	-5.91	0.222	503	11.2	5.28	6	1	2.84	38.33	37.62	38.34	500.18	500.51	1.224	12.240	1.83	18.33	600.0	-0	226	101.5	10.9	-1.95	0.7	111115
9	"13:34:33"	250.5	-5.92	0.222	503	11.1	5.28	6	1	2.84	38.32	37.61	38.34	500.24	500.58	1.226	12.228	1.84	18.31	600.0	-0	224	101.5	10.9	-1.95	1.0	111115
10	"13:34:34"	251.0	-5.89	0.222	503	11.1	5.28	6	1	2.84	38.32	37.61	38.33	500.29	500.61	1.227	12.228	1.84	18.31	600.0	-0	224	101.5	10.9	-1.95	1.0	111115
11	"13:34:35"	253.0	-5.7	0.222	502	11.1	5.28	6	1	2.84	38.32	37.61	38.33	500.42	500.56	1.229	12.219	1.84	18.30	600.1	-0	228	101.5	10.9	-1.95	1.0	111115
12	"13:34:36"	254.0	-5.81	0.222	502	11.1	5.28	6	1	2.84	38.31	37.61	38.33	500.40	500.65	1.231	12.213	1.84	18.30	600.0	-0	230	101.5	10.9	-1.95	1.0	111115
13	"13:34:37"	255.5	-5.8	0.221	502	11.1	5.28	6	1	2.84	38.31	37.60	38.32	500.41	500.65	1.232	12.201	1.85	18.28	600.0	0	228	101.5	10.9	-1.95	1.0	111115
14	"13:34:39"	256.5	-5.89	0.221	503	11.1	5.28	6	1	2.84	38.31	37.60	38.32	500.35	500.68	1.233	12.192	1.85	18.27	600.0	-0	227	101.5	10.9	-1.95	1.0	111115
15	"13:34:40"	258.0	-5.77	0.221	502	11.1	5.28	6	1	2.84	38.31	37.59	38.32	500.31	500.54	1.235	12.177	1.85	18.25	600.0	-0	225	101.5	10.9	-1.95	1.0	111115
16	"13:34:41"	259.0	-5.9	0.22	503	11.1	5.28	6	1	2.84	38.30	37.59	38.32	500.21	500.57	1.237	12.166	1.85	18.24	600.0	-0	224	101.5	10.9	-1.95	1.0	111115
17	"13:34:42"	260.5	-5.89	0.22	503	11	5.28	6	1	2.84	38.30	37.58	38.32	500.21	500.57	1.239	12.150	1.86	18.22	599.9	-0	222	101.5	10.9	-1.95	1.0	111115
18	"13:34:44"	261.5	-5.81	0.22	503	11	5.28	6	1	2.84	38.30	37.58	38.31	500.25	500.54	1.241	12.139	1.86	18.20	599.9	-0	220	101.5	10.9	-1.95	1.0	111115
19	"13:34:45"	263.0	-5.54	0.22	501	11	5.28	6	1	2.84	38.30	37.58	38.31	500.42	500.44	1.243	12.130	1.86	18.19	599.9	-0	218	101.5	10.9	-1.95	1.0	111115
20	"13:34:46"	264.0	-5.48	0.219	500	11	5.28	6	1	2.84	38.29	37.58	38.31	500.44	500.41	1.245	12.124	1.87	18.18	600.0	-0	217	101.5	10.9	-1.95	1.0	111115
21	"13:34:47"	265.5	-5.62	0.219	501	11	5.28	6	1	2.84	38.29	37.57	38.31	500.41	500.52	1.246	12.120	1.87	18.18	600.0	-0	218	101.5	10.9	-1.95	1.0	111115
22	"13:34:49"	266.5	-5.65	0.219	502	11	5.28	6	1	2.84	38.29	37.57	38.31	500.44	500.58	1.247	12.111	1.87	18.17	600.0	-0	219	101.5	10.9	-1.95	1.0	111115
23	"13:34:50"	268.0	-5.7	0.219	502	11	5.28	6	1	2.84	38.29	37.57	38.30	500.42	500.63	1.249	12.098	1.87	18.15	600.0	-0	219	101.5	10.9	-1.95	1.0	111115
24	"13:34:51"	269.0	-5.59	0.218	501	11	5.28	6	1	2.84	38.29	37.57	38.30	500.42	500.52	1.251	12.088	1.88	18.14	600.0	-0	219	101.5	10.9	-1.95	1.0	111115
25	"13:34:52"	270.5	-5.7	0.218	502	11	5.28	6	1	2.84	38.29	37.58	38.30	500.25	500.48	1.253	12.071	1.88	18.11	600.0	-0	219	101.5	10.9	-1.95	1.0	111115
26	"13:34:54"	271.5	-5.76	0.218	503	10.9	5.28	6	1	2.84	38.28	37.58	38.30	500.19	500.47	1.255	12.061	1.88	18.10	600.0	-0	219	101.5	10.9	-1.95	1.0	111115
27	"13:34:55"	273.0	-5.81	0.217	503	10.9	5.28	6	1	2.84	38.28	37.57	38.30	500.18	500.52	1.256	12.049	1.89	18.09	600.0	-0	219	101.5	10.9	-1.95	1.0	111115
28	"13:34:56"	274.0	-5.76	0.217	503	10.9	5.28	6	1	2.84	38.28	37.57	38.30	500.24	500.53	1.258	12.044	1.89	18.08	600.0	-0	219	101.5	10.9	-1.95	1.0	111115
29	"13:34:57"	275.5	-5.84	0.217	503	10.9	5.28	6	1	2.84	38.28	37.56	38.29	500.18	500.56	1.260	12.034	1.89	18.07	600.0	-0	218	101.5	10.9	-1.95	1.0	111115
30	"13:34:59"	276.5	-5.81	0.217	503	10.9	5.28	6	1	2.84	38.28	37.56	38.29	500.20	500.55	1.262	12.031	1.89	18.06	600.0	0	218	101.5	10.9	-1.95	1.0	111115
31	"13:35:00"	278.0	-5.93	0.217	504	10.9	5.28	6	1	2.84	38.28	37.56	38.29	500.16	500.63	1.265	12.025	1.90	18.05	600.0	-0	218	101.5	10.9	-1.95	1.0	111115
32	"13:35:01"	279.0	-5.9	0.216	504	10.9	5.28	6	1	2.84	38.27	37.56	38.29	500.21	500.65	1.266	12.021	1.90	18.05	600.0	-0	218	101.5	10.9	-1.95	1.0	111115
33	"13:35:02"	280.5	-5.89	0.216	504	10.9	5.28	6	1	2.84	38.27	37.56	38.29	500.23	500.68	1.269	12.013	1.91	18.04	600.0	-0	218	101.5	10.9	-1.95	1.0	111115
34	"13:35:04"	281.5	-5.79	0.216	503	10.9	5.28	6	1	2.84	38.27	37.56	38.29	500.26	500.61	1.271	12.005	1.91	18.03	600.0	-0	218	101.5	10.9	-1.95	1.0	111115
35	"13:35:05"	283.0	-5.8	0.216	503	10.9	5.28	6	1	2.84	38.27	37.56	38.28	500.21	500.58	1.273	11.997	1.91	18.02	600.0	-0	218	101.5	10.9	-1.95	1.0	111115
36	"13:35:06"	284.0	-5.6	0.216	502	10.8	5.28	6	1	2.84	38.27	37.56	38.28	500.32	500.49	1.275	11.994	1.91	18.01	600.0	-0	217	101.5	10.9	-1.95	1.0	111115
37	"13:35:07"	285.5	-5.55	0.215	501	10.8	5.28	6	1	2.84	38.27	37.56	38.28	500.35	500.48	1.278	11.985	1.92	18.00	600.0	-0	217	101.5	10.9	-1.95	1.0	111115
38	"13:35:09"	286.5	-5.54	0.215	501	10.8	5.28	6	1	2.84	38.27	37.56	38.28	500.37	500.49	1.280	11.978	1.92	17.99	600.0	-0	217	101.5	10.9	-1.95	1.0	111115
39	"13:35:10"	288.0	-5.56	0.215	502	10.8	5.29	6	1	2.84	38.27	37.56	38.28	500.38	500.53	1.282	11.965	1.93	17.97	600.0	-0	217	101.5	10.9	-1.95	1.0	111115
40	"13:35:11"	289.0	-5.51	0.215	501	10.8	5.29	6	1	2.84	38.27	37.56	38.28	500.40	500.51	1.283	11.959	1.93	17.96	600.0	-0	216	101.5	10.9	-1.95	1.0	111115
41	"13:35:12"	290.5	-5.46	0.214	501	10.8	5.29	6	1	2.84	38.27	37.56	38.28	500.46	500.52	1.285	11.953	1.93	17.96	600.0	-0	216	101.5	10.9	-1.95	1.0	111115
42	"13:35:14"	291.5	-5.5	0.214	501	10.8	5.29	6	1	2.84	38.26	37.56	38.28	500.46	500.55	1.286	11.949	1.93	17.95	600.0	-0	216	101.5	10.9	-1.95	1.0	111115
43	"13:35:15"	293.0	-5.54	0.214	502	10.8	5.29	6	1	2.84	38.26	37.56	38.28	500.43	500.57	1.288	11.939	1.94	17.94	600.0	-0	215	101.5	10.9	-1.95	1.0	111115
44	"13:35:16"	294.0	-5.46	0.214	501	10.8	5.29	6	1	2.84	38.26	37.56	38.28	500.46	500.52	1.289	11.935	1.94	17.93	600.0	-0	215	101.5	10.9	-1.95	1.0	111115
45	"13:35:17"	295.5	-5.3	0.213	500	10.8	5.29	6	1	2.84	38.26	37.56	38.28	500.56	500.47	1.293	11.926	1.94	17.92	600.0	-0	214	101.5	10.9	-1.95	1.0	111115
46	"13:35:19"	296.5	-5.33	0.213	500	10.8	5.29	6	1	2.84	38.26	37.56	38.27	500.54	500.48	1.295	11.923	1.95	17.91	599.9	-0	214	101.5	10.9	-1.95	1.0	111115
47	"13:35:20"	298.0	-5.35	0.213	500	10.7	5.29	6	1	2.84	38.26	37.56	38.27	500.53	500.50	1.297	11.915	1.95	17.90	599.9	-0	214	101.5	10.9	-1.95	1.0	111115
48	"13:35:21"	299.0	-5.45	0.213	501	10.7	5.29	6	1	2.84	38.26	37.56	38.27	500.47	500.55	1.298	11.909	1.95	17.89	599.9	-0	214	101.5	10.9	-1.95	1.0	111115
49	"13:35:22"	300.5	-5.55	0.212	502	10.7	5.29	6	1	2.84	38.26	37.56	38.27	500.44	500.62	1.301	11.896	1.95	17.88	600.0	-0	214	101.5	10.9	-1.95	1.0	111115
50	"13:35:24"	301.5	-5.6	0.212	502	10.7	5.29	6	1	2.84	38.26	37.56	38.27	500.40	500.64	1.302	11.889	1.96	17.87	600.0	-0	214	101.5	10.9	-1.95	1.0	111115
51	"13:35:25"	303.0	-5.7	0.212	503	10.7	5.29	6	1	2.84	38.26	37.56	38.27	500.30	500.64	1.305	11.880	1.96	17.85	600.0	-0	213	101.5	10.9	-1.95	1.0	111115
52	"13:35:26"	304.0	-5.69	0.212	503	10.7	5.29	6	1	2.84	38.26	37.56	38.27	500.30	500.63	1.307	11.877	1.96	17.85	600.0	-0	213	101.5	10.9	-1.95	1.0	111115
53	"13:35:27"	305.5	-5.65	0.212	503	10.7	5.3	6	1	2.84	38.26	37.56	38.27	500.29	500.59	1.309	11.864	1.97	17.83	600.0	-0	213	101.5	10.9	-1.95	1.0	111115
54	"13:35:29"	306.5	-5.63	0.211	503	10.7	5.3	6	1	2.84	38.26	37.56	38.27	500.28	500.57	1.311	11.860	1.97	17.82	600.0	-0	213	101.5	10.9	-1.95	1.0	111115
55	"13:35:30"	308.0	-5.61	0.211	503	10.7	5.3	6	1	2.84	38.26	37.56	38.27	500.31	500.58	1.313	11.852	1.97	17.81	600.0	-0	212	101.5	10.9	-1.95	1.0	111115
56	"13:35:31"	309.0	-5.54	0.211	502	10.7	5.3	6	1	2.84	38.26	37.56	38.27	500.37	500.58	1.316	11.846	1.98	17.80	600.0	-0	212	101.5	10.9	-1.95	1.0	111115
57	"13:35:32"	310.5	-5.57	0.211	502	10.6	5.3	6	1	2.84	38.26	37.56	38.27	500.40	500.63	1.318	11.840	1.98	17.79	600.0	-0	212	101.5	10.9	-1.95	1.0	111115
58	"13:35:34"	311.5	-5.62	0.21	503	10.6	5.3	6	1	2.84	38.26	37.56	38.27	500.38	500.67	1.320	11.835	1.98	17.79	600.0	-0	212	101.5	10.9	-1.95	1.0	111115
59	"13:35:35"	313.0	-5.62	0.21	503	10.6	5.3	6	1	2.84	38.26	37.56	38.27	500.35	500.65	1.323	11.830	1.99	17.78	600.0	-0	211	101.5	10.9	-1.95	1.0	111115
60	"13:35:36"	314.0	-5.56	0.21	502	10.6	5.3	6	1	2.84	38.26	37.56	38.27	500.37	500.61	1.325	11.823	1.99	17.77	600.0	-0	211	101.5	10.9	-1.95	1.0	111115
61	"13:35:37"	315.5	-5.48	0.21	502	10.6	5.3	6	1	2.84	38.26	37.56	38.27	500.42	500.60	1.328	11.815	2.00	17.76	600.0	-0	211	101.5	10.9	-1.95	1.0	111115
62	"13:35:39"	316.5	-5.57	0.21	503	10.6	5.3	6	1	2.84	38.26	37.56	38.27	500.39	500.65	1.329	11.809	2.00	17.75	600.0	-0	212	101.5	10.9	-1.95	1.0	111115
63	"13:35:40"	318.0	-5.66	0.209	503	10.6	5.3	6	1	2.84	38.26	37.56	38.27	500.28	500.63	1.332	11.802	2.00	17.74	600.0	-0	212	101.5	10.9	-1.95	1.0	111115
64	"13:35:41"	319.0	-5.73	0.209	504	10.6	5.3	6	1	2.84	38.26	37.56	38.27	500.24	500.67	1.333	11.798	2.00	17.73	600.0	-0	212	101.5	10.9	-1.95	1.0	111115
65	"13:35:42"	320.5	-5.59	0.209	503	10.6	5.31	6	1	2.84	38.26	37.56	38.27	500.30	500.59	1.336	11.790	2.01	17.72	600.0	-0	212	101.5	10.9	-1.95	1.0	111115
66	"13:35:44"	321.5	-5.59	0.209	503	10.6	5.31	6	1	2.84	38.26	37.56	38.27	500.33	500.63	1.338	11.783	2.01	17.71	600.0	0	212	101.5	10.9	-1.95	1.0	111115
67	"13:35:45"	323.0	-5.43	0.209	502	10.6	5.31	6	1	2.84	38.26	37.56	38.27	500.43	500.58	1.340	11.776	2.01	17.70	600.0	-0	212	101.5	10.9	-1.95	1.0	111115
68	"13:35:46"	324.0	-5.5	0.208	502	10.6	5.31	6	1	2.84	38.26	37.56	38.27	500.41	500.63	1.342	11.772	2.02	17.69	600.0	-0	212	101.5	10.9	-1.95	1.0	111115
69	"13:35:47"	325.5	-5.51	0.208	502	10.5	5.3	6	1	2.84	38.26	37.55	38.27	500.39	500.62	1.345	11.765	2.02	17.68	600.0	-0	212	101.5	10.9	-1.95	1.0	111115
70	"13:35:49"	326.5	-5.55	0.208	503	10.5	5.3	6	1	2.84	38.26	37.55	38.27	500.36	500.63	1.346	11.756	2.02	17.67	600.0	-0	214	101.5	10.9	-1.95	1.0	111115
71	"13:35:50"	328.0	-5.63	0.208	504	10.5	5.3	6	1	2.84	38.26	37.54	38.27	500.33	500.69	1.349	11.738	2.03	17.64	600.0	-0	216	101.5	10.9	-1.95	1.0	111115
72	"13:35:51"	329.0	-5.64	0.207	504	10.5	5.3	6	1	2.84	38.26	37.54	38.27	500.35	500.73	1.350	11.724	2.03	17.62	600.0	-0	218	101.5	10.9	-1.95	1.0	111115
73	"13:35:52"	330.5	-5.62	0.207	504	10.5	5.3	6	1	2.84	38.26	37.53	38.27	500.39	500.76	1.352	11.707	2.03	17.60	599.9	-0	218	101.5	10.9	-1.95	1.0	111115
74	"13:35:54"	331.5	-5.44	0.207	502	10.5	5.3	6	1	2.84	38.25	37.53	38.27	500.50	500.71	1.354	11.692	2.04	17.57	599.9	-0	218	101.5	10.9	-1.95	1.0	111115
75	"13:35:55"	333.0	-5.33	0.206	501	10.4	5.3	6	1	2.84	38.25	37.52	38.27	500.53	500.64	1.357	11.664	2.04	17.53	599.9	-0	217	101.5	10.9	-1.95	1.0	111115
76	"13:35:56"	334.0	-5.35	0.205	502	10.4	5.3	6	1	2.84	38.25	37.51	38.27	500.46	500.60	1.359	11.641	2.04	17.50	600.0	-0	217	101.5	10.9	-1.95	1.0	111115
77	"13:35:57"	335.5	-5.55	0.205	503	10.4	5.3	6	1	2.84	38.25	37.50	38.27	500.23	500.58	1.362	11.612	2.05	17.46	600.0	-0	217	101.5	10.9	-1.95	1.0	111115
78	"13:35:59"	336.5	-5.72	0.204	505	10.3	5.3	6	1	2.84	38.25	37.50	38.27	500.07	500.61	1.363	11.590	2.05	17.43	600.0	0	216	101.5	10.9	-1.95	1.0	111115
79	"13:36:00"	338.0	-5.67	0.203	505	10.3	5.3	6	1	2.84	38.24	37.49	38.26	500.06	500.57	1.366	11.557	2.05	17.38	600.0	-0	216	101.5	10.9	-1.95	1.0	111115
80	"13:36:01"	339.0	-5.73	0.203	505	10.3	5.3	6	1	2.84	38.24	37.49	38.26	500.03	500.61	1.368	11.537	2.06	17.35	600.0	-0	216	101.5	10.9	-1.95	1.0	111115
81	"13:36:02"	339.5	-5.73	0.203	505	10.3	5.31	6	1	2.84	38.24	37.49	38.26	500.02	500.61	1.368	11.525	2.06	17.34	600.0	-0	216	101.5	10.9	-1.95	1.0	111115
82	"13:36:03"	341.5	-5.67	0.202	505	10.2	5.31	6	1	2.84	38.24	37.48	38.26	500.06	500.60	1.372	11.487	2.07	17.29	600.0	-0	216	101.5	10.9	-1.95	1.0	111115
83	"13:36:05"	342.5	-5.6	0.201	504	10.2	5.31	6	1	2.84	38.23	37.48	38.26	500.11	500.59	1.374	11.477	2.07	17.27	600.0	-0	216	101.5	10.9	-1.95	0.7	111115
84	"13:36:06"	343.0	-5.51	0.201	504	10.2	5.31	6	1	2.84	38.23	37.47	38.26	500.16	500.56	1.375	11.469	2.07	17.26	600.0	-0	216	101.5	10.9	-1.95	0.7	111115
85	"13:36:07"	344.0	-5.41	0.201	503	10.2	5.31	6	1	2.84	38.23	37.47	38.26	500.22	500.53	1.378	11.459	2.07	17.25	600.0	-0	216	101.5	10.9	-1.95	0.7	111115
86	"13:36:08"	346.0	-5.4	0.201	503	10.2	5.31	6	1	2.84	38.23	37.47	38.25	500.27	500.57	1.382	11.445	2.08	17.23	599.9	-0	216	101.5	10.9	-1.95	0.7	111115
87	"13:36:09"	347.0	-5.42	0.2	503	10.2	5.31	6	1	2.84	38.22	37.47	38.25	500.27	500.59	1.383	11.440	2.08	17.23	599.9	-0	216	101.5	10.9	-1.95	0.7	111115
88	"13:36:10"	348.5	-5.5	0.2	504	10.2	5.31	6	1	2.84	38.22	37.46	38.25	500.25	500.67	1.386	11.431	2.09	17.21	600.0	-0	216	101.5	10.9	-1.95	0.7	111115
89	"13:36:12"	349.5	-5.39	0.2	503	10.2	5.3	6	1	2.84	38.22	37.46	38.25	500.27	500.59	1.388	11.423	2.09	17.20	600.0	-0	217	101.5	10.9	-1.95	1.0	111115
90	"13:36:13"	351.0	-5.28	0.2	502	10.1	5.3	6	1	2.84	38.22	37.45	38.25	500.31	500.51	1.391	11.418	2.09	17.20	600.1	-0	217	101.5	10.9	-1.95	1.0	111115
91	"13:36:14"	352.0	-5.23	0.2	502	10.1	5.3	6	1	2.84	38.21	37.45	38.24	500.30	500.47	1.393	11.415	2.10	17.20	600.1	-0	218	101.5	10.9	-1.95	1.0	111115
92	"13:36:15"	353.5	-5.33	0.2	503	10.1	5.3	6	1	2.84	38.21	37.45	38.24	500.22	500.48	1.396	11.412	2.10	17.19	600.0	0	218	101.5	10.9	-1.95	1.0	111115
93	"13:36:17"	354.5	-5.37	0.2	503	10.1	5.3	6	1	2.84	38.21	37.45	38.24	500.22	500.51	1.398	11.413	2.11	17.20	600.0	-0	219	101.5	10.9	-1.95	1.0	111115
94	"13:36:18"	356.0	-5.48	0.2	504	10.1	5.3	6	1	2.84	38.21	37.44	38.24	500.18	500.59	1.401	11.411	2.11	17.20	600.0	0	220	101.5	10.9	-1.95	1.0	111115
95	"13:36:19"	357.0	-5.36	0.2	503	10.1	5.3	6	1	2.84	38.21	37.44	38.24	500.25	500.55	1.404	11.409	2.12	17.19	600.0	-0	220	101.5	10.9	-1.95	1.0	111115
96	"13:36:20"	358.5	-5.33	0.199	503	10.1	5.3	6	1	2.84	38.21	37.44	38.24	500.27	500.54	1.408	11.407	2.12	17.19	600.0	-0	222	101.5	10.9	-1.95	1.0	111115
97	"13:36:22"	359.5	-5.38	0.199	503	10.1	5.3	6	1	2.84	38.20	37.45	38.24	500.23	500.55	1.410	11.405	2.12	17.19	600.1	-0	222	101.5	10.9	-1.95	1.0	111115
98	"13:36:23"	361.0	-5.62	0.199	505	10.1	5.3	6	1	2.84	38.20	37.45	38.23	500.17	500.73	1.412	11.405	2.13	17.19	600.1	-0	223	101.5	10.9	-1.95	1.0	111115
99	"13:36:24"	362.0	-5.56	0.199	505	10.1	5.3	6	1	2.84	38.20	37.45	38.23	500.23	500.73	1.414	11.402	2.13	17.19	600.0	-0	224	101.5	10.9	-1.95	1.0	111115
100	"13:36:25"	363.5	-5.5	0.199	504	10.1	5.3	6	1	2.84	38.20	37.45	38.23	500.28	500.72	1.417	11.403	2.14	17.19	600.0	-0	225	101.5	10.9	-1.95	1.0	111115
101	"13:36:27"	364.0	-5.45	0.199	504	10.1	5.3	6	1	2.84	38.20	37.45	38.23	500.30	500.69	1.418	11.404	2.14	17.19	600.0	-0	226	101.5	10.9	-1.95	1.0	111115
102	"13:36:28"	366.0	-5.35	0.199	503	10.1	5.3	6	1	2.84	38.20	37.45	38.23	500.33	500.63	1.422	11.398	2.14	17.18	600.0	-0	227	101.5	10.9	-1.95	1.0	111115
103	"13:36:29"	367.0	-5.42	0.199	504	10.1	5.3	6	1	2.84	38.20	37.45	38.23	500.28	500.65	1.424	11.391	2.15	17.17	600.0	-0	228	101.5	10.9	-1.95	1.0	111115
104	"13:36:30"	368.5	-5.43	0.198	504	10.1	5.31	6	1	2.84	38.20	37.45	38.23	500.26	500.66	1.427	11.382	2.15	17.16	599.9	-0	229	101.5	10.9	-1.95	1.0	111115
105	"13:36:32"	369.5	-5.56	0.198	505	10.1	5.31	6	1	2.84	38.20	37.45	38.23	500.22	500.75	1.429	11.380	2.15	17.16	599.9	-0	230	101.5	10.9	-1.95	1.0	111115
106	"13:36:33"	370.0	-5.62	0.198	506	10.1	5.31	6	1	2.84	38.20	37.45	38.23	500.20	500.78	1.430	11.379	2.16	17.16	599.9	-0	230	101.5	10.9	-1.95	1.0	111115
107	"13:36:34"	372.0	-5.58	0.198	505	10.1	5.31	6	1	2.84	38.20	37.45	38.23	500.27	500.82	1.435	11.375	2.16	17.15	599.9	-0	231	101.5	10.9	-1.95	1.0	111115
108	"13:36:35"	373.0	-5.5	0.198	505	10	5.31	6	1	2.84	38.19	37.45	38.23	500.35	500.81	1.437	11.370	2.17	17.15	600.0	-0	232	101.5	10.9	-1.95	1.0	111115
109	"13:36:36"	374.5	-5.45	0.198	504	10	5.31	6	1	2.84	38.19	37.45	38.22	500.40	500.82	1.440	11.369	2.17	17.15	600.1	-0	232	101.5	10.9	-1.95	1.0	111115
110	"13:36:38"	375.5	-5.4	0.198	504	10	5.31	6	1	2.84	38.19	37.45	38.22	500.46	500.84	1.442	11.365	2.18	17.14	600.0	-0	232	101.5	10.9	-1.95	1.0	111115
111	"13:36:39"	377.0	-5.43	0.197	504	10	5.31	6	1	2.84	38.19	37.45	38.22	500.43	500.84	1.444	11.362	2.18	17.14	600.0	-0	232	101.5	10.9	-1.95	1.0	111115
112	"13:36:40"	378.0	-5.46	0.197	504	10	5.31	6	1	2.84	38.19	37.45	38.22	500.40	500.85	1.447	11.361	2.18	17.14	599.9	-0	232	101.5	10.9	-1.95	1.0	111115
113	"13:36:41"	379.5	-5.7	0.197	507	10	5.31	6	1	2.84	38.19	37.45	38.22	500.23	500.91	1.449	11.355	2.19	17.13	599.9	-0	232	101.5	10.9	-1.95	1.0	111115
114	"13:36:42"	380.0	-5.71	0.197	507	10	5.31	6	1	2.84	38.19	37.45	38.22	500.19	500.88	1.450	11.353	2.19	17.12	599.9	-0	232	101.5	10.9	-1.95	1.0	111115
115	"13:36:44"	381.5	-5.64	0.197	506	10	5.31	6	1	2.84	38.19	37.44	38.22	500.23	500.85	1.453	11.348	2.19	17.12	599.9	-0	232	101.5	10.9	-1.95	1.0	111115
116	"13:36:45"	383.0	-5.45	0.197	504	10	5.31	6	1	2.84	38.19	37.44	38.22	500.36	500.80	1.457	11.345	2.20	17.11	600.0	-0	231	101.5	10.9	-1.95	1.0	111115
117	"13:36:46"	384.0	-5.33	0.197	503	10	5.31	6	1	2.84	38.19	37.44	38.22	500.47	500.80	1.459	11.344	2.20	17.11	600.0	-0	231	101.5	10.9	-1.95	1.0	111115
118	"13:36:47"	385.5	-5.37	0.197	504	9.99	5.31	6	1	2.84	38.19	37.44	38.22	500.42	500.79	1.463	11.341	2.21	17.11	600.0	-0	231	101.5	10.9	-1.95	1.0	111115
119	"13:36:49"	386.5	-5.52	0.196	505	9.99	5.31	6	1	2.84	38.19	37.44	38.22	500.31	500.84	1.465	11.337	2.21	17.10	600.0	-0	230	101.5	10.9	-1.95	1.0	111115
120	"13:36:50"	388.0	-5.58	0.196	506	9.98	5.31	6	1	2.84	38.19	37.45	38.22	500.28	500.86	1.469	11.333	2.22	17.10	600.0	-0	230	101.5	10.9	-1.95	1.0	111115
121	"13:36:51"	389.0	-5.59	0.196	506	9.97	5.31	6	1	2.84	38.19	37.45	38.22	500.27	500.86	1.471	11.331	2.22	17.09	600.0	-0	230	101.5	10.9	-1.95	1.0	111115
122	"13:36:52"	390.5	-5.51	0.196	505	9.96	5.31	6	1	2.84	38.19	37.45	38.22	500.29	500.81	1.475	11.328	2.23	17.09	600.0	-0	229	101.5	10.9	-1.95	1.0	111115
123	"13:36:54"	391.5	-5.48	0.196	505	9.96	5.31	6	1	2.84	38.19	37.44	38.21	500.31	500.80	1.477	11.327	2.23	17.09	600.0	-0	229	101.5	10.9	-1.95	1.0	111115
124	"13:36:55"	393.0	-5.29	0.196	503	9.95	5.31	6	1	2.84	38.19	37.44	38.21	500.39	500.70	1.480	11.322	2.23	17.08	600.0	-0	229	101.5	10.9	-1.95	1.0	111115
125	"13:36:56"	394.0	-5.31	0.196	503	9.95	5.31	6	1	2.84	38.19	37.44	38.21	500.38	500.72	1.482	11.315	2.24	17.07	600.0	-0	228	101.5	10.9	-1.95	1.0	111115
126	"13:36:57"	395.5	-5.41	0.195	504	9.94	5.31	6	1	2.84	38.19	37.43	38.21	500.31	500.74	1.485	11.313	2.24	17.07	600.0	-0	227	101.5	10.9	-1.95	1.0	111115
127	"13:36:59"	396.5	-5.61	0.195	506	9.94	5.31	6	1	2.84	38.18	37.44	38.21	500.20	500.83	1.487	11.314	2.24	17.07	600.0	-0	227	101.5	10.9	-1.95	1.0	111115
128	"13:37:00"	398.0	-5.56	0.195	506	9.93	5.31	6	1	2.84	38.18	37.44	38.21	500.25	500.83	1.490	11.312	2.25	17.07	600.0	-0	226	101.5	10.9	-1.95	1.0	111115
129	"13:37:01"	399.0	-5.61	0.195	506	9.93	5.31	6	1	2.84	38.18	37.44	38.21	500.26	500.89	1.492	11.309	2.25	17.07	600.0	-0	226	101.5	10.9	-1.95	1.0	111115
130	"13:37:02"	400.5	-5.43	0.195	505	9.92	5.31	6	1	2.84	38.18	37.44	38.21	500.37	500.83	1.495	11.302	2.26	17.06	600.0	-0	225	101.5	10.9	-1.95	1.0	111115
131	"13:37:04"	401.5	-5.52	0.195	505	9.92	5.31	6	1	2.84	38.18	37.44	38.21	500.32	500.87	1.496	11.302	2.26	17.06	600.0	-0	224	101.5	10.9	-1.95	1.0	111115
132	"13:37:05"	403.0	-5.43	0.195	505	9.91	5.31	6	1	2.84	38.18	37.44	38.21	500.33	500.80	1.499	11.295	2.26	17.05	600.0	0	221	101.5	10.9	-1.95	1.0	111115
133	"13:37:06"	404.0	-5.43	0.195	505	9.9	5.31	6	1	2.84	38.18	37.44	38.21	500.32	500.78	1.501	11.292	2.27	17.04	600.0	0	214	101.5	10.9	-1.95	1.0	111115
134	"13:37:07"	405.5	-5.27	0.194	503	9.89	5.31	6	1	2.84	38.18	37.44	38.21	500.42	500.74	1.505	11.286	2.27	17.03	600.0	-0	201	101.5	10.9	-1.95	1.0	111115
135	"13:37:09"	406.5	-5.2	0.194	503	9.89	5.31	6	1	2.84	38.18	37.44	38.21	500.45	500.70	1.507	11.283	2.27	17.03	600.0	-0	196	101.5	10.9	-1.95	1.0	111115
136	"13:37:10"	408.0	-5.14	0.194	502	9.88	5.31	6	1	2.84	38.18	37.44	38.21	500.51	500.71	1.510	11.277	2.28	17.02	600.0	-0	197	101.5	10.9	-1.95	1.0	111115
137	"13:37:11"	409.0	-5.09	0.194	502	9.87	5.31	6	1	2.84	38.18	37.44	38.21	500.55	500.69	1.512	11.272	2.28	17.01	600.0	0	204	101.5	10.9	-1.95	1.0	111115
138	"13:37:12"	410.5	-5.25	0.194	503	9.86	5.31	6	1	2.84	38.18	37.44	38.21	500.50	500.81	1.515	11.266	2.29	17.01	600.0	-0	211	101.5	10.9	-1.95	1.0	111115
139	"13:37:14"	411.5	-5.36	0.194	504	9.86	5.31	6	1	2.84	38.18	37.44	38.20	500.44	500.86	1.517	11.268	2.29	17.01	600.0	0	214	101.5	10.9	-1.95	1.0	111115
140	"13:37:15"	413.0	-5.53	0.193	506	9.85	5.31	6	1	2.84	38.18	37.44	38.20	500.30	500.89	1.521	11.260	2.30	17.00	599.9	0	215	101.5	10.9	-1.95	1.0	111115
141	"13:37:16"	414.0	-5.7	0.193	507	9.85	5.31	6	1	2.84	38.18	37.44	38.20	500.16	500.92	1.523	11.258	2.30	16.99	599.9	-0	214	101.5	10.9	-1.95	1.0	111115
142	"13:37:17"	415.5	-5.83	0.193	509	9.84	5.32	6	1	2.84	38.18	37.44	38.20	500.05	500.95	1.525	11.251	2.30	16.98	600.0	-0	214	101.5	10.9	-1.95	1.0	111115
143	"13:37:18"	416.0	-5.83	0.193	509	9.84	5.32	6	1	2.84	38.18	37.44	38.20	500.05	500.96	1.526	11.252	2.30	16.98	600.0	-0	214	101.5	10.9	-1.95	1.0	111115
144	"13:37:20"	417.5	-5.64	0.193	507	9.83	5.32	6	1	2.84	38.18	37.44	38.20	500.21	500.93	1.528	11.246	2.31	16.98	600.0	-0	213	101.5	10.9	-1.95	1.0	111115
145	"13:37:21"	419.0	-5.45	0.193	505	9.82	5.32	6	1	2.84	38.18	37.44	38.20	500.32	500.86	1.531	11.240	2.31	16.97	600.0	-0	213	101.5	10.9	-1.95	1.0	111115
146	"13:37:22"	419.5	-5.42	0.192	505	9.82	5.32	6	1	2.84	38.18	37.44	38.20	500.33	500.84	1.533	11.239	2.31	16.97	600.0	-0	213	101.5	10.9	-1.95	1.0	111115
147	"13:37:23"	421.0	-5.38	0.192	505	9.81	5.32	6	1	2.84	38.18	37.45	38.20	500.34	500.81	1.536	11.232	2.32	16.96	600.0	-0	214	101.5	10.9	-1.95	1.0	111115
148	"13:37:24"	421.5	-5.35	0.192	505	9.8	5.32	6	1	2.84	38.18	37.45	38.20	500.36	500.80	1.538	11.232	2.32	16.96	599.9	-0	214	101.5	10.9	-1.95	1.0	111115
149	"13:37:25"	423.5	-5.25	0.192	504	9.8	5.32	6	1	2.84	38.18	37.45	38.20	500.48	500.83	1.542	11.229	2.33	16.95	600.0	-0	214	101.5	10.9	-1.95	1.0	111115
150	"13:37:27"	424.5	-5.24	0.192	504	9.79	5.32	6	1	2.84	38.18	37.44	38.20	500.47	500.81	1.544	11.227	2.33	16.95	599.9	-0	213	101.5	10.9	-1.95	1.0	111115
151	"13:37:28"	426.0	-5.25	0.192	504	9.78	5.32	6	1	2.84	38.18	37.45	38.20	500.48	500.83	1.548	11.222	2.34	16.94	600.0	-0	213	101.5	10.9	-1.95	1.0	111115
152	"13:37:29"	427.0	-5.24	0.192	504	9.78	5.32	6	1	2.84	38.18	37.45	38.20	500.41	500.76	1.551	11.219	2.34	16.94	599.9	-0	212	101.5	10.9	-1.95	1.0	111115
153	"13:37:30"	428.5	-5.4	0.191	505	9.77	5.32	6	1	2.84	38.18	37.45	38.20	500.34	500.85	1.553	11.214	2.34	16.93	599.9	-0	212	101.5	10.9	-1.95	1.0	111115
154	"13:37:32"	429.5	-5.37	0.191	505	9.76	5.32	6	1	2.84	38.18	37.45	38.20	500.35	500.84	1.555	11.210	2.35	16.92	600.0	-0	211	101.5	10.9	-1.95	1.0	111115
155	"13:37:33"	431.0	-5.47	0.191	506	9.75	5.32	6	1	2.84	38.18	37.44	38.20	500.33	500.91	1.559	11.204	2.35	16.91	600.0	-0	211	101.5	10.9	-1.95	1.0	111115
156	"13:37:34"	432.0	-5.38	0.191	505	9.75	5.32	6	1	2.84	38.18	37.45	38.20	500.36	500.86	1.561	11.204	2.36	16.91	600.0	-0	211	101.5	10.9	-1.95	1.0	111115
157	"13:37:35"	433.5	-5.37	0.191	505	9.74	5.33	6	1	2.84	38.18	37.45	38.20	500.35	500.84	1.565	11.201	2.36	16.91	599.9	-0	210	101.5	10.9	-1.95	1.0	111115
158	"13:37:37"	434.5	-5.29	0.191	504	9.74	5.33	6	1	2.84	38.18	37.45	38.20	500.40	500.81	1.567	11.199	2.37	16.90	599.9	-0	209	101.5	10.9	-1.95	1.0	111115
159	"13:37:38"	436.0	-5.26	0.19	504	9.73	5.33	6	1	2.84	38.18	37.45	38.20	500.43	500.82	1.570	11.190	2.37	16.89	600.0	-0	209	101.5	10.9	-1.95	1.0	111115
160	"13:37:39"	437.0	-5.19	0.19	504	9.72	5.33	6	1	2.84	38.18	37.45	38.20	500.48	500.80	1.574	11.187	2.38	16.89	600.0	-0	207	101.5	10.9	-1.95	1.0	111115
161	"13:37:40"	438.5	-5.16	0.19	503	9.71	5.33	6	1	2.84	38.18	37.46	38.20	500.51	500.80	1.577	11.179	2.38	16.87	600.0	-0	203	101.5	10.9	-1.95	1.0	111115
162	"13:37:42"	439.5	-5.07	0.19	503	9.71	5.33	6	1	2.84	38.18	37.46	38.20	500.56	500.76	1.579	11.178	2.38	16.87	600.0	-0	196	101.5	10.9	-1.95	1.0	111115
163	"13:37:43"	441.0	-4.98	0.19	502	9.7	5.33	6	1	2.84	38.18	37.46	38.20	500.60	500.72	1.582	11.174	2.39	16.86	600.0	-0	185	101.5	10.9	-1.95	1.0	111115
164	"13:37:44"	442.5	-5.05	0.189	502	9.69	5.33	6	1	2.84	38.18	37.46	38.20	500.54	500.74	1.585	11.171	2.39	16.86	600.0	-0	179	101.5	10.9	-1.95	1.0	111115
165	"13:37:46"	443.5	-5.16	0.189	503	9.69	5.33	6	1	2.84	38.18	37.46	38.20	500.48	500.79	1.586	11.165	2.39	16.85	600.0	-0	181	101.5	10.9	-1.95	1.0	111115
166	"13:37:47"	445.0	-5.18	0.189	504	9.67	5.34	6	1	2.84	38.18	37.47	38.20	500.48	500.82	1.589	11.150	2.40	16.83	600.0	-0	188	101.5	10.9	-1.95	1.0	111115
167	"13:37:48"	446.0	-5.15	0.188	504	9.66	5.34	6	1	2.84	38.18	37.47	38.20	500.52	500.84	1.592	11.141	2.40	16.81	600.0	-0	192	101.5	10.9	-1.95	1.0	111115
168	"13:37:49"	447.5	-5	0.188	502	9.64	5.34	6	1	2.84	38.18	37.47	38.20	500.61	500.78	1.597	11.128	2.41	16.79	600.0	-0	196	101.5	10.9	-1.95	1.0	111115
169	"13:37:51"	448.5	-4.97	0.188	502	9.63	5.34	6	1	2.84	38.18	37.47	38.20	500.63	500.78	1.600	11.123	2.41	16.79	600.0	-0	197	101.5	10.9	-1.95	1.0	111115
170	"13:37:52"	450.0	-5.1	0.187	503	9.62	5.34	6	1	2.84	38.18	37.47	38.20	500.54	500.82	1.602	11.115	2.42	16.77	600.1	0	197	101.5	10.9	-1.95	1.0	111115
171	"13:37:53"	451.0	-5.27	0.187	505	9.61	5.34	6	1	2.84	38.18	37.47	38.20	500.45	500.90	1.604	11.108	2.42	16.76	600.0	0	197	101.5	10.9	-1.95	1.0	111115
172	"13:37:54"	452.5	-5.42	0.187	506	9.6	5.34	6	1	2.84	38.18	37.47	38.21	500.35	500.96	1.607	11.099	2.42	16.75	600.0	-0	196	101.5	10.9	-1.95	1.0	111115
173	"13:37:56"	453.5	-5.37	0.187	506	9.6	5.34	6	1	2.84	38.19	37.48	38.21	500.37	500.93	1.609	11.099	2.43	16.75	600.0	-0	195	101.5	10.9	-1.95	1.0	111115
174	"13:37:57"	455.0	-5.22	0.187	505	9.59	5.35	6	1	2.84	38.19	37.48	38.21	500.46	500.89	1.612	11.094	2.43	16.74	600.0	-0	194	101.5	10.9	-1.95	1.0	111115
175	"13:37:58"	456.0	-5.13	0.187	504	9.59	5.35	6	1	2.84	38.19	37.48	38.21	500.47	500.80	1.615	11.094	2.44	16.74	600.0	-0	194	101.5	10.9	-1.95	1.0	111115
176	"13:37:59"	457.5	-5.09	0.186	503	9.58	5.35	6	1	2.84	38.19	37.48	38.21	500.53	500.82	1.618	11.091	2.44	16.73	600.0	-0	193	101.5	10.9	-1.95	1.0	111115
177	"13:38:01"	458.5	-5.08	0.186	503	9.58	5.35	6	1	2.84	38.19	37.48	38.21	500.53	500.82	1.620	11.089	2.44	16.73	600.0	-0	192	101.5	10.9	-1.95	1.0	111115
178	"13:38:02"	460.0	-5.05	0.186	503	9.57	5.35	6	1	2.84	38.19	37.48	38.21	500.60	500.86	1.623	11.082	2.45	16.72	600.0	-0	191	101.5	10.9	-1.95	1.0	111115
179	"13:38:03"	461.0	-5.01	0.186	503	9.56	5.35	6	1	2.84	38.19	37.48	38.21	500.61	500.83	1.626	11.077	2.45	16.71	600.0	-0	191	101.5	10.9	-1.95	1.0	111115
180	"13:38:04"	462.5	-5.13	0.186	504	9.55	5.35	6	1	2.84	38.19	37.48	38.21	500.58	500.93	1.631	11.071	2.46	16.70	600.0	-0	190	101.5	10.9	-1.95	1.0	111115
181	"13:38:06"	463.5	-5.15	0.185	504	9.54	5.35	6	1	2.84	38.19	37.49	38.21	500.52	500.89	1.633	11.067	2.46	16.69	600.0	-0	189	101.5	10.9	-1.95	1.0	111115
182	"13:38:07"	465.0	-5.16	0.185	504	9.53	5.35	6	1	2.84	38.19	37.48	38.21	500.50	500.89	1.637	11.058	2.47	16.68	600.0	-0	189	101.5	10.9	-1.95	1.0	111115
183	"13:38:08"	466.0	-5.27	0.185	505	9.52	5.35	6	1	2.84	38.19	37.48	38.21	500.42	500.92	1.639	11.051	2.47	16.67	600.0	-0	188	101.5	10.9	-1.95	1.0	111115
184	"13:38:09"	467.5	-5.29	0.185	506	9.5	5.35	6	1	2.84	38.19	37.47	38.21	500.39	500.93	1.643	11.037	2.48	16.65	600.0	-0	187	101.5	10.9	-1.95	1.0	111115
185	"13:38:11"	468.5	-5.32	0.185	506	9.49	5.35	6	1	2.84	38.19	37.47	38.21	500.36	500.93	1.645	11.027	2.48	16.63	599.9	-0	187	101.5	10.9	-1.95	1.0	111115
186	"13:38:12"	470.0	-5.19	0.184	505	9.47	5.35	6	1	2.84	38.19	37.46	38.21	500.40	500.84	1.648	11.013	2.49	16.61	600.0	-0	186	101.5	10.9	-1.95	1.0	111115
187	"13:38:13"	471.0	-5.16	0.184	505	9.46	5.35	6	1	2.84	38.19	37.46	38.21	500.39	500.82	1.651	11.003	2.49	16.60	600.0	-0	186	101.5	10.9	-1.95	1.0	111115
188	"13:38:14"	472.5	-5.07	0.184	504	9.44	5.35	6	1	2.84	38.19	37.46	38.21	500.46	500.80	1.655	10.995	2.50	16.59	600.0	-0	185	101.5	10.9	-1.95	1.0	111115
189	"13:38:16"	473.5	-5.07	0.183	504	9.43	5.35	6	1	2.84	38.19	37.46	38.22	500.47	500.82	1.658	10.986	2.50	16.57	600.0	-0	185	101.5	10.9	-1.95	1.0	111115
190	"13:38:17"	475.0	-5.01	0.183	503	9.42	5.35	6	1	2.84	38.19	37.46	38.22	500.49	500.78	1.662	10.975	2.51	16.56	600.0	-0	184	101.5	10.9	-1.95	1.0	111115
191	"13:38:18"	476.0	-5.1	0.183	504	9.41	5.35	6	1	2.84	38.19	37.47	38.22	500.43	500.82	1.664	10.967	2.51	16.54	600.0	-0	184	101.5	10.9	-1.95	1.0	111115
192	"13:38:19"	477.5	-5.21	0.182	505	9.4	5.36	6	1	2.84	38.19	37.47	38.21	500.35	500.85	1.668	10.965	2.52	16.54	600.0	-0	183	101.5	10.9	-1.95	1.0	111115
193	"13:38:21"	478.5	-5.22	0.182	505	9.4	5.36	6	1	2.84	38.19	37.47	38.22	500.35	500.86	1.670	10.963	2.52	16.54	600.0	-0	183	101.5	10.9	-1.95	1.0	111115
194	"13:38:22"	480.0	-5.12	0.182	505	9.39	5.36	6	1	2.84	38.19	37.47	38.22	500.44	500.86	1.673	10.961	2.52	16.54	600.0	-0	182	101.5	10.9	-1.95	1.0	111115
195	"13:38:23"	481.0	-5.1	0.182	504	9.39	5.36	6	1	2.84	38.19	37.47	38.22	500.47	500.86	1.675	10.960	2.53	16.53	600.0	-0	182	101.5	10.9	-1.95	1.0	111115
196	"13:38:24"	482.5	-4.97	0.182	503	9.38	5.36	6	1	2.84	38.19	37.47	38.22	500.52	500.79	1.679	10.956	2.53	16.53	600.0	-0	181	101.5	10.9	-1.95	1.0	111115
197	"13:38:26"	483.5	-4.98	0.182	503	9.37	5.36	6	1	2.84	38.19	37.47	38.22	500.51	500.80	1.682	10.952	2.54	16.52	600.0	-0	181	101.5	10.9	-1.95	1.0	111115
198	"13:38:27"	485.0	-4.99	0.182	503	9.36	5.36	6	1	2.84	38.19	37.47	38.22	500.53	500.82	1.685	10.947	2.54	16.51	600.0	-0	180	101.5	10.9	-1.95	1.0	111115
199	"13:38:28"	486.0	-5.06	0.182	504	9.36	5.36	6	1	2.84	38.19	37.47	38.22	500.50	500.87	1.688	10.947	2.55	16.51	600.0	-0	180	101.5	10.9	-1.95	1.0	111115
200	"13:38:29"	487.5	-5.12	0.182	505	9.36	5.36	6	1	2.84	38.19	37.46	38.22	500.43	500.87	1.693	10.946	2.55	16.51	600.0	-0	179	101.5	10.9	-1.95	1.0	111115
201	"13:38:31"	488.5	-5.13	0.182	505	9.35	5.35	6	1	2.84	38.19	37.46	38.22	500.41	500.85	1.695	10.946	2.56	16.51	600.0	-0	179	101.5	10.9	-1.95	1.0	111115
202	"13:38:32"	490.0	-5.09	0.181	504	9.35	5.35	6	1	2.84	38.19	37.46	38.22	500.42	500.83	1.698	10.945	2.56	16.51	600.0	-0	178	101.5	10.9	-1.95	1.0	111115
203	"13:38:33"	491.0	-5	0.181	504	9.35	5.35	6	1	2.84	38.19	37.46	38.22	500.47	500.79	1.701	10.945	2.57	16.51	600.0	-0	177	101.5	10.9	-1.95	1.0	111115
204	"13:38:34"	492.5	-5.04	0.181	504	9.34	5.35	6	1	2.84	38.19	37.46	38.22	500.48	500.85	1.705	10.946	2.57	16.51	599.9	-0	177	101.5	10.9	-1.95	1.0	111115
205	"13:38:36"	493.5	-5	0.181	504	9.34	5.36	6	1	2.84	38.19	37.46	38.22	500.51	500.84	1.708	10.945	2.58	16.51	600.0	-0	176	101.5	10.9	-1.95	1.0	111115
206	"13:38:37"	495.0	-5	0.181	504	9.34	5.36	6	1	2.84	38.19	37.46	38.22	500.56	500.89	1.711	10.944	2.58	16.51	600.1	-0	176	101.5	10.9	-1.95	1.0	111115
207	"13:38:38"	496.0	-4.95	0.181	503	9.33	5.36	6	1	2.84	38.19	37.46	38.22	500.59	500.86	1.714	10.941	2.58	16.51	600.1	-0	175	101.5	10.9	-1.95	1.0	111115
208	"13:38:39"	497.5	-4.98	0.181	504	9.32	5.36	6	1	2.84	38.19	37.46	38.22	500.60	500.90	1.718	10.938	2.59	16.50	600.1	-0	175	101.5	10.9	-1.95	1.0	111115
209	"13:38:41"	498.5	-5.07	0.181	505	9.32	5.36	6	1	2.84	38.19	37.46	38.22	500.52	500.93	1.721	10.937	2.60	16.50	600.1	-0	174	101.5	10.9	-1.95	1.0	111115
210	"13:38:42"	500.0	-5.16	0.181	505	9.31	5.35	6	1	2.84	38.19	37.46	38.22	500.51	501.00	1.725	10.936	2.60	16.50	600.1	-0	173	101.5	10.9	-1.95	1.0	111115
211	"13:38:43"	501.0	-5.28	0.181	507	9.31	5.35	6	1	2.84	38.19	37.45	38.21	500.43	501.05	1.727	10.932	2.61	16.49	600.1	-0	173	101.5	10.9	-1.95	1.0	111115
212	"13:38:44"	502.5	-5.29	0.18	507	9.3	5.35	6	1	2.84	38.19	37.45	38.21	500.31	500.95	1.731	10.925	2.61	16.48	600.0	-0	172	101.5	10.9	-1.95	1.0	111115
213	"13:38:46"	503.5	-5.3	0.18	507	9.29	5.35	6	1	2.84	38.19	37.45	38.21	500.24	500.89	1.733	10.925	2.61	16.48	599.9	-0	172	101.5	10.9	-1.95	1.0	111115
214	"13:38:47"	505.0	-5.21	0.18	506	9.29	5.35	6	1	2.84	38.19	37.44	38.21	500.30	500.86	1.738	10.925	2.62	16.48	599.9	-0	172	101.5	10.9	-1.95	1.0	111115
215	"13:38:48"	506.0	-5.13	0.18	505	9.28	5.35	6	1	2.84	38.19	37.44	38.21	500.42	500.90	1.740	10.921	2.63	16.48	599.9	-0	170	101.5	10.9	-1.95	1.0	111115
216	"13:38:49"	507.5	-5.06	0.18	505	9.27	5.35	6	1	2.84	38.19	37.43	38.21	500.54	500.96	1.744	10.915	2.63	16.47	599.9	-0	169	101.5	10.9	-1.95	1.0	111115
217	"13:38:51"	508.5	-5.01	0.18	504	9.27	5.35	6	1	2.84	38.18	37.43	38.21	500.60	500.96	1.745	10.911	2.63	16.46	599.9	-0	168	101.5	10.9	-1.95	1.0	111115
218	"13:38:52"	510.0	-5.09	0.18	505	9.26	5.35	6	1	2.84	38.18	37.43	38.21	500.54	501.00	1.748	10.905	2.64	16.46	600.0	-0	167	101.5	10.9	-1.95	1.0	111115
219	"13:38:53"	511.0	-5.04	0.18	505	9.25	5.35	6	1	2.84	38.18	37.43	38.21	500.60	501.00	1.751	10.901	2.64	16.45	600.0	-0	166	101.5	10.9	-1.95	1.0	111115
220	"13:38:54"	512.5	-5.06	0.18	505	9.24	5.35	6	1	2.84	38.18	37.42	38.20	500.58	501.01	1.754	10.895	2.65	16.45	600.0	-0	166	101.5	10.9	-1.95	1.0	111115
221	"13:38:56"	513.5	-4.95	0.179	504	9.23	5.35	6	1	2.84	38.18	37.42	38.20	500.64	500.97	1.757	10.889	2.65	16.44	600.0	-0	165	101.5	10.9	-1.95	1.0	111115
222	"13:38:57"	515.0	-5.1	0.179	505	9.22	5.35	6	1	2.84	38.18	37.42	38.20	500.52	501.00	1.761	10.881	2.66	16.43	600.0	-0	165	101.5	10.9	-1.95	1.0	111115
223	"13:38:58"	516.0	-5.17	0.179	506	9.22	5.35	6	1	2.84	38.17	37.42	38.20	500.44	500.99	1.762	10.879	2.66	16.43	600.0	-0	164	101.5	10.9	-1.95	1.0	111115
224	"13:38:59"	517.5	-5.13	0.179	506	9.21	5.35	6	1	2.84	38.17	37.41	38.19	500.46	500.97	1.767	10.875	2.67	16.42	600.0	-0	164	101.5	10.9	-1.95	1.0	111115
225	"13:39:01"	518.5	-4.94	0.179	504	9.2	5.34	6	1	2.84	38.17	37.41	38.19	500.59	500.92	1.769	10.874	2.67	16.42	600.0	0	163	101.5	10.9	-1.95	1.0	111115
226	"13:39:02"	520.0	-4.91	0.179	504	9.2	5.34	6	1	2.84	38.17	37.40	38.19	500.64	500.95	1.773	10.870	2.68	16.42	600.0	-0	162	101.5	10.9	-1.95	1.0	111115
227	"13:39:03"	521.0	-4.96	0.179	504	9.19	5.34	6	1	2.84	38.17	37.40	38.19	500.59	500.95	1.775	10.870	2.68	16.42	600.0	-0	162	101.5	10.9	-1.95	1.0	111115
228	"13:39:04"	522.5	-5.32	0.179	508	9.2	5.34	6	1	2.84	38.16	37.40	38.19	500.42	501.13	1.778	10.874	2.69	16.43	600.0	-0	162	101.5	10.9	-1.95	1.0	111115
229	"13:39:06"	523.5	-5.38	0.179	508	9.2	5.34	6	1	2.84	38.16	37.40	38.18	500.38	501.16	1.780	10.876	2.69	16.43	600.0	-0	161	101.5	10.9	-1.95	1.0	111115
230	"13:39:07"	525.0	-5.33	0.179	508	9.2	5.34	6	1	2.84	38.16	37.39	38.18	500.40	501.12	1.783	10.883	2.70	16.45	600.0	-0	161	101.5	10.9	-1.95	1.0	111115
231	"13:39:08"	526.0	-5.22	0.179	507	9.2	5.33	6	1	2.84	38.15	37.39	38.18	500.43	501.04	1.786	10.883	2.70	16.45	600.0	-0	161	101.5	10.9	-1.95	1.0	111115
232	"13:39:09"	527.5	-5.24	0.179	507	9.2	5.33	6	1	2.84	38.15	37.38	38.17	500.39	501.02	1.790	10.884	2.71	16.46	600.0	-0	162	101.5	10.9	-1.95	1.0	111115
233	"13:39:11"	528.5	-5.17	0.179	506	9.19	5.33	6	1	2.84	38.15	37.38	38.17	500.39	500.95	1.792	10.884	2.71	16.46	600.0	-0	162	101.5	10.9	-1.95	1.0	111115
234	"13:39:12"	530.0	-5.14	0.179	506	9.19	5.33	6	1	2.84	38.15	37.38	38.17	500.40	500.94	1.797	10.887	2.72	16.46	600.0	0	162	101.5	10.9	-1.95	1.0	111115
235	"13:39:13"	531.0	-5.17	0.179	506	9.19	5.33	6	1	2.84	38.14	37.38	38.16	500.40	500.97	1.799	10.892	2.72	16.47	600.0	-0	162	101.5	10.9	-1.95	1.0	111115
236	"13:39:14"	532.5	-5.19	0.179	506	9.19	5.33	6	1	2.84	38.14	37.38	38.16	500.41	501.00	1.802	10.892	2.73	16.48	600.0	-0	161	101.5	10.9	-1.95	1.0	111115
237	"13:39:16"	533.5	-5.28	0.179	507	9.19	5.33	6	1	2.84	38.14	37.37	38.16	500.35	501.02	1.804	10.894	2.73	16.48	600.0	-0	161	101.5	10.9	-1.95	1.0	111115
238	"13:39:17"	535.0	-5.33	0.179	508	9.18	5.33	6	1	2.84	38.13	37.37	38.15	500.29	501.02	1.807	10.892	2.74	16.48	600.0	-0	161	101.5	10.9	-1.95	1.0	111115
239	"13:39:18"	536.0	-5.31	0.179	507	9.18	5.33	6	1	2.84	38.13	37.38	38.15	500.29	501.00	1.809	10.894	2.74	16.49	600.0	-0	161	101.5	10.9	-1.95	1.0	111115
240	"13:39:19"	537.5	-5.22	0.179	507	9.19	5.33	6	1	2.84	38.13	37.38	38.15	500.32	500.94	1.812	10.898	2.74	16.49	600.0	-0	160	101.5	10.9	-1.95	1.0	111115
241	"13:39:21"	538.5	-5.15	0.179	506	9.19	5.33	6	1	2.84	38.13	37.38	38.15	500.38	500.92	1.814	10.900	2.75	16.50	600.0	-0	160	101.5	10.9	-1.95	1.0	111115
242	"13:39:22"	540.0	-5.16	0.179	506	9.18	5.33	6	1	2.84	38.13	37.37	38.14	500.38	500.94	1.817	10.898	2.75	16.50	600.1	-0	160	101.5	10.9	-1.95	1.0	111115
