"OPEN 5.3.2"
"Fri Aug  3 2018 13:26:34"
"Unit="	"PSC-895"
"ComputeList="	"/User/Configs/Comps/Default"
"BLCTable="	"/Sys/Lib/StdBLCTable"
"LightSource="	"Sun+Sky"	1	0.19
"LogFormat="	"/User/Configs/LogFormats/Std Output"
"LogCodes="	-35	-21	-36	30	23	36	21	25	-33	-34	-32	-9	-10	-8	-1	-2	-4	-5	-14	-15	-7	-12	-13	-11	-65	-66	-72	-23
"PromptList="	"/User/Configs/Prompts/Default (none)"
"Stability= (CO2S 15s SLP<1)(H2OS 15s SLP<1)(Flow 15s SLP<1)"
"13:26:50 "
$STARTOFDATA$
"Obs"	"HHMMSS"	"FTime"	"Photo"	"Cond"	"Ci"	"Trmmol"	"VpdL"	"Area"	"StmRat"	"BLCond"	"Tair"	"Tleaf"	"TBlk"	"CO2R"	"CO2S"	"H2OR"	"H2OS"	"RH_R"	"RH_S"	"Flow"	"PARi"	"PARo"	"Press"	"CsMch"	"HsMch"	"StableF"	"Status"
1	"13:28:25"	165.5	-1.63	0.12	510	1.83	1.59	6	1	2.84	24.58	23.94	24.58	499.38	500.08	11.922	13.731	39.12	45.05	599.9	0	5	101.7	-2.01	-0.0862	0.3	111115
2	"13:28:26"	166.0	-1.5	0.12	508	1.83	1.59	6	1	2.84	24.58	23.94	24.58	499.41	500.00	11.925	13.732	39.13	45.06	599.9	0	4	101.7	-2.01	-0.0862	0.3	111115
3	"13:28:27"	167.0	-1.4	0.12	507	1.83	1.59	6	1	2.84	24.58	23.95	24.58	499.46	499.95	11.926	13.732	39.13	45.05	600.0	0	4	101.7	-2.01	-0.0862	0.3	111115
4	"13:28:28"	168.0	-1.28	0.12	505	1.83	1.59	6	1	2.84	24.58	23.95	24.58	499.55	499.91	11.926	13.734	39.13	45.06	600.1	0	4	101.7	-2.01	-0.0862	0.3	111115
5	"13:28:30"	169.0	-1.14	0.12	503	1.83	1.59	6	1	2.84	24.58	23.95	24.58	499.62	499.84	11.927	13.734	39.14	45.07	600.0	0	4	101.7	-2.01	-0.0862	0.3	111115
6	"13:28:31"	170.0	-1.07	0.12	502	1.84	1.59	6	1	2.84	24.58	23.95	24.58	499.66	499.81	11.927	13.738	39.14	45.08	600.0	0	4	101.7	-2.01	-0.0862	0.3	111115
7	"13:28:32"	171.5	-1.02	0.12	501	1.84	1.59	6	1	2.84	24.58	23.95	24.57	499.65	499.75	11.927	13.744	39.14	45.10	599.9	0	5	101.7	-2.01	-0.0862	0.7	111115
8	"13:28:33"	173.5	-1.02	0.121	501	1.85	1.59	6	1	2.84	24.58	23.95	24.57	499.64	499.74	11.924	13.747	39.13	45.11	599.9	0	5	101.7	-2.01	-0.0862	0.7	111115
9	"13:28:35"	174.5	-1.01	0.121	501	1.85	1.59	6	1	2.84	24.58	23.95	24.57	499.65	499.73	11.923	13.749	39.12	45.12	599.9	0	5	101.7	-2.01	-0.0862	0.7	111115
10	"13:28:36"	176.0	-0.842	0.121	499	1.85	1.59	6	1	2.84	24.58	23.95	24.57	499.76	499.67	11.922	13.749	39.12	45.12	600.0	0	5	101.7	-2.01	-0.0862	0.7	111115
11	"13:28:37"	176.5	-0.838	0.121	498	1.85	1.59	6	1	2.84	24.58	23.95	24.57	499.75	499.67	11.922	13.748	39.12	45.12	600.0	0	5	101.7	-2.01	-0.0862	0.7	111115
12	"13:28:39"	179.0	-0.821	0.122	498	1.86	1.59	6	1	2.84	24.57	23.95	24.57	499.73	499.63	11.923	13.755	39.13	45.14	600.0	0	5	101.7	-2.01	-0.0862	0.7	111115
13	"13:28:40"	180.0	-0.868	0.121	499	1.86	1.59	6	1	2.84	24.57	23.95	24.57	499.68	499.62	11.923	13.755	39.13	45.14	600.0	0	5	101.7	-2.01	-0.0862	0.7	111115
14	"13:28:41"	181.5	-0.923	0.122	500	1.86	1.59	6	1	2.84	24.57	23.95	24.57	499.65	499.65	11.922	13.760	39.13	45.16	600.0	0	5	101.7	-2.01	-0.0862	0.7	111115
15	"13:28:42"	182.0	-0.932	0.122	500	1.87	1.59	6	1	2.84	24.57	23.95	24.57	499.65	499.65	11.922	13.761	39.12	45.16	600.0	0	5	101.7	-2.01	-0.0862	0.7	111115
16	"13:28:43"	183.0	-0.991	0.122	500	1.87	1.59	6	1	2.84	24.57	23.95	24.57	499.63	499.68	11.920	13.761	39.12	45.16	600.0	0	5	101.7	-2.01	-0.0862	0.7	111115
17	"13:28:44"	184.0	-0.976	0.123	500	1.87	1.59	6	1	2.84	24.57	23.95	24.57	499.64	499.68	11.919	13.764	39.12	45.17	600.0	0	5	101.7	-2.01	-0.0862	0.7	111115
18	"13:28:45"	185.0	-0.96	0.123	500	1.87	1.59	6	1	2.84	24.57	23.95	24.57	499.62	499.65	11.918	13.765	39.11	45.17	600.0	0	5	101.7	-2.01	-0.0862	0.7	111115
19	"13:28:46"	186.0	-1.03	0.123	501	1.87	1.59	6	1	2.84	24.57	23.95	24.57	499.58	499.68	11.917	13.763	39.11	45.17	600.0	-0	5	101.7	-2.01	-0.0862	0.7	111115
20	"13:28:47"	187.0	-0.938	0.123	500	1.88	1.59	6	1	2.84	24.57	23.95	24.57	499.63	499.63	11.916	13.765	39.11	45.18	600.0	-0	5	101.7	-2.01	-0.0862	0.7	111115
21	"13:28:48"	188.0	-0.858	0.123	499	1.87	1.59	6	1	2.84	24.57	23.95	24.57	499.68	499.60	11.917	13.765	39.11	45.18	600.0	0	5	101.7	-2.01	-0.0862	0.7	111115
22	"13:28:49"	189.0	-0.856	0.123	499	1.88	1.59	6	1	2.84	24.57	23.95	24.57	499.70	499.62	11.916	13.766	39.11	45.18	600.0	-0	5	101.7	-2.01	-0.0862	0.7	111115
23	"13:28:50"	190.0	-0.793	0.123	498	1.88	1.59	6	1	2.84	24.57	23.95	24.57	499.71	499.57	11.916	13.771	39.11	45.19	600.1	-0	5	101.7	-2.01	-0.0862	0.7	111115
24	"13:28:51"	191.0	-0.8	0.123	498	1.88	1.59	6	1	2.84	24.57	23.95	24.57	499.69	499.55	11.916	13.771	39.11	45.19	600.2	-0	5	101.7	-2.01	-0.0862	1.0	111115
25	"13:28:53"	193.0	-0.873	0.124	499	1.88	1.59	6	1	2.84	24.57	23.95	24.57	499.64	499.57	11.915	13.774	39.10	45.20	600.2	0	4	101.7	-2.01	-0.0862	1.0	111115
26	"13:28:54"	194.5	-0.764	0.124	497	1.89	1.58	6	1	2.84	24.57	23.95	24.57	499.68	499.50	11.914	13.777	39.10	45.22	600.0	-0	3	101.7	-2.01	-0.0862	1.0	111115
27	"13:28:56"	196.0	-0.765	0.124	497	1.89	1.58	6	1	2.84	24.57	23.95	24.57	499.67	499.49	11.912	13.779	39.09	45.22	599.9	-0	3	101.7	-2.01	-0.0862	1.0	111115
28	"13:28:57"	197.0	-0.744	0.124	497	1.9	1.58	6	1	2.84	24.57	23.95	24.57	499.67	499.46	11.911	13.781	39.09	45.23	599.9	-0	4	101.7	-2.01	-0.0862	1.0	111115
29	"13:28:58"	197.5	-0.781	0.124	497	1.9	1.58	6	1	2.84	24.57	23.95	24.57	499.66	499.49	11.911	13.782	39.09	45.23	599.9	-0	4	101.7	-2.01	-0.0862	1.0	111115
30	"13:28:59"	199.5	-0.762	0.125	497	1.9	1.58	6	1	2.84	24.57	23.95	24.57	499.64	499.46	11.911	13.785	39.09	45.24	599.9	-0	4	101.7	-2.01	-0.0862	1.0	111115
31	"13:29:00"	200.0	-0.702	0.125	496	1.9	1.58	6	1	2.84	24.57	23.95	24.57	499.68	499.44	11.911	13.785	39.09	45.24	599.9	-0	4	101.7	-2.01	-0.0862	1.0	111115
32	"13:29:02"	202.0	-0.69	0.125	496	1.9	1.58	6	1	2.84	24.57	23.95	24.57	499.71	499.45	11.910	13.787	39.09	45.25	599.9	0	5	101.7	-2.01	-0.0862	1.0	111115
33	"13:29:03"	202.5	-0.734	0.125	497	1.9	1.58	6	1	2.84	24.57	23.95	24.57	499.70	499.48	11.909	13.787	39.09	45.25	599.9	0	5	101.7	-2.01	-0.0862	1.0	111115
34	"13:29:04"	203.5	-0.659	0.125	496	1.9	1.58	6	1	2.84	24.57	23.95	24.57	499.72	499.43	11.909	13.787	39.09	45.25	600.0	0	5	101.7	-2.01	-0.0862	1.0	111115
35	"13:29:05"	204.5	-0.759	0.125	497	1.91	1.58	6	1	2.84	24.57	23.95	24.57	499.66	499.46	11.908	13.789	39.08	45.25	600.0	0	5	101.7	-2.01	-0.0862	1.0	111115
36	"13:29:06"	205.5	-0.709	0.125	496	1.91	1.58	6	1	2.84	24.57	23.95	24.57	499.66	499.42	11.907	13.787	39.08	45.25	600.0	0	5	101.7	-2.01	-0.0862	1.0	111115
37	"13:29:07"	206.5	-0.691	0.125	496	1.91	1.58	6	1	2.84	24.57	23.94	24.57	499.65	499.39	11.906	13.786	39.08	45.25	600.0	0	5	101.7	-2.01	-0.0862	1.0	111115
38	"13:29:08"	207.5	-0.766	0.125	497	1.91	1.58	6	1	2.84	24.57	23.94	24.57	499.59	499.41	11.905	13.788	39.08	45.25	600.0	0	5	101.7	-2.01	-0.0862	1.0	111115
39	"13:29:09"	208.5	-0.79	0.125	497	1.91	1.58	6	1	2.84	24.57	23.94	24.57	499.58	499.42	11.905	13.788	39.08	45.26	600.0	0	5	101.7	-2.01	-0.0862	1.0	111115
40	"13:29:10"	209.5	-0.775	0.125	497	1.91	1.58	6	1	2.84	24.57	23.94	24.57	499.59	499.41	11.905	13.788	39.08	45.26	600.0	0	5	101.7	-2.01	-0.0862	1.0	111115
41	"13:29:11"	211.5	-0.794	0.126	497	1.92	1.58	6	1	2.84	24.57	23.95	24.57	499.63	499.46	11.903	13.794	39.07	45.28	600.0	-0	5	101.7	-2.01	-0.0862	1.0	111115
42	"13:29:12"	212.0	-0.764	0.126	497	1.92	1.58	6	1	2.84	24.57	23.95	24.57	499.62	499.43	11.903	13.794	39.07	45.28	600.0	-0	5	101.7	-2.01	-0.0862	1.0	111115
43	"13:29:13"	213.0	-0.882	0.126	498	1.92	1.58	6	1	2.84	24.57	23.94	24.57	499.58	499.51	11.901	13.797	39.06	45.29	600.0	0	5	101.7	-2.01	-0.0862	1.0	111115
44	"13:29:14"	214.0	-0.837	0.127	498	1.93	1.58	6	1	2.84	24.57	23.94	24.57	499.57	499.45	11.900	13.801	39.06	45.30	600.0	0	5	101.7	-2.01	-0.0862	1.0	111115
45	"13:29:15"	215.0	-0.841	0.127	498	1.93	1.58	6	1	2.84	24.57	23.94	24.57	499.58	499.46	11.900	13.801	39.06	45.30	599.9	0	5	101.7	-2.01	-0.0862	1.0	111115
46	"13:29:16"	216.0	-0.862	0.127	498	1.93	1.58	6	1	2.84	24.57	23.94	24.57	499.58	499.48	11.900	13.803	39.06	45.31	599.9	0	5	101.7	-2.01	-0.0862	1.0	111115
47	"13:29:17"	217.0	-0.709	0.127	496	1.93	1.58	6	1	2.84	24.57	23.94	24.57	499.63	499.37	11.901	13.803	39.07	45.31	599.9	0	5	101.7	-2.01	-0.0862	1.0	111115
48	"13:29:18"	218.0	-0.741	0.127	497	1.93	1.58	6	1	2.84	24.57	23.94	24.57	499.62	499.40	11.901	13.802	39.07	45.31	600.0	0	5	101.7	-2.01	-0.0862	1.0	111115
49	"13:29:19"	219.0	-0.781	0.127	497	1.93	1.58	6	1	2.84	24.57	23.94	24.57	499.60	499.42	11.901	13.800	39.07	45.30	600.0	0	5	101.7	-2.01	-0.0862	1.0	111115
50	"13:29:20"	220.0	-0.748	0.127	497	1.92	1.58	6	1	2.84	24.57	23.94	24.57	499.63	499.42	11.901	13.799	39.07	45.30	600.0	0	5	101.7	-2.01	-0.0862	1.0	111115
51	"13:29:21"	221.0	-0.776	0.127	497	1.93	1.58	6	1	2.84	24.57	23.94	24.57	499.64	499.45	11.900	13.801	39.07	45.31	600.0	0	5	101.7	-2.01	-0.0862	1.0	111115
52	"13:29:23"	223.0	-0.815	0.127	498	1.93	1.58	6	1	2.84	24.57	23.94	24.57	499.64	499.49	11.899	13.806	39.07	45.33	600.0	0	6	101.7	-2.01	-0.0862	1.0	111115
53	"13:29:24"	224.5	-0.754	0.127	497	1.93	1.58	6	1	2.84	24.57	23.94	24.57	499.64	499.43	11.898	13.805	39.06	45.32	600.0	0	5	101.7	-2.01	-0.0862	1.0	111115
54	"13:29:25"	225.0	-0.693	0.127	496	1.93	1.58	6	1	2.84	24.57	23.94	24.57	499.68	499.40	11.897	13.803	39.06	45.32	600.0	0	5	101.7	-2.01	-0.0862	1.0	111115
55	"13:29:27"	226.5	-0.621	0.127	495	1.93	1.58	6	1	2.84	24.57	23.94	24.57	499.71	499.37	11.895	13.802	39.06	45.32	600.1	-0	5	101.7	-2.01	-0.0862	1.0	111115
56	"13:29:28"	227.0	-0.636	0.127	495	1.94	1.58	6	1	2.84	24.57	23.94	24.57	499.67	499.34	11.895	13.805	39.06	45.33	600.1	-0	5	101.7	-2.01	-0.0862	1.0	111115
57	"13:29:29"	229.0	-0.855	0.128	498	1.94	1.58	6	1	2.84	24.57	23.94	24.57	499.54	499.43	11.893	13.807	39.05	45.34	600.0	0	4	101.7	-2.01	-0.0862	1.0	111115
58	"13:29:30"	230.5	-0.872	0.128	498	1.94	1.58	6	1	2.84	24.57	23.94	24.57	499.50	499.40	11.892	13.807	39.05	45.33	600.0	0	5	101.7	-2.01	-0.0862	1.0	111115
59	"13:29:32"	232.0	-0.827	0.127	498	1.93	1.58	6	1	2.84	24.57	23.94	24.56	499.54	499.40	11.894	13.803	39.05	45.32	600.1	0	6	101.7	-2.01	-0.0862	1.0	111115
60	"13:29:33"	233.0	-0.787	0.127	497	1.94	1.58	6	1	2.84	24.57	23.94	24.56	499.58	499.40	11.894	13.802	39.05	45.32	600.1	0	6	101.7	-2.01	-0.0862	1.0	111115
61	"13:29:34"	233.5	-0.754	0.127	497	1.94	1.58	6	1	2.84	24.57	23.94	24.56	499.61	499.40	11.894	13.802	39.05	45.32	600.1	0	6	101.7	-2.01	-0.0862	1.0	111115
62	"13:29:35"	234.5	-0.751	0.127	497	1.93	1.58	6	1	2.84	24.57	23.94	24.56	499.65	499.43	11.893	13.801	39.05	45.31	600.0	0	6	101.7	-2.01	-0.0862	1.0	111115
63	"13:29:36"	236.5	-0.71	0.128	496	1.94	1.58	6	1	2.84	24.56	23.93	24.56	499.62	499.36	11.890	13.803	39.04	45.33	600.0	0	6	101.7	-2.01	-0.0862	1.0	111115
64	"13:29:38"	238.0	-0.742	0.128	496	1.94	1.58	6	1	2.84	24.56	23.93	24.56	499.59	499.36	11.888	13.806	39.04	45.34	599.9	0	6	101.7	-2.01	-0.0862	1.0	111115
65	"13:29:39"	239.0	-0.713	0.128	496	1.94	1.58	6	1	2.84	24.56	23.93	24.56	499.64	499.38	11.888	13.806	39.04	45.34	599.9	-0	6	101.7	-2.01	-0.0862	1.0	111115
66	"13:29:40"	239.5	-0.755	0.128	497	1.94	1.58	6	1	2.84	24.56	23.93	24.56	499.61	499.40	11.888	13.805	39.04	45.34	600.0	-0	6	101.7	-2.01	-0.0862	1.0	111115
67	"13:29:41"	241.5	-0.833	0.128	498	1.95	1.58	6	1	2.84	24.56	23.94	24.56	499.57	499.43	11.887	13.807	39.04	45.35	600.0	-0	6	101.7	-2.01	-0.0862	1.0	111115
68	"13:29:42"	242.0	-0.792	0.128	497	1.95	1.58	6	1	2.84	24.56	23.94	24.56	499.58	499.40	11.887	13.807	39.04	45.35	600.0	-0	6	101.7	-2.01	-0.0862	1.0	111115
69	"13:29:44"	244.0	-0.746	0.129	496	1.95	1.58	6	1	2.84	24.56	23.94	24.56	499.57	499.34	11.886	13.811	39.04	45.36	600.0	0	6	101.7	-2.01	-0.0862	1.0	111115
70	"13:29:45"	244.5	-0.719	0.129	496	1.95	1.58	6	1	2.84	24.56	23.94	24.56	499.61	499.35	11.886	13.811	39.04	45.36	600.0	0	6	101.7	-2.01	-0.0862	1.0	111115
71	"13:29:46"	245.0	-0.659	0.129	495	1.95	1.58	6	1	2.84	24.56	23.94	24.56	499.65	499.34	11.886	13.810	39.04	45.36	600.0	0	6	101.7	-2.01	-0.0862	1.0	111115
72	"13:29:47"	246.0	-0.667	0.129	495	1.95	1.58	6	1	2.84	24.56	23.94	24.56	499.69	499.38	11.884	13.811	39.03	45.36	600.0	0	6	101.7	-2.01	-0.0862	1.0	111115
73	"13:29:48"	248.0	-0.542	0.129	494	1.95	1.58	6	1	2.84	24.56	23.94	24.56	499.78	499.35	11.883	13.809	39.03	45.36	600.0	-0	6	101.7	-2.01	-0.0862	1.0	111115
74	"13:29:49"	248.5	-0.641	0.129	495	1.95	1.58	6	1	2.84	24.56	23.94	24.56	499.72	499.38	11.882	13.809	39.03	45.36	600.0	-0	6	101.7	-2.01	-0.0862	1.0	111115
75	"13:29:50"	250.5	-0.766	0.129	497	1.96	1.58	6	1	2.84	24.56	23.94	24.56	499.59	499.38	11.880	13.809	39.02	45.36	600.0	0	6	101.7	-2.01	-0.0862	1.0	111115
76	"13:29:51"	251.0	-0.878	0.129	498	1.96	1.58	6	1	2.84	24.56	23.94	24.56	499.53	499.43	11.880	13.809	39.02	45.36	600.0	0	6	101.7	-2.01	-0.0862	1.0	111115
77	"13:29:53"	253.0	-0.751	0.129	497	1.96	1.58	6	1	2.84	24.56	23.93	24.56	499.62	499.40	11.879	13.812	39.02	45.37	600.0	0	6	101.7	-2.01	-0.0862	1.0	111115
78	"13:29:54"	254.5	-0.668	0.129	495	1.96	1.58	6	1	2.84	24.56	23.93	24.56	499.66	499.35	11.880	13.812	39.02	45.37	600.0	0	6	101.7	-2.01	-0.0862	1.0	111115
79	"13:29:55"	255.0	-0.642	0.129	495	1.96	1.58	6	1	2.84	24.56	23.93	24.56	499.67	499.33	11.879	13.812	39.02	45.37	600.0	0	6	101.7	-2.01	-0.0862	1.0	111115
80	"13:29:56"	256.5	-0.677	0.129	495	1.96	1.58	6	1	2.84	24.56	23.93	24.56	499.61	499.31	11.879	13.810	39.02	45.37	600.0	-0	6	101.7	-2.01	-0.0862	1.0	111115
81	"13:29:57"	257.0	-0.687	0.129	496	1.96	1.58	6	1	2.84	24.56	23.93	24.56	499.61	499.32	11.878	13.808	39.02	45.36	600.0	-0	6	101.7	-2.01	-0.0862	1.0	111115
82	"13:29:59"	259.0	-0.664	0.129	495	1.96	1.58	6	1	2.84	24.56	23.92	24.56	499.64	499.33	11.877	13.809	39.02	45.36	600.0	-0	6	101.7	-2.01	-0.0862	1.0	111115
83	"13:30:00"	260.5	-0.632	0.129	495	1.96	1.58	6	1	2.84	24.56	23.92	24.56	499.65	499.31	11.875	13.806	39.01	45.36	600.0	0	6	101.7	-2.01	-0.0862	1.0	111115
84	"13:30:01"	261.5	-0.621	0.129	495	1.96	1.58	6	1	2.84	24.56	23.92	24.56	499.67	499.32	11.875	13.808	39.01	45.37	600.0	0	5	101.7	-2.01	-0.0862	1.0	111115
85	"13:30:03"	263.0	-0.7	0.129	496	1.96	1.58	6	1	2.84	24.55	23.93	24.56	499.63	499.35	11.875	13.808	39.02	45.37	599.9	0	4	101.7	-2.01	-0.0862	1.0	111115
86	"13:30:04"	263.5	-0.699	0.129	496	1.96	1.58	6	1	2.84	24.55	23.93	24.55	499.61	499.34	11.875	13.808	39.02	45.37	599.9	0	4	101.7	-2.01	-0.0862	1.0	111115
87	"13:30:05"	264.5	-0.742	0.13	496	1.97	1.58	6	1	2.84	24.55	23.93	24.55	499.59	499.36	11.874	13.812	39.02	45.38	599.9	0	4	101.7	-2.01	-0.0862	1.0	111115
88	"13:30:06"	266.5	-0.763	0.13	497	1.97	1.58	6	1	2.84	24.55	23.93	24.55	499.61	499.39	11.874	13.814	39.02	45.39	600.0	0	5	101.7	-2.01	-0.0862	1.0	111115
89	"13:30:07"	267.5	-0.775	0.13	497	1.97	1.58	6	1	2.84	24.55	23.93	24.55	499.62	499.42	11.873	13.814	39.01	45.39	600.0	0	5	101.7	-2.01	-0.0862	1.0	111115
90	"13:30:09"	269.0	-0.718	0.13	496	1.97	1.58	6	1	2.84	24.55	23.93	24.55	499.65	499.39	11.873	13.814	39.01	45.39	600.0	0	6	101.7	-2.01	-0.0862	1.0	111115
91	"13:30:10"	269.5	-0.717	0.13	496	1.97	1.58	6	1	2.84	24.55	23.93	24.55	499.65	499.38	11.873	13.814	39.01	45.39	600.0	-0	6	101.7	-2.01	-0.0862	1.0	111115
92	"13:30:11"	271.5	-0.778	0.13	497	1.97	1.58	6	1	2.84	24.55	23.93	24.55	499.58	499.37	11.871	13.816	39.01	45.40	599.9	-0	6	101.7	-2.01	-0.0862	1.0	111115
93	"13:30:12"	272.5	-0.756	0.13	496	1.97	1.58	6	1	2.84	24.55	23.93	24.55	499.59	499.36	11.869	13.814	39.00	45.39	599.9	-0	6	101.7	-2.01	-0.0862	1.0	111115
94	"13:30:14"	274.0	-0.586	0.13	494	1.97	1.58	6	1	2.84	24.55	23.93	24.55	499.71	499.31	11.868	13.815	39.00	45.40	600.0	0	6	101.7	-2.01	-0.0862	1.0	111115
95	"13:30:15"	274.5	-0.601	0.13	494	1.97	1.58	6	1	2.84	24.55	23.93	24.55	499.71	499.32	11.867	13.814	39.00	45.39	600.0	0	6	101.7	-2.01	-0.0862	1.0	111115
96	"13:30:16"	275.5	-0.53	0.13	494	1.97	1.58	6	1	2.84	24.55	23.93	24.55	499.75	499.30	11.866	13.809	38.99	45.38	600.0	0	6	101.7	-2.01	-0.0862	1.0	111115
97	"13:30:17"	277.5	-0.562	0.13	494	1.97	1.58	6	1	2.84	24.55	23.93	24.55	499.72	499.30	11.866	13.804	38.99	45.36	600.0	0	6	101.7	-2.01	-0.0862	1.0	111115
98	"13:30:18"	278.0	-0.649	0.13	495	1.96	1.58	6	1	2.84	24.55	23.93	24.55	499.68	499.35	11.866	13.804	38.99	45.36	600.0	0	6	101.7	-2.01	-0.0862	1.0	111115
99	"13:30:19"	279.0	-0.692	0.13	496	1.97	1.58	6	1	2.84	24.55	23.93	24.55	499.66	499.37	11.866	13.804	38.99	45.36	600.0	0	6	101.7	-2.01	-0.0862	1.0	111115
100	"13:30:20"	280.0	-0.825	0.13	497	1.97	1.58	6	1	2.84	24.55	23.93	24.55	499.59	499.43	11.865	13.805	38.99	45.37	600.0	-0	6	101.7	-2.01	-0.0862	1.0	111115
101	"13:30:22"	281.0	-0.754	0.13	496	1.97	1.58	6	1	2.84	24.55	23.93	24.55	499.62	499.39	11.864	13.808	38.99	45.38	600.0	-0	6	101.7	-2.01	-0.0862	1.0	111115
102	"13:30:23"	282.5	-0.677	0.13	495	1.97	1.58	6	1	2.84	24.55	23.93	24.55	499.66	499.35	11.863	13.809	38.99	45.38	600.0	0	6	101.7	-2.01	-0.0862	1.0	111115
103	"13:30:24"	283.5	-0.658	0.13	495	1.98	1.58	6	1	2.84	24.55	23.93	24.55	499.66	499.33	11.862	13.811	38.98	45.39	600.0	0	6	101.7	-2.01	-0.0862	1.0	111115
104	"13:30:25"	284.5	-0.606	0.13	495	1.97	1.58	6	1	2.84	24.55	23.93	24.55	499.69	499.31	11.862	13.810	38.98	45.38	600.0	0	6	101.7	-2.01	-0.0862	1.0	111115
105	"13:30:26"	285.5	-0.62	0.13	495	1.97	1.58	6	1	2.84	24.55	23.93	24.55	499.68	499.31	11.862	13.808	38.98	45.38	600.0	-0	6	101.7	-2.01	-0.0862	1.0	111115
106	"13:30:27"	286.5	-0.642	0.13	495	1.97	1.58	6	1	2.84	24.55	23.93	24.55	499.66	499.32	11.862	13.807	38.98	45.38	600.1	0	6	101.7	-2.01	-0.0862	1.0	111115
107	"13:30:29"	289.0	-0.792	0.13	497	1.97	1.58	6	1	2.84	24.55	23.93	24.55	499.60	499.41	11.860	13.808	38.98	45.38	600.0	0	6	101.7	-2.01	-0.0862	1.0	111115
108	"13:30:30"	290.0	-0.788	0.13	497	1.97	1.58	6	1	2.84	24.55	23.93	24.55	499.62	499.42	11.861	13.808	38.98	45.38	600.0	0	6	101.7	-2.01	-0.0862	1.0	111115
109	"13:30:31"	290.5	-0.789	0.13	497	1.97	1.58	6	1	2.84	24.55	23.93	24.55	499.62	499.43	11.861	13.807	38.98	45.38	600.0	0	6	101.7	-2.01	-0.0862	1.0	111115
110	"13:30:32"	292.5	-0.772	0.13	497	1.97	1.58	6	1	2.84	24.55	23.92	24.55	499.64	499.43	11.859	13.805	38.98	45.37	600.0	0	6	101.7	-2.01	-0.0862	1.0	111115
111	"13:30:33"	293.0	-0.726	0.13	496	1.97	1.58	6	1	2.84	24.55	23.92	24.55	499.64	499.38	11.858	13.804	38.98	45.37	600.0	0	6	101.7	-2.01	-0.0862	1.0	111115
112	"13:30:34"	294.0	-0.744	0.13	496	1.97	1.58	6	1	2.84	24.55	23.92	24.55	499.60	499.36	11.857	13.801	38.97	45.36	600.0	0	6	101.7	-2.01	-0.0862	1.0	111115
113	"13:30:36"	296.0	-0.717	0.13	496	1.97	1.58	6	1	2.84	24.55	23.92	24.55	499.65	499.38	11.856	13.803	38.97	45.37	600.0	0	6	101.7	-2.01	-0.0862	1.0	111115
114	"13:30:37"	296.5	-0.699	0.13	496	1.97	1.58	6	1	2.84	24.55	23.93	24.55	499.66	499.38	11.856	13.801	38.97	45.36	600.0	0	6	101.7	-2.01	-0.0862	1.0	111115
115	"13:30:38"	298.5	-0.605	0.13	495	1.98	1.58	6	1	2.84	24.55	23.93	24.55	499.74	499.36	11.853	13.802	38.96	45.37	600.2	0	6	101.7	-2.01	-0.0862	1.0	111115
116	"13:30:39"	299.5	-0.561	0.131	494	1.98	1.58	6	1	2.84	24.55	23.93	24.55	499.77	499.34	11.853	13.804	38.96	45.37	600.3	0	6	101.7	-2.01	-0.0862	1.0	111115
117	"13:30:41"	301.0	-0.54	0.131	494	1.98	1.58	6	1	2.84	24.55	23.93	24.55	499.73	499.28	11.852	13.804	38.96	45.37	600.2	0	6	101.7	-2.01	-0.0862	1.0	111115
118	"13:30:42"	302.5	-0.682	0.131	495	1.98	1.58	6	1	2.84	24.55	23.93	24.54	499.65	499.34	11.852	13.805	38.96	45.38	600.1	0	6	101.7	-2.01	-0.0862	1.0	111115
119	"13:30:43"	303.5	-0.74	0.131	496	1.98	1.58	6	1	2.84	24.55	23.93	24.54	499.59	499.35	11.851	13.802	38.96	45.37	600.1	0	6	101.7	-2.01	-0.0862	1.0	111115
120	"13:30:45"	304.0	-0.783	0.131	497	1.98	1.58	6	1	2.84	24.55	23.93	24.54	499.59	499.38	11.850	13.804	38.95	45.38	600.0	0	6	101.7	-2.01	-0.0862	1.0	111115
121	"13:30:46"	305.5	-0.853	0.131	498	1.98	1.58	6	1	2.84	24.55	23.93	24.54	499.58	499.44	11.849	13.805	38.95	45.38	600.0	-0	6	101.7	-2.01	-0.0862	1.0	111115
122	"13:30:47"	307.5	-0.718	0.131	496	1.98	1.58	6	1	2.84	24.55	23.93	24.54	499.64	499.36	11.848	13.805	38.95	45.38	600.0	0	6	101.7	-2.01	-0.0862	1.0	111115
123	"13:30:48"	308.5	-0.653	0.131	495	1.98	1.58	6	1	2.84	24.55	23.93	24.54	499.67	499.33	11.847	13.800	38.95	45.37	600.0	0	6	101.7	-2.01	-0.0862	1.0	111115
124	"13:30:50"	310.0	-0.641	0.131	495	1.98	1.58	6	1	2.84	24.55	23.93	24.54	499.70	499.35	11.846	13.802	38.94	45.37	600.0	0	6	101.7	-2.01	-0.0862	1.0	111115
125	"13:30:51"	310.5	-0.679	0.131	495	1.98	1.58	6	1	2.84	24.55	23.93	24.54	499.68	499.36	11.846	13.802	38.94	45.37	600.0	0	6	101.7	-2.01	-0.0862	1.0	111115
126	"13:30:52"	311.5	-0.62	0.131	495	1.98	1.58	6	1	2.84	24.55	23.93	24.54	499.72	499.35	11.846	13.802	38.95	45.37	600.0	0	6	101.7	-2.01	-0.0862	1.0	111115
127	"13:30:53"	312.5	-0.6	0.131	494	1.99	1.58	6	1	2.84	24.54	23.93	24.54	499.70	499.31	11.847	13.805	38.95	45.39	600.0	0	6	101.7	-2.01	-0.0862	1.0	111115
128	"13:30:54"	314.5	-0.525	0.131	493	1.98	1.58	6	1	2.84	24.55	23.93	24.54	499.73	499.26	11.845	13.803	38.94	45.38	600.0	0	6	101.7	-2.01	-0.0862	1.0	111115
129	"13:30:55"	315.0	-0.52	0.131	493	1.98	1.58	6	1	2.84	24.54	23.93	24.54	499.73	499.26	11.846	13.803	38.94	45.38	600.0	0	6	101.7	-2.01	-0.0862	1.0	111115
130	"13:30:56"	316.0	-0.509	0.131	493	1.99	1.58	6	1	2.84	24.55	23.93	24.54	499.77	499.29	11.844	13.802	38.94	45.38	600.0	0	6	101.7	-2.01	-0.0862	1.0	111115
131	"13:30:57"	317.5	-0.559	0.131	494	1.99	1.58	6	1	2.84	24.54	23.93	24.54	499.74	499.30	11.842	13.804	38.93	45.38	600.0	0	6	101.7	-2.01	-0.0862	1.0	111115
132	"13:30:59"	319.0	-0.726	0.131	496	1.99	1.58	6	1	2.84	24.54	23.93	24.54	499.66	499.39	11.843	13.805	38.94	45.38	600.0	0	6	101.7	-2.01	-0.0862	1.0	111115
133	"13:31:00"	320.5	-0.759	0.131	496	1.99	1.58	6	1	2.84	24.54	23.93	24.54	499.63	499.40	11.842	13.805	38.93	45.39	600.0	0	6	101.7	-2.01	-0.0862	1.0	111115
134	"13:31:01"	321.5	-0.827	0.131	497	1.99	1.58	6	1	2.84	24.54	23.92	24.54	499.60	499.43	11.841	13.804	38.93	45.38	600.0	-0	6	101.7	-2.01	-0.0862	1.0	111115
135	"13:31:03"	323.0	-0.631	0.132	495	1.99	1.58	6	1	2.84	24.54	23.92	24.54	499.73	499.36	11.838	13.803	38.92	45.38	600.0	-0	6	101.7	-2.01	-0.0862	1.0	111115
136	"13:31:04"	323.5	-0.554	0.132	494	1.99	1.58	6	1	2.84	24.54	23.92	24.54	499.75	499.31	11.838	13.802	38.92	45.38	600.0	-0	6	101.7	-2.01	-0.0862	1.0	111115
137	"13:31:05"	324.5	-0.517	0.132	493	1.99	1.58	6	1	2.84	24.54	23.92	24.54	499.79	499.31	11.838	13.801	38.92	45.37	600.0	0	6	101.7	-2.01	-0.0862	1.0	111115
138	"13:31:06"	326.5	-0.421	0.131	492	1.99	1.58	6	1	2.84	24.54	23.92	24.54	499.85	499.27	11.838	13.801	38.92	45.37	600.1	0	6	101.7	-2.01	-0.0862	1.0	111115
139	"13:31:07"	327.0	-0.462	0.131	493	1.99	1.58	6	1	2.84	24.55	23.92	24.54	499.83	499.30	11.839	13.801	38.92	45.37	600.1	0	6	101.7	-2.01	-0.0862	1.0	111115
140	"13:31:09"	329.0	-0.508	0.132	493	1.99	1.58	6	1	2.84	24.55	23.93	24.54	499.80	499.32	11.838	13.804	38.92	45.38	600.1	0	6	101.7	-2.01	-0.0862	1.0	111115
141	"13:31:10"	330.0	-0.568	0.132	494	2	1.58	6	1	2.84	24.54	23.93	24.54	499.75	499.32	11.837	13.807	38.92	45.39	600.1	0	6	101.7	-2.01	-0.0862	1.0	111115
142	"13:31:11"	331.5	-0.586	0.132	494	2	1.58	6	1	2.84	24.54	23.93	24.54	499.74	499.33	11.836	13.806	38.91	45.39	600.0	0	6	101.7	-2.01	-0.0862	1.0	111115
143	"13:31:12"	332.0	-0.563	0.132	494	2	1.58	6	1	2.84	24.54	23.93	24.54	499.77	499.33	11.835	13.804	38.91	45.38	600.0	0	6	101.7	-2.01	-0.0862	1.0	111115
144	"13:31:13"	333.0	-0.564	0.132	494	1.99	1.58	6	1	2.84	24.54	23.93	24.54	499.78	499.34	11.835	13.802	38.91	45.38	600.0	0	6	101.7	-2.01	-0.0862	1.0	111115
145	"13:31:14"	334.0	-0.526	0.132	493	1.99	1.58	6	1	2.84	24.54	23.93	24.54	499.80	499.33	11.834	13.801	38.91	45.37	600.0	0	6	101.7	-2.01	-0.0862	1.0	111115
146	"13:31:15"	335.0	-0.448	0.132	492	2	1.58	6	1	2.84	24.54	23.92	24.54	499.84	499.30	11.834	13.802	