"OPEN 5.3.2"
"Thr Aug  2 2018 13:15:15"
"Unit="	"PSC-895"
"ComputeList="	"/User/Configs/Comps/Default"
"BLCTable="	"/Sys/Lib/StdBLCTable"
"LightSource="	"Sun+Sky"	1	0.19
"LogFormat="	"/User/Configs/LogFormats/Std Output"
"LogCodes="	-35	-21	-36	30	23	36	21	25	-33	-34	-32	-9	-10	-8	-1	-2	-4	-5	-14	-15	-7	-12	-13	-11	-65	-66	-72	-23
"PromptList="	"/User/Configs/Prompts/Default (none)"
"Stability= (CO2S 15s SLP<1)(H2OS 15s SLP<1)(Flow 15s SLP<1)"
"13:15:15 re-matched"
$STARTOFDATA$
"Obs"	"HHMMSS"	"FTime"	"Photo"	"Cond"	"Ci"	"Trmmol"	"VpdL"	"Area"	"StmRat"	"BLCond"	"Tair"	"Tleaf"	"TBlk"	"CO2R"	"CO2S"	"H2OR"	"H2OS"	"RH_R"	"RH_S"	"Flow"	"PARi"	"PARo"	"Press"	"CsMch"	"HsMch"	"StableF"	"Status"
1	"13:16:37"	92.5	-0.241	-0.003	331	-0.187	6.13	6	1	2.84	36.95	36.59	36.89	500.24	500.57	0.522	0.335	0.84	0.54	599.9	-0	1362	101.4	10.9	-1.95	1.0	111115
2	"13:16:48"	104.5	0.139	-0.00391	507	-0.245	6.16	6	1	2.84	37.02	36.67	36.95	500.53	500.52	0.529	0.284	0.85	0.46	600.0	-0	387	101.4	10.9	-1.95	0.3	111115
3	"13:16:49"	105.0	0.216	-0.00395	536	-0.248	6.16	6	1	2.84	37.02	36.67	36.96	500.58	500.49	0.528	0.281	0.85	0.45	599.9	-0	392	101.4	10.9	-1.95	0.7	111115
4	"13:16:50"	106.0	0.261	-0.004	552	-0.251	6.16	6	1	2.84	37.02	36.67	36.96	500.60	500.46	0.528	0.277	0.85	0.45	599.9	-0	395	101.4	10.9	-1.95	1.0	111115
5	"13:16:51"	107.0	0.289	-0.00404	561	-0.254	6.16	6	1	2.84	37.02	36.67	36.96	500.58	500.42	0.529	0.275	0.85	0.44	599.9	-0	394	101.4	10.9	-1.95	0.7	111115
6	"13:16:52"	108.0	0.376	-0.0041	592	-0.258	6.17	6	1	2.84	37.03	36.67	36.96	500.63	500.38	0.529	0.272	0.85	0.44	599.9	-0	394	101.4	10.9	-1.95	0.7	111115
7	"13:16:53"	109.0	0.439	-0.00414	614	-0.26	6.17	6	1	2.84	37.03	36.68	36.97	500.67	500.36	0.530	0.270	0.85	0.43	599.9	-0	392	101.4	10.9	-1.95	0.7	111115
8	"13:16:54"	110.0	0.415	-0.0042	603	-0.264	6.17	6	1	2.84	37.03	36.69	36.97	500.67	500.39	0.531	0.267	0.85	0.43	599.9	-0	370	101.4	10.9	-1.95	0.7	111115
9	"13:16:56"	112.0	0.26	-0.00427	545	-0.268	6.18	6	1	2.84	37.04	36.70	36.98	500.59	500.46	0.532	0.263	0.85	0.42	600.0	-0	374	101.4	10.9	-1.95	1.0	111115
10	"13:16:57"	113.0	0.197	-0.00435	522	-0.274	6.18	6	1	2.84	37.05	36.70	36.99	500.54	500.48	0.532	0.258	0.85	0.41	600.1	-0	408	101.4	10.9	-1.95	1.0	111115
11	"13:16:58"	114.5	0.169	-0.00444	510	-0.279	6.18	6	1	2.84	37.06	36.71	36.99	500.50	500.47	0.532	0.253	0.85	0.41	600.1	-0	505	101.4	10.9	-1.95	1.0	111115
12	"13:16:59"	115.5	0.0149	-0.00448	458	-0.282	6.18	6	1	2.84	37.06	36.72	37.00	500.42	500.54	0.532	0.250	0.85	0.40	600.0	-0	546	101.4	10.9	-1.95	1.0	111115
13	"13:17:01"	117.0	0.0308	-0.00454	463	-0.286	6.19	6	1	2.84	37.07	36.73	37.00	500.37	500.49	0.532	0.246	0.85	0.39	600.0	-0	546	101.4	10.9	-1.95	1.0	111115
14	"13:17:02"	118.0	-0.0257	-0.00456	444	-0.287	6.19	6	1	2.84	37.07	36.73	37.01	500.34	500.51	0.532	0.245	0.85	0.39	599.9	-0	514	101.4	10.9	-1.95	1.0	111115
15	"13:17:03"	119.5	0.0384	-0.00463	465	-0.292	6.19	6	1	2.84	37.08	36.74	37.01	500.37	500.48	0.532	0.240	0.85	0.38	599.9	-0	465	101.4	10.9	-1.95	1.0	111115
16	"13:17:04"	120.5	0.0859	-0.00466	481	-0.294	6.19	6	1	2.84	37.08	36.74	37.02	500.46	500.52	0.533	0.238	0.85	0.38	599.9	-0	447	101.4	10.9	-1.95	1.0	111115
17	"13:17:06"	122.0	0.163	-0.00479	504	-0.302	6.19	6	1	2.84	37.09	36.75	37.02	500.51	500.50	0.533	0.231	0.85	0.37	599.9	-0	439	101.4	10.9	-1.95	1.0	111115
18	"13:17:07"	123.0	0.252	-0.00484	532	-0.305	6.2	6	1	2.84	37.09	36.75	37.03	500.57	500.47	0.534	0.228	0.85	0.37	600.0	-0	436	101.4	10.9	-1.95	1.0	111115
19	"13:17:08"	124.5	0.289	-0.00494	541	-0.312	6.2	6	1	2.84	37.10	36.76	37.04	500.57	500.44	0.534	0.222	0.86	0.36	600.1	-0	434	101.4	10.9	-1.95	1.0	111115
20	"13:17:09"	125.5	0.372	-0.00497	566	-0.314	6.2	6	1	2.84	37.11	36.77	37.04	500.62	500.40	0.534	0.220	0.85	0.35	600.1	-0	434	101.4	10.9	-1.95	1.0	111115
21	"13:17:11"	127.0	0.512	-0.0051	605	-0.322	6.21	6	1	2.84	37.11	36.77	37.05	500.68	500.33	0.535	0.213	0.86	0.34	600.1	-0	441	101.4	10.9	-1.95	1.0	111115
22	"13:17:12"	127.5	0.475	-0.0051	594	-0.323	6.21	6	1	2.84	37.12	36.78	37.05	500.66	500.35	0.535	0.212	0.86	0.34	600.1	-0	445	101.4	10.9	-1.95	1.0	111115
23	"13:17:13"	129.5	0.334	-0.00525	549	-0.332	6.21	6	1	2.84	37.13	36.79	37.06	500.59	500.42	0.537	0.204	0.86	0.33	599.9	-0	505	101.4	10.9	-1.95	1.0	111115
24	"13:17:14"	130.5	0.101	-0.00532	481	-0.337	6.21	6	1	2.84	37.13	36.79	37.06	500.42	500.49	0.537	0.200	0.86	0.32	599.9	-0	566	101.4	10.9	-1.95	1.0	111115
25	"13:17:16"	132.0	-0.138	-0.00542	414	-0.343	6.22	6	1	2.84	37.14	36.79	37.07	500.23	500.54	0.536	0.192	0.86	0.31	599.9	-0	743	101.4	10.9	-1.95	1.0	111115
26	"13:17:17"	133.0	-0.204	-0.00544	395	-0.345	6.22	6	1	2.84	37.14	36.80	37.07	500.18	500.56	0.535	0.191	0.85	0.30	599.9	-0	923	101.4	10.9	-1.95	1.0	111115
27	"13:17:18"	134.5	0.064	-0.00545	470	-0.346	6.22	6	1	2.84	37.15	36.80	37.08	500.32	500.43	0.536	0.190	0.85	0.30	599.9	-0	1070	101.4	10.9	-1.95	1.0	111115
28	"13:17:19"	135.5	0.225	-0.0055	514	-0.348	6.22	6	1	2.84	37.15	36.80	37.08	500.44	500.39	0.536	0.188	0.86	0.30	599.9	-0	1057	101.4	10.9	-1.95	1.0	111115
29	"13:17:21"	137.0	0.277	-0.00555	528	-0.352	6.22	6	1	2.84	37.16	36.81	37.09	500.49	500.39	0.537	0.185	0.86	0.29	600.1	-0	864	101.4	10.9	-1.95	1.0	111115
30	"13:17:22"	138.0	0.251	-0.00562	520	-0.356	6.22	6	1	2.84	37.16	36.81	37.09	500.46	500.39	0.537	0.181	0.86	0.29	600.1	-0	765	101.4	10.9	-1.95	1.0	111115
31	"13:17:23"	139.5	0.156	-0.00569	494	-0.361	6.22	6	1	2.84	37.16	36.81	37.10	500.37	500.40	0.537	0.177	0.86	0.28	600.1	-0	763	101.4	10.9	-1.95	1.0	111115
32	"13:17:24"	140.5	0.0465	-0.00572	464	-0.363	6.22	6	1	2.84	37.17	36.82	37.10	500.26	500.39	0.538	0.175	0.86	0.28	600.1	-0	745	101.4	10.9	-1.95	1.0	111115
33	"13:17:26"	142.0	-0.143	-0.00578	415	-0.367	6.23	6	1	2.84	37.17	36.82	37.10	500.18	500.50	0.539	0.172	0.86	0.27	600.0	-0	675	101.4	10.9	-1.95	1.0	111115
34	"13:17:27"	143.0	-0.0583	-0.00581	437	-0.369	6.23	6	1	2.84	37.18	36.83	37.11	500.23	500.47	0.540	0.171	0.86	0.27	599.9	-0	614	101.4	10.9	-1.95	1.0	111115
35	"13:17:28"	144.5	0.194	-0.00588	502	-0.373	6.23	6	1	2.84	37.18	36.83	37.11	500.42	500.41	0.540	0.167	0.86	0.27	600.0	-0	561	101.4	10.9	-1.95	1.0	111115
36	"13:17:29"	145.5	0.436	-0.0059	564	-0.375	6.23	6	1	2.84	37.19	36.83	37.12	500.57	500.32	0.540	0.165	0.86	0.26	600.0	-0	571	101.4	10.9	-1.95	1.0	111115
37	"13:17:31"	147.0	0.414	-0.00596	558	-0.379	6.23	6	1	2.84	37.19	36.84	37.12	500.56	500.34	0.540	0.161	0.86	0.26	600.0	-0	560	101.4	10.9	-1.95	1.0	111115
38	"13:17:32"	148.0	0.385	-0.00599	550	-0.381	6.24	6	1	2.84	37.19	36.84	37.12	500.54	500.35	0.540	0.159	0.86	0.25	600.0	-0	567	101.4	10.9	-1.95	1.0	111115
39	"13:17:33"	149.5	0.454	-0.00607	566	-0.386	6.24	6	1	2.84	37.20	36.85	37.13	500.55	500.29	0.540	0.154	0.86	0.25	600.0	-0	574	101.4	10.9	-1.95	1.0	111115
40	"13:17:34"	150.5	0.514	-0.00613	579	-0.39	6.24	6	1	2.84	37.20	36.85	37.13	500.59	500.27	0.542	0.152	0.86	0.24	599.9	-0	583	101.4	10.9	-1.95	1.0	111115
41	"13:17:36"	152.0	0.584	-0.00622	595	-0.395	6.24	6	1	2.84	37.21	36.86	37.14	500.64	500.25	0.543	0.147	0.86	0.23	600.0	-0	576	101.4	10.9	-1.95	1.0	111115
42	"13:17:37"	153.0	0.543	-0.00626	584	-0.399	6.24	6	1	2.84	37.21	36.86	37.14	500.62	500.28	0.543	0.144	0.86	0.23	600.0	-0	546	101.4	10.9	-1.95	1.0	111115
43	"13:17:38"	154.5	0.391	-0.00631	546	-0.402	6.24	6	1	2.84	37.22	36.86	37.15	500.50	500.30	0.543	0.141	0.86	0.22	600.0	-0	474	101.4	10.9	-1.95	1.0	111115
44	"13:17:39"	155.5	0.333	-0.00632	532	-0.402	6.24	6	1	2.84	37.22	36.86	37.15	500.45	500.31	0.542	0.140	0.86	0.22	600.0	-0	426	101.4	10.9	-1.95	1.0	111115
45	"13:17:41"	157.0	0.247	-0.00635	511	-0.404	6.25	6	1	2.84	37.22	36.87	37.15	500.41	500.37	0.543	0.139	0.86	0.22	599.9	-0	396	101.4	10.9	-1.95	1.0	111115
46	"13:17:42"	158.0	0.209	-0.00637	502	-0.406	6.25	6	1	2.84	37.23	36.87	37.16	500.43	500.42	0.543	0.137	0.86	0.22	600.0	-0	386	101.4	10.9	-1.95	1.0	111115
47	"13:17:43"	159.5	0.312	-0.0064	526	-0.408	6.25	6	1	2.84	37.23	36.87	37.16	500.52	500.41	0.544	0.136	0.86	0.22	600.0	-0	376	101.4	10.9	-1.95	1.0	111115
48	"13:17:44"	160.5	0.379	-0.00641	542	-0.408	6.25	6	1	2.84	37.24	36.87	37.17	500.53	500.36	0.544	0.136	0.86	0.22	600.0	-0	371	101.4	10.9	-1.95	1.0	111115
49	"13:17:46"	162.0	0.445	-0.00648	556	-0.412	6.25	6	1	2.84	37.24	36.87	37.17	500.53	500.30	0.544	0.132	0.86	0.21	600.0	-0	366	101.4	10.9	-1.95	1.0	111115
50	"13:17:47"	163.0	0.413	-0.0065	548	-0.414	6.25	6	1	2.84	37.24	36.87	37.17	500.49	500.28	0.544	0.130	0.86	0.21	600.0	-0	364	101.4	10.9	-1.95	1.0	111115
51	"13:17:48"	164.5	0.28	-0.00656	517	-0.418	6.25	6	1	2.84	37.25	36.87	37.18	500.43	500.36	0.543	0.125	0.86	0.20	600.1	-0	363	101.4	10.9	-1.95	1.0	111115
52	"13:17:49"	165.5	0.263	-0.00659	512	-0.42	6.25	6	1	2.84	37.25	36.87	37.18	500.43	500.38	0.543	0.124	0.86	0.20	600.0	-0	363	101.4	10.9	-1.95	1.0	111115
53	"13:17:51"	167.0	0.161	-0.00662	489	-0.422	6.25	6	1	2.84	37.25	36.87	37.19	500.38	500.43	0.543	0.121	0.86	0.19	600.0	-0	362	101.4	10.9	-1.95	1.0	111115
54	"13:17:52"	168.0	0.141	-0.00669	484	-0.426	6.25	6	1	2.84	37.26	36.87	37.19	500.35	500.42	0.544	0.117	0.86	0.19	600.0	-0	360	101.4	10.9	-1.95	1.0	111115
55	"13:17:53"	169.5	0.122	-0.00674	479	-0.43	6.25	6	1	2.84	37.26	36.87	37.19	500.31	500.40	0.544	0.114	0.86	0.18	600.0	-0	358	101.4	10.9	-1.95	1.0	111115
56	"13:17:54"	170.5	0.0508	-0.00679	463	-0.432	6.25	6	1	2.84	37.26	36.87	37.19	500.25	500.41	0.544	0.112	0.86	0.18	600.0	-0	357	101.4	10.9	-1.95	1.0	111115
57	"13:17:56"	172.0	0.26	-0.00686	509	-0.437	6.25	6	1	2.84	37.26	36.88	37.20	500.29	500.25	0.545	0.108	0.86	0.17	600.0	-0	355	101.4	10.9	-1.95	1.0	111115
58	"13:17:57"	173.0	0.313	-0.00689	521	-0.439	6.25	6	1	2.84	37.27	36.88	37.20	500.32	500.22	0.545	0.106	0.86	0.17	600.0	-0	354	101.4	10.9	-1.95	1.0	111115
59	"13:17:58"	174.5	0.307	-0.00695	519	-0.444	6.25	6	1	2.84	37.27	36.88	37.20	500.42	500.34	0.544	0.101	0.86	0.16	600.1	-0	354	101.4	10.9	-1.95	1.0	111115
60	"13:17:59"	175.5	0.378	-0.00698	534	-0.445	6.26	6	1	2.84	37.27	36.89	37.20	500.48	500.33	0.544	0.099	0.86	0.16	600.1	-0	354	101.4	10.9	-1.95	1.0	111115
61	"13:18:01"	177.0	0.286	-0.00701	514	-0.447	6.26	6	1	2.84	37.28	36.89	37.21	500.44	500.38	0.546	0.099	0.87	0.16	600.0	-0	355	101.4	10.9	-1.95	1.0	111115
62	"13:18:02"	178.0	0.23	-0.00704	501	-0.449	6.26	6	1	2.84	37.28	36.89	37.21	500.34	500.34	0.546	0.097	0.87	0.15	600.0	-0	355	101.4	10.9	-1.95	1.0	111115
63	"13:18:03"	179.5	0.0364	-0.00703	460	-0.449	6.26	6	1	2.84	37.28	36.89	37.21	500.17	500.36	0.546	0.097	0.86	0.15	600.0	-0	355	101.4	10.9	-1.95	1.0	111115
64	"13:18:04"	180.5	0.06	-0.00708	465	-0.452	6.26	6	1	2.84	37.28	36.89	37.22	500.18	500.34	0.545	0.094	0.86	0.15	600.0	-0	355	101.4	10.9	-1.95	1.0	111115
65	"13:18:06"	182.0	0.215	-0.00715	497	-0.456	6.26	6	1	2.84	37.29	36.89	37.22	500.27	500.28	0.546	0.090	0.87	0.14	600.0	-0	357	101.4	10.9	-1.95	1.0	111115
66	"13:18:07"	183.0	0.332	-0.00719	522	-0.459	6.26	6	1	2.84	37.29	36.89	37.22	500.35	500.25	0.547	0.088	0.87	0.14	600.0	-0	360	101.4	10.9	-1.95	1.0	111115
67	"13:18:08"	184.5	0.396	-0.00725	535	-0.463	6.26	6	1	2.84	37.29	36.90	37.23	500.38	500.22	0.548	0.084	0.87	0.13	600.0	-0	364	101.4	10.9	-1.95	1.0	111115
68	"13:18:09"	185.5	0.337	-0.00728	522	-0.465	6.26	6	1	2.84	37.29	36.90	37.23	500.37	500.26	0.548	0.083	0.87	0.13	600.0	-0	368	101.4	10.9	-1.95	1.0	111115
69	"13:18:11"	187.0	0.325	-0.00733	519	-0.468	6.26	6	1	2.84	37.30	36.90	37.23	500.31	500.22	0.548	0.079	0.87	0.13	600.0	-0	376	101.4	10.9	-1.95	1.0	111115
70	"13:18:12"	188.0	0.271	-0.00731	508	-0.467	6.26	6	1	2.84	37.30	36.90	37.23	500.29	500.25	0.547	0.080	0.87	0.13	600.0	-0	382	101.4	10.9	-1.95	1.0	111115
71	"13:18:13"	189.5	0.446	-0.00738	543	-0.472	6.27	6	1	2.84	37.30	36.91	37.24	500.37	500.16	0.547	0.076	0.87	0.12	599.9	-0	370	101.4	10.9	-1.95	1.0	111115
72	"13:18:14"	190.5	0.462	-0.00739	547	-0.473	6.27	6	1	2.84	37.30	36.91	37.24	500.39	500.17	0.547	0.075	0.87	0.12	599.9	-0	362	101.4	10.9	-1.95	1.0	111115
73	"13:18:16"	192.0	0.564	-0.00748	566	-0.478	6.27	6	1	2.84	37.31	36.91	37.24	500.47	500.14	0.548	0.070	0.87	0.11	599.9	-0	388	101.4	10.9	-1.95	1.0	111115
74	"13:18:17"	193.0	0.52	-0.00749	557	-0.479	6.27	6	1	2.84	37.31	36.92	37.25	500.45	500.17	0.548	0.069	0.87	0.11	599.9	-0	393	101.4	10.9	-1.95	1.0	111115
75	"13:18:18"	194.5	0.547	-0.00757	561	-0.484	6.27	6	1	2.84	37.31	36.92	37.25	500.49	500.18	0.549	0.064	0.87	0.10	600.0	-0	457	101.4	10.9	-1.95	1.0	111115
76	"13:18:19"	195.5	0.552	-0.00759	562	-0.485	6.27	6	1	2.84	37.32	36.92	37.25	500.50	500.19	0.549	0.063	0.87	0.10	600.0	-0	467	101.4	10.9	-1.95	1.0	111115
77	"13:18:21"	197.0	0.521	-0.00763	555	-0.489	6.27	6	1	2.84	37.32	36.93	37.26	500.43	500.15	0.548	0.060	0.87	0.09	600.0	-0	493	101.4	10.9	-1.95	1.0	111115
78	"13:18:22"	198.0	0.543	-0.00765	559	-0.489	6.28	6	1	2.84	37.32	36.93	37.26	500.43	500.13	0.548	0.059	0.87	0.09	599.9	-0	508	101.4	10.9	-1.95	1.0	111115
79	"13:18:23"	199.5	0.467	-0.00764	544	-0.489	6.28	6	1	2.84	37.33	36.93	37.26	500.32	500.10	0.548	0.059	0.87	0.09	600.0	-0	527	101.4	10.9	-1.95	1.0	111115
80	"13:18:24"	200.5	0.503	-0.00765	551	-0.49	6.28	6	1	2.84	37.33	36.94	37.27	500.33	500.07	0.548	0.057	0.87	0.09	600.0	-0	524	101.4	10.9	-1.95	1.0	111115
81	"13:18:26"	202.0	0.413	-0.00768	533	-0.492	6.28	6	1	2.84	37.33	36.94	37.27	500.34	500.17	0.548	0.056	0.87	0.09	600.0	-0	540	101.4	10.9	-1.95	1.0	111115
82	"13:18:27"	203.0	0.465	-0.0077	543	-0.494	6.28	6	1	2.84	37.34	36.95	37.27	500.38	500.17	0.549	0.055	0.87	0.09	600.0	-0	577	101.4	10.9	-1.95	1.0	111115
83	"13:18:28"	204.5	0.504	-0.00778	550	-0.499	6.28	6	1	2.84	37.34	36.95	37.28	500.43	500.17	0.550	0.051	0.87	0.08	600.0	-0	632	101.4	10.9	-1.95	1.0	111115
84	"13:18:29"	205.5	0.469	-0.00777	543	-0.498	6.28	6	1	2.84	37.34	36.95	37.28	500.41	500.19	0.549	0.051	0.87	0.08	600.0	-0	658	101.4	10.9	-1.95	1.0	111115
85	"13:18:31"	207.0	0.617	-0.00786	571	-0.504	6.28	6	1	2.84	37.35	36.95	37.28	500.50	500.14	0.550	0.046	0.87	0.07	600.1	-0	662	101.4	10.9	-1.95	1.0	111115
86	"13:18:32"	208.0	0.59	-0.00791	565	-0.507	6.28	6	1	2.84	37.35	36.95	37.29	500.50	500.16	0.550	0.043	0.87	0.07	600.1	-0	651	101.4	10.9	-1.95	1.0	111115
87	"13:18:33"	209.5	0.584	-0.00793	563	-0.509	6.29	6	1	2.84	37.35	36.96	37.29	500.44	500.11	0.550	0.042	0.87	0.07	600.1	-0	647	101.4	10.9	-1.95	1.0	111115
88	"13:18:34"	210.5	0.4	-0.00792	528	-0.508	6.29	6	1	2.84	37.36	36.96	37.29	500.33	500.18	0.550	0.042	0.87	0.07	600.1	-0	655	101.4	10.9	-1.95	1.0	111115
89	"13:18:36"	212.0	0.0902	-0.00791	469	-0.507	6.29	6	1	2.84	37.36	36.96	37.30	500.09	500.26	0.551	0.044	0.87	0.07	600.0	-0	718	101.4	10.9	-1.95	1.0	111115
90	"13:18:37"	213.0	0.0414	-0.00791	459	-0.507	6.29	6	1	2.84	37.36	36.96	37.30	500.06	500.27	0.551	0.044	0.87	0.07	599.9	-0	794	101.4	10.9	-1.95	1.0	111115
91	"13:18:38"	214.5	0.18	-0.00795	486	-0.51	6.29	6	1	2.84	37.37	36.97	37.30	500.12	500.19	0.551	0.041	0.87	0.06	599.9	-0	891	101.4	10.9	-1.95	1.0	111115
92	"13:18:39"	215.5	0.401	-0.00799	528	-0.513	6.29	6	1	2.84	37.37	36.97	37.31	500.30	500.15	0.552	0.039	0.87	0.06	599.9	-0	914	101.4	10.9	-1.95	1.0	111115
93	"13:18:41"	217.0	0.707	-0.00802	585	-0.515	6.29	6	1	2.84	37.37	36.97	37.31	500.51	500.06	0.551	0.036	0.87	0.06	600.0	-0	909	101.4	10.9	-1.95	1.0	111115
94	"13:18:42"	218.0	0.772	-0.00803	597	-0.515	6.29	6	1	2.84	37.38	36.98	37.31	500.60	500.08	0.551	0.035	0.87	0.06	600.0	-0	852	101.4	10.9	-1.95	1.0	111115
95	"13:18:43"	219.5	0.861	-0.00807	613	-0.518	6.29	6	1	2.84	37.38	36.98	37.32	500.66	500.06	0.551	0.033	0.87	0.05	599.9	-0	735	101.4	10.9	-1.95	1.0	111115
96	"13:18:44"	220.5	0.891	-0.00807	619	-0.518	6.29	6	1	2.84	37.38	36.98	37.32	500.69	500.06	0.551	0.033	0.87	0.05	599.9	-0	653	101.4	10.9	-1.95	1.0	111115
97	"13:18:45"	221.0	0.866	-0.00808	614	-0.519	6.29	6	1	2.84	37.38	36.98	37.32	500.68	500.07	0.552	0.033	0.87	0.05	599.9	-0	611	101.4	10.9	-1.95	1.0	111115
98	"13:18:47"	223.0	0.816	-0.00812	604	-0.522	6.3	6	1	2.84	37.39	36.98	37.33	500.60	500.05	0.554	0.032	0.87	0.05	600.0	-0	568	101.4	10.9	-1.95	1.0	111115
99	"13:18:48"	224.0	0.736	-0.00817	588	-0.525	6.3	6	1	2.84	37.39	36.98	37.33	500.53	500.06	0.554	0.029	0.87	0.05	600.0	-0	553	101.4	10.9	-1.95	1.0	111115
100	"13:18:49"	225.5	0.677	-0.00821	576	-0.528	6.3	6	1	2.84	37.39	36.98	37.33	500.48	500.07	0.554	0.026	0.87	0.04	600.0	-0	543	101.4	10.9	-1.95	1.0	111115
101	"13:18:50"	226.0	0.602	-0.00823	562	-0.529	6.3	6	1	2.84	37.39	36.98	37.33	500.42	500.09	0.553	0.025	0.87	0.04	600.0	-0	542	101.4	10.9	-1.95	1.0	111115
102	"13:18:51"	227.0	0.517	-0.00824	547	-0.53	6.3	6	1	2.84	37.40	36.99	37.33	500.36	500.10	0.553	0.024	0.87	0.04	600.0	-0	589	101.4	10.9	-1.95	1.0	111115
103	"13:18:53"	229.0	0.46	-0.00833	535	-0.535	6.3	6	1	2.84	37.40	36.99	37.34	500.24	500.05	0.554	0.019	0.87	0.03	599.9	-0	757	101.4	10.9	-1.95	1.0	111115
104	"13:18:54"	230.0	0.509	-0.00833	544	-0.536	6.3	6	1	2.84	37.40	36.99	37.34	500.28	500.04	0.554	0.019	0.87	0.03	599.9	-0	794	101.4	10.9	-1.95	1.0	111115
105	"13:18:55"	231.5	0.473	-0.00838	537	-0.539	6.3	6	1	2.84	37.40	36.99	37.34	500.28	500.08	0.555	0.016	0.87	0.03	599.9	-0	766	101.4	10.9	-1.95	1.0	111115
106	"13:18:56"	232.5	0.478	-0.00836	538	-0.537	6.3	6	1	2.84	37.41	36.99	37.35	500.27	500.06	0.555	0.018	0.87	0.03	600.0	-0	722	101.4	10.9	-1.95	1.0	111115
107	"13:18:58"	234.0	0.414	-0.00843	526	-0.542	6.3	6	1	2.84	37.41	36.99	37.35	500.21	500.06	0.555	0.013	0.87	0.02	600.0	-0	656	101.4	10.9	-1.95	1.0	111115
108	"13:18:59"	235.0	0.471	-0.00844	536	-0.542	6.3	6	1	2.84	37.41	36.99	37.35	500.24	500.04	0.555	0.012	0.87	0.02	600.0	-0	680	101.4	10.9	-1.95	1.0	111115
109	"13:19:00"	236.5	0.467	-0.00844	535	-0.543	6.3	6	1	2.84	37.41	37.00	37.35	500.27	500.07	0.555	0.012	0.87	0.02	600.0	-0	789	101.4	10.9	-1.95	1.0	111115
110	"13:19:01"	237.5	0.382	-0.00845	520	-0.544	6.3	6	1	2.84	37.42	37.00	37.36	500.22	500.11	0.555	0.012	0.87	0.02	600.0	-0	871	101.4	10.9	-1.95	1.0	111115
111	"13:19:03"	239.0	0.365	-0.00847	517	-0.545	6.31	6	1	2.84	37.42	37.00	37.36	500.21	500.12	0.555	0.010	0.87	0.02	600.0	-0	1038	101.4	10.9	-1.95	1.0	111115
112	"13:19:04"	240.0	0.394	-0.0085	522	-0.547	6.31	6	1	2.84	37.42	37.01	37.36	500.23	500.11	0.555	0.008	0.87	0.01	600.1	-0	1125	101.4	10.9	-1.95	1.0	111115
113	"13:19:05"	241.5	0.66	-0.00857	568	-0.552	6.31	6	1	2.84	37.42	37.01	37.36	500.44	500.06	0.555	0.004	0.87	0.01	600.1	-0	1243	101.4	10.9	-1.95	1.0	111115
114	"13:19:06"	242.5	0.75	-0.00857	584	-0.552	6.31	6	1	2.84	37.43	37.01	37.37	500.51	500.04	0.556	0.004	0.87	0.01	600.1	-0	1286	101.4	10.9	-1.95	1.0	111115
115	"13:19:08"	244.0	0.718	-0.00864	577	-0.557	6.31	6	1	2.84	37.43	37.01	37.37	500.46	500.02	0.556	-0.000	0.87	-0.00	600.0	-0	1290	101.4	10.9	-1.95	1.0	111115
116	"13:19:09"	245.0	0.45	-0.00867	530	-0.559	6.31	6	1	2.84	37.43	37.02	37.37	500.24	500.06	0.557	-0.002	0.88	-0.00	600.0	-0	1299	101.4	10.9	-1.95	1.0	111115
117	"13:19:10"	246.5	0.275	-0.00872	499	-0.562	6.31	6	1	2.84	37.44	37.02	37.38	500.10	500.11	0.557	-0.004	0.88	-0.01	599.9	-0	1339	101.4	10.9	-1.95	1.0	111115
118	"13:19:11"	247.5	0.283	-0.00872	501	-0.562	6.31	6	1	2.84	37.44	37.03	37.38	500.12	500.11	0.558	-0.004	0.88	-0.01	599.9	-0	1351	101.4	10.9	-1.95	1.0	111115
119	"13:19:13"	249.0	0.556	-0.00876	547	-0.565	6.32	6	1	2.84	37.44	37.03	37.38	500.31	500.04	0.558	-0.007	0.88	-0.01	599.9	-0	1339	101.4	10.9	-1.95	1.0	111115
120	"13:19:14"	250.0	0.777	-0.00883	585	-0.569	6.32	6	1	2.84	37.44	37.03	37.38	500.48	499.98	0.559	-0.010	0.88	-0.02	599.9	-0	1331	101.4	10.9	-1.95	1.0	111115
121	"13:19:15"	251.5	0.785	-0.00889	585	-0.573	6.32	6	1	2.84	37.45	37.04	37.39	500.50	500.01	0.559	-0.014	0.88	-0.02	600.0	-0	1331	101.4	10.9	-1.95	1.0	111115
122	"13:19:16"	252.5	0.805	-0.00893	588	-0.576	6.32	6	1	2.84	37.45	37.04	37.39	500.52	500.00	0.559	-0.016	0.88	-0.03	600.0	-0	1336	101.4	10.9	-1.95	1.0	111115
123	"13:19:18"	254.0	0.673	-0.0089	566	-0.574	6.32	6	1	2.84	37.45	37.04	37.39	500.44	500.06	0.559	-0.016	0.88	-0.02	600.0	-0	1344	101.4	10.9	-1.95	1.0	111115
124	"13:19:19"	255.0	0.621	-0.00893	557	-0.576	6.32	6	1	2.84	37.45	37.04	37.39	500.40	500.06	0.559	-0.017	0.88	-0.03	600.0	-0	1344	101.4	10.9	-1.95	1.0	111115
125	"13:19:20"	256.5	0.645	-0.00894	561	-0.577	6.32	6	1	2.84	37.46	37.04	37.40	500.40	500.05	0.559	-0.018	0.88	-0.03	600.0	-0	1342	101.4	10.9	-1.95	1.0	111115
126	"13:19:21"	257.5	0.676	-0.00899	565	-0.58	6.32	6	1	2.84	37.46	37.04	37.40	500.39	500.00	0.561	-0.019	0.88	-0.03	600.0	-0	1341	101.4	10.9	-1.95	1.0	111115
127	"13:19:22"	258.0	0.64	-0.00901	559	-0.582	6.32	6	1	2.84	37.46	37.04	37.40	500.36	500.01	0.561	-0.021	0.88	-0.03	600.0	-0	1340	101.4	10.9	-1.95	1.0	111115
128	"13:19:24"	260.0	0.693	-0.00901	568	-0.582	6.32	6	1	2.84	37.47	37.05	37.40	500.38	499.98	0.562	-0.020	0.88	-0.03	599.9	-0	1336	101.4	10.9	-1.95	1.0	111115
129	"13:19:25"	261.0	0.773	-0.009	581	-0.581	6.32	6	1	2.84	37.47	37.05	37.41	500.43	499.95	0.562	-0.019	0.88	-0.03	599.9	-0	1334	101.4	10.9	-1.95	1.0	111115
130	"13:19:26"	262.5	0.813	-0.009	588	-0.581	6.33	6	1	2.84	37.47	37.06	37.41	500.45	499.93	0.562	-0.019	0.88	-0.03	599.9	-0	1330	101.4	10.9	-1.95	1.0	111115
131	"13:19:27"	263.5	0.814	-0.00904	588	-0.584	6.33	6	1	2.84	37.47	37.06	37.41	500.48	499.96	0.562	-0.022	0.88	-0.03	600.0	-0	1328	101.4	10.9	-1.95	1.0	111115
132	"13:19:29"	265.0	0.847	-0.00911	592	-0.589	6.33	6	1	2.84	37.48	37.07	37.42	500.55	500.00	0.563	-0.026	0.88	-0.04	600.0	-0	1326	101.4	10.9	-1.95	1.0	111115
133	"13:19:30"	266.0	0.858	-0.00914	593	-0.591	6.33	6	1	2.84	37.48	37.07	37.42	500.54	499.98	0.563	-0.028	0.88	-0.04	600.0	-0	1324	101.4	10.9	-1.95	1.0	111115
134	"13:19:31"	266.5	0.887	-0.00916	598	-0.592	6.33	6	1	2.84	37.48	37.07	37.42	500.58	499.99	0.564	-0.028	0.88	-0.04	600.0	-0	1324	101.4	10.9	-1.95	1.0	111115
135	"13:19:32"	267.5	0.802	-0.00913	584	-0.59	6.33	6	1	2.84	37.48	37.08	37.42	500.56	500.05	0.563	-0.027	0.88	-0.04	600.0	-0	1322	101.4	10.9	-1.95	1.0	111115
136	"13:19:33"	269.5	0.846	-0.00908	592	-0.587	6.34	6	1	2.84	37.49	37.08	37.43	500.57	500.02	0.564	-0.023	0.88	-0.04	600.0	-0	1320	101.4	10.9	-1.95	1.0	111115
137	"13:19:35"	271.0	0.864	-0.00911	595	-0.59	6.34	6	1	2.84	37.49	37.09	37.43	500.59	500.02	0.566	-0.023	0.89	-0.04	600.1	-0	1318	101.4	10.9	-1.95	1.0	111115
138	"13:19:36"	272.0	0.852	-0.00914	592	-0.591	6.34	6	1	2.84	37.50	37.09	37.44	500.59	500.03	0.567	-0.024	0.89	-0.04	600.1	-0	1317	101.4	10.9	-1.95	1.0	111115
139	"13:19:37"	273.5	0.883	-0.00916	597	-0.593	6.34	6	1	2.84	37.50	37.10	37.44	500.64	500.06	0.567	-0.026	0.89	-0.04	600.0	-0	1315	101.4	10.9	-1.95	1.0	111115
140	"13:19:38"	274.5	0.841	-0.00917	590	-0.594	6.34	6	1	2.84	37.50	37.10	37.44	500.65	500.10	0.567	-0.027	0.89	-0.04	600.0	-0	1314	101.4	10.9	-1.95	1.0	111115
141	"13:19:40"	276.0	0.719	-0.00918	570	-0.594	6.34	6	1	2.84	37.51	37.11	37.45	500.52	500.10	0.568	-0.026	0.89	-0.04	600.0	-0	1313	101.4	10.9	-1.95	1.0	111115
142	"13:19:41"	277.0	0.668	-0.00915	562	-0.593	6.35	6	1	2.84	37.51	37.11	37.45	500.46	500.09	0.568	-0.025	0.89	-0.04	600.0	-0	1312	101.4	10.9	-1.95	1.0	111115
143	"13:19:42"	278.5	0.711	-0.00919	568	-0.595	6.35	6	1	2.84	37.52	37.11	37.46	500.38	499.97	0.569	-0.027	0.89	-0.04	600.0	-0	1311	101.4	10.9	-1.95	1.0	111115
144	"13:19:43"	279.5	0.799	-0.00918	583	-0.595	6.35	6	1	2.84	37.52	37.12	37.46	500.43	499.93	0.569	-0.026	0.89	-0.04	600.0	-0	1310	101.4	10.9	-1.95	1.0	111115
145	"13:19:45"	281.0	0.885	-0.00928	595	-0.602	6.35	6	1	2.84	37.52	37.12	37.46	500.47	499.88	0.569	-0.033	0.89	-0.05	600.0	-0	1307	101.4	10.9	-1.95	1.0	111115
146	"13:19:46"	282.0	0.82	-0.00931	584	-0.604	6.35	6	1	2.84	37.53	37.13	37.47	500.47	499.95	0.570	-0.034	0.89	-0.05	600.0	-0	1303	101.4	10.9	-1.95	1.0	111115
147	"13:19:47"	283.5	0.82	-0.00937	584	-0.608	6.35	6	1	2.84	37.53	37.13	37.47	500.47	499.95	0.571	-0.036	0.89	-0.06	600.0	-0	1292	101.4	10.9	-1.95	1.0	111115
148	"13:19:48"	284.5	0.688	-0.00937	562	-0.608	6.36	6	1	2.84	37.54	37.14	37.48	500.38	499.99	0.572	-0.036	0.89	-0.06	600.0	-0	1282	101.4	10.9	-1.95	1.0	111115
149	"13:19:50"	286.0	0.741	-0.00934	571	-0.606	6.36	6	1	2.84	37.54	37.14	37.48	500.40	499.97	0.573	-0.033	0.90	-0.05	599.9	-0	1264	101.4	10.9	-1.95	1.0	111115
150	"13:19:51"	287.0	0.808	-0.00935	582	-0.607	6.36	6	1	2.84	37.54	37.15	37.48	500.45	499.94	0.574	-0.033	0.90	-0.05	599.9	-0	1252	101.4	10.9	-1.95	1.0	111115
151	"13:19:52"	288.5	0.892	-0.00934	596	-0.606	6.36	6	1	2.84	37.55	37.15	37.49	500.49	499.90	0.573	-0.033	0.90	-0.05	599.9	-0	1238	101.4	10.9	-1.95	1.0	111115
152	"13:19:53"	289.5	0.823	-0.00935	584	-0.607	6.36	6	1	2.84	37.55	37.15	37.49	500.45	499.93	0.574	-0.033	0.90	-0.05	599.9	-0	1232	101.4	10.9	-1.95	1.0	111115
153	"13:19:55"	291.0	0.696	-0.00931	564	-0.605	6.36	6	1	2.84	37.56	37.16	37.49	500.37	499.98	0.574	-0.031	0.90	-0.05	600.0	-0	1228	101.4	10.9	-1.95	1.0	111115
154	"13:19:56"	292.0	0.755	-0.0093	574	-0.604	6.36	6	1	2.84	37.56	37.16	37.49	500.41	499.96	0.575	-0.029	0.90	-0.05	599.9	-0	1224	101.4	10.9	-1.95	1.0	111115
155	"13:19:57"	293.5	0.719	-0.00929	568	-0.604	6.37	6	1	2.84	37.56	37.17	37.50	500.43	500.01	0.575	-0.029	0.90	-0.05	599.9	-0	1215	101.4	10.9	-1.95	1.0	111115
156	"13:19:58"	294.5	0.727	-0.00929	569	-0.604	6.37	6	1	2.84	37.57	37.18	37.50	500.42	500.00	0.575	-0.029	0.90	-0.04	599.9	-0	1209	101.4	10.9	-1.95	1.0	111115
157	"13:20:00"	296.0	0.686	-0.00928	563	-0.604	6.37	6	1	2.84	37.57	37.18	37.50	500.40	500.02	0.576	-0.028	0.90	-0.04	600.0	-0	1200	101.4	10.9	-1.95	1.0	111115
158	"13:20:01"	297.0	0.716	-0.00925	568	-0.602	6.37	6	1	2.84	37.58	37.19	37.51	500.41	500.00	0.576	-0.026	0.90	-0.04	600.0	-0	1196	101.4	10.9	-1.95	1.0	111115
159	"13:20:02"	298.5	0.762	-0.00927	575	-0.603	6.37	6	1	2.84	37.58	37.19	37.51	500.43	499.97	0.577	-0.027	0.90	-0.04	600.0	-0	1195	101.4	10.9	-1.95	1.0	111115
160	"13:20:03"	299.5	0.872	-0.00926	593	-0.603	6.37	6	1	2.84	37.58	37.19	37.52	500.48	499.91	0.577	-0.026	0.90	-0.04	600.0	-0	1195	101.4	10.9	-1.95	1.0	111115
161	"13:20:05"	301.0	0.978	-0.00927	611	-0.603	6.38	6	1	2.84	37.59	37.20	37.52	500.57	499.89	0.578	-0.026	0.90	-0.04	600.0	-0	1192	101.4	10.9	-1.95	1.0	111115
162	"13:20:06"	302.0	1.03	-0.00924	619	-0.602	6.38	6	1	2.84	37.59	37.20	37.53	500.58	499.85	0.578	-0.023	0.90	-0.04	600.0	-0	1189	101.4	10.9	-1.95	1.0	111115
163	"13:20:07"	303.5	0.895	-0.00923	597	-0.602	6.38	6	1	2.84	37.60	37.21	37.53	500.49	499.89	0.579	-0.023	0.90	-0.04	600.0	-0	1186	101.4	10.9	-1.95	1.0	111115
164	"13:20:09"	305.0	0.899	-0.00919	599	-0.599	6.38	6	1	2.84	37.60	37.21	37.54	500.47	499.87	0.579	-0.020	0.90	-0.03	600.0	-0	1185	101.4	10.9	-1.95	1.0	111115
165	"13:20:10"	306.0	0.88	-0.00917	596	-0.598	6.38	6	1	2.84	37.61	37.21	37.54	500.46	499.88	0.579	-0.019	0.90	-0.03	600.0	-0	1186	101.4	10.9	-1.95	1.0	111115
166	"13:20:11"	307.5	0.999	-0.00918	616	-0.598	6.38	6	1	2.84	37.61	37.22	37.55	500.58	499.88	0.580	-0.018	0.90	-0.03	600.0	-0	1185	101.4	10.9	-1.95	1.0	111115
167	"13:20:12"	308.5	0.995	-0.00919	615	-0.599	6.38	6	1	2.84	37.62	37.22	37.55	500.61	499.92	0.581	-0.019	0.90	-0.03	600.1	-0	1185	101.4	10.9	-1.95	1.0	111115
168	"13:20:14"	310.0	1.04	-0.0092	621	-0.6	6.39	6	1	2.84	37.62	37.23	37.56	500.61	499.88	0.581	-0.019	0.90	-0.03	600.1	-0	1181	101.4	10.9	-1.95	1.0	111115
169	"13:20:15"	310.5	1.11	-0.00922	633	-0.601	6.39	6	1	2.84	37.62	37.23	37.56	500.64	499.83	0.582	-0.019	0.91	-0.03	600.2	-0	1179	101.4	10.9	-1.95	1.0	111115
170	"13:20:16"	311.5	1.07	-0.00921	627	-0.601	6.39	6	1	2.84	37.63	37.24	37.56	500.64	499.87	0.583	-0.018	0.91	-0.03	600.1	-0	1176	101.4	10.9	-1.95	1.0	111115
171	"13:20:17"	313.5	0.921	-0.00922	602	-0.601	6.39	6	1	2.84	37.63	37.24	37.57	500.52	499.90	0.584	-0.017	0.91	-0.03	600.0	-0	1168	101.4	10.9	-1.95	1.0	111115
172	"13:20:18"	314.5	0.782	-0.00921	579	-0.601	6.39	6	1	2.84	37.64	37.25	37.57	500.47	499.99	0.584	-0.017	0.91	-0.03	599.9	-0	1161	101.4	10.9	-1.95	1.0	111115
173	"13:20:20"	316.0	0.717	-0.00919	569	-0.6	6.39	6	1	2.84	37.64	37.25	37.58	500.36	499.95	0.585	-0.016	0.91	-0.02	599.9	-0	1145	101.4	10.9	-1.95	1.0	111115
174	"13:20:21"	317.0	0.787	-0.00916	581	-0.598	6.4	6	1	2.84	37.65	37.26	37.58	500.40	499.91	0.584	-0.014	0.91	-0.02	599.9	-0	1133	101.4	10.9	-1.95	1.0	111115
175	"13:20:22"	318.5	0.897	-0.00913	599	-0.597	6.4	6	1	2.84	37.65	37.26	37.58	500.44	499.84	0.584	-0.012	0.91	-0.02	600.0	-0	1114	101.4	10.9	-1.95	1.0	111115
176	"13:20:23"	319.5	0.943	-0.00913	607	-0.597	6.4	6	1	2.84	37.65	37.27	37.59	500.49	499.84	0.585	-0.012	0.91	-0.02	600.0	-0	1102	101.4	10.9	-1.95	1.0	111115
177	"13:20:25"	321.0	1.04	-0.00916	623	-0.599	6.4	6	1	2.84	37.66	37.27	37.59	500.53	499.79	0.586	-0.013	0.91	-0.02	600.0	-0	1084	101.4	10.9	-1.95	1.0	111115
178	"13:20:26"	322.0	1.08	-0.00917	630	-0.599	6.4	6	1	2.84	37.66	37.28	37.60	500.57	499.79	0.587	-0.012	0.91	-0.02	600.0	-0	1076	101.4	10.9	-1.95	1.0	111115
179	"13:20:27"	323.5	1.05	-0.00915	624	-0.599	6.4	6	1	2.84	37.67	37.28	37.60	500.58	499.83	0.587	-0.012	0.91	-0.02	600.0	-0	1072	101.4	10.9	-1.95	1.0	111115
180	"13:20:28"	324.0	1.08	-0.00916	629	-0.599	6.4	6	1	2.84	37.67	37.29	37.60	500.63	499.86	0.588	-0.011	0.91	-0.02	600.0	-0	1073	101.4	10.9	-1.95	1.0	111115
181	"13:20:30"	326.0	1.07	-0.00917	627	-0.6	6.41	6	1	2.84	37.68	37.29	37.61	500.66	499.89	0.589	-0.012	0.91	-0.02	600.0	-0	1087	101.4	10.9	-1.95	1.0	111115
182	"13:20:31"	327.0	1.05	-0.00917	625	-0.6	6.41	6	1	2.84	37.68	37.30	37.62	500.62	499.86	0.589	-0.011	0.91	-0.02	600.0	-0	1097	101.4	10.9	-1.95	1.0	111115
183	"13:20:32"	328.5	1.13	-0.00918	636	-0.601	6.41	6	1	2.84	37.69	37.30	37.62	500.63	499.80	0.591	-0.010	0.92	-0.02	600.0	-0	1113	101.4	10.9	-1.95	1.0	111115
184	"13:20:34"	329.5	1.1	-0.00918	631	-0.601	6.41	6	1	2.84	37.69	37.31	37.62	500.60	499.80	0.592	-0.010	0.92	-0.02	600.0	-0	1122	101.4	10.9	-1.95	1.0	111115
185	"13:20:35"	330.0	1.07	-0.00917	628	-0.601	6.41	6	1	2.84	37.69	37.31	37.63	500.59	499.82	0.592	-0.009	0.92	-0.01	600.0	-0	1126	101.4	10.9	-1.95	1.0	111115
186	"13:20:36"	332.0	1.07	-0.00912	629	-0.598	6.42	6	1	2.84	37.70	37.32	37.63	500.58	499.81	0.592	-0.006	0.92	-0.01	600.0	-0	1141	101.4	10.9	-1.95	1.0	111115
187	"13:20:37"	333.5	1.16	-0.00907	645	-0.595	6.42	6	1	2.84	37.71	37.33	37.64	500.68	499.81	0.592	-0.003	0.92	-0.00	600.0	-0	1147	101.4	10.9	-1.95	1.0	111115
188	"13:20:38"	334.0	1.19	-0.00907	648	-0.595	6.42	6	1	2.84	37.71	37.33	37.64	500.70	499.81	0.592	-0.003	0.92	-0.00	600.0	-0	1147	101.4	10.9	-1.95	1.0	111115
189	"13:20:39"	335.0	1.05	-0.00909	625	-0.596	6.42	6	1	2.84	37.71	37.34	37.64	500.64	499.89	0.591	-0.005	0.92	-0.01	600.0	-0	1145	101.4	10.9	-1.95	1.0	111115
190	"13:20:41"	337.0	0.891	-0.0091	599	-0.597	6.43	6	1	2.84	37.72	37.35	37.65	500.54	499.95	0.592	-0.005	0.92	-0.01	599.9	-0	1130	101.4	10.9	-1.95	1.0	111115
191	"13:20:42"	337.5	0.874	-0.00911	596	-0.598	6.43	6	1	2.84	37.72	37.35	37.65	500.51	499.93	0.592	-0.006	0.92	-0.01	599.9	-0	1126	101.4	10.9	-1.95	1.0	111115
192	"13:20:43"	338.5	0.948	-0.00912	608	-0.599	6.43	6	1	2.84	37.72	37.35	37.66	500.54	499.89	0.593	-0.006	0.92	-0.01	599.9	-0	1119	101.4	10.9	-1.95	1.0	111115
193	"13:20:44"	340.5	1.1	-0.00913	632	-0.6	6.43	6	1	2.84	37.73	37.36	37.66	500.59	499.80	0.595	-0.004	0.92	-0.01	600.0	-0	1114	101.4	10.9	-1.95	1.0	111115
194	"13:20:45"	341.5	1.27	-0.00911	661	-0.599	6.43	6	1	2.84	37.74	37.37	37.67	500.71	499.74	0.596	-0.003	0.92	-0.00	599.9	-0	1119	101.4	10.9	-1.95	1.0	111115
195	"13:20:46"	342.0	1.33	-0.0091	671	-0.598	6.43	6	1	2.84	37.74	37.37	37.67	500.73	499.70	0.596	-0.002	0.92	-0.00	600.0	-0	1123	101.4	10.9	-1.95	1.0	111115
196	"13:20:47"	343.0	1.39	-0.00909	682	-0.598	6.43	6	1	2.84	37.74	37.37	37.67	500.79	499.69	0.597	-0.001	0.92	-0.00	600.0	-0	1134	101.4	10.9	-1.95	1.0	111115
197	"13:20:49"	344.0	1.47	-0.00906	697	-0.596	6.44	6	1	2.84	37.75	37.38	37.68	500.89	499.71	0.597	0.002	0.92	0.00	600.1	-0	1146	101.4	10.9	-1.95	1.0	111115
198	"13:20:50"	345.0	1.57	-0.00906	713	-0.596	6.44	6	1	2.84	37.75	37.38	37.68	500.97	499.70	0.598	0.002	0.92	0.00	600.1	-0	1156	101.4	10.9	-1.95	1.0	111115
199	"13:20:51"	346.0	1.46	-0.00907	693	-0.596	6.44	6	1	2.84	37.75	37.38	37.69	500.93	499.78	0.599	0.003	0.92	0.00	600.2	-0	1162	101.4	10.9	-1.95	1.0	111115
200	"13:20:52"	348.0	1.29	-0.00912	665	-0.6	6.44	6	1	2.84	37.76	37.39	37.69	500.75	499.75	0.600	0.001	0.93	0.00	600.0	-0	1147	101.4	10.9	-1.95	1.0	111115
201	"13:20:53"	349.5	1.22	-0.00911	652	-0.6	6.44	6	1	2.84	37.77	37.39	37.70	500.68	499.76	0.600	0.001	0.93	0.00	599.8	-0	1139	101.4	10.9	-1.95	1.0	111115
202	"13:20:54"	350.5	1.26	-0.00906	661	-0.596	6.44	6	1	2.84	37.77	37.39	37.70	500.73	499.76	0.601	0.004	0.93	0.01	599.8	-0	1145	101.4	10.9	-1.95	1.0	111115
203	"13:20:56"	352.0	1.26	-0.00903	661	-0.594	6.44	6	1	2.84	37.78	37.39	37.71	500.72	499.76	0.601	0.007	0.93	0.01	599.9	-0	1155	101.4	10.9	-1.95	1.0	111115
204	"13:20:57"	353.0	1.13	-0.00902	640	-0.593	6.44	6	1	2.84	37.78	37.39	37.71	500.62	499.79	0.603	0.010	0.93	0.01	600.0	-0	1154	101.4	10.9	-1.95	1.0	111115
205	"13:20:58"	354.5	1.12	-0.00908	637	-0.598	6.44	6	1	2.84	37.78	37.40	37.71	500.57	499.75	0.604	0.006	0.93	0.01	599.9	-0	1137	101.4	10.9	-1.95	1.0	111115
206	"13:20:59"	355.5	1.07	-0.00906	630	-0.596	6.44	6	1	2.84	37.79	37.40	37.72	500.58	499.80	0.604	0.008	0.93	0.01	599.9	-0	1125	101.4	10.9	-1.95	1.0	111115
207	"13:21:01"	357.0	1.13	-0.00907	638	-0.597	6.44	6	1	2.84	37.79	37.40	37.72	500.60	499.77	0.604	0.007	0.93	0.01	600.1	-0	1108	101.4	10.9	-1.95	1.0	111115
208	"13:21:02"	358.0	1.04	-0.00902	625	-0.594	6.45	6	1	2.84	37.79	37.41	37.72	500.57	499.83	0.604	0.010	0.93	0.02	600.1	-0	1097	101.4	10.9	-1.95	1.0	111115
209	"13:21:03"	359.5	1.05	-0.00898	626	-0.591	6.45	6	1	2.84	37.80	37.41	37.73	500.52	499.77	0.604	0.013	0.93	0.02	600.1	-0	1092	101.4	10.9	-1.95	1.0	111115
210	"13:21:04"	360.5	0.96	-0.00896	612	-0.59	6.45	6	1	2.84	37.80	37.41	37.73	500.51	499.84	0.605	0.015	0.93	0.02	600.0	-0	1090	101.4	10.9	-1.95	1.0	111115
211	"13:21:06"	362.0	0.994	-0.00893	619	-0.588	6.45	6	1	2.84	37.81	37.42	37.73	500.57	499.87	0.605	0.017	0.93	0.03	599.9	-0	1087	101.4	10.9	-1.95	1.0	111115
212	"13:21:07"	363.0	1.07	-0.00892	631	-0.587	6.45	6	1	2.84	37.81	37.42	37.74	500.62	499.85	0.605	0.018	0.93	0.03	599.9	-0	1075	101.4	10.9	-1.95	1.0	111115
213	"13:21:08"	364.5	1.11	-0.00894	638	-0.589	6.45	6	1	2.84	37.81	37.43	37.74	500.66	499.85	0.607	0.017	0.93	0.03	599.9	-0	1029	101.4	10.9	-1.95	1.0	111115
214	"13:21:09"	365.5	1.18	-0.00894	651	-0.589	6.45	6	1	2.84	37.82	37.43	37.74	500.67	499.78	0.607	0.018	0.93	0.03	599.9	-0	941	101.4	10.9	-1.95	1.0	111115
215	"13:21:11"	367.0	1.16	-0.00896	645	-0.591	6.46	6	1	2.84	37.82	37.44	37.75	500.63	499.77	0.608	0.017	0.94	0.03	599.9	-0	785	101.4	10.9	-1.95	1.0	111115
216	"13:21:12"	368.0	1.23	-0.00894	658	-0.59	6.46	6	1	2.84	37.82	37.44	37.75	500.69	499.75	0.609	0.019	0.94	0.03	599.9	-0	734	101.4	10.9	-1.95	1.0	111115
217	"13:21:13"	369.5	1.24	-0.00892	661	-0.588	6.46	6	1	2.84	37.83	37.45	37.76	500.75	499.80	0.610	0.021	0.94	0.03	600.0	-0	750	101.4	10.9	-1.95	1.0	111115
218	"13:21:14"	370.0	1.27	-0.00892	666	-0.589	6.46	6	1	2.84	37.83	37.45	37.76	500.77	499.79	0.610	0.022	0.94	0.03	600.0	-0	792	101.4	10.9	-1.95	1.0	111115
219	"13:21:15"	371.0	1.23	-0.0089	659	-0.588	6.46	6	1	2.84	37.84	37.46	37.77	500.79	499.85	0.610	0.022	0.94	0.03	600.0	-0	864	101.4	10.9	-1.95	1.0	111115
220	"13:21:16"	372.0	1.29	-0.00889	669	-0.587	6.46	6	1	2.84	37.84	37.46	37.77	500.81	499.81	0.609	0.022	0.94	0.03	600.0	-0	903	101.4	10.9	-1.95	1.0	111115
221	"13:21:18"	374.0	1.27	-0.00889	667	-0.587	6.47	6	1	2.84	37.85	37.47	37.78	500.73	499.75	0.611	0.023	0.94	0.04	599.9	-0	928	101.4	10.9	-1.95	1.0	111115
222	"13:21:19"	375.0	1.15	-0.00888	646	-0.586	6.47	6	1	2.84	37.85	37.48	37.78	500.63	499.77	0.612	0.025	0.94	0.04	600.0	-0	900	101.4	10.9	-1.95	1.0	111115
223	"13:21:20"	376.5	0.917	-0.00886	607	-0.586	6.47	6	1	2.84	37.86	37.48	37.78	500.54	499.91	0.613	0.027	0.94	0.04	600.0	-0	845	101.4	10.9	-1.95	1.0	111115
224	"13:21:21"	377.5	0.976	-0.00889	616	-0.588	6.47	6	1	2.84	37.86	37.49	37.79	500.56	499.88	0.614	0.026	0.94	0.04	600.0	-0	810	101.4	10.9	-1.95	1.0	111115
225	"13:21:22"	378.0	0.992	-0.00888	619	-0.587	6.47	6	1	2.84	37.86	37.49	37.79	500.59	499.89	0.614	0.027	0.94	0.04	600.0	-0	801	101.4	10.9	-1.95	1.0	111115
226	"13:21:24"	380.0	1.18	-0.0089	650	-0.589	6.47	6	1	2.84	37.87	37.49	37.80	500.69	499.81	0.616	0.027	0.94	0.04	599.9	-0	742	101.4	10.9	-1.95	1.0	111115
227	"13:21:25"	381.0	1.24	-0.00891	660	-0.59	6.48	6	1	2.84	37.87	37.50	37.80	500.70	499.76	0.616	0.027	0.95	0.04	599.9	-0	686	101.4	10.9	-1.95	1.0	111115
228	"13:21:26"	381.5	1.25	-0.00891	663	-0.589	6.48	6	1	2.84	37.87	37.50	37.80	500.72	499.76	0.616	0.027	0.95	0.04	599.9	-0	643	101.4	10.9	-1.95	1.0	111115
229	"13:21:27"	383.5	1.42	-0.00892	691	-0.591	6.48	6	1	2.84	37.88	37.51	37.81	500.77	499.64	0.617	0.026	0.95	0.04	599.9	-0	530	101.4	10.9	-1.95	1.0	111115
230	"13:21:28"	384.5	1.33	-0.00891	676	-0.59	6.48	6	1	2.84	37.88	37.51	37.81	500.73	499.69	0.617	0.027	0.95	0.04	600.0	-0	547	101.4	10.9	-1.95	1.0	111115
231	"13:21:30"	386.0	1.3	-0.00884	673	-0.585	6.48	6	1	2.84	37.89	37.52	37.81	500.70	499.69	0.617	0.031	0.95	0.05	600.0	-0	648	101.4	10.9	-1.95	1.0	111115
232	"13:21:31"	387.0	1.28	-0.00884	669	-0.586	6.48	6	1	2.84	37.89	37.52	37.82	500.69	499.71	0.617	0.032	0.95	0.05	600.0	-0	709	101.4	10.9	-1.95	1.0	111115
233	"13:21:32"	388.5	1.38	-0.00878	687	-0.582	6.48	6	1	2.84	37.89	37.52	37.82	500.76	499.68	0.618	0.036	0.95	0.05	600.0	-0	725	101.4	10.9	-1.95	1.0	111115
234	"13:21:33"	389.5	1.31	-0.00879	675	-0.582	6.48	6	1	2.84	37.90	37.53	37.82	500.72	499.71	0.618	0.036	0.95	0.05	600.0	-0	712	101.4	10.9	-1.95	1.0	111115
235	"13:21:35"	391.0	1.24	-0.00876	663	-0.58	6.49	6	1	2.84	37.90	37.53	37.83	500.67	499.73	0.619	0.038	0.95	0.06	600.0	-0	676	101.4	10.9	-1.95	1.0	111115
236	"13:21:36"	392.0	1.14	-0.00878	646	-0.582	6.49	6	1	2.84	37.90	37.53	37.83	500.62	499.77	0.619	0.037	0.95	0.06	600.0	-0	659	101.4	10.9	-1.95	1.0	111115
237	"13:21:37"	393.5	1.22	-0.00878	660	-0.582	6.49	6	1	2.84	37.91	37.54	37.83	500.66	499.73	0.619	0.037	0.95	0.06	600.0	-0	639	101.4	10.9	-1.95	1.0	111115
238	"13:21:38"	394.5	1.26	-0.00878	667	-0.582	6.49	6	1	2.84	37.91	37.54	37.84	500.67	499.70	0.620	0.037	0.95	0.06	600.0	-0	637	101.4	10.9	-1.95	1.0	111115
239	"13:21:40"	396.0	1.32	-0.00875	678	-0.581	6.49	6	1	2.84	37.92	37.55	37.84	500.69	499.66	0.620	0.040	0.95	0.06	600.0	-0	647	101.4	10.9	-1.95	1.0	111115
240	"13:21:41"	397.0	1.23	-0.00874	662	-0.58	6.49	6	1	2.84	37.92	37.55	37.85	500.64	499.70	0.621	0.041	0.95	0.06	600.0	-0	654	101.4	10.9	-1.95	1.0	111115
241	"13:21:42"	398.5	1.27	-0.00869	670	-0.577	6.5	6	1	2.84	37.93	37.56	37.85	500.67	499.69	0.621	0.044	0.95	0.07	600.0	-0	628	101.4	10.9	-1.95	1.0	111115
242	"13:21:43"	399.5	1.25	-0.00868	668	-0.576	6.5	6	1	2.84	37.93	37.56	37.85	500.65	499.69	0.621	0.045	0.95	0.07	600.0	-0	591	101.4	10.9	-1.95	1.0	111115
243	"13:21:44"	400.0	1.24	-0.00869	666	-0.577	6.5	6	1	2.84	37.93	37.56	37.85	500.65	499.70	0.622	0.045	0.95	0.07	600.0	-0	578	101.4	10.9	-1.95	1.0	111115
244	"13:21:46"	402.0	1.37	-0.00865	690	-0.575	6.5	6	1	2.84	37.94	37.57	37.86	500.73	499.65	0.622	0.047	0.95	0.07	600.0	-0	576	101.4	10.9	-1.95	1.0	111115
245	"13:21:47"	403.0	1.52	-0.00866	715	-0.575	6.5	6	1	2.84	37.94	37.57	37.86	500.80	499.57	0.622	0.047	0.95	0.07	600.0	-0	617	101.4	10.9	-1.95	1.0	111115
246	"13:21:48"	403.5	1.57	-0.00864	724	-0.574	6.5	6	1	2.84	37.94	37.58	37.87	500.84	499.56	0.622	0.048	0.95	0.07	600.0	-0	647	101.4	10.9	-1.95	1.0	111115
