"OPEN 5.3.2"
"Fri Aug  3 2018 07:17:52"
"Unit="	"PSC-895"
"ComputeList="	"/User/Configs/Comps/Default"
"BLCTable="	"/Sys/Lib/StdBLCTable"
"LightSource="	"Sun+Sky"	1	0.19
"LogFormat="	"/User/Configs/LogFormats/Std Output"
"LogCodes="	-35	-21	-36	30	23	36	21	25	-33	-34	-32	-9	-10	-8	-1	-2	-4	-5	-14	-15	-7	-12	-13	-11	-65	-66	-72	-23
"PromptList="	"/User/Configs/Prompts/Default (none)"
"Stability= (CO2S 15s SLP<1)(H2OS 15s SLP<1)(Flow 15s SLP<1)"
"07:17:53 co2 500 flow 600"
$STARTOFDATA$
"Obs"	"HHMMSS"	"FTime"	"Photo"	"Cond"	"Ci"	"Trmmol"	"VpdL"	"Area"	"StmRat"	"BLCond"	"Tair"	"Tleaf"	"TBlk"	"CO2R"	"CO2S"	"H2OR"	"H2OS"	"RH_R"	"RH_S"	"Flow"	"PARi"	"PARo"	"Press"	"CsMch"	"HsMch"	"StableF"	"Status"
1	"07:19:45"	123.5	1.62	0.0352	398	1.28	3.67	6	1	2.84	28.49	28.02	28.48	501.34	499.08	0.006	1.283	0.02	3.34	599.1	0	37	101.8	0	0	0.7	111115
2	"07:19:55"	133.0	1.9	0.0326	379	1.19	3.68	6	1	2.84	28.50	28.02	28.49	501.69	499.19	0.007	1.193	0.02	3.11	599.1	0	46	101.8	0	0	0.3	111115
3	"07:19:55"	133.5	1.78	0.0326	385	1.19	3.68	6	1	2.84	28.50	28.02	28.49	501.66	499.28	0.007	1.193	0.02	3.11	599.1	0	47	101.8	0	0	0.3	111115
4	"07:19:57"	135.0	1.53	0.0324	397	1.18	3.68	6	1	2.84	28.50	28.02	28.49	501.51	499.38	0.006	1.188	0.02	3.10	599.1	0	50	101.8	0	0	0.7	111115
5	"07:19:58"	136.5	1.33	0.0323	406	1.18	3.68	6	1	2.84	28.50	28.02	28.49	501.34	499.42	0.006	1.184	0.01	3.08	599.1	0	52	101.8	0	0	0.7	111115
6	"07:19:59"	137.5	1.17	0.0322	414	1.17	3.68	6	1	2.84	28.50	28.02	28.49	501.15	499.40	0.006	1.178	0.01	3.07	599.1	-0	50	101.8	0	0	0.7	111115
7	"07:20:01"	139.0	1.01	0.0319	421	1.16	3.68	6	1	2.84	28.50	28.02	28.49	500.95	499.36	0.006	1.169	0.02	3.04	599.1	-0	44	101.8	0	0	0.7	111115
8	"07:20:02"	140.0	0.999	0.0316	421	1.15	3.68	6	1	2.84	28.50	28.02	28.49	500.86	499.29	0.007	1.161	0.02	3.02	599.1	-0	43	101.8	0	0	1.0	111115
9	"07:20:03"	141.5	0.898	0.0313	426	1.14	3.68	6	1	2.84	28.50	28.02	28.49	500.73	499.26	0.007	1.149	0.02	2.99	599.1	0	45	101.8	0	0	1.0	111115
10	"07:20:04"	142.5	0.909	0.0312	425	1.14	3.68	6	1	2.84	28.50	28.02	28.49	500.72	499.24	0.007	1.144	0.02	2.98	599.1	0	49	101.8	0	0	1.0	111115
11	"07:20:06"	144.0	1	0.0308	420	1.12	3.68	6	1	2.84	28.50	28.02	28.50	500.72	499.16	0.008	1.132	0.02	2.95	599.1	0	50	101.8	0	0	1.0	111115
12	"07:20:07"	145.0	1.03	0.0306	418	1.12	3.68	6	1	2.84	28.50	28.02	28.50	500.74	499.15	0.007	1.127	0.02	2.93	599.1	0	52	101.8	0	0	1.0	111115
13	"07:20:08"	146.5	1.01	0.0303	418	1.11	3.69	6	1	2.84	28.51	28.02	28.50	500.66	499.10	0.008	1.116	0.02	2.91	599.1	-0	55	101.8	0	0	1.0	111115
14	"07:20:09"	147.5	0.924	0.0303	423	1.11	3.69	6	1	2.84	28.51	28.02	28.50	500.59	499.11	0.007	1.113	0.02	2.90	599.1	-0	57	101.8	0	0	1.0	111115
15	"07:20:11"	149.0	0.895	0.0301	424	1.1	3.69	6	1	2.84	28.51	28.02	28.50	500.56	499.11	0.006	1.107	0.02	2.88	599.1	-0	58	101.8	0	0	1.0	111115
16	"07:20:12"	150.0	0.945	0.0299	421	1.09	3.69	6	1	2.84	28.51	28.02	28.50	500.59	499.10	0.006	1.101	0.02	2.87	599.1	-0	58	101.8	0	0	1.0	111115
17	"07:20:13"	151.5	1.13	0.0296	411	1.08	3.69	6	1	2.84	28.51	28.02	28.50	500.72	499.05	0.006	1.090	0.02	2.84	599.1	0	58	101.8	0	0	0.7	111115
18	"07:20:14"	152.5	1.31	0.0294	400	1.07	3.69	6	1	2.84	28.51	28.02	28.50	500.80	498.94	0.006	1.082	0.02	2.82	599.1	-0	58	101.8	0	0	0.7	111115
19	"07:20:15"	153.0	1.29	0.0293	401	1.07	3.69	6	1	2.84	28.51	28.02	28.50	500.77	498.94	0.006	1.077	0.02	2.81	599.1	-0	58	101.8	0	0	0.7	111115
20	"07:20:17"	155.0	1.19	0.0291	406	1.06	3.69	6	1	2.84	28.51	28.02	28.50	500.74	499.02	0.005	1.070	0.01	2.79	599.1	0	58	101.8	0	0	0.7	111115
21	"07:20:18"	156.0	1.17	0.0289	407	1.06	3.69	6	1	2.84	28.51	28.02	28.50	500.73	499.03	0.005	1.063	0.01	2.77	599.0	0	57	101.8	0	0	0.7	111115
22	"07:20:19"	157.5	1.22	0.0287	404	1.05	3.69	6	1	2.84	28.51	28.02	28.50	500.77	499.02	0.005	1.057	0.01	2.75	599.1	-0	57	101.8	0	0	0.7	111115
23	"07:20:20"	158.5	1.24	0.0284	402	1.04	3.69	6	1	2.84	28.51	28.02	28.50	500.80	499.04	0.006	1.048	0.02	2.73	599.1	-0	57	101.8	0	0	1.0	111115
24	"07:20:22"	160.0	1.34	0.0282	396	1.03	3.69	6	1	2.84	28.51	28.02	28.50	500.82	498.96	0.007	1.040	0.02	2.71	599.1	-0	57	101.8	0	0	1.0	111115
25	"07:20:23"	161.0	1.35	0.028	395	1.03	3.69	6	1	2.84	28.51	28.02	28.51	500.82	498.95	0.007	1.034	0.02	2.69	599.1	-0	57	101.8	0	0	1.0	111115
26	"07:20:24"	162.5	1.4	0.0279	392	1.02	3.7	6	1	2.84	28.51	28.03	28.51	500.83	498.92	0.006	1.030	0.02	2.68	599.1	-0	57	101.8	0	0	1.0	111115
27	"07:20:25"	163.5	1.42	0.0278	390	1.02	3.7	6	1	2.84	28.52	28.02	28.51	500.88	498.95	0.007	1.026	0.02	2.67	599.1	-0	57	101.8	0	0	1.0	111115
28	"07:20:27"	165.0	1.49	0.0276	386	1.01	3.7	6	1	2.84	28.52	28.02	28.51	500.95	498.95	0.007	1.020	0.02	2.66	599.1	-0	57	101.8	0	0	1.0	111115
29	"07:20:28"	166.0	1.4	0.0275	390	1.01	3.7	6	1	2.84	28.52	28.03	28.51	500.94	499.03	0.007	1.015	0.02	2.64	599.1	-0	57	101.8	0	0	1.0	111115
30	"07:20:29"	167.5	1.38	0.0272	391	0.998	3.7	6	1	2.84	28.52	28.03	28.51	500.94	499.06	0.006	1.005	0.02	2.62	599.1	-0	57	101.8	0	0	1.0	111115
31	"07:20:30"	168.5	1.38	0.0271	391	0.994	3.7	6	1	2.84	28.52	28.03	28.51	500.95	499.08	0.006	1.001	0.02	2.61	599.0	0	57	101.8	0	0	1.0	111115
32	"07:20:32"	170.0	1.38	0.0269	390	0.987	3.7	6	1	2.84	28.52	28.03	28.51	500.93	499.06	0.006	0.994	0.02	2.59	599.1	0	56	101.8	0	0	1.0	111115
33	"07:20:33"	171.0	1.4	0.0268	389	0.985	3.7	6	1	2.84	28.52	28.03	28.51	500.94	499.05	0.005	0.991	0.01	2.58	599.1	0	56	101.8	0	0	1.0	111115
34	"07:20:34"	172.5	1.35	0.0266	391	0.976	3.7	6	1	2.84	28.52	28.03	28.51	500.91	499.08	0.007	0.983	0.02	2.56	599.1	-0	56	101.8	0	0	1.0	111115
35	"07:20:35"	173.5	1.38	0.0264	389	0.97	3.7	6	1	2.84	28.52	28.03	28.51	500.94	499.08	0.007	0.977	0.02	2.54	599.1	-0	56	101.8	0	0	1.0	111115
36	"07:20:37"	175.0	1.46	0.0262	383	0.962	3.7	6	1	2.84	28.52	28.03	28.51	500.99	499.05	0.007	0.970	0.02	2.53	599.1	-0	56	101.8	0	0	1.0	111115
37	"07:20:38"	176.0	1.48	0.0261	382	0.959	3.7	6	1	2.84	28.52	28.03	28.51	501.01	499.06	0.006	0.966	0.02	2.51	599.1	0	56	101.8	0	0	1.0	111115
38	"07:20:39"	177.5	1.45	0.0259	383	0.953	3.7	6	1	2.84	28.52	28.03	28.51	501.02	499.10	0.005	0.959	0.01	2.49	599.1	0	56	101.8	0	0	1.0	111115
39	"07:20:40"	178.5	1.42	0.0258	384	0.948	3.7	6	1	2.84	28.52	28.03	28.52	501.03	499.13	0.005	0.954	0.01	2.48	599.1	0	56	101.8	0	0	1.0	111115
40	"07:20:42"	180.0	1.47	0.0256	380	0.941	3.7	6	1	2.84	28.52	28.03	28.52	501.08	499.13	0.005	0.947	0.01	2.46	599.1	-0	56	101.8	0	0	1.0	111115
41	"07:20:43"	181.0	1.39	0.0255	385	0.939	3.7	6	1	2.84	28.52	28.03	28.52	501.02	499.16	0.005	0.945	0.01	2.46	599.1	-0	55	101.8	0	0	1.0	111115
42	"07:20:44"	182.5	1.43	0.0254	382	0.933	3.7	6	1	2.84	28.52	28.02	28.52	501.03	499.14	0.005	0.938	0.01	2.44	599.1	-0	51	101.8	0	0	1.0	111115
43	"07:20:45"	183.5	1.47	0.0253	379	0.929	3.7	6	1	2.84	28.52	28.02	28.52	501.06	499.12	0.005	0.935	0.01	2.43	599.1	0	47	101.8	0	0	1.0	111115
44	"07:20:46"	185.0	1.52	0.0251	376	0.922	3.7	6	1	2.84	28.52	28.02	28.52	501.08	499.10	0.005	0.928	0.01	2.41	599.1	0	43	101.8	0	0	1.0	111115
45	"07:20:47"	185.5	1.55	0.025	373	0.92	3.7	6	1	2.84	28.52	28.02	28.52	501.10	499.08	0.005	0.926	0.01	2.41	599.1	-0	43	101.8	0	0	1.0	111115
46	"07:20:49"	186.5	1.54	0.0249	373	0.915	3.71	6	1	2.84	28.52	28.02	28.52	501.09	499.09	0.005	0.921	0.01	2.40	599.1	-0	44	101.8	0	0	1.0	111115
47	"07:20:50"	188.0	1.56	0.0247	372	0.91	3.71	6	1	2.84	28.52	28.02	28.52	501.12	499.11	0.005	0.916	0.01	2.38	599.1	-0	47	101.8	0	0	1.0	111115
48	"07:20:51"	188.5	1.64	0.0247	366	0.909	3.71	6	1	2.84	28.52	28.02	28.52	501.18	499.08	0.006	0.915	0.02	2.38	599.1	-0	47	101.8	0	0	1.0	111115
49	"07:20:52"	189.5	1.61	0.0246	368	0.905	3.71	6	1	2.84	28.52	28.02	28.52	501.18	499.12	0.006	0.911	0.02	2.37	599.1	-0	48	101.8	0	0	1.0	111115
50	"07:20:53"	191.5	1.57	0.0243	369	0.896	3.71	6	1	2.84	28.52	28.02	28.52	501.21	499.19	0.006	0.903	0.02	2.35	599.0	0	48	101.8	0	0	1.0	111115
51	"07:20:54"	192.0	1.59	0.0243	368	0.893	3.71	6	1	2.84	28.52	28.02	28.52	501.22	499.19	0.006	0.900	0.02	2.34	599.1	0	49	101.8	0	0	1.0	111115
52	"07:20:56"	194.0	1.46	0.024	376	0.883	3.71	6	1	2.84	28.52	28.02	28.52	501.15	499.25	0.007	0.890	0.02	2.32	599.2	-0	52	101.8	0	0	1.0	111115
53	"07:20:57"	195.5	1.37	0.0239	381	0.879	3.71	6	1	2.84	28.52	28.02	28.52	501.14	499.32	0.006	0.885	0.02	2.30	599.3	-0	53	101.8	0	0	1.0	111115
54	"07:20:58"	196.5	1.38	0.0238	380	0.877	3.71	6	1	2.84	28.52	28.02	28.52	501.16	499.34	0.005	0.883	0.01	2.30	599.3	-0	53	101.8	0	0	1.0	111115
55	"07:20:59"	198.0	1.37	0.0237	380	0.873	3.71	6	1	2.84	28.52	28.02	28.52	501.13	499.32	0.005	0.878	0.01	2.28	599.2	-0	52	101.8	0	0	1.0	111115
56	"07:21:01"	199.0	1.45	0.0236	375	0.869	3.71	6	1	2.84	28.52	28.02	28.52	501.10	499.22	0.004	0.874	0.01	2.27	599.1	-0	52	101.8	0	0	1.0	111115
57	"07:21:02"	200.5	1.42	0.0234	375	0.864	3.71	6	1	2.84	28.52	28.02	28.52	501.11	499.26	0.005	0.869	0.01	2.26	599.1	-0	52	101.8	0	0	1.0	111115
58	"07:21:03"	201.5	1.57	0.0234	365	0.861	3.71	6	1	2.84	28.52	28.02	28.52	501.22	499.22	0.005	0.867	0.01	2.26	599.1	-0	52	101.8	0	0	1.0	111115
59	"07:21:04"	202.0	1.63	0.0233	361	0.858	3.71	6	1	2.84	28.52	28.01	28.52	501.27	499.21	0.006	0.864	0.02	2.25	599.1	-0	52	101.8	0	0	1.0	111115
60	"07:21:05"	203.0	1.68	0.0232	357	0.855	3.71	6	1	2.84	28.52	28.01	28.52	501.34	499.24	0.006	0.861	0.01	2.24	599.1	-0	53	101.8	0	0	1.0	111115
61	"07:21:06"	204.0	1.8	0.0231	349	0.851	3.71	6	1	2.84	28.52	28.01	28.52	501.40	499.18	0.005	0.857	0.01	2.23	599.1	-0	53	101.8	0	0	1.0	111115
62	"07:21:07"	205.0	1.79	0.023	349	0.848	3.71	6	1	2.84	28.52	28.01	28.52	501.41	499.20	0.006	0.855	0.01	2.22	599.1	-0	54	101.8	0	0	1.0	111115
63	"07:21:09"	207.0	1.65	0.0228	357	0.841	3.71	6	1	2.84	28.52	28.01	28.52	501.33	499.26	0.006	0.847	0.01	2.21	599.1	-0	55	101.8	0	0	1.0	111115
64	"07:21:10"	208.5	1.32	0.0227	380	0.838	3.71	6	1	2.84	28.52	28.00	28.52	501.25	499.51	0.006	0.844	0.02	2.20	599.1	-0	55	101.8	0	0	1.0	111115
65	"07:21:11"	209.5	1.27	0.0228	383	0.84	3.71	6	1	2.84	28.52	28.00	28.52	501.24	499.55	0.006	0.847	0.02	2.20	599.0	-0	55	101.8	0	0	1.0	111115
66	"07:21:12"	211.0	1.25	0.0227	384	0.836	3.71	6	1	2.84	28.52	28.00	28.52	501.24	499.56	0.006	0.842	0.02	2.19	599.1	-0	55	101.8	0	0	1.0	111115
67	"07:21:14"	212.0	1.27	0.0226	383	0.833	3.71	6	1	2.84	28.52	28.00	28.52	501.22	499.54	0.006	0.839	0.02	2.18	599.1	-0	55	101.8	0	0	1.0	111115
68	"07:21:15"	213.5	1.48	0.0223	367	0.824	3.71	6	1	2.84	28.52	28.00	28.52	501.31	499.42	0.006	0.830	0.02	2.16	599.1	-0	55	101.8	0	0	1.0	111115
69	"07:21:16"	214.5	1.56	0.0222	361	0.82	3.71	6	1	2.84	28.52	28.00	28.52	501.37	499.40	0.006	0.826	0.02	2.15	599.1	-0	54	101.8	0	0	1.0	111115
70	"07:21:17"	216.0	1.73	0.0221	348	0.815	3.71	6	1	2.84	28.52	28.00	28.52	501.45	499.31	0.006	0.821	0.01	2.14	599.1	0	54	101.8	0	0	1.0	111115
71	"07:21:18"	216.5	1.73	0.0221	348	0.814	3.71	6	1	2.84	28.52	28.00	28.52	501.46	499.32	0.006	0.821	0.01	2.14	599.1	0	54	101.8	0	0	1.0	111115
72	"07:21:20"	217.5	1.62	0.022	355	0.811	3.71	6	1	2.84	28.52	28.00	28.52	501.41	499.38	0.005	0.816	0.01	2.13	599.1	0	53	101.8	0	0	1.0	111115
73	"07:21:21"	219.0	1.62	0.0219	355	0.807	3.71	6	1	2.84	28.52	28.00	28.52	501.39	499.36	0.005	0.813	0.01	2.12	599.1	-0	51	101.8	0	0	1.0	111115
74	"07:21:22"	219.5	1.64	0.0218	353	0.806	3.71	6	1	2.84	28.52	28.00	28.52	501.40	499.36	0.005	0.811	0.01	2.11	599.0	-0	49	101.8	0	0	1.0	111115
75	"07:21:23"	221.5	1.68	0.0216	349	0.797	3.71	6	1	2.84	28.52	28.00	28.52	501.42	499.33	0.005	0.803	0.01	2.09	599.0	0	47	101.8	0	0	1.0	111115
76	"07:21:24"	223.0	1.64	0.0214	351	0.791	3.71	6	1	2.84	28.52	27.99	28.52	501.45	499.41	0.006	0.798	0.02	2.08	599.0	0	50	101.8	0	0	1.0	111115
77	"07:21:26"	224.0	1.59	0.0214	354	0.789	3.71	6	1	2.84	28.52	27.99	28.52	501.43	499.44	0.005	0.795	0.01	2.07	599.1	0	52	101.8	0	0	1.0	111115
78	"07:21:27"	225.5	1.63	0.0213	351	0.786	3.71	6	1	2.84	28.52	28.00	28.52	501.48	499.45	0.005	0.792	0.01	2.06	599.1	-0	53	101.8	0	0	1.0	111115
79	"07:21:28"	226.5	1.58	0.0213	355	0.785	3.71	6	1	2.84	28.52	27.99	28.52	501.46	499.48	0.004	0.790	0.01	2.06	599.1	-0	53	101.8	0	0	1.0	111115
80	"07:21:29"	228.0	1.64	0.0211	350	0.78	3.71	6	1	2.84	28.51	27.99	28.52	501.47	499.44	0.005	0.786	0.01	2.05	599.1	-0	53	101.8	0	0	1.0	111115
81	"07:21:31"	229.0	1.6	0.0211	352	0.779	3.71	6	1	2.84	28.51	27.99	28.52	501.46	499.47	0.005	0.784	0.01	2.04	599.2	-0	54	101.8	0	0	1.0	111115
82	"07:21:32"	229.5	1.61	0.021	351	0.776	3.71	6	1	2.84	28.51	27.99	28.52	501.45	499.45	0.005	0.782	0.01	2.04	599.2	-0	54	101.8	0	0	1.0	111115
83	"07:21:33"	231.5	1.57	0.021	353	0.773	3.71	6	1	2.84	28.51	27.99	28.52	501.50	499.54	0.004	0.778	0.01	2.03	599.1	-0	54	101.8	0	0	1.0	111115
84	"07:21:34"	233.0	1.54	0.0209	355	0.771	3.71	6	1	2.84	28.51	27.99	28.52	501.50	499.58	0.004	0.775	0.01	2.02	599.1	-0	54	101.8	0	0	1.0	111115
85	"07:21:35"	233.5	1.55	0.0209	355	0.771	3.71	6	1	2.84	28.51	27.99	28.52	501.51	499.58	0.003	0.775	0.01	2.02	599.1	-0	54	101.8	0	0	1.0	111115
86	"07:21:37"	235.0	1.49	0.0208	359	0.766	3.71	6	1	2.84	28.51	27.99	28.52	501.50	499.62	0.004	0.770	0.01	2.01	599.1	-0	54	101.8	0	0	1.0	111115
87	"07:21:38"	236.5	1.38	0.0206	367	0.762	3.71	6	1	2.84	28.51	27.99	28.52	501.42	499.66	0.003	0.766	0.01	1.99	599.1	-0	54	101.8	0	0	1.0	111115
88	"07:21:39"	237.5	1.23	0.0205	377	0.759	3.71	6	1	2.84	28.51	27.99	28.52	501.27	499.66	0.003	0.763	0.01	1.99	599.1	-0	54	101.8	0	0	1.0	111115
89	"07:21:40"	239.0	0.857	0.0204	405	0.753	3.71	6	1	2.84	28.51	27.98	28.51	500.84	499.61	0.003	0.757	0.01	1.97	599.1	-0	54	101.8	0	0	1.0	111115
90	"07:21:42"	240.0	0.596	0.0203	425	0.75	3.71	6	1	2.84	28.51	27.98	28.51	500.53	499.56	0.003	0.754	0.01	1.96	599.0	0	54	101.8	0	0	1.0	111115
91	"07:21:43"	241.5	0.222	0.0202	454	0.747	3.71	6	1	2.84	28.51	27.98	28.51	500.11	499.52	0.003	0.750	0.01	1.95	599.1	-0	54	101.8	0	0	1.0	111115
92	"07:21:44"	242.5	0.0578	0.0202	466	0.745	3.71	6	1	2.84	28.51	27.98	28.51	499.91	499.48	0.003	0.749	0.01	1.95	599.1	-0	54	101.8	0	0	1.0	111115
93	"07:21:45"	244.0	0.00819	0.0201	470	0.742	3.71	6	1	2.84	28.51	27.98	28.51	499.75	499.37	0.003	0.746	0.01	1.94	599.1	-0	54	101.8	0	0	1.0	111115
94	"07:21:47"	245.0	0.0266	0.02	468	0.738	3.71	6	1	2.84	28.51	27.97	28.51	499.70	499.31	0.003	0.742	0.01	1.93	599.1	-0	54	101.8	0	0	1.0	111115
95	"07:21:48"	246.5	0.135	0.0199	460	0.734	3.71	6	1	2.84	28.51	27.98	28.51	499.73	499.23	0.004	0.738	0.01	1.92	599.0	-0	53	101.8	0	0	1.0	111115
96	"07:21:49"	247.5	0.265	0.0198	449	0.731	3.71	6	1	2.84	28.50	27.98	28.51	499.80	499.16	0.004	0.736	0.01	1.92	599.0	-0	53	101.8	0	0	1.0	111115
97	"07:21:50"	249.0	0.391	0.0197	439	0.729	3.71	6	1	2.84	28.50	27.98	28.51	499.85	499.09	0.004	0.734	0.01	1.91	599.1	-0	53	101.8	0	0	0.7	111115
98	"07:21:52"	250.0	0.506	0.0197	430	0.728	3.71	6	1	2.84	28.50	27.98	28.51	499.87	498.99	0.004	0.733	0.01	1.91	599.1	-0	53	101.8	0	0	0.7	111115
99	"07:21:53"	251.5	0.606	0.0196	422	0.724	3.72	6	1	2.84	28.50	27.98	28.51	499.88	498.91	0.004	0.728	0.01	1.90	599.2	-0	53	101.8	0	0	0.7	111115
100	"07:21:54"	252.5	0.68	0.0196	416	0.722	3.72	6	1	2.84	28.50	27.98	28.51	499.90	498.86	0.003	0.726	0.01	1.89	599.1	-0	53	101.8	0	0	0.7	111115
101	"07:21:55"	253.0	0.666	0.0195	417	0.721	3.72	6	1	2.84	28.50	27.98	28.51	499.89	498.86	0.003	0.725	0.01	1.89	599.1	-0	53	101.8	0	0	0.7	111115
102	"07:21:57"	255.0	0.681	0.0194	415	0.716	3.72	6	1	2.84	28.50	27.98	28.51	499.90	498.86	0.004	0.720	0.01	1.88	599.1	-0	53	101.8	0	0	0.7	111115
103	"07:21:58"	256.5	0.72	0.0193	412	0.714	3.72	6	1	2.84	28.50	27.97	28.51	499.90	498.83	0.004	0.718	0.01	1.87	599.1	-0	53	101.8	0	0	0.7	111115
104	"07:21:59"	257.5	0.827	0.0193	403	0.712	3.72	6	1	2.84	28.50	27.97	28.51	499.93	498.74	0.004	0.717	0.01	1.87	599.1	-0	53	101.8	0	0	0.7	111115
105	"07:22:00"	259.0	0.814	0.0192	404	0.709	3.72	6	1	2.84	28.50	27.98	28.51	499.91	498.74	0.004	0.714	0.01	1.86	599.1	-0	53	101.8	0	0	0.7	111115
106	"07:22:02"	260.0	0.789	0.0191	405	0.707	3.72	6	1	2.84	28.50	27.98	28.51	499.88	498.73	0.003	0.711	0.01	1.85	599.1	-0	53	101.8	0	0	0.7	111115
107	"07:22:03"	261.5	0.888	0.019	397	0.702	3.72	6	1	2.84	28.50	27.98	28.51	499.93	498.69	0.003	0.706	0.01	1.84	599.1	0	53	101.8	0	0	0.7	111115
108	"07:22:04"	262.5	1.03	0.0189	385	0.699	3.72	6	1	2.84	28.50	27.98	28.51	499.97	498.59	0.003	0.703	0.01	1.83	599.1	0	53	101.8	0	0	0.7	111115
109	"07:22:05"	264.0	1.12	0.0189	377	0.699	3.72	6	1	2.84	28.50	27.98	28.51	500.02	498.55	0.005	0.704	0.01	1.83	599.1	0	53	101.8	0	0	0.7	111115
110	"07:22:07"	265.0	1.17	0.0188	372	0.697	3.72	6	1	2.84	28.50	27.98	28.51	500.05	498.53	0.004	0.702	0.01	1.83	599.0	-0	53	101.8	0	0	0.7	111115
111	"07:22:08"	266.5	1.01	0.0188	385	0.694	3.72	6	1	2.84	28.50	27.98	28.51	499.97	498.61	0.004	0.698	0.01	1.82	599.1	-0	53	101.8	0	0	0.7	111115
112	"07:22:09"	267.5	0.93	0.0187	392	0.691	3.72	6	1	2.84	28.50	27.98	28.51	499.94	498.66	0.004	0.696	0.01	1.81	599.1	0	53	101.8	0	0	0.7	111115
113	"07:22:10"	269.0	0.978	0.0186	388	0.689	3.72	6	1	2.84	28.50	27.98	28.50	499.97	498.65	0.004	0.693	0.01	1.80	599.2	0	53	101.8	0	0	0.7	111115
114	"07:22:12"	270.0	1.07	0.0186	380	0.688	3.72	6	1	2.84	28.50	27.98	28.50	500.02	498.61	0.004	0.692	0.01	1.80	599.2	0	53	101.8	0	0	0.7	111115
115	"07:22:13"	271.5	1.26	0.0185	363	0.685	3.72	6	1	2.84	28.50	27.98	28.50	500.12	498.51	0.004	0.690	0.01	1.80	599.2	0	53	101.8	0	0	0.7	111115
116	"07:22:14"	272.5	1.2	0.0185	368	0.683	3.72	6	1	2.84	28.50	27.99	28.50	500.09	498.54	0.004	0.688	0.01	1.79	599.2	-0	53	101.8	0	0	1.0	111115
117	"07:22:15"	274.0	1.2	0.0184	368	0.681	3.72	6	1	2.84	28.50	27.99	28.50	500.10	498.56	0.003	0.685	0.01	1.78	599.1	-0	53	101.8	0	0	1.0	111115
118	"07:22:17"	275.0	1.22	0.0183	365	0.678	3.72	6	1	2.84	28.50	27.99	28.50	500.12	498.56	0.003	0.682	0.01	1.78	599.1	-0	53	101.8	0	0	1.0	111115
119	"07:22:18"	276.5	1.22	0.0182	365	0.675	3.72	6	1	2.84	28.50	27.99	28.50	500.09	498.53	0.003	0.678	0.01	1.77	599.1	-0	53	101.8	0	0	1.0	111115
120	"07:22:19"	277.5	1.16	0.0182	370	0.674	3.72	6	1	2.84	28.50	27.98	28.50	500.02	498.52	0.002	0.677	0.01	1.76	599.1	-0	53	101.8	0	0	1.0	111115
121	"07:22:20"	279.0	1.24	0.0181	363	0.671	3.72	6	1	2.84	28.50	27.98	28.50	500.05	498.48	0.002	0.674	0.01	1.76	599.1	-0	53	101.8	0	0	1.0	111115
122	"07:22:22"	280.0	1.3	0.0181	357	0.67	3.72	6	1	2.84	28.50	27.98	28.50	500.09	498.45	0.002	0.673	0.01	1.75	599.1	-0	52	101.8	0	0	1.0	111115
123	"07:22:23"	281.5	1.38	0.018	350	0.667	3.72	6	1	2.84	28.50	27.98	28.50	500.18	498.46	0.003	0.671	0.01	1.75	599.1	-0	53	101.8	0	0	1.0	111115
124	"07:22:24"	282.5	1.35	0.018	353	0.666	3.72	6	1	2.84	28.50	27.98	28.50	500.17	498.48	0.003	0.670	0.01	1.75	599.1	-0	53	101.8	0	0	1.0	111115
125	"07:22:25"	283.0	1.3	0.018	356	0.665	3.72	6	1	2.84	28.50	27.98	28.50	500.15	498.51	0.004	0.669	0.01	1.74	599.1	-0	53	101.8	0	0	1.0	111115
126	"07:22:27"	285.0	1.35	0.0179	352	0.663	3.72	6	1	2.84	28.50	27.99	28.50	500.21	498.52	0.002	0.667	0.01	1.74	599.1	-0	53	101.8	0	0	1.0	111115
127	"07:22:28"	286.5	1.43	0.0177	344	0.657	3.73	6	1	2.84	28.50	27.99	28.50	500.22	498.47	0.003	0.661	0.01	1.72	599.1	-0	52	101.8	0	0	1.0	111115
128	"07:22:29"	287.0	1.39	0.0177	347	0.657	3.73	6	1	2.84	28.50	27.99	28.50	500.20	498.48	0.003	0.661	0.01	1.72	599.1	-0	52	101.8	0	0	1.0	111115
129	"07:22:30"	288.5	1.39	0.0176	346	0.653	3.73	6	1	2.84	28.50	27.99	28.50	500.19	498.47	0.004	0.658	0.01	1.71	599.1	-0	53	101.8	0	0	1.0	111115
130	"07:22:31"	289.0	1.37	0.0176	348	0.653	3.73	6	1	2.84	28.50	27.99	28.50	500.17	498.48	0.004	0.658	0.01	1.71	599.1	-0	53	101.8	0	0	1.0	111115
131	"07:22:33"	291.0	1.27	0.0176	357	0.651	3.73	6	1	2.84	28.50	27.99	28.50	500.12	498.53	0.003	0.654	0.01	1.71	599.0	-0	53	101.8	0	0	1.0	111115
132	"07:22:34"	292.5	1.31	0.0175	353	0.648	3.73	6	1	2.84	28.50	27.99	28.50	500.12	498.49	0.003	0.651	0.01	1.70	599.0	-0	53	101.8	0	0	1.0	111115
133	"07:22:35"	293.5	1.19	0.0175	363	0.648	3.73	6	1	2.84	28.50	27.99	28.50	500.06	498.54	0.003	0.651	0.01	1.70	599.0	-0	53	101.8	0	0	1.0	111115
134	"07:22:36"	295.0	1.23	0.0174	359	0.646	3.73	6	1	2.84	28.50	27.99	28.51	500.10	498.54	0.002	0.649	0.01	1.69	599.0	-0	53	101.8	0	0	1.0	111115
135	"07:22:38"	296.0	1.19	0.0174	363	0.644	3.73	6	1	2.84	28.50	27.99	28.51	500.11	498.60	0.002	0.647	0.01	1.69	599.1	-0	53	101.8	0	0	1.0	111115
136	"07:22:39"	297.5	1.28	0.0173	354	0.64	3.73	6	1	2.84	28.50	27.99	28.51	500.19	498.59	0.002	0.643	0.01	1.68	599.1	0	54	101.8	0	0	1.0	111115
137	"07:22:40"	298.5	1.35	0.0172	347	0.639	3.73	6	1	2.84	28.50	27.98	28.51	500.25	498.57	0.003	0.642	0.01	1.67	599.1	0	55	101.8	0	0	1.0	111115
138	"07:22:41"	300.0	1.34	0.0171	347	0.635	3.73	6	1	2.84	28.50	27.98	28.51	500.25	498.59	0.003	0.638	0.01	1.66	599.1	0	56	101.8	0	0	1.0	111115
139	"07:22:43"	301.0	1.38	0.0171	344	0.635	3.73	6	1	2.84	28.50	27.98	28.51	500.27	498.57	0.003	0.639	0.01	1.67	599.1	-0	57	101.8	0	0	1.0	111115
140	"07:22:44"	302.5	1.36	0.0171	346	0.635	3.73	6	1	2.84	28.50	27.98	28.51	500.23	498.55	0.002	0.637	0.01	1.66	599.0	-0	58	101.8	0	0	1.0	111115
141	"07:22:45"	303.5	1.3	0.0171	351	0.634	3.73	6	1	2.84	28.50	27.98	28.51	500.24	498.62	0.002	0.636	0.01	1.66	599.0	-0	59	101.8	0	0	1.0	111115
142	"07:22:46"	305.0	1.36	0.017	344	0.63	3.73	6	1	2.84	28.51	27.98	28.51	500.27	498.59	0.002	0.632	0.01	1.65	599.0	-0	60	101.8	0	0	1.0	111115
143	"07:22:48"	306.0	1.36	0.0169	344	0.628	3.73	6	1	2.84	28.50	27.99	28.51	500.26	498.59	0.002	0.631	0.01	1.64	599.0	-0	60	101.8	0	0	1.0	111115
144	"07:22:49"	307.5	1.41	0.0168	339	0.625	3.73	6	1	2.84	28.50	27.99	28.51	500.26	498.54	0.002	0.628	0.01	1.64	599.0	-0	60	101.8	0	0	1.0	111115
145	"07:22:50"	308.0	1.34	0.0168	345	0.624	3.73	6	1	2.84	28.50	27.99	28.51	500.23	498.58	0.002	0.627	0.01	1.63	599.0	-0	60	101.8	0	0	1.0	111115
146	"07:22:51"	309.5	1.42	0.0168	338	0.625	3.73	6	1	2.84	28.51	27.99	28.51	500.32	498.59	0.001	0.627	0.00	1.63	599.0	-0	60	101.8	0	0	1.0	111115
147	"07:22:52"	311.0	1.31	0.0168	348	0.623	3.73	6	1	2.84	28.51	27.99	28.51	500.29	498.67	0.002	0.626	0.01	1.63	599.0	-0	59	101.8	0	0	1.0	111115
148	"07:22:54"	312.0	1.48	0.0168	332	0.622	3.73	6	1	2.84	28.51	27.99	28.51	500.38	498.59	0.002	0.625	0.01	1.63	599.1	-0	59	101.8	0	0	1.0	111115
149	"07:22:55"	312.5	1.44	0.0168	336	0.622	3.73	6	1	2.84	28.51	27.99	28.51	500.35	498.60	0.002	0.625	0.01	1.63	599.1	-0	59	101.8	0	0	1.0	111115
150	"07:22:56"	314.5	1.34	0.0167	345	0.621	3.73	6	1	2.84	28.51	27.99	28.51	500.30	498.65	0.002	0.624	0.01	1.62	599.1	-0	58	101.8	0	0	1.0	111115
151	"07:22:57"	315.5	1.37	0.0166	341	0.618	3.73	6	1	2.84	28.51	27.99	28.51	500.35	498.67	0.002	0.621	0.01	1.62	599.1	-0	57	101.8	0	0	1.0	111115
152	"07:22:58"	317.0	1.43	0.0166	335	0.615	3.73	6	1	2.84	28.51	28.00	28.51	500.42	498.68	0.002	0.618	0.01	1.61	599.1	0	56	101.8	0	0	1.0	111115
153	"07:23:00"	318.0	1.45	0.0165	333	0.614	3.73	6	1	2.84	28.51	28.00	28.51	500.46	498.70	0.002	0.616	0.01	1.61	599.1	0	56	101.8	0	0	1.0	111115
154	"07:23:01"	319.5	1.42	0.0164	334	0.61	3.73	6	1	2.84	28.51	28.00	28.51	500.42	498.69	0.003	0.613	0.01	1.60	599.1	0	55	101.8	0	0	1.0	111115
155	"07:23:02"	320.5	1.28	0.0164	348	0.61	3.73	6	1	2.84	28.51	28.00	28.51	500.33	498.75	0.003	0.613	0.01	1.60	599.1	-0	54	101.8	0	0	1.0	111115
156	"07:23:03"	322.0	1.39	0.0163	337	0.607	3.73	6	1	2.84	28.51	28.00	28.51	500.39	498.69	0.003	0.611	0.01	1.59	599.1	-0	54	101.8	0	0	1.0	111115
157	"07:23:05"	323.0	1.54	0.0163	322	0.607	3.73	6	1	2.84	28.51	28.00	28.51	500.47	498.63	0.003	0.610	0.01	1.59	599.1	-0	53	101.8	0	0	1.0	111115
158	"07:23:06"	323.5	1.56	0.0163	320	0.605	3.73	6	1	2.84	28.51	28.00	28.51	500.49	498.63	0.003	0.608	0.01	1.58	599.1	-0	53	101.8	0	0	1.0	111115
159	"07:23:07"	324.5	1.58	0.0162	317	0.602	3.73	6	1	2.84	28.51	28.00	28.51	500.51	498.63	0.002	0.605	0.01	1.58	599.0	-0	53	101.8	0	0	1.0	111115
160	"07:23:08"	325.5	1.56	0.0162	319	0.601	3.73	6	1	2.84	28.51	28.00	28.51	500.48	498.62	0.002	0.603	0.00	1.57	599.0	-0	53	101.8	0	0	1.0	111115
161	"07:23:09"	327.5	1.31	0.0161	343	0.599	3.74	6	1	2.84	28.51	28.01	28.51	500.35	498.74	0.001	0.601	0.00	1.56	599.2	-0	54	101.8	0	0	1.0	111115
162	"07:23:10"	329.0	1.34	0.0161	340	0.597	3.74	6	1	2.84	28.51	28.01	28.51	500.38	498.74	0.001	0.598	0.00	1.56	599.2	-0	54	101.8	0	0	1.0	111115
163	"07:23:12"	330.0	1.45	0.016	328	0.594	3.74	6	1	2.84	28.51	28.00	28.51	500.45	498.70	0.001	0.596	0.00	1.55	599.2	-0	54	101.8	0	0	1.0	111115
164	"07:23:13"	331.5	1.46	0.016	327	0.595	3.73	6	1	2.84	28.51	28.00	28.51	500.48	498.72	0.002	0.597	0.00	1.55	599.1	-0	54	101.8	0	0	1.0	111115
165	"07:23:14"	332.5	1.44	0.0159	328	0.592	3.73	6	1	2.84	28.51	28.00	28.51	500.48	498.74	0.002	0.594	0.00	1.55	599.2	-0	54	101.8	0	0	1.0	111115
166	"07:23:15"	334.0	1.37	0.0159	336	0.593	3.74	6	1	2.84	28.52	28.01	28.51	500.44	498.77	0.002	0.595	0.00	1.55	599.2	-0	54	101.8	0	0	1.0	111115
167	"07:23:17"	335.0	1.47	0.0159	326	0.591	3.74	6	1	2.84	28.52	28.01	28.51	500.48	498.72	0.002	0.593	0.00	1.54	599.1	-0	55	101.8	0	0	1.0	111115
168	"07:23:18"	336.5	1.6	0.0158	312	0.589	3.74	6	1	2.84	28.52	28.01	28.51	500.56	498.66	0.002	0.592	0.01	1.54	599.1	-0	54	101.8	0	0	1.0	111115
169	"07:23:19"	337.0	1.63	0.0158	309	0.588	3.74	6	1	2.84	28.52	28.01	28.51	500.57	498.65	0.002	0.591	0.01	1.54	599.1	-0	54	101.8	0	0	1.0	111115
170	"07:23:20"	338.0	1.62	0.0157	309	0.585	3.74	6	1	2.84	28.52	28.01	28.51	500.57	498.65	0.002	0.588	0.01	1.53	599.1	-0	54	101.8	0	0	1.0	111115
171	"07:23:21"	340.0	1.34	0.0158	337	0.587	3.74	6	1	2.84	28.52	28.01	28.51	500.44	498.80	0.001	0.589	0.00	1.53	599.1	0	54	101.8	0	0	1.0	111115
172	"07:23:23"	341.0	1.35	0.0157	336	0.585	3.74	6	1	2.84	28.52	28.01	28.51	500.47	498.83	0.001	0.587	0.00	1.53	599.0	0	54	101.8	0	0	1.0	111115
173	"07:23:24"	342.5	1.4	0.0157	330	0.584	3.74	6	1	2.84	28.52	28.01	28.51	500.52	498.82	0.002	0.586	0.00	1.53	599.0	0	53	101.8	0	0	1.0	111115
174	"07:23:25"	343.5	1.45	0.0156	325	0.581	3.74	6	1	2.84	28.52	28.01	28.52	500.58	498.84	0.002	0.583	0.00	1.52	599.0	0	53	101.8	0	0	1.0	111115
175	"07:23:26"	345.0	1.55	0.0155	314	0.579	3.74	6	1	2.84	28.52	28.01	28.52	500.66	498.82	0.002	0.581	0.01	1.51	599.1	0	53	101.8	0	0	1.0	111115
176	"07:23:28"	346.0	1.66	0.0155	303	0.579	3.74	6	1	2.84	28.52	28.01	28.52	500.73	498.78	0.002	0.581	0.01	1.51	599.1	0	53	101.8	0	0	1.0	111115
177	"07:23:29"	346.5	1.67	0.0155	302	0.578	3.74	6	1	2.84	28.52	28.01	28.52	500.74	498.78	0.002	0.581	0.01	1.51	599.1	0	53	101.8	0	0	1.0	111115
178	"07:23:30"	347.5	1.71	0.0155	298	0.578	3.74	6	1	2.84	28.52	28.01	28.52	500.77	498.77	0.002	0.581	0.00	1.51	599.1	-0	52	101.8	0	0	1.0	111115
179	"07:23:31"	348.5	1.62	0.0155	307	0.579	3.74	6	1	2.84	28.52	28.02	28.52	500.70	498.79	0.002	0.581	0.00	1.51	599.1	-0	52	101.8	0	0	1.0	111115
180	"07:23:32"	350.5	1.53	0.0155	315	0.576	3.74	6	1	2.84	28.52	28.02	28.52	500.61	498.79	0.002	0.578	0.00	1.50	599.1	-0	52	101.8	0	0	1.0	111115
181	"07:23:33"	351.5	1.51	0.0154	317	0.574	3.74	6	1	2.84	28.52	28.02	28.52	500.59	498.79	0.002	0.577	0.01	1.50	599.0	-0	52	101.8	0	0	1.0	111115
182	"07:23:34"	353.0	1.56	0.0154	312	0.573	3.74	6	1	2.84	28.52	28.02	28.52	500.67	498.82	0.002	0.576	0.00	1.50	599.1	0	52	101.8	0	0	1.0	111115
183	"07:23:36"	354.0	1.56	0.0154	311	0.572	3.74	6	1	2.84	28.52	28.02	28.52	500.73	498.88	0.002	0.575	0.01	1.50	599.1	-0	52	101.8	0	0	1.0	111115
184	"07:23:37"	355.5	1.4	0.0154	328	0.572	3.74	6	1	2.84	28.52	28.02	28.52	500.67	498.98	0.001	0.574	0.00	1.49	599.1	0	52	101.8	0	0	1.0	111115
185	"07:23:38"	356.5	1.37	0.0153	331	0.571	3.74	6	1	2.84	28.53	28.02	28.52	500.65	498.99	0.000	0.572	0.00	1.49	599.1	0	52	101.8	0	0	1.0	111115
186	"07:23:39"	358.0	1.33	0.0152	333	0.568	3.74	6	1	2.84	28.53	28.02	28.52	500.61	498.99	0.000	0.569	0.00	1.48	599.1	0	52	101.8	0	0	1.0	111115
187	"07:23:41"	359.0	1.41	0.0152	325	0.565	3.74	6	1	2.84	28.53	28.02	28.52	500.65	498.96	0.000	0.566	0.00	1.47	599.1	-0	52	101.8	0	0	1.0	111115
188	"07:23:42"	360.5	1.5	0.0151	315	0.561	3.74	6	1	2.84	28.53	28.02	28.52	500.67	498.89	0.002	0.564	0.00	1.47	599.1	-0	52	101.8	0	0	1.0	111115
189	"07:23:43"	361.5	1.48	0.0151	317	0.562	3.74	6	1	2.84	28.53	28.02	28.52	500.67	498.90	0.002	0.564	0.00	1.47	599.1	-0	52	101.8	0	0	1.0	111115
190	"07:23:44"	363.0	1.46	0.0151	319	0.562	3.74	6	1	2.84	28.53	28.02	28.52	500.66	498.92	0.001	0.564	0.00	1.47	599.1	0	52	101.8	0	0	1.0	111115
191	"07:23:46"	364.0	1.52	0.015	312	0.559	3.74	6	1	2.84	28.53	28.02	28.52	500.71	498.90	0.001	0.561	0.00	1.46	599.0	0	52	101.8	0	0	1.0	111115
192	"07:23:47"	365.5	1.52	0.0149	310	0.556	3.74	6	1	2.84	28.53	28.02	28.52	500.69	498.89	0.002	0.558	0.00	1.45	599.1	0	52	101.8	0	0	1.0	111115
193	"07:23:48"	366.5	1.46	0.0149	316	0.554	3.74	6	1	2.84	28.53	28.02	28.52	500.66	498.92	0.002	0.557	0.01	1.45	599.0	-0	52	101.8	0	0	1.0	111115
194	"07:23:49"	367.0	1.47	0.0148	315	0.553	3.74	6	1	2.84	28.53	28.02	28.52	500.69	498.93	0.002	0.556	0.01	1.45	599.1	-0	52	101.8	0	0	1.0	111115
195	"07:23:50"	368.0	1.49	0.0148	313	0.553	3.74	6	1	2.84	28.53	28.02	28.52	500.71	498.94	0.002	0.555	0.01	1.44	599.1	-0	52	101.8	0	0	1.0	111115
196	"07:23:51"	369.0	1.52	0.0149	311	0.554	3.74	6	1	2.84	28.53	28.03	28.53	500.74	498.94	0.002	0.556	0.00	1.45	599.1	-0	52	101.8	0	0	1.0	111115
197	"07:23:52"	370.0	1.58	0.0149	304	0.554	3.74	6	1	2.84	28.53	28.03	28.53	500.79	498.93	0.001	0.556	0.00	1.45	599.1	-0	52	101.8	0	0	1.0	111115
198	"07:23:53"	371.0	1.62	0.0148	299	0.552	3.75	6	1	2.84	28.53	28.03	28.53	500.81	498.91	0.002	0.554	0.00	1.44	599.1	-0	52	101.8	0	0	1.0	111115
199	"07:23:54"	372.0	1.57	0.0148	305	0.551	3.75	6	1	2.84	28.53	28.03	28.53	500.81	498.96	0.001	0.553	0.00	1.44	599.1	-0	52	101.8	0	0	1.0	111115
200	"07:23:55"	373.0	1.57	0.0147	304	0.549	3.75	6	1	2.84	28.53	28.03	28.53	500.81	498.97	0.001	0.551	0.00	1.43	599.1	-0	52	101.8	0	0	1.0	111115
201	"07:23:57"	375.0	1.45	0.0147	316	0.549	3.75	6	1	2.84	28.53	28.03	28.53	500.73	499.00	0.001	0.550	0.00	1.43	599.1	-0	52	101.8	0	0	1.0	111115
202	"07:23:58"	375.5	1.42	0.0147	319	0.548	3.75	6	1	2.84	28.53	28.03	28.53	500.73	499.03	0.001	0.550	0.00	1.43	599.0	-0	52	101.8	0	0	1.0	111115
203	"07:23:59"	376.5	1.38	0.0147	324	0.548	3.75	6	1	2.84	28.53	28.04	28.53	500.73	499.07	0.001	0.550	0.00	1.43	599.0	-0	52	101.8	0	0	1.0	111115
204	"07:24:00"	377.5	1.37	0.0147	325	0.547	3.75	6	1	2.84	28.53	28.04	28.53	500.73	499.09	0.001	0.548	0.00	1.43	599.1	-0	52	101.8	0	0	1.0	111115
205	"07:24:01"	379.5	1.49	0.0146	311	0.545	3.75	6	1	2.84	28.54	28.03	28.53	500.83	499.07	0.002	0.547	0.00	1.42	599.1	-0	51	101.8	0	0	1.0	111115
206	"07:24:02"	381.0	1.38	0.0146	322	0.543	3.75	6	1	2.84	28.54	28.03	28.53	500.77	499.11	0.003	0.546	0.01	1.42	599.1	-0	51	101.8	0	0	1.0	111115
207	"07:24:03"	381.5	1.27	0.0145	334	0.542	3.75	6	1	2.84	28.54	28.03	28.53	500.70	499.16	0.002	0.545	0.01	1.42	599.1	-0	51	101.8	0	0	1.0	111115
208	"07:24:05"	382.5	1.17	0.0145	344	0.542	3.75	6	1	2.84	28.54	28.03	28.53	500.64	499.20	0.002	0.545	0.01	1.42	599.0	-0	51	101.8	0	0	1.0	111115
209	"07:24:06"	384.0	1.28	0.0145	333	0.541	3.75	6	1	2.84	28.54	28.03	28.53	500.73	499.18	0.002	0.543	0.00	1.41	599.0	0	51	101.8	0	0	1.0	111115
210	"07:24:07"	385.5	1.44	0.0144	315	0.539	3.75	6	1	2.84	28.54	28.03	28.53	500.85	499.14	0.002	0.541	0.00	1.41	599.0	0	51	101.8	0	0	1.0	111115
211	"07:24:08"	386.5	1.51	0.0144	306	0.537	3.75	6	1	2.84	28.54	28.03	28.53	500.88	499.10	0.001	0.538	0.00	1.40	599.1	0	51	101.8	0	0	1.0	111115
212	"07:24:09"	388.0	1.5	0.0143	307	0.535	3.75	6	1	2.84	28.54	28.03	28.53	500.84	499.07	0.001	0.537	0.00	1.40	599.1	0	51	101.8	0	0	1.0	111115
213	"07:24:10"	388.5	1.52	0.0143	305	0.535	3.75	6	1	2.84	28.54	28.03	28.53	500.84	499.05	0.001	0.537	0.00	1.40	599.1	0	51	101.8	0	0	1.0	111115
214	"07:24:12"	389.5	1.48	0.0143	308	0.534	3.75	6	1	2.84	28.54	28.03	28.53	500.81	499.06	0.002	0.537	0.00	1.40	599.1	0	51	101.8	0	0	1.0	111115
215	"07:24:13"	390.5	1.47	0.0143	310	0.533	3.75	6	1	2.84	28.54	28.03	28.53	500.79	499.05	0.002	0.535	0.00	1.39	599.1	-0	51	101.8	0	0	1.0	111115
216	"07:24:14"	392.5	1.42	0.0142	314	0.53	3.75	6	1	2.84	28.54	28.03	28.54	500.81	499.12	0.001	0.532	0.00	1.38	599.1	-0	51	101.8	0	0	1.0	111115
217	"07:24:15"	393.5	1.59	0.0142	295	0.529	3.75	6	1	2.84	28.54	28.03	28.54	500.92	499.07	0.001	0.531	0.00	1.38	599.1	-0	51	101.8	0	0	1.0	111115
218	"07:24:16"	394.0	1.65	0.0142	288	0.528	3.75	6	1	2.84	28.54	28.03	28.54	500.96	499.05	0.001	0.530	0.00	1.38	599.1	-0	51	101.8	0	0	1.0	111115
219	"07:24:17"	395.0	1.68	0.0141	285	0.528	3.75	6	1	2.84	28.54	28.03	28.54	501.00	499.05	0.001	0.530	0.00	1.38	599.1	-0	51	101.8	0	0	1.0	111115
220	"07:24:18"	396.0	1.67	0.0142	286	0.528	3.75	6	1	2.84	28.54	28.03	28.54	500.98	499.05	0.002	0.531	0.00	1.38	599.1	-0	51	101.8	0	0	1.0	111115
221	"07:24:19"	397.0	1.63	0.0142	291	0.531	3.75	6	1	2.84	28.54	28.03	28.54	500.96	499.06	0.001	0.532	0.00	1.38	599.1	-0	51	101.8	0	0	1.0	111115
222	"07:24:21"	399.0	1.55	0.0142	300	0.53	3.75	6	1	2.84	28.54	28.03	28.54	500.91	499.09	0.002	0.532	0.00	1.38	599.1	-0	51	101.8	0	0	1.0	111115
223	"07:24:22"	400.5	1.68	0.0141	283	0.525	3.75	6	1	2.84	28.55	28.04	28.54	501.01	499.06	0.002	0.528	0.01	1.37	599.1	-0	51	101.8	0	0	1.0	111115
224	"07:24:23"	401.0	1.66	0.014	285	0.523	3.75	6	1	2.84	28.55	28.04	28.54	501.01	499.09	0.002	0.526	0.01	1.37	599.1	-0	51	101.8	0	0	1.0	111115
225	"07:24:24"	402.5	1.67	0.014	284	0.523	3.75	6	1	2.84	28.55	28.04	28.54	501.05	499.11	0.001	0.525	0.00	1.36	599.1	-0	51	101.8	0	0	1.0	111115
226	"07:24:25"	404.0	1.54	0.0139	298	0.521	3.75	6	1	2.84	28.55	28.04	28.54	501.01	499.21	0.001	0.522	0.00	1.36	599.1	-0	51	101.8	0	0	1.0	111115
227	"07:24:27"	405.0	1.49	0.0139	303	0.52	3.75	6	1	2.84	28.55	28.04	28.54	500.98	499.22	0.000	0.521	0.00	1.35	599.1	0	51	101.8	0	0	1.0	111115
228	"07:24:28"	406.5	1.48	0.0139	304	0.519	3.75	6	1	2.84	28.55	28.04	28.54	500.98	499.24	0.001	0.521	0.00	1.35	599.0	-0	51	101.8	0	0	1.0	111115
229	"07:24:29"	407.5	1.5	0.0139	302	0.519	3.75	6	1	2.84	28.55	28.05	28.54	501.01	499.25	0.001	0.520	0.00	1.35	599.1	-0	51	101.8	0	0	1.0	111115
230	"07:24:30"	409.0	1.57	0.0139	294	0.518	3.75	6	1	2.84	28.55	28.05	28.54	501.06	499.23	0.001	0.519	0.00	1.35	599.1	-0	52	101.8	0	0	1.0	111115
231	"07:24:32"	410.0	1.61	0.0138	289	0.518	3.75	6	1	2.84	28.55	28.04	28.54	501.09	499.22	0.000	0.518	0.00	1.35	599.1	-0	52	101.8	0	0	1.0	111115
232	"07:24:33"	411.5	1.6	0.0138	289	0.517	3.75	6	1	2.84	28.55	28.04	28.54	501.07	499.21	0.000	0.518	0.00	1.35	599.1	-0	52	101.8	0	0	1.0	111115
233	"07:24:34"	412.5	1.57	0.0138	293	0.517	3.75	6	1	2.84	28.55	28.04	28.54	501.05	499.21	0.001	0.518	0.00	1.35	599.1	0	52	101.8	0	0	1.0	111115
234	"07:24:35"	414.0	1.45	0.0138	307	0.517	3.75	6	1	2.84	28.55	28.04	28.54	500.99	499.28	0.000	0.518	0.00	1.34	599.1	-0	52	101.8	0	0	1.0	111115
235	"07:24:37"	415.0	1.44	0.0138	307	0.514	3.75	6	1	2.84	28.55	28.04	28.54	501.01	499.31	0.000	0.515	0.00	1.34	599.1	0	52	101.8	0	0	1.0	111115
236	"07:24:38"	415.5	1.43	0.0138	308	0.514	3.75	6	1	2.84	28.55	28.04	28.54	500.98	499.29	-0.000	0.515	-0.00	1.34	599.1	0	52	101.8	0	0	1.0	111115
237	"07:24:39"	416.5	1.44	0.0137	307	0.513	3.75	6	1	2.84	28.55	28.04	28.55	500.97	499.27	0.000	0.514	0.00	1.33	599.0	0	52	101.8	0	0	1.0	111115
238	"07:24:40"	418.5	1.45	0.0136	304	0.51	3.75	6	1	2.84	28.55	28.05	28.55	500.97	499.26	0.001	0.511	0.00	1.33	599.0	0	52	101.8	0	0	1.0	111115
239	"07:24:41"	419.5	1.47	0.0136	302	0.509	3.75	6	1	2.84	28.55	28.05	28.55	500.98	499.25	0.001	0.511	0.00	1.33	599.1	0	52	101.8	0	0	1.0	111115
240	"07:24:42"	421.0	1.41	0.0136	309	0.508	3.75	6	1	2.84	28.55	28.05	28.55	500.97	499.30	0.000	0.509	0.00	1.32	599.1	-0	52	101.8	0	0	1.0	111115
241	"07:24:44"	422.0	1.45	0.0136	303	0.507	3.75	6	1	2.84	28.55	28.05	28.55	501.00	499.30	0.001	0.508	0.00	1.32	599.1	0	52	101.8	0	0	1.0	111115
242	"07:24:45"	422.5	1.41	0.0135	308	0.506	3.75	6	1	2.84	28.55	28.05	28.55	500.98	499.31	0.001	0.508	0.00	1.32	599.1	-0	52	101.8	0	0	1.0	111115
243	"07:24:46"	424.5	1.47	0.0135	300	0.504	3.76	6	1	2.84	28.56	28.05	28.55	501.04	499.31	0.001	0.506	0.00	1.31	599.0	0	52	101.8	0	0	1.0	111115
244	"07:24:47"	425.5	1.52	0.0135	294	0.503	3.76	6	1	2.84	28.56	28.05	28.55	501.06	499.29	0.001	0.505	0.00	1.31	599.0	-0	52	101.8	0	0	1.0	111115
245	"07:24:48"	427.0	1.61	0.0134	283	0.502	3.76	6	1	2.84	28.56	28.05	28.55	501.11	499.25	0.001	0.504	0.00	1.31	599.1	-0	52	101.8	0	0	1.0	111115
246	"07:24:50"	428.0	1.63	0.0134	281	0.502	3.75	6	1	2.84	28.56	28.05	28.55	501.10	499.22	0.001	0.503	0.00	1.31	599.1	0	52	101.8	0	0	1.0	111115
247	"07:24:51"	428.5	1.57	0.0134	287	0.502	3.75	6	1	2.84	28.56	28.05	28.55	501.08	499.25	0.001	0.504	0.00	1.31	599.1	-0	52	101.8	0	0	1.0	111115
248	"07:24:52"	430.5	1.61	0.0133	282	0.499	3.75	6	1	2.84	28.56	28.05	28.55	501.10	499.24	0.001	0.501	0.00	1.30	599.1	-0	52	101.8	0	0	1.0	111115
249	"07:24:53"	432.0	1.6	0.0133	283	0.498	3.76	6	1	2.84	28.56	28.05	28.55	501.12	499.27	0.002	0.500	0.00	1.30	599.0	-0	52	101.8	0	0	1.0	111115
