"OPEN 5.3.2"
"Fri Aug  3 2018 11:03:09"
"Unit="	"PSC-895"
"ComputeList="	"/User/Configs/Comps/Default"
"BLCTable="	"/Sys/Lib/StdBLCTable"
"LightSource="	"Sun+Sky"	1	0.19
"LogFormat="	"/User/Configs/LogFormats/Std Output"
"LogCodes="	-35	-21	-36	30	23	36	21	25	-33	-34	-32	-9	-10	-8	-1	-2	-4	-5	-14	-15	-7	-12	-13	-11	-65	-66	-72	-23
"PromptList="	"/User/Configs/Prompts/Default (none)"
"Stability= (CO2S 15s SLP<1)(H2OS 15s SLP<1)(Flow 15s SLP<1)"
"11:03:31 "
$STARTOFDATA$
"Obs"	"HHMMSS"	"FTime"	"Photo"	"Cond"	"Ci"	"Trmmol"	"VpdL"	"Area"	"StmRat"	"BLCond"	"Tair"	"Tleaf"	"TBlk"	"CO2R"	"CO2S"	"H2OR"	"H2OS"	"RH_R"	"RH_S"	"Flow"	"PARi"	"PARo"	"Press"	"CsMch"	"HsMch"	"StableF"	"Status"
1	"11:04:31"	104.5	-1.67	0.655	475	16.2	2.92	6	1	2.84	39.97	39.38	39.94	499.70	493.39	26.293	41.784	36.17	57.49	599.9	-0	1534	101.8	14.2	0.0613	0.3	111115
2	"11:04:32"	105.0	-1.76	0.655	476	16.2	2.92	6	1	2.84	39.97	39.38	39.94	499.66	493.44	26.297	41.788	36.18	57.49	599.9	-0	1537	101.8	14.2	0.0613	0.0	111115
3	"11:04:34"	106.5	-1.72	0.658	476	16.2	2.92	6	1	2.84	39.97	39.39	39.94	499.71	493.44	26.297	41.817	36.18	57.53	599.9	-0	1531	101.8	14.2	0.0613	0.0	111115
4	"11:04:35"	108.0	-1.83	0.66	476	16.2	2.91	6	1	2.84	39.97	39.39	39.95	499.70	493.52	26.302	41.850	36.18	57.56	600.0	-0	1168	101.8	14.2	0.0613	0.0	111115
5	"11:04:36"	109.0	-1.86	0.662	476	16.3	2.91	6	1	2.84	39.98	39.39	39.95	499.75	493.58	26.305	41.881	36.18	57.60	600.0	-0	795	101.8	14.2	0.0613	0.0	111115
6	"11:04:37"	110.5	-1.94	0.664	476	16.3	2.91	6	1	2.84	39.98	39.40	39.95	499.73	493.63	26.313	41.921	36.18	57.65	600.0	-0	355	101.8	14.2	0.0613	0.0	111115
7	"11:04:39"	111.5	-1.9	0.665	476	16.3	2.91	6	1	2.84	39.98	39.40	39.95	499.77	493.61	26.317	41.943	36.18	57.67	600.1	0	251	101.8	14.2	0.0613	0.0	111115
8	"11:04:40"	113.0	-1.94	0.667	476	16.3	2.91	6	1	2.84	39.99	39.40	39.96	499.77	493.65	26.324	41.968	36.18	57.69	600.1	-0	250	101.8	14.2	0.0613	0.0	111115
9	"11:04:41"	114.0	-2.06	0.667	477	16.3	2.91	6	1	2.84	39.99	39.40	39.96	499.75	493.75	26.328	41.975	36.19	57.69	600.1	-0	205	101.8	14.2	0.0613	0.0	111115
10	"11:04:42"	115.5	-2.29	0.666	478	16.3	2.91	6	1	2.84	39.99	39.41	39.96	499.69	493.91	26.334	41.976	36.19	57.68	600.0	-0	209	101.8	14.2	0.0613	0.3	111115
11	"11:04:44"	116.5	-2.3	0.666	478	16.3	2.91	6	1	2.84	39.99	39.40	39.97	499.70	493.93	26.337	41.967	36.19	57.66	599.9	-0	306	101.8	14.2	0.0613	0.3	111115
12	"11:04:45"	118.0	-2.24	0.664	478	16.3	2.91	6	1	2.84	40.00	39.41	39.97	499.75	493.94	26.340	41.946	36.19	57.62	599.9	-0	443	101.8	14.2	0.0613	0.7	111115
13	"11:04:46"	119.0	-2.15	0.662	477	16.3	2.91	6	1	2.84	40.00	39.40	39.97	499.77	493.89	26.343	41.925	36.19	57.59	600.0	-0	461	101.8	14.2	0.0613	0.7	111115
14	"11:04:47"	120.5	-2.28	0.658	478	16.2	2.92	6	1	2.84	40.00	39.41	39.97	499.68	493.95	26.347	41.885	36.19	57.53	600.0	-0	512	101.8	14.2	0.0613	0.7	111115
15	"11:04:49"	121.5	-2.44	0.655	478	16.2	2.92	6	1	2.84	40.00	39.41	39.98	499.59	494.04	26.350	41.848	36.19	57.47	600.0	-0	625	101.8	14.2	0.0613	0.7	111115
16	"11:04:50"	123.0	-2.53	0.649	479	16.1	2.93	6	1	2.84	40.00	39.41	39.98	499.63	494.20	26.356	41.784	36.19	57.38	600.0	-0	916	101.8	14.2	0.0613	0.7	111115
17	"11:04:51"	124.0	-2.56	0.645	479	16	2.93	6	1	2.84	40.01	39.41	39.98	499.64	494.27	26.360	41.738	36.20	57.31	600.0	-0	1120	101.8	14.2	0.0613	0.7	111115
18	"11:04:52"	124.5	-2.53	0.643	479	16	2.94	6	1	2.84	40.01	39.41	39.98	499.66	494.27	26.362	41.717	36.20	57.28	600.0	-0	1216	101.8	14.2	0.0613	0.7	111115
19	"11:04:53"	126.5	-2.39	0.636	478	15.9	2.95	6	1	2.84	40.01	39.42	39.99	499.75	494.26	26.370	41.641	36.20	57.17	600.0	-0	1407	101.8	14.2	0.0613	0.7	111115
20	"11:04:55"	127.5	-2.44	0.633	478	15.9	2.95	6	1	2.84	40.01	39.42	39.99	499.70	494.28	26.374	41.604	36.21	57.11	600.0	-0	1427	101.8	14.2	0.0613	0.3	111115
21	"11:04:56"	129.0	-2.39	0.628	478	15.8	2.96	6	1	2.84	40.01	39.42	39.99	499.74	494.30	26.381	41.551	36.21	57.04	600.1	-0	1430	101.8	14.2	0.0613	0.3	111115
22	"11:04:57"	130.0	-2.38	0.625	478	15.8	2.96	6	1	2.84	40.01	39.43	39.99	499.71	494.28	26.386	41.518	36.22	56.98	600.1	-0	1425	101.8	14.2	0.0613	0.3	111115
23	"11:04:58"	131.5	-2.44	0.621	478	15.7	2.97	6	1	2.84	40.02	39.43	40.00	499.64	494.30	26.395	41.475	36.22	56.92	600.1	-0	1419	101.8	14.2	0.0613	0.3	111115
24	"11:05:00"	132.5	-2.42	0.619	478	15.7	2.97	6	1	2.84	40.02	39.43	40.00	499.65	494.31	26.402	41.448	36.23	56.88	600.1	-0	1416	101.8	14.2	0.0613	0.3	111115
25	"11:05:01"	134.0	-2.32	0.615	478	15.7	2.98	6	1	2.84	40.02	39.43	40.00	499.70	494.29	26.411	41.412	36.24	56.82	600.1	-0	1414	101.8	14.2	0.0613	0.3	111115
26	"11:05:02"	135.0	-2.24	0.613	478	15.6	2.98	6	1	2.84	40.02	39.44	40.00	499.78	494.31	26.419	41.392	36.25	56.79	600.0	-0	1414	101.8	14.2	0.0613	0.3	111115
27	"11:05:03"	136.5	-2.18	0.61	478	15.6	2.98	6	1	2.84	40.02	39.44	40.00	499.77	494.24	26.430	41.371	36.26	56.76	600.0	-0	1414	101.8	14.2	0.0613	0.3	111115
28	"11:05:05"	137.5	-2.24	0.609	478	15.6	2.98	6	1	2.84	40.02	39.44	40.01	499.74	494.29	26.437	41.360	36.26	56.73	600.0	-0	1413	101.8	14.2	0.0613	0.3	111115
29	"11:05:06"	139.0	-2.26	0.607	478	15.5	2.99	6	1	2.84	40.03	39.45	40.01	499.71	494.29	26.446	41.339	36.27	56.70	600.0	-0	1413	101.8	14.2	0.0613	0.7	111115
30	"11:05:07"	140.0	-2.32	0.605	478	15.5	2.99	6	1	2.84	40.03	39.45	40.01	499.69	494.34	26.452	41.323	36.28	56.67	600.0	-0	1414	101.8	14.2	0.0613	0.7	111115
31	"11:05:08"	141.5	-2.27	0.602	478	15.5	3	6	1	2.84	40.03	39.46	40.01	499.75	494.37	26.460	41.298	36.28	56.63	600.0	-0	1414	101.8	14.2	0.0613	0.7	111115
32	"11:05:10"	142.5	-2.23	0.601	478	15.5	3	6	1	2.84	40.03	39.46	40.01	499.76	494.34	26.465	41.291	36.29	56.62	600.0	-0	1415	101.8	14.2	0.0613	0.7	111115
33	"11:05:11"	144.0	-2.19	0.599	478	15.4	3	6	1	2.84	40.04	39.46	40.02	499.80	494.36	26.474	41.279	36.29	56.59	600.0	-0	1416	101.8	14.2	0.0613	0.7	111115
34	"11:05:12"	145.0	-2.26	0.598	478	15.4	3	6	1	2.84	40.04	39.47	40.02	499.78	494.41	26.481	41.272	36.30	56.58	600.0	-0	1418	101.8	14.2	0.0613	0.7	111115
35	"11:05:13"	146.5	-2.33	0.597	478	15.4	3	6	1	2.84	40.04	39.47	40.02	499.76	494.46	26.489	41.266	36.30	56.56	600.0	-0	1421	101.8	14.2	0.0613	1.0	111115
36	"11:05:15"	147.5	-2.34	0.596	478	15.4	3	6	1	2.84	40.04	39.47	40.02	499.77	494.49	26.495	41.262	36.31	56.55	600.0	-0	1422	101.8	14.2	0.0613	1.0	111115
37	"11:05:16"	149.0	-2.27	0.595	478	15.4	3.01	6	1	2.84	40.05	39.47	40.03	499.78	494.44	26.500	41.255	36.31	56.53	600.0	-0	1425	101.8	14.2	0.0613	1.0	111115
38	"11:05:17"	150.0	-2.24	0.594	478	15.4	3.01	6	1	2.84	40.05	39.48	40.03	499.80	494.43	26.505	41.250	36.31	56.52	600.0	-0	1426	101.8	14.2	0.0613	1.0	111115
39	"11:05:18"	151.5	-2.37	0.593	478	15.4	3.01	6	1	2.84	40.05	39.48	40.03	499.69	494.46	26.510	41.246	36.32	56.50	599.9	-0	1429	101.8	14.2	0.0613	1.0	111115
40	"11:05:20"	152.5	-2.4	0.592	478	15.4	3.01	6	1	2.84	40.05	39.48	40.03	499.67	494.47	26.516	41.244	36.32	56.49	599.9	-0	1431	101.8	14.2	0.0613	1.0	111115
41	"11:05:21"	154.0	-2.37	0.592	478	15.4	3.01	6	1	2.84	40.05	39.49	40.03	499.69	494.48	26.524	41.246	36.33	56.49	599.9	-0	1433	101.8	14.2	0.0613	1.0	111115
42	"11:05:22"	155.0	-2.34	0.591	478	15.3	3.01	6	1	2.84	40.06	39.49	40.03	499.73	494.48	26.529	41.243	36.33	56.48	600.0	-0	1421	101.8	14.2	0.0613	1.0	111115
43	"11:05:23"	156.5	-2.34	0.59	478	15.3	3.02	6	1	2.84	40.06	39.50	40.04	499.75	494.51	26.537	41.237	36.33	56.46	600.0	-0	1404	101.8	14.2	0.0613	1.0	111115
44	"11:05:25"	157.5	-2.4	0.589	478	15.3	3.02	6	1	2.84	40.06	39.50	40.04	499.71	494.53	26.541	41.234	36.33	56.45	600.0	-0	1404	101.8	14.2	0.0613	1.0	111115
45	"11:05:26"	159.0	-2.47	0.588	479	15.3	3.02	6	1	2.84	40.06	39.51	40.04	499.69	494.58	26.547	41.234	36.34	56.44	600.0	-0	1418	101.8	14.2	0.0613	1.0	111115
46	"11:05:27"	160.0	-2.42	0.588	478	15.3	3.02	6	1	2.84	40.07	39.51	40.04	499.70	494.56	26.553	41.231	36.34	56.43	600.1	-0	1430	101.8	14.2	0.0613	1.0	111115
47	"11:05:28"	161.5	-2.45	0.587	479	15.3	3.02	6	1	2.84	40.07	39.51	40.05	499.69	494.58	26.562	41.229	36.35	56.42	600.1	-0	1433	101.8	14.2	0.0613	1.0	111115
48	"11:05:30"	162.5	-2.33	0.586	478	15.3	3.03	6	1	2.84	40.07	39.51	40.05	499.76	494.53	26.569	41.226	36.36	56.41	600.1	-0	1421	101.8	14.2	0.0613	1.0	111115
49	"11:05:31"	164.0	-2.28	0.586	478	15.3	3.03	6	1	2.84	40.07	39.51	40.05	499.79	494.51	26.575	41.227	36.36	56.40	600.0	-0	1339	101.8	14.2	0.0613	1.0	111115
50	"11:05:32"	165.0	-2.27	0.585	478	15.3	3.03	6	1	2.84	40.07	39.52	40.05	499.82	494.54	26.581	41.224	36.36	56.40	600.0	-0	1307	101.8	14.2	0.0613	1.0	111115
51	"11:05:33"	166.5	-2.34	0.585	478	15.3	3.03	6	1	2.84	40.08	39.52	40.06	499.78	494.57	26.588	41.227	36.37	56.39	600.0	-0	1291	101.8	14.2	0.0613	1.0	111115
52	"11:05:35"	167.5	-2.29	0.584	478	15.3	3.03	6	1	2.84	40.08	39.52	40.06	499.81	494.55	26.593	41.229	36.37	56.39	600.0	-0	1267	101.8	14.2	0.0613	1.0	111115
53	"11:05:36"	169.0	-2.32	0.583	478	15.3	3.03	6	1	2.84	40.08	39.53	40.06	499.78	494.55	26.601	41.233	36.37	56.38	600.0	-0	1198	101.8	14.2	0.0613	1.0	111115
54	"11:05:37"	170.0	-2.32	0.583	478	15.3	3.03	6	1	2.84	40.09	39.53	40.06	499.78	494.55	26.607	41.231	36.38	56.37	600.0	-0	1128	101.8	14.2	0.0613	1.0	111115
55	"11:05:38"	171.5	-2.33	0.582	478	15.2	3.03	6	1	2.84	40.09	39.54	40.07	499.80	494.59	26.617	41.229	36.39	56.36	600.0	-0	1053	101.8	14.2	0.0613	1.0	111115
56	"11:05:40"	172.5	-2.31	0.581	478	15.2	3.04	6	1	2.84	40.09	39.54	40.07	499.82	494.60	26.622	41.227	36.39	56.35	600.0	-0	999	101.8	14.2	0.0613	1.0	111115
57	"11:05:41"	174.0	-2.21	0.581	478	15.2	3.03	6	1	2.84	40.09	39.54	40.07	499.79	494.47	26.628	41.223	36.39	56.34	600.0	-0	876	101.8	14.2	0.0613	1.0	111115
58	"11:05:42"	175.0	-2.42	0.58	478	15.2	3.03	6	1	2.84	40.10	39.54	40.07	499.64	494.53	26.631	41.217	36.39	56.33	600.0	-0	808	101.8	14.2	0.0613	1.0	111115
59	"11:05:43"	176.5	-2.54	0.58	479	15.2	3.03	6	1	2.84	40.10	39.53	40.07	499.55	494.57	26.639	41.211	36.40	56.31	600.0	-0	747	101.8	14.2	0.0613	1.0	111115
60	"11:05:45"	177.5	-2.49	0.579	479	15.2	3.03	6	1	2.84	40.10	39.53	40.08	499.59	494.57	26.644	41.207	36.40	56.30	599.9	-0	728	101.8	14.2	0.0613	1.0	111115
61	"11:05:46"	179.0	-2.23	0.579	478	15.2	3.03	6	1	2.84	40.10	39.53	40.08	499.76	494.49	26.653	41.206	36.41	56.29	599.9	-0	698	101.8	14.2	0.0613	1.0	111115
62	"11:05:47"	180.0	-2.29	0.578	478	15.2	3.04	6	1	2.84	40.10	39.53	40.08	499.74	494.53	26.654	41.205	36.41	56.29	599.9	-0	673	101.8	14.2	0.0613	1.0	111115
63	"11:05:48"	181.5	-2.44	0.578	479	15.2	3.04	6	1	2.84	40.11	39.53	40.08	499.67	494.61	26.660	41.197	36.41	56.27	600.0	-0	660	101.8	14.2	0.0613	1.0	111115
64	"11:05:50"	182.5	-2.56	0.577	479	15.2	3.04	6	1	2.84	40.11	39.53	40.09	499.60	494.66	26.663	41.192	36.41	56.26	600.0	-0	710	101.8	14.2	0.0613	1.0	111115
65	"11:05:51"	184.0	-2.6	0.576	479	15.1	3.04	6	1	2.84	40.11	39.54	40.09	499.53	494.65	26.667	41.180	36.42	56.23	600.0	-0	869	101.8	14.2	0.0613	1.0	111115
66	"11:05:52"	185.0	-2.53	0.575	479	15.1	3.04	6	1	2.84	40.11	39.54	40.09	499.55	494.60	26.672	41.175	36.42	56.22	600.0	-0	1000	101.8	14.2	0.0613	1.0	111115
67	"11:05:53"	186.5	-2.54	0.574	479	15.1	3.04	6	1	2.84	40.11	39.54	40.09	499.60	494.67	26.677	41.163	36.42	56.20	600.0	-0	1210	101.8	14.2	0.0613	1.0	111115
68	"11:05:55"	187.5	-2.4	0.573	478	15.1	3.04	6	1	2.84	40.11	39.54	40.09	499.70	494.63	26.682	41.160	36.43	56.19	600.0	-0	1308	101.8	14.2	0.0613	1.0	111115
69	"11:05:56"	189.0	-2.32	0.572	478	15.1	3.04	6	1	2.84	40.12	39.54	40.10	499.74	494.60	26.692	41.150	36.44	56.17	600.0	-0	1398	101.8	14.2	0.0613	1.0	111115
70	"11:05:57"	190.0	-2.28	0.572	478	15.1	3.04	6	1	2.84	40.12	39.54	40.10	499.75	494.57	26.698	41.146	36.44	56.16	600.0	-0	1365	101.8	14.2	0.0613	1.0	111115
71	"11:05:58"	191.5	-2.27	0.572	478	15.1	3.04	6	1	2.84	40.12	39.53	40.10	499.69	494.51	26.709	41.143	36.45	56.15	600.0	-0	1364	101.8	14.2	0.0613	1.0	111115
72	"11:06:00"	192.5	-2.39	0.571	478	15	3.04	6	1	2.84	40.12	39.53	40.10	499.62	494.57	26.714	41.140	36.46	56.14	600.1	-0	1375	101.8	14.2	0.0613	1.0	111115
73	"11:06:01"	194.0	-2.46	0.57	479	15	3.04	6	1	2.84	40.12	39.53	40.10	499.56	494.58	26.721	41.137	36.46	56.13	600.1	-0	1460	101.8	14.2	0.0613	1.0	111115
74	"11:06:02"	195.0	-2.52	0.57	479	15	3.04	6	1	2.84	40.12	39.53	40.11	499.52	494.60	26.727	41.135	36.47	56.13	600.1	-0	1459	101.8	14.2	0.0613	1.0	111115
75	"11:06:03"	196.5	-2.47	0.57	479	15	3.04	6	1	2.84	40.12	39.54	40.11	499.53	494.57	26.737	41.140	36.48	56.13	600.0	-0	1347	101.8	14.2	0.0613	1.0	111115
76	"11:06:05"	197.5	-2.32	0.569	478	15	3.04	6	1	2.84	40.12	39.54	40.11	499.63	494.53	26.745	41.140	36.49	56.13	600.0	-0	1300	101.8	14.2	0.0613	1.0	111115
77	"11:06:06"	199.0	-2.19	0.568	478	15	3.04	6	1	2.84	40.13	39.54	40.11	499.73	494.50	26.755	41.139	36.50	56.13	600.0	-0	1280	101.8	14.2	0.0613	1.0	111115
78	"11:06:07"	200.0	-2.18	0.568	478	15	3.04	6	1	2.84	40.13	39.54	40.11	499.71	494.48	26.762	41.144	36.51	56.13	600.0	-0	1342	101.8	14.2	0.0613	1.0	111115
79	"11:06:08"	201.5	-2.3	0.568	478	15	3.04	6	1	2.84	40.13	39.54	40.11	499.63	494.53	26.772	41.145	36.52	56.13	600.0	-0	1412	101.8	14.2	0.0613	1.0	111115
80	"11:06:10"	202.5	-2.3	0.568	478	15	3.04	6	1	2.84	40.13	39.54	40.11	499.66	494.55	26.778	41.149	36.53	56.13	600.1	-0	1426	101.8	14.2	0.0613	1.0	111115
81	"11:06:11"	204.0	-2.27	0.567	478	15	3.05	6	1	2.84	40.13	39.55	40.12	499.68	494.54	26.790	41.145	36.54	56.12	600.1	-0	1423	101.8	14.2	0.0613	1.0	111115
82	"11:06:12"	205.0	-2.16	0.566	478	15	3.05	6	1	2.84	40.13	39.55	40.12	499.71	494.47	26.796	41.149	36.55	56.12	600.0	-0	1413	101.8	14.2	0.0613	1.0	111115
83	"11:06:13"	206.5	-2.38	0.566	478	15	3.05	6	1	2.84	40.13	39.55	40.12	499.56	494.54	26.805	41.148	36.56	56.12	599.9	-0	1401	101.8	14.2	0.0613	1.0	111115
84	"11:06:15"	207.5	-2.27	0.566	478	15	3.05	6	1	2.84	40.13	39.55	40.12	499.64	494.52	26.810	41.150	36.56	56.12	599.9	-0	1393	101.8	14.2	0.0613	1.0	111115
85	"11:06:16"	209.0	-2.34	0.565	478	14.9	3.05	6	1	2.84	40.13	39.55	40.12	499.59	494.54	26.818	41.149	36.57	56.11	599.9	-0	1399	101.8	14.2	0.0613	1.0	111115
86	"11:06:17"	210.0	-2.28	0.564	478	14.9	3.05	6	1	2.84	40.14	39.56	40.12	499.62	494.51	26.824	41.150	36.58	56.11	599.9	-0	1405	101.8	14.2	0.0613	1.0	111115
87	"11:06:18"	211.5	-2.13	0.564	477	14.9	3.05	6	1	2.84	40.14	39.56	40.12	499.70	494.45	26.837	41.148	36.59	56.10	600.0	-0	1409	101.8	14.2	0.0613	1.0	111115
88	"11:06:20"	212.5	-2.13	0.563	477	14.9	3.05	6	1	2.84	40.14	39.56	40.13	499.69	494.44	26.845	41.148	36.59	56.09	600.1	-0	1364	101.8	14.2	0.0613	1.0	111115
89	"11:06:21"	214.0	-2.05	0.563	477	14.9	3.05	6	1	2.84	40.14	39.56	40.13	499.78	494.46	26.854	41.151	36.60	56.09	600.1	-0	1324	101.8	14.2	0.0613	1.0	111115
90	"11:06:22"	215.0	-2.12	0.562	477	14.9	3.05	6	1	2.84	40.14	39.57	40.13	499.74	494.49	26.860	41.154	36.61	56.09	600.0	-0	1294	101.8	14.2	0.0613	1.0	111115
91	"11:06:23"	215.5	-2.17	0.562	478	14.9	3.05	6	1	2.84	40.14	39.57	40.13	499.72	494.51	26.862	41.155	36.61	56.09	600.0	-0	1291	101.8	14.2	0.0613	1.0	111115
92	"11:06:24"	217.5	-2.09	0.561	477	14.9	3.05	6	1	2.84	40.15	39.57	40.13	499.76	494.48	26.873	41.151	36.62	56.08	599.8	-0	1359	101.8	14.2	0.0613	1.0	111115
93	"11:06:26"	218.5	-2.05	0.561	477	14.9	3.05	6	1	2.84	40.15	39.57	40.13	499.77	494.47	26.880	41.151	36.63	56.08	599.9	-0	1388	101.8	14.2	0.0613	1.0	111115
94	"11:06:27"	219.0	-2.08	0.56	477	14.9	3.05	6	1	2.84	40.15	39.57	40.13	499.74	494.47	26.883	41.149	36.63	56.07	600.0	-0	1397	101.8	14.2	0.0613	1.0	111115
95	"11:06:28"	221.0	-2.13	0.56	477	14.9	3.06	6	1	2.84	40.15	39.57	40.14	499.73	494.50	26.894	41.150	36.64	56.06	600.1	-0	1375	101.8	14.2	0.0613	1.0	111115
96	"11:06:29"	222.0	-2.11	0.559	477	14.9	3.06	6	1	2.84	40.15	39.57	40.14	499.74	494.50	26.899	41.146	36.64	56.05	600.1	-0	1336	101.8	14.2	0.0613	1.0	111115
97	"11:06:30"	223.5	-2.02	0.558	477	14.8	3.06	6	1	2.84	40.16	39.58	40.14	499.83	494.51	26.909	41.145	36.65	56.05	600.1	-0	1254	101.8	14.2	0.0613	1.0	111115
98	"11:06:32"	224.5	-1.95	0.558	477	14.8	3.06	6	1	2.84	40.16	39.58	40.14	499.84	494.45	26.916	41.146	36.66	56.04	600.1	-0	1133	101.8	14.2	0.0613	1.0	111115
99	"11:06:33"	226.0	-2.02	0.558	477	14.8	3.06	6	1	2.84	40.16	39.58	40.14	499.80	494.48	26.925	41.155	36.67	56.05	600.0	-0	1012	101.8	14.2	0.0613	1.0	111115
100	"11:06:34"	227.0	-2.03	0.557	477	14.8	3.06	6	1	2.84	40.16	39.59	40.15	499.77	494.46	26.931	41.156	36.67	56.05	600.0	-0	1009	101.8	14.2	0.0613	1.0	111115
101	"11:06:35"	227.5	-2.05	0.557	477	14.8	3.06	6	1	2.84	40.16	39.59	40.15	499.75	494.46	26.934	41.158	36.68	56.05	600.0	-0	1032	101.8	14.2	0.0613	1.0	111115
102	"11:06:37"	229.5	-2.11	0.556	477	14.8	3.06	6	1	2.84	40.16	39.59	40.15	499.71	494.50	26.946	41.155	36.69	56.03	599.9	-0	1213	101.8	14.2	0.0613	1.0	111115
103	"11:06:38"	231.0	-2.15	0.555	478	14.8	3.06	6	1	2.84	40.17	39.59	40.15	499.68	494.51	26.954	41.153	36.69	56.02	599.9	-0	1232	101.8	14.2	0.0613	1.0	111115
104	"11:06:39"	232.0	-2.35	0.555	478	14.8	3.06	6	1	2.84	40.17	39.60	40.15	499.58	494.61	26.959	41.153	36.70	56.02	599.9	-0	1181	101.8	14.2	0.0613	1.0	111115
105	"11:06:40"	232.5	-2.32	0.554	478	14.8	3.07	6	1	2.84	40.17	39.60	40.15	499.60	494.60	26.961	41.150	36.70	56.01	599.9	-0	1122	101.8	14.2	0.0613	1.0	111115
106	"11:06:41"	234.5	-2.47	0.554	479	14.8	3.07	6	1	2.84	40.17	39.60	40.16	499.49	494.65	26.972	41.157	36.71	56.01	600.0	-0	887	101.8	14.2	0.0613	1.0	111115
107	"11:06:43"	235.5	-2.36	0.554	478	14.8	3.07	6	1	2.84	40.17	39.60	40.16	499.57	494.62	26.978	41.158	36.71	56.01	600.0	0	773	101.8	14.2	0.0613	1.0	111115
108	"11:06:44"	237.0	-2.22	0.553	478	14.8	3.07	6	1	2.84	40.18	39.60	40.16	499.67	494.59	26.988	41.156	36.72	56.00	600.0	0	644	101.8	14.2	0.0613	1.0	111115
109	"11:06:45"	238.0	-2.05	0.553	477	14.8	3.07	6	1	2.84	40.18	39.60	40.16	499.79	494.54	26.997	41.152	36.73	55.99	600.0	-0	550	101.8	14.2	0.0613	1.0	111115
110	"11:06:46"	239.5	-2.06	0.551	477	14.7	3.07	6	1	2.84	40.18	39.61	40.17	499.77	494.54	27.007	41.146	36.74	55.97	600.0	-0	385	101.8	14.2	0.0613	1.0	111115
111	"11:06:48"	240.5	-2.19	0.551	478	14.7	3.07	6	1	2.84	40.18	39.61	40.17	499.69	494.59	27.012	41.144	36.74	55.96	600.0	-0	330	101.8	14.2	0.0613	1.0	111115
112	"11:06:49"	242.0	-2.33	0.55	478	14.7	3.07	6	1	2.84	40.18	39.61	40.17	499.57	494.62	27.017	41.141	36.74	55.95	600.0	-0	290	101.8	14.2	0.0613	1.0	111115
113	"11:06:50"	243.0	-2.39	0.55	478	14.7	3.07	6	1	2.84	40.19	39.61	40.17	499.54	494.65	27.021	41.141	36.75	55.95	600.1	-0	276	101.8	14.2	0.0613	1.0	111115
114	"11:06:51"	244.5	-2.43	0.549	479	14.7	3.07	6	1	2.84	40.19	39.61	40.17	499.49	494.65	27.028	41.134	36.75	55.93	600.1	-0	253	101.8	14.2	0.0613	1.0	111115
115	"11:06:53"	245.5	-2.43	0.548	479	14.7	3.07	6	1	2.84	40.19	39.61	40.18	499.50	494.66	27.032	41.126	36.75	55.92	600.1	-0	244	101.8	14.2	0.0613	1.0	111115
116	"11:06:54"	247.0	-2.24	0.547	478	14.7	3.08	6	1	2.84	40.19	39.61	40.18	499.61	494.59	27.038	41.113	36.76	55.89	600.0	-0	238	101.8	14.2	0.0613	1.0	111115
117	"11:06:55"	248.0	-2.14	0.546	478	14.7	3.08	6	1	2.84	40.19	39.62	40.18	499.67	494.55	27.043	41.107	36.76	55.88	600.0	-0	236	101.8	14.2	0.0613	1.0	111115
118	"11:06:56"	249.5	-2.07	0.545	477	14.6	3.08	6	1	2.84	40.20	39.62	40.18	499.63	494.46	27.049	41.095	36.76	55.86	600.0	-0	234	101.8	14.2	0.0613	1.0	111115
119	"11:06:58"	250.5	-2.19	0.544	478	14.6	3.08	6	1	2.84	40.20	39.62	40.18	499.52	494.48	27.054	41.084	36.77	55.84	600.0	-0	234	101.8	14.2	0.0613	1.0	111115
120	"11:06:59"	252.0	-2.39	0.543	478	14.6	3.08	6	1	2.84	40.20	39.61	40.18	499.38	494.54	27.060	41.070	36.77	55.81	600.0	-0	234	101.8	14.2	0.0613	1.0	111115
121	"11:07:00"	253.0	-2.32	0.542	478	14.6	3.08	6	1	2.84	40.20	39.61	40.19	499.44	494.54	27.065	41.062	36.78	55.80	600.0	-0	234	101.8	14.2	0.0613	1.0	111115
122	"11:07:01"	254.5	-2.13	0.541	477	14.6	3.08	6	1	2.84	40.20	39.61	40.19	499.57	494.50	27.072	41.045	36.79	55.77	599.9	-0	234	101.8	14.2	0.0613	1.0	111115
123	"11:07:03"	255.5	-2.05	0.54	477	14.6	3.08	6	1	2.84	40.20	39.61	40.19	499.65	494.50	27.078	41.039	36.79	55.76	599.9	-0	235	101.8	14.2	0.0613	1.0	111115
124	"11:07:04"	257.0	-2.1	0.539	477	14.5	3.09	6	1	2.84	40.20	39.62	40.19	499.62	494.53	27.083	41.023	36.80	55.73	599.9	-0	236	101.8	14.2	0.0613	1.0	111115
125	"11:07:05"	258.0	-2.18	0.538	478	14.5	3.09	6	1	2.84	40.21	39.62	40.19	499.59	494.59	27.087	41.017	36.80	55.72	599.9	-0	238	101.8	14.2	0.0613	1.0	111115
126	"11:07:06"	259.5	-2.23	0.536	478	14.5	3.09	6	1	2.84	40.21	39.62	40.19	499.53	494.58	27.092	40.999	36.80	55.69	600.0	-0	242	101.8	14.2	0.0613	1.0	111115
127	"11:07:08"	260.5	-2.07	0.535	477	14.5	3.09	6	1	2.84	40.21	39.63	40.20	499.61	494.52	27.099	40.990	36.81	55.68	600.0	-0	245	101.8	14.2	0.0613	1.0	111115
128	"11:07:09"	262.0	-2.04	0.534	477	14.5	3.09	6	1	2.84	40.21	39.63	40.20	499.62	494.50	27.108	40.983	36.82	55.66	600.0	-0	250	101.8	14.2	0.0613	1.0	111115
129	"11:07:10"	263.0	-1.94	0.533	477	14.5	3.1	6	1	2.84	40.21	39.63	40.20	499.66	494.45	27.113	40.974	36.82	55.65	600.0	-0	253	101.8	14.2	0.0613	1.0	111115
130	"11:07:11"	264.5	-1.97	0.531	477	14.4	3.1	6	1	2.84	40.21	39.63	40.20	499.61	494.45	27.120	40.961	36.83	55.62	600.0	-0	257	101.8	14.2	0.0613	1.0	111115
131	"11:07:13"	265.5	-1.9	0.53	477	14.4	3.1	6	1	2.84	40.21	39.64	40.20	499.63	494.40	27.126	40.948	36.83	55.60	600.1	-0	261	101.8	14.2	0.0613	1.0	111115
132	"11:07:14"	267.0	-1.9	0.528	477	14.4	3.1	6	1	2.84	40.22	39.64	40.20	499.63	494.41	27.134	40.931	36.84	55.57	600.1	-0	268	101.8	14.2	0.0613	1.0	111115
133	"11:07:15"	268.0	-1.82	0.528	476	14.4	3.11	6	1	2.84	40.22	39.64	40.21	499.67	494.39	27.139	40.927	36.84	55.56	600.1	-0	273	101.8	14.2	0.0613	1.0	111115
134	"11:07:16"	269.5	-1.95	0.526	477	14.4	3.11	6	1	2.84	40.22	39.65	40.21	499.58	494.44	27.146	40.910	36.85	55.53	600.0	-0	280	101.8	14.2	0.0613	1.0	111115
135	"11:07:18"	270.5	-2.13	0.525	477	14.3	3.11	6	1	2.84	40.22	39.65	40.21	499.48	494.52	27.150	40.902	36.85	55.52	600.0	-0	282	101.8	14.2	0.0613	1.0	111115
136	"11:07:19"	272.0	-2.16	0.524	478	14.3	3.11	6	1	2.84	40.22	39.65	40.21	499.45	494.53	27.156	40.893	36.86	55.50	600.0	-0	279	101.8	14.2	0.0613	1.0	111115
137	"11:07:20"	273.0	-2.04	0.523	477	14.3	3.11	6	1	2.84	40.23	39.65	40.21	499.50	494.47	27.161	40.887	36.86	55.49	600.0	-0	274	101.8	14.2	0.0613	1.0	111115
138	"11:07:21"	274.5	-1.79	0.523	476	14.3	3.11	6	1	2.84	40.23	39.65	40.21	499.67	494.39	27.167	40.883	36.86	55.47	600.0	-0	268	101.8	14.2	0.0613	1.0	111115
139	"11:07:23"	275.5	-1.68	0.521	476	14.3	3.12	6	1	2.84	40.23	39.66	40.22	499.74	494.36	27.172	40.873	36.87	55.46	600.0	-0	265	101.8	14.2	0.0613	1.0	111115
140	"11:07:24"	277.0	-1.71	0.52	476	14.3	3.12	6	1	2.84	40.23	39.66	40.22	499.73	494.39	27.180	40.863	36.87	55.44	600.0	-0	257	101.8	14.2	0.0613	1.0	111115
141	"11:07:25"	278.0	-1.69	0.519	476	14.3	3.12	6	1	2.84	40.23	39.66	40.22	499.75	494.39	27.186	40.856	36.88	55.42	600.0	0	249	101.8	14.2	0.0613	1.0	111115
142	"11:07:26"	279.5	-1.77	0.518	476	14.2	3.12	6	1	2.84	40.23	39.66	40.22	499.74	494.47	27.194	40.849	36.89	55.41	600.0	0	233	101.8	14.2	0.0613	1.0	111115
143	"11:07:28"	280.5	-1.82	0.518	476	14.2	3.12	6	1	2.84	40.24	39.66	40.22	499.69	494.48	27.197	40.844	36.89	55.40	600.0	0	225	101.8	14.2	0.0613	1.0	111115
144	"11:07:29"	282.0	-1.76	0.517	476	14.2	3.12	6	1	2.84	40.24	39.66	40.23	499.71	494.44	27.203	40.838	36.89	55.38	600.0	0	214	101.8	14.2	0.0613	1.0	111115
145	"11:07:30"	283.0	-1.83	0.517	476	14.2	3.12	6	1	2.84	40.24	39.66	40.23	499.64	494.44	27.206	40.837	36.89	55.38	599.9	0	209	101.8	14.2	0.0613	1.0	111115
146	"11:07:31"	284.5	-1.99	0.515	477	14.2	3.13	6	1	2.84	40.24	39.67	40.23	499.54	494.52	27.215	40.822	36.90	55.35	599.9	-0	203	101.8	14.2	0.0613	1.0	111115
147	"11:07:33"	285.5	-2.05	0.514	477	14.2	3.13	6	1	2.84	40.24	39.67	40.23	499.53	494.56	27.221	40.814	36.90	55.33	599.9	-0	200	101.8	14.2	0.0613	1.0	111115
148	"11:07:34"	287.0	-2.03	0.513	477	14.2	3.13	6	1	2.84	40.25	39.67	40.23	499.50	494.53	27.229	40.804	36.91	55.31	600.0	-0	196	101.8	14.2	0.0613	1.0	111115
149	"11:07:35"	288.0	-1.96	0.512	477	14.1	3.13	6	1	2.84	40.25	39.68	40.23	499.52	494.49	27.233	40.800	36.91	55.30	600.0	-0	194	101.8	14.2	0.0613	1.0	111115
150	"11:07:36"	289.5	-1.87	0.512	476	14.1	3.13	6	1	2.84	40.25	39.68	40.24	499.58	494.46	27.238	40.796	36.92	55.29	600.0	-0	192	101.8	14.2	0.0613	1.0	111115
151	"11:07:38"	290.5	-1.89	0.511	477	14.1	3.14	6	1	2.84	40.25	39.68	40.24	499.57	494.48	27.245	40.787	36.92	55.28	600.0	-0	191	101.8	14.2	0.0613	1.0	111115
152	"11:07:39"	292.0	-1.88	0.51	476	14.1	3.14	6	1	2.84	40.25	39.68	40.24	499.58	494.49	27.250	40.779	36.93	55.26	600.1	-0	190	101.8	14.2	0.0613	1.0	111115
153	"11:07:40"	293.0	-1.95	0.509	477	14.1	3.14	6	1	2.84	40.25	39.69	40.24	499.52	494.50	27.256	40.777	36.93	55.25	600.1	0	190	101.8	14.2	0.0613	1.0	111115
154	"11:07:41"	294.5	-1.86	0.508	476	14.1	3.14	6	1	2.84	40.26	39.69	40.24	499.58	494.48	27.262	40.773	36.93	55.24	600.1	-0	190	101.8	14.2	0.0613	1.0	111115
155	"11:07:43"	295.5	-1.84	0.508	476	14.1	3.14	6	1	2.84	40.26	39.69	40.24	499.59	494.47	27.265	40.769	36.94	55.23	600.1	-0	190	101.8	14.2	0.0613	1.0	111115
156	"11:07:44"	297.0	-1.68	0.507	476	14.1	3.14	6	1	2.84	40.26	39.69	40.25	499.69	494.41	27.272	40.756	36.94	55.21	600.0	-0	191	101.8	14.2	0.0613	1.0	111115
157	"11:07:45"	298.0	-1.66	0.506	476	14	3.14	6	1	2.84	40.26	39.69	40.25	499.71	494.43	27.277	40.748	36.95	55.19	600.0	-0	191	101.8	14.2	0.0613	1.0	111115
158	"11:07:46"	299.5	-1.56	0.504	475	14	3.15	6	1	2.84	40.26	39.70	40.25	499.78	494.40	27.287	40.737	36.95	55.17	600.0	-0	191	101.8	14.2	0.0613	1.0	111115
159	"11:07:48"	300.5	-1.61	0.504	475	14	3.15	6	1	2.84	40.27	39.70	40.25	499.73	494.41	27.292	40.731	36.96	55.16	600.0	-0	191	101.8	14.2	0.0613	1.0	111115
160	"11:07:49"	302.0	-1.67	0.503	476	14	3.15	6	1	2.84	40.27	39.70	40.25	499.64	494.39	27.298	40.725	36.96	55.14	600.0	-0	191	101.8	14.2	0.0613	1.0	111115
161	"11:07:50"	303.0	-1.75	0.502	476	14	3.15	6	1	2.84	40.27	39.70	40.26	499.58	494.42	27.301	40.720	36.96	55.13	600.0	-0	190	101.8	14.2	0.0613	1.0	111115
162	"11:07:51"	304.5	-1.75	0.501	476	14	3.15	6	1	2.84	40.27	39.71	40.26	499.60	494.44	27.308	40.717	36.97	55.12	600.0	-0	190	101.8	14.2	0.0613	1.0	111115
163	"11:07:53"	305.5	-1.85	0.501	476	14	3.15	6	1	2.84	40.27	39.71	40.26	499.60	494.54	27.313	40.712	36.97	55.11	600.0	-0	190	101.8	14.2	0.0613	1.0	111115
164	"11:07:54"	307.0	-1.92	0.5	477	14	3.16	6	1	2.84	40.28	39.71	40.26	499.57	494.59	27.319	40.705	36.97	55.09	600.0	-0	190	101.8	14.2	0.0613	1.0	111115
165	"11:07:55"	308.0	-1.9	0.499	477	13.9	3.16	6	1	2.84	40.28	39.71	40.26	499.58	494.58	27.323	40.700	36.98	55.08	600.0	-0	190	101.8	14.2	0.0613	1.0	111115
166	"11:07:56"	308.5	-1.92	0.499	477	13.9	3.16	6	1	2.84	40.28	39.71	40.26	499.56	494.58	27.325	40.698	36.98	55.08	600.0	-0	190	101.8	14.2	0.0613	1.0	111115
167	"11:07:57"	310.5	-1.97	0.497	477	13.9	3.16	6	1	2.84	40.28	39.72	40.27	499.52	494.60	27.335	40.682	36.99	55.04	600.0	-0	190	101.8	14.2	0.0613	1.0	111115
168	"11:07:59"	311.5	-1.99	0.497	477	13.9	3.16	6	1	2.84	40.28	39.72	40.27	499.50	494.62	27.340	40.679	36.99	55.04	600.0	-0	190	101.8	14.2	0.0613	1.0	111115
169	"11:08:00"	313.0	-2.12	0.496	478	13.9	3.16	6	1	2.84	40.29	39.72	40.27	499.45	494.70	27.346	40.673	36.99	55.02	600.0	-0	189	101.8	14.2	0.0613	1.0	111115
170	"11:08:01"	314.0	-1.92	0.496	477	13.9	3.16	6	1	2.84	40.29	39.72	40.27	499.55	494.60	27.349	40.677	36.99	55.02	600.0	-0	189	101.8	14.2	0.0613	1.0	111115
171	"11:08:02"	315.5	-1.88	0.495	477	13.9	3.16	6	1	2.84	40.29	39.72	40.27	499.55	494.57	27.359	40.673	37.00	55.01	599.9	-0	189	101.8	14.2	0.0613	1.0	111115
172	"11:08:04"	316.5	-1.82	0.494	476	13.9	3.17	6	1	2.84	40.29	39.73	40.28	499.57	494.53	27.362	40.663	37.00	54.99	599.9	-0	189	101.8	14.2	0.0613	1.0	111115
173	"11:08:05"	318.0	-1.88	0.493	476	13.8	3.17	6	1	2.84	40.29	39.73	40.28	499.51	494.54	27.370	40.655	37.01	54.98	599.9	-0	189	101.8	14.2	0.0613	1.0	111115
174	"11:08:06"	319.0	-1.88	0.493	477	13.8	3.17	6	1	2.84	40.29	39.72	40.28	499.50	494.55	27.374	40.649	37.01	54.96	599.9	-0	188	101.8	14.2	0.0613	1.0	111115
175	"11:08:07"	320.5	-1.92	0.492	477	13.8	3.17	6	1	2.84	40.30	39.72	40.28	499.49	494.58	27.383	40.645	37.02	54.95	600.0	-0	188	101.8	14.2	0.0613	1.0	111115
176	"11:08:09"	321.5	-1.81	0.492	476	13.8	3.17	6	1	2.84	40.30	39.72	40.28	499.58	494.55	27.388	40.643	37.03	54.95	600.0	-0	188	101.8	14.2	0.0613	1.0	111115
177	"11:08:10"	323.0	-1.92	0.492	477	13.8	3.17	6	1	2.84	40.30	39.72	40.29	499.47	494.57	27.392	40.634	37.03	54.93	600.1	-0	188	101.8	14.2	0.0613	1.0	111115
178	"11:08:11"	323.5	-1.97	0.492	477	13.8	3.17	6	1	2.84	40.30	39.72	40.29	499.45	494.60	27.394	40.634	37.03	54.93	600.1	-0	188	101.8	14.2	0.0613	1.0	111115
179	"11:08:12"	324.5	-1.86	0.491	476	13.8	3.17	6	1	2.84	40.30	39.72	40.29	499.49	494.53	27.397	40.625	37.03	54.91	600.1	0	188	101.8	14.2	0.0613	1.0	111115
180	"11:08:13"	325.5	-1.82	0.49	476	13.8	3.17	6	1	2.84	40.30	39.72	40.29	499.50	494.50	27.401	40.617	37.04	54.90	600.1	0	188	101.8	14.2	0.0613	1.0	111115
181	"11:08:14"	326.5	-1.76	0.49	476	13.8	3.17	6	1	2.84	40.30	39.72	40.29	499.51	494.46	27.406	40.613	37.04	54.89	600.1	0	189	101.8	14.2	0.0613	1.0	111115
182	"11:08:15"	327.5	-1.63	0.489	475	13.8	3.17	6	1	2.84	40.30	39.72	40.29	499.56	494.39	27.412	40.609	37.05	54.88	600.1	-0	189	101.8	14.2	0.0613	1.0	111115
183	"11:08:16"	328.5	-1.71	0.488	476	13.8	3.17	6	1	2.84	40.30	39.73	40.29	499.54	494.45	27.417	40.607	37.05	54.88	600.1	-0	189	101.8	14.2	0.0613	1.0	111115
184	"11:08:17"	329.5	-1.74	0.488	476	13.7	3.17	6	1	2.84	40.30	39.73	40.29	499.52	494.47	27.421	40.603	37.06	54.87	600.1	-0	189	101.8	14.2	0.0613	1.0	111115
185	"11:08:18"	330.5	-1.75	0.488	476	13.7	3.17	6	1	2.84	40.31	39.73	40.29	499.56	494.52	27.423	40.602	37.06	54.86	600.0	-0	189	101.8	14.2	0.0613	1.0	111115
186	"11:08:19"	331.5	-1.84	0.487	476	13.7	3.17	6	1	2.84	40.31	39.73	40.30	499.53	494.59	27.428	40.601	37.06	54.86	600.0	-0	190	101.8	14.2	0.0613	1.0	111115
187	"11:08:20"	332.5	-1.77	0.487	476	13.7	3.17	6	1	2.84	40.31	39.73	40.30	499.54	494.53	27.431	40.597	37.06	54.85	600.0	-0	190	101.8	14.2	0.0613	1.0	111115
188	"11:08:21"	333.5	-1.78	0.486	476	13.7	3.17	6	1	2.84	40.31	39.73	40.30	499.54	494.54	27.437	40.591	37.07	54.84	599.9	-0	190	101.8	14.2	0.0613	1.0	111115
189	"11:08:22"	334.5	-1.81	0.486	476	13.7	3.17	6	1	2.84	40.31	39.73	40.30	499.49	494.54	27.443	40.583	37.08	54.83	599.9	0	191	101.8	14.2	0.0613	1.0	111115
190	"11:08:23"	335.5	-1.73	0.485	476	13.7	3.17	6	1	2.84	40.31	39.73	40.30	499.49	494.45	27.448	40.579	37.08	54.82	600.0	-0	191	101.8	14.2	0.0613	1.0	111115
191	"11:08:24"	336.5	-1.74	0.485	476	13.7	3.17	6	1	2.84	40.31	39.73	40.30	499.47	494.45	27.453	40.576	37.09	54.82	600.0	-0	191	101.8	14.2	0.0613	1.0	111115
192	"11:08:25"	337.5	-1.74	0.485	476	13.7	3.17	6	1	2.84	40.31	39.73	40.30	499.44	494.42	27.457	40.576	37.09	54.81	600.0	0	192	101.8	14.2	0.0613	1.0	111115
193	"11:08:26"	338.5	-1.7	0.484	476	13.7	3.18	6	1	2.84	40.31	39.73	40.30	499.44	494.38	27.461	40.567	37.09	54.80	600.0	-0	192	101.8	14.2	0.0613	1.0	111115
194	"11:08:27"	339.5	-1.75	0.484	476	13.7	3.18	6	1	2.84	40.31	39.73	40.31	499.44	494.44	27.466	40.566	37.10	54.79	600.0	-0	192	101.8	14.2	0.0613	1.0	111115
195	"11:08:28"	340.5	-1.72	0.483	476	13.6	3.18	6	1	2.84	40.32	39.73	40.31	499.48	494.45	27.469	40.561	37.10	54.78	600.0	-0	193	101.8	14.2	0.0613	1.0	111115
196	"11:08:29"	341.5	-1.68	0.483	476	13.6	3.18	6	1	2.84	40.32	39.73	40.31	499.53	494.46	27.475	40.556	37.11	54.77	600.0	-0	193	101.8	14.2	0.0613	1.0	111115
197	"11:08:30"	342.5	-1.63	0.483	476	13.6	3.18	6	1	2.84	40.32	39.73	40.31	499.58	494.47	27.478	40.557	37.11	54.77	600.0	0	194	101.8	14.2	0.0613	1.0	111115
198	"11:08:31"	343.5	-1.58	0.482	475	13.6	3.18	6	1	2.84	40.32	39.73	40.31	499.57	494.42	27.480	40.544	37.11	54.75	600.0	-0	194	101.8	14.2	0.0613	1.0	111115
199	"11:08:32"	344.5	-1.73	0.481	476	13.6	3.18	6	1	2.84	40.32	39.73	40.31	499.50	494.51	27.486	40.542	37.12	54.75	600.0	-0	195	101.8	14.2	0.0613	1.0	111115
200	"11:08:33"	345.5	-1.75	0.481	476	13.6	3.18	6	1	2.84	40.32	39.73	40.31	499.47	494.50	27.488	40.534	37.12	54.73	600.0	-0	195	101.8	14.2	0.0613	1.0	111115
201	"11:08:34"	346.5	-1.79	0.48	476	13.6	3.18	6	1	2.84	40.32	39.73	40.31	499.43	494.51	27.493	40.530	37.12	54.73	600.0	-0	196	101.8	14.2	0.0613	1.0	111115
202	"11:08:35"	347.5	-1.91	0.48	477	13.6	3.18	6	1	2.84	40.32	39.73	40.31	499.41	494.60	27.497	40.529	37.13	54.72	600.0	-0	197	101.8	14.2	0.0613	1.0	111115
203	"11:08:37"	348.5	-1.79	0.48	476	13.6	3.18	6	1	2.84	40.32	39.72	40.31	499.47	494.54	27.500	40.522	37.13	54.71	600.0	-0	198	101.8	14.2	0.0613	1.0	111115
204	"11:08:38"	350.0	-1.74	0.479	476	13.6	3.18	6	1	2.84	40.32	39.73	40.32	499.50	494.53	27.508	40.521	37.14	54.71	600.0	-0	201	101.8	14.2	0.0613	1.0	111115
205	"11:08:39"	351.0	-1.62	0.479	476	13.5	3.18	6	1	2.84	40.32	39.73	40.32	499.55	494.47	27.512	40.512	37.14	54.69	600.0	0	203	101.8	14.2	0.0613	1.0	111115
206	"11:08:40"	352.0	-1.71	0.478	476	13.5	3.18	6	1	2.84	40.32	39.73	40.32	499.48	494.49	27.516	40.512	37.15	54.69	600.0	0	206	101.8	14.2	0.0613	1.0	111115
207	"11:08:41"	353.0	-1.73	0.478	476	13.5	3.18	6	1	2.84	40.32	39.73	40.32	499.44	494.48	27.520	40.505	37.15	54.68	600.0	0	209	101.8	14.2	0.0613	1.0	111115
208	"11:08:43"	354.0	-1.84	0.477	476	13.5	3.18	6	1	2.84	40.33	39.73	40.32	499.37	494.52	27.523	40.500	37.15	54.67	600.0	-0	213	101.8	14.2	0.0613	1.0	111115
209	"11:08:44"	356.0	-1.84	0.476	476	13.5	3.18	6	1	2.84	40.33	39.72	40.32	499.34	494.50	27.533	40.484	37.17	54.65	600.0	-0	223	101.8	14.2	0.0613	1.0	111115
210	"11:08:45"	357.0	-1.87	0.476	477	13.5	3.18	6	1	2.84	40.33	39.72	40.32	499.31	494.51	27.538	40.481	37.17	54.64	600.0	-0	231	101.8	14.2	0.0613	1.0	111115
211	"11:08:46"	358.0	-1.77	0.475	476	13.5	3.18	6	1	2.84	40.33	39.72	40.32	499.37	494.48	27.543	40.477	37.18	54.64	600.0	-0	246	101.8	14.2	0.0613	1.0	111115
212	"11:08:47"	359.0	-1.7	0.475	476	13.5	3.18	6	1	2.84	40.33	39.72	40.32	499.42	494.46	27.549	40.469	37.19	54.63	600.0	-0	278	101.8	14.2	0.0613	1.0	111115
213	"11:08:48"	360.0	-1.7	0.474	476	13.5	3.18	6	1	2.84	40.33	39.72	40.32	499.44	494.49	27.554	40.466	37.19	54.62	600.0	-0	324	101.8	14.2	0.0613	1.0	111115
214	"11:08:49"	361.0	-1.62	0.474	476	13.4	3.18	6	1	2.84	40.33	39.72	40.32	499.50	494.47	27.559	40.461	37.20	54.61	600.0	-0	376	101.8	14.2	0.0613	1.0	111115
215	"11:08:50"	362.0	-1.59	0.473	475	13.4	3.18	6	1	2.84	40.33	39.72	40.32	499.51	494.46	27.563	40.454	37.20	54.60	600.0	-0	426	101.8	14.2	0.0613	1.0	111115
216	"11:08:51"	363.0	-1.6	0.472	475	13.4	3.19	6	1	2.84	40.33	39.72	40.32	499.50	494.46	27.567	40.449	37.21	54.59	600.0	-0	491	101.8	14.2	0.0613	1.0	111115
217	"11:08:52"	364.0	-1.63	0.472	476	13.4	3.19	6	1	2.84	40.33	39.73	40.33	499.46	494.45	27.571	40.453	37.21	54.60	600.0	0	546	101.8	14.2	0.0613	1.0	111115
218	"11:08:53"	365.0	-1.64	0.472	476	13.4	3.19	6	1	2.84	40.33	39.73	40.33	499.43	494.44	27.576	40.453	37.22	54.60	600.0	-0	565	101.8	14.2	0.0613	1.0	111115
219	"11:08:54"	366.0	-1.69	0.472	476	13.4	3.19	6	1	2.84	40.33	39.73	40.33	499.40	494.45	27.580	40.451	37.22	54.59	600.0	-0	550	101.8	14.2	0.0613	1.0	111115
220	"11:08:55"	367.0	-1.67	0.471	476	13.4	3.19	6	1	2.84	40.33	39.73	40.33	499.41	494.46	27.585	40.448	37.23	54.59	600.0	-0	502	101.8	14.2	0.0613	1.0	111115
221	"11:08:56"	368.0	-1.59	0.471	475	13.4	3.19	6	1	2.84	40.33	39.73	40.33	499.47	494.44	27.590	40.440	37.23	54.57	600.0	-0	448	101.8	14.2	0.0613	1.0	111115
222	"11:08:57"	369.0	-1.57	0.47	475	13.4	3.19	6	1	2.84	40.33	39.72	40.33	499.52	494.47	27.594	40.433	37.24	54.56	600.0	-0	418	101.8	14.2	0.0613	1.0	111115
223	"11:08:58"	370.5	-1.55	0.47	475	13.4	3.19	6	1	2.84	40.33	39.72	40.33	499.55	494.49	27.603	40.431	37.25	54.56	600.1	-0	411	101.8	14.2	0.0613	1.0	111115
224	"11:08:59"	371.5	-1.59	0.469	475	13.4	3.19	6	1	2.84	40.33	39.72	40.33	499.50	494.48	27.608	40.426	37.25	54.55	600.0	-0	399	101.8	14.2	0.0613	1.0	111115
225	"11:09:00"	372.5	-1.66	0.469	476	13.4	3.19	6	1	2.84	40.33	39.72	40.33	499.43	494.49	27.612	40.425	37.26	54.55	600.0	-0	384	101.8	14.2	0.0613	1.0	111115
226	"11:09:01"	373.5	-1.78	0.469	476	13.3	3.19	6	1	2.84	40.33	39.72	40.33	499.31	494.48	27.618	40.425	37.27	54.55	600.1	0	363	101.8	14.2	0.0613	1.0	111115
227	"11:09:02"	374.5	-1.83	0.469	476	13.3	3.19	6	1	2.84	40.33	39.72	40.33	499.24	494.47	27.621	40.422	37.27	54.54	600.0	0	338	101.8	14.2	0.0613	1.0	111115
228	"11:09:03"	375.5	-1.85	0.468	476	13.3	3.19	6	1	2.84	40.33	39.72	40.33	499.22	494.48	27.622	40.416	37.27	54.53	600.0	0	309	101.8	14.2	0.0613	1.0	111115
229	"11:09:04"	376.5	-1.88	0.468	477	13.3	3.19	6	1	2.84	40.33	39.72	40.33	499.22	494.51	27.626	40.412	37.28	54.53	600.0	-0	282	101.8	14.2	0.0613	1.0	111115
230	"11:09:05"	377.5	-1.9	0.468	477	13.3	3.19	6	1	2.84	40.33	39.72	40.33	499.21	494.52	27.630	40.405	37.28	54.52	600.0	-0	269	101.8	14.2	0.0613	1.0	111115
231	"11:09:06"	378.5	-1.86	0.467	477	13.3	3.19	6	1	2.84	40.33	39.72	40.33	499.22	494.50	27.634	40.399	37.28	54.51	600.0	-0	270	101.8	14.2	0.0613	1.0	111115
232	"11:09:07"	379.5	-1.87	0.467	477	13.3	3.19	6	1	2.84	40.33	39.71	40.33	499.20	494.50	27.638	40.393	37.29	54.50	600.0	-0	283	101.8	14.2	0.0613	1.0	111115
233	"11:09:08"	380.5	-1.87	0.466	477	13.3	3.19	6	1	2.84	40.33	39.71	40.33	499.20	494.51	27.643	40.390	37.30	54.50	600.0	-0	285	101.8	14.2	0.0613	1.0	111115
234	"11:09:09"	381.5	-1.79	0.466	476	13.3	3.19	6	1	2.84	40.33	39.71	40.33	499.25	494.48	27.646	40.383	37.30	54.49	600.0	-0	278	101.8	14.2	0.0613	1.0	111115
235	"11:09:10"	382.5	-1.81	0.466	476	13.3	3.19	6	1	2.84	40.34	39.71	40.33	499.28	494.52	27.650	40.385	37.31	54.49	600.0	-0	263	101.8	14.2	0.0613	1.0	111115
236	"11:09:11"	383.5	-1.72	0.466	476	13.3	3.19	6	1	2.84	40.34	39.70	40.33	499.35	494.50	27.655	40.383	37.31	54.49	600.0	-0	242	101.8	14.2	0.0613	1.0	111115
237	"11:09:12"	384.5	-1.62	0.465	476	13.3	3.19	6	1	2.84	40.34	39.70	40.33	499.38	494.45	27.658	40.374	37.32	54.47	600.0	-0	234	101.8	14.2	0.0613	1.0	111115
238	"11:09:13"	385.5	-1.69	0.465	476	13.2	3.19	6	1	2.84	40.34	39.70	40.33	499.34	494.48	27.663	40.369	37.32	54.47	600.0	-0	228	101.8	14.2	0.0613	1.0	111115
239	"11:09:14"	386.5	-1.65	0.464	476	13.2	3.19	6	1	2.84	40.34	39.70	40.33	499.31	494.42	27.667	40.355	37.33	54.45	599.9	-0	221	101.8	14.2	0.0613	1.0	111115
240	"11:09:15"	387.5	-1.7	0.463	476	13.2	3.19	6	1	2.84	40.34	39.70	40.34	499.25	494.43	27.671	40.345	37.33	54.43	599.9	-0	217	101.8	14.2	0.0613	1.0	111115
241	"11:09:16"	388.5	-1.74	0.463	476	13.2	3.19	6	1	2.84	40.34	39.70	40.34	499.22	494.43	27.676	40.341	37.34	54.43	599.9	-0	214	101.8	14.2	0.0613	1.0	111115
242	"11:09:17"	389.5	-1.73	0.463	476	13.2	3.19	6	1	2.84	40.34	39.70	40.34	499.22	494.43	27.679	40.336	37.35	54.42	600.0	-0	212	101.8	14.2	0.0613	1.0	111115
243	"11:09:18"	390.5	-1.85	0.462	477	13.2	3.19	6	1	2.84	40.34	39.70	40.34	499.15	494.49	27.680	40.329	37.35	54.41	600.0	-0	211	101.8	14.2	0.0613	1.0	111115
244	"11:09:19"	391.5	-1.75	0.462	476	13.2	3.19	6	1	2.84	40.33	39.70	40.34	499.22	494.45	27.684	40.326	37.35	54.41	600.1	-0	210	101.8	14.2	0.0613	1.0	111115
245	"11:09:20"	392.5	-1.77	0.461	476	13.2	3.19	6	1	2.84	40.33	39.70	40.34	499.22	494.48	27.688	40.318	37.36	54.40	600.1	-0	209	101.8	14.2	0.0613	1.0	111115
246	"11:09:21"	393.5	-1.64	0.461	476	13.2	3.19	6	1	2.84	40.33	39.70	40.34	499.31	494.45	27.692	40.313	37.36	54.39	600.1	-0	208	101.8	14.2	0.0613	1.0	111115
247	"11:09:22"	394.5	-1.6	0.461	476	13.1	3.19	6	1	2.84	40.33	39.69	40.34	499.35	494.45	27.698	40.311	37.37	54.39	600.0	0	206	101.8	14.2	0.0613	1.0	111115
248	"11:09:23"	395.5	-1.79	0.46	476	13.1	3.19	6	1	2.84	40.33	39.69	40.34	499.25	494.54	27.701	40.304	37.38	54.38	600.0	-0	205	101.8	14.2	0.0613	1.0	111115
249	"11:09:24"	396.5	-1.9	0.46	477	13.1	3.19	6	1	2.84	40.33	39.69	40.34	499.20	494.61	27.702	40.296	37.38	54.37	600.0	-0	203	101.8	14.2	0.0613	1.0	111115
250	"11:09:25"	397.5	-2	0.459	477	13.1	3.19	6	1	2.84	40.33	39.69	40.34	499.08	494.60	27.705	40.284	37.38	54.36	600.0	-0	201	101.8	14.2	0.0613	1.0	111115
251	"11:09:26"	398.5	-2.01	0.458	477	13.1	3.19	6	1	2.84	40.33	39.69	40.34	499.07	494.60	27.706	40.271	37.38	54.34	600.0	-0	199	101.8	14.2	0.0613	1.0	111115
252	"11:09:27"	399.5	-1.94	0.458	477	13.1	3.19	6	1	2.84	40.33	39.69	40.34	499.11	494.58	27.711	40.261	37.39	54.33	600.0	-0	196	101.8	14.2	0.0613	1.0	111115
253	"11:09:28"	400.5	-1.79	0.457	476	13.1	3.19	6	1	2.84	40.33	39.68	40.34	499.18	494.50	27.716	40.255	37.40	54.32	600.0	-0	194	101.8	14.2	0.0613	1.0	111115
254	"11:09:29"	402.0	-1.73	0.456	476	13	3.19	6	1	2.84	40.33	39.68	40.33	499.29	494.56	27.721	40.244	37.41	54.31	600.0	-0	190	101.8	14.2	0.0613	1.0	111115
255	"11:09:30"	403.0	-1.66	0.456	476	13	3.19	6	1	2.84	40.33	39.68	40.33	499.30	494.52	27.724	40.234	37.41	54.29	600.1	-0	187	101.8	14.2	0.0613	1.0	111115
