"OPEN 5.3.2"
"Thr Aug  2 2018 07:45:44"
"Unit="	"PSC-895"
"ComputeList="	"/User/Configs/Comps/Default"
"BLCTable="	"/Sys/Lib/StdBLCTable"
"LightSource="	"Sun+Sky"	1	0.19
"LogFormat="	"/User/Configs/LogFormats/Std Output"
"LogCodes="	-35	-21	-36	30	23	36	21	25	-33	-34	-32	-9	-10	-8	-1	-2	-4	-5	-14	-15	-7	-12	-13	-11	-65	-66	-72	-23
"PromptList="	"/User/Configs/Prompts/Default (none)"
"Stability= (CO2S 15s SLP<1)(H2OS 15s SLP<1)(Flow 15s SLP<1)"
"07:45:52 cut. matched before hand.too high ref.. moving to full scrub."
$STARTOFDATA$
"Obs"	"HHMMSS"	"FTime"	"Photo"	"Cond"	"Ci"	"Trmmol"	"VpdL"	"Area"	"StmRat"	"BLCond"	"Tair"	"Tleaf"	"TBlk"	"CO2R"	"CO2S"	"H2OR"	"H2OS"	"RH_R"	"RH_S"	"Flow"	"PARi"	"PARo"	"Press"	"CsMch"	"HsMch"	"StableF"	"Status"
1	"08:13:07"	1652.5	-1.43	2.46	430	31.8	2.35	6	1	2.84	35.04	34.58	34.93	457.31	444.62	0.407	31.182	0.73	56.02	600.1	-0	672	101.7	6.1	0.0617	0.3	111105
2	"08:13:08"	1653.5	0.189	2.45	428	31.8	2.35	6	1	2.84	35.03	34.58	34.93	458.72	444.42	0.406	31.169	0.73	56.00	600.1	-0	674	101.7	6.1	0.0617	0.3	111105
3	"08:13:09"	1655.0	1.75	2.46	427	31.8	2.35	6	1	2.84	35.03	34.57	34.94	460.16	444.30	0.406	31.174	0.73	56.02	600.0	-0	675	101.7	6.1	0.0617	0.3	111105
4	"08:13:11"	1656.0	2.65	2.46	426	31.8	2.35	6	1	2.84	35.03	34.57	34.94	461.02	444.27	0.406	31.171	0.73	56.02	600.0	-0	676	101.7	6.1	0.0617	0.3	111105
5	"08:13:12"	1657.5	2.78	2.46	425	31.7	2.35	6	1	2.84	35.02	34.57	34.94	461.05	444.18	0.406	31.161	0.73	56.02	600.0	-0	679	101.7	6.1	0.0617	0.3	111105
6	"08:13:13"	1658.5	1.76	2.45	426	31.7	2.35	6	1	2.84	35.02	34.56	34.94	459.91	444.07	0.407	31.137	0.73	55.98	600.0	-0	679	101.7	6.1	0.0617	0.7	111105
7	"08:13:14"	1660.0	-0.64	2.44	429	31.7	2.35	6	1	2.84	35.02	34.56	34.94	457.56	444.13	0.406	31.097	0.73	55.92	600.0	-0	680	101.7	6.1	0.0617	0.7	111105
8	"08:13:16"	1661.0	-1.98	2.42	431	31.6	2.35	6	1	2.84	35.02	34.56	34.95	456.17	444.11	0.405	31.051	0.73	55.85	600.0	-0	680	101.7	6.1	0.0617	0.7	111105
9	"08:13:17"	1662.5	-4.14	2.4	433	31.6	2.36	6	1	2.84	35.01	34.56	34.95	454.36	444.48	0.405	30.977	0.73	55.72	600.0	-0	680	101.7	6.1	0.0617	0.7	111105
10	"08:13:18"	1663.0	-4.71	2.39	434	31.5	2.36	6	1	2.84	35.01	34.56	34.95	453.84	444.54	0.405	30.950	0.73	55.68	600.0	-0	680	101.7	6.1	0.0617	0.3	111105
11	"08:13:19"	1664.0	-5.75	2.37	435	31.5	2.37	6	1	2.84	35.01	34.55	34.95	452.95	444.72	0.404	30.892	0.73	55.58	600.0	-0	680	101.7	6.1	0.0617	0.7	111105
12	"08:13:20"	1665.0	-6.5	2.36	436	31.4	2.37	6	1	2.84	35.01	34.55	34.95	452.33	444.86	0.405	30.845	0.73	55.50	599.9	-0	680	101.7	6.1	0.0617	0.7	111105
13	"08:13:21"	1666.0	-6.61	2.34	436	31.4	2.38	6	1	2.84	35.01	34.55	34.95	452.18	444.84	0.404	30.794	0.73	55.41	599.9	-0	680	101.7	6.1	0.0617	0.7	111105
14	"08:13:22"	1668.0	-6.05	2.31	436	31.2	2.39	6	1	2.84	35.01	34.55	34.96	452.75	444.90	0.404	30.690	0.73	55.23	600.0	-0	680	101.7	6.1	0.0617	0.3	111105
15	"08:13:23"	1668.5	-5.82	2.3	436	31.2	2.39	6	1	2.84	35.01	34.55	34.96	452.96	444.90	0.404	30.660	0.73	55.17	600.0	-0	680	101.7	6.1	0.0617	0.3	111105
16	"08:13:25"	1669.5	-5.56	2.28	435	31.2	2.4	6	1	2.84	35.01	34.55	34.96	453.24	444.93	0.403	30.607	0.73	55.08	600.0	-0	681	101.7	6.1	0.0617	0.3	111105
17	"08:13:26"	1671.5	-5.14	2.24	434	31	2.41	6	1	2.84	35.01	34.55	34.96	453.23	444.59	0.402	30.474	0.72	54.84	600.0	-0	681	101.7	6.1	0.0617	0.3	111105
18	"08:13:27"	1672.5	-5.24	2.22	434	31	2.42	6	1	2.84	35.01	34.56	34.97	453.04	444.51	0.402	30.414	0.72	54.73	600.0	-0	681	101.7	6.1	0.0617	0.3	111105
19	"08:13:28"	1674.0	-5.17	2.19	434	30.8	2.43	6	1	2.84	35.01	34.55	34.97	452.83	444.29	0.402	30.316	0.72	54.56	600.0	-0	681	101.7	6.1	0.0617	0.3	111105
20	"08:13:30"	1675.0	-4.86	2.18	434	30.8	2.43	6	1	2.84	35.00	34.55	34.97	452.84	444.03	0.402	30.267	0.72	54.47	600.0	-0	681	101.7	6.1	0.0617	0.3	111105
21	"08:13:31"	1676.5	-4.15	2.16	432	30.7	2.44	6	1	2.84	35.01	34.55	34.97	453.29	443.81	0.401	30.188	0.72	54.33	600.0	-0	681	101.7	6.1	0.0617	0.7	111105
22	"08:13:32"	1677.5	-3.37	2.14	431	30.7	2.44	6	1	2.84	35.01	34.55	34.98	453.86	443.63	0.401	30.131	0.72	54.22	600.0	-0	681	101.7	6.1	0.0617	0.7	111105
23	"08:13:33"	1679.0	-1.99	2.12	429	30.6	2.45	6	1	2.84	35.01	34.55	34.98	454.87	443.31	0.400	30.057	0.72	54.09	600.0	-0	681	101.7	6.1	0.0617	0.3	111105
24	"08:13:35"	1680.0	-1.31	2.1	428	30.5	2.46	6	1	2.84	35.01	34.54	34.98	455.50	443.29	0.400	29.993	0.72	53.97	600.0	-0	682	101.7	6.1	0.0617	0.3	111105
25	"08:13:36"	1681.5	-0.205	2.08	427	30.4	2.47	6	1	2.84	35.01	34.55	34.98	456.45	443.18	0.400	29.901	0.72	53.80	599.9	-0	682	101.7	6.1	0.0617	0.3	111105
26	"08:13:37"	1682.5	0.691	2.06	426	30.3	2.48	6	1	2.84	35.01	34.55	34.99	457.13	443.00	0.399	29.828	0.72	53.67	599.9	-0	682	101.7	6.1	0.0617	0.3	111105
27	"08:13:38"	1684.0	1.9	2.03	424	30.2	2.49	6	1	2.84	35.01	34.55	34.99	458.11	442.83	0.400	29.724	0.72	53.48	599.8	-0	682	101.7	6.1	0.0617	0.3	111105
28	"08:13:40"	1685.0	2.35	2.01	423	30.1	2.5	6	1	2.84	35.01	34.56	34.99	458.62	442.91	0.400	29.658	0.72	53.36	599.9	-0	682	101.7	6.1	0.0617	0.3	111105
29	"08:13:41"	1686.5	2.66	1.98	423	30	2.51	6	1	2.84	35.01	34.56	34.99	459.01	443.04	0.399	29.555	0.72	53.16	600.0	-0	682	101.7	6.1	0.0617	0.3	111105
30	"08:13:42"	1687.5	2.88	1.96	423	30	2.51	6	1	2.84	35.01	34.56	35.00	459.31	443.15	0.399	29.487	0.72	53.04	600.0	-0	682	101.7	6.1	0.0617	0.3	111105
31	"08:13:43"	1689.0	3.82	1.94	421	29.9	2.52	6	1	2.84	35.02	34.57	35.00	460.34	443.27	0.398	29.401	0.72	52.88	600.0	-0	682	101.7	6.1	0.0617	0.3	111105
32	"08:13:45"	1690.0	4.87	1.93	420	29.8	2.53	6	1	2.84	35.02	34.57	35.00	461.56	443.47	0.398	29.349	0.72	52.78	600.0	-0	682	101.7	6.1	0.0617	0.3	111105
33	"08:13:46"	1691.5	6.18	1.91	419	29.8	2.54	6	1	2.84	35.02	34.57	35.01	463.25	443.86	0.397	29.293	0.71	52.67	600.0	-0	683	101.7	6.1	0.0617	0.3	111105
34	"08:13:47"	1692.0	6.34	1.91	419	29.7	2.54	6	1	2.84	35.02	34.57	35.01	463.55	444.01	0.397	29.271	0.71	52.63	600.0	-0	683	101.7	6.1	0.0617	0.3	111105
35	"08:13:48"	1694.0	4.96	1.88	421	29.6	2.55	6	1	2.84	35.02	34.57	35.01	462.52	444.40	0.397	29.167	0.71	52.43	600.0	-0	683	101.7	6.1	0.0617	0.7	111105
36	"08:13:50"	1695.0	3.55	1.87	423	29.6	2.56	6	1	2.84	35.03	34.57	35.01	461.34	444.64	0.397	29.107	0.71	52.32	600.0	-0	683	101.7	6.1	0.0617	0.3	111105
37	"08:13:51"	1696.5	2.53	1.85	424	29.5	2.57	6	1	2.84	35.03	34.58	35.02	460.62	444.98	0.397	29.020	0.71	52.16	600.0	-0	683	101.7	6.1	0.0617	0.3	111105
38	"08:13:52"	1697.5	2.7	1.83	424	29.4	2.57	6	1	2.84	35.03	34.58	35.02	461.11	445.31	0.397	28.957	0.71	52.04	600.0	-0	683	101.7	6.1	0.0617	0.3	111105
39	"08:13:53"	1699.0	3.66	1.81	424	29.3	2.59	6	1	2.84	35.03	34.58	35.02	462.70	445.97	0.397	28.860	0.71	51.86	600.0	-0	683	101.7	6.1	0.0617	0.3	111105
40	"08:13:55"	1700.0	3.96	1.79	423	29.2	2.59	6	1	2.84	35.04	34.59	35.03	463.37	446.36	0.397	28.789	0.71	51.72	600.0	-0	683	101.7	6.1	0.0617	0.3	111105
41	"08:13:56"	1701.5	3.27	1.77	425	29.1	2.61	6	1	2.84	35.04	34.59	35.03	463.25	446.96	0.397	28.675	0.71	51.51	600.0	-0	683	101.7	6.1	0.0617	0.3	111105
42	"08:13:57"	1702.0	2.69	1.76	426	29.1	2.61	6	1	2.84	35.04	34.59	35.03	462.85	447.15	0.397	28.643	0.71	51.45	600.0	-0	683	101.7	6.1	0.0617	0.3	111105
43	"08:13:58"	1704.0	-0.533	1.73	430	28.9	2.63	6	1	2.84	35.04	34.59	35.04	460.01	447.60	0.396	28.486	0.71	51.16	600.0	-0	683	101.7	6.1	0.0617	0.3	111105
44	"08:14:00"	1705.0	-2.87	1.71	434	28.8	2.63	6	1	2.84	35.04	34.59	35.04	457.99	447.94	0.396	28.409	0.71	51.01	600.0	-0	683	101.7	6.1	0.0617	0.3	111105
45	"08:14:01"	1706.5	-6.24	1.68	439	28.7	2.65	6	1	2.84	35.05	34.60	35.04	454.97	448.33	0.396	28.288	0.71	50.79	600.0	-0	683	101.7	6.1	0.0617	0.3	111105
46	"08:14:02"	1707.0	-7.28	1.68	441	28.7	2.65	6	1	2.84	35.05	34.60	35.04	454.07	448.49	0.396	28.248	0.71	50.72	600.0	-0	683	101.7	6.1	0.0617	0.3	111105
47	"08:14:03"	1708.0	-9.01	1.66	443	28.6	2.66	6	1	2.84	35.05	34.60	35.05	452.50	448.68	0.396	28.178	0.71	50.59	600.0	-0	683	101.7	6.1	0.0617	0.3	111105
48	"08:14:04"	1709.0	-10.2	1.65	445	28.5	2.67	6	1	2.84	35.05	34.60	35.05	451.38	448.81	0.396	28.113	0.71	50.46	600.0	-0	683	101.7	6.1	0.0617	0.3	111105
49	"08:14:05"	1710.0	-11.1	1.63	446	28.4	2.67	6	1	2.84	35.05	34.60	35.05	450.53	448.82	0.396	28.041	0.71	50.33	600.0	-0	683	101.7	6.1	0.0617	0.3	111105
50	"08:14:06"	1711.0	-11.7	1.62	447	28.4	2.68	6	1	2.84	35.05	34.60	35.05	449.94	448.87	0.396	27.978	0.71	50.21	600.0	-0	684	101.7	6.1	0.0617	0.3	111105
51	"08:14:08"	1712.5	-11.9	1.6	448	28.3	2.69	6	1	2.84	35.06	34.61	35.06	449.43	448.68	0.395	27.874	0.71	50.02	600.0	-0	684	101.7	6.1	0.0617	0.3	111105
52	"08:14:09"	1714.5	-11.8	1.58	447	28.1	2.71	6	1	2.84	35.06	34.61	35.06	449.03	448.25	0.394	27.745	0.71	49.77	600.0	-0	684	101.7	6.1	0.0617	0.3	111105
53	"08:14:10"	1715.5	-11.4	1.56	446	28.1	2.71	6	1	2.84	35.06	34.61	35.06	449.00	447.84	0.395	27.677	0.71	49.65	600.0	-0	684	101.7	6.1	0.0617	0.3	111105
54	"08:14:11"	1717.0	-10.8	1.54	445	28	2.72	6	1	2.84	35.07	34.61	35.07	449.14	447.41	0.395	27.575	0.71	49.45	600.0	-0	684	101.7	6.1	0.0617	0.3	111105
55	"08:14:13"	1718.0	-9.96	1.53	443	27.9	2.73	6	1	2.84	35.07	34.62	35.07	449.41	446.90	0.396	27.507	0.71	49.33	600.0	-0	684	101.7	6.1	0.0617	0.3	111105
56	"08:14:14"	1719.5	-9	1.51	441	27.8	2.74	6	1	2.84	35.07	34.62	35.07	449.75	446.35	0.396	27.416	0.71	49.16	600.0	-0	684	101.7	6.1	0.0617	0.3	111105
57	"08:14:15"	1720.5	-8.24	1.5	440	27.7	2.75	6	1	2.84	35.07	34.62	35.07	449.97	445.85	0.396	27.356	0.71	49.04	600.0	-0	684	101.7	6.1	0.0617	0.7	111105
58	"08:14:16"	1722.0	-7.29	1.49	438	27.6	2.76	6	1	2.84	35.08	34.62	35.08	450.21	445.20	0.395	27.269	0.71	48.88	600.0	-0	684	101.7	6.1	0.0617	0.3	111105
59	"08:14:18"	1723.0	-6.64	1.48	436	27.6	2.76	6	1	2.84	35.08	34.62	35.08	450.43	444.81	0.394	27.214	0.71	48.77	600.0	-0	684	101.7	6.1	0.0617	0.3	111105
60	"08:14:19"	1724.5	-5.68	1.47	434	27.5	2.77	6	1	2.84	35.08	34.62	35.09	450.71	444.18	0.393	27.135	0.70	48.62	600.0	-0	684	101.7	6.1	0.0617	0.3	111105
61	"08:14:20"	1725.0	-5.33	1.46	433	27.5	2.78	6	1	2.84	35.08	34.62	35.09	450.79	443.93	0.393	27.109	0.70	48.57	599.9	-0	684	101.7	6.1	0.0617	0.3	111105
62	"08:14:21"	1726.0	-4.95	1.45	432	27.4	2.78	6	1	2.84	35.09	34.63	35.09	450.84	443.63	0.393	27.060	0.70	48.48	600.0	-0	684	101.7	6.1	0.0617	0.3	111105
63	"08:14:22"	1727.0	-4.46	1.44	431	27.3	2.79	6	1	2.84	35.09	34.63	35.09	450.84	443.18	0.393	27.000	0.70	48.37	600.0	-0	684	101.7	6.1	0.0617	0.3	111105
64	"08:14:23"	1729.0	-4.05	1.42	430	27.2	2.8	6	1	2.84	35.09	34.63	35.10	450.77	442.77	0.394	26.885	0.71	48.15	600.0	-0	684	101.7	6.1	0.0617	0.3	111105
65	"08:14:25"	1730.0	-3.61	1.41	429	27.2	2.81	6	1	2.84	35.09	34.63	35.10	450.85	442.45	0.394	26.819	0.71	48.02	599.9	-0	684	101.7	6.1	0.0617	0.3	111105
66	"08:14:26"	1730.5	-3.48	1.41	429	27.1	2.81	6	1	2.84	35.10	34.63	35.10	450.88	442.36	0.394	26.785	0.71	47.96	599.9	-0	685	101.7	6.1	0.0617	0.3	111105
67	"08:14:27"	1731.5	-3.08	1.4	428	27	2.82	6	1	2.84	35.10	34.63	35.10	451.09	442.21	0.394	26.720	0.70	47.84	600.0	-0	685	101.7	6.1	0.0617	0.3	111105
68	"08:14:28"	1732.5	-2.49	1.39	427	27	2.82	6	1	2.84	35.10	34.64	35.11	451.53	442.09	0.393	26.657	0.70	47.72	600.0	-0	685	101.7	6.1	0.0617	0.3	111105
69	"08:14:29"	1733.5	-1.72	1.38	426	26.9	2.83	6	1	2.84	35.10	34.64	35.11	452.10	441.93	0.393	26.590	0.70	47.60	600.0	-0	685	101.7	6.1	0.0617	0.3	111105
70	"08:14:30"	1735.5	0.059	1.35	422	26.8	2.85	6	1	2.84	35.11	34.64	35.11	453.59	441.71	0.393	26.450	0.70	47.33	600.0	-0	685	101.7	6.1	0.0617	0.3	111105
71	"08:14:31"	1737.0	1.57	1.34	420	26.6	2.86	6	1	2.84	35.11	34.64	35.12	454.90	441.56	0.393	26.337	0.70	47.13	600.0	-0	685	101.7	6.1	0.0617	0.3	111105
72	"08:14:33"	1738.0	2.51	1.33	418	26.6	2.87	6	1	2.84	35.11	34.64	35.12	455.85	441.61	0.391	26.257	0.70	46.98	600.0	-0	685	101.7	6.1	0.0617	0.3	111105
73	"08:14:34"	1738.5	2.99	1.32	417	26.5	2.87	6	1	2.84	35.11	34.64	35.12	456.35	441.65	0.392	26.219	0.70	46.91	600.0	-0	685	101.7	6.1	0.0617	0.3	111105
74	"08:14:35"	1740.5	4.27	1.3	415	26.4	2.89	6	1	2.84	35.12	34.64	35.13	457.71	441.80	0.391	26.055	0.70	46.60	600.0	-0	685	101.7	6.1	0.0617	0.3	111105
75	"08:14:36"	1741.5	4.3	1.29	415	26.3	2.9	6	1	2.84	35.12	34.64	35.13	457.95	442.04	0.391	25.979	0.70	46.46	600.0	-0	685	101.7	6.1	0.0617	0.3	111105
76	"08:14:37"	1742.0	4.24	1.28	415	26.2	2.9	6	1	2.84	35.12	34.64	35.13	457.96	442.12	0.391	25.946	0.70	46.40	600.0	-0	685	101.7	6.1	0.0617	0.3	111105
77	"08:14:38"	1744.0	4.21	1.26	415	26.1	2.91	6	1	2.84	35.12	34.64	35.13	458.10	442.34	0.391	25.821	0.70	46.17	600.0	-0	685	101.7	6.1	0.0617	0.3	111105
78	"08:14:39"	1744.5	4.13	1.26	416	26.1	2.92	6	1	2.84	35.12	34.64	35.14	458.14	442.48	0.391	25.789	0.70	46.11	600.0	-0	685	101.7	6.1	0.0617	0.3	111105
79	"08:14:41"	1746.0	4.21	1.25	416	26	2.93	6	1	2.84	35.13	34.64	35.14	458.45	442.75	0.391	25.689	0.70	45.92	600.0	-0	685	101.7	6.1	0.0617	0.3	111105
80	"08:14:42"	1747.5	3.95	1.23	416	25.9	2.94	6	1	2.84	35.13	34.65	35.14	458.50	443.09	0.390	25.592	0.70	45.74	600.0	-0	685	101.7	6.1	0.0617	0.3	111105
81	"08:14:43"	1748.5	3.42	1.22	418	25.8	2.94	6	1	2.84	35.13	34.65	35.15	458.37	443.51	0.391	25.531	0.70	45.63	600.0	-0	685	101.7	6.1	0.0617	0.3	111105
82	"08:14:44"	1750.0	2.77	1.21	419	25.7	2.95	6	1	2.84	35.13	34.65	35.15	458.09	443.90	0.391	25.444	0.70	45.47	599.9	-0	685	101.7	6.1	0.0617	0.3	111105
83	"08:14:46"	1751.0	2.29	1.21	420	25.7	2.96	6	1	2.84	35.13	34.65	35.15	457.92	444.24	0.391	25.393	0.70	45.37	599.9	-0	684	101.7	6.1	0.0617	0.3	111105
84	"08:14:47"	1751.5	2.03	1.2	421	25.6	2.96	6	1	2.84	35.14	34.65	35.15	457.84	444.41	0.391	25.371	0.70	45.33	600.0	-0	684	101.7	6.1	0.0617	0.3	111105
85	"08:14:48"	1752.5	1.54	1.2	422	25.6	2.96	6	1	2.84	35.14	34.65	35.15	457.55	444.63	0.390	25.337	0.70	45.27	600.0	-0	684	101.7	6.1	0.0617	0.3	111105
86	"08:14:49"	1753.5	0.675	1.19	424	25.6	2.97	6	1	2.84	35.14	34.65	35.16	457.03	444.98	0.389	25.306	0.70	45.21	600.0	-0	684	101.7	6.1	0.0617	0.3	111105
87	"08:14:50"	1754.5	-0.0899	1.19	425	25.5	2.97	6	1	2.84	35.14	34.65	35.16	456.44	445.16	0.390	25.281	0.70	45.16	600.0	-0	684	101.7	6.1	0.0617	0.3	111105
88	"08:14:51"	1756.5	-1.58	1.19	428	25.5	2.97	6	1	2.84	35.14	34.65	35.16	455.28	445.51	0.391	25.237	0.70	45.07	600.0	-0	684	101.7	6.1	0.0617	0.3	111105
89	"08:14:52"	1758.0	-2.14	1.18	429	25.5	2.98	6	1	2.84	35.15	34.65	35.17	454.87	445.67	0.391	25.210	0.70	45.02	600.0	-0	684	101.7	6.1	0.0617	0.3	111105
90	"08:14:54"	1759.0	-2.29	1.18	430	25.4	2.98	6	1	2.84	35.15	34.65	35.17	454.85	445.80	0.391	25.194	0.70	44.98	600.0	-0	684	101.7	6.1	0.0617	0.3	111105
91	"08:14:55"	1760.5	-2.29	1.18	430	25.4	2.98	6	1	2.84	35.15	34.65	35.17	454.97	445.93	0.390	25.163	0.70	44.93	600.0	-0	684	101.7	6.1	0.0617	0.3	111105
92	"08:14:56"	1761.5	-2.1	1.17	429	25.4	2.99	6	1	2.84	35.15	34.65	35.17	455.23	446.01	0.390	25.129	0.70	44.86	600.0	-0	684	101.7	6.1	0.0617	0.3	111105
93	"08:14:57"	1763.0	-1.78	1.16	429	25.3	2.99	6	1	2.84	35.15	34.65	35.18	455.51	446.00	0.390	25.059	0.70	44.73	600.0	-0	685	101.7	6.1	0.0617	0.3	111105
94	"08:14:59"	1764.0	-1.72	1.16	429	25.2	3	6	1	2.84	35.15	34.65	35.18	455.49	445.95	0.390	24.999	0.70	44.62	600.0	-0	685	101.7	6.1	0.0617	0.3	111105
95	"08:15:00"	1765.5	-2	1.15	429	25.1	3.01	6	1	2.84	35.16	34.66	35.18	455.23	446.01	0.390	24.914	0.70	44.46	600.0	-0	685	101.7	6.1	0.0617	0.3	111105
96	"08:15:01"	1766.5	-2.32	1.14	430	25.1	3.01	6	1	2.84	35.16	34.66	35.18	455.02	446.14	0.390	24.868	0.70	44.37	600.0	-0	685	101.7	6.1	0.0617	0.3	111105
97	"08:15:02"	1768.0	-2.35	1.13	430	25.1	3.02	6	1	2.84	35.16	34.66	35.19	455.18	446.36	0.391	24.821	0.70	44.28	600.0	-0	685	101.7	6.1	0.0617	0.3	111105
98	"08:15:04"	1769.0	-1.73	1.13	429	25	3.02	6	1	2.84	35.16	34.66	35.19	455.80	446.36	0.391	24.809	0.70	44.26	600.0	-0	685	101.7	6.1	0.0617	0.3	111105
99	"08:15:05"	1770.5	-0.461	1.13	426	25	3.02	6	1	2.84	35.17	34.66	35.19	456.96	446.25	0.391	24.800	0.70	44.24	600.0	-0	685	101.7	6.1	0.0617	0.3	111105
100	"08:15:06"	1771.5	0.224	1.13	425	25	3.02	6	1	2.84	35.17	34.67	35.19	457.54	446.14	0.390	24.804	0.70	44.24	600.0	-0	686	101.7	6.1	0.0617	0.3	111105
101	"08:15:07"	1772.0	0.428	1.13	425	25	3.02	6	1	2.84	35.17	34.67	35.19	457.71	446.12	0.390	24.804	0.70	44.24	599.9	-0	685	101.7	6.1	0.0617	0.3	111105
102	"08:15:08"	1774.0	0.516	1.13	424	25.1	3.02	6	1	2.84	35.17	34.66	35.20	457.75	446.06	0.389	24.820	0.69	44.26	600.0	-0	685	101.7	6.1	0.0617	0.3	111105
103	"08:15:10"	1775.0	0.509	1.13	424	25.1	3.02	6	1	2.84	35.17	34.66	35.20	457.77	446.08	0.389	24.827	0.69	44.26	600.0	-0	685	101.7	6.1	0.0617	0.3	111105
104	"08:15:11"	1776.5	0.699	1.14	424	25.1	3.02	6	1	2.84	35.18	34.66	35.20	457.92	446.03	0.389	24.839	0.69	44.28	600.0	-0	685	101.7	6.1	0.0617	0.3	111105
105	"08:15:12"	1777.5	0.606	1.14	424	25.1	3.02	6	1	2.84	35.18	34.66	35.20	457.93	446.13	0.390	24.841	0.69	44.28	600.0	-0	685	101.7	6.1	0.0617	0.7	111105
106	"08:15:13"	1779.0	0.248	1.14	425	25.1	3.02	6	1	2.84	35.18	34.66	35.21	457.66	446.22	0.390	24.837	0.69	44.27	600.0	-0	686	101.7	6.1	0.0617	1.0	111105
107	"08:15:15"	1780.0	-0.378	1.14	426	25.1	3.02	6	1	2.84	35.18	34.66	35.21	457.14	446.34	0.389	24.828	0.69	44.25	600.0	-0	686	101.7	6.1	0.0617	1.0	111105
108	"08:15:16"	1781.5	-1.58	1.13	429	25	3.02	6	1	2.84	35.18	34.65	35.21	456.11	446.51	0.388	24.797	0.69	44.19	600.0	-0	686	101.7	6.1	0.0617	1.0	111105
109	"08:15:17"	1782.5	-2.4	1.13	430	25	3.02	6	1	2.84	35.18	34.65	35.21	455.24	446.48	0.388	24.771	0.69	44.14	600.0	-0	686	101.7	6.1	0.0617	1.0	111105
110	"08:15:18"	1784.0	-3.58	1.12	432	25	3.03	6	1	2.84	35.19	34.65	35.22	454.09	446.53	0.388	24.733	0.69	44.07	600.0	-0	686	101.7	6.1	0.0617	1.0	111105
111	"08:15:20"	1785.0	-4.11	1.12	433	24.9	3.03	6	1	2.84	35.19	34.65	35.22	453.46	446.45	0.389	24.707	0.69	44.02	600.0	-0	686	101.7	6.1	0.0617	1.0	111105
112	"08:15:21"	1786.5	-4.53	1.12	434	24.9	3.03	6	1	2.84	35.19	34.65	35.22	453.07	446.48	0.389	24.677	0.69	43.96	600.0	-0	686	101.7	6.1	0.0617	1.0	111105
113	"08:15:22"	1787.5	-4.41	1.11	434	24.9	3.03	6	1	2.84	35.19	34.65	35.22	453.17	446.48	0.388	24.650	0.69	43.91	600.0	-0	687	101.7	6.1	0.0617	0.7	111105
114	"08:15:23"	1789.0	-4.28	1.11	434	24.8	3.04	6	1	2.84	35.19	34.65	35.22	453.37	446.57	0.388	24.607	0.69	43.83	600.0	-0	687	101.7	6.1	0.0617	0.7	111105
115	"08:15:25"	1790.0	-4.38	1.11	434	24.8	3.04	6	1	2.84	35.19	34.65	35.23	453.29	446.60	0.388	24.567	0.69	43.76	600.1	-0	687	101.7	6.1	0.0617	0.7	111105
116	"08:15:26"	1791.5	-4.62	1.1	434	24.7	3.05	6	1	2.84	35.19	34.65	35.23	452.83	446.42	0.388	24.509	0.69	43.65	600.1	-0	688	101.7	6.1	0.0617	0.3	111105
117	"08:15:27"	1792.5	-4.76	1.09	434	24.7	3.05	6	1	2.84	35.19	34.65	35.23	452.47	446.22	0.389	24.467	0.69	43.57	600.1	-0	688	101.7	6.1	0.0617	0.3	111105
118	"08:15:28"	1794.0	-4.97	1.09	434	24.6	3.06	6	1	2.84	35.20	34.65	35.23	451.95	445.95	0.388	24.396	0.69	43.44	600.1	-0	688	101.7	6.1	0.0617	0.7	111105
119	"08:15:30"	1795.0	-5.14	1.08	435	24.6	3.07	6	1	2.84	35.20	34.65	35.23	451.66	445.86	0.389	24.345	0.69	43.35	600.0	-0	689	101.7	6.1	0.0617	0.7	111105
120	"08:15:31"	1796.5	-5.32	1.07	435	24.5	3.07	6	1	2.84	35.20	34.66	35.24	451.40	445.81	0.388	24.274	0.69	43.22	600.0	-0	689	101.7	6.1	0.0617	0.3	111105
121	"08:15:32"	1797.5	-5.28	1.07	435	24.4	3.08	6	1	2.84	35.20	34.66	35.24	451.44	445.83	0.387	24.233	0.69	43.14	600.0	-0	689	101.7	6.1	0.0617	0.3	111105
122	"08:15:33"	1799.0	-4.43	1.06	433	24.4	3.09	6	1	2.84	35.20	34.66	35.24	452.01	445.58	0.387	24.173	0.69	43.03	600.0	-0	690	101.7	6.1	0.0617	0.3	111105
123	"08:15:35"	1800.0	-3.71	1.06	432	24.3	3.09	6	1	2.84	35.20	34.66	35.24	452.63	445.50	0.387	24.135	0.69	42.96	600.0	-0	690	101.7	6.1	0.0617	0.3	111105
124	"08:15:36"	1801.5	-2.29	1.05	428	24.3	3.1	6	1	2.84	35.20	34.66	35.24	453.59	445.08	0.387	24.076	0.69	42.85	600.0	-0	690	101.7	6.1	0.0617	0.3	111105
125	"08:15:37"	1802.5	-1.59	1.04	427	24.2	3.1	6	1	2.84	35.21	34.66	35.25	454.10	444.91	0.387	24.039	0.69	42.78	600.0	-0	691	101.7	6.1	0.0617	0.3	111105
126	"08:15:38"	1804.0	-0.855	1.04	425	24.2	3.11	6	1	2.84	35.21	34.66	35.25	454.54	444.65	0.387	23.976	0.69	42.67	599.9	-0	691	101.7	6.1	0.0617	0.3	111105
127	"08:15:40"	1805.0	-0.739	1.03	425	24.1	3.11	6	1	2.84	35.21	34.66	35.25	454.62	444.63	0.387	23.937	0.69	42.59	599.9	-0	692	101.7	6.1	0.0617	0.3	111105
128	"08:15:41"	1806.5	-0.271	1.03	424	24.1	3.12	6	1	2.84	35.21	34.66	35.25	454.88	444.46	0.388	23.867	0.69	42.47	600.0	-0	692	101.7	6.1	0.0617	0.3	111105
129	"08:15:42"	1807.5	0.115	1.02	423	24	3.12	6	1	2.84	35.21	34.67	35.26	455.18	444.39	0.387	23.827	0.69	42.39	600.0	-0	692	101.7	6.1	0.0617	0.3	111105
130	"08:15:43"	1809.0	0.887	1.01	421	23.9	3.13	6	1	2.84	35.21	34.67	35.26	455.85	444.32	0.387	23.756	0.69	42.26	600.0	-0	692	101.7	6.1	0.0617	0.3	111105
131	"08:15:45"	1810.0	1.29	1.01	420	23.9	3.13	6	1	2.84	35.21	34.67	35.26	456.21	444.31	0.386	23.710	0.69	42.18	600.0	-0	692	101.7	6.1	0.0617	0.3	111105
132	"08:15:46"	1811.5	1.56	1	420	23.8	3.14	6	1	2.84	35.22	34.67	35.26	456.53	444.38	0.385	23.646	0.68	42.06	600.0	-0	692	101.7	6.1	0.0617	0.3	111105
133	"08:15:47"	1812.5	1.63	0.998	420	23.8	3.15	6	1	2.84	35.22	34.67	35.26	456.68	444.48	0.385	23.605	0.69	41.98	600.0	-0	691	101.7	6.1	0.0617	0.3	111105
134	"08:15:48"	1814.0	1.75	0.992	419	23.7	3.15	6	1	2.84	35.22	34.67	35.26	456.93	444.63	0.386	23.546	0.69	41.87	600.0	-0	691	101.7	6.1	0.0617	0.3	111105
135	"08:15:49"	1814.5	1.86	0.99	419	23.7	3.15	6	1	2.84	35.22	34.67	35.27	457.06	444.67	0.386	23.525	0.69	41.83	600.0	-0	690	101.7	6.1	0.0617	0.3	111105
136	"08:15:51"	1816.5	2.43	0.98	418	23.6	3.16	6	1	2.84	35.22	34.68	35.27	457.67	444.75	0.387	23.440	0.69	41.67	600.0	-0	690	101.7	6.1	0.0617	0.3	111105
137	"08:15:52"	1817.5	2.45	0.975	418	23.6	3.17	6	1	2.84	35.23	34.68	35.27	457.78	444.85	0.386	23.394	0.69	41.59	599.9	-0	690	101.7	6.1	0.0617	0.3	111105
138	"08:15:53"	1819.0	2.21	0.968	419	23.5	3.18	6	1	2.84	35.23	34.69	35.27	457.72	445.05	0.386	23.327	0.69	41.46	600.0	-0	691	101.7	6.1	0.0617	0.7	111105
139	"08:15:55"	1820.0	1.99	0.963	419	23.4	3.18	6	1	2.84	35.23	34.69	35.27	457.64	445.21	0.386	23.276	0.69	41.37	600.0	-0	692	101.7	6.1	0.0617	0.7	111105
140	"08:15:56"	1821.5	1.54	0.956	420	23.4	3.19	6	1	2.84	35.23	34.69	35.28	457.50	445.54	0.385	23.207	0.68	41.24	600.0	-0	693	101.7	6.1	0.0617	0.3	111105
141	"08:15:57"	1822.5	1.24	0.951	421	23.3	3.2	6	1	2.84	35.23	34.69	35.28	457.49	445.85	0.385	23.157	0.68	41.15	600.0	-0	693	101.7	6.1	0.0617	0.3	111105
142	"08:15:58"	1824.0	1.35	0.945	421	23.2	3.21	6	1	2.84	35.24	34.69	35.28	457.76	446.05	0.385	23.095	0.68	41.03	600.0	-0	694	101.7	6.1	0.0617	0.3	111105
143	"08:16:00"	1825.0	1.8	0.94	420	23.2	3.21	6	1	2.84	35.24	34.69	35.28	458.29	446.15	0.385	23.046	0.68	40.94	600.0	-0	694	101.7	6.1	0.0617	0.3	111105
144	"08:16:01"	1826.5	2.69	0.934	419	23.1	3.22	6	1	2.84	35.24	34.70	35.29	459.41	446.39	0.385	22.987	0.68	40.83	600.0	-0	695	101.7	6.1	0.0617	0.3	111105
145	"08:16:02"	1827.5	3.11	0.93	418	23.1	3.22	6	1	2.84	35.24	34.70	35.29	459.87	446.45	0.385	22.944	0.68	40.75	600.0	-0	695	101.7	6.1	0.0617	0.3	111105
146	"08:16:03"	1829.0	2.39	0.924	419	23	3.23	6	1	2.84	35.25	34.70	35.29	459.32	446.65	0.385	22.889	0.68	40.65	600.0	-0	696	101.7	6.1	0.0617	0.3	111105
147	"08:16:05"	1830.0	0.911	0.92	422	23	3.23	6	1	2.84	35.25	34.70	35.29	457.88	446.70	0.385	22.852	0.68	40.58	599.9	-0	697	101.7	6.1	0.0617	0.3	111105
148	"08:16:06"	1831.5	-2.27	0.915	430	22.9	3.24	6	1	2.84	35.25	34.71	35.29	455.02	447.04	0.386	22.798	0.69	40.48	600.0	-0	698	101.7	6.1	0.0617	0.3	111105
149	"08:16:07"	1832.5	-4.33	0.911	434	22.9	3.24	6	1	2.84	35.25	34.71	35.30	453.18	447.27	0.387	22.757	0.69	40.40	600.0	-0	698	101.7	6.1	0.0617	0.3	111105
150	"08:16:08"	1834.0	-6.36	0.906	439	22.8	3.25	6	1	2.84	35.25	34.71	35.30	451.33	447.46	0.386	22.707	0.69	40.30	600.0	-0	698	101.7	6.1	0.0617	0.3	111105
151	"08:16:10"	1835.0	-7.2	0.903	441	22.8	3.25	6	1	2.84	35.26	34.71	35.30	450.48	447.47	0.385	22.676	0.68	40.24	600.0	-0	699	101.7	6.1	0.0617	0.3	111105
152	"08:16:11"	1836.5	-7.93	0.898	442	22.8	3.26	6	1	2.84	35.26	34.71	35.30	449.61	447.36	0.384	22.623	0.68	40.15	600.0	-0	699	101.7	6.1	0.0617	0.3	111105
153	"08:16:12"	1837.0	-8.08	0.896	443	22.7	3.26	6	1	2.84	35.26	34.71	35.31	449.38	447.29	0.384	22.603	0.68	40.11	600.0	-0	699	101.7	6.1	0.0617	0.3	111105
154	"08:16:13"	1838.0	-8.3	0.893	443	22.7	3.27	6	1	2.84	35.26	34.72	35.31	449.02	447.17	0.384	22.566	0.68	40.04	600.0	-0	700	101.7	6.1	0.0617	0.3	111105
155	"08:16:14"	1839.0	-8.48	0.889	443	22.7	3.27	6	1	2.84	35.26	34.72	35.31	448.81	447.16	0.384	22.527	0.68	39.96	600.0	-0	701	101.7	6.1	0.0617	0.3	111105
156	"08:16:15"	1841.0	-8.31	0.882	443	22.6	3.28	6	1	2.84	35.27	34.72	35.31	448.74	446.96	0.385	22.457	0.68	39.83	600.0	-0	704	101.7	6.1	0.0617	0.3	111105
157	"08:16:17"	1841.5	-8.22	0.881	443	22.6	3.28	6	1	2.84	35.27	34.72	35.31	448.76	446.90	0.385	22.444	0.68	39.81	600.0	-0	704	101.7	6.1	0.0617	0.3	111105
158	"08:16:18"	1843.5	-7.25	0.875	440	22.5	3.29	6	1	2.84	35.27	34.72	35.32	449.20	446.40	0.384	22.381	0.68	39.69	600.0	-0	704	101.7	6.1	0.0617	0.3	111105
159	"08:16:19"	1844.5	-6.47	0.873	438	22.5	3.29	6	1	2.84	35.27	34.72	35.32	449.59	446.03	0.384	22.355	0.68	39.64	600.0	-0	704	101.7	6.1	0.0617	0.3	111105
160	"08:16:20"	1846.0	-5.24	0.869	435	22.4	3.3	6	1	2.84	35.28	34.72	35.32	450.15	445.40	0.385	22.303	0.68	39.54	600.1	-0	704	101.7	6.1	0.0617	0.3	111105
161	"08:16:22"	1847.0	-4.71	0.866	433	22.4	3.3	6	1	2.84	35.28	34.73	35.32	450.44	445.19	0.384	22.273	0.68	39.48	600.0	-0	704	101.7	6.1	0.0617	0.3	111105
162	"08:16:23"	1848.5	-3.36	0.861	430	22.3	3.31	6	1	2.84	35.28	34.73	35.33	451.19	444.62	0.384	22.221	0.68	39.38	600.0	-0	704	101.7	6.1	0.0617	0.3	111105
163	"08:16:24"	1849.5	-2.2	0.857	427	22.3	3.31	6	1	2.84	35.28	34.73	35.33	452.09	444.38	0.385	22.184	0.68	39.31	600.0	-0	704	101.7	6.1	0.0617	0.3	111105
164	"08:16:25"	1851.0	-0.069	0.853	421	22.2	3.32	6	1	2.84	35.28	34.73	35.33	453.67	443.87	0.385	22.129	0.68	39.21	600.0	-0	704	101.7	6.1	0.0617	0.3	111105
165	"08:16:27"	1852.0	1.07	0.849	419	22.2	3.32	6	1	2.84	35.29	34.73	35.33	454.65	443.73	0.385	22.086	0.68	39.13	600.0	-0	704	101.7	6.1	0.0617	0.3	111105
166	"08:16:28"	1853.5	2.06	0.844	416	22.1	3.33	6	1	2.84	35.29	34.74	35.34	455.45	443.57	0.384	22.035	0.68	39.03	600.0	-0	705	101.7	6.1	0.0617	0.3	111105
167	"08:16:29"	1854.5	2.35	0.841	415	22.1	3.33	6	1	2.84	35.29	34.74	35.34	455.69	443.54	0.384	21.996	0.68	38.96	600.0	-0	705	101.7	6.1	0.0617	0.3	111105
168	"08:16:30"	1856.0	2.02	0.836	416	22	3.34	6	1	2.84	35.29	34.74	35.34	455.29	443.49	0.384	21.945	0.68	38.86	600.0	-0	706	101.7	6.1	0.0617	0.3	111105
169	"08:16:32"	1857.0	1.3	0.833	418	22	3.34	6	1	2.84	35.30	34.74	35.34	454.61	443.55	0.384	21.903	0.68	38.79	600.0	-0	706	101.7	6.1	0.0617	0.3	111105
170	"08:16:33"	1858.5	-0.238	0.828	421	21.9	3.35	6	1	2.84	35.30	34.74	35.35	453.08	443.58	0.384	21.850	0.68	38.69	600.0	-0	707	101.7	6.1	0.0617	0.3	111105
171	"08:16:34"	1859.5	-1.53	0.825	424	21.9	3.35	6	1	2.84	35.30	34.75	35.35	451.91	443.72	0.384	21.810	0.68	38.61	600.0	-0	707	101.7	6.1	0.0617	0.3	111105
172	"08:16:35"	1861.0	-3.16	0.819	428	21.8	3.36	6	1	2.84	35.30	34.75	35.35	450.42	443.88	0.385	21.751	0.68	38.50	600.0	-0	708	101.7	6.1	0.0617	0.3	111105
173	"08:16:37"	1862.0	-3.99	0.816	430	21.8	3.36	6	1	2.84	35.31	34.75	35.35	449.68	443.99	0.385	21.716	0.68	38.44	600.0	-0	709	101.7	6.1	0.0617	0.3	111105
174	"08:16:38"	1863.5	-4.69	0.811	432	21.7	3.37	6	1	2.84	35.31	34.76	35.36	449.06	444.09	0.386	21.662	0.68	38.33	600.0	-0	711	101.7	6.1	0.0617	0.3	111105
175	"08:16:39"	1864.5	-4.67	0.808	432	21.7	3.37	6	1	2.84	35.31	34.76	35.36	449.05	444.08	0.385	21.629	0.68	38.27	600.0	-0	711	101.7	6.1	0.0617	0.3	111105
176	"08:16:40"	1866.0	-4.19	0.803	431	21.7	3.38	6	1	2.84	35.31	34.76	35.36	449.54	444.11	0.384	21.571	0.68	38.16	600.0	-0	711	101.7	6.1	0.0617	0.7	111105
177	"08:16:42"	1867.0	-3.71	0.8	430	21.6	3.39	6	1	2.84	35.32	34.77	35.36	449.92	444.03	0.384	21.531	0.68	38.09	600.0	-0	712	101.7	6.1	0.0617	0.7	111105
178	"08:16:43"	1868.5	-3.22	0.795	429	21.5	3.39	6	1	2.84	35.32	34.77	35.37	450.38	444.03	0.385	21.472	0.68	37.98	600.0	-0	712	101.7	6.1	0.0617	0.3	111105
179	"08:16:44"	1869.5	-3.1	0.792	428	21.5	3.4	6	1	2.84	35.32	34.78	35.37	450.46	444.01	0.385	21.440	0.68	37.91	599.9	-0	713	101.7	6.1	0.0617	0.3	111105
180	"08:16:45"	1870.0	-2.98	0.79	428	21.5	3.4	6	1	2.84	35.32	34.78	35.37	450.49	443.92	0.386	21.421	0.68	37.88	599.9	-0	713	101.7	6.1	0.0617	0.3	111105
181	"08:16:46"	1872.0	-2.62	0.784	427	21.4	3.41	6	1	2.84	35.33	34.78	35.37	450.62	443.73	0.385	21.355	0.68	37.76	599.9	-0	714	101.7	6.1	0.0617	0.3	111105
182	"08:16:48"	1873.0	-2.15	0.781	426	21.4	3.41	6	1	2.84	35.33	34.79	35.38	450.96	443.62	0.384	21.319	0.68	37.69	599.9	-0	714	101.7	6.1	0.0617	0.3	111105
183	"08:16:49"	1874.5	-0.824	0.777	422	21.3	3.42	6	1	2.84	35.33	34.79	35.38	452.10	443.46	0.383	21.272	0.68	37.60	600.0	-0	715	101.7	6.1	0.0617	0.7	111105
184	"08:16:50"	1875.5	0.484	0.774	419	21.3	3.42	6	1	2.84	35.33	34.79	35.38	453.18	443.25	0.384	21.236	0.68	37.53	600.0	-0	715	101.7	6.1	0.0617	0.7	111105
185	"08:16:51"	1877.0	2.34	0.771	414	21.3	3.43	6	1	2.84	35.34	34.80	35.38	454.79	443.03	0.384	21.187	0.68	37.43	600.1	-0	716	101.7	6.1	0.0617	0.3	111105
186	"08:16:52"	1877.5	2.87	0.769	412	21.2	3.43	6	1	2.84	35.34	34.80	35.39	455.28	443.01	0.384	21.164	0.68	37.39	600.2	-0	716	101.7	6.1	0.0617	0.3	111105
187	"08:16:53"	1878.0	3.44	0.767	411	21.2	3.44	6	1	2.84	35.34	34.80	35.39	455.80	442.97	0.384	21.142	0.68	37.35	600.2	-0	716	101.7	6.1	0.0617	0.3	111105
188	"08:16:54"	1879.5	4.77	0.762	407	21.2	3.44	6	1	2.84	35.34	34.80	35.39	457.12	442.98	0.384	21.088	0.68	37.25	600.1	-0	717	101.7	6.1	0.0617	0.3	111105
189	"08:16:56"	1880.5	5.41	0.759	406	21.1	3.45	6	1	2.84	35.34	34.80	35.39	457.76	442.99	0.384	21.049	0.68	37.18	600.1	-0	717	101.7	6.1	0.0617	0.3	111105
190	"08:16:57"	1881.5	5.53	0.757	406	21.1	3.45	6	1	2.84	35.35	34.80	35.39	457.99	443.12	0.384	21.021	0.68	37.12	600.0	-0	718	101.7	6.1	0.0617	0.3	111105
191	"08:16:58"	1883.5	5.03	0.752	407	21	3.46	6	1	2.84	35.35	34.81	35.40	457.69	443.35	0.384	20.957	0.68	37.00	600.0	-0	718	101.7	6.1	0.0617	0.3	111105
192	"08:16:59"	1884.5	4.49	0.75	409	21	3.46	6	1	2.84	35.35	34.81	35.40	457.50	443.69	0.384	20.931	0.68	36.95	600.0	-0	719	101.7	6.1	0.0617	0.3	111105
193	"08:17:00"	1886.0	4.33	0.746	409	20.9	3.47	6	1	2.84	35.36	34.81	35.40	457.78	444.15	0.385	20.879	0.68	36.85	599.9	-0	720	101.7	6.1	0.0617	0.3	111105
194	"08:17:02"	1887.0	4.36	0.743	409	20.9	3.47	6	1	2.84	35.36	34.81	35.40	458.12	444.48	0.386	20.842	0.68	36.78	599.9	-0	721	101.7	6.1	0.0617	0.7	111105
195	"08:17:03"	1888.5	4.51	0.738	409	20.8	3.48	6	1	2.84	35.36	34.82	35.41	458.64	444.85	0.385	20.789	0.68	36.68	599.9	-0	722	101.7	6.1	0.0617	0.7	111105
196	"08:17:04"	1889.5	4.52	0.736	409	20.8	3.48	6	1	2.84	35.36	34.82	35.41	458.86	445.07	0.384	20.756	0.68	36.62	599.9	-0	722	101.7	6.1	0.0617	0.3	111105
197	"08:17:05"	1891.0	4.51	0.732	410	20.8	3.49	6	1	2.84	35.37	34.83	35.41	459.30	445.54	0.384	20.708	0.68	36.53	600.0	-0	723	101.7	6.1	0.0617	0.3	111105
198	"08:17:07"	1892.0	4.66	0.73	410	20.7	3.49	6	1	2.84	35.37	34.83	35.41	459.69	445.79	0.384	20.678	0.68	36.47	600.0	-0	724	101.7	6.1	0.0617	0.3	111105
