"OPEN 5.3.2"
"Thr Aug  2 2018 14:21:21"
"Unit="	"PSC-895"
"ComputeList="	"/User/Configs/Comps/Default"
"BLCTable="	"/Sys/Lib/StdBLCTable"
"LightSource="	"Sun+Sky"	1	0.19
"LogFormat="	"/User/Configs/LogFormats/Std Output"
"LogCodes="	-35	-21	-36	30	23	36	21	25	-33	-34	-32	-9	-10	-8	-1	-2	-4	-5	-14	-15	-7	-12	-13	-11	-65	-66	-72	-23
"PromptList="	"/User/Configs/Prompts/Default (none)"
"Stability= (CO2S 15s SLP<1)(H2OS 15s SLP<1)(Flow 15s SLP<1)"
"14:21:39 co2 500 flow 600. only rhiz for 14"
$STARTOFDATA$
"Obs"	"HHMMSS"	"FTime"	"Photo"	"Cond"	"Ci"	"Trmmol"	"VpdL"	"Area"	"StmRat"	"BLCond"	"Tair"	"Tleaf"	"TBlk"	"CO2R"	"CO2S"	"H2OR"	"H2OS"	"RH_R"	"RH_S"	"Flow"	"PARi"	"PARo"	"Press"	"CsMch"	"HsMch"	"StableF"	"Status"
1	"14:25:34"	261.0	-10.5	0.527	523	10.8	2.39	6	1	2.84	30.95	30.25	30.98	501.04	506.05	8.439	19.029	19.05	42.96	599.9	0	0	101.5	3.13	-0.00182	0.3	111115
2	"14:25:35"	261.5	-10.5	0.528	523	10.8	2.39	6	1	2.84	30.95	30.25	30.98	501.05	506.06	8.438	19.040	19.05	42.98	599.9	0	0	101.5	3.13	-0.00182	0.3	111115
3	"14:25:37"	263.0	-10.6	0.53	524	10.8	2.38	6	1	2.84	30.95	30.25	30.97	501.01	506.10	8.440	19.065	19.06	43.05	600.0	0	0	101.5	3.13	-0.00182	0.3	111115
4	"14:25:38"	264.5	-10.7	0.533	524	10.9	2.38	6	1	2.84	30.94	30.24	30.97	500.89	506.14	8.442	19.087	19.06	43.10	600.0	0	0	101.5	3.13	-0.00182	0.7	111115
5	"14:25:39"	266.0	-11.2	0.535	526	10.9	2.38	6	1	2.84	30.94	30.24	30.97	500.61	506.31	8.443	19.112	19.07	43.17	600.0	-0	0	101.5	3.13	-0.00182	0.3	111115
6	"14:25:41"	267.0	-11.5	0.536	527	10.9	2.38	6	1	2.84	30.94	30.24	30.97	500.39	506.38	8.444	19.124	19.07	43.20	600.0	-0	0	101.5	3.13	-0.00182	0.7	111115
7	"14:25:42"	268.5	-11.8	0.537	528	10.9	2.37	6	1	2.84	30.93	30.24	30.96	500.14	506.42	8.444	19.140	19.08	43.24	600.0	-0	0	101.5	3.13	-0.00182	0.7	111115
8	"14:25:43"	269.5	-12	0.538	528	10.9	2.37	6	1	2.84	30.93	30.23	30.96	500.00	506.43	8.444	19.151	19.08	43.27	600.0	0	0	101.5	3.13	-0.00182	0.7	111115
9	"14:25:44"	271.0	-11.9	0.54	528	10.9	2.37	6	1	2.84	30.93	30.22	30.95	499.93	506.33	8.446	19.161	19.09	43.31	599.9	0	0	101.5	3.13	-0.00182	0.7	111115
10	"14:25:46"	272.0	-11.9	0.54	528	10.9	2.37	6	1	2.84	30.93	30.22	30.95	499.91	506.30	8.447	19.167	19.10	43.33	599.9	0	0	101.5	3.13	-0.00182	0.7	111115
11	"14:25:47"	273.5	-11.8	0.541	527	10.9	2.37	6	1	2.84	30.92	30.22	30.95	499.93	506.21	8.449	19.170	19.10	43.34	599.9	0	0	101.5	3.13	-0.00182	0.7	111115
12	"14:25:48"	274.5	-11.9	0.541	528	10.9	2.37	6	1	2.84	30.92	30.22	30.95	499.90	506.22	8.450	19.172	19.11	43.35	599.9	-0	0	101.5	3.13	-0.00182	1.0	111115
13	"14:25:49"	276.0	-11.8	0.541	527	10.9	2.37	6	1	2.84	30.92	30.21	30.94	499.89	506.12	8.451	19.166	19.11	43.35	600.0	-0	0	101.5	3.13	-0.00182	1.0	111115
14	"14:25:51"	277.0	-11.7	0.54	527	10.9	2.37	6	1	2.84	30.91	30.21	30.94	499.89	506.09	8.452	19.156	19.12	43.33	599.9	-0	0	101.5	3.13	-0.00182	1.0	111115
15	"14:25:52"	278.5	-11.6	0.539	527	10.9	2.37	6	1	2.84	30.91	30.21	30.94	499.92	505.99	8.454	19.137	19.13	43.30	599.9	0	0	101.6	3.13	-0.00182	1.0	111115
16	"14:25:53"	279.5	-11.6	0.537	527	10.9	2.37	6	1	2.84	30.91	30.21	30.93	499.92	505.99	8.454	19.122	19.13	43.27	599.9	0	0	101.5	3.13	-0.00182	1.0	111115
17	"14:25:54"	281.0	-11.5	0.535	526	10.8	2.37	6	1	2.84	30.90	30.20	30.93	499.94	505.95	8.456	19.098	19.14	43.23	599.9	0	0	101.5	3.13	-0.00182	1.0	111115
18	"14:25:56"	282.5	-11.4	0.533	526	10.8	2.37	6	1	2.84	30.90	30.20	30.93	499.93	505.85	8.456	19.073	19.15	43.18	599.9	0	0	101.5	3.13	-0.00182	0.7	111115
19	"14:25:57"	283.5	-11.4	0.532	526	10.8	2.37	6	1	2.84	30.90	30.19	30.92	499.89	505.82	8.458	19.058	19.15	43.15	600.0	0	0	101.5	3.13	-0.00182	0.7	111115
20	"14:25:58"	285.0	-11.3	0.53	526	10.8	2.37	6	1	2.84	30.89	30.19	30.92	499.86	505.74	8.460	19.034	19.16	43.11	600.0	0	0	101.5	3.13	-0.00182	0.7	111115
21	"14:26:00"	286.0	-11.3	0.529	526	10.8	2.37	6	1	2.84	30.89	30.18	30.92	499.86	505.70	8.460	19.016	19.16	43.08	600.0	0	0	101.5	3.13	-0.00182	0.7	111115
22	"14:26:01"	287.5	-11.1	0.527	525	10.7	2.38	6	1	2.84	30.89	30.18	30.91	499.91	505.59	8.461	18.990	19.17	43.03	600.0	0	0	101.5	3.13	-0.00182	0.7	111115
23	"14:26:02"	288.5	-11	0.526	525	10.7	2.38	6	1	2.84	30.88	30.18	30.91	499.92	505.52	8.462	18.972	19.18	42.99	600.0	0	0	101.5	3.13	-0.00182	0.7	111115
24	"14:26:03"	290.0	-10.9	0.523	525	10.7	2.38	6	1	2.84	30.88	30.18	30.91	499.94	505.48	8.464	18.940	19.18	42.93	600.0	0	0	101.6	3.13	-0.00182	0.7	111115
25	"14:26:05"	291.5	-10.9	0.52	525	10.6	2.38	6	1	2.84	30.87	30.17	30.90	499.92	505.42	8.465	18.898	19.19	42.85	600.0	0	0	101.6	3.13	-0.00182	0.7	111115
26	"14:26:06"	292.5	-10.9	0.518	525	10.6	2.39	6	1	2.84	30.87	30.17	30.90	499.92	505.42	8.465	18.873	19.19	42.80	600.0	-0	0	101.6	3.13	-0.00182	0.7	111115
27	"14:26:07"	294.0	-10.8	0.515	524	10.6	2.39	6	1	2.84	30.87	30.17	30.90	499.90	505.34	8.465	18.837	19.20	42.72	600.0	-0	0	101.6	3.13	-0.00182	0.3	111115
28	"14:26:09"	295.0	-10.7	0.513	524	10.6	2.39	6	1	2.84	30.86	30.16	30.89	499.91	505.30	8.467	18.820	19.21	42.69	600.0	-0	0	101.6	3.13	-0.00182	0.3	111115
29	"14:26:10"	296.5	-10.7	0.51	524	10.5	2.39	6	1	2.84	30.86	30.16	30.89	499.89	505.26	8.468	18.784	19.21	42.62	600.0	-0	0	101.6	3.13	-0.00182	0.3	111115
30	"14:26:11"	297.5	-10.9	0.509	525	10.5	2.39	6	1	2.84	30.86	30.15	30.89	499.81	505.37	8.470	18.764	19.22	42.58	600.0	-0	0	101.6	3.13	-0.00182	0.3	111115
31	"14:26:12"	299.0	-10.9	0.506	525	10.5	2.4	6	1	2.84	30.85	30.16	30.88	499.83	505.40	8.470	18.733	19.23	42.52	599.9	-0	0	101.6	3.13	-0.00182	0.3	111115
32	"14:26:14"	300.0	-10.8	0.505	525	10.4	2.4	6	1	2.84	30.85	30.15	30.88	499.85	505.36	8.472	18.715	19.23	42.49	599.9	-0	0	101.5	3.13	-0.00182	0.3	111115
33	"14:26:15"	301.5	-10.7	0.503	525	10.4	2.4	6	1	2.84	30.85	30.15	30.87	499.87	505.28	8.474	18.688	19.24	42.43	599.9	-0	0	101.5	3.13	-0.00182	0.3	111115
34	"14:26:16"	302.5	-10.7	0.502	525	10.4	2.4	6	1	2.84	30.84	30.15	30.87	499.84	505.33	8.474	18.674	19.24	42.41	600.0	0	0	101.5	3.13	-0.00182	0.3	111115
35	"14:26:17"	304.0	-10.7	0.5	525	10.4	2.4	6	1	2.84	30.84	30.14	30.87	499.87	505.36	8.475	18.652	19.25	42.37	600.0	0	0	101.5	3.13	-0.00182	0.3	111115
36	"14:26:19"	305.0	-10.7	0.499	525	10.4	2.4	6	1	2.84	30.84	30.14	30.86	499.90	505.34	8.475	18.639	19.26	42.35	600.0	0	0	101.5	3.13	-0.00182	0.7	111115
37	"14:26:20"	306.5	-10.5	0.497	525	10.3	2.4	6	1	2.84	30.83	30.14	30.86	499.98	505.28	8.478	18.614	19.27	42.30	600.0	-0	0	101.5	3.13	-0.00182	0.7	111115
38	"14:26:21"	307.5	-10.4	0.497	524	10.3	2.4	6	1	2.84	30.83	30.14	30.86	500.02	505.22	8.478	18.608	19.27	42.29	600.0	-0	0	101.5	3.13	-0.00182	0.7	111115
39	"14:26:22"	309.0	-10.4	0.494	524	10.3	2.41	6	1	2.84	30.83	30.13	30.85	500.01	505.19	8.481	18.578	19.28	42.23	599.9	0	0	101.5	3.13	-0.00182	0.7	111115
40	"14:26:24"	310.5	-10.4	0.493	524	10.3	2.41	6	1	2.84	30.82	30.12	30.85	499.96	505.21	8.481	18.555	19.28	42.19	599.9	0	0	101.5	3.13	-0.00182	0.7	111115
41	"14:26:25"	311.5	-10.4	0.492	525	10.2	2.41	6	1	2.84	30.82	30.12	30.85	499.94	505.21	8.481	18.540	19.29	42.16	599.9	0	0	101.5	3.13	-0.00182	0.7	111115
42	"14:26:26"	313.0	-10.5	0.49	525	10.2	2.41	6	1	2.84	30.82	30.12	30.84	499.89	505.26	8.482	18.520	19.29	42.13	599.9	0	0	101.5	3.13	-0.00182	1.0	111115
43	"14:26:28"	314.0	-10.5	0.488	525	10.2	2.41	6	1	2.84	30.81	30.12	30.84	499.87	505.25	8.483	18.504	19.30	42.10	600.0	0	0	101.5	3.13	-0.00182	1.0	111115
44	"14:26:29"	315.5	-10.6	0.487	525	10.2	2.41	6	1	2.84	30.81	30.12	30.84	499.83	505.26	8.486	18.481	19.31	42.05	600.0	0	0	101.5	3.13	-0.00182	1.0	111115
45	"14:26:30"	316.5	-10.5	0.486	525	10.2	2.41	6	1	2.84	30.81	30.12	30.83	499.86	505.24	8.488	18.468	19.32	42.03	600.0	0	0	101.5	3.13	-0.00182	1.0	111115
46	"14:26:31"	318.0	-10.4	0.484	525	10.1	2.41	6	1	2.84	30.80	30.11	30.83	499.89	505.21	8.489	18.448	19.32	41.99	599.9	0	0	101.6	3.13	-0.00182	1.0	111115
47	"14:26:33"	319.0	-10.4	0.483	525	10.1	2.42	6	1	2.84	30.80	30.11	30.83	499.88	505.21	8.490	18.431	19.33	41.96	600.0	0	0	101.6	3.13	-0.00182	1.0	111115
48	"14:26:34"	319.5	-10.5	0.482	525	10.1	2.42	6	1	2.84	30.80	30.11	30.83	499.90	505.26	8.491	18.424	19.33	41.94	600.0	0	0	101.6	3.13	-0.00182	1.0	111115
49	"14:26:35"	321.5	-10.5	0.48	526	10.1	2.42	6	1	2.84	30.80	30.11	30.82	499.84	505.28	8.491	18.395	19.34	41.89	600.0	0	0	101.6	3.13	-0.00182	1.0	111115
50	"14:26:36"	323.0	-10.5	0.479	525	10.1	2.42	6	1	2.84	30.79	30.10	30.82	499.86	505.25	8.492	18.375	19.34	41.85	600.0	0	0	101.6	3.13	-0.00182	1.0	111115
51	"14:26:38"	324.0	-10.5	0.478	526	10.1	2.42	6	1	2.84	30.79	30.10	30.82	499.84	505.24	8.493	18.362	19.35	41.83	599.9	-0	0	101.6	3.13	-0.00182	1.0	111115
52	"14:26:39"	325.5	-10.4	0.476	526	10	2.42	6	1	2.84	30.79	30.10	30.81	499.87	505.25	8.495	18.338	19.36	41.78	600.0	-0	0	101.6	3.13	-0.00182	1.0	111115
53	"14:26:40"	326.5	-10.4	0.475	526	10	2.42	6	1	2.84	30.78	30.10	30.81	499.87	505.23	8.496	18.323	19.36	41.76	600.0	-0	0	101.6	3.13	-0.00182	1.0	111115
54	"14:26:41"	328.0	-10.4	0.473	526	9.99	2.43	6	1	2.84	30.78	30.10	30.81	499.87	505.23	8.497	18.306	19.37	41.72	600.0	-0	0	101.6	3.13	-0.00182	1.0	111115
55	"14:26:43"	329.0	-10.3	0.472	525	9.98	2.43	6	1	2.84	30.78	30.09	30.81	499.90	505.19	8.498	18.293	19.37	41.70	599.9	-0	0	101.5	3.13	-0.00182	1.0	111115
56	"14:26:44"	330.5	-10.4	0.471	526	9.96	2.43	6	1	2.84	30.78	30.09	30.80	499.89	505.24	8.497	18.274	19.37	41.66	599.9	-0	0	101.5	3.13	-0.00182	1.0	111115
57	"14:26:45"	331.5	-10.4	0.47	526	9.94	2.43	6	1	2.84	30.77	30.08	30.80	499.89	505.25	8.498	18.262	19.38	41.64	599.9	0	0	101.5	3.13	-0.00182	1.0	111115
58	"14:26:46"	333.0	-10.4	0.469	526	9.92	2.43	6	1	2.84	30.77	30.08	30.80	499.92	505.27	8.499	18.240	19.38	41.60	600.0	0	0	101.5	3.13	-0.00182	1.0	111115
59	"14:26:48"	334.0	-10.4	0.468	526	9.91	2.43	6	1	2.84	30.77	30.08	30.79	499.92	505.33	8.500	18.231	19.39	41.58	600.0	0	0	101.5	3.13	-0.00182	1.0	111115
60	"14:26:49"	335.5	-10.3	0.466	526	9.89	2.43	6	1	2.84	30.77	30.08	30.79	500.01	505.32	8.503	18.212	19.40	41.55	600.0	0	0	101.5	3.13	-0.00182	1.0	111115
61	"14:26:50"	336.5	-10.3	0.465	526	9.87	2.43	6	1	2.84	30.76	30.08	30.79	500.04	505.31	8.504	18.196	19.40	41.51	600.0	0	0	101.5	3.13	-0.00182	1.0	111115
62	"14:26:51"	338.0	-10.1	0.464	525	9.85	2.43	6	1	2.84	30.76	30.07	30.79	500.09	505.24	8.506	18.173	19.41	41.47	599.9	0	0	101.5	3.13	-0.00182	1.0	111115
63	"14:26:53"	339.5	-10.2	0.463	525	9.83	2.43	6	1	2.84	30.76	30.06	30.78	500.09	505.30	8.506	18.155	19.41	41.44	600.0	-0	0	101.5	3.13	-0.00182	1.0	111115
64	"14:26:54"	340.5	-10.1	0.462	525	9.82	2.43	6	1	2.84	30.75	30.07	30.78	500.18	505.32	8.507	18.146	19.42	41.42	599.9	-0	0	101.5	3.13	-0.00182	1.0	111115
65	"14:26:55"	342.0	-10	0.461	525	9.8	2.43	6	1	2.84	30.75	30.06	30.78	500.27	505.32	8.509	18.131	19.43	41.39	599.9	0	0	101.5	3.13	-0.00182	1.0	111115
66	"14:26:57"	343.0	-9.91	0.46	525	9.79	2.43	6	1	2.84	30.75	30.06	30.78	500.28	505.24	8.509	18.120	19.43	41.38	599.9	0	0	101.5	3.13	-0.00182	1.0	111115
67	"14:26:58"	344.5	-10.1	0.459	525	9.77	2.44	6	1	2.84	30.75	30.05	30.77	500.14	505.30	8.512	18.103	19.44	41.34	600.0	0	0	101.5	3.13	-0.00182	1.0	111115
68	"14:26:59"	346.0	-10.3	0.458	526	9.75	2.44	6	1	2.84	30.74	30.05	30.77	499.99	505.33	8.511	18.083	19.44	41.31	600.0	-0	0	101.5	3.13	-0.00182	1.0	111115
69	"14:27:01"	347.0	-10.3	0.457	526	9.73	2.44	6	1	2.84	30.74	30.04	30.77	500.01	505.36	8.512	18.071	19.45	41.29	600.0	0	0	101.5	3.13	-0.00182	1.0	111115
70	"14:27:02"	348.5	-10.3	0.456	526	9.71	2.44	6	1	2.84	30.74	30.04	30.76	500.01	505.38	8.514	18.052	19.46	41.25	600.0	-0	0	101.5	3.13	-0.00182	1.0	111115
71	"14:27:03"	349.5	-10.3	0.455	526	9.7	2.44	6	1	2.84	30.73	30.04	30.76	500.02	505.38	8.515	18.045	19.46	41.24	599.9	-0	0	101.5	3.13	-0.00182	1.0	111115
72	"14:27:04"	350.0	-10.3	0.454	527	9.7	2.44	6	1	2.84	30.73	30.04	30.76	500.03	505.41	8.516	18.040	19.46	41.23	599.9	-0	0	101.5	3.13	-0.00182	1.0	111115
73	"14:27:05"	352.0	-10.3	0.453	527	9.67	2.44	6	1	2.84	30.73	30.04	30.76	500.07	505.48	8.519	18.016	19.48	41.19	599.9	0	0	101.5	3.13	-0.00182	1.0	111115
74	"14:27:07"	353.0	-10.3	0.452	527	9.66	2.44	6	1	2.84	30.72	30.03	30.75	500.09	505.46	8.520	18.010	19.48	41.18	599.9	-0	0	101.5	3.13	-0.00182	1.0	111115
75	"14:27:08"	354.5	-10.2	0.451	526	9.64	2.44	6	1	2.84	30.72	30.03	30.75	500.13	505.42	8.521	17.993	19.49	41.15	599.9	-0	0	101.5	3.13	-0.00182	1.0	111115
76	"14:27:09"	355.5	-10.3	0.45	527	9.63	2.44	6	1	2.84	30.72	30.03	30.75	500.05	505.45	8.522	17.984	19.49	41.13	599.9	-0	0	101.5	3.13	-0.00182	1.0	111115
77	"14:27:10"	357.0	-10.3	0.449	527	9.61	2.44	6	1	2.84	30.72	30.03	30.74	500.01	505.48	8.523	17.964	19.50	41.10	600.0	-0	0	101.5	3.13	-0.00182	1.0	111115
78	"14:27:12"	358.0	-10.4	0.448	528	9.6	2.44	6	1	2.84	30.71	30.03	30.74	500.00	505.54	8.525	17.957	19.51	41.08	600.0	0	0	101.5	3.13	-0.00182	1.0	111115
79	"14:27:13"	359.5	-10.3	0.447	527	9.59	2.44	6	1	2.84	30.71	30.02	30.74	500.04	505.49	8.527	17.945	19.51	41.07	600.0	0	0	101.5	3.13	-0.00182	1.0	111115
80	"14:27:14"	361.0	-10.2	0.446	527	9.57	2.44	6	1	2.84	30.71	30.02	30.73	500.11	505.44	8.527	17.931	19.52	41.04	599.9	0	0	101.5	3.13	-0.00182	1.0	111115
81	"14:27:16"	362.0	-10.1	0.446	526	9.56	2.45	6	1	2.84	30.70	30.02	30.73	500.15	505.40	8.527	17.922	19.52	41.03	599.9	0	0	101.5	3.13	-0.00182	1.0	111115
82	"14:27:17"	363.5	-10.1	0.445	527	9.55	2.45	6	1	2.84	30.70	30.01	30.73	500.15	505.46	8.528	17.912	19.53	41.01	600.0	0	0	101.5	3.13	-0.00182	1.0	111115
83	"14:27:18"	364.5	-10.2	0.445	527	9.54	2.44	6	1	2.84	30.70	30.01	30.72	500.10	505.50	8.530	17.905	19.54	41.00	600.0	0	0	101.5	3.13	-0.00182	1.0	111115
84	"14:27:19"	366.0	-10.3	0.444	528	9.53	2.44	6	1	2.84	30.69	30.01	30.72	500.04	505.53	8.531	17.895	19.54	40.99	600.0	0	0	101.5	3.13	-0.00182	1.0	111115
85	"14:27:21"	367.0	-10.3	0.444	528	9.53	2.45	6	1	2.84	30.69	30.01	30.72	500.04	505.54	8.533	17.888	19.55	40.98	600.0	0	0	101.5	3.13	-0.00182	1.0	111115
86	"14:27:22"	368.5	-10.4	0.443	528	9.52	2.45	6	1	2.84	30.69	30.01	30.71	499.99	505.54	8.532	17.883	19.55	40.98	600.0	0	0	101.5	3.13	-0.00182	1.0	111115
87	"14:27:23"	369.5	-10.4	0.443	528	9.51	2.45	6	1	2.84	30.68	30.00	30.71	499.96	505.56	8.533	17.878	19.55	40.97	600.0	0	0	101.5	3.13	-0.00182	1.0	111115
88	"14:27:24"	371.0	-10.4	0.442	528	9.5	2.45	6	1	2.84	30.68	30.00	30.71	499.95	505.55	8.534	17.860	19.56	40.94	600.0	0	0	101.5	3.13	-0.00182	1.0	111115
89	"14:27:26"	372.0	-10.3	0.441	528	9.48	2.45	6	1	2.84	30.68	30.00	30.71	500.02	505.49	8.536	17.849	19.57	40.92	600.0	0	0	101.5	3.13	-0.00182	1.0	111115
90	"14:27:27"	373.5	-10.3	0.44	528	9.47	2.45	6	1	2.84	30.68	29.99	30.70	500.02	505.54	8.538	17.836	19.58	40.90	599.9	0	0	101.5	3.13	-0.00182	1.0	111115
91	"14:27:28"	374.5	-10.3	0.439	528	9.45	2.45	6	1	2.84	30.67	29.99	30.70	499.98	505.53	8.540	17.827	19.58	40.88	600.0	0	0	101.5	3.13	-0.00182	1.0	111115
92	"14:27:29"	376.0	-10.4	0.438	528	9.44	2.45	6	1	2.84	30.67	29.99	30.70	499.95	505.59	8.542	17.811	19.59	40.85	599.9	0	0	101.6	3.13	-0.00182	1.0	111115
93	"14:27:31"	377.0	-10.4	0.438	529	9.43	2.45	6	1	2.84	30.67	29.98	30.69	499.94	505.61	8.543	17.805	19.60	40.85	600.0	0	0	101.6	3.13	-0.00182	1.0	111115
94	"14:27:32"	378.5	-10.3	0.438	528	9.42	2.45	6	1	2.84	30.66	29.98	30.69	500.02	505.58	8.543	17.800	19.60	40.84	600.0	0	0	101.6	3.13	-0.00182	1.0	111115
95	"14:27:33"	379.5	-10.3	0.438	528	9.42	2.45	6	1	2.84	30.66	29.98	30.69	500.02	505.57	8.544	17.801	19.61	40.85	600.0	0	0	101.6	3.13	-0.00182	1.0	111115
96	"14:27:34"	381.0	-10.4	0.437	528	9.41	2.45	6	1	2.84	30.66	29.98	30.69	499.99	505.59	8.545	17.791	19.61	40.84	600.0	0	0	101.6	3.13	-0.00182	1.0	111115
97	"14:27:36"	382.5	-10.4	0.436	529	9.4	2.45	6	1	2.84	30.66	29.98	30.68	499.96	505.64	8.546	17.778	19.62	40.81	600.0	0	0	101.6	3.13	-0.00182	1.0	111115
98	"14:27:37"	383.5	-10.4	0.435	529	9.39	2.45	6	1	2.84	30.65	29.98	30.68	499.96	505.64	8.547	17.771	19.62	40.80	600.0	0	0	101.5	3.13	-0.00182	1.0	111115
99	"14:27:38"	385.0	-10.3	0.435	528	9.38	2.45	6	1	2.84	30.65	29.97	30.67	499.99	505.57	8.548	17.765	19.63	40.80	600.0	0	0	101.5	3.13	-0.00182	1.0	111115
100	"14:27:40"	386.0	-10.1	0.435	528	9.38	2.45	6	1	2.84	30.65	29.96	30.67	500.11	505.50	8.549	17.764	19.63	40.80	600.0	-0	0	101.5	3.13	-0.00182	1.0	111115
101	"14:27:41"	386.5	-10.1	0.436	527	9.38	2.45	6	1	2.84	30.65	29.96	30.67	500.11	505.51	8.549	17.766	19.63	40.80	600.0	0	0	101.5	3.13	-0.00182	1.0	111115
102	"14:27:42"	388.5	-9.93	0.436	527	9.38	2.45	6	1	2.84	30.64	29.95	30.67	500.29	505.48	8.550	17.760	19.64	40.80	600.0	-0	0	101.5	3.13	-0.00182	1.0	111115
103	"14:27:43"	390.0	-9.94	0.435	527	9.37	2.45	6	1	2.84	30.64	29.96	30.67	500.31	505.51	8.552	17.752	19.65	40.79	600.0	-0	0	101.5	3.13	-0.00182	1.0	111115
104	"14:27:44"	390.5	-9.95	0.434	527	9.36	2.45	6	1	2.84	30.64	29.96	30.66	500.31	505.54	8.553	17.746	19.65	40.77	600.0	-0	0	101.5	3.13	-0.00182	1.0	111115
105	"14:27:46"	392.5	-10.2	0.433	528	9.35	2.45	6	1	2.84	30.63	29.96	30.66	500.18	505.63	8.554	17.737	19.66	40.77	600.0	-0	0	101.5	3.13	-0.00182	1.0	111115
106	"14:27:47"	393.5	-10.2	0.433	528	9.34	2.45	6	1	2.84	30.63	29.96	30.66	500.14	505.65	8.555	17.732	19.67	40.76	600.0	-0	0	101.5	3.13	-0.00182	1.0	111115
107	"14:27:48"	395.0	-10.3	0.433	528	9.33	2.45	6	1	2.84	30.63	29.95	30.65	500.08	505.65	8.557	17.725	19.67	40.75	600.0	-0	0	101.5	3.13	-0.00182	1.0	111115
108	"14:27:50"	396.0	-10.3	0.432	528	9.32	2.45	6	1	2.84	30.63	29.95	30.65	500.08	505.62	8.560	17.720	19.68	40.74	600.0	0	0	101.5	3.13	-0.00182	1.0	111115
109	"14:27:51"	397.5	-10.3	0.432	529	9.31	2.45	6	1	2.84	30.62	29.94	30.65	500.06	505.63	8.562	17.709	19.69	40.73	599.9	0	0	101.5	3.13	-0.00182	1.0	111115
110	"14:27:52"	398.5	-10.4	0.431	529	9.31	2.45	6	1	2.84	30.62	29.94	30.65	500.00	505.64	8.562	17.705	19.69	40.72	599.9	-0	0	101.5	3.13	-0.00182	1.0	111115
111	"14:27:53"	400.0	-10.3	0.431	529	9.3	2.45	6	1	2.84	30.62	29.94	30.64	500.03	505.65	8.563	17.699	19.70	40.72	599.9	0	0	101.5	3.13	-0.00182	1.0	111115
112	"14:27:55"	401.0	-10.3	0.431	529	9.3	2.45	6	1	2.84	30.62	29.94	30.64	500.03	505.61	8.563	17.702	19.70	40.73	599.9	-0	0	101.5	3.13	-0.00182	1.0	111115
113	"14:27:56"	402.5	-10.2	0.431	528	9.29	2.45	6	1	2.84	30.61	29.94	30.64	500.06	505.56	8.565	17.696	19.71	40.72	600.0	0	0	101.5	3.13	-0.00182	1.0	111115
114	"14:27:57"	403.5	-10.2	0.431	528	9.29	2.45	6	1	2.84	30.61	29.93	30.63	500.04	505.54	8.566	17.693	19.72	40.72	600.0	0	0	101.5	3.13	-0.00182	1.0	111115
115	"14:27:58"	405.0	-10.2	0.43	528	9.28	2.45	6	1	2.84	30.60	29.93	30.63	500.02	505.54	8.566	17.684	19.72	40.71	599.9	-0	0	101.5	3.13	-0.00182	1.0	111115
116	"14:28:00"	406.0	-10.2	0.43	528	9.28	2.45	6	1	2.84	30.60	29.93	30.63	500.02	505.52	8.567	17.682	19.72	40.71	600.0	0	0	101.5	3.13	-0.00182	1.0	111115
117	"14:28:01"	407.5	-10.3	0.43	529	9.27	2.45	6	1	2.84	30.60	29.92	30.63	499.98	505.57	8.567	17.674	19.73	40.70	600.0	0	0	101.5	3.13	-0.00182	1.0	111115
118	"14:28:02"	408.5	-10.3	0.43	529	9.27	2.45	6	1	2.84	30.60	29.92	30.62	499.97	505.57	8.568	17.672	19.73	40.70	600.0	0	0	101.5	3.13	-0.00182	1.0	111115
119	"14:28:03"	410.0	-10.4	0.43	529	9.27	2.45	6	1	2.84	30.59	29.92	30.62	499.96	505.66	8.568	17.672	19.74	40.71	600.0	0	0	101.5	3.13	-0.00182	1.0	111115
120	"14:28:04"	410.5	-10.3	0.429	529	9.26	2.45	6	1	2.84	30.59	29.92	30.62	500.00	505.62	8.569	17.669	19.74	40.70	599.9	0	0	101.5	3.13	-0.00182	1.0	111115
121	"14:28:06"	412.5	-10.3	0.429	529	9.25	2.45	6	1	2.84	30.59	29.92	30.62	499.99	505.59	8.572	17.658	19.75	40.69	599.9	0	0	101.5	3.13	-0.00182	1.0	111115
122	"14:28:07"	413.5	-10.3	0.428	529	9.24	2.45	6	1	2.84	30.59	29.91	30.61	499.98	505.58	8.574	17.651	19.76	40.68	599.9	0	0	101.5	3.13	-0.00182	1.0	111115
123	"14:28:08"	415.0	-10.2	0.429	529	9.25	2.44	6	1	2.84	30.58	29.91	30.61	500.01	505.58	8.576	17.663	19.77	40.72	600.0	0	1	101.5	3.13	-0.00182	1.0	111115
124	"14:28:09"	415.5	-10.3	0.43	529	9.26	2.44	6	1	2.84	30.58	29.91	30.61	500.03	505.62	8.576	17.676	19.77	40.75	600.0	0	1	101.5	3.13	-0.00182	1.0	111115
125	"14:28:11"	417.5	-10.4	0.436	529	9.35	2.44	6	1	2.84	30.58	29.91	30.61	500.03	505.72	8.576	17.758	19.77	40.94	600.0	0	1	101.5	3.13	-0.00182	1.0	111115
126	"14:28:12"	418.5	-10.5	0.44	529	9.4	2.43	6	1	2.84	30.58	29.91	30.60	500.04	505.74	8.577	17.807	19.78	41.06	600.0	0	1	101.5	3.13	-0.00182	1.0	111115
127	"14:28:13"	420.0	-10.5	0.445	529	9.46	2.42	6	1	2.84	30.57	29.90	30.60	500.05	505.80	8.579	17.871	19.78	41.22	600.0	0	1	101.5	3.13	-0.00182	1.0	111115
128	"14:28:15"	421.0	-10.7	0.449	529	9.5	2.42	6	1	2.84	30.57	29.89	30.60	499.98	505.88	8.579	17.908	19.79	41.31	600.0	0	1	101.5	3.13	-0.00182	1.0	111115
129	"14:28:16"	422.5	-10.8	0.451	529	9.54	2.41	6	1	2.84	30.57	29.89	30.60	499.99	505.93	8.580	17.946	19.80	41.40	600.0	0	0	101.5	3.13	-0.00182	0.7	111115
130	"14:28:17"	423.5	-10.9	0.453	530	9.55	2.41	6	1	2.84	30.57	29.89	30.59	499.88	505.98	8.582	17.961	19.80	41.44	600.0	0	0	101.5	3.13	-0.00182	0.7	111115
131	"14:28:18"	424.0	-11	0.453	530	9.56	2.41	6	1	2.84	30.56	29.89	30.59	499.83	505.98	8.582	17.967	19.80	41.46	600.0	0	0	101.5	3.13	-0.00182	0.7	111115
132	"14:28:19"	426.0	-11	0.454	530	9.56	2.41	6	1	2.84	30.56	29.88	30.59	499.79	505.99	8.583	17.972	19.81	41.48	599.9	0	0	101.5	3.13	-0.00182	0.3	111115
133	"14:28:21"	426.5	-11	0.454	530	9.56	2.41	6	1	2.84	30.56	29.88	30.59	499.82	505.97	8.583	17.971	19.81	41.48	599.9	0	0	101.5	3.13	-0.00182	0.3	111115
134	"14:28:22"	428.5	-10.7	0.454	529	9.55	2.41	6	1	2.84	30.56	29.87	30.58	499.98	505.89	8.586	17.965	19.82	41.48	600.0	0	0	101.5	3.13	-0.00182	0.3	111115
135	"14:28:23"	429.5	-10.8	0.453	530	9.54	2.41	6	1	2.84	30.55	29.87	30.58	499.93	505.92	8.586	17.955	19.83	41.46	600.0	0	0	101.5	3.13	-0.00182	0.3	111115
136	"14:28:24"	431.0	-10.8	0.452	530	9.53	2.41	6	1	2.84	30.55	29.87	30.58	499.87	505.88	8.588	17.944	19.83	41.44	600.0	0	0	101.5	3.13	-0.00182	0.3	111115
137	"14:28:26"	432.0	-10.9	0.451	530	9.52	2.41	6	1	2.84	30.55	29.87	30.58	499.84	505.90	8.589	17.936	19.84	41.43	599.9	-0	0	101.5	3.13	-0.00182	0.3	111115
138	"14:28:27"	433.5	-10.6	0.45	529	9.5	2.41	6	1	2.84	30.54	29.87	30.57	500.00	505.76	8.591	17.922	19.85	41.40	599.9	-0	1	101.5	3.13	-0.00182	1.0	111115
139	"14:28:28"	434.5	-10.5	0.45	528	9.49	2.41	6	1	2.84	30.54	29.86	30.57	500.03	505.75	8.592	17.912	19.85	41.38	600.0	0	1	101.5	3.13	-0.00182	1.0	111115
140	"14:28:29"	436.0	-10.4	0.449	528	9.47	2.41	6	1	2.84	30.54	29.86	30.57	500.06	505.65	8.592	17.895	19.86	41.36	599.9	0	1	101.5	3.13	-0.00182	1.0	111115
141	"14:28:31"	437.0	-10.4	0.447	528	9.46	2.41	6	1	2.84	30.54	29.86	30.56	500.06	505.64	8.593	17.881	19.86	41.33	599.9	0	0	101.5	3.13	-0.00182	1.0	111115
142	"14:28:32"	438.5	-10.5	0.446	528	9.44	2.41	6	1	2.84	30.53	29.86	30.56	499.94	505.65	8.593	17.867	19.86	41.30	599.9	-0	0	101.5	3.13	-0.00182	1.0	111115
143	"14:28:33"	439.5	-10.5	0.445	529	9.43	2.41	6	1	2.84	30.53	29.86	30.56	499.87	505.64	8.593	17.856	19.87	41.28	599.9	-0	0	101.5	3.13	-0.00182	0.7	111115
144	"14:28:34"	441.0	-10.6	0.445	529	9.42	2.41	6	1	2.84	30.53	29.86	30.56	499.83	505.67	8.595	17.848	19.87	41.27	600.0	-0	0	101.5	3.13	-0.00182	0.7	111115
145	"14:28:36"	442.0	-10.5	0.444	529	9.41	2.41	6	1	2.84	30.53	29.86	30.55	499.88	505.64	8.597	17.839	19.88	41.26	600.0	0	0	101.5	3.13	-0.00182	0.7	111115
146	"14:28:37"	443.5	-10.3	0.443	528	9.4	2.41	6	1	2.84	30.52	29.86	30.55	500.03	505.55	8.600	17.830	19.89	41.24	600.0	0	0	101.5	3.13	-0.00182	0.7	111115
147	"14:28:38"	444.5	-10.2	0.443	527	9.39	2.42	6	1	2.84	30.52	29.85	30.55	500.06	505.49	8.601	17.820	19.90	41.23	600.0	0	0	101.5	3.13	-0.00182	0.7	111115
148	"14:28:39"	446.0	-10.3	0.441	528	9.37	2.42	6	1	2.84	30.52	29.85	30.55	499.96	505.53	8.602	17.804	19.90	41.20	599.9	0	0	101.5	3.13	-0.00182	0.7	111115
149	"14:28:41"	447.0	-10.4	0.44	528	9.35	2.42	6	1	2.84	30.51	29.85	30.54	499.91	505.54	8.604	17.788	19.91	41.17	599.9	0	1	101.5	3.13	-0.00182	0.7	111115
150	"14:28:42"	448.5	-10.4	0.439	529	9.34	2.42	6	1	2.84	30.51	29.85	30.54	499.87	505.54	8.605	17.775	19.92	41.14	600.0	0	0	101.5	3.13	-0.00182	0.7	111115
151	"14:28:43"	449.5	-10.4	0.438	528	9.32	2.42	6	1	2.84	30.51	29.85	30.54	499.88	505.52	8.606	17.763	19.92	41.12	600.0	0	0	101.5	3.13	-0.00182	0.7	111115
152	"14:28:44"	451.0	-10.3	0.437	528	9.31	2.42	6	1	2.84	30.51	29.85	30.53	499.89	505.50	8.607	17.753	19.93	41.10	600.0	0	0	101.5	3.13	-0.00182	1.0	111115
153	"14:28:46"	452.0	-10.2	0.436	528	9.3	2.42	6	1	2.84	30.50	29.85	30.53	499.94	505.48	8.607	17.742	19.93	41.08	600.0	0	1	101.5	3.13	-0.00182	1.0	111115
154	"14:28:47"	453.5	-10.1	0.436	527	9.28	2.42	6	1	2.84	30.50	29.84	30.53	500.03	505.42	8.609	17.728	19.94	41.06	600.0	0	1	101.5	3.13	-0.00182	1.0	111115
155	"14:28:48"	455.0	-9.91	0.435	527	9.26	2.42	6	1	2.84	30.50	29.83	30.53	500.12	505.34	8.611	17.710	19.95	41.03	600.0	0	1	101.5	3.13	-0.00182	1.0	111115
156	"14:28:50"	456.0	-9.94	0.434	527	9.25	2.42	6	1	2.84	30.49	29.83	30.52	500.11	505.38	8.612	17.699	19.95	41.01	600.0	0	1	101.5	3.13	-0.00182	1.0	111115
157	"14:28:51"	457.5	-9.9	0.433	527	9.23	2.42	6	1	2.84	30.49	29.82	30.52	500.08	505.31	8.615	17.685	19.96	40.98	600.0	0	1	101.5	3.13	-0.00182	0.7	111115
158	"14:28:52"	458.5	-9.91	0.433	527	9.22	2.42	6	1	2.84	30.49	29.82	30.52	500.06	505.31	8.616	17.677	19.97	40.97	600.0	0	1	101.5	3.13	-0.00182	0.7	111115
159	"14:28:53"	460.0	-9.81	0.432	526	9.21	2.42	6	1	2.84	30.49	29.81	30.52	500.06	505.22	8.618	17.663	19.98	40.94	600.0	-0	0	101.5	3.13	-0.00182	0.7	111115
160	"14:28:55"	461.0	-9.92	0.431	527	9.19	2.42	6	1	2.84	30.48	29.81	30.51	499.99	505.27	8.619	17.649	19.98	40.91	600.0	-0	0	101.5	3.13	-0.00182	0.7	111115
161	"14:28:56"	462.5	-10.1	0.43	528	9.18	2.42	6	1	2.84	30.48	29.81	30.51	499.89	505.33	8.619	17.636	19.98	40.89	600.0	-0	0	101.5	3.13	-0.00182	1.0	111115
162	"14:28:57"	463.5	-10.2	0.429	528	9.17	2.42	6	1	2.84	30.48	29.80	30.51	499.86	505.38	8.619	17.626	19.99	40.87	599.9	-0	0	101.5	3.13	-0.00182	1.0	111115
163	"14:28:58"	465.0	-10.1	0.428	528	9.15	2.42	6	1	2.84	30.48	29.80	30.51	499.86	505.35	8.619	17.607	19.99	40.84	599.9	-0	0	101.5	3.13	-0.00182	1.0	111115
164	"14:29:00"	466.0	-10	0.427	528	9.14	2.43	6	1	2.84	30.47	29.80	30.50	499.92	505.30	8.621	17.596	20.00	40.81	599.9	-0	1	101.5	3.13	-0.00182	1.0	111115
165	"14:29:01"	467.5	-10	0.426	528	9.12	2.43	6	1	2.84	30.47	29.80	30.50	499.88	505.29	8.622	17.581	20.00	40.79	600.0	-0	1	101.5	3.13	-0.00182	1.0	111115
166	"14:29:02"	468.5	-9.98	0.425	528	9.11	2.43	6	1	2.84	30.47	29.80	30.50	499.88	505.25	8.624	17.576	20.01	40.78	600.0	0	1	101.5	3.13	-0.00182	1.0	111115
167	"14:29:03"	469.0	-10.1	0.425	528	9.11	2.43	6	1	2.84	30.47	29.80	30.50	499.86	505.31	8.624	17.571	20.01	40.77	600.0	-0	1	101.5	3.13	-0.00182	1.0	111115
168	"14:29:04"	470.0	-10.1	0.424	528	9.1	2.43	6	1	2.84	30.46	29.80	30.50	499.87	505.35	8.625	17.563	20.02	40.76	600.0	0	1	101.5	3.13	-0.00182	1.0	111115
169	"14:29:05"	472.0	-9.97	0.423	528	9.08	2.43	6	1	2.84	30.46	29.79	30.49	499.93	505.31	8.626	17.546	20.03	40.73	599.9	0	1	101.5	3.13	-0.00182	1.0	111115
170	"14:29:07"	473.5	-9.89	0.422	527	9.06	2.43	6	1	2.84	30.46	29.79	30.49	499.94	505.24	8.629	17.531	20.04	40.71	599.9	0	1	101.6	3.13	-0.00182	1.0	111115
171	"14:29:08"	474.5	-9.87	0.422	527	9.05	2.43	6	1	2.84	30.45	29.79	30.48	499.94	505.24	8.630	17.523	20.04	40.69	600.0	0	1	101.6	3.13	-0.00182	1.0	111115
172	"14:29:09"	476.0	-9.8	0.421	527	9.04	2.43	6	1	2.84	30.45	29.78	30.48	499.96	505.19	8.630	17.508	20.05	40.67	600.0	0	1	101.5	3.13	-0.00182	1.0	111115
173	"14:29:11"	477.0	-9.79	0.42	527	9.03	2.43	6	1	2.84	30.45	29.78	30.48	499.96	505.18	8.630	17.499	20.05	40.65	600.0	0	1	101.5	3.13	-0.00182	1.0	111115
174	"14:29:12"	478.5	-9.94	0.42	528	9.01	2.43	6	1	2.84	30.44	29.77	30.47	499.88	505.26	8.631	17.486	20.06	40.63	600.0	0	1	101.5	3.13	-0.00182	1.0	111115
175	"14:29:13"	479.5	-9.96	0.419	528	9	2.43	6	1	2.84	30.44	29.77	30.47	499.85	505.26	8.633	17.479	20.06	40.62	599.9	-0	1	101.5	3.13	-0.00182	1.0	111115
176	"14:29:14"	481.0	-9.92	0.418	528	8.99	2.43	6	1	2.84	30.44	29.77	30.47	499.89	505.27	8.634	17.470	20.07	40.61	599.9	0	1	101.5	3.13	-0.00182	1.0	111115
177	"14:29:16"	482.0	-9.78	0.418	527	8.98	2.43	6	1	2.84	30.44	29.77	30.47	499.94	505.19	8.636	17.459	20.08	40.59	599.9	-0	1	101.5	3.13	-0.00182	1.0	111115
178	"14:29:17"	483.5	-9.71	0.417	527	8.96	2.43	6	1	2.84	30.43	29.76	30.46	500.00	505.18	8.638	17.447	20.08	40.57	599.9	0	1	101.5	3.13	-0.00182	1.0	111115
179	"14:29:18"	484.5	-9.75	0.416	527	8.95	2.43	6	1	2.84	30.43	29.76	30.46	499.96	505.18	8.640	17.438	20.09	40.55	599.9	0	1	101.5	3.13	-0.00182	1.0	111115
180	"14:29:19"	486.0	-9.76	0.415	528	8.94	2.43	6	1	2.84	30.43	29.76	30.46	499.95	505.20	8.641	17.426	20.10	40.53	599.9	0	1	101.5	3.13	-0.00182	1.0	111115
181	"14:29:21"	487.0	-9.74	0.415	527	8.93	2.43	6	1	2.84	30.42	29.75	30.45	499.95	505.18	8.642	17.418	20.10	40.52	600.0	0	1	101.5	3.13	-0.00182	1.0	111115
182	"14:29:22"	488.5	-9.65	0.414	527	8.91	2.43	6	1	2.84	30.42	29.75	30.45	499.99	505.14	8.643	17.402	20.11	40.49	600.0	-0	1	101.5	3.13	-0.00182	1.0	111115
183	"14:29:23"	489.5	-9.61	0.413	527	8.9	2.43	6	1	2.84	30.42	29.75	30.45	499.97	505.09	8.644	17.393	20.12	40.47	600.0	-0	1	101.5	3.13	-0.00182	1.0	111115
184	"14:29:24"	491.0	-9.62	0.412	527	8.89	2.43	6	1	2.84	30.41	29.75	30.44	499.98	505.11	8.646	17.381	20.12	40.46	600.0	-0	1	101.5	3.13	-0.00182	1.0	111115
185	"14:29:26"	492.0	-9.61	0.412	527	8.88	2.43	6	1	2.84	30.41	29.74	30.44	499.99	505.11	8.648	17.372	20.13	40.44	600.0	0	1	101.5	3.13	-0.00182	1.0	111115
186	"14:29:27"	493.5	-9.62	0.41	527	8.86	2.44	6	1	2.84	30.41	29.74	30.44	500.00	505.14	8.647	17.354	20.13	40.41	599.9	0	1	101.5	3.13	-0.00182	1.0	111115
187	"14:29:28"	494.5	-9.59	0.409	527	8.83	2.44	6	1	2.84	30.41	29.74	30.44	499.97	505.10	8.647	17.325	20.13	40.34	600.0	0	1	101.5	3.13	-0.00182	1.0	111115
188	"14:29:29"	496.0	-9.44	0.404	527	8.76	2.44	6	1	2.84	30.40	29.73	30.43	499.95	504.97	8.647	17.258	20.14	40.20	600.0	0	0	101.5	3.13	-0.00182	1.0	111115
189	"14:29:31"	497.0	-9.38	0.4	527	8.7	2.45	6	1	2.84	30.40	29.73	30.43	499.93	504.91	8.647	17.200	20.14	40.07	600.0	-0	0	101.5	3.13	-0.00182	1.0	111115
190	"14:29:32"	498.5	-9.33	0.394	527	8.61	2.46	6	1	2.84	30.40	29.72	30.42	499.91	504.89	8.649	17.114	20.15	39.88	600.0	-0	0	101.5	3.13	-0.00182	1.0	111115
191	"14:29:33"	499.5	-9.28	0.391	527	8.57	2.46	6	1	2.84	30.39	29.72	30.42	499.94	504.89	8.650	17.071	20.16	39.78	600.0	-0	0	101.5	3.13	-0.00182	0.3	111115
192	"14:29:34"	501.0	-9.36	0.388	528	8.52	2.46	6	1	2.84	30.39	29.72	30.42	499.90	504.96	8.651	17.032	20.16	39.70	599.9	-0	1	101.5	3.13	-0.00182	0.3	111115
193	"14:29:36"	502.0	-9.51	0.388	529	8.52	2.46	6	1	2.84	30.39	29.72	30.42	499.85	505.06	8.651	17.029	20.17	39.70	599.9	-0	1	101.5	3.13	-0.00182	0.7	111115
194	"14:29:37"	503.5	-9.56	0.389	529	8.54	2.46	6	1	2.84	30.38	29.72	30.41	499.83	505.08	8.652	17.048	20.17	39.75	599.8	-0	1	101.6	3.13	-0.00182	0.7	111115
195	"14:29:38"	504.5	-9.61	0.39	529	8.56	2.46	6	1	2.84	30.38	29.72	30.41	499.87	505.16	8.653	17.066	20.18	39.80	599.8	-0	1	101.6	3.13	-0.00182	0.7	111115
196	"14:29:39"	506.0	-9.65	0.397	529	8.66	2.45	6	1	2.84	30.38	29.71	30.41	499.97	505.25	8.654	17.164	20.19	40.03	599.9	-0	0	101.6	3.13	-0.00182	0.7	111115
197	"14:29:41"	507.0	-9.8	0.403	529	8.74	2.44	6	1	2.84	30.38	29.71	30.40	500.00	505.39	8.656	17.244	20.19	40.23	600.0	0	1	101.6	3.13	-0.00182	0.7	111115
198	"14:29:42"	508.5	-9.98	0.407	529	8.79	2.44	6	1	2.84	30.37	29.72	30.40	499.93	505.47	8.656	17.296	20.19	40.35	600.1	0	0	101.6	3.13	-0.00182	1.0	111115
199	"14:29:43"	509.5	-10	0.409	530	8.83	2.43	6	1	2.84	30.37	29.72	30.40	499.91	505.49	8.656	17.333	20.20	40.44	600.0	0	1	101.6	3.13	-0.00182	0.7	111115
200	"14:29:44"	511.0	-10.1	0.416	529	8.91	2.42	6	1	2.84	30.37	29.72	30.39	499.90	505.54	8.657	17.418	20.20	40.65	599.9	0	1	101.6	3.13	-0.00182	0.7	111115
201	"14:29:46"	512.0	-10.3	0.429	529	9.1	2.4	6	1	2.84	30.37	29.71	30.39	499.93	505.63	8.658	17.598	20.21	41.07	599.9	-0	1	101.6	3.13	-0.00182	0.7	111115
202	"14:29:47"	513.5	-10.8	0.458	530	9.47	2.37	6	1	2.84	30.36	29.71	30.39	499.95	506.00	8.659	17.960	20.21	41.93	599.9	0	1	101.6	3.13	-0.00182	0.3	111115
203	"14:29:48"	514.5	-11.2	0.477	530	9.71	2.34	6	1	2.84	30.36	29.71	30.38	499.94	506.19	8.659	18.193	20.22	42.47	600.0	0	1	101.6	3.13	-0.00182	0.3	111115
204	"14:29:49"	516.0	-11.6	0.504	530	10	2.31	6	1	2.84	30.36	29.70	30.38	499.96	506.44	8.660	18.502	20.22	43.20	600.0	0	0	101.5	3.13	-0.00182	0.3	111115
205	"14:29:51"	517.0	-11.7	0.518	529	10.2	2.29	6	1	2.84	30.36	29.70	30.38	499.99	506.53	8.661	18.662	20.22	43.57	600.0	0	1	101.5	3.13	-0.00182	0.3	111115
206	"14:29:52"	518.5	-11.9	0.534	529	10.4	2.27	6	1	2.84	30.36	29.70	30.37	499.98	506.62	8.662	18.840	20.23	44.00	600.0	0	0	101.5	3.13	-0.00182	0.3	111115
207	"14:29:53"	519.5	-11.9	0.542	529	10.5	2.26	6	1	2.84	30.35	29.70	30.37	500.01	506.62	8.663	18.925	20.23	44.20	600.0	0	0	101.5	3.13	-0.00182	0.3	111115
208	"14:29:54"	521.0	-12.1	0.55	529	10.5	2.25	6	1	2.84	30.35	29.69	30.37	499.91	506.70	8.663	19.012	20.24	44.41	599.9	-0	1	101.5	3.13	-0.00182	0.3	111115
209	"14:29:55"	521.5	-12.2	0.552	529	10.6	2.25	6	1	2.84	30.35	29.69	30.37	499.90	506.72	8.664	19.032	20.24	44.46	599.9	-0	1	101.5	3.13	-0.00182	0.3	111115
210	"14:29:57"	523.5	-12.1	0.556	529	10.6	2.25	6	1	2.84	30.35	29.68	30.36	499.91	506.64	8.665	19.071	20.25	44.56	599.9	-0	1	101.5	3.13	-0.00182	0.3	111115
211	"14:29:58"	524.5	-12	0.557	528	10.6	2.24	6	1	2.84	30.34	29.68	30.36	499.95	506.56	8.666	19.080	20.25	44.59	599.9	-0	1	101.5	3.13	-0.00182	0.3	111115
212	"14:29:59"	526.0	-11.7	0.557	527	10.6	2.24	6	1	2.84	30.34	29.67	30.35	499.99	506.36	8.667	19.072	20.26	44.58	599.9	-0	1	101.5	3.13	-0.00182	0.3	111115
213	"14:30:01"	527.0	-11.7	0.556	527	10.6	2.25	6	1	2.84	30.34	29.67	30.35	499.99	506.30	8.667	19.062	20.26	44.57	599.9	-0	1	101.5	3.13	-0.00182	0.3	111115
214	"14:30:02"	528.5	-11.6	0.553	527	10.6	2.25	6	1	2.84	30.33	29.67	30.35	499.96	506.23	8.668	19.036	20.27	44.52	599.9	0	1	101.5	3.13	-0.00182	0.3	111115
215	"14:30:03"	529.5	-11.5	0.552	527	10.6	2.25	6	1	2.84	30.33	29.67	30.35	499.97	506.17	8.669	19.021	20.28	44.49	600.0	-0	1	101.5	3.13	-0.00182	0.3	111115
216	"14:30:04"	531.0	-11.4	0.55	526	10.5	2.25	6	1	2.84	30.33	29.66	30.34	500.01	506.07	8.671	18.997	20.29	44.44	599.9	0	1	101.5	3.13	-0.00182	0.7	111115
217	"14:30:06"	532.0	-11.3	0.548	526	10.5	2.25	6	1	2.84	30.32	29.66	30.34	499.99	505.99	8.672	18.978	20.29	44.41	599.9	0	1	101.5	3.13	-0.00182	0.7	111115
218	"14:30:07"	533.5	-11.2	0.545	526	10.5	2.25	6	1	2.84	30.32	29.66	30.34	499.91	505.84	8.672	18.942	20.30	44.33	600.0	0	1	101.5	3.13	-0.00182	0.3	111115
219	"14:30:08"	535.0	-11.1	0.542	525	10.4	2.26	6	1	2.84	30.31	29.66	30.33	499.85	505.71	8.672	18.908	20.30	44.27	600.0	0	1	101.6	3.13	-0.00182	0.7	111115
220	"14:30:10"	536.0	-11.1	0.541	525	10.4	2.26	6	1	2.84	30.31	29.65	30.33	499.84	505.63	8.674	18.888	20.31	44.23	600.0	0	1	101.5	3.13	-0.00182	0.7	111115
221	"14:30:11"	537.5	-10.9	0.539	525	10.4	2.26	6	1	2.84	30.31	29.65	30.33	499.89	505.55	8.675	18.863	20.32	44.18	600.0	0	1	101.6	3.13	-0.00182	0.7	111115
222	"14:30:12"	538.0	-10.8	0.538	524	10.4	2.26	6	1	2.84	30.31	29.65	30.32	499.92	505.51	8.675	18.852	20.32	44.16	600.0	0	1	101.6	3.13	-0.00182	0.7	111115
223	"14:30:13"	539.5	-10.8	0.535	524	10.3	2.26	6	1	2.84	30.30	29.64	30.32	499.86	505.40	8.676	18.825	20.33	44.10	599.9	0	1	101.5	3.13	-0.00182	0.7	111115
224	"14:30:14"	541.0	-10.7	0.533	524	10.3	2.26	6	1	2.84	30.30	29.64	30.32	499.84	505.29	8.677	18.803	20.33	44.06	599.9	0	1	101.6	3.13	-0.00182	0.7	111115
225	"14:30:15"	541.5	-10.6	0.533	524	10.3	2.26	6	1	2.84	30.30	29.64	30.32	499.85	505.26	8.677	18.795	20.33	44.04	599.9	0	1	101.6	3.13	-0.00182	0.3	111115
226	"14:30:17"	543.5	-10.4	0.53	523	10.3	2.27	6	1	2.84	30.29	29.64	30.31	499.93	505.13	8.678	18.767	20.34	43.99	600.0	0	1	101.5	3.13	-0.00182	0.3	111115
227	"14:30:18"	544.0	-10.4	0.53	523	10.3	2.27	6	1	2.84	30.29	29.63	30.31	499.96	505.12	8.678	18.760	20.34	43.98	600.0	0	1	101.5	3.13	-0.00182	0.3	111115
228	"14:30:19"	545.5	-10.2	0.528	522	10.3	2.27	6	1	2.84	30.29	29.63	30.31	499.95	505.00	8.680	18.739	20.35	43.94	600.0	0	1	101.5	3.13	-0.00182	0.3	111115
229	"14:30:20"	547.0	-10.2	0.527	522	10.2	2.27	6	1	2.84	30.28	29.62	30.30	499.93	504.95	8.681	18.725	20.36	43.91	599.9	0	1	101.5	3.13	-0.00182	0.3	111115
230	"14:30:22"	548.0	-10.2	0.527	522	10.2	2.27	6	1	2.84	30.28	29.62	30.30	499.87	504.90	8.682	18.716	20.36	43.90	599.9	0	1	101.5	3.13	-0.00182	0.3	111115
231	"14:30:23"	549.5	-10.1	0.525	522	10.2	2.27	6	1	2.84	30.28	29.62	30.30	499.89	504.85	8.682	18.702	20.37	43.88	599.9	0	1	101.6	3.13	-0.00182	0.7	111115
232	"14:30:24"	550.5	-10	0.524	522	10.2	2.27	6	1	2.84	30.27	29.62	30.29	499.90	504.79	8.684	18.691	20.38	43.86	599.9	0	1	101.5	3.13	-0.00182	0.7	111115
233	"14:30:25"	552.0	-9.94	0.523	521	10.2	2.27	6	1	2.84	30.27	29.61	30.29	499.90	504.71	8.684	18.674	20.38	43.83	599.9	0	1	101.5	3.13	-0.00182	0.7	111115
234	"14:30:27"	552.5	-9.9	0.523	521	10.2	2.27	6	1	2.84	30.27	29.61	30.29	499.89	504.66	8.684	18.669	20.38	43.82	599.9	0	1	101.5	3.13	-0.00182	0.7	111115
235	"14:30:28"	554.5	-9.9	0.522	521	10.2	2.27	6	1	2.84	30.26	29.60	30.28	499.87	504.65	8.685	18.653	20.39	43.79	599.9	0	0	101.5	3.13	-0.00182	0.7	111115
236	"14:30:29"	555.5	-9.8	0.521	521	10.1	2.27	6	1	2.84	30.26	29.60	30.28	499.93	504.61	8.687	18.646	20.40	43.78	599.9	0	0	101.5	3.13	-0.00182	0.7	111115
237	"14:30:30"	556.0	-9.76	0.521	521	10.1	2.27	6	1	2.84	30.26	29.59	30.28	499.96	504.60	8.687	18.639	20.40	43.77	599.9	0	0	101.5	3.13	-0.00182	0.7	111115
238	"14:30:31"	558.0	-9.67	0.519	521	10.1	2.27	6	1	2.84	30.25	29.59	30.27	499.97	504.53	8.689	18.622	20.41	43.74	600.0	-0	1	101.5	3.13	-0.00182	0.7	111115
239	"14:30:33"	559.0	-9.63	0.518	520	10.1	2.27	6	1	2.84	30.25	29.59	30.27	499.94	504.47	8.688	18.609	20.41	43.72	600.0	-0	1	101.5	3.13	-0.00182	0.7	111115
240	"14:30:34"	560.5	-9.68	0.517	521	10.1	2.27	6	1	2.84	30.25	29.59	30.27	499.87	504.46	8.689	18.600	20.42	43.70	599.9	0	1	101.5	3.13	-0.00182	0.7	111115
