"OPEN 5.3.2"
"Fri Aug  3 2018 09:33:34"
"Unit="	"PSC-895"
"ComputeList="	"/User/Configs/Comps/Default"
"BLCTable="	"/Sys/Lib/StdBLCTable"
"LightSource="	"Sun+Sky"	1	0.19
"LogFormat="	"/User/Configs/LogFormats/Std Output"
"LogCodes="	-35	-21	-36	30	23	36	21	25	-33	-34	-32	-9	-10	-8	-1	-2	-4	-5	-14	-15	-7	-12	-13	-11	-65	-66	-72	-23
"PromptList="	"/User/Configs/Prompts/Default (none)"
"Stability= (CO2S 15s SLP<1)(H2OS 15s SLP<1)(Flow 15s SLP<1)"
"09:33:36 co2 500 flow 600. note; fineroots-15 is firhiz-19 is fineroots19"
$STARTOFDATA$
"Obs"	"HHMMSS"	"FTime"	"Photo"	"Cond"	"Ci"	"Trmmol"	"VpdL"	"Area"	"StmRat"	"BLCond"	"Tair"	"Tleaf"	"TBlk"	"CO2R"	"CO2S"	"H2OR"	"H2OS"	"RH_R"	"RH_S"	"Flow"	"PARi"	"PARo"	"Press"	"CsMch"	"HsMch"	"StableF"	"Status"
1	"09:36:18"	195.0	-7.4	1.29	482	28.5	3.12	6	1	2.84	37.69	37.23	37.65	499.90	493.23	4.462	32.083	6.94	49.91	600.0	0	105	101.8	11.6	0.0693	0.7	111115
2	"09:36:19"	195.5	-7.29	1.29	482	28.5	3.12	6	1	2.84	37.69	37.23	37.65	499.97	493.18	4.463	32.076	6.94	49.90	600.0	0	109	101.8	11.6	0.0693	0.3	111115
3	"09:36:20"	196.5	-7.39	1.29	482	28.5	3.12	6	1	2.84	37.69	37.23	37.65	499.95	493.28	4.465	32.064	6.95	49.88	600.0	-0	114	101.8	11.6	0.0693	0.7	111115
4	"09:36:22"	198.5	-7.57	1.28	482	28.5	3.12	6	1	2.84	37.69	37.23	37.65	499.88	493.40	4.469	32.033	6.95	49.83	600.0	-0	350	101.8	11.6	0.0693	0.7	111115
5	"09:36:23"	199.5	-7.63	1.28	483	28.4	3.12	6	1	2.84	37.69	37.23	37.65	499.84	493.43	4.473	32.007	6.96	49.79	600.0	-0	531	101.8	11.6	0.0693	0.7	111115
6	"09:36:24"	201.0	-7.6	1.28	483	28.4	3.13	6	1	2.84	37.69	37.23	37.65	499.82	493.41	4.480	31.973	6.97	49.73	600.0	-0	650	101.8	11.6	0.0693	0.3	111115
7	"09:36:26"	202.0	-7.94	1.27	483	28.4	3.13	6	1	2.84	37.69	37.23	37.65	499.63	493.57	4.485	31.951	6.98	49.70	600.0	-0	638	101.8	11.6	0.0693	0.3	111115
8	"09:36:27"	203.5	-7.87	1.27	483	28.3	3.13	6	1	2.84	37.69	37.23	37.65	499.63	493.52	4.491	31.915	6.99	49.64	600.0	-0	645	101.8	11.6	0.0693	0.3	111115
9	"09:36:28"	204.5	-7.76	1.26	483	28.3	3.14	6	1	2.84	37.69	37.23	37.65	499.66	493.46	4.496	31.882	6.99	49.59	600.0	-0	752	101.8	11.6	0.0693	0.3	111115
10	"09:36:29"	206.0	-7.39	1.26	482	28.2	3.14	6	1	2.84	37.69	37.23	37.65	499.87	493.33	4.504	31.839	7.01	49.52	600.0	-0	858	101.8	11.6	0.0693	0.3	111115
11	"09:36:31"	207.0	-7.33	1.25	482	28.2	3.15	6	1	2.84	37.69	37.23	37.65	499.93	493.35	4.509	31.813	7.01	49.48	600.0	-0	858	101.8	11.6	0.0693	0.3	111115
12	"09:36:32"	208.5	-7.52	1.25	482	28.2	3.15	6	1	2.84	37.69	37.24	37.65	499.83	493.45	4.515	31.784	7.02	49.43	600.0	-0	850	101.8	11.6	0.0693	0.3	111115
13	"09:36:33"	209.5	-7.56	1.25	483	28.1	3.15	6	1	2.84	37.69	37.24	37.65	499.81	493.49	4.519	31.764	7.03	49.40	600.0	-0	840	101.8	11.6	0.0693	0.7	111115
14	"09:36:34"	211.0	-7.51	1.24	482	28.1	3.16	6	1	2.84	37.69	37.24	37.65	499.77	493.42	4.526	31.735	7.04	49.35	600.0	-0	820	101.8	11.6	0.0693	0.7	111115
15	"09:36:35"	211.5	-7.49	1.24	482	28.1	3.16	6	1	2.84	37.69	37.24	37.65	499.77	493.40	4.528	31.726	7.04	49.34	600.0	-0	814	101.8	11.6	0.0693	0.7	111115
16	"09:36:37"	213.5	-7.43	1.24	482	28.1	3.16	6	1	2.84	37.70	37.24	37.65	499.85	493.44	4.539	31.700	7.06	49.30	600.0	-0	799	101.8	11.6	0.0693	0.7	111115
17	"09:36:38"	214.5	-7.5	1.23	483	28	3.16	6	1	2.84	37.70	37.24	37.65	499.84	493.51	4.545	31.685	7.07	49.27	600.0	-0	799	101.8	11.6	0.0693	0.7	111115
18	"09:36:39"	215.0	-7.56	1.23	483	28	3.16	6	1	2.84	37.70	37.24	37.65	499.83	493.56	4.547	31.675	7.07	49.26	600.0	-0	801	101.8	11.6	0.0693	0.7	111115
19	"09:36:40"	217.0	-7.66	1.23	483	28	3.17	6	1	2.84	37.70	37.24	37.65	499.73	493.58	4.556	31.638	7.08	49.20	600.0	-0	812	101.8	11.6	0.0693	0.7	111115
20	"09:36:42"	218.0	-7.64	1.23	483	27.9	3.17	6	1	2.84	37.70	37.24	37.65	499.73	493.57	4.560	31.626	7.09	49.18	600.0	-0	815	101.8	11.6	0.0693	0.7	111115
21	"09:36:43"	219.5	-7.42	1.22	482	27.9	3.17	6	1	2.84	37.70	37.24	37.65	499.84	493.48	4.568	31.610	7.10	49.15	600.0	-0	817	101.8	11.6	0.0693	0.7	111115
22	"09:36:44"	220.5	-7.23	1.22	482	27.9	3.17	6	1	2.84	37.70	37.24	37.65	499.95	493.41	4.574	31.599	7.11	49.14	600.0	-0	819	101.8	11.6	0.0693	0.7	111115
23	"09:36:45"	222.0	-7.27	1.22	482	27.9	3.17	6	1	2.84	37.70	37.24	37.65	499.92	493.44	4.582	31.583	7.13	49.11	600.0	-0	830	101.8	11.6	0.0693	0.7	111115
24	"09:36:47"	223.0	-7.35	1.22	482	27.9	3.17	6	1	2.84	37.70	37.24	37.65	499.85	493.45	4.588	31.572	7.13	49.09	600.0	-0	840	101.8	11.6	0.0693	1.0	111115
25	"09:36:48"	224.5	-7.6	1.22	483	27.8	3.17	6	1	2.84	37.70	37.24	37.65	499.72	493.57	4.594	31.556	7.14	49.07	600.0	-0	845	101.8	11.6	0.0693	1.0	111115
26	"09:36:49"	225.5	-7.63	1.21	483	27.8	3.18	6	1	2.84	37.70	37.24	37.65	499.73	493.62	4.599	31.545	7.15	49.05	600.0	-0	845	101.8	11.6	0.0693	1.0	111115
27	"09:36:50"	227.0	-7.76	1.21	483	27.8	3.18	6	1	2.84	37.70	37.24	37.65	499.71	493.74	4.606	31.535	7.16	49.04	600.0	-0	840	101.8	11.6	0.0693	1.0	111115
28	"09:36:52"	228.0	-7.61	1.21	483	27.8	3.18	6	1	2.84	37.70	37.24	37.65	499.80	493.69	4.613	31.522	7.17	49.01	600.0	-0	833	101.8	11.6	0.0693	1.0	111115
29	"09:36:53"	229.5	-7.42	1.21	482	27.8	3.18	6	1	2.84	37.70	37.24	37.65	499.86	493.58	4.621	31.508	7.19	48.99	600.0	-0	837	101.8	11.6	0.0693	1.0	111115
30	"09:36:54"	230.5	-7.28	1.2	482	27.7	3.18	6	1	2.84	37.70	37.25	37.65	499.92	493.52	4.628	31.487	7.19	48.96	600.0	-0	839	101.8	11.6	0.0693	1.0	111115
31	"09:36:55"	232.0	-7.35	1.2	482	27.7	3.19	6	1	2.84	37.70	37.25	37.65	499.86	493.54	4.633	31.447	7.20	48.89	600.0	-0	848	101.8	11.6	0.0693	1.0	111115
32	"09:36:57"	233.0	-7.35	1.19	482	27.6	3.19	6	1	2.84	37.70	37.25	37.66	499.90	493.60	4.640	31.413	7.21	48.84	600.0	-0	849	101.8	11.6	0.0693	1.0	111115
33	"09:36:58"	234.5	-7.33	1.19	482	27.6	3.2	6	1	2.84	37.70	37.25	37.66	499.89	493.61	4.648	31.356	7.23	48.75	600.0	-0	845	101.8	11.6	0.0693	1.0	111115
34	"09:36:59"	235.5	-7.28	1.18	482	27.5	3.2	6	1	2.84	37.70	37.25	37.66	499.89	493.59	4.653	31.324	7.23	48.70	600.0	-0	841	101.8	11.6	0.0693	1.0	111115
35	"09:37:00"	237.0	-7.38	1.18	482	27.5	3.21	6	1	2.84	37.70	37.25	37.66	499.77	493.59	4.660	31.276	7.24	48.62	600.0	-0	837	101.8	11.6	0.0693	0.7	111115
36	"09:37:02"	238.0	-7.43	1.17	483	27.4	3.21	6	1	2.84	37.70	37.25	37.66	499.76	493.64	4.666	31.246	7.25	48.57	600.0	-0	837	101.8	11.6	0.0693	0.7	111115
37	"09:37:03"	239.5	-7.4	1.17	483	27.4	3.21	6	1	2.84	37.70	37.25	37.66	499.80	493.68	4.674	31.211	7.27	48.51	600.0	-0	835	101.8	11.6	0.0693	0.7	111115
38	"09:37:04"	240.5	-7.3	1.16	482	27.4	3.22	6	1	2.84	37.71	37.26	37.66	499.88	493.67	4.681	31.183	7.28	48.47	600.0	-0	831	101.8	11.6	0.0693	0.7	111115
39	"09:37:05"	242.0	-7.26	1.16	482	27.3	3.22	6	1	2.84	37.71	37.26	37.66	499.87	493.65	4.688	31.155	7.29	48.42	600.0	-0	823	101.8	11.6	0.0693	0.7	111115
40	"09:37:07"	243.0	-7.33	1.16	482	27.3	3.22	6	1	2.84	37.71	37.26	37.66	499.78	493.64	4.693	31.140	7.29	48.40	600.0	-0	822	101.8	11.6	0.0693	0.7	111115
41	"09:37:08"	244.5	-7.49	1.15	483	27.3	3.23	6	1	2.84	37.71	37.27	37.66	499.70	493.73	4.700	31.120	7.30	48.36	600.0	-0	826	101.8	11.6	0.0693	0.7	111115
42	"09:37:09"	245.5	-7.38	1.15	483	27.2	3.23	6	1	2.84	37.71	37.27	37.66	499.77	493.70	4.706	31.100	7.31	48.33	600.0	-0	830	101.8	11.6	0.0693	0.7	111115
43	"09:37:10"	247.0	-7.25	1.15	482	27.2	3.24	6	1	2.84	37.71	37.28	37.66	499.88	493.70	4.714	31.080	7.32	48.29	600.0	-0	834	101.8	11.6	0.0693	0.7	111115
44	"09:37:12"	248.0	-7.15	1.14	482	27.2	3.24	6	1	2.84	37.71	37.28	37.66	499.93	493.65	4.719	31.065	7.33	48.27	600.0	-0	834	101.8	11.6	0.0693	0.7	111115
45	"09:37:13"	249.5	-7.18	1.14	482	27.2	3.24	6	1	2.84	37.71	37.28	37.67	499.91	493.68	4.727	31.043	7.34	48.23	600.0	-0	833	101.8	11.6	0.0693	0.7	111115
46	"09:37:14"	250.5	-7.18	1.14	482	27.1	3.24	6	1	2.84	37.72	37.28	37.67	499.89	493.68	4.733	31.028	7.35	48.20	600.0	-0	832	101.8	11.6	0.0693	0.7	111115
47	"09:37:15"	252.0	-7.24	1.13	482	27.1	3.25	6	1	2.84	37.72	37.29	37.67	499.86	493.71	4.741	31.016	7.36	48.18	600.0	-0	830	101.8	11.6	0.0693	0.7	111115
48	"09:37:16"	252.5	-7.22	1.13	482	27.1	3.25	6	1	2.84	37.72	37.29	37.67	499.86	493.69	4.744	31.013	7.37	48.17	600.0	-0	830	101.8	11.6	0.0693	0.7	111115
49	"09:37:18"	254.5	-7.25	1.13	482	27.1	3.25	6	1	2.84	37.72	37.30	37.67	499.88	493.76	4.756	30.991	7.39	48.13	600.0	-0	828	101.8	11.6	0.0693	0.7	111115
50	"09:37:19"	255.0	-7.2	1.13	482	27.1	3.25	6	1	2.84	37.72	37.30	37.67	499.92	493.75	4.759	30.985	7.39	48.12	600.0	-0	828	101.8	11.6	0.0693	1.0	111115
51	"09:37:20"	256.0	-7.16	1.13	482	27	3.25	6	1	2.84	37.72	37.30	37.67	499.96	493.77	4.763	30.972	7.40	48.09	600.0	-0	828	101.8	11.6	0.0693	1.0	111115
52	"09:37:22"	258.0	-7.17	1.12	482	27	3.26	6	1	2.84	37.73	37.31	37.67	499.93	493.76	4.773	30.951	7.41	48.05	600.0	-0	828	101.8	11.6	0.0693	1.0	111115
53	"09:37:23"	259.5	-7.2	1.12	482	27	3.26	6	1	2.84	37.73	37.31	37.68	499.86	493.74	4.782	30.937	7.42	48.03	600.0	-0	828	101.8	11.6	0.0693	1.0	111115
54	"09:37:24"	260.5	-7.25	1.12	482	27	3.26	6	1	2.84	37.73	37.31	37.68	499.86	493.79	4.788	30.930	7.43	48.01	600.0	-0	828	101.8	11.6	0.0693	1.0	111115
55	"09:37:25"	262.0	-7.19	1.12	482	27	3.26	6	1	2.84	37.73	37.31	37.68	499.88	493.76	4.797	30.918	7.45	47.99	600.0	-0	827	101.8	11.6	0.0693	1.0	111115
56	"09:37:27"	263.0	-7.14	1.11	482	26.9	3.27	6	1	2.84	37.73	37.32	37.68	499.93	493.77	4.803	30.909	7.45	47.97	600.0	-0	827	101.8	11.6	0.0693	1.0	111115
57	"09:37:28"	264.5	-7.11	1.11	482	26.9	3.27	6	1	2.84	37.74	37.32	37.68	499.88	493.70	4.810	30.899	7.46	47.95	600.0	-0	826	101.8	11.6	0.0693	1.0	111115
58	"09:37:29"	265.5	-7.13	1.11	482	26.9	3.27	6	1	2.84	37.74	37.32	37.68	499.84	493.68	4.815	30.895	7.47	47.94	600.0	-0	825	101.8	11.6	0.0693	1.0	111115
59	"09:37:30"	267.0	-7.36	1.11	483	26.9	3.27	6	1	2.84	37.74	37.33	37.68	499.73	493.81	4.823	30.885	7.48	47.92	600.0	-0	824	101.8	11.6	0.0693	1.0	111115
60	"09:37:32"	268.0	-7.32	1.11	483	26.9	3.27	6	1	2.84	37.74	37.33	37.69	499.76	493.81	4.828	30.875	7.49	47.90	600.0	-0	824	101.8	11.6	0.0693	1.0	111115
61	"09:37:33"	269.5	-7.26	1.1	483	26.8	3.28	6	1	2.84	37.74	37.33	37.69	499.82	493.82	4.837	30.855	7.50	47.86	600.0	-0	823	101.8	11.6	0.0693	1.0	111115
62	"09:37:34"	270.5	-6.99	1.1	482	26.8	3.28	6	1	2.84	37.74	37.33	37.69	499.98	493.72	4.843	30.846	7.51	47.84	600.0	-0	822	101.8	11.6	0.0693	1.0	111115
63	"09:37:35"	271.0	-6.91	1.1	482	26.8	3.28	6	1	2.84	37.75	37.33	37.69	500.00	493.67	4.846	30.841	7.52	47.83	600.0	-0	822	101.8	11.6	0.0693	1.0	111115
64	"09:37:36"	273.0	-7.04	1.1	482	26.8	3.28	6	1	2.84	37.75	37.34	37.69	499.91	493.72	4.858	30.824	7.53	47.80	600.0	-0	820	101.8	11.6	0.0693	1.0	111115
65	"09:37:38"	274.5	-7.24	1.1	482	26.8	3.29	6	1	2.84	37.75	37.34	37.69	499.81	493.83	4.866	30.807	7.54	47.76	600.0	-0	820	101.8	11.6	0.0693	1.0	111115
66	"09:37:39"	275.5	-7.19	1.09	482	26.7	3.29	6	1	2.84	37.75	37.34	37.70	499.85	493.84	4.871	30.794	7.55	47.74	600.0	-0	819	101.8	11.6	0.0693	1.0	111115
67	"09:37:40"	277.0	-7.14	1.09	482	26.7	3.29	6	1	2.84	37.76	37.35	37.70	499.90	493.84	4.879	30.783	7.56	47.72	600.0	-0	819	101.8	11.6	0.0693	1.0	111115
68	"09:37:42"	278.0	-7.04	1.09	482	26.7	3.29	6	1	2.84	37.76	37.35	37.70	499.94	493.79	4.885	30.777	7.57	47.70	600.0	-0	819	101.8	11.6	0.0693	1.0	111115
69	"09:37:43"	279.5	-7.13	1.09	482	26.7	3.29	6	1	2.84	37.76	37.35	37.70	499.87	493.81	4.894	30.762	7.58	47.68	600.0	-0	819	101.8	11.6	0.0693	1.0	111115
70	"09:37:44"	280.5	-7.25	1.09	483	26.7	3.3	6	1	2.84	37.76	37.35	37.70	499.78	493.86	4.899	30.750	7.59	47.65	600.0	-0	818	101.8	11.6	0.0693	1.0	111115
71	"09:37:45"	282.0	-7.45	1.08	483	26.6	3.3	6	1	2.84	37.76	37.36	37.70	499.65	493.94	4.908	30.736	7.60	47.62	600.0	-0	818	101.8	11.6	0.0693	1.0	111115
72	"09:37:47"	283.0	-7.4	1.08	483	26.6	3.3	6	1	2.84	37.76	37.36	37.71	499.68	493.93	4.914	30.725	7.61	47.60	600.0	-0	818	101.8	11.6	0.0693	1.0	111115
73	"09:37:48"	284.5	-7.32	1.08	483	26.6	3.3	6	1	2.84	37.77	37.36	37.71	499.72	493.90	4.921	30.707	7.62	47.57	600.0	-0	818	101.8	11.6	0.0693	1.0	111115
74	"09:37:49"	285.5	-7.29	1.08	483	26.6	3.31	6	1	2.84	37.77	37.37	37.71	499.72	493.88	4.926	30.695	7.63	47.55	600.0	-0	818	101.8	11.6	0.0693	1.0	111115
75	"09:37:50"	287.0	-7.14	1.07	482	26.6	3.31	6	1	2.84	37.77	37.37	37.71	499.80	493.83	4.934	30.677	7.64	47.51	600.0	-0	817	101.8	11.6	0.0693	1.0	111115
76	"09:37:52"	288.0	-7.24	1.07	483	26.5	3.31	6	1	2.84	37.77	37.37	37.71	499.77	493.91	4.940	30.666	7.65	47.49	600.0	-0	817	101.8	11.6	0.0693	1.0	111115
77	"09:37:53"	289.5	-7.09	1.07	482	26.5	3.31	6	1	2.84	37.77	37.37	37.72	499.84	493.83	4.950	30.655	7.66	47.47	600.0	-0	816	101.8	11.6	0.0693	1.0	111115
78	"09:37:54"	290.5	-7.21	1.07	483	26.5	3.31	6	1	2.84	37.78	37.37	37.72	499.75	493.88	4.955	30.648	7.67	47.46	600.0	-0	816	101.8	11.6	0.0693	1.0	111115
79	"09:37:55"	292.0	-7.25	1.07	483	26.5	3.31	6	1	2.84	37.78	37.37	37.72	499.74	493.90	4.963	30.643	7.68	47.44	600.0	-0	806	101.8	11.6	0.0693	1.0	111115
80	"09:37:57"	293.0	-7.26	1.07	483	26.5	3.32	6	1	2.84	37.78	37.38	37.72	499.71	493.89	4.968	30.632	7.69	47.42	600.0	-0	799	101.8	11.6	0.0693	1.0	111115
81	"09:37:58"	294.5	-7.2	1.06	483	26.5	3.32	6	1	2.84	37.78	37.38	37.72	499.76	493.89	4.977	30.617	7.70	47.39	600.0	-0	573	101.8	11.6	0.0693	1.0	111115
82	"09:37:59"	295.5	-7.17	1.06	482	26.4	3.32	6	1	2.84	37.78	37.39	37.72	499.79	493.90	4.982	30.608	7.71	47.37	600.0	-0	391	101.8	11.6	0.0693	1.0	111115
83	"09:38:00"	297.0	-7.06	1.06	482	26.4	3.32	6	1	2.84	37.79	37.39	37.73	499.89	493.90	4.994	30.601	7.73	47.36	600.0	-0	121	101.8	11.6	0.0693	1.0	111115
84	"09:38:02"	298.0	-6.99	1.06	482	26.4	3.33	6	1	2.84	37.79	37.39	37.73	499.92	493.87	4.999	30.591	7.74	47.34	600.0	-0	69	101.8	11.6	0.0693	1.0	111115
85	"09:38:03"	299.5	-7.17	1.06	483	26.4	3.33	6	1	2.84	37.79	37.40	37.73	499.81	493.95	5.008	30.580	7.75	47.31	600.0	-0	294	101.8	11.6	0.0693	1.0	111115
86	"09:38:04"	300.5	-7.1	1.05	482	26.4	3.33	6	1	2.84	37.79	37.40	37.73	499.81	493.90	5.013	30.566	7.76	47.29	600.0	-0	475	101.8	11.6	0.0693	1.0	111115
87	"09:38:05"	302.0	-7.21	1.05	483	26.3	3.33	6	1	2.84	37.79	37.40	37.73	499.74	493.94	5.020	30.550	7.77	47.26	600.0	-0	726	101.8	11.6	0.0693	1.0	111115
88	"09:38:07"	303.0	-6.99	1.05	482	26.3	3.34	6	1	2.84	37.79	37.40	37.73	499.84	493.85	5.026	30.534	7.78	47.24	600.0	-0	769	101.8	11.6	0.0693	1.0	111115
89	"09:38:08"	304.5	-7.11	1.05	482	26.3	3.34	6	1	2.84	37.79	37.41	37.73	499.79	493.92	5.033	30.520	7.79	47.21	600.0	-0	656	101.8	11.6	0.0693	1.0	111115
90	"09:38:09"	305.5	-6.99	1.04	482	26.3	3.34	6	1	2.84	37.79	37.41	37.73	499.86	493.87	5.039	30.509	7.79	47.19	600.0	-0	677	101.8	11.6	0.0693	1.0	111115
91	"09:38:10"	307.0	-6.9	1.04	482	26.2	3.34	6	1	2.84	37.80	37.41	37.74	499.90	493.84	5.048	30.494	7.81	47.17	600.0	-0	688	101.8	11.6	0.0693	1.0	111115
92	"09:38:12"	308.0	-6.91	1.04	482	26.2	3.35	6	1	2.84	37.80	37.42	37.74	499.93	493.88	5.055	30.477	7.82	47.14	600.0	-0	809	101.8	11.6	0.0693	1.0	111115
93	"09:38:13"	309.5	-6.87	1.04	482	26.2	3.35	6	1	2.84	37.80	37.42	37.74	499.95	493.89	5.063	30.452	7.83	47.10	600.0	-0	811	101.8	11.6	0.0693	1.0	111115
94	"09:38:14"	310.5	-6.8	1.03	482	26.2	3.35	6	1	2.84	37.80	37.42	37.74	499.99	493.87	5.069	30.441	7.84	47.08	600.0	-0	812	101.8	11.6	0.0693	1.0	111115
95	"09:38:15"	311.0	-6.83	1.03	482	26.2	3.35	6	1	2.84	37.80	37.42	37.74	499.97	493.89	5.071	30.437	7.84	47.07	600.0	-0	812	101.8	11.6	0.0693	1.0	111115
96	"09:38:16"	312.0	-6.84	1.03	482	26.1	3.35	6	1	2.84	37.80	37.42	37.74	499.94	493.87	5.077	30.428	7.85	47.05	600.0	-0	813	101.8	11.6	0.0693	1.0	111115
97	"09:38:18"	314.0	-6.75	1.03	482	26.1	3.35	6	1	2.84	37.80	37.42	37.74	499.98	493.83	5.089	30.419	7.87	47.03	600.0	-0	815	101.8	11.6	0.0693	1.0	111115
98	"09:38:19"	315.5	-6.75	1.03	482	26.1	3.36	6	1	2.84	37.81	37.43	37.74	500.00	493.86	5.097	30.408	7.88	47.01	600.0	-0	816	101.8	11.6	0.0693	1.0	111115
99	"09:38:20"	316.5	-6.76	1.03	482	26.1	3.36	6	1	2.84	37.81	37.43	37.74	499.97	493.85	5.103	30.399	7.89	46.99	600.0	-0	816	101.8	11.6	0.0693	1.0	111115
100	"09:38:21"	318.0	-6.78	1.02	482	26.1	3.36	6	1	2.84	37.81	37.43	37.74	499.91	493.82	5.111	30.386	7.90	46.97	600.0	-0	816	101.8	11.6	0.0693	1.0	111115
101	"09:38:22"	318.5	-6.8	1.02	482	26.1	3.36	6	1	2.84	37.81	37.43	37.74	499.91	493.84	5.115	30.384	7.90	46.96	600.0	-0	816	101.8	11.6	0.0693	1.0	111115
102	"09:38:24"	319.5	-6.85	1.02	482	26	3.36	6	1	2.84	37.81	37.43	37.75	499.88	493.87	5.120	30.375	7.91	46.94	600.0	-0	816	101.8	11.6	0.0693	1.0	111115
103	"09:38:25"	321.5	-6.93	1.02	482	26	3.36	6	1	2.84	37.81	37.43	37.75	499.89	493.98	5.131	30.359	7.93	46.91	600.0	-0	815	101.8	11.6	0.0693	1.0	111115
104	"09:38:26"	322.5	-6.86	1.02	482	26	3.36	6	1	2.84	37.81	37.43	37.75	499.92	493.93	5.137	30.353	7.94	46.90	600.0	-0	814	101.8	11.6	0.0693	1.0	111115
105	"09:38:27"	324.0	-7	1.02	482	26	3.37	6	1	2.84	37.82	37.44	37.75	499.81	493.98	5.146	30.340	7.95	46.88	600.0	-0	813	101.8	11.6	0.0693	1.0	111115
106	"09:38:29"	325.0	-6.95	1.02	482	26	3.37	6	1	2.84	37.82	37.44	37.75	499.81	493.93	5.152	30.335	7.96	46.86	600.0	-0	813	101.8	11.6	0.0693	1.0	111115
107	"09:38:30"	326.5	-6.96	1.01	482	26	3.37	6	1	2.84	37.82	37.44	37.75	499.81	493.95	5.159	30.323	7.97	46.84	600.0	-0	813	101.8	11.6	0.0693	1.0	111115
108	"09:38:31"	327.5	-6.91	1.01	482	25.9	3.37	6	1	2.84	37.82	37.44	37.75	499.83	493.93	5.166	30.317	7.98	46.83	600.0	-0	814	101.8	11.6	0.0693	1.0	111115
109	"09:38:32"	329.0	-6.92	1.01	482	25.9	3.37	6	1	2.84	37.82	37.45	37.76	499.84	493.96	5.173	30.309	7.99	46.82	600.0	-0	815	101.8	11.6	0.0693	1.0	111115
110	"09:38:34"	330.0	-6.88	1.01	482	25.9	3.37	6	1	2.84	37.82	37.45	37.76	499.86	493.94	5.179	30.304	8.00	46.80	600.0	-0	816	101.8	11.6	0.0693	1.0	111115
111	"09:38:35"	331.5	-6.71	1.01	482	25.9	3.38	6	1	2.84	37.82	37.46	37.76	499.98	493.91	5.189	30.285	8.01	46.77	600.0	-0	817	101.8	11.6	0.0693	1.0	111115
112	"09:38:36"	332.5	-6.55	1.01	481	25.9	3.38	6	1	2.84	37.83	37.46	37.76	500.01	493.79	5.195	30.279	8.02	46.76	600.0	-0	817	101.8	11.6	0.0693	1.0	111115
113	"09:38:37"	334.0	-6.59	1	481	25.8	3.39	6	1	2.84	37.83	37.47	37.76	500.00	493.83	5.204	30.262	8.04	46.73	600.0	-0	818	101.8	11.6	0.0693	1.0	111115
114	"09:38:39"	335.0	-6.73	1	482	25.8	3.39	6	1	2.84	37.83	37.47	37.76	499.94	493.91	5.209	30.259	8.04	46.72	600.0	-0	819	101.8	11.6	0.0693	1.0	111115
115	"09:38:40"	336.5	-6.8	0.998	482	25.8	3.39	6	1	2.84	37.83	37.48	37.76	499.91	493.96	5.218	30.245	8.05	46.69	600.0	-0	821	101.8	11.6	0.0693	1.0	111115
116	"09:38:41"	337.5	-6.91	0.997	482	25.8	3.39	6	1	2.84	37.83	37.48	37.76	499.84	494.01	5.224	30.238	8.06	46.68	600.0	-0	822	101.8	11.6	0.0693	1.0	111115
117	"09:38:42"	339.0	-6.88	0.994	482	25.8	3.4	6	1	2.84	37.83	37.48	37.77	499.83	493.99	5.232	30.219	8.08	46.64	600.0	-0	823	101.8	11.6	0.0693	1.0	111115
118	"09:38:44"	340.0	-6.82	0.993	482	25.7	3.4	6	1	2.84	37.84	37.49	37.77	499.86	493.96	5.238	30.210	8.08	46.62	600.0	-0	823	101.8	11.6	0.0693	1.0	111115
119	"09:38:45"	341.5	-6.72	0.99	482	25.7	3.4	6	1	2.84	37.84	37.49	37.77	499.93	493.95	5.247	30.194	8.10	46.59	600.0	-0	824	101.8	11.6	0.0693	1.0	111115
120	"09:38:46"	342.5	-6.72	0.988	482	25.7	3.4	6	1	2.84	37.84	37.50	37.77	499.92	493.94	5.253	30.186	8.11	46.58	600.0	-0	825	101.8	11.6	0.0693	1.0	111115
121	"09:38:47"	344.0	-6.9	0.986	482	25.7	3.41	6	1	2.84	37.84	37.50	37.77	499.85	494.06	5.260	30.170	8.12	46.55	600.0	-0	825	101.8	11.6	0.0693	1.0	111115
122	"09:38:49"	345.0	-6.97	0.984	482	25.7	3.41	6	1	2.84	37.84	37.50	37.77	499.81	494.10	5.267	30.162	8.12	46.53	600.0	-0	826	101.8	11.6	0.0693	1.0	111115
123	"09:38:50"	346.5	-6.85	0.983	482	25.6	3.41	6	1	2.84	37.85	37.51	37.77	499.86	494.04	5.276	30.151	8.14	46.51	600.0	-0	826	101.8	11.6	0.0693	1.0	111115
124	"09:38:51"	347.5	-6.81	0.981	482	25.6	3.41	6	1	2.84	37.85	37.51	37.78	499.84	493.98	5.281	30.144	8.15	46.49	600.0	-0	827	101.8	11.6	0.0693	1.0	111115
125	"09:38:52"	349.0	-6.8	0.979	482	25.6	3.42	6	1	2.84	37.85	37.51	37.78	499.79	493.94	5.289	30.129	8.16	46.46	600.0	-0	827	101.8	11.6	0.0693	1.0	111115
126	"09:38:54"	350.0	-6.75	0.977	482	25.6	3.42	6	1	2.84	37.85	37.52	37.78	499.80	493.90	5.296	30.123	8.17	46.45	600.0	-0	827	101.8	11.6	0.0693	1.0	111115
127	"09:38:55"	351.5	-6.85	0.975	482	25.6	3.42	6	1	2.84	37.85	37.52	37.78	499.75	493.97	5.306	30.106	8.18	46.42	600.0	-0	827	101.8	11.6	0.0693	1.0	111115
128	"09:38:56"	352.5	-6.78	0.974	482	25.6	3.42	6	1	2.84	37.85	37.52	37.78	499.82	493.98	5.312	30.105	8.19	46.42	600.0	-0	827	101.8	11.6	0.0693	1.0	111115
129	"09:38:57"	354.0	-6.85	0.972	482	25.5	3.42	6	1	2.84	37.86	37.53	37.78	499.80	494.03	5.321	30.101	8.20	46.40	600.0	-0	827	101.8	11.6	0.0693	1.0	111115
130	"09:38:59"	355.0	-6.7	0.972	482	25.5	3.42	6	1	2.84	37.86	37.53	37.78	499.94	494.02	5.327	30.104	8.21	46.40	600.0	-0	828	101.8	11.6	0.0693	1.0	111115
131	"09:39:00"	356.5	-6.74	0.97	482	25.5	3.43	6	1	2.84	37.86	37.54	37.78	499.85	493.98	5.337	30.094	8.23	46.38	600.0	-0	828	101.8	11.6	0.0693	1.0	111115
132	"09:39:01"	357.5	-6.72	0.969	482	25.5	3.43	6	1	2.84	37.86	37.54	37.79	499.81	493.93	5.342	30.087	8.23	46.37	600.0	-0	829	101.8	11.6	0.0693	1.0	111115
133	"09:39:02"	359.0	-6.82	0.967	482	25.5	3.43	6	1	2.84	37.87	37.54	37.79	499.72	493.95	5.350	30.081	8.24	46.35	600.0	-0	829	101.8	11.6	0.0693	1.0	111115
134	"09:39:04"	360.0	-6.81	0.966	482	25.5	3.43	6	1	2.84	37.87	37.54	37.79	499.75	493.97	5.356	30.077	8.25	46.34	600.0	-0	829	101.8	11.6	0.0693	1.0	111115
135	"09:39:05"	361.5	-6.83	0.965	482	25.5	3.43	6	1	2.84	37.87	37.54	37.79	499.77	494.02	5.367	30.073	8.27	46.33	600.0	-0	829	101.8	11.6	0.0693	1.0	111115
136	"09:39:06"	362.5	-6.8	0.964	482	25.5	3.43	6	1	2.84	37.87	37.55	37.79	499.81	494.03	5.373	30.069	8.28	46.32	600.0	-0	829	101.8	11.6	0.0693	1.0	111115
137	"09:39:07"	364.0	-6.98	0.962	482	25.4	3.44	6	1	2.84	37.87	37.55	37.79	499.73	494.14	5.380	30.054	8.29	46.30	600.0	-0	828	101.8	11.6	0.0693	1.0	111115
138	"09:39:09"	365.0	-6.83	0.961	482	25.4	3.44	6	1	2.84	37.87	37.55	37.79	499.82	494.09	5.386	30.048	8.30	46.28	600.0	-0	828	101.8	11.6	0.0693	1.0	111115
139	"09:39:10"	366.5	-6.77	0.959	482	25.4	3.44	6	1	2.84	37.87	37.55	37.79	499.84	494.07	5.395	30.032	8.31	46.26	600.0	-0	827	101.8	11.6	0.0693	1.0	111115
140	"09:39:11"	367.5	-6.74	0.957	482	25.4	3.44	6	1	2.84	37.87	37.56	37.79	499.85	494.04	5.400	30.024	8.32	46.24	600.0	-0	827	101.8	11.6	0.0693	1.0	111115
141	"09:39:12"	369.0	-6.63	0.955	482	25.4	3.44	6	1	2.84	37.88	37.56	37.80	499.81	493.92	5.410	30.011	8.33	46.22	600.0	-0	827	101.8	11.6	0.0693	1.0	111115
142	"09:39:14"	370.0	-6.72	0.954	482	25.3	3.45	6	1	2.84	37.88	37.56	37.80	499.77	493.96	5.414	30.003	8.34	46.20	600.0	-0	827	101.8	11.6	0.0693	1.0	111115
143	"09:39:15"	371.5	-6.61	0.952	482	25.3	3.45	6	1	2.84	37.88	37.56	37.80	499.85	493.94	5.424	29.988	8.35	46.18	600.0	-0	826	101.8	11.6	0.0693	1.0	111115
144	"09:39:16"	372.5	-6.7	0.95	482	25.3	3.45	6	1	2.84	37.88	37.57	37.80	499.83	494.02	5.429	29.975	8.36	46.15	600.0	-0	826	101.8	11.6	0.0693	1.0	111115
145	"09:39:17"	374.0	-6.61	0.948	482	25.3	3.45	6	1	2.84	37.88	37.57	37.80	499.88	494.00	5.439	29.963	8.37	46.13	600.0	-0	824	101.8	11.6	0.0693	1.0	111115
146	"09:39:19"	375.0	-6.73	0.947	482	25.3	3.45	6	1	2.84	37.88	37.57	37.80	499.80	494.04	5.445	29.956	8.38	46.12	600.0	-0	823	101.8	11.6	0.0693	1.0	111115
147	"09:39:20"	376.5	-6.57	0.945	481	25.2	3.45	6	1	2.84	37.88	37.57	37.80	499.87	493.97	5.455	29.945	8.40	46.09	600.0	-0	822	101.8	11.6	0.0693	1.0	111115
148	"09:39:21"	377.5	-6.53	0.944	481	25.2	3.46	6	1	2.84	37.89	37.57	37.80	499.89	493.96	5.460	29.936	8.40	46.08	600.0	-0	820	101.8	11.6	0.0693	1.0	111115
149	"09:39:22"	379.0	-6.34	0.942	481	25.2	3.46	6	1	2.84	37.89	37.58	37.80	499.99	493.88	5.469	29.925	8.42	46.06	600.0	-0	818	101.8	11.6	0.0693	1.0	111115
150	"09:39:23"	379.5	-6.37	0.941	481	25.2	3.46	6	1	2.84	37.89	37.58	37.80	499.96	493.89	5.471	29.919	8.42	46.05	600.0	-0	818	101.8	11.6	0.0693	1.0	111115
151	"09:39:25"	381.0	-6.54	0.939	481	25.2	3.46	6	1	2.84	37.89	37.59	37.81	499.87	493.97	5.480	29.908	8.43	46.03	600.0	-0	821	101.8	11.6	0.0693	1.0	111115
152	"09:39:26"	382.5	-6.61	0.937	482	25.2	3.47	6	1	2.84	37.89	37.59	37.81	499.79	493.98	5.490	29.897	8.45	46.00	600.0	-0	827	101.8	11.6	0.0693	1.0	111115
153	"09:39:27"	383.5	-6.56	0.936	481	25.2	3.47	6	1	2.84	37.89	37.59	37.81	499.80	493.94	5.495	29.893	8.45	45.99	600.0	-0	831	101.8	11.6	0.0693	1.0	111115
154	"09:39:28"	385.0	-6.41	0.935	481	25.1	3.47	6	1	2.84	37.89	37.60	37.81	499.87	493.86	5.503	29.895	8.47	45.99	600.0	-0	833	101.8	11.6	0.0693	1.0	111115
155	"09:39:30"	386.0	-6.46	0.935	481	25.1	3.47	6	1	2.84	37.90	37.60	37.81	499.84	493.89	5.509	29.890	8.47	45.98	600.0	-0	834	101.8	11.6	0.0693	1.0	111115
156	"09:39:31"	387.5	-6.6	0.933	482	25.1	3.47	6	1	2.84	37.90	37.60	37.81	499.77	493.97	5.519	29.884	8.49	45.97	600.0	-0	833	101.8	11.6	0.0693	1.0	111115
157	"09:39:32"	388.5	-6.7	0.932	482	25.1	3.47	6	1	2.84	37.90	37.60	37.82	499.70	494.01	5.525	29.876	8.50	45.95	600.0	-0	833	101.8	11.6	0.0693	1.0	111115
158	"09:39:33"	390.0	-6.79	0.93	482	25.1	3.47	6	1	2.84	37.90	37.60	37.82	499.70	494.10	5.535	29.861	8.51	45.92	600.0	-0	832	101.8	11.6	0.0693	1.0	111115
159	"09:39:35"	391.0	-6.73	0.928	482	25.1	3.48	6	1	2.84	37.90	37.61	37.82	499.72	494.07	5.540	29.855	8.52	45.91	600.0	-0	831	101.8	11.6	0.0693	1.0	111115
160	"09:39:36"	392.5	-6.57	0.926	482	25	3.48	6	1	2.84	37.91	37.61	37.82	499.80	494.00	5.549	29.839	8.53	45.88	600.0	-0	827	101.8	11.6	0.0693	1.0	111115
161	"09:39:37"	393.5	-6.49	0.925	481	25	3.48	6	1	2.84	37.91	37.62	37.82	499.83	493.95	5.555	29.836	8.54	45.87	600.0	-0	825	101.8	11.6	0.0693	1.0	111115
162	"09:39:38"	395.0	-6.38	0.923	481	25	3.48	6	1	2.84	37.91	37.62	37.82	499.87	493.90	5.564	29.824	8.55	45.84	600.0	-0	823	101.8	11.6	0.0693	1.0	111115
163	"09:39:40"	396.0	-6.4	0.922	481	25	3.49	6	1	2.84	37.91	37.62	37.83	499.85	493.91	5.570	29.819	8.56	45.83	600.0	-0	825	101.8	11.6	0.0693	1.0	111115
164	"09:39:41"	397.5	-6.38	0.921	481	25	3.49	6	1	2.84	37.92	37.62	37.83	499.84	493.88	5.579	29.816	8.57	45.82	600.0	-0	831	101.8	11.6	0.0693	1.0	111115
165	"09:39:42"	398.5	-6.35	0.92	481	25	3.49	6	1	2.84	37.92	37.62	37.83	499.80	493.82	5.585	29.812	8.58	45.81	600.0	-0	835	101.8	11.6	0.0693	1.0	111115
166	"09:39:43"	400.0	-6.48	0.919	481	25	3.49	6	1	2.84	37.92	37.63	37.83	499.73	493.89	5.593	29.807	8.59	45.79	600.0	-0	842	101.8	11.6	0.0693	1.0	111115
167	"09:39:45"	401.0	-6.58	0.919	482	25	3.49	6	1	2.84	37.92	37.63	37.83	499.71	493.97	5.600	29.806	8.60	45.79	600.0	-0	845	101.8	11.6	0.0693	1.0	111115
168	"09:39:46"	402.5	-6.58	0.918	482	24.9	3.49	6	1	2.84	37.93	37.63	37.84	499.70	493.96	5.608	29.805	8.61	45.78	600.0	-0	847	101.8	11.6	0.0693	1.0	111115
169	"09:39:47"	403.5	-6.59	0.917	482	24.9	3.49	6	1	2.84	37.93	37.63	37.84	499.72	493.99	5.615	29.806	8.62	45.78	600.0	-0	848	101.8	11.6	0.0693	1.0	111115
170	"09:39:48"	405.0	-6.45	0.915	481	24.9	3.49	6	1	2.84	37.93	37.64	37.84	499.78	493.93	5.623	29.799	8.64	45.76	600.0	-0	850	101.8	11.6	0.0693	1.0	111115
171	"09:39:50"	406.0	-6.46	0.914	481	24.9	3.5	6	1	2.84	37.93	37.64	37.84	499.81	493.96	5.630	29.796	8.64	45.75	600.0	-0	852	101.8	11.6	0.0693	1.0	111115
172	"09:39:51"	406.5	-6.5	0.914	481	24.9	3.5	6	1	2.84	37.93	37.64	37.84	499.80	493.99	5.633	29.796	8.65	45.75	600.0	-0	852	101.8	11.6	0.0693	1.0	111115
173	"09:39:52"	408.5	-6.39	0.912	481	24.9	3.5	6	1	2.84	37.94	37.65	37.85	499.85	493.95	5.646	29.783	8.67	45.72	600.0	-0	855	101.8	11.6	0.0693	1.0	111115
174	"09:39:53"	409.5	-6.46	0.911	481	24.9	3.5	6	1	2.84	37.94	37.65	37.85	499.79	493.96	5.652	29.786	8.68	45.72	600.0	-0	856	101.8	11.6	0.0693	1.0	111115
175	"09:39:54"	411.0	-6.37	0.91	481	24.9	3.5	6	1	2.84	37.94	37.66	37.85	499.79	493.89	5.661	29.782	8.69	45.71	600.0	-0	858	101.8	11.6	0.0693	1.0	111115
176	"09:39:56"	412.0	-6.44	0.909	481	24.9	3.5	6	1	2.84	37.94	37.66	37.85	499.74	493.91	5.668	29.781	8.70	45.70	600.0	-0	859	101.8	11.6	0.0693	1.0	111115
177	"09:39:57"	413.5	-6.37	0.907	481	24.8	3.51	6	1	2.84	37.94	37.67	37.85	499.77	493.87	5.678	29.780	8.71	45.69	600.0	-0	860	101.8	11.6	0.0693	1.0	111115
178	"09:39:58"	414.5	-6.26	0.906	481	24.8	3.51	6	1	2.84	37.95	37.67	37.86	499.85	493.85	5.685	29.775	8.72	45.68	600.0	-0	861	101.8	11.6	0.0693	1.0	111115
179	"09:39:59"	416.0	-6.3	0.905	481	24.8	3.51	6	1	2.84	37.95	37.68	37.86	499.83	493.88	5.693	29.767	8.73	45.66	600.0	-0	862	101.8	11.6	0.0693	1.0	111115
180	"09:40:01"	417.0	-6.34	0.903	481	24.8	3.51	6	1	2.84	37.95	37.68	37.86	499.84	493.94	5.699	29.756	8.74	45.64	600.0	-0	862	101.8	11.6	0.0693	1.0	111115
181	"09:40:02"	418.5	-6.32	0.901	481	24.8	3.51	6	1	2.84	37.95	37.68	37.86	499.82	493.90	5.708	29.746	8.75	45.62	600.0	-0	863	101.8	11.6	0.0693	1.0	111115
182	"09:40:03"	419.5	-6.29	0.901	481	24.8	3.52	6	1	2.84	37.96	37.68	37.87	499.85	493.90	5.715	29.743	8.76	45.61	600.0	-0	864	101.8	11.6	0.0693	1.0	111115
183	"09:40:04"	421.0	-6.13	0.899	480	24.8	3.52	6	1	2.84	37.96	37.69	37.87	499.86	493.77	5.724	29.740	8.78	45.60	600.0	-0	864	101.8	11.6	0.0693	1.0	111115
184	"09:40:06"	422.0	-6.15	0.898	480	24.7	3.52	6	1	2.84	37.96	37.69	37.89"	456.0	-6.21	0.866	481	24.4	3.57	6	1	2.84	38.04	37.81	37.94	499.73	493.88	5.950	29.655	9.08	45.26	600.0	-0	890	101.8	11.6	0.0693	1.0	111115
212	"09:40:41"	457.0	-6.13	0.866	480	24.4	3.57	6	1	2.84	38.05	37.82	37.95	499.80	493.87	5.955	29.659	9.09	45.26	600.0	-0	891	101.8	11.6	0.0693	1.0	111115
213	"09:40:42"	458.5	-6	0.865	480	24.4	3.57	6	1	2.84	38.05	37.82	37.95	499.89	493.83	5.964	29.658	9.10	45.24	600.0	-0	892	101.8	11.6	0.0693	1.0	111115
214	"09:40:43"	459.0	-6	0.865	480	24.4	3.57	6	1	2.84	38.05	37.83	37.95	499.87	493.81	5.967	29.663	9.10	45.25	600.0	-0	892	101.8	11.6	0.0693	1.0	111115
215	"09:40:44"	461.0	-5.99	0.863	480	24.4	3.58	6	1	2.84	38.06	37.83	37.96	499.86	493.81	5.981	29.657	9.12	45.23	600.0	-0	894	101.8	11.6	0.0693	1.0	111115
216	"09:40:45"	461.5	-6.03	0.863	480	24.4	3.58	6	1	2.84	38.06	37.83	37.96	499.83	493.82	5.984	29.656	9.12	45.22	600.0	-0	894	101.8	11.6	0.0693	1.0	111115
217	"09:40:47"	463.0	-5.98	0.861	480	24.4	3.58	6	1	2.84	38.06	37.84	37.96	499.88	493.81	5.996	29.654	9.14	45.21	600.0	-0	895	101.8	11.6	0.0693	1.0	111115
218	"09:40:48"	464.5	-6.04	0.86	480	24.4	3.58	6	1	2.84	38.07	37.84	37.97	499.81	493.82	6.005	29.652	9.15	45.20	600.0	-0	896	101.8	11.6	0.0693	1.0	111115
219	"09:40:49"	465.5	-6.04	0.859	480	24.4	3.58	6	1	2.84	38.07	37.85	37.97	499.83	493.84	6.013	29.652	9.16	45.19	600.0	-0	897	101.8	11.6	0.0693	1.0	111115
220	"09:40:50"	467.0	-6.19	0.858	481	24.3	3.58	6	1	2.84	38.07	37.85	37.97	499.69	493.86	6.022	29.646	9.17	45.17	600.0	-0	899	101.8	11.6	0.0693	1.0	111115
221	"09:40:52"	468.0	-6.18	0.857	481	24.3	3.59	6	1	2.84	38.08	37.85	37.97	499.71	493.86	6.028	29.645	9.18	45.16	600.0	-0	900	101.8	11.6	0.0693	1.0	111115
222	"09:40:53"	469.5	-6.15	0.856	480	24.3	3.59	6	1	2.84	38.08	37.86	37.98	499.71	493.85	6.037	29.641	9.20	45.15	600.0	-0	901	101.8	11.6	0.0693	1.0	111115
223	"09:40:54"	470.5	-6.07	0.855	480	24.3	3.59	6	1	2.84	38.08	37.86	37.98	499.77	493.83	6.045	29.636	9.21	45.13	600.0	-0	902	101.8	11.6	0.0693	1.0	111115
224	"09:40:55"	472.0	-6.07	0.853	480	24.3	3.59	6	1	2.84	38.09	37.87	37.98	499.76	493.84	6.055	29.630	9.22	45.11	600.0	-0	903	101.8	11.6	0.0693	1.0	111115
225	"09:40:57"	473.0	-6.08	0.852	480	24.3	3.59	6	1	2.84	38.09	37.87	37.99	499.76	493.85	6.062	29.629	9.23	45.10	600.0	-0	904	101.8	11.6	0.0693	1.0	111115
226	"09:40:58"	474.5	-6.03	0.851	480	24.3	3.6	6	1	2.84	38.09	37.88	37.99	499.81	493.85	6.070	29.630	9.24	45.09	600.0	-0	905	101.8	11.6	0.0693	1.0	111115
227	"09:40:59"	475.5	-5.98	0.85	480	24.3	3.6	6	1	2.84	38.10	37.88	37.99	499.84	493.84	6.076	29.625	9.25	45.08	600.0	-0	906	101.8	11.6	0.0693	1.0	111115
228	"09:41:00"	477.0	-5.96	0.848	480	24.2	3.6	6	1	2.84	38.10	37.89	38.00	499.80	493.79	6.088	29.614	9.26	45.05	600.0	-0	907	101.8	11.6	0.0693	1.0	111115
229	"09:41:01"	477.5	-6	0.848	480	24.2	3.6	6	1	2.84	38.10	37.89	38.00	499.77	493.79	6.091	29.616	9.27	45.05	600.0	-0	907	101.8	11.6	0.0693	1.0	111115
230	"09:41:03"	479.0	-5.95	0.847	480	24.2	3.6	6	1	2.84	38.11	37.90	38.00	499.81	493.80	6.104	29.615	9.28	45.04	600.0	-0	909	101.8	11.6	0.0693	1.0	111115
231	"09:41:04"	480.5	-5.86	0.846	480	24.2	3.61	6	1	2.84	38.11	37.90	38.01	499.86	493.76	6.115	29.620	9.30	45.04	600.0	-0	910	101.8	11.6	0.0693	1.0	111115
232	"09:41:05"	481.5	-5.87	0.845	480	24.2	3.61	6	1	2.84	38.11	37.91	38.01	499.87	493.79	6.122	29.618	9.31	45.03	600.0	-0	910	101.8	11.6	0.0693	1.0	111115
233	"09:41:06"	483.0	-5.9	0.843	480	24.2	3.61	6	1	2.84	38.12	37.92	38.01	499.82	493.77	6.132	29.615	9.32	45.01	600.0	-0	911	101.8	11.6	0.0693	1.0	111115
234	"09:41:08"	484.0	-5.86	0.842	480	24.2	3.61	6	1	2.84	38.12	37.92	38.02	499.86	493.78	6.140	29.612	9.33	45.00	600.0	-0	911	101.8	11.6	0.0693	1.0	111115
235	"09:41:09"	485.5	-5.98	0.841	480	24.2	3.62	6	1	2.84	38.13	37.93	38.02	499.78	493.82	6.149	29.610	9.34	44.99	600.0	-0	912	101.8	11.6	0.0693	1.0	111115
236	"09:41:10"	486.5	-6.07	0.84	480	24.2	3.62	6	1	2.84	38.13	37.93	38.02	499.72	493.85	6.155	29.609	9.35	44.98	600.0	-0	912	101.8	11.6	0.0693	1.0	111115
237	"09:41:11"	488.0	-6.12	0.838	480	24.2	3.62	6	1	2.84	38.13	37.94	38.03	499.69	493.88	6.165	29.604	9.36	44.96	600.0	-0	913	101.8	11.6	0.0693	1.0	111115
238	"09:41:13"	489.0	-5.99	0.838	480	24.1	3.62	6	1	2.84	38.14	37.94	38.03	499.77	493.83	6.173	29.602	9.37	44.95	600.0	-0	913	101.8	11.6	0.0693	1.0	111115
239	"09:41:14"	490.5	-5.67	0.836	479	24.1	3.62	6	1	2.84	38.14	37.95	38.03	499.94	493.71	6.184	29.598	9.39	44.93	600.0	-0	914	101.8	11.6	0.0693	1.0	111115
240	"09:41:15"	491.5	-5.66	0.835	479	24.1	3.63	6	1	2.84	38.14	37.95	38.04	499.90	493.66	6.192	29.594	9.40	44.92	600.0	-0	915	101.8	11.6	0.0693	1.0	111115
241	"09:41:16"	493.0	-5.76	0.834	479	24.1	3.63	6	1	2.84	38.15	37.95	38.04	499.85	493.71	6.202	29.591	9.41	44.90	600.0	-0	915	101.8	11.6	0.0693	1.0	111115
242	"09:41:18"	494.0	-5.88	0.833	480	24.1	3.63	6	1	2.84	38.15	37.96	38.04	499.79	493.78	6.208	29.585	9.42	44.89	600.0	-0	915	101.8	11.6	0.0693	1.0	111115
