"OPEN 5.3.2"
"Fri Aug  3 2018 13:15:36"
"Unit="	"PSC-895"
"ComputeList="	"/User/Configs/Comps/Default"
"BLCTable="	"/Sys/Lib/StdBLCTable"
"LightSource="	"Sun+Sky"	1	0.19
"LogFormat="	"/User/Configs/LogFormats/Std Output"
"LogCodes="	-35	-21	-36	30	23	36	21	25	-33	-34	-32	-9	-10	-8	-1	-2	-4	-5	-14	-15	-7	-12	-13	-11	-65	-66	-72	-23
"PromptList="	"/User/Configs/Prompts/Default (none)"
"Stability= (CO2S 15s SLP<1)(H2OS 15s SLP<1)(Flow 15s SLP<1)"
"13:16:34 "
$STARTOFDATA$
"Obs"	"HHMMSS"	"FTime"	"Photo"	"Cond"	"Ci"	"Trmmol"	"VpdL"	"Area"	"StmRat"	"BLCond"	"Tair"	"Tleaf"	"TBlk"	"CO2R"	"CO2S"	"H2OR"	"H2OS"	"RH_R"	"RH_S"	"Flow"	"PARi"	"PARo"	"Press"	"CsMch"	"HsMch"	"StableF"	"Status"
1	"13:19:48"	374.5	-5.36	0.546	511	5.54	1.2	6	1	2.84	24.75	24.08	24.76	499.41	502.00	12.329	17.766	40.06	57.73	600.0	0	8	101.8	-2.01	-0.0862	0.3	111115
2	"13:19:50"	375.5	-5.17	0.546	510	5.54	1.2	6	1	2.84	24.74	24.08	24.76	499.52	501.92	12.328	17.770	40.06	57.74	600.0	0	8	101.8	-2.01	-0.0862	0.3	111115
3	"13:19:51"	377.0	-5.12	0.546	510	5.54	1.2	6	1	2.84	24.74	24.08	24.75	499.58	501.93	12.329	17.769	40.06	57.74	600.0	-0	7	101.8	-2.01	-0.0862	0.3	111115
4	"13:19:52"	378.0	-5.05	0.547	510	5.54	1.2	6	1	2.84	24.74	24.08	24.75	499.63	501.89	12.328	17.770	40.06	57.74	600.0	-0	6	101.8	-2.01	-0.0862	0.7	111115
5	"13:19:53"	379.5	-5.05	0.546	510	5.54	1.2	6	1	2.84	24.74	24.08	24.75	499.65	501.92	12.326	17.766	40.05	57.73	600.0	-0	5	101.8	-2.01	-0.0862	1.0	111115
6	"13:19:55"	380.5	-5.03	0.547	509	5.54	1.2	6	1	2.84	24.74	24.08	24.75	499.65	501.90	12.324	17.767	40.05	57.74	600.0	-0	5	101.8	-2.01	-0.0862	1.0	111115
7	"13:19:56"	382.0	-5.12	0.546	510	5.54	1.2	6	1	2.84	24.74	24.08	24.75	499.61	501.95	12.321	17.763	40.05	57.73	600.0	-0	5	101.8	-2.01	-0.0862	1.0	111115
8	"13:19:57"	383.0	-5.09	0.547	510	5.54	1.2	6	1	2.84	24.74	24.07	24.75	499.62	501.93	12.320	17.765	40.04	57.74	600.0	0	5	101.8	-2.01	-0.0862	1.0	111115
9	"13:19:58"	384.5	-5.12	0.546	510	5.54	1.2	6	1	2.84	24.74	24.07	24.75	499.63	501.97	12.319	17.757	40.04	57.72	600.0	0	5	101.8	-2.01	-0.0862	1.0	111115
10	"13:20:00"	385.5	-5.19	0.546	510	5.53	1.2	6	1	2.84	24.74	24.07	24.75	499.61	502.02	12.318	17.754	40.04	57.71	600.0	0	5	101.8	-2.01	-0.0862	1.0	111115
11	"13:20:01"	387.0	-5.13	0.545	510	5.53	1.2	6	1	2.84	24.74	24.06	24.75	499.64	502.00	12.316	17.748	40.04	57.70	600.0	0	5	101.8	-2.01	-0.0862	1.0	111115
12	"13:20:02"	388.0	-5.11	0.545	510	5.53	1.2	6	1	2.84	24.73	24.07	24.74	499.63	501.97	12.315	17.746	40.04	57.70	600.0	0	6	101.8	-2.01	-0.0862	1.0	111115
13	"13:20:03"	389.5	-5.14	0.545	510	5.53	1.2	6	1	2.84	24.73	24.07	24.74	499.61	501.98	12.314	17.744	40.04	57.70	600.0	0	6	101.8	-2.01	-0.0862	1.0	111115
14	"13:20:05"	390.5	-5.16	0.545	510	5.53	1.2	6	1	2.84	24.73	24.06	24.74	499.62	502.01	12.313	17.745	40.04	57.70	600.0	0	6	101.8	-2.01	-0.0862	1.0	111115
15	"13:20:06"	392.0	-5.19	0.547	510	5.53	1.2	6	1	2.84	24.73	24.06	24.74	499.62	502.03	12.312	17.748	40.04	57.72	600.0	0	5	101.8	-2.01	-0.0862	1.0	111115
16	"13:20:07"	393.0	-5.11	0.547	510	5.53	1.2	6	1	2.84	24.73	24.06	24.74	499.67	502.01	12.311	17.747	40.04	57.72	600.0	0	5	101.8	-2.01	-0.0862	1.0	111115
17	"13:20:08"	394.5	-5.07	0.547	510	5.54	1.2	6	1	2.84	24.73	24.06	24.74	499.66	501.95	12.308	17.746	40.04	57.72	599.9	-0	5	101.8	-2.01	-0.0862	1.0	111115
18	"13:20:10"	395.5	-5.12	0.546	510	5.53	1.2	6	1	2.84	24.73	24.06	24.74	499.63	501.97	12.307	17.743	40.03	57.72	599.9	0	5	101.8	-2.01	-0.0862	1.0	111115
19	"13:20:11"	397.0	-5.09	0.546	510	5.53	1.2	6	1	2.84	24.72	24.05	24.74	499.60	501.91	12.305	17.737	40.03	57.71	600.0	0	5	101.8	-2.01	-0.0862	1.0	111115
20	"13:20:12"	398.0	-5.06	0.546	510	5.53	1.2	6	1	2.84	24.72	24.05	24.73	499.60	501.89	12.304	17.736	40.03	57.71	600.0	0	6	101.8	-2.01	-0.0862	1.0	111115
21	"13:20:13"	399.5	-5.1	0.546	510	5.53	1.2	6	1	2.84	24.72	24.05	24.73	499.59	501.91	12.302	17.734	40.03	57.70	600.0	-0	7	101.8	-2.01	-0.0862	1.0	111115
22	"13:20:15"	400.5	-5.08	0.546	510	5.53	1.2	6	1	2.84	24.72	24.04	24.73	499.63	501.93	12.301	17.732	40.03	57.70	600.0	-0	8	101.8	-2.01	-0.0862	1.0	111115
23	"13:20:16"	402.0	-5.08	0.547	510	5.53	1.2	6	1	2.84	24.72	24.04	24.73	499.65	501.95	12.299	17.730	40.03	57.70	600.0	-0	8	101.8	-2.01	-0.0862	1.0	111115
24	"13:20:17"	403.0	-5.05	0.547	510	5.53	1.2	6	1	2.84	24.72	24.04	24.73	499.66	501.93	12.300	17.731	40.03	57.71	600.1	-0	8	101.8	-2.01	-0.0862	1.0	111115
25	"13:20:18"	404.5	-5.1	0.548	510	5.53	1.2	6	1	2.84	24.72	24.03	24.73	499.60	501.92	12.299	17.731	40.03	57.71	600.3	0	8	101.8	-2.01	-0.0862	1.0	111115
26	"13:20:20"	405.5	-5.14	0.547	510	5.53	1.2	6	1	2.84	24.71	24.04	24.72	499.57	501.93	12.298	17.730	40.03	57.71	600.3	0	8	101.8	-2.01	-0.0862	1.0	111115
27	"13:20:21"	407.0	-5.22	0.547	510	5.53	1.2	6	1	2.84	24.71	24.04	24.72	499.54	501.99	12.296	17.727	40.03	57.71	600.2	-0	8	101.8	-2.01	-0.0862	1.0	111115
28	"13:20:22"	408.0	-5.2	0.546	510	5.53	1.2	6	1	2.84	24.71	24.05	24.72	499.58	502.00	12.294	17.725	40.03	57.71	600.2	-0	8	101.8	-2.01	-0.0862	1.0	111115
29	"13:20:23"	409.5	-5.16	0.546	510	5.53	1.2	6	1	2.84	24.71	24.05	24.72	499.61	502.00	12.293	17.724	40.03	57.71	600.1	-0	8	101.8	-2.01	-0.0862	1.0	111115
30	"13:20:25"	410.5	-5.15	0.545	510	5.53	1.2	6	1	2.84	24.71	24.05	24.72	499.59	501.97	12.293	17.721	40.03	57.70	600.0	0	8	101.8	-2.01	-0.0862	1.0	111115
31	"13:20:26"	411.0	-5.2	0.545	510	5.53	1.2	6	1	2.84	24.71	24.05	24.72	499.58	502.01	12.292	17.720	40.03	57.70	600.0	0	8	101.8	-2.01	-0.0862	1.0	111115
32	"13:20:27"	413.0	-5.38	0.544	511	5.52	1.2	6	1	2.84	24.71	24.04	24.72	499.48	502.09	12.289	17.712	40.02	57.68	600.0	0	8	101.8	-2.01	-0.0862	1.0	111115
33	"13:20:28"	414.0	-5.33	0.544	511	5.52	1.2	6	1	2.84	24.71	24.04	24.72	499.52	502.08	12.287	17.708	40.02	57.67	600.0	0	7	101.8	-2.01	-0.0862	1.0	111115
34	"13:20:30"	415.5	-5.16	0.543	510	5.51	1.2	6	1	2.84	24.70	24.04	24.71	499.59	501.99	12.287	17.699	40.02	57.65	600.0	0	7	101.8	-2.01	-0.0862	1.0	111115
35	"13:20:31"	416.0	-5.16	0.543	510	5.51	1.2	6	1	2.84	24.70	24.04	24.71	499.60	501.99	12.286	17.698	40.02	57.65	600.0	0	6	101.8	-2.01	-0.0862	1.0	111115
36	"13:20:32"	418.0	-5.1	0.541	510	5.5	1.2	6	1	2.84	24.70	24.04	24.71	499.60	501.94	12.286	17.686	40.02	57.62	599.9	0	6	101.8	-2.01	-0.0862	1.0	111115
37	"13:20:33"	419.5	-5.14	0.541	510	5.49	1.2	6	1	2.84	24.70	24.03	24.71	499.57	501.96	12.284	17.681	40.02	57.61	599.9	0	7	101.8	-2.01	-0.0862	1.0	111115
38	"13:20:35"	420.5	-5.2	0.541	510	5.49	1.2	6	1	2.84	24.70	24.03	24.71	499.56	502.00	12.283	17.680	40.02	57.61	599.9	0	7	101.8	-2.01	-0.0862	1.0	111115
39	"13:20:36"	422.0	-5.04	0.541	510	5.5	1.2	6	1	2.84	24.70	24.03	24.71	499.65	501.94	12.281	17.681	40.01	57.61	599.9	0	8	101.8	-2.01	-0.0862	0.7	111115
40	"13:20:37"	423.0	-5.05	0.542	510	5.5	1.2	6	1	2.84	24.70	24.03	24.71	499.64	501.93	12.279	17.682	40.01	57.62	600.0	-0	8	101.8	-2.01	-0.0862	0.7	111115
41	"13:20:38"	424.5	-4.95	0.542	509	5.5	1.2	6	1	2.84	24.70	24.03	24.71	499.67	501.86	12.277	17.683	40.00	57.62	600.0	0	8	101.8	-2.01	-0.0862	1.0	111115
42	"13:20:40"	425.5	-5.08	0.542	510	5.5	1.2	6	1	2.84	24.70	24.03	24.70	499.59	501.91	12.276	17.682	40.00	57.62	600.0	0	8	101.8	-2.01	-0.0862	1.0	111115
43	"13:20:41"	427.0	-5.05	0.542	510	5.51	1.2	6	1	2.84	24.69	24.04	24.70	499.62	501.90	12.274	17.683	40.00	57.63	600.0	0	8	101.8	-2.01	-0.0862	1.0	111115
44	"13:20:42"	428.0	-5.22	0.543	510	5.51	1.2	6	1	2.84	24.69	24.04	24.70	499.54	502.00	12.272	17.686	40.00	57.64	600.0	0	8	101.8	-2.01	-0.0862	1.0	111115
45	"13:20:43"	429.5	-5.07	0.544	510	5.52	1.2	6	1	2.84	24.69	24.03	24.70	499.64	501.94	12.271	17.690	39.99	57.66	600.0	0	8	101.8	-2.01	-0.0862	1.0	111115
46	"13:20:45"	430.5	-5.05	0.545	510	5.52	1.2	6	1	2.84	24.69	24.03	24.70	499.64	501.91	12.269	17.694	39.99	57.67	600.0	0	8	101.8	-2.01	-0.0862	1.0	111115
47	"13:20:46"	432.0	-4.98	0.545	509	5.53	1.2	6	1	2.84	24.69	24.03	24.70	499.68	501.89	12.270	17.698	39.99	57.69	600.0	0	8	101.8	-2.01	-0.0862	1.0	111115
48	"13:20:47"	433.0	-4.97	0.546	509	5.53	1.2	6	1	2.84	24.69	24.03	24.70	499.69	501.88	12.269	17.701	39.99	57.70	600.0	0	8	101.8	-2.01	-0.0862	1.0	111115
49	"13:20:48"	434.5	-5.08	0.546	510	5.53	1.2	6	1	2.84	24.69	24.03	24.70	499.64	501.94	12.269	17.701	39.99	57.70	600.0	-0	8	101.8	-2.01	-0.0862	1.0	111115
50	"13:20:50"	435.5	-5.03	0.546	510	5.53	1.2	6	1	2.84	24.69	24.03	24.70	499.66	501.91	12.267	17.703	39.99	57.71	600.0	-0	8	101.8	-2.01	-0.0862	1.0	111115
51	"13:20:51"	437.0	-5.17	0.547	510	5.54	1.2	6	1	2.84	24.69	24.03	24.70	499.57	501.96	12.265	17.705	39.98	57.72	600.0	0	8	101.8	-2.01	-0.0862	1.0	111115
52	"13:20:52"	438.0	-5.14	0.549	510	5.55	1.2	6	1	2.84	24.69	24.03	24.70	499.59	501.94	12.264	17.713	39.98	57.74	600.0	0	8	101.8	-2.01	-0.0862	1.0	111115
53	"13:20:53"	439.5	-5.29	0.549	510	5.55	1.2	6	1	2.84	24.69	24.03	24.69	499.50	502.00	12.263	17.714	39.98	57.74	600.0	0	8	101.8	-2.01	-0.0862	1.0	111115
54	"13:20:55"	440.5	-5.23	0.549	510	5.55	1.2	6	1	2.84	24.69	24.03	24.69	499.53	501.97	12.262	17.716	39.97	57.76	600.0	0	8	101.8	-2.01	-0.0862	1.0	111115
55	"13:20:56"	442.0	-5.25	0.55	510	5.56	1.2	6	1	2.84	24.69	24.03	24.69	499.50	501.96	12.259	17.717	39.97	57.76	600.0	0	8	101.8	-2.01	-0.0862	1.0	111115
56	"13:20:57"	443.0	-5.17	0.549	510	5.55	1.2	6	1	2.84	24.69	24.04	24.69	499.53	501.91	12.258	17.714	39.97	57.75	600.0	0	8	101.8	-2.01	-0.0862	1.0	111115
57	"13:20:58"	444.5	-5.1	0.55	510	5.56	1.2	6	1	2.84	24.69	24.03	24.69	499.56	501.87	12.257	17.714	39.96	57.76	600.0	-0	8	101.8	-2.01	-0.0862	1.0	111115
58	"13:21:00"	445.5	-5.15	0.549	510	5.55	1.2	6	1	2.84	24.69	24.04	24.69	499.54	501.90	12.256	17.711	39.96	57.75	600.0	-0	8	101.8	-2.01	-0.0862	1.0	111115
59	"13:21:01"	447.0	-5.15	0.551	510	5.56	1.2	6	1	2.84	24.69	24.03	24.69	499.54	501.90	12.255	17.718	39.96	57.77	600.0	-0	7	101.8	-2.01	-0.0862	1.0	111115
60	"13:21:02"	448.0	-5.19	0.551	510	5.56	1.2	6	1	2.84	24.68	24.03	24.69	499.54	501.93	12.254	17.717	39.96	57.77	600.0	-0	7	101.8	-2.01	-0.0862	1.0	111115
61	"13:21:03"	449.5	-5.04	0.552	509	5.56	1.2	6	1	2.84	24.68	24.02	24.69	499.63	501.88	12.254	17.718	39.96	57.78	600.0	-0	8	101.8	-2.01	-0.0862	1.0	111115
62	"13:21:05"	450.5	-5.03	0.552	509	5.56	1.2	6	1	2.84	24.68	24.02	24.69	499.64	501.88	12.253	17.718	39.96	57.78	600.0	0	8	101.8	-2.01	-0.0862	1.0	111115
63	"13:21:06"	452.0	-5.07	0.552	510	5.57	1.2	6	1	2.84	24.68	24.03	24.69	499.64	501.91	12.250	17.718	39.95	57.78	599.9	0	8	101.8	-2.01	-0.0862	1.0	111115
64	"13:21:07"	453.0	-5.15	0.552	510	5.57	1.2	6	1	2.84	24.68	24.03	24.69	499.59	501.95	12.248	17.719	39.94	57.79	599.9	0	8	101.8	-2.01	-0.0862	1.0	111115
65	"13:21:08"	454.5	-5.12	0.551	510	5.57	1.2	6	1	2.84	24.68	24.03	24.69	499.61	501.93	12.247	17.715	39.94	57.78	600.0	0	8	101.8	-2.01	-0.0862	1.0	111115
66	"13:21:10"	455.5	-5.05	0.551	509	5.57	1.2	6	1	2.84	24.68	24.03	24.69	499.65	501.91	12.246	17.713	39.94	57.77	600.0	0	8	101.8	-2.01	-0.0862	1.0	111115
67	"13:21:11"	457.0	-5.09	0.552	510	5.57	1.2	6	1	2.84	24.68	24.03	24.69	499.63	501.92	12.245	17.713	39.94	57.77	600.0	0	8	101.8	-2.01	-0.0862	1.0	111115
68	"13:21:12"	458.0	-5.09	0.551	510	5.57	1.2	6	1	2.84	24.68	24.03	24.68	499.62	501.92	12.244	17.712	39.94	57.77	600.0	0	7	101.8	-2.01	-0.0862	1.0	111115
69	"13:21:13"	459.5	-5.14	0.551	510	5.57	1.2	6	1	2.84	24.68	24.03	24.68	499.60	501.94	12.243	17.712	39.93	57.77	600.0	0	8	101.8	-2.01	-0.0862	1.0	111115
70	"13:21:15"	460.5	-5	0.551	509	5.57	1.2	6	1	2.84	24.68	24.03	24.68	499.66	501.87	12.242	17.709	39.93	57.77	600.0	-0	8	101.8	-2.01	-0.0862	1.0	111115
71	"13:21:16"	462.0	-5	0.551	509	5.56	1.2	6	1	2.84	24.68	24.03	24.68	499.66	501.88	12.241	17.706	39.93	57.76	600.0	-0	8	101.8	-2.01	-0.0862	1.0	111115
72	"13:21:17"	463.0	-5.03	0.551	509	5.56	1.2	6	1	2.84	24.68	24.03	24.68	499.66	501.90	12.240	17.707	39.93	57.76	600.0	-0	8	101.8	-2.01	-0.0862	1.0	111115
73	"13:21:18"	464.5	-5.22	0.55	510	5.56	1.2	6	1	2.84	24.68	24.03	24.68	499.56	501.99	12.239	17.705	39.93	57.75	600.0	0	8	101.8	-2.01	-0.0862	1.0	111115
74	"13:21:20"	465.5	-5.16	0.55	510	5.56	1.2	6	1	2.84	24.68	24.03	24.68	499.58	501.95	12.238	17.702	39.92	57.75	600.0	0	8	101.8	-2.01	-0.0862	1.0	111115
75	"13:21:21"	467.0	-5.07	0.549	510	5.55	1.2	6	1	2.84	24.68	24.03	24.68	499.60	501.89	12.239	17.695	39.92	57.72	600.0	0	7	101.8	-2.01	-0.0862	1.0	111115
76	"13:21:22"	468.0	-4.99	0.549	509	5.55	1.2	6	1	2.84	24.68	24.03	24.68	499.67	501.87	12.239	17.695	39.93	57.72	599.9	0	7	101.8	-2.01	-0.0862	1.0	111115
77	"13:21:23"	469.5	-5.05	0.55	510	5.56	1.2	6	1	2.84	24.68	24.02	24.68	499.65	501.92	12.238	17.695	39.92	57.73	600.0	0	8	101.8	-2.01	-0.0862	1.0	111115
78	"13:21:25"	470.5	-5.07	0.55	510	5.56	1.2	6	1	2.84	24.68	24.02	24.68	499.69	501.97	12.234	17.694	39.91	57.72	600.0	0	7	101.8	-2.01	-0.0862	1.0	111115
79	"13:21:26"	472.0	-5.1	0.55	510	5.56	1.2	6	1	2.84	24.68	24.02	24.68	499.66	501.97	12.231	17.694	39.90	57.73	600.1	0	8	101.7	-2.01	-0.0862	1.0	111115
80	"13:21:27"	473.0	-5.1	0.55	510	5.56	1.2	6	1	2.84	24.68	24.02	24.68	499.65	501.95	12.230	17.693	39.90	57.72	600.1	0	7	101.7	-2.01	-0.0862	1.0	111115
81	"13:21:28"	474.5	-5.11	0.55	510	5.56	1.2	6	1	2.84	24.68	24.02	24.68	499.59	501.91	12.229	17.693	39.90	57.72	600.0	-0	7	101.7	-2.01	-0.0862	1.0	111115
82	"13:21:30"	475.5	-5.15	0.55	510	5.56	1.2	6	1	2.84	24.67	24.02	24.68	499.57	501.93	12.229	17.689	39.90	57.72	599.9	0	7	101.7	-2.01	-0.0862	1.0	111115
83	"13:21:31"	477.0	-5.14	0.548	510	5.55	1.2	6	1	2.84	24.67	24.02	24.68	499.59	501.95	12.227	17.681	39.89	57.69	599.9	0	7	101.7	-2.01	-0.0862	1.0	111115
84	"13:21:32"	478.0	-5.13	0.547	510	5.55	1.2	6	1	2.84	24.67	24.02	24.68	499.61	501.96	12.227	17.677	39.90	57.68	600.0	0	7	101.7	-2.01	-0.0862	1.0	111115
85	"13:21:33"	479.5	-5.07	0.547	510	5.55	1.2	6	1	2.84	24.67	24.03	24.68	499.67	501.95	12.225	17.674	39.89	57.67	600.1	0	7	101.7	-2.01	-0.0862	1.0	111115
86	"13:21:35"	480.5	-5.06	0.547	510	5.55	1.2	6	1	2.84	24.67	24.02	24.68	499.68	501.96	12.224	17.671	39.89	57.67	600.0	0	7	101.7	-2.01	-0.0862	1.0	111115
87	"13:21:36"	482.0	-4.99	0.547	509	5.54	1.2	6	1	2.84	24.67	24.02	24.67	499.67	501.87	12.221	17.666	39.88	57.65	600.0	0	7	101.7	-2.01	-0.0862	1.0	111115
88	"13:21:37"	483.0	-5.01	0.547	509	5.54	1.2	6	1	2.84	24.67	24.02	24.67	499.64	501.86	12.220	17.664	39.88	57.65	600.0	-0	7	101.7	-2.01	-0.0862	1.0	111115
89	"13:21:38"	484.5	-5	0.546	509	5.54	1.2	6	1	2.84	24.67	24.02	24.67	499.62	501.84	12.220	17.661	39.88	57.64	599.9	-0	7	101.7	-2.01	-0.0862	1.0	111115
90	"13:21:40"	485.5	-4.99	0.546	509	5.54	1.2	6	1	2.84	24.67	24.02	24.67	499.67	501.88	12.218	17.660	39.88	57.64	600.0	-0	7	101.7	-2.01	-0.0862	1.0	111115
91	"13:21:41"	487.0	-5.03	0.546	510	5.54	1.2	6	1	2.84	24.67	24.02	24.67	499.64	501.89	12.217	17.659	39.88	57.64	600.0	-0	7	101.7	-2.01	-0.0862	1.0	111115
92	"13:21:42"	488.0	-5.07	0.547	510	5.54	1.2	6	1	2.84	24.67	24.01	24.67	499.61	501.90	12.216	17.657	39.87	57.63	600.0	-0	7	101.7	-2.01	-0.0862	1.0	111115
93	"13:21:43"	489.5	-4.95	0.547	509	5.54	1.2	6	1	2.84	24.67	24.01	24.67	499.64	501.81	12.215	17.655	39.87	57.63	600.0	-0	7	101.7	-2.01	-0.0862	1.0	111115
94	"13:21:45"	490.5	-4.95	0.546	509	5.53	1.2	6	1	2.84	24.67	24.01	24.67	499.63	501.81	12.214	17.650	39.87	57.61	599.9	-0	7	101.7	-2.01	-0.0862	1.0	111115
95	"13:21:46"	491.0	-4.99	0.545	509	5.53	1.2	6	1	2.84	24.67	24.01	24.67	499.64	501.86	12.214	17.650	39.87	57.61	599.9	-0	7	101.7	-2.01	-0.0862	1.0	111115
96	"13:21:47"	493.0	-5.11	0.544	510	5.53	1.2	6	1	2.84	24.67	24.02	24.67	499.60	501.94	12.213	17.646	39.87	57.60	600.0	-0	7	101.7	-2.01	-0.0862	1.0	111115
97	"13:21:48"	493.5	-5.1	0.544	510	5.53	1.2	6	1	2.84	24.67	24.02	24.67	499.59	501.91	12.212	17.643	39.86	57.59	600.0	0	7	101.7	-2.01	-0.0862	1.0	111115
98	"13:21:49"	495.0	-5.06	0.544	510	5.53	1.2	6	1	2.84	24.67	24.02	24.67	499.57	501.86	12.211	17.641	39.86	57.59	600.1	0	7	101.7	-2.01	-0.0862	1.0	111115
99	"13:21:50"	496.5	-5	0.543	509	5.53	1.2	6	1	2.84	24.66	24.02	24.67	499.58	501.81	12.210	17.637	39.86	57.58	600.1	0	7	101.7	-2.01	-0.0862	1.0	111115
100	"13:21:52"	497.5	-5.1	0.544	510	5.53	1.2	6	1	2.84	24.66	24.02	24.67	499.54	501.86	12.209	17.639	39.86	57.59	600.1	0	7	101.7	-2.01	-0.0862	1.0	111115
101	"13:21:53"	498.0	-5.15	0.544	510	5.53	1.2	6	1	2.84	24.66	24.01	24.67	499.52	501.89	12.208	17.637	39.86	57.59	600.1	0	7	101.7	-2.01	-0.0862	1.0	111115
102	"13:21:54"	500.0	-5.03	0.543	510	5.52	1.2	6	1	2.84	24.66	24.01	24.67	499.64	501.89	12.206	17.629	39.86	57.56	600.1	0	7	101.7	-2.01	-0.0862	1.0	111115
103	"13:21:55"	501.0	-5	0.543	509	5.52	1.2	6	1	2.84	24.66	24.01	24.66	499.65	501.88	12.206	17.628	39.85	57.56	600.0	0	7	101.7	-2.01	-0.0862	1.0	111115
104	"13:21:56"	502.5	-5.01	0.543	509	5.52	1.2	6	1	2.84	24.66	24.01	24.66	499.63	501.87	12.205	17.626	39.85	57.56	600.0	0	7	101.7	-2.01	-0.0862	1.0	111115
105	"13:21:58"	503.5	-5.08	0.543	510	5.52	1.2	6	1	2.84	24.66	24.01	24.66	499.58	501.89	12.203	17.625	39.85	57.56	600.0	0	7	101.7	-2.01	-0.0862	1.0	111115
106	"13:21:59"	505.0	-5.15	0.542	510	5.52	1.2	6	1	2.84	24.66	24.01	24.66	499.53	501.91	12.202	17.621	39.85	57.54	600.0	0	7	101.7	-2.01	-0.0862	1.0	111115
107	"13:22:00"	506.0	-5.19	0.541	510	5.51	1.2	6	1	2.84	24.66	24.01	24.66	499.53	501.96	12.201	17.618	39.84	57.53	600.0	0	7	101.7	-2.01	-0.0862	1.0	111115
108	"13:22:01"	507.5	-5.09	0.541	510	5.51	1.2	6	1	2.84	24.66	24.01	24.66	499.58	501.90	12.199	17.612	39.84	57.52	600.0	0	7	101.7	-2.01	-0.0862	1.0	111115
109	"13:22:03"	508.5	-5.12	0.541	510	5.51	1.2	6	1	2.84	24.66	24.01	24.66	499.57	501.93	12.197	17.610	39.83	57.51	600.0	-0	7	101.7	-2.01	-0.0862	1.0	111115
110	"13:22:04"	510.0	-5.05	0.541	510	5.51	1.2	6	1	2.84	24.66	24.01	24.66	499.61	501.89	12.197	17.608	39.84	57.51	600.0	-0	7	101.7	-2.01	-0.0862	1.0	111115
111	"13:22:05"	511.0	-5.09	0.541	510	5.51	1.2	6	1	2.84	24.66	24.00	24.66	499.60	501.93	12.197	17.608	39.84	57.51	600.0	-0	7	101.7	-2.01	-0.0862	1.0	111115
112	"13:22:06"	512.5	-5.12	0.541	510	5.51	1.2	6	1	2.84	24.66	24.00	24.66	499.57	501.92	12.197	17.606	39.84	57.51	600.0	-0	7	101.7	-2.01	-0.0862	1.0	111115
113	"13:22:08"	513.5	-5.14	0.541	510	5.51	1.2	6	1	2.84	24.66	24.00	24.66	499.55	501.93	12.196	17.605	39.84	57.50	600.0	-0	7	101.7	-2.01	-0.0862	1.0	111115
114	"13:22:09"	515.0	-5.09	0.54	510	5.51	1.21	6	1	2.84	24.66	24.01	24.66	499.56	501.89	12.194	17.603	39.83	57.50	600.0	-0	7	101.7	-2.01	-0.0862	1.0	111115
115	"13:22:10"	516.0	-5.02	0.54	510	5.5	1.21	6	1	2.84	24.66	24.01	24.66	499.62	501.88	12.192	17.600	39.83	57.49	600.0	-0	7	101.7	-2.01	-0.0862	1.0	111115
116	"13:22:11"	517.5	-5.01	0.539	510	5.5	1.21	6	1	2.84	24.65	24.01	24.66	499.64	501.90	12.191	17.595	39.82	57.48	600.0	-0	7	101.7	-2.01	-0.0862	1.0	111115
117	"13:22:13"	518.5	-5.03	0.539	510	5.5	1.21	6	1	2.84	24.65	24.00	24.66	499.64	501.91	12.191	17.593	39.82	57.47	600.1	0	7	101.7	-2.01	-0.0862	1.0	111115
118	"13:22:14"	520.0	-5.05	0.539	510	5.5	1.21	6	1	2.84	24.65	24.00	24.66	499.63	501.92	12.190	17.592	39.82	57.47	600.1	0	7	101.7	-2.01	-0.0862	1.0	111115
119	"13:22:15"	521.0	-4.99	0.539	509	5.5	1.21	6	1	2.84	24.65	24.00	24.66	499.64	501.87	12.188	17.589	39.82	57.46	600.0	0	7	101.7	-2.01	-0.0862	1.0	111115
120	"13:22:16"	522.5	-4.95	0.539	509	5.5	1.21	6	1	2.84	24.65	24.00	24.65	499.68	501.86	12.187	17.591	39.82	57.47	600.0	0	7	101.7	-2.01	-0.0862	1.0	111115
121	"13:22:18"	523.5	-4.97	0.539	509	5.5	1.21	6	1	2.84	24.65	24.00	24.65	499.67	501.89	12.188	17.589	39.82	57.47	600.0	0	7	101.7	-2.01	-0.0862	1.0	111115
122	"13:22:19"	525.0	-5.02	0.539	510	5.5	1.21	6	1	2.84	24.65	24.00	24.65	499.65	501.90	12.186	17.587	39.82	57.46	600.0	0	7	101.7	-2.01	-0.0862	1.0	111115
123	"13:22:20"	526.0	-5.13	0.539	510	5.5	1.21	6	1	2.84	24.65	24.00	24.65	499.59	501.96	12.184	17.584	39.81	57.46	600.0	0	7	101.7	-2.01	-0.0862	1.0	111115
124	"13:22:21"	527.5	-5.13	0.538	510	5.49	1.21	6	1	2.84	24.65	24.00	24.65	499.59	501.96	12.183	17.579	39.81	57.44	600.0	0	7	101.7	-2.01	-0.0862	1.0	111115
125	"13:22:23"	528.5	-5.11	0.538	510	5.49	1.21	6	1	2.84	24.65	24.00	24.65	499.59	501.95	12.182	17.579	39.81	57.44	600.0	0	7	101.7	-2.01	-0.0862	1.0	111115
126	"13:22:24"	530.0	-5.02	0.538	510	5.49	1.21	6	1	2.84	24.65	24.00	24.65	499.63	501.90	12.181	17.574	39.81	57.43	600.0	0	7	101.7	-2.01	-0.0862	1.0	111115
127	"13:22:25"	531.0	-5.12	0.537	510	5.49	1.21	6	1	2.84	24.65	24.00	24.65	499.58	501.94	12.181	17.571	39.81	57.42	600.0	0	7	101.7	-2.01	-0.0862	1.0	111115
128	"13:22:26"	532.5	-5.01	0.536	510	5.48	1.21	6	1	2.84	24.65	24.00	24.65	499.63	501.88	12.180	17.566	39.81	57.41	600.0	-0	7	101.7	-2.01	-0.0862	1.0	111115
129	"13:22:28"	533.5	-4.95	0.536	509	5.48	1.21	6	1	2.84	24.65	23.99	24.65	499.62	501.83	12.180	17.564	39.81	57.40	600.0	-0	7	101.7	-2.01	-0.0862	1.0	111115
130	"13:22:29"	535.0	-4.97	0.537	509	5.48	1.21	6	1	2.84	24.64	23.99	24.65	499.59	501.81	12.177	17.564	39.80	57.41	600.0	-0	7	101.7	-2.01	-0.0862	1.0	111115
131	"13:22:30"	536.0	-5.1	0.537	510	5.48	1.21	6	1	2.84	24.64	23.99	24.65	499.54	501.88	12.176	17.562	39.80	57.40	600.0	-0	7	101.7	-2.01	-0.0862	1.0	111115
132	"13:22:31"	537.5	-5.16	0.537	510	5.48	1.21	6	1	2.84	24.64	23.99	24.65	499.51	501.92	12.175	17.562	39.79	57.41	599.9	-0	7	101.7	-2.01	-0.0862	1.0	111115
133	"13:22:33"	538.5	-5.2	0.536	510	5.48	1.21	6	1	2.84	24.64	23.99	24.65	499.50	501.94	12.174	17.557	39.80	57.39	599.9	0	7	101.7	-2.01	-0.0862	1.0	111115
134	"13:22:34"	540.0	-5.17	0.536	510	5.48	1.21	6	1	2.84	24.64	23.99	24.65	499.52	501.94	12.173	17.553	39.79	57.38	599.9	0	7	101.7	-2.01	-0.0862	1.0	111115
135	"13:22:35"	541.0	-5.05	0.535	510	5.47	1.21	6	1	2.84	24.64	23.99	24.64	499.57	501.87	12.172	17.549	39.79	57.37	599.9	0	7	101.7	-2.01	-0.0862	1.0	111115
136	"13:22:36"	542.5	-5.01	0.534	510	5.47	1.21	6	1	2.84	24.64	23.99	24.64	499.62	501.89	12.171	17.545	39.79	57.36	599.9	0	7	101.7	-2.01	-0.0862	1.0	111115
137	"13:22:38"	543.5	-4.93	0.534	509	5.47	1.21	6	1	2.84	24.64	23.99	24.64	499.65	501.84	12.171	17.543	39.79	57.36	599.9	0	7	101.7	-2.01	-0.0862	1.0	111115
138	"13:22:39"	545.0	-4.94	0.534	509	5.46	1.21	6	1	2.84	24.64	23.99	24.64	499.67	501.87	12.170	17.540	39.79	57.35	599.9	0	7	101.7	-2.01	-0.0862	1.0	111115
139	"13:22:40"	546.0	-5.05	0.534	510	5.47	1.21	6	1	2.84	24.64	23.99	24.64	499.60	501.91	12.168	17.538	39.79	57.34	599.9	0	7	101.7	-2.01	-0.0862	1.0	111115
140	"13:22:41"	547.5	-5.07	0.533	510	5.46	1.21	6	1	2.84	24.64	23.99	24.64	499.60	501.92	12.166	17.536	39.78	57.34	600.0	0	7	101.7	-2.01	-0.0862	1.0	111115
141	"13:22:43"	548.5	-5.11	0.533	510	5.46	1.21	6	1	2.84	24.64	23.99	24.64	499.59	501.96	12.166	17.534	39.78	57.33	600.0	0	7	101.7	-2.01	-0.0862	1.0	111115
142	"13:22:44"	550.0	-5.03	0.533	510	5.46	1.21	6	1	2.84	24.64	23.99	24.64	499.63	501.92	12.164	17.533	39.78	57.33	600.0	0	7	101.7	-2.01	-0.0862	1.0	111115
143	"13:22:45"	551.0	-5.04	0.533	510	5.46	1.21	6	1	2.84	24.64	23.99	24.64	499.63	501.92	12.163	17.531	39.77	57.33	600.0	0	7	101.7	-2.01	-0.0862	1.0	111115
144	"13:22:46"	552.5	-5.06	0.533	510	5.47	1.21	6	1	2.84	24.64	23.99	24.64	499.59	501.91	12.160	17.530	39.76	57.33	600.1	-0	7	101.7	-2.01	-0.0862	1.0	111115
145	"13:22:48"	553.5	-5.09	0.533	510	5.46	1.21	6	1	2.84	24.64	23.99	24.64	499.57	501.92	12.160	17.527	39.77	57.32	600.1	-0	7	101.7	-2.01	-0.0862	1.0	111115
146	"13:22:49"	555.0	-5.04	0.532	510	5.46	1.21	6	1	2.84	24.64	23.99	24.64	499.61	501.91	12.159	17.523	39.76	57.31	600.0	0	7	101.7	-2.01	-0.0862	1.0	111115
147	"13:22:50"	556.0	-5.02	0.532	510	5.46	1.21	6	1	2.84	24.64	23.99	24.64	499.60	501.89	12.158	17.519	39.76	57.29	600.0	0	7	101.7	-2.01	-0.0862	1.0	111115
148	"13:22:51"	557.5	-5.06	0.531	510	5.45	1.21	6	1	2.84	24.64	23.98	24.64	499.62	501.94	12.157	17.513	39.76	57.27	600.0	0	7	101.7	-2.01	-0.0862	1.0	111115
149	"13:22:53"	558.5	-5.14	0.531	510	5.45	1.21	6	1	2.84	24.64	23.98	24.64	499.58	501.98	12.157	17.512	39.76	57.27	600.0	0	7	101.7	-2.01	-0.0862	1.0	111115
150	"13:22:54"	560.0	-5.15	0.531	510	5.45	1.21	6	1	2.84	24.63	23.98	24.64	499.55	501.97	12.155	17.507	39.75	57.26	600.0	0	7	101.7	-2.01	-0.0862	1.0	111115
151	"13:22:55"	561.0	-5.19	0.53	510	5.45	1.21	6	1	2.84	24.63	23.98	24.64	499.50	501.96	12.154	17.506	39.75	57.25	599.9	-0	7	101.7	-2.01	-0.0862	1.0	111115
152	"13:22:56"	562.5	-5.2	0.53	511	5.44	1.21	6	1	2.84	24.63	23.99	24.64	499.49	501.95	12.154	17.503	39.75	57.25	599.9	-0	7	101.7	-2.01	-0.0862	1.0	111115
153	"13:22:58"	563.5	-5.21	0.53	511	5.44	1.21	6	1	2.84	24.63	23.99	24.64	499.48	501.96	12.152	17.502	39.75	57.24	600.0	-0	7	101.7	-2.01	-0.0862	1.0	111115
154	"13:22:59"	565.0	-5.15	0.529	510	5.44	1.21	6	1	2.84	24.63	23.99	24.63	499.51	501.93	12.151	17.498	39.75	57.23	600.0	0	7	101.7	-2.01	-0.0862	1.0	111115
155	"13:23:00"	566.0	-5.05	0.529	510	5.44	1.21	6	1	2.84	24.63	23.99	24.63	499.59	501.90	12.149	17.498	39.74	57.23	600.0	0	7	101.7	-2.01	-0.0862	1.0	111115
156	"13:23:01"	567.5	-4.96	0.528	510	5.44	1.21	6	1	2.84	24.63	23.99	24.63	499.66	501.89	12.148	17.490	39.74	57.21	600.0	0	7	101.7	-2.01	-0.0862	1.0	111115
157	"13:23:03"	568.5	-4.91	0.528	509	5.44	1.21	6	1	2.84	24.63	23.99	24.63	499.68	501.86	12.147	17.489	39.73	57.20	600.0	-0	7	101.7	-2.01	-0.0862	1.0	111115
158	"13:23:04"	570.0	-4.88	0.527	509	5.43	1.21	6	1	2.84	24.63	23.99	24.63	499.69	501.84	12.146	17.483	39.73	57.19	600.0	-0	7	101.7	-2.01	-0.0862	1.0	111115
159	"13:23:05"	571.0	-4.82	0.528	509	5.43	1.21	6	1	2.84	24.63	23.98	24.63	499.69	501.79	12.144	17.483	39.73	57.19	600.0	-0	7	101.7	-2.01	-0.0862	1.0	111115
160	"13:23:06"	572.5	-4.89	0.528	509	5.44	1.21	6	1	2.84	24.63	23.98	24.63	499.66	501.83	12.143	17.483	39.72	57.19	600.0	0	7	101.7	-2.01	-0.0862	1.0	111115
161	"13:23:08"	573.5	-4.92	0.528	509	5.43	1.21	6	1	2.84	24.63	23.98	24.63	499.65	501.85	12.142	17.482	39.72	57.19	600.0	0	7	101.7	-2.01	-0.0862	1.0	111115
162	"13:23:09"	575.0	-5.02	0.529	510	5.44	1.21	6	1	2.84	24.63	23.98	24.63	499.61	501.90	12.141	17.483	39.72	57.19	600.0	0	7	101.7	-2.01	-0.0862	1.0	111115
163	"13:23:10"	576.0	-5	0.528	510	5.43	1.21	6	1	2.84	24.63	23.98	24.63	499.64	501.91	12.140	17.479	39.71	57.18	600.0	0	7	101.7	-2.01	-0.0862	1.0	111115
164	"13:23:11"	577.5	-5.01	0.527	510	5.43	1.21	6	1	2.84	24.63	23.98	24.63	499.64	501.93	12.140	17.473	39.72	57.16	600.0	0	7	101.7	-2.01	-0.0862	1.0	111115
165	"13:23:13"	578.5	-5.07	0.526	510	5.42	1.21	6	1	2.84	24.63	23.98	24.63	499.59	501.94	12.140	17.466	39.72	57.14	600.0	0	7	101.7	-2.01	-0.0862	1.0	111115
166	"13:23:14"	580.0	-5	0.525	510	5.42	1.22	6	1	2.84	24.63	23.98	24.63	499.58	501.86	12.140	17.465	39.72	57.14	600.0	0	7	101.7	-2.01	-0.0862	1.0	111115
167	"13:23:15"	581.0	-5.02	0.525	510	5.42	1.22	6	1	2.84	24.63	23.99	24.63	499.57	501.87	12.138	17.464	39.71	57.13	600.0	0	7	101.7	-2.01	-0.0862	1.0	111115
168	"13:23:16"	582.5	-5.1	0.525	510	5.42	1.22	6	1	2.84	24.63	23.99	24.63	499.54	501.91	12.135	17.463	39.70	57.13	600.0	0	7	101.7	-2.01	-0.0862	1.0	111115
169	"13:23:18"	583.5	-5.12	0.525	510	5.42	1.22	6	1	2.84	24.63	23.99	24.63	499.54	501.94	12.134	17.463	39.70	57.13	600.0	0	7	101.7	-2.01	-0.0862	1.0	111115
170	"13:23:19"	585.0	-5.14	0.525	510	5.42	1.22	6	1	2.84	24.63	23.99	24.63	499.55	501.97	12.133	17.461	39.70	57.13	600.0	0	7	101.7	-2.01	-0.0862	1.0	111115
171	"13:23:20"	586.0	-5.05	0.525	510	5.42	1.22	6	1	2.84	24.63	23.99	24.63	499.60	501.93	12.132	17.460	39.70	57.13	600.0	-0	7	101.7	-2.01	-0.0862	1.0	111115
172	"13:23:21"	587.5	-5.03	0.523	510	5.41	1.22	6	1	2.84	24.63	23.99	24.63	499.57	501.88	12.132	17.452	39.70	57.10	600.0	-0	7	101.7	-2.01	-0.0862	1.0	111115
173	"13:23:23"	588.5	-5.01	0.523	510	5.41	1.22	6	1	2.84	24.63	23.99	24.63	499.57	501.87	12.132	17.450	39.70	57.10	600.0	0	7	101.7	-2.01	-0.0862	1.0	111115
174	"13:23:24"	590.0	-4.99	0.523	510	5.41	1.22	6	1	2.84	24.63	23.99	24.63	499.58	501.85	12.130	17.446	39.69	57.08	599.9	0	7	101.7	-2.01	-0.0862	1.0	111115
175	"13:23:25"	591.0	-5.01	0.523	510	5.41	1.22	6	1	2.84	24.63	23.99	24.63	499.60	501.89	12.128	17.446	39.69	57.09	599.9	0	7	101.7	-2.01	-0.0862	1.0	111115
176	"13:23:26"	592.5	-4.94	0.523	510	5.41	1.22	6	1	2.84	24.63	23.98	24.63	499.66	501.88	12.126	17.446	39.68	57.09	599.9	-0	7	101.7	-2.01	-0.0862	1.0	111115
177	"13:23:28"	593.5	-4.93	0.523	510	5.41	1.22	6	1	2.84	24.63	23.98	24.63	499.65	501.87	12.126	17.442	39.68	57.08	599.9	-0	7	101.7	-2.01	-0.0862	1.0	111115
178	"13:23:29"	595.0	-4.96	0.522	510	5.4	1.22	6	1	2.84	24.62	23.98	24.63	499.63	501.87	12.125	17.434	39.68	57.05	600.0	-0	7	101.7	-2.01	-0.0862	1.0	111115
179	"13:23:30"	596.0	-5.01	0.522	510	5.4	1.22	6	1	2.84	24.63	23.98	24.63	499.61	501.92	12.124	17.430	39.67	57.04	600.0	-0	7	101.7	-2.01	-0.0862	1.0	111115
180	"13:23:31"	597.5	-5.03	0.522	510	5.4	1.22	6	1	2.84	24.62	23.98	24.62	499.63	501.94	12.123	17.432	39.67	57.05	600.2	-0	7	101.7	-2.01	-0.0862	1.0	111115
181	"13:23:33"	598.5	-5.01	0.522	510	5.4	1.22	6	1	2.84	24.62	23.98	24.62	499.64	501.94	12.124	17.432	39.68	57.05	600.3	-0	7	101.7	-2.01	-0.0862	1.0	111115
182	"13:23:34"	600.0	-4.98	0.522	510	5.41	1.22	6	1	2.84	24.62	23.98	24.62	499.64	501.91	12.122	17.430	39.67	57.04	600.4	-0	7	101.7	-2.01	-0.0862	1.0	111115
183	"13:23:35"	601.0	-4.94	0.521	510	5.4	1.22	6	1	2.84	24.62	23.98	24.62	499.65	501.88	12.121	17.424	39.67	57.02	600.3	-0	7	101.7	-2.01	-0.0862	1.0	111115
184	"13:23:36"	602.5	-4.98	0.521	510	5.4	1.22	6	1	2.84	24.62	23.98	24.62	499.64	501.91	12.120	17.422	39.67	57.02	600.1	-0	7	101.7	-2.01	-0.0862	1.0	111115
185	"13:23:38"	603.5	-4.94	0.521	510	5.39	1.22	6	1	2.84	24.62	23.97	24.62	499.65	501.89	12.119	17.420	39.66	57.01	600.0	-0	7	101.7	-2.01	-0.0862	1.0	111115
186	"13:23:39"	605.0	-4.95	0.52	510	5.39	1.22	6	1	2.84	24.62	23.97	24.62	499.66	501.90	12.118	17.416	39.66	57.00	599.9	-0	7	101.7	-2.01	-0.0862	1.0	111115
187	"13:23:40"	606.0	-4.98	0.52	510	5.39	1.22	6	1	2.84	24.62	23.97	24.62	499.61	501.89	12.117	17.414	39.66	57.00	599.9	-0	7	101.7	-2.01	-0.0862	1.0	111115
188	"13:23:41"	607.5	-5.13	0.519	511	5.39	1.22	6	1	2.84	24.62	23.98	24.62	499.52	501.95	12.116	17.411	39.66	56.99	599.9	-0	7	101.7	-2.01	-0.0862	1.0	111115
189	"13:23:43"	608.5	-5.17	0.52	511	5.39	1.22	6	1	2.84	24.62	23.98	24.62	499.50	501.96	12.115	17.413	39.65	56.99	599.9	-0	7	101.7	-2.01	-0.0862	1.0	111115
190	"13:23:44"	610.0	-5.08	0.519	510	5.39	1.22	6	1	2.84	24.62	23.98	24.62	499.60	501.98	12.114	17.410	39.65	56.98	600.0	0	7	101.7	-2.01	-0.0862	1.0	111115
191	"13:23:45"	611.0	-4.93	0.518	510	5.39	1.22	6	1	2.84	24.62	23.99	24.62	499.70	501.93	12.114	17.408	39.65	56.98	600.0	0	7	101.7	-2.01	-0.0862	1.0	111115
192	"13:23:46"	612.5	-4.87	0.517	510	5.38	1.22	6	1	2.84	24.62	23.99	24.62	499.75	501.92	12.113	17.401	39.65	56.96	600.0	0	7	101.7	-2.01	-0.0862	1.0	111115
193	"13:23:48"	613.5	-4.85	0.517	509	5.38	1.22	6	1	2.84	24.62	23.98	24.62	499.74	501.89	12.113	17.399	39.65	56.95	600.0	-0	7	101.7	-2.01	-0.0862	1.0	111115
194	"13:23:49"	615.0	-4.93	0.518	510	5.38	1.22	6	1	2.84	24.62	23.98	24.62	499.67	501.90	12.112	17.399	39.65	56.95	600.1	-0	7	101.7	-2.01	-0.0862	1.0	111115
195	"13:23:50"	616.0	-4.93	0.517	510	5.38	1.22	6	1	2.84	24.62	23.98	24.62	499.64	501.87	12.112	17.397	39.65	56.95	600.1	-0	7	101.7	-2.01	-0.0862	1.0	111115
196	"13:23:51"	617.5	-4.99	0.517	510	5.38	1.22	6	1	2.84	24.62	23.98	24.62	499.61	501.90	12.110	17.392	39.64	56.93	600.1	0	7	101.7	-2.01	-0.0862	1.0	111115
197	"13:23:53"	618.5	-4.96	0.517	510	5.38	1.22	6	1	2.84	24.62	23.98	24.62	499.63	501.89	12.108	17.390	39.64	56.93	600.0	-0	7	101.7	-2.01	-0.0862	1.0	111115
198	"13:23:54"	620.0	-4.98	0.518	510	5.38	1.22	6	1	2.84	24.62	23.97	24.62	499.69	501.97	12.105	17.389	39.63	56.93	600.0	0	7	101.7	-2.01	-0.0862	1.0	111115
199	"13:23:55"	621.0	-4.96	0.518	510	5.38	1.22	6	1	2.84	24.62	23.97	24.62	499.75	502.01	12.105	17.389	39.63	56.92	600.0	0	7	101.7	-2.01	-0.0862	1.0	111115
200	"13:23:56"	622.5	-5.1	0.517	511	5.38	1.22	6	1	2.84	24.62	23.97	24.62	499.66	502.06	12.104	17.386	39.62	56.91	600.0	0	7	101.7	-2.01	-0.0862	1.0	111115
201	"13:23:58"	623.5	-5.09	0.516	510	5.37	1.22	6	1	2.84	24.62	23.98	24.62	499.62	502.01	12.104	17.382	39.62	56.90	600.0	0	7	101.7	-2.01	-0.0862	1.0	111115
202	"13:23:59"	625.0	-5.07	0.514	510	5.36	1.22	6	1	2.84	24.62	23.98	24.62	499.57	501.95	12.102	17.373	39.62	56.87	600.0	0	7	101.7	-2.01	-0.0862	1.0	111115
203	"13:24:00"	626.0	-4.95	0.514	510	5.36	1.22	6	1	2.84	24.62	23.98	24.62	499.62	501.88	12.102	17.371	39.62	56.86	600.0	0	7	101.7	-2.01	-0.0862	1.0	111115
204	"13:24:01"	627.5	-4.87	0.514	510	5.36	1.22	6	1	2.84	24.62	23.98	24.62	499.65	501.84	12.101	17.367	39.61	56.85	600.0	0	7	101.7	-2.01	-0.0862	1.0	111115
205	"13:24:03"	628.5	-4.96	0.514	510	5.36	1.22	6	1	2.84	24.62	23.98	24.62	499.63	501.90	12.101	17.369	39.62	56.86	600.0	0	6	101.7	-2.01	-0.0862	1.0	111115
206	"13:24:04"	630.0	-5	0.513	510	5.36	1.22	6	1	2.84	24.62	23.98	24.62	499.62	501.94	12.101	17.365	39.62	56.85	600.0	0	6	101.7	-2.01	-0.0862	1.0	111115
207	"13:24:05"	631.0	-5.05	0.513	510	5.36	1.22	6	1	2.84	24.62	23.98	24.62	499.63	501.98	12.098	17.364	39.61	56.85	600.0	0	7	101.7	-2.01	-0.0862	1.0	111115
208	"13:24:06"	632.5	-4.88	0.513	510	5.36	1.22	6	1	2.84	24.62	23.98	24.62	499.73	501.91	12.098	17.363	39.61	56.84	600.0	0	6	101.7	-2.01	-0.0862	1.0	111115
209	"13:24:08"	633.5	-4.91	0.512	510	5.35	1.23	6	1	2.84	24.62	23.98	24.62	499.73	501.96	12.096	17.356	39.60	56.82	600.0	0	7	101.7	-2.01	-0.0862	1.0	111115
210	"13:24:09"	634.0	-4.92	0.512	510	5.36	1.23	6	1	2.84	24.62	23.98	24.62	499.72	501.95	12.094	17.358	39.60	56.83	600.0	0	6	101.7	-2.01	-0.0862	1.0	111115
211	"13:24:10"	636.0	-4.98	0.512	510	5.36	1.23	6	1	2.84	24.62	23.98	24.62	499.66	501.95	12.093	17.356	39.59	56.82	600.0	0	6	101.7	-2.01	-0.0862	1.0	111115
212	"13:24:11"	637.5	-5	0.513	510	5.36	1.23	6	1	2.84	24.62	23.98	24.62	499.65	501.96	12.094	17.359	39.59	56.83	600.0	0	6	101.7	-2.01	-0.0862	1.0	111115
213	"13:24:13"	638.5	-5.02	0.513	510	5.36	1.23	6	1	2.84	24.62	23.98	24.62	499.64	501.97	12.095	17.358	39.60	56.83	600.1	-0	6	101.7	-2.01	-0.0862	1.0	111115
214	"13:24:14"	640.0	-5.09	0.512	511	5.35	1.23	6	1	2.84	24.62	23.98	24.62	499.61	502.02	12.093	17.350	39.59	56.80	600.0	0	6	101.7	-2.01	-0.0862	1.0	111115
215	"13:24:15"	641.5	-5.08	0.512	511	5.35	1.23	6	1	2.84	24.62	23.98	24.62	499.60	501.99	12.091	17.348	39.59	56.80	600.0	-0	6	101.7	-2.01	-0.0862	1.0	111115
216	"13:24:17"	642.5	-5.08	0.512	511	5.35	1.23	6	1	2.84	24.62	23.97	24.61	499.58	501.98	12.090	17.345	39.58	56.79	600.0	0	6	101.7	-2.01	-0.0862	1.0	111115
217	"13:24:18"	643.0	-5.03	0.511	510	5.34	1.23	6	1	2.84	24.62	23.97	24.61	499.59	501.94	12.090	17.342	39.58	56.78	600.0	-0	6	101.7	-2.01	-0.0862	1.0	111115
218	"13:24:19"	645.0	-5.05	0.512	510	5.35	1.22	6	1	2.84	24.62	23.97	24.61	499.58	501.95	12.087	17.341	39.57	56.77	600.0	-0	6	101.7	-2.01	-0.0862	1.0	111115
219	"13:24:20"	646.5	-5	0.512	510	5.35	1.23	6	1	2.84	24.62	23.97	24.61	499.62	501.94	12.085	17.340	39.57	56.77	600.0	-0	6	101.7	-2.01	-0.0862	1.0	111115
220	"13:24:22"	647.5	-5.01	0.511	510	5.35	1.23	6	1	2.84	24.62	23.98	24.61	499.65	501.97	12.084	17.337	39.57	56.76	600.0	0	6	101.7	-2.01	-0.0862	1.0	111115
221	"13:24:23"	649.0	-4.96	0.51	510	5.34	1.23	6	1	2.84	24.61	23.98	24.61	499.67	501.95	12.084	17.332	39.56	56.75	600.0	-0	6	101.7	-2.01	-0.0862	1.0	111115
222	"13:24:24"	649.5	-4.97	0.509	510	5.34	1.23	6	1	2.84	24.61	23.98	24.61	499.68	501.97	12.084	17.329	39.57	56.74	600.0	0	6	101.7	-2.01	-0.0862	1.0	111115
223	"13:24:25"	651.5	-4.93	0.51	510	5.34	1.23	6	1	2.84	24.61	23.98	24.61	499.63	501.88	12.082	17.329	39.56	56.74	600.0	0	6	101.7	-2.01	-0.0862	1.0	111115
224	"13:24:27"	652.5	-4.96	0.51	510	5.34	1.23	6	1	2.84	24.61	23.98	24.61	499.59	501.87	12.081	17.328	39.56	56.74	600.0	0	6	101.7	-2.01	-0.0862	1.0	111115
225	"13:24:28"	653.0	-4.94	0.51	510	5.34	1.23	6	1	2.84	24.61	23.98	24.61	499.58	501.84	12.081	17.328	39.56	56.74	600.0	0	6	101.7	-2.01	-0.0862	1.0	111115
226	"13:24:29"	655.0	-5.01	0.509	510	5.33	1.23	6	1	2.84	24.61	23.98	24.61	499.56	501.90	12.079	17.322	39.55	56.72	600.0	0	6	101.7	-2.01	-0.0862	1.0	111115
227	"13:24:30"	655.5	-4.96	0.509	510	5.34	1.23	6	1	2.84	24.61	23.98	24.61	499.60	501.89	12.078	17.322	39.55	56.72	600.0	0	6	101.7	-2.01	-0.0862	1.0	111115
228	"13:24:31"	656.5	-4.92	0.509	510	5.33	1.23	6	1	2.84	24.61	23.98	24.61	499.63	501.87	12.078	17.319	39.55	56.71	600.0	-0	6	101.7	-2.01	-0.0862	1.0	111115
229	"13:24:32"	658.5	-4.89	0.508	510	5.33	1.23	6	1	2.84	24.61	23.97	24.61	499.68	501.89	12.076	17.313	39.54	56.69	600.0	0	6	101.7	-2.01	-0.0862	1.0	111115
230	"13:24:34"	659.5	-4.95	0.508	510	5.33	1.23	6	1	2.84	24.61	23.97	24.61	499.61	501.89	12.075	17.311	39.54	56.69	600.0	0	6	101.7	-2.01	-0.0862	1.0	111115
231	"13:24:35"	661.0	-4.93	0.508	510	5.33	1.23	6	1	2.84	24.61	23.98	24.61	499.63	501.88	12.073	17.309	39.54	56.68	600.0	-0	7	101.7	-2.01	-0.0862	1.0	111115
232	"13:24:36"	661.5	-4.96	0.507	510	5.33	1.23	6	1	2.84	24.61	23.98	24.61	499.61	501.90	12.072	17.307	39.53	56.68	599.9	0	7	101.7	-2.01	-0.0862	1.0	111115
233	"13:24:37"	663.5	-4.93	0.507	510	5.33	1.23	6	1	2.84	24.61	23.98	24.61	499.58	501.84	12.073	17.308	39.54	56.68	600.0	-0	7	101.7	-2.01	-0.0862	1.0	111115
234	"13:24:38"	664.0	-4.96	0.507	510	5.32	1.23	6	1	2.84	24.61	23.98	24.61	499.55	501.84	12.074	17.304	39.54	56.67	600.1	0	7	101.7	-2.01	-0.0862	1.0	111115
235	"13:24:40"	665.5	-5.02	0.507	510	5.33	1.23	6	1	2.84	24.61	23.98	24.61	499.51	501.85	12.073	17.304	39.53	56.67	600.3	-0	7	101.7	-2.01	-0.0862	1.0	111115
236	"13:24:41"	667.0	-4.95	0.507	510	5.33	1.23	6	1	2.84	24.61	23.98	24.61	499.59	501.87	12.071	17.302	39.53	56.66	600.3	-0	7	101.7	-2.01	-0.0862	1.0	111115
237	"13:24:42"	667.5	-5	0.506	510	5.32	1.23	6	1	2.84	24.61	23.98	24.61	499.56	501.90	12.071	17.298	39.53	56.65	600.3	-0	7	101.7	-2.01	-0.0862	1.0	111115
238	"13:24:43"	669.5	-4.9	0.505	510	5.31	1.23	6	1	2.84	24.61	23.98	24.61	499.66	501.90	12.069	17.292	39.53	56.63	600.0	0	7	101.7	-2.01	-0.0862	1.0	111115
239	"13:24:45"	670.5	-4.92	0.505	510	5.31	1.23	6	1	2.84	24.61	23.98	24.61	499.63	501.88	12.068	17.290	39.52	56.62	600.0	0	6	101.7	-2.01	-0.0862	1.0	111115
240	"13:24:46"	672.0	-4.91	0.505	510	5.32	1.23	6	1	2.84	24.61	23.98	24.61	499.66	501.90	12.068	17.292	39.52	56.63	600.0	0	6	101.7	-2.01	-0.0862	1.0	111115
241	"13:24:47"	673.5	-4.87	0.506	510	5.32	1.23	6	1	2.84	24.61	23.97	24.61	499.66	501.86	12.067	17.292	39.52	56.63	600.0	0	6	101.7	-2.01	-0.0862	1.0	111115
242	"13:24:48"	674.0	-4.85	0.505	510	5.32	1.23	6	1	2.84	24.61	23.97	24.61	499.67	501.86	12.068	17.292	39.52	56.63	600.0	0	6	101.7	-2.01	-0.0862	1.0	111115
