"OPEN 5.3.2"
"Thr Aug  2 2018 14:05:57"
"Unit="	"PSC-895"
"ComputeList="	"/User/Configs/Comps/Default"
"BLCTable="	"/Sys/Lib/StdBLCTable"
"LightSource="	"Sun+Sky"	1	0.19
"LogFormat="	"/User/Configs/LogFormats/Std Output"
"LogCodes="	-35	-21	-36	30	23	36	21	25	-33	-34	-32	-9	-10	-8	-1	-2	-4	-5	-14	-15	-7	-12	-13	-11	-65	-66	-72	-23
"PromptList="	"/User/Configs/Prompts/Default (none)"
"Stability= (CO2S 15s SLP<1)(H2OS 15s SLP<1)(Flow 15s SLP<1)"
"14:05:58 co2 500 flow 600"
$STARTOFDATA$
"Obs"	"HHMMSS"	"FTime"	"Photo"	"Cond"	"Ci"	"Trmmol"	"VpdL"	"Area"	"StmRat"	"BLCond"	"Tair"	"Tleaf"	"TBlk"	"CO2R"	"CO2S"	"H2OR"	"H2OS"	"RH_R"	"RH_S"	"Flow"	"PARi"	"PARo"	"Press"	"CsMch"	"HsMch"	"StableF"	"Status"
1	"14:07:28"	105.0	-12.4	0.291	550	9.79	3.63	6	1	2.84	34.79	33.91	34.86	499.54	507.01	6.979	16.605	12.69	30.19	599.9	0	0	101.5	10.8	0.0565	0.3	111115
2	"14:07:29"	105.5	-12.5	0.291	551	9.78	3.63	6	1	2.84	34.79	33.91	34.86	499.48	507.01	6.979	16.603	12.69	30.19	599.9	-0	0	101.5	10.8	0.0565	0.3	111115
3	"14:07:30"	107.0	-12.4	0.291	550	9.78	3.63	6	1	2.84	34.78	33.91	34.86	499.59	507.03	6.980	16.601	12.69	30.19	599.9	0	0	101.5	10.8	0.0565	0.7	111115
4	"14:07:31"	108.5	-12.4	0.291	550	9.78	3.63	6	1	2.84	34.78	33.91	34.86	499.57	506.98	6.981	16.599	12.70	30.19	600.0	0	0	101.5	10.8	0.0565	0.3	111115
5	"14:07:32"	109.5	-12.4	0.291	550	9.78	3.63	6	1	2.84	34.78	33.91	34.85	499.58	507.00	6.983	16.599	12.70	30.20	600.0	0	0	101.5	10.8	0.0565	0.7	111115
6	"14:07:34"	111.0	-12.3	0.291	549	9.77	3.63	6	1	2.84	34.77	33.90	34.85	499.63	506.94	6.987	16.599	12.72	30.21	600.0	0	0	101.5	10.8	0.0565	0.7	111115
7	"14:07:35"	112.0	-12.1	0.291	549	9.77	3.63	6	1	2.84	34.77	33.90	34.84	499.75	506.94	6.990	16.600	12.72	30.22	599.9	0	0	101.5	10.8	0.0565	1.0	111115
8	"14:07:36"	113.5	-12.1	0.291	548	9.76	3.63	6	1	2.84	34.76	33.89	34.84	499.74	506.89	6.994	16.597	12.73	30.22	600.0	-0	0	101.5	10.8	0.0565	1.0	111115
9	"14:07:37"	114.5	-12.2	0.291	549	9.76	3.63	6	1	2.84	34.76	33.89	34.83	499.71	506.92	6.996	16.596	12.74	30.22	600.0	-0	0	101.5	10.8	0.0565	1.0	111115
10	"14:07:39"	116.0	-12.3	0.291	550	9.76	3.62	6	1	2.84	34.75	33.88	34.83	499.58	506.95	6.998	16.596	12.75	30.23	600.0	-0	0	101.5	10.8	0.0565	1.0	111115
11	"14:07:40"	117.0	-12.2	0.291	549	9.76	3.62	6	1	2.84	34.75	33.87	34.83	499.63	506.92	7.000	16.594	12.76	30.24	600.0	-0	0	101.5	10.8	0.0565	1.0	111115
12	"14:07:41"	118.5	-12.3	0.291	549	9.74	3.62	6	1	2.84	34.74	33.87	34.82	499.60	506.92	7.004	16.587	12.77	30.23	600.0	-0	0	101.5	10.8	0.0565	1.0	111115
13	"14:07:42"	119.5	-12.1	0.291	549	9.74	3.62	6	1	2.84	34.74	33.87	34.82	499.64	506.85	7.006	16.583	12.77	30.23	600.0	0	0	101.5	10.8	0.0565	1.0	111115
14	"14:07:44"	121.0	-12.1	0.29	548	9.73	3.62	6	1	2.84	34.73	33.86	34.81	499.69	506.84	7.010	16.578	12.78	30.23	600.0	0	0	101.5	10.8	0.0565	1.0	111115
15	"14:07:45"	122.0	-12.1	0.29	549	9.73	3.62	6	1	2.84	34.73	33.86	34.81	499.69	506.91	7.012	16.576	12.79	30.23	600.1	0	0	101.5	10.8	0.0565	1.0	111115
16	"14:07:46"	123.5	-12.1	0.29	548	9.72	3.62	6	1	2.84	34.72	33.85	34.80	499.69	506.84	7.015	16.570	12.80	30.23	600.1	-0	0	101.5	10.8	0.0565	1.0	111115
17	"14:07:47"	124.5	-12.2	0.29	549	9.71	3.62	6	1	2.84	34.72	33.85	34.80	499.63	506.88	7.017	16.566	12.81	30.23	600.1	0	0	101.5	10.8	0.0565	1.0	111115
18	"14:07:48"	125.0	-12.2	0.29	549	9.71	3.62	6	1	2.84	34.72	33.85	34.80	499.62	506.86	7.018	16.565	12.81	30.23	600.1	0	0	101.5	10.8	0.0565	1.0	111115
19	"14:07:50"	127.0	-12.1	0.29	549	9.71	3.62	6	1	2.84	34.71	33.85	34.79	499.62	506.83	7.022	16.567	12.82	30.25	599.9	0	0	101.5	10.8	0.0565	1.0	111115
20	"14:07:51"	128.0	-12.2	0.29	549	9.7	3.61	6	1	2.84	34.71	33.84	34.78	499.57	506.86	7.024	16.567	12.83	30.26	599.9	0	0	101.5	10.8	0.0565	1.0	111115
21	"14:07:52"	129.5	-12.2	0.289	549	9.69	3.62	6	1	2.84	34.70	33.84	34.78	499.59	506.88	7.028	16.559	12.84	30.25	599.9	0	0	101.5	10.8	0.0565	1.0	111115
22	"14:07:53"	130.5	-12.2	0.289	549	9.68	3.62	6	1	2.84	34.70	33.84	34.78	499.58	506.87	7.031	16.555	12.85	30.25	600.0	0	0	101.5	10.8	0.0565	1.0	111115
23	"14:07:55"	132.0	-11.9	0.289	548	9.67	3.62	6	1	2.84	34.69	33.84	34.77	499.73	506.77	7.035	16.547	12.86	30.24	600.0	0	0	101.5	10.8	0.0565	1.0	111115
24	"14:07:56"	133.0	-12	0.289	548	9.67	3.61	6	1	2.84	34.69	33.83	34.77	499.76	506.81	7.038	16.547	12.87	30.25	600.0	0	0	101.5	10.8	0.0565	1.0	111115
25	"14:07:57"	134.5	-11.9	0.289	548	9.66	3.61	6	1	2.84	34.69	33.82	34.76	499.77	506.80	7.039	16.542	12.87	30.25	600.0	-0	0	101.5	10.8	0.0565	1.0	111115
26	"14:07:58"	135.5	-11.9	0.289	548	9.66	3.61	6	1	2.84	34.68	33.81	34.76	499.77	506.77	7.042	16.544	12.88	30.26	600.0	0	0	101.5	10.8	0.0565	1.0	111115
27	"14:08:00"	137.0	-11.9	0.289	548	9.66	3.6	6	1	2.84	34.68	33.80	34.75	499.75	506.75	7.045	16.544	12.89	30.27	600.1	0	0	101.5	10.8	0.0565	1.0	111115
28	"14:08:01"	138.0	-11.9	0.289	548	9.65	3.6	6	1	2.84	34.67	33.80	34.75	499.75	506.73	7.047	16.542	12.90	30.27	600.0	0	0	101.5	10.8	0.0565	1.0	111115
29	"14:08:02"	139.5	-11.9	0.289	548	9.64	3.6	6	1	2.84	34.67	33.79	34.74	499.72	506.76	7.052	16.534	12.91	30.26	600.0	0	0	101.5	10.8	0.0565	1.0	111115
30	"14:08:03"	140.5	-12	0.289	548	9.64	3.6	6	1	2.84	34.66	33.79	34.74	499.69	506.77	7.055	16.530	12.92	30.26	600.0	0	0	101.5	10.8	0.0565	1.0	111115
31	"14:08:05"	142.0	-12.1	0.289	549	9.63	3.6	6	1	2.84	34.66	33.78	34.73	499.58	506.82	7.058	16.526	12.92	30.27	600.0	0	0	101.5	10.8	0.0565	1.0	111115
32	"14:08:06"	143.0	-12.2	0.288	550	9.62	3.6	6	1	2.84	34.65	33.78	34.73	499.55	506.87	7.059	16.522	12.93	30.26	600.0	0	0	101.5	10.8	0.0565	1.0	111115
33	"14:08:07"	144.5	-12.1	0.288	549	9.62	3.6	6	1	2.84	34.65	33.78	34.72	499.60	506.84	7.062	16.518	12.94	30.27	600.0	0	0	101.5	10.8	0.0565	1.0	111115
34	"14:08:08"	145.5	-12.1	0.288	550	9.61	3.6	6	1	2.84	34.64	33.78	34.72	499.62	506.89	7.063	16.513	12.94	30.26	600.0	0	0	101.5	10.8	0.0565	1.0	111115
35	"14:08:10"	147.0	-12	0.288	549	9.6	3.6	6	1	2.84	34.64	33.78	34.71	499.66	506.82	7.067	16.508	12.96	30.26	600.0	0	0	101.5	10.8	0.0565	1.0	111115
36	"14:08:11"	148.0	-12.1	0.287	550	9.59	3.6	6	1	2.84	34.64	33.78	34.71	499.60	506.87	7.069	16.503	12.96	30.26	600.0	0	0	101.5	10.8	0.0565	1.0	111115
37	"14:08:12"	148.5	-12.2	0.287	550	9.59	3.6	6	1	2.84	34.63	33.78	34.71	499.55	506.88	7.070	16.504	12.97	30.26	600.0	0	0	101.5	10.8	0.0565	1.0	111115
38	"14:08:13"	150.5	-12.3	0.287	551	9.59	3.6	6	1	2.84	34.63	33.77	34.70	499.49	506.92	7.074	16.503	12.98	30.28	600.0	0	0	101.5	10.8	0.0565	1.0	111115
39	"14:08:14"	151.5	-12.2	0.287	550	9.58	3.6	6	1	2.84	34.62	33.77	34.70	499.56	506.88	7.077	16.503	12.99	30.28	599.9	0	0	101.5	10.8	0.0565	1.0	111115
40	"14:08:16"	153.0	-12	0.288	549	9.58	3.6	6	1	2.84	34.62	33.76	34.69	499.68	506.86	7.080	16.502	13.00	30.29	599.9	0	0	101.5	10.8	0.0565	1.0	111115
41	"14:08:17"	154.0	-12	0.287	549	9.57	3.6	6	1	2.84	34.61	33.75	34.69	499.70	506.87	7.083	16.498	13.00	30.29	599.9	0	0	101.5	10.8	0.0565	1.0	111115
42	"14:08:18"	155.5	-12.2	0.287	550	9.57	3.6	6	1	2.84	34.61	33.75	34.68	499.57	506.91	7.085	16.495	13.01	30.29	599.9	0	0	101.5	10.8	0.0565	1.0	111115
43	"14:08:19"	156.5	-12.4	0.287	551	9.56	3.6	6	1	2.84	34.60	33.75	34.68	499.48	506.99	7.088	16.493	13.02	30.30	599.9	0	0	101.5	10.8	0.0565	1.0	111115
44	"14:08:20"	157.0	-12.4	0.287	552	9.56	3.6	6	1	2.84	34.60	33.75	34.68	499.43	507.00	7.089	16.492	13.02	30.30	599.9	0	0	101.5	10.8	0.0565	1.0	111115
45	"14:08:22"	159.0	-12.4	0.287	552	9.55	3.59	6	1	2.84	34.59	33.74	34.67	499.42	507.01	7.094	16.487	13.04	30.30	600.0	0	0	101.5	10.8	0.0565	1.0	111115
46	"14:08:23"	160.0	-12.2	0.287	550	9.54	3.59	6	1	2.84	34.59	33.74	34.67	499.54	506.86	7.096	16.482	13.04	30.30	600.0	0	0	101.5	10.8	0.0565	1.0	111115
47	"14:08:24"	160.5	-12	0.287	549	9.54	3.59	6	1	2.84	34.59	33.74	34.66	499.61	506.81	7.097	16.482	13.05	30.30	600.0	-0	0	101.5	10.8	0.0565	1.0	111115
48	"14:08:25"	162.5	-12	0.287	549	9.53	3.59	6	1	2.84	34.58	33.72	34.66	499.65	506.80	7.100	16.475	13.06	30.30	600.0	-0	0	101.5	10.8	0.0565	1.0	111115
49	"14:08:27"	164.0	-12.1	0.287	550	9.53	3.59	6	1	2.84	34.57	33.72	34.65	499.59	506.87	7.103	16.474	13.07	30.31	600.0	-0	0	101.5	10.8	0.0565	1.0	111115
50	"14:08:28"	165.0	-12.2	0.287	551	9.53	3.59	6	1	2.84	34.57	33.71	34.65	499.52	506.92	7.105	16.473	13.07	30.31	600.0	0	0	101.5	10.8	0.0565	1.0	111115
51	"14:08:29"	166.5	-12.2	0.287	550	9.52	3.58	6	1	2.84	34.57	33.71	34.64	499.53	506.92	7.109	16.471	13.09	30.32	600.0	0	0	101.5	10.8	0.0565	1.0	111115
52	"14:08:30"	167.5	-12.2	0.287	551	9.52	3.58	6	1	2.84	34.56	33.71	34.64	499.47	506.89	7.111	16.470	13.09	30.32	600.0	0	0	101.5	10.8	0.0565	1.0	111115
53	"14:08:32"	169.0	-12.1	0.286	550	9.51	3.59	6	1	2.84	34.56	33.71	34.63	499.53	506.83	7.114	16.464	13.10	30.32	600.0	0	0	101.5	10.8	0.0565	1.0	111115
54	"14:08:33"	170.0	-12	0.286	549	9.5	3.59	6	1	2.84	34.55	33.71	34.63	499.57	506.75	7.116	16.460	13.11	30.32	600.0	0	0	101.5	10.8	0.0565	1.0	111115
55	"14:08:34"	171.5	-11.9	0.286	549	9.49	3.58	6	1	2.84	34.55	33.69	34.62	499.64	506.75	7.120	16.458	13.12	30.33	600.0	0	0	101.5	10.8	0.0565	1.0	111115
56	"14:08:35"	172.5	-12	0.286	549	9.49	3.58	6	1	2.84	34.54	33.68	34.62	499.58	506.76	7.122	16.454	13.13	30.33	600.0	0	0	101.5	10.8	0.0565	1.0	111115
57	"14:08:37"	174.0	-12.1	0.286	550	9.48	3.58	6	1	2.84	34.54	33.67	34.61	499.56	506.82	7.124	16.451	13.13	30.33	600.0	-0	0	101.5	10.8	0.0565	1.0	111115
58	"14:08:38"	175.0	-12.1	0.286	550	9.48	3.57	6	1	2.84	34.53	33.67	34.61	499.55	506.84	7.127	16.451	13.14	30.34	600.0	-0	0	101.5	10.8	0.0565	1.0	111115
59	"14:08:39"	176.5	-12	0.286	550	9.47	3.58	6	1	2.84	34.53	33.67	34.60	499.63	506.85	7.130	16.448	13.15	30.34	600.0	-0	0	101.5	10.8	0.0565	1.0	111115
60	"14:08:40"	177.5	-12	0.286	549	9.47	3.58	6	1	2.84	34.53	33.67	34.60	499.66	506.82	7.132	16.447	13.16	30.34	600.0	-0	0	101.5	10.8	0.0565	1.0	111115
61	"14:08:42"	179.0	-11.9	0.286	549	9.47	3.57	6	1	2.84	34.52	33.66	34.60	499.67	506.80	7.135	16.446	13.17	30.35	600.0	0	0	101.5	10.8	0.0565	1.0	111115
62	"14:08:43"	180.0	-11.9	0.286	549	9.47	3.57	6	1	2.84	34.52	33.66	34.59	499.70	506.77	7.137	16.448	13.17	30.36	600.0	0	0	101.5	10.8	0.0565	1.0	111115
63	"14:08:44"	181.5	-11.9	0.286	549	9.46	3.57	6	1	2.84	34.51	33.65	34.59	499.66	506.79	7.141	16.443	13.19	30.36	600.0	0	0	101.5	10.8	0.0565	1.0	111115
64	"14:08:45"	182.5	-11.9	0.286	549	9.45	3.57	6	1	2.84	34.51	33.64	34.58	499.68	506.77	7.144	16.437	13.19	30.36	600.0	-0	0	101.5	10.8	0.0565	1.0	111115
65	"14:08:47"	184.0	-11.9	0.286	549	9.44	3.57	6	1	2.84	34.50	33.63	34.58	499.67	506.78	7.147	16.433	13.20	30.36	600.0	0	0	101.5	10.8	0.0565	1.0	111115
66	"14:08:48"	185.0	-12	0.286	549	9.44	3.56	6	1	2.84	34.50	33.63	34.57	499.63	506.83	7.148	16.435	13.21	30.37	600.0	0	0	101.5	10.8	0.0565	1.0	111115
67	"14:08:49"	186.5	-12.1	0.286	550	9.44	3.56	6	1	2.84	34.49	33.62	34.57	499.57	506.90	7.150	16.436	13.22	30.38	600.0	0	1	101.5	10.8	0.0565	1.0	111115
68	"14:08:50"	187.5	-12.1	0.286	550	9.43	3.56	6	1	2.84	34.49	33.62	34.56	499.56	506.87	7.152	16.430	13.22	30.37	600.0	-0	0	101.5	10.8	0.0565	1.0	111115
69	"14:08:52"	189.0	-12	0.285	550	9.42	3.56	6	1	2.84	34.48	33.62	34.56	499.59	506.85	7.156	16.425	13.23	30.37	600.0	-0	0	101.5	10.8	0.0565	1.0	111115
70	"14:08:53"	190.0	-12	0.285	549	9.42	3.56	6	1	2.84	34.48	33.62	34.56	499.63	506.83	7.158	16.422	13.24	30.38	600.0	0	0	101.5	10.8	0.0565	1.0	111115
71	"14:08:54"	190.5	-12	0.285	550	9.41	3.56	6	1	2.84	34.48	33.62	34.55	499.62	506.84	7.159	16.420	13.24	30.37	600.0	0	0	101.5	10.8	0.0565	1.0	111115
72	"14:08:55"	192.5	-12.1	0.285	550	9.41	3.56	6	1	2.84	34.47	33.61	34.55	499.56	506.86	7.162	16.422	13.25	30.39	600.0	0	0	101.5	10.8	0.0565	1.0	111115
73	"14:08:57"	194.0	-12.1	0.285	551	9.41	3.56	6	1	2.84	34.47	33.61	34.54	499.55	506.91	7.165	16.419	13.26	30.39	600.0	-0	0	101.5	10.8	0.0565	1.0	111115
74	"14:08:58"	195.0	-12	0.285	550	9.4	3.56	6	1	2.84	34.46	33.61	34.54	499.61	506.84	7.167	16.416	13.27	30.39	600.0	-0	0	101.5	10.8	0.0565	1.0	111115
75	"14:08:59"	195.5	-12	0.285	550	9.4	3.56	6	1	2.84	34.46	33.61	34.54	499.64	506.84	7.168	16.414	13.27	30.39	600.0	0	0	101.5	10.8	0.0565	1.0	111115
76	"14:09:00"	197.5	-11.9	0.285	549	9.39	3.56	6	1	2.84	34.45	33.60	34.53	499.70	506.80	7.173	16.411	13.29	30.40	600.0	0	0	101.5	10.8	0.0565	1.0	111115
77	"14:09:01"	198.5	-11.8	0.285	549	9.39	3.56	6	1	2.84	34.45	33.59	34.52	499.70	506.77	7.175	16.410	13.29	30.40	600.1	0	0	101.5	10.8	0.0565	1.0	111115
78	"14:09:03"	200.0	-11.9	0.285	549	9.38	3.56	6	1	2.84	34.45	33.59	34.52	499.69	506.82	7.177	16.407	13.30	30.41	600.1	0	0	101.5	10.8	0.0565	1.0	111115
79	"14:09:04"	201.0	-12	0.285	550	9.38	3.55	6	1	2.84	34.44	33.58	34.52	499.62	506.84	7.180	16.405	13.31	30.41	600.1	0	0	101.5	10.8	0.0565	1.0	111115
80	"14:09:05"	202.5	-12	0.285	550	9.37	3.55	6	1	2.84	34.44	33.58	34.51	499.59	506.85	7.183	16.401	13.32	30.41	600.0	0	0	101.5	10.8	0.0565	1.0	111115
81	"14:09:06"	203.5	-12.1	0.284	550	9.37	3.55	6	1	2.84	34.43	33.58	34.51	499.51	506.83	7.186	16.401	13.33	30.42	600.0	0	0	101.5	10.8	0.0565	1.0	111115
82	"14:09:08"	205.0	-12.1	0.284	551	9.37	3.55	6	1	2.84	34.43	33.57	34.50	499.48	506.85	7.189	16.401	13.34	30.43	599.9	-0	0	101.5	10.8	0.0565	1.0	111115
83	"14:09:09"	206.0	-12.1	0.284	551	9.36	3.55	6	1	2.84	34.42	33.57	34.50	499.48	506.87	7.192	16.402	13.34	30.43	599.9	-0	0	101.5	10.8	0.0565	1.0	111115
84	"14:09:10"	207.5	-12	0.284	550	9.36	3.55	6	1	2.84	34.42	33.57	34.49	499.58	506.88	7.194	16.398	13.35	30.43	600.0	-0	0	101.5	10.8	0.0565	1.0	111115
85	"14:09:11"	208.5	-12	0.284	550	9.35	3.55	6	1	2.84	34.41	33.56	34.49	499.61	506.86	7.197	16.394	13.36	30.43	600.0	0	0	101.5	10.8	0.0565	1.0	111115
86	"14:09:13"	210.0	-11.9	0.284	550	9.34	3.55	6	1	2.84	34.41	33.56	34.48	499.66	506.86	7.200	16.389	13.37	30.43	599.9	0	0	101.5	10.8	0.0565	1.0	111115
87	"14:09:14"	211.0	-12	0.284	550	9.34	3.55	6	1	2.84	34.41	33.56	34.48	499.62	506.91	7.202	16.387	13.38	30.43	599.9	-0	0	101.5	10.8	0.0565	1.0	111115
88	"14:09:15"	212.5	-12.1	0.284	551	9.33	3.55	6	1	2.84	34.40	33.55	34.47	499.58	506.96	7.205	16.383	13.39	30.44	600.0	0	0	101.5	10.8	0.0565	1.0	111115
89	"14:09:16"	213.5	-12.2	0.283	551	9.32	3.55	6	1	2.84	34.40	33.55	34.47	499.53	506.96	7.207	16.376	13.39	30.43	600.0	0	0	101.5	10.8	0.0565	1.0	111115
90	"14:09:18"	215.0	-12.1	0.283	551	9.31	3.55	6	1	2.84	34.39	33.54	34.47	499.55	506.91	7.211	16.369	13.40	30.43	600.0	0	0	101.5	10.8	0.0565	1.0	111115
91	"14:09:19"	216.0	-12	0.283	550	9.31	3.54	6	1	2.84	34.39	33.53	34.46	499.59	506.84	7.213	16.368	13.41	30.43	600.1	0	0	101.5	10.8	0.0565	1.0	111115
92	"14:09:20"	217.5	-12.1	0.283	551	9.31	3.54	6	1	2.84	34.38	33.53	34.46	499.54	506.90	7.216	16.371	13.42	30.45	600.1	0	0	101.5	10.8	0.0565	1.0	111115
93	"14:09:21"	218.5	-12.1	0.283	551	9.31	3.54	6	1	2.84	34.38	33.53	34.45	499.52	506.92	7.217	16.371	13.42	30.45	600.1	0	0	101.5	10.8	0.0565	1.0	111115
94	"14:09:23"	220.0	-12.2	0.283	551	9.3	3.54	6	1	2.84	34.37	33.52	34.45	499.56	507.00	7.220	16.369	13.43	30.46	600.1	-0	0	101.5	10.8	0.0565	1.0	111115
95	"14:09:24"	221.0	-12.1	0.283	551	9.3	3.54	6	1	2.84	34.37	33.52	34.44	499.60	506.99	7.222	16.365	13.44	30.46	600.1	0	0	101.5	10.8	0.0565	1.0	111115
96	"14:09:25"	222.5	-12.1	0.283	551	9.3	3.54	6	1	2.84	34.36	33.52	34.44	499.62	507.03	7.225	16.368	13.45	30.47	600.0	0	0	101.5	10.8	0.0565	1.0	111115
97	"14:09:26"	223.5	-12.2	0.283	552	9.29	3.54	6	1	2.84	34.36	33.51	34.43	499.57	507.04	7.227	16.365	13.46	30.47	600.0	0	0	101.5	10.8	0.0565	1.0	111115
98	"14:09:28"	225.0	-12.3	0.283	552	9.29	3.54	6	1	2.84	34.35	33.50	34.43	499.52	507.07	7.229	16.363	13.46	30.48	600.0	0	0	101.5	10.8	0.0565	1.0	111115
99	"14:09:29"	225.5	-12.2	0.283	552	9.28	3.53	6	1	2.84	34.35	33.50	34.43	499.54	507.02	7.230	16.361	13.47	30.48	600.0	0	0	101.5	10.8	0.0565	1.0	111115
100	"14:09:30"	227.0	-12.2	0.283	552	9.27	3.53	6	1	2.84	34.34	33.48	34.42	499.48	506.98	7.232	16.353	13.48	30.47	599.9	0	0	101.5	10.8	0.0565	1.0	111115
101	"14:09:31"	227.5	-12.2	0.283	552	9.27	3.53	6	1	2.84	34.34	33.48	34.42	499.50	506.97	7.234	16.352	13.48	30.48	599.9	0	0	101.5	10.8	0.0565	1.0	111115
102	"14:09:32"	229.5	-12	0.283	550	9.26	3.53	6	1	2.84	34.34	33.48	34.41	499.58	506.86	7.239	16.352	13.50	30.49	600.0	-0	1	101.5	10.8	0.0565	1.0	111115
103	"14:09:34"	231.0	-12	0.283	551	9.26	3.53	6	1	2.84	34.33	33.47	34.41	499.58	506.91	7.243	16.354	13.51	30.50	600.0	0	0	101.5	10.8	0.0565	1.0	111115
104	"14:09:35"	232.0	-12.1	0.283	551	9.26	3.53	6	1	2.84	34.33	33.47	34.40	499.54	506.94	7.244	16.352	13.51	30.50	600.0	0	0	101.5	10.8	0.0565	1.0	111115
105	"14:09:36"	233.5	-12.2	0.283	552	9.25	3.53	6	1	2.84	34.32	33.46	34.40	499.43	506.95	7.247	16.348	13.52	30.50	599.9	-0	0	101.5	10.8	0.0565	1.0	111115
106	"14:09:37"	234.5	-12.3	0.283	552	9.25	3.53	6	1	2.84	34.32	33.46	34.39	499.38	506.95	7.248	16.343	13.53	30.50	600.0	-0	0	101.5	10.8	0.0565	1.0	111115
107	"14:09:39"	236.0	-12.3	0.283	552	9.24	3.52	6	1	2.84	34.31	33.46	34.39	499.41	506.99	7.252	16.340	13.54	30.50	600.0	-0	0	101.5	10.8	0.0565	1.0	111115
108	"14:09:40"	237.0	-12.2	0.283	552	9.24	3.52	6	1	2.84	34.31	33.45	34.39	499.47	507.02	7.254	16.339	13.55	30.51	600.0	-0	0	101.5	10.8	0.0565	1.0	111115
109	"14:09:41"	238.5	-12.3	0.283	552	9.23	3.52	6	1	2.84	34.30	33.44	34.38	499.46	507.06	7.257	16.341	13.55	30.52	600.0	0	0	101.5	10.8	0.0565	1.0	111115
110	"14:09:42"	239.5	-12.2	0.283	552	9.23	3.52	6	1	2.84	34.30	33.44	34.37	499.49	507.05	7.260	16.337	13.56	30.52	599.9	0	0	101.5	10.8	0.0565	1.0	111115
111	"14:09:44"	241.0	-12.3	0.283	553	9.23	3.52	6	1	2.84	34.29	33.44	34.37	499.42	507.07	7.263	16.339	13.57	30.54	600.0	0	0	101.5	10.8	0.0565	1.0	111115
112	"14:09:45"	242.0	-12.3	0.283	552	9.23	3.52	6	1	2.84	34.29	33.44	34.37	499.48	507.08	7.264	16.345	13.58	30.55	600.0	0	0	101.5	10.8	0.0565	1.0	111115
113	"14:09:46"	243.5	-12.1	0.283	551	9.24	3.52	6	1	2.84	34.28	33.43	34.36	499.53	506.98	7.264	16.350	13.58	30.57	600.0	0	0	101.5	10.8	0.0565	1.0	111115
114	"14:09:47"	244.5	-12.1	0.284	551	9.24	3.51	6	1	2.84	34.28	33.43	34.36	499.55	506.98	7.265	16.355	13.59	30.59	600.0	-0	0	101.5	10.8	0.0565	1.0	111115
115	"14:09:49"	246.0	-12	0.284	551	9.25	3.51	6	1	2.84	34.27	33.42	34.35	499.55	506.89	7.267	16.361	13.59	30.61	600.0	-0	0	101.5	10.8	0.0565	1.0	111115
116	"14:09:50"	247.0	-12	0.284	550	9.25	3.51	6	1	2.84	34.27	33.41	34.35	499.57	506.86	7.270	16.365	13.60	30.62	600.0	0	0	101.5	10.8	0.0565	1.0	111115
117	"14:09:51"	248.5	-12	0.284	550	9.25	3.51	6	1	2.84	34.27	33.41	34.34	499.56	506.86	7.273	16.368	13.61	30.64	600.1	0	0	101.5	10.8	0.0565	1.0	111115
118	"14:09:52"	249.5	-12	0.285	550	9.25	3.51	6	1	2.84	34.26	33.41	34.34	499.56	506.88	7.275	16.375	13.62	30.66	600.0	0	0	101.5	10.8	0.0565	1.0	111115
119	"14:09:54"	251.0	-12.1	0.285	551	9.26	3.51	6	1	2.84	34.26	33.41	34.33	499.55	506.96	7.279	16.387	13.63	30.69	600.0	0	0	101.5	10.8	0.0565	1.0	111115
120	"14:09:55"	252.0	-12.1	0.285	550	9.27	3.5	6	1	2.84	34.25	33.41	34.33	499.61	506.96	7.281	16.399	13.64	30.71	600.0	0	0	101.5	10.8	0.0565	1.0	111115
121	"14:09:56"	253.5	-12	0.286	550	9.27	3.5	6	1	2.84	34.25	33.40	34.32	499.61	506.94	7.285	16.407	13.65	30.74	600.0	0	0	101.5	10.8	0.0565	1.0	111115
122	"14:09:57"	254.5	-12	0.286	550	9.27	3.5	6	1	2.84	34.24	33.40	34.32	499.59	506.91	7.287	16.407	13.66	30.75	600.0	-0	0	101.5	10.8	0.0565	1.0	111115
123	"14:09:59"	256.0	-12.1	0.286	551	9.27	3.5	6	1	2.84	34.24	33.39	34.31	499.53	506.91	7.289	16.410	13.66	30.76	600.0	0	0	101.5	10.8	0.0565	1.0	111115
124	"14:10:00"	257.0	-12	0.286	550	9.27	3.5	6	1	2.84	34.23	33.39	34.31	499.55	506.90	7.291	16.409	13.67	30.77	600.0	0	0	101.5	10.8	0.0565	1.0	111115
125	"14:10:01"	258.5	-12	0.286	550	9.27	3.5	6	1	2.84	34.23	33.38	34.30	499.51	506.85	7.293	16.409	13.68	30.78	600.0	0	0	101.5	10.8	0.0565	1.0	111115
126	"14:10:02"	259.5	-12	0.286	550	9.26	3.5	6	1	2.84	34.22	33.38	34.30	499.53	506.87	7.296	16.405	13.69	30.78	600.0	0	0	101.5	10.8	0.0565	1.0	111115
127	"14:10:04"	261.0	-12	0.286	550	9.26	3.49	6	1	2.84	34.22	33.38	34.29	499.50	506.84	7.299	16.408	13.70	30.79	599.9	0	0	101.5	10.8	0.0565	1.0	111115
128	"14:10:05"	262.0	-12.1	0.286	551	9.26	3.49	6	1	2.84	34.22	33.37	34.29	499.49	506.90	7.301	16.409	13.70	30.80	599.9	0	0	101.5	10.8	0.0565	1.0	111115
129	"14:10:06"	263.5	-12.1	0.286	550	9.26	3.49	6	1	2.84	34.21	33.36	34.29	499.49	506.86	7.305	16.412	13.71	30.81	599.9	0	0	101.5	10.8	0.0565	1.0	111115
130	"14:10:07"	264.0	-12	0.286	550	9.26	3.49	6	1	2.84	34.21	33.36	34.28	499.51	506.84	7.306	16.410	13.72	30.81	600.0	0	0	101.5	10.8	0.0565	1.0	111115
131	"14:10:08"	265.5	-12	0.286	550	9.25	3.49	6	1	2.84	34.20	33.35	34.28	499.55	506.82	7.309	16.405	13.73	30.81	600.0	0	0	101.5	10.8	0.0565	1.0	111115
132	"14:10:10"	267.0	-11.9	0.286	550	9.24	3.49	6	1	2.84	34.20	33.34	34.27	499.57	506.82	7.315	16.401	13.74	30.81	600.0	0	0	101.5	10.8	0.0565	1.0	111115
133	"14:10:11"	268.0	-12.1	0.286	550	9.23	3.48	6	1	2.84	34.19	33.34	34.27	499.50	506.87	7.318	16.402	13.75	30.82	599.9	0	0	101.5	10.8	0.0565	1.0	111115
134	"14:10:12"	269.5	-12.2	0.286	551	9.22	3.48	6	1	2.84	34.19	33.33	34.26	499.41	506.90	7.322	16.396	13.76	30.82	599.9	0	0	101.5	10.8	0.0565	1.0	111115
135	"14:10:13"	270.5	-12.3	0.286	552	9.22	3.48	6	1	2.84	34.18	33.33	34.26	499.32	507.00	7.322	16.393	13.77	30.82	600.0	0	0	101.5	10.8	0.0565	1.0	111115
136	"14:10:15"	272.0	-12.4	0.286	553	9.22	3.48	6	1	2.84	34.18	33.32	34.25	499.31	507.01	7.324	16.389	13.78	30.82	600.0	0	0	101.5	10.8	0.0565	1.0	111115
137	"14:10:16"	273.0	-12.4	0.286	552	9.21	3.48	6	1	2.84	34.17	33.31	34.25	499.36	507.04	7.326	16.389	13.78	30.83	600.0	0	0	101.5	10.8	0.0565	1.0	111115
138	"14:10:17"	274.5	-12.2	0.286	551	9.21	3.48	6	1	2.84	34.17	33.30	34.24	499.45	506.94	7.329	16.385	13.79	30.84	600.0	0	0	101.5	10.8	0.0565	1.0	111115
139	"14:10:18"	275.5	-12.1	0.286	551	9.2	3.48	6	1	2.84	34.16	33.30	34.24	499.53	506.96	7.330	16.382	13.80	30.84	600.0	0	0	101.5	10.8	0.0565	1.0	111115
140	"14:10:20"	277.0	-12.1	0.286	551	9.2	3.47	6	1	2.84	34.16	33.30	34.23	499.51	506.93	7.332	16.377	13.81	30.84	600.0	0	0	101.5	10.8	0.0565	1.0	111115
141	"14:10:21"	278.0	-12.1	0.286	551	9.19	3.47	6	1	2.84	34.15	33.29	34.23	499.51	506.99	7.333	16.375	13.81	30.84	600.0	0	0	101.5	10.8	0.0565	1.0	111115
142	"14:10:22"	279.5	-12.1	0.286	551	9.19	3.47	6	1	2.84	34.15	33.28	34.22	499.48	506.97	7.336	16.375	13.82	30.85	600.0	0	0	101.5	10.8	0.0565	1.0	111115
143	"14:10:23"	280.5	-12.1	0.286	551	9.19	3.47	6	1	2.84	34.14	33.28	34.22	499.49	506.94	7.338	16.375	13.83	30.86	600.0	0	0	101.5	10.8	0.0565	1.0	111115
144	"14:10:25"	282.0	-12.1	0.286	551	9.18	3.47	6	1	2.84	34.14	33.28	34.21	499.44	506.91	7.341	16.374	13.84	30.87	600.0	0	0	101.5	10.8	0.0565	1.0	111115
145	"14:10:26"	283.0	-12.2	0.286	552	9.18	3.47	6	1	2.84	34.13	33.28	34.21	499.39	506.96	7.344	16.372	13.85	30.87	600.0	0	0	101.5	10.8	0.0565	1.0	111115
146	"14:10:27"	284.5	-12.2	0.286	552	9.18	3.47	6	1	2.84	34.13	33.27	34.20	499.37	506.97	7.346	16.372	13.86	30.88	600.0	0	0	101.5	10.8	0.0565	1.0	111115
147	"14:10:28"	285.5	-12.2	0.286	552	9.17	3.47	6	1	2.84	34.12	33.27	34.19	499.40	506.98	7.348	16.373	13.86	30.89	600.0	0	0	101.5	10.8	0.0565	1.0	111115
148	"14:10:30"	287.0	-12.1	0.285	551	9.17	3.47	6	1	2.84	34.11	33.26	34.19	499.47	506.92	7.352	16.368	13.88	30.90	600.0	0	0	101.5	10.8	0.0565	1.0	111115
149	"14:10:31"	288.0	-12.1	0.286	551	9.16	3.46	6	1	2.84	34.11	33.26	34.18	499.47	506.89	7.353	16.368	13.88	30.90	600.0	0	0	101.5	10.8	0.0565	1.0	111115
150	"14:10:32"	289.5	-12.1	0.286	551	9.16	3.46	6	1	2.84	34.10	33.25	34.18	499.44	506.86	7.356	16.367	13.89	30.91	600.0	0	0	101.5	10.8	0.0565	1.0	111115
151	"14:10:33"	290.5	-12.2	0.286	551	9.16	3.46	6	1	2.84	34.10	33.24	34.17	499.39	506.90	7.357	16.368	13.90	30.92	600.0	0	0	101.5	10.8	0.0565	1.0	111115
152	"14:10:35"	292.0	-12.2	0.286	552	9.16	3.46	6	1	2.84	34.09	33.24	34.16	499.36	506.94	7.359	16.365	13.91	30.93	600.0	0	0	101.5	10.8	0.0565	1.0	111115
153	"14:10:36"	293.0	-12.2	0.286	552	9.15	3.46	6	1	2.84	34.09	33.23	34.16	499.35	506.95	7.360	16.359	13.91	30.92	600.0	0	0	101.5	10.8	0.0565	1.0	111115
154	"14:10:37"	294.5	-12.3	0.286	552	9.14	3.46	6	1	2.84	34.08	33.22	34.15	499.34	506.96	7.362	16.353	13.92	30.92	600.0	0	0	101.5	10.8	0.0565	1.0	111115
155	"14:10:38"	295.5	-12.2	0.285	552	9.13	3.45	6	1	2.84	34.08	33.22	34.15	499.34	506.95	7.364	16.347	13.93	30.92	600.0	0	0	101.5	10.8	0.0565	1.0	111115
156	"14:10:40"	297.0	-12.3	0.285	552	9.13	3.45	6	1	2.84	34.07	33.21	34.14	499.35	507.01	7.368	16.349	13.94	30.93	600.0	0	0	101.5	10.8	0.0565	1.0	111115
157	"14:10:41"	298.0	-12.2	0.285	552	9.12	3.45	6	1	2.84	34.07	33.21	34.14	499.42	506.97	7.370	16.345	13.95	30.93	600.0	0	0	101.5	10.8	0.0565	1.0	111115
158	"14:10:42"	299.5	-12.2	0.285	552	9.12	3.45	6	1	2.84	34.06	33.20	34.13	499.42	507.02	7.373	16.346	13.96	30.95	599.9	0	0	101.5	10.8	0.0565	1.0	111115
159	"14:10:43"	300.5	-12.3	0.285	552	9.11	3.45	6	1	2.84	34.06	33.20	34.13	499.40	507.05	7.374	16.341	13.96	30.94	599.9	0	0	101.5	10.8	0.0565	1.0	111115
160	"14:10:45"	302.0	-12.3	0.285	553	9.11	3.45	6	1	2.84	34.05	33.19	34.12	499.35	507.03	7.375	16.339	13.97	30.95	599.9	0	0	101.5	10.8	0.0565	1.0	111115
161	"14:10:46"	303.0	-12.3	0.285	552	9.11	3.45	6	1	2.84	34.05	33.19	34.12	499.35	507.01	7.376	16.335	13.98	30.95	600.0	0	0	101.5	10.8	0.0565	1.0	111115
162	"14:10:47"	304.5	-12.1	0.285	551	9.1	3.45	6	1	2.84	34.04	33.19	34.11	499.45	506.91	7.379	16.332	13.99	30.96	600.0	0	0	101.5	10.8	0.0565	1.0	111115
163	"14:10:48"	305.5	-12.1	0.285	551	9.1	3.44	6	1	2.84	34.04	33.17	34.11	499.45	506.92	7.380	16.329	13.99	30.96	600.0	0	0	101.5	10.8	0.0565	1.0	111115
164	"14:10:50"	307.0	-12.1	0.285	551	9.09	3.44	6	1	2.84	34.03	33.16	34.10	499.46	506.94	7.384	16.329	14.00	30.97	600.0	0	0	101.5	10.8	0.0565	1.0	111115
165	"14:10:51"	308.0	-12.1	0.286	551	9.09	3.44	6	1	2.84	34.02	33.15	34.09	499.46	506.93	7.386	16.329	14.01	30.98	600.0	0	0	101.5	10.8	0.0565	1.0	111115
166	"14:10:52"	309.5	-12	0.285	551	9.08	3.44	6	1	2.84	34.02	33.15	34.09	499.47	506.90	7.391	16.323	14.03	30.98	600.0	0	0	101.5	10.8	0.0565	1.0	111115
167	"14:10:53"	310.5	-12	0.285	551	9.08	3.44	6	1	2.84	34.01	33.15	34.08	499.43	506.83	7.391	16.320	14.03	30.98	600.1	0	0	101.5	10.8	0.0565	1.0	111115
168	"14:10:55"	312.0	-12.2	0.285	552	9.07	3.44	6	1	2.84	34.01	33.15	34.08	499.34	506.91	7.394	16.315	14.04	30.98	600.0	0	0	101.5	10.8	0.0565	1.0	111115
169	"14:10:56"	313.0	-12.2	0.285	552	9.07	3.44	6	1	2.84	34.00	33.15	34.07	499.29	506.90	7.396	16.316	14.05	30.99	600.1	-0	0	101.5	10.8	0.0565	1.0	111115
170	"14:10:57"	314.5	-12.2	0.285	552	9.07	3.43	6	1	2.84	34.00	33.13	34.07	499.33	506.93	7.398	16.315	14.06	31.00	600.1	-0	0	101.5	10.8	0.0565	1.0	111115
171	"14:10:58"	315.5	-12.2	0.285	552	9.06	3.43	6	1	2.84	33.99	33.13	34.06	499.34	506.91	7.399	16.311	14.06	31.00	600.1	-0	0	101.5	10.8	0.0565	1.0	111115
172	"14:11:00"	317.0	-12.2	0.285	552	9.06	3.43	6	1	2.84	33.99	33.12	34.05	499.33	506.96	7.400	16.311	14.07	31.01	600.0	-0	0	101.5	10.8	0.0565	1.0	111115
173	"14:11:01"	318.0	-12.2	0.285	552	9.05	3.43	6	1	2.84	33.98	33.11	34.05	499.33	506.91	7.403	16.308	14.08	31.01	600.0	-0	0	101.5	10.8	0.0565	1.0	111115
174	"14:11:02"	319.5	-12.3	0.285	553	9.05	3.43	6	1	2.84	33.97	33.10	34.04	499.25	506.96	7.405	16.304	14.09	31.02	600.0	-0	0	101.5	10.8	0.0565	1.0	111115
175	"14:11:03"	320.5	-12.2	0.285	552	9.04	3.43	6	1	2.84	33.97	33.10	34.04	499.28	506.92	7.407	16.297	14.09	31.01	600.0	0	0	101.5	10.8	0.0565	1.0	111115
176	"14:11:05"	322.0	-12.4	0.285	553	9.03	3.43	6	1	2.84	33.96	33.10	34.03	499.23	507.01	7.409	16.292	14.10	31.01	600.0	0	0	101.5	10.8	0.0565	1.0	111115
177	"14:11:06"	322.5	-12.4	0.285	553	9.03	3.43	6	1	2.84	33.96	33.10	34.03	499.19	506.98	7.410	16.293	14.11	31.02	599.9	0	0	101.5	10.8	0.0565	1.0	111115
178	"14:11:07"	323.5	-12.4	0.284	553	9.03	3.43	6	1	2.84	33.96	33.10	34.03	499.20	507.01	7.412	16.291	14.11	31.02	599.9	0	0	101.5	10.8	0.0565	1.0	111115
179	"14:11:08"	325.5	-12.4	0.285	554	9.02	3.42	6	1	2.84	33.95	33.09	34.02	499.20	507.05	7.414	16.290	14.13	31.04	600.0	0	0	101.5	10.8	0.0565	1.0	111115
180	"14:11:09"	326.5	-12.3	0.285	553	9.02	3.42	6	1	2.84	33.94	33.08	34.01	499.32	507.04	7.415	16.288	14.13	31.04	600.0	0	0	101.5	10.8	0.0565	1.0	111115
181	"14:11:11"	328.0	-12.1	0.285	552	9.01	3.42	6	1	2.84	33.94	33.07	34.01	499.41	506.99	7.418	16.283	14.14	31.04	600.0	0	0	101.5	10.8	0.0565	1.0	111115
182	"14:11:12"	329.0	-12.2	0.285	552	9.01	3.42	6	1	2.84	33.93	33.07	34.00	499.41	507.00	7.418	16.285	14.15	31.05	600.0	0	0	101.5	10.8	0.0565	1.0	111115
183	"14:11:13"	330.5	-12.1	0.284	552	9	3.42	6	1	2.84	33.93	33.06	33.99	499.37	506.95	7.421	16.278	14.16	31.05	600.0	-0	0	101.5	10.8	0.0565	1.0	111115
184	"14:11:14"	331.5	-12.2	0.285	552	9	3.42	6	1	2.84	33.92	33.05	33.99	499.35	506.96	7.422	16.277	14.16	31.06	600.0	-0	0	101.5	10.8	0.0565	1.0	111115
185	"14:11:16"	333.0	-12.3	0.284	553	8.99	3.41	6	1	2.84	33.91	33.04	33.98	499.27	507.02	7.425	16.268	14.17	31.05	600.0	-0	0	101.5	10.8	0.0565	1.0	111115
186	"14:11:17"	334.0	-12.3	0.284	553	8.99	3.41	6	1	2.84	33.91	33.04	33.98	499.28	507.02	7.426	16.268	14.18	31.06	600.0	-0	0	101.5	10.8	0.0565	1.0	111115
187	"14:11:18"	335.5	-12.3	0.284	553	8.98	3.41	6	1	2.84	33.90	33.04	33.97	499.25	507.03	7.428	16.262	14.19	31.06	600.0	-0	0	101.5	10.8	0.0565	1.0	111115
188	"14:11:19"	336.5	-12.2	0.284	553	8.98	3.41	6	1	2.84	33.90	33.03	33.97	499.29	506.95	7.429	16.260	14.19	31.06	600.0	0	0	101.5	10.8	0.0565	1.0	111115
189	"14:11:21"	338.0	-12.2	0.284	552	8.97	3.41	6	1	2.84	33.89	33.03	33.96	499.28	506.92	7.432	16.258	14.20	31.07	600.0	0	0	101.5	10.8	0.0565	1.0	111115
190	"14:11:22"	339.0	-12.2	0.284	553	8.97	3.41	6	1	2.84	33.89	33.02	33.95	499.29	506.98	7.433	16.254	14.21	31.07	600.0	-0	0	101.5	10.8	0.0565	1.0	111115
191	"14:11:23"	340.5	-12.3	0.284	553	8.97	3.41	6	1	2.84	33.88	33.01	33.95	499.26	507.02	7.436	16.257	14.22	31.09	600.0	-0	0	101.5	10.8	0.0565	1.0	111115
192	"14:11:24"	341.5	-12.3	0.284	553	8.96	3.41	6	1	2.84	33.88	33.01	33.94	499.30	507.03	7.437	16.256	14.23	31.09	600.0	-0	0	101.5	10.8	0.0565	1.0	111115
193	"14:11:26"	343.0	-12.2	0.284	552	8.96	3.41	6	1	2.84	33.87	33.01	33.94	499.38	507.01	7.440	16.256	14.24	31.10	600.0	0	0	101.5	10.8	0.0565	1.0	111115
194	"14:11:27"	344.0	-12.2	0.284	553	8.96	3.41	6	1	2.84	33.87	33.01	33.93	499.37	507.01	7.441	16.251	14.24	31.10	600.0	0	0	101.5	10.8	0.0565	1.0	111115
195	"14:11:28"	345.5	-12.2	0.284	553	8.95	3.4	6	1	2.84	33.86	33.01	33.93	499.35	507.01	7.444	16.246	14.25	31.10	600.1	0	0	101.5	10.8	0.0565	1.0	111115
196	"14:11:29"	346.5	-12.2	0.284	553	8.94	3.4	6	1	2.84	33.86	33.00	33.92	499.32	506.99	7.446	16.245	14.26	31.11	600.0	0	0	101.5	10.8	0.0565	1.0	111115
197	"14:11:31"	348.0	-12.3	0.284	553	8.94	3.4	6	1	2.84	33.85	32.99	33.92	499.30	507.02	7.447	16.239	14.27	31.11	600.0	0	0	101.5	10.8	0.0565	1.0	111115
198	"14:11:32"	349.0	-12.1	0.284	552	8.93	3.4	6	1	2.84	33.85	32.98	33.91	499.35	506.95	7.449	16.238	14.27	31.11	600.0	0	0	101.5	10.8	0.0565	1.0	111115
199	"14:11:33"	350.5	-12.2	0.283	553	8.92	3.4	6	1	2.84	33.84	32.98	33.90	499.32	507.00	7.451	16.230	14.28	31.11	600.0	0	0	101.5	10.8	0.0565	1.0	111115
200	"14:11:34"	351.5	-12.2	0.284	553	8.92	3.4	6	1	2.84	33.83	32.98	33.90	499.30	507.02	7.453	16.232	14.29	31.12	600.0	0	0	101.5	10.8	0.0565	1.0	111115
201	"14:11:36"	353.0	-12.2	0.283	553	8.92	3.4	6	1	2.84	33.83	32.97	33.89	499.28	507.00	7.455	16.227	14.30	31.12	600.0	0	0	101.5	10.8	0.0565	1.0	111115
202	"14:11:37"	354.0	-12.2	0.283	553	8.91	3.4	6	1	2.84	33.82	32.97	33.89	499.31	506.96	7.456	16.224	14.30	31.12	600.0	0	0	101.5	10.8	0.0565	1.0	111115
203	"14:11:38"	355.5	-12.1	0.283	552	8.91	3.39	6	1	2.84	33.82	32.95	33.88	499.36	506.95	7.459	16.222	14.31	31.13	600.0	0	0	101.5	10.8	0.0565	1.0	111115
204	"14:11:39"	356.5	-12.2	0.284	553	8.91	3.39	6	1	2.84	33.81	32.95	33.88	499.31	506.96	7.461	16.223	14.32	31.14	600.0	0	0	101.5	10.8	0.0565	1.0	111115
205	"14:11:41"	358.0	-12.3	0.284	553	8.9	3.39	6	1	2.84	33.81	32.93	33.87	499.21	507.01	7.463	16.223	14.33	31.15	600.0	0	0	101.5	10.8	0.0565	1.0	111115
206	"14:11:42"	359.0	-12.4	0.284	554	8.9	3.38	6	1	2.84	33.80	32.93	33.86	499.18	507.04	7.465	16.220	14.34	31.16	600.0	0	0	101.5	10.8	0.0565	1.0	111115
207	"14:11:43"	360.5	-12.4	0.284	554	8.89	3.38	6	1	2.84	33.79	32.92	33.86	499.21	507.09	7.466	16.217	14.35	31.16	600.0	0	0	101.5	10.8	0.0565	1.0	111115
208	"14:11:44"	361.0	-12.4	0.284	554	8.89	3.38	6	1	2.84	33.79	32.92	33.86	499.22	507.10	7.466	16.216	14.35	31.17	600.0	0	0	101.5	10.8	0.0565	1.0	111115
209	"14:11:45"	362.5	-12.3	0.284	553	8.89	3.38	6	1	2.84	33.79	32.91	33.85	499.27	507.04	7.469	16.214	14.36	31.17	600.0	0	0	101.5	10.8	0.0565	1.0	111115
210	"14:11:47"	364.0	-12.3	0.284	553	8.88	3.38	6	1	2.84	33.78	32.90	33.84	499.26	507.03	7.471	16.212	14.37	31.18	600.0	0	0	101.5	10.8	0.0565	1.0	111115
211	"14:11:48"	365.0	-12.3	0.284	554	8.88	3.38	6	1	2.84	33.77	32.90	33.84	499.24	507.06	7.472	16.209	14.38	31.18	600.0	0	0	101.5	10.8	0.0565	1.0	111115
212	"14:11:49"	366.5	-12.4	0.284	554	8.87	3.38	6	1	2.84	33.77	32.89	33.83	499.17	507.09	7.474	16.203	14.38	31.18	600.0	-0	0	101.5	10.8	0.0565	1.0	111115
213	"14:11:50"	367.5	-12.5	0.283	555	8.87	3.38	6	1	2.84	33.76	32.90	33.82	499.15	507.12	7.476	16.199	14.39	31.18	600.0	-0	0	101.5	10.8	0.0565	1.0	111115
214	"14:11:52"	369.0	-12.4	0.283	554	8.86	3.38	6	1	2.84	33.76	32.89	33.82	499.16	507.09	7.477	16.191	14.40	31.18	599.9	-0	0	101.5	10.8	0.0565	1.0	111115
215	"14:11:53"	369.5	-12.5	0.283	555	8.86	3.38	6	1	2.84	33.75	32.89	33.82	499.14	507.10	7.478	16.192	14.40	31.19	600.0	0	0	101.5	10.8	0.0565	1.0	111115
216	"14:11:54"	371.5	-12.2	0.283	553	8.85	3.38	6	1	2.84	33.74	32.88	33.81	499.27	506.97	7.480	16.183	14.42	31.19	600.0	0	0	101.5	10.8	0.0565	1.0	111115
217	"14:11:55"	372.5	-12.2	0.283	553	8.85	3.37	6	1	2.84	33.74	32.88	33.80	499.27	506.96	7.482	16.186	14.42	31.20	600.0	0	0	101.5	10.8	0.0565	1.0	111115
218	"14:11:57"	374.0	-12.2	0.283	553	8.83	3.37	6	1	2.84	33.73	32.87	33.80	499.27	506.97	7.485	16.177	14.43	31.19	600.0	0	0	101.5	10.8	0.0565	1.0	111115
219	"14:11:58"	375.0	-12.2	0.283	553	8.83	3.37	6	1	2.84	33.73	32.87	33.79	499.28	507.00	7.487	16.179	14.44	31.20	600.0	0	0	101.5	10.8	0.0565	1.0	111115
220	"14:11:59"	376.5	-12.2	0.283	553	8.82	3.37	6	1	2.84	33.72	32.86	33.78	499.27	506.98	7.490	16.171	14.45	31.20	600.0	-0	0	101.5	10.8	0.0565	1.0	111115
221	"14:12:00"	377.5	-12.2	0.283	553	8.83	3.37	6	1	2.84	33.72	32.86	33.78	499.25	507.02	7.491	16.176	14.46	31.22	600.0	-0	0	101.5	10.8	0.0565	1.0	111115
222	"14:12:02"	379.0	-12.2	0.283	553	8.82	3.37	6	1	2.84	33.71	32.85	33.77	499.25	507.00	7.493	16.174	14.47	31.22	600.0	-0	0	101.5	10.8	0.0565	1.0	111115
223	"14:12:03"	380.0	-12.2	0.283	553	8.82	3.36	6	1	2.84	33.71	32.84	33.77	499.31	507.03	7.494	16.174	14.47	31.23	600.0	-0	0	101.5	10.8	0.0565	1.0	111115
224	"14:12:04"	381.5	-12.2	0.283	553	8.82	3.36	6	1	2.84	33.70	32.83	33.76	499.29	507.02	7.497	16.169	14.48	31.23	600.0	0	0	101.5	10.8	0.0565	1.0	111115
225	"14:12:05"	382.5	-12.1	0.283	553	8.81	3.36	6	1	2.84	33.70	32.82	33.76	499.31	506.98	7.498	16.165	14.49	31.23	600.1	0	0	101.5	10.8	0.0565	1.0	111115
226	"14:12:07"	384.0	-12.1	0.283	553	8.8	3.36	6	1	2.84	33.69	32.82	33.75	499.28	506.97	7.499	16.158	14.49	31.23	600.1	0	0	101.5	10.8	0.0565	1.0	111115
227	"14:12:08"	385.0	-12.2	0.283	553	8.8	3.36	6	1	2.84	33.69	32.82	33.75	499.28	506.97	7.500	16.157	14.50	31.24	600.1	0	0	101.5	10.8	0.0565	1.0	111115
228	"14:12:09"	386.5	-12.1	0.283	553	8.8	3.36	6	1	2.84	33.68	32.81	33.74	499.31	506.97	7.501	16.154	14.51	31.24	600.1	0	0	101.5	10.8	0.0565	1.0	111115
229	"14:12:10"	387.5	-12.2	0.283	553	8.79	3.36	6	1	2.84	33.67	32.80	33.74	499.29	506.99	7.502	16.151	14.51	31.25	600.1	0	0	101.5	10.8	0.0565	1.0	111115
230	"14:12:12"	389.0	-12.2	0.283	553	8.78	3.36	6	1	2.84	33.67	32.80	33.73	499.27	506.99	7.505	16.145	14.52	31.25	600.0	-0	0	101.5	10.8	0.0565	1.0	111115
231	"14:12:13"	390.0	-12.2	0.282	553	8.78	3.36	6	1	2.84	33.66	32.80	33.72	499.28	506.98	7.507	16.142	14.53	31.25	600.0	-0	0	101.5	10.8	0.0565	1.0	111115
232	"14:12:14"	391.5	-12.2	0.282	553	8.77	3.35	6	1	2.84	33.66	32.79	33.72	499.22	506.95	7.510	16.142	14.54	31.26	600.0	-0	0	101.5	10.8	0.0565	1.0	111115
233	"14:12:15"	392.0	-12.2	0.282	553	8.77	3.35	6	1	2.84	33.65	32.79	33.71	499.24	506.95	7.511	16.140	14.55	31.26	599.9	-0	0	101.5	10.8	0.0565	1.0	111115
234	"14:12:17"	394.0	-12.2	0.282	553	8.76	3.35	6	1	2.84	33.64	32.78	33.70	499.22	506.98	7.514	16.136	14.56	31.27	599.9	-0	0	101.5	10.8	0.0565	1.0	111115
235	"14:12:18"	395.0	-12.2	0.282	553	8.76	3.35	6	1	2.84	33.64	32.77	33.70	499.22	506.99	7.515	16.134	14.57	31.28	600.0	0	0	101.5	10.8	0.0565	1.0	111115
236	"14:12:19"	396.5	-12.2	0.282	554	8.75	3.35	6	1	2.84	33.63	32.76	33.69	499.20	507.00	7.517	16.131	14.58	31.28	600.0	0	0	101.5	10.8	0.0565	1.0	111115
237	"14:12:20"	397.5	-12.3	0.282	554	8.75	3.35	6	1	2.84	33.63	32.75	33.69	499.19	507.04	7.519	16.129	14.58	31.29	600.0	0	0	101.5	10.8	0.0565	1.0	111115
238	"14:12:22"	399.0	-12.3	0.282	554	8.74	3.34	6	1	2.84	33.62	32.74	33.68	499.21	507.06	7.521	16.124	14.59	31.29	599.9	0	0	101.5	10.8	0.0565	1.0	111115
239	"14:12:23"	400.0	-12.2	0.282	554	8.74	3.34	6	1	2.84	33.62	32.74	33.68	499.27	507.03	7.521	16.121	14.60	31.29	599.9	0	0	101.5	10.8	0.0565	1.0	111115
240	"14:12:24"	401.5	-12.1	0.282	553	8.73	3.34	6	1	2.84	33.61	32.73	33.67	499.29	506.96	7.522	16.117	14.61	31.29	599.9	0	0	101.5	10.8	0.0565	1.0	111115
241	"14:12:25"	402.5	-12.2	0.282	553	8.73	3.34	6	1	2.84	33.60	32.73	33.66	499.26	506.99	7.524	16.115	14.61	31.30	600.0	0	0	101.5	10.8	0.0565	1.0	111115
242	"14:12:27"	404.0	-12.3	0.282	554	8.73	3.34	6	1	2.84	33.60	32.72	33.66	499.21	507.06	7.527	16.117	14.62	31.32	600.0	0	0	101.5	10.8	0.0565	1.0	111115
