"OPEN 5.3.2"
"Fri Aug  3 2018 08:20:10"
"Unit="	"PSC-895"
"ComputeList="	"/User/Configs/Comps/Default"
"BLCTable="	"/Sys/Lib/StdBLCTable"
"LightSource="	"Sun+Sky"	1	0.19
"LogFormat="	"/User/Configs/LogFormats/Std Output"
"LogCodes="	-35	-21	-36	30	23	36	21	25	-33	-34	-32	-9	-10	-8	-1	-2	-4	-5	-14	-15	-7	-12	-13	-11	-65	-66	-72	-23
"PromptList="	"/User/Configs/Prompts/Default (none)"
"Stability= (CO2S 15s SLP<1)(H2OS 15s SLP<1)(Flow 15s SLP<1)"
"08:20:37 co2 500 flow 600. note; fineroots-15 is fineroot-16"
$STARTOFDATA$
"Obs"	"HHMMSS"	"FTime"	"Photo"	"Cond"	"Ci"	"Trmmol"	"VpdL"	"Area"	"StmRat"	"BLCond"	"Tair"	"Tleaf"	"TBlk"	"CO2R"	"CO2S"	"H2OR"	"H2OS"	"RH_R"	"RH_S"	"Flow"	"PARi"	"PARo"	"Press"	"CsMch"	"HsMch"	"StableF"	"Status"
1	"08:21:54"	115.0	2.9	0.0375	339	1.75	4.71	6	1	2.84	32.79	32.42	32.74	499.48	495.71	0.034	1.786	0.07	3.64	600.0	0	161	101.8	1.97	-0.101	0.7	111115
2	"08:22:03"	125.0	3.13	0.0335	314	1.58	4.73	6	1	2.84	32.80	32.44	32.75	499.65	495.73	0.037	1.613	0.07	3.29	600.0	-0	160	101.8	1.97	-0.101	0.3	111115
3	"08:22:04"	125.5	3.08	0.0335	316	1.58	4.73	6	1	2.84	32.80	32.44	32.75	499.61	495.74	0.036	1.609	0.07	3.28	600.0	-0	171	101.8	1.97	-0.101	0.3	111115
4	"08:22:05"	127.0	2.98	0.0332	320	1.56	4.73	6	1	2.84	32.80	32.44	32.75	499.57	495.81	0.035	1.595	0.07	3.25	600.0	-0	224	101.8	1.97	-0.101	0.3	111115
5	"08:22:06"	128.5	3.01	0.0328	317	1.55	4.73	6	1	2.84	32.80	32.44	32.75	499.59	495.81	0.034	1.579	0.07	3.22	600.0	-0	275	101.8	1.97	-0.101	0.3	111115
6	"08:22:08"	129.5	3.01	0.0325	315	1.53	4.74	6	1	2.84	32.80	32.44	32.75	499.59	495.81	0.034	1.562	0.07	3.18	600.0	-0	315	101.8	1.97	-0.101	0.7	111115
7	"08:22:09"	131.0	3.08	0.0319	309	1.51	4.74	6	1	2.84	32.81	32.44	32.75	499.63	495.80	0.033	1.538	0.07	3.13	600.0	-0	338	101.8	1.97	-0.101	1.0	111115
8	"08:22:10"	131.5	3.07	0.0317	309	1.5	4.74	6	1	2.84	32.81	32.44	32.75	499.65	495.83	0.034	1.529	0.07	3.12	600.0	-0	338	101.8	1.97	-0.101	1.0	111115
9	"08:22:11"	132.5	3.1	0.0314	306	1.48	4.74	6	1	2.84	32.81	32.45	32.75	499.63	495.80	0.035	1.515	0.07	3.09	600.0	-0	335	101.8	1.97	-0.101	1.0	111115
10	"08:22:12"	133.5	3.11	0.0311	303	1.47	4.75	6	1	2.84	32.81	32.45	32.76	499.62	495.78	0.035	1.502	0.07	3.06	600.0	-0	333	101.8	1.97	-0.101	1.0	111115
11	"08:22:13"	134.5	3.08	0.0308	304	1.46	4.75	6	1	2.84	32.81	32.45	32.76	499.59	495.79	0.036	1.489	0.07	3.03	600.0	-0	330	101.8	1.97	-0.101	1.0	111115
12	"08:22:14"	136.5	3.11	0.0302	299	1.43	4.75	6	1	2.84	32.82	32.46	32.76	499.57	495.75	0.035	1.462	0.07	2.98	600.0	-0	326	101.8	1.97	-0.101	1.0	111115
13	"08:22:15"	137.0	3.11	0.03	298	1.42	4.75	6	1	2.84	32.82	32.46	32.76	499.59	495.78	0.035	1.455	0.07	2.96	600.0	-0	325	101.8	1.97	-0.101	1.0	111115
14	"08:22:16"	138.0	3.07	0.0297	299	1.41	4.75	6	1	2.84	32.82	32.46	32.76	499.58	495.81	0.035	1.440	0.07	2.93	600.0	-0	324	101.8	1.97	-0.101	1.0	111115
15	"08:22:18"	139.5	3.12	0.0293	294	1.39	4.76	6	1	2.84	32.82	32.46	32.76	499.60	495.79	0.034	1.421	0.07	2.89	600.0	-0	324	101.8	1.97	-0.101	1.0	111115
16	"08:22:19"	140.0	3	0.0291	299	1.38	4.76	6	1	2.84	32.82	32.47	32.76	499.57	495.88	0.034	1.414	0.07	2.88	600.0	-0	323	101.8	1.97	-0.101	1.0	111115
17	"08:22:20"	142.0	3.05	0.0287	294	1.36	4.76	6	1	2.84	32.82	32.47	32.77	499.61	495.89	0.034	1.393	0.07	2.84	600.0	-0	323	101.8	1.97	-0.101	1.0	111115
18	"08:22:21"	143.5	3.16	0.0283	286	1.35	4.77	6	1	2.84	32.83	32.48	32.77	499.67	495.84	0.034	1.378	0.07	2.80	600.0	-0	323	101.8	1.97	-0.101	1.0	111115
19	"08:22:22"	144.0	3.24	0.0282	280	1.34	4.77	6	1	2.84	32.83	32.48	32.77	499.71	495.80	0.035	1.371	0.07	2.79	600.0	-0	323	101.8	1.97	-0.101	1.0	111115
20	"08:22:23"	145.0	3.17	0.0279	283	1.33	4.77	6	1	2.84	32.83	32.48	32.77	499.67	495.85	0.035	1.358	0.07	2.76	600.0	-0	324	101.8	1.97	-0.101	1.0	111115
21	"08:22:25"	147.0	3.03	0.0273	287	1.3	4.77	6	1	2.84	32.83	32.49	32.78	499.59	495.92	0.035	1.335	0.07	2.72	599.9	-0	329	101.8	1.97	-0.101	1.0	111115
22	"08:22:26"	148.0	2.98	0.0271	289	1.29	4.77	6	1	2.84	32.84	32.49	32.78	499.55	495.93	0.035	1.325	0.07	2.70	599.9	-0	332	101.8	1.97	-0.101	1.0	111115
23	"08:22:27"	149.5	3.03	0.0268	284	1.28	4.78	6	1	2.84	32.84	32.49	32.78	499.56	495.89	0.035	1.312	0.07	2.67	600.0	-0	337	101.8	1.97	-0.101	1.0	111115
24	"08:22:29"	150.5	2.99	0.0266	285	1.27	4.78	6	1	2.84	32.84	32.50	32.78	499.55	495.92	0.035	1.303	0.07	2.65	600.0	-0	340	101.8	1.97	-0.101	1.0	111115
25	"08:22:30"	152.0	2.95	0.0263	285	1.26	4.78	6	1	2.84	32.84	32.50	32.78	499.54	495.96	0.034	1.289	0.07	2.62	600.0	-0	343	101.8	1.97	-0.101	1.0	111115
26	"08:22:31"	153.0	2.96	0.0261	283	1.25	4.78	6	1	2.84	32.85	32.50	32.78	499.54	495.96	0.034	1.279	0.07	2.60	600.0	-0	341	101.8	1.97	-0.101	1.0	111115
27	"08:22:32"	154.5	3	0.0258	279	1.23	4.78	6	1	2.84	32.85	32.50	32.79	499.54	495.94	0.034	1.263	0.07	2.57	600.0	-0	335	101.8	1.97	-0.101	1.0	111115
28	"08:22:33"	155.0	2.91	0.0257	284	1.23	4.78	6	1	2.84	32.85	32.50	32.79	499.50	495.99	0.034	1.259	0.07	2.56	600.0	-0	333	101.8	1.97	-0.101	1.0	111115
29	"08:22:35"	156.5	3.12	0.0254	269	1.21	4.79	6	1	2.84	32.86	32.51	32.79	499.61	495.89	0.035	1.248	0.07	2.54	600.0	-0	326	101.8	1.97	-0.101	1.0	111115
30	"08:22:36"	157.0	3.18	0.0253	264	1.21	4.79	6	1	2.84	32.86	32.51	32.79	499.63	495.85	0.035	1.242	0.07	2.52	600.0	-0	324	101.8	1.97	-0.101	1.0	111115
31	"08:22:37"	158.0	3.23	0.0251	259	1.2	4.79	6	1	2.84	32.86	32.51	32.79	499.65	495.82	0.035	1.233	0.07	2.51	600.0	-0	322	101.8	1.97	-0.101	1.0	111115
32	"08:22:38"	159.0	3.33	0.0249	251	1.19	4.79	6	1	2.84	32.86	32.52	32.80	499.69	495.77	0.036	1.224	0.07	2.49	600.0	-0	320	101.8	1.97	-0.101	1.0	111115
33	"08:22:39"	160.0	3.26	0.0247	254	1.18	4.79	6	1	2.84	32.86	32.52	32.80	499.64	495.79	0.037	1.216	0.07	2.47	600.0	-0	319	101.8	1.97	-0.101	1.0	111115
34	"08:22:40"	162.0	2.93	0.0243	272	1.17	4.8	6	1	2.84	32.87	32.53	32.80	499.64	496.12	0.036	1.200	0.07	2.44	600.0	-0	318	101.8	1.97	-0.101	1.0	111115
35	"08:22:41"	163.5	2.96	0.024	268	1.15	4.8	6	1	2.84	32.87	32.53	32.80	499.66	496.12	0.036	1.187	0.07	2.41	600.0	-0	317	101.8	1.97	-0.101	1.0	111115
36	"08:22:43"	164.5	3.05	0.0239	261	1.14	4.8	6	1	2.84	32.87	32.53	32.81	499.65	496.04	0.036	1.178	0.07	2.39	600.0	-0	316	101.8	1.97	-0.101	1.0	111115
37	"08:22:44"	166.0	3.28	0.0237	244	1.13	4.8	6	1	2.84	32.88	32.54	32.81	499.69	495.85	0.035	1.169	0.07	2.37	600.0	-0	315	101.8	1.97	-0.101	1.0	111115
38	"08:22:45"	166.5	3.26	0.0236	244	1.13	4.8	6	1	2.84	32.88	32.54	32.81	499.69	495.87	0.036	1.164	0.07	2.36	600.0	-0	315	101.8	1.97	-0.101	1.0	111115
39	"08:22:46"	168.0	3.34	0.0233	237	1.12	4.8	6	1	2.84	32.88	32.54	32.81	499.71	495.82	0.036	1.154	0.07	2.34	600.0	-0	315	101.8	1.97	-0.101	1.0	111115
40	"08:22:47"	168.5	3.32	0.0233	237	1.12	4.81	6	1	2.84	32.88	32.54	32.81	499.70	495.83	0.035	1.150	0.07	2.33	600.0	-0	315	101.8	1.97	-0.101	1.0	111115
41	"08:22:48"	169.5	3.31	0.0231	236	1.11	4.81	6	1	2.84	32.88	32.54	32.82	499.71	495.85	0.035	1.142	0.07	2.32	600.0	-0	315	101.8	1.97	-0.101	1.0	111115
42	"08:22:49"	170.5	3.31	0.023	235	1.1	4.81	6	1	2.84	32.89	32.54	32.82	499.70	495.85	0.035	1.136	0.07	2.30	600.0	-0	315	101.8	1.97	-0.101	1.0	111115
43	"08:22:50"	171.5	3.36	0.0228	230	1.09	4.81	6	1	2.84	32.89	32.55	32.82	499.72	495.82	0.035	1.128	0.07	2.29	600.0	-0	313	101.8	1.97	-0.101	1.0	111115
44	"08:22:51"	173.0	3.43	0.0225	223	1.08	4.81	6	1	2.84	32.89	32.55	32.83	499.82	495.86	0.035	1.116	0.07	2.26	600.0	-0	311	101.8	1.97	-0.101	1.0	111115
45	"08:22:52"	174.0	3.46	0.0224	219	1.08	4.81	6	1	2.84	32.90	32.55	32.83	499.83	495.83	0.036	1.110	0.07	2.25	600.0	-0	310	101.8	1.97	-0.101	1.0	111115
46	"08:22:54"	175.0	3.43	0.0222	219	1.07	4.81	6	1	2.84	32.90	32.55	32.83	499.82	495.86	0.036	1.103	0.07	2.24	600.0	-0	308	101.8	1.97	-0.101	1.0	111115
47	"08:22:55"	177.0	3.27	0.022	229	1.06	4.82	6	1	2.84	32.90	32.56	32.83	499.67	495.88	0.036	1.094	0.07	2.22	600.0	-0	307	101.8	1.97	-0.101	1.0	111115
48	"08:22:56"	178.0	3.17	0.0218	234	1.05	4.82	6	1	2.84	32.90	32.56	32.84	499.61	495.92	0.036	1.087	0.07	2.20	600.0	-0	306	101.8	1.97	-0.101	1.0	111115
49	"08:22:57"	179.5	3.09	0.0217	238	1.04	4.82	6	1	2.84	32.91	32.56	32.84	499.52	495.91	0.036	1.078	0.07	2.18	600.0	-0	306	101.8	1.97	-0.101	1.0	111115
50	"08:22:59"	180.5	3.05	0.0215	239	1.04	4.82	6	1	2.84	32.91	32.57	32.84	499.51	495.94	0.036	1.071	0.07	2.17	600.0	-0	305	101.8	1.97	-0.101	1.0	111115
51	"08:23:00"	182.0	3	0.0213	241	1.03	4.82	6	1	2.84	32.91	32.57	32.84	499.48	495.98	0.036	1.062	0.07	2.15	600.0	-0	305	101.8	1.97	-0.101	1.0	111115
52	"08:23:01"	183.0	3.06	0.0212	235	1.02	4.82	6	1	2.84	32.91	32.57	32.85	499.56	496.00	0.036	1.057	0.07	2.14	600.0	-0	305	101.8	1.97	-0.101	1.0	111115
53	"08:23:02"	184.5	3.19	0.0211	224	1.02	4.83	6	1	2.84	32.92	32.58	32.85	499.64	495.95	0.036	1.050	0.07	2.13	600.0	-0	305	101.8	1.97	-0.101	1.0	111115
54	"08:23:04"	185.5	3.21	0.0209	221	1.01	4.83	6	1	2.84	32.92	32.58	32.85	499.66	495.95	0.036	1.045	0.07	2.12	600.0	-0	305	101.8	1.97	-0.101	1.0	111115
55	"08:23:05"	187.0	3.14	0.0208	224	1	4.83	6	1	2.84	32.92	32.58	32.85	499.60	495.96	0.036	1.037	0.07	2.10	600.0	-0	308	101.8	1.97	-0.101	1.0	111115
56	"08:23:06"	188.0	3.08	0.0206	227	0.994	4.83	6	1	2.84	32.93	32.59	32.85	499.53	495.96	0.036	1.029	0.07	2.08	600.0	-0	310	101.8	1.97	-0.101	1.0	111115
57	"08:23:07"	189.5	3.05	0.0204	228	0.986	4.83	6	1	2.84	32.93	32.59	32.86	499.50	495.97	0.036	1.021	0.07	2.07	600.0	-0	313	101.8	1.97	-0.101	1.0	111115
58	"08:23:09"	190.5	3.19	0.0203	215	0.982	4.83	6	1	2.84	32.93	32.60	32.86	499.58	495.90	0.036	1.016	0.07	2.06	600.0	-0	313	101.8	1.97	-0.101	1.0	111115
59	"08:23:10"	191.0	3.26	0.0203	209	0.98	4.84	6	1	2.84	32.93	32.60	32.86	499.61	495.86	0.035	1.014	0.07	2.05	600.0	-0	313	101.8	1.97	-0.101	1.0	111115
60	"08:23:11"	192.0	3.36	0.0202	201	0.976	4.84	6	1	2.84	32.93	32.60	32.86	499.66	495.82	0.035	1.010	0.07	2.04	600.0	-0	312	101.8	1.97	-0.101	1.0	111115
61	"08:23:12"	193.0	3.34	0.0201	201	0.97	4.84	6	1	2.84	32.94	32.60	32.86	499.65	495.83	0.035	1.005	0.07	2.03	600.0	-0	311	101.8	1.97	-0.101	1.0	111115
62	"08:23:13"	195.0	3.2	0.0198	208	0.957	4.84	6	1	2.84	32.94	32.61	32.87	499.57	495.90	0.035	0.991	0.07	2.00	600.0	-0	311	101.8	1.97	-0.101	1.0	111115
63	"08:23:14"	196.5	3.11	0.0196	213	0.948	4.84	6	1	2.84	32.95	32.61	32.87	499.54	495.97	0.035	0.982	0.07	1.99	600.0	-0	313	101.8	1.97	-0.101	1.0	111115
64	"08:23:16"	197.5	3.17	0.0195	207	0.943	4.84	6	1	2.84	32.95	32.61	32.87	499.62	495.98	0.036	0.978	0.07	1.98	600.0	-0	313	101.8	1.97	-0.101	1.0	111115
65	"08:23:17"	199.0	3.34	0.0193	191	0.935	4.84	6	1	2.84	32.95	32.61	32.88	499.68	495.88	0.037	0.972	0.08	1.96	600.0	-0	313	101.8	1.97	-0.101	1.0	111115
66	"08:23:18"	199.5	3.29	0.0193	194	0.935	4.85	6	1	2.84	32.95	32.62	32.88	499.62	495.87	0.036	0.970	0.07	1.96	600.0	-0	312	101.8	1.97	-0.101	1.0	111115
67	"08:23:19"	201.5	3.32	0.0191	189	0.926	4.85	6	1	2.84	32.96	32.62	32.88	499.63	495.85	0.036	0.961	0.07	1.94	600.0	-0	310	101.8	1.97	-0.101	1.0	111115
68	"08:23:20"	202.0	3.31	0.019	189	0.923	4.85	6	1	2.84	32.96	32.62	32.89	499.63	495.86	0.036	0.958	0.07	1.93	600.0	-0	310	101.8	1.97	-0.101	1.0	111115
69	"08:23:21"	203.0	3.33	0.0189	186	0.918	4.85	6	1	2.84	32.96	32.62	32.89	499.65	495.87	0.035	0.952	0.07	1.92	600.0	-0	310	101.8	1.97	-0.101	1.0	111115
70	"08:23:22"	204.0	3.42	0.0188	177	0.913	4.85	6	1	2.84	32.96	32.63	32.89	499.71	495.84	0.036	0.948	0.07	1.91	600.0	-0	309	101.8	1.97	-0.101	1.0	111115
71	"08:23:23"	205.0	3.45	0.0187	172	0.907	4.85	6	1	2.84	32.96	32.63	32.89	499.72	495.81	0.036	0.943	0.07	1.90	600.0	-0	309	101.8	1.97	-0.101	1.0	111115
72	"08:23:25"	206.0	3.42	0.0186	174	0.903	4.85	6	1	2.84	32.97	32.63	32.89	499.70	495.83	0.036	0.938	0.07	1.89	600.0	-0	309	101.8	1.97	-0.101	1.0	111115
73	"08:23:26"	208.0	3.25	0.0184	186	0.895	4.86	6	1	2.84	32.97	32.64	32.90	499.62	495.92	0.036	0.931	0.07	1.88	600.0	-0	307	101.8	1.97	-0.101	1.0	111115
74	"08:23:27"	209.0	3.19	0.0184	190	0.893	4.86	6	1	2.84	32.97	32.64	32.90	499.59	495.96	0.036	0.929	0.07	1.87	600.0	-0	306	101.8	1.97	-0.101	1.0	111115
75	"08:23:28"	210.5	3.23	0.0183	185	0.888	4.86	6	1	2.84	32.98	32.64	32.90	499.57	495.90	0.038	0.924	0.08	1.87	600.0	-0	305	101.8	1.97	-0.101	1.0	111115
76	"08:23:30"	211.5	3.2	0.0182	186	0.883	4.86	6	1	2.84	32.98	32.64	32.91	499.54	495.90	0.038	0.920	0.08	1.86	600.0	-0	305	101.8	1.97	-0.101	1.0	111115
77	"08:23:31"	213.0	3.27	0.018	178	0.877	4.86	6	1	2.84	32.98	32.64	32.91	499.59	495.88	0.038	0.914	0.08	1.84	600.0	-0	303	101.8	1.97	-0.101	1.0	111115
78	"08:23:32"	214.0	3.24	0.018	180	0.874	4.86	6	1	2.84	32.99	32.65	32.91	499.57	495.90	0.037	0.910	0.07	1.84	600.0	-0	300	101.8	1.97	-0.101	1.0	111115
79	"08:23:33"	215.5	3.34	0.0178	169	0.868	4.86	6	1	2.84	32.99	32.65	32.92	499.66	495.89	0.037	0.904	0.07	1.82	600.0	-0	297	101.8	1.97	-0.101	1.0	111115
80	"08:23:34"	216.0	3.37	0.0178	165	0.866	4.86	6	1	2.84	32.99	32.65	32.92	499.66	495.86	0.036	0.901	0.07	1.82	600.0	-0	296	101.8	1.97	-0.101	1.0	111115
81	"08:23:35"	217.0	3.39	0.0177	162	0.862	4.86	6	1	2.84	32.99	32.65	32.92	499.67	495.85	0.036	0.897	0.07	1.81	600.0	-0	295	101.8	1.97	-0.101	1.0	111115
82	"08:23:36"	218.0	3.37	0.0176	162	0.856	4.86	6	1	2.84	32.99	32.65	32.92	499.65	495.86	0.037	0.892	0.07	1.80	600.0	-0	294	101.8	1.97	-0.101	1.0	111115
83	"08:23:38"	220.0	3.36	0.0175	161	0.851	4.86	6	1	2.84	33.00	32.65	32.93	499.61	495.82	0.036	0.886	0.07	1.79	600.0	-0	293	101.8	1.97	-0.101	1.0	111115
84	"08:23:39"	220.5	3.4	0.0175	156	0.85	4.86	6	1	2.84	33.00	32.66	32.93	499.63	495.80	0.036	0.885	0.07	1.78	600.0	-0	292	101.8	1.97	-0.101	1.0	111115
85	"08:23:40"	221.5	3.45	0.0173	150	0.844	4.87	6	1	2.84	33.00	32.66	32.93	499.68	495.81	0.036	0.879	0.07	1.77	600.0	-0	292	101.8	1.97	-0.101	1.0	111115
86	"08:23:41"	222.5	3.49	0.0173	146	0.841	4.87	6	1	2.84	33.00	32.66	32.93	499.71	495.80	0.036	0.876	0.07	1.77	600.0	-0	292	101.8	1.97	-0.101	1.0	111115
87	"08:23:42"	223.5	3.46	0.0171	146	0.834	4.87	6	1	2.84	33.01	32.66	32.93	499.70	495.83	0.036	0.870	0.07	1.75	600.0	-0	291	101.8	1.97	-0.101	1.0	111115
88	"08:23:43"	225.5	3.21	0.0169	165	0.826	4.87	6	1	2.84	33.01	32.66	32.94	499.58	495.95	0.036	0.862	0.07	1.74	600.0	-0	290	101.8	1.97	-0.101	1.0	111115
89	"08:23:45"	226.5	3.18	0.0168	166	0.82	4.87	6	1	2.84	33.01	32.66	32.94	499.57	495.98	0.037	0.856	0.07	1.73	600.0	-0	290	101.8	1.97	-0.101	1.0	111115
90	"08:23:46"	228.0	3.14	0.0168	169	0.817	4.87	6	1	2.84	33.02	32.67	32.94	499.54	495.99	0.037	0.853	0.07	1.72	600.0	-0	289	101.8	1.97	-0.101	1.0	111115
91	"08:23:47"	229.0	3.22	0.0167	159	0.813	4.87	6	1	2.84	33.02	32.67	32.95	499.57	495.94	0.037	0.849	0.07	1.71	600.0	-0	289	101.8	1.97	-0.101	1.0	111115
92	"08:23:48"	230.5	3.35	0.0166	146	0.809	4.87	6	1	2.84	33.02	32.67	32.95	499.63	495.88	0.037	0.845	0.07	1.70	600.0	-0	288	101.8	1.97	-0.101	1.0	111115
93	"08:23:50"	231.5	3.39	0.0165	141	0.805	4.88	6	1	2.84	33.02	32.68	32.95	499.63	495.84	0.037	0.841	0.07	1.69	600.0	-0	288	101.8	1.97	-0.101	1.0	111115
94	"08:23:51"	232.0	3.41	0.0164	138	0.803	4.88	6	1	2.84	33.02	32.68	32.95	499.62	495.82	0.037	0.839	0.07	1.69	600.0	-0	288	101.8	1.97	-0.101	1.0	111115
95	"08:23:52"	233.0	3.41	0.0164	136	0.799	4.88	6	1	2.84	33.03	32.68	32.95	499.60	495.80	0.037	0.835	0.07	1.68	600.0	-0	288	101.8	1.97	-0.101	1.0	111115
96	"08:23:53"	234.0	3.45	0.0163	132	0.798	4.88	6	1	2.84	33.03	32.68	32.96	499.60	495.76	0.037	0.834	0.07	1.68	600.0	-0	287	101.8	1.97	-0.101	1.0	111115
97	"08:23:54"	235.0	3.4	0.0163	135	0.794	4.88	6	1	2.84	33.03	32.68	32.96	499.60	495.80	0.037	0.830	0.07	1.67	600.0	-0	287	101.8	1.97	-0.101	1.0	111115
98	"08:23:55"	237.0	3.52	0.0161	121	0.788	4.88	6	1	2.84	33.03	32.68	32.96	499.65	495.74	0.038	0.825	0.08	1.66	600.0	-0	286	101.8	1.97	-0.101	1.0	111115
99	"08:23:56"	237.5	3.54	0.0161	117	0.786	4.88	6	1	2.84	33.04	32.68	32.96	499.65	495.72	0.038	0.823	0.08	1.66	600.0	-0	286	101.8	1.97	-0.101	1.0	111115
100	"08:23:57"	238.5	3.49	0.016	121	0.782	4.88	6	1	2.84	33.04	32.69	32.97	499.65	495.77	0.037	0.819	0.08	1.65	600.0	-0	286	101.8	1.97	-0.101	1.0	111115
101	"08:23:58"	240.0	3.57	0.0159	111	0.776	4.88	6	1	2.84	33.04	32.69	32.97	499.67	495.72	0.038	0.813	0.08	1.64	600.0	-0	285	101.8	1.97	-0.101	1.0	111115
102	"08:24:00"	241.0	3.57	0.0158	108	0.772	4.88	6	1	2.84	33.04	32.69	32.97	499.70	495.75	0.038	0.809	0.08	1.63	600.0	-0	285	101.8	1.97	-0.101	1.0	111115
103	"08:24:01"	242.0	3.55	0.0157	109	0.768	4.88	6	1	2.84	33.04	32.69	32.97	499.69	495.76	0.038	0.805	0.08	1.62	600.0	-0	285	101.8	1.97	-0.101	1.0	111115
104	"08:24:02"	244.0	3.44	0.0156	117	0.764	4.89	6	1	2.84	33.05	32.70	32.98	499.62	495.80	0.038	0.801	0.08	1.61	600.0	-0	284	101.8	1.97	-0.101	1.0	111115
105	"08:24:03"	244.5	3.42	0.0155	118	0.76	4.89	6	1	2.84	33.05	32.70	32.98	499.62	495.82	0.038	0.797	0.08	1.60	600.0	-0	284	101.8	1.97	-0.101	1.0	111115
106	"08:24:04"	245.5	3.39	0.0155	121	0.76	4.89	6	1	2.84	33.05	32.70	32.98	499.60	495.83	0.037	0.797	0.07	1.60	600.0	-0	283	101.8	1.97	-0.101	1.0	111115
107	"08:24:05"	246.5	3.37	0.0155	122	0.758	4.89	6	1	2.84	33.05	32.70	32.98	499.61	495.86	0.037	0.795	0.07	1.60	600.0	-0	283	101.8	1.97	-0.101	1.0	111115
108	"08:24:06"	247.5	3.39	0.0154	119	0.756	4.89	6	1	2.84	33.05	32.70	32.99	499.64	495.88	0.037	0.792	0.07	1.59	600.0	-0	283	101.8	1.97	-0.101	1.0	111115
109	"08:24:07"	248.5	3.38	0.0154	120	0.756	4.89	6	1	2.84	33.06	32.70	32.99	499.61	495.86	0.037	0.793	0.07	1.59	600.0	-0	283	101.8	1.97	-0.101	1.0	111115
110	"08:24:08"	249.5	3.44	0.0153	112	0.751	4.89	6	1	2.84	33.06	32.70	32.99	499.62	495.81	0.037	0.788	0.08	1.58	600.0	-0	282	101.8	1.97	-0.101	1.0	111115
111	"08:24:10"	251.5	3.5	0.0152	102	0.744	4.89	6	1	2.84	33.06	32.71	32.99	499.61	495.74	0.038	0.781	0.08	1.57	600.0	-0	282	101.8	1.97	-0.101	1.0	111115
112	"08:24:11"	252.0	3.52	0.0151	98.4	0.74	4.89	6	1	2.84	33.06	32.71	32.99	499.61	495.73	0.038	0.778	0.08	1.56	600.0	-0	282	101.8	1.97	-0.101	1.0	111115
113	"08:24:12"	253.0	3.54	0.015	94.6	0.737	4.89	6	1	2.84	33.06	32.71	33.00	499.61	495.70	0.038	0.775	0.08	1.56	600.0	-0	282	101.8	1.97	-0.101	1.0	111115
114	"08:24:13"	254.0	3.55	0.015	91.8	0.733	4.89	6	1	2.84	33.07	32.71	33.00	499.62	495.71	0.038	0.771	0.08	1.55	600.0	-0	282	101.8	1.97	-0.101	1.0	111115
115	"08:24:14"	255.0	3.47	0.0149	98.4	0.731	4.89	6	1	2.84	33.07	32.71	33.00	499.58	495.74	0.038	0.769	0.08	1.54	600.0	-0	282	101.8	1.97	-0.101	1.0	111115
116	"08:24:15"	257.0	3.28	0.0148	117	0.728	4.89	6	1	2.84	33.07	32.71	33.00	499.46	495.82	0.038	0.765	0.08	1.54	600.0	-0	281	101.8	1.97	-0.101	1.0	111115
117	"08:24:16"	257.5	3.29	0.0148	116	0.727	4.89	6	1	2.84	33.07	32.71	33.01	499.46	495.81	0.038	0.764	0.08	1.53	600.0	-0	280	101.8	1.97	-0.101	1.0	111115
118	"08:24:17"	258.5	3.26	0.0148	117	0.724	4.89	6	1	2.84	33.07	32.71	33.01	499.44	495.82	0.037	0.761	0.07	1.53	600.0	-0	280	101.8	1.97	-0.101	1.0	111115
119	"08:24:18"	260.5	3.48	0.0147	92.1	0.72	4.89	6	1	2.84	33.08	32.71	33.01	499.53	495.70	0.037	0.756	0.07	1.52	600.0	-0	279	101.8	1.97	-0.101	1.0	111115
120	"08:24:20"	261.5	3.44	0.0146	94.9	0.718	4.89	6	1	2.84	33.08	32.71	33.01	499.51	495.72	0.037	0.754	0.07	1.51	600.0	-0	278	101.8	1.97	-0.101	1.0	111115
121	"08:24:21"	263.0	3.48	0.0145	87.1	0.711	4.9	6	1	2.84	33.08	32.71	33.02	499.53	495.70	0.038	0.748	0.08	1.50	600.0	-0	278	101.8	1.97	-0.101	1.0	111115
122	"08:24:22"	263.5	3.47	0.0145	86.7	0.709	4.9	6	1	2.84	33.08	32.71	33.02	499.53	495.70	0.038	0.746	0.08	1.50	600.0	-0	277	101.8	1.97	-0.101	1.0	111115
123	"08:24:23"	264.0	3.46	0.0144	87	0.707	4.9	6	1	2.84	33.08	32.72	33.02	499.51	495.70	0.038	0.744	0.08	1.49	600.0	-0	277	101.8	1.97	-0.101	1.0	111115
124	"08:24:24"	266.0	3.44	0.0143	86.9	0.703	4.9	6	1	2.84	33.09	32.71	33.02	499.52	495.74	0.037	0.739	0.07	1.48	600.0	-0	277	101.8	1.97	-0.101	1.0	111115
125	"08:24:25"	266.5	3.41	0.0143	90.2	0.702	4.9	6	1	2.84	33.09	32.72	33.02	499.49	495.73	0.037	0.739	0.07	1.48	600.0	-0	276	101.8	1.97	-0.101	1.0	111115
126	"08:24:26"	267.5	3.41	0.0143	88.4	0.7	4.9	6	1	2.84	33.09	32.72	33.02	499.50	495.74	0.036	0.736	0.07	1.48	600.0	-0	276	101.8	1.97	-0.101	1.0	111115
127	"08:24:28"	269.5	3.56	0.0142	69.3	0.696	4.9	6	1	2.84	33.09	32.72	33.03	499.56	495.66	0.036	0.731	0.07	1.47	600.0	-0	275	101.8	1.97	-0.101	1.0	111115
128	"08:24:29"	270.0	3.61	0.0141	63.3	0.694	4.9	6	1	2.84	33.09	32.72	33.03	499.57	495.61	0.036	0.730	0.07	1.46	600.0	-0	275	101.8	1.97	-0.101	1.0	111115
129	"08:24:30"	271.0	3.65	0.0141	56.8	0.691	4.9	6	1	2.84	33.09	32.72	33.03	499.60	495.61	0.037	0.728	0.07	1.46	600.0	-0	275	101.8	1.97	-0.101	1.0	111115
130	"08:24:31"	272.0	3.69	0.014	50.5	0.687	4.9	6	1	2.84	33.09	32.72	33.03	499.60	495.57	0.037	0.724	0.07	1.45	600.0	-0	275	101.8	1.97	-0.101	1.0	111115
131	"08:24:32"	273.0	3.75	0.0139	41.8	0.684	4.9	6	1	2.84	33.10	32.72	33.03	499.65	495.56	0.038	0.721	0.08	1.45	600.0	-0	274	101.8	1.97	-0.101	1.0	111115
132	"08:24:33"	274.0	3.69	0.0139	47.5	0.683	4.9	6	1	2.84	33.10	32.73	33.04	499.66	495.63	0.037	0.720	0.08	1.44	600.0	-0	274	101.8	1.97	-0.101	1.0	111115
133	"08:24:34"	276.0	3.63	0.0138	51.1	0.678	4.9	6	1	2.84	33.10	32.73	33.04	499.66	495.69	0.037	0.715	0.07	1.43	600.0	-0	273	101.8	1.97	-0.101	1.0	111115
134	"08:24:35"	277.5	3.5	0.0138	65.1	0.676	4.9	6	1	2.84	33.10	32.73	33.04	499.58	495.75	0.037	0.712	0.07	1.43	600.0	-0	273	101.8	1.97	-0.101	1.0	111115
135	"08:24:36"	278.0	3.53	0.0137	59.4	0.673	4.91	6	1	2.84	33.10	32.74	33.04	499.59	495.73	0.037	0.709	0.07	1.42	600.0	-0	273	101.8	1.97	-0.101	1.0	111115
136	"08:24:37"	279.0	3.51	0.0137	60.8	0.671	4.91	6	1	2.84	33.11	32.74	33.04	499.59	495.74	0.037	0.708	0.07	1.42	600.0	-0	273	101.8	1.97	-0.101	1.0	111115
137	"08:24:38"	280.0	3.47	0.0136	64.3	0.67	4.91	6	1	2.84	33.11	32.74	33.04	499.55	495.75	0.037	0.706	0.07	1.42	600.0	-0	272	101.8	1.97	-0.101	1.0	111115
138	"08:24:40"	282.0	3.49	0.0135	59.4	0.665	4.91	6	1	2.84	33.11	32.74	33.05	499.55	495.73	0.037	0.702	0.07	1.41	600.0	-0	272	101.8	1.97	-0.101	1.0	111115
139	"08:24:41"	282.5	3.52	0.0135	55.4	0.664	4.91	6	1	2.84	33.11	32.74	33.05	499.56	495.72	0.037	0.701	0.07	1.40	600.0	-0	272	101.8	1.97	-0.101	1.0	111115
140	"08:24:42"	284.0	3.49	0.0134	56.8	0.661	4.91	6	1	2.84	33.11	32.74	33.05	499.55	495.73	0.037	0.697	0.07	1.40	600.0	-0	271	101.8	1.97	-0.101	1.0	111115
141	"08:24:43"	285.5	3.47	0.0133	56.1	0.656	4.91	6	1	2.84	33.11	32.74	33.05	499.51	495.72	0.037	0.693	0.07	1.39	600.0	-0	271	101.8	1.97	-0.101	1.0	111115
142	"08:24:45"	286.5	3.49	0.0133	52.5	0.654	4.91	6	1	2.84	33.12	32.74	33.05	499.54	495.73	0.037	0.690	0.07	1.38	600.0	-0	270	101.8	1.97	-0.101	1.0	111115
143	"08:24:46"	288.0	3.5	0.0132	49.9	0.652	4.91	6	1	2.84	33.12	32.74	33.05	499.57	495.75	0.037	0.688	0.07	1.38	600.0	-0	270	101.8	1.97	-0.101	1.0	111115
144	"08:24:47"	289.0	3.52	0.0132	47.3	0.651	4.91	6	1	2.84	33.12	32.74	33.05	499.56	495.72	0.037	0.688	0.07	1.38	600.0	-0	270	101.8	1.97	-0.101	1.0	111115
145	"08:24:48"	290.5	3.45	0.0131	51.9	0.647	4.91	6	1	2.84	33.12	32.74	33.05	499.49	495.71	0.037	0.683	0.07	1.37	600.0	-0	269	101.8	1.97	-0.101	1.0	111115
146	"08:24:50"	291.5	3.35	0.0131	62.8	0.644	4.91	6	1	2.84	33.12	32.74	33.06	499.41	495.74	0.037	0.680	0.07	1.36	600.0	-0	269	101.8	1.97	-0.101	1.0	111115
147	"08:24:51"	293.0	3.38	0.0131	58.2	0.643	4.91	6	1	2.84	33.12	32.74	33.06	499.44	495.74	0.036	0.678	0.07	1.36	600.0	-0	269	101.8	1.97	-0.101	1.0	111115
148	"08:24:52"	294.0	3.37	0.013	57.6	0.64	4.91	6	1	2.84	33.12	32.73	33.06	499.44	495.75	0.036	0.676	0.07	1.35	600.0	-0	268	101.8	1.97	-0.101	1.0	111115
149	"08:24:53"	295.5	3.47	0.013	44.8	0.639	4.91	6	1	2.84	33.12	32.73	33.06	499.46	495.67	0.037	0.675	0.07	1.35	600.0	-0	268	101.8	1.97	-0.101	1.0	111115
150	"08:24:55"	296.5	3.42	0.0129	49.4	0.637	4.91	6	1	2.84	33.12	32.73	33.06	499.44	495.70	0.037	0.673	0.07	1.35	600.0	-0	268	101.8	1.97	-0.101	1.0	111115
151	"08:24:56"	298.0	3.45	0.0128	42.7	0.632	4.91	6	1	2.84	33.13	32.73	33.06	499.45	495.69	0.037	0.669	0.07	1.34	600.0	-0	267	101.8	1.97	-0.101	1.0	111115
152	"08:24:57"	298.5	3.45	0.0128	41.4	0.629	4.91	6	1	2.84	33.13	32.73	33.06	499.45	495.69	0.037	0.666	0.08	1.33	600.0	-0	267	101.8	1.97	-0.101	1.0	111115
153	"08:24:58"	299.5	3.35	0.0127	51.8	0.626	4.91	6	1	2.84	33.13	32.73	33.07	499.40	495.74	0.037	0.663	0.07	1.33	600.0	-0	267	101.8	1.97	-0.101	1.0	111115
154	"08:24:59"	301.5	3.34	0.0126	50	0.622	4.91	6	1	2.84	33.13	32.72	33.07	499.38	495.74	0.037	0.659	0.07	1.32	600.0	-0	266	101.8	1.97	-0.101	1.0	111115
155	"08:25:01"	302.5	3.42	0.0126	38.6	0.62	4.91	6	1	2.84	33.13	32.72	33.07	499.41	495.68	0.037	0.657	0.07	1.31	600.0	-0	266	101.8	1.97	-0.101	1.0	111115
156	"08:25:02"	303.0	3.5	0.0126	28	0.619	4.9	6	1	2.84	33.13	32.71	33.07	499.45	495.64	0.037	0.656	0.07	1.31	600.0	-0	266	101.8	1.97	-0.101	1.0	111115
157	"08:25:03"	304.0	3.57	0.0125	18.2	0.617	4.9	6	1	2.84	33.13	32.71	33.07	499.49	495.61	0.037	0.654	0.07	1.31	600.0	-0	266	101.8	1.97	-0.101	1.0	111115
158	"08:25:04"	305.0	3.52	0.0125	24.4	0.616	4.9	6	1	2.84	33.13	32.71	33.07	499.46	495.64	0.037	0.653	0.07	1.31	600.0	-0	266	101.8	1.97	-0.101	1.0	111115
159	"08:25:05"	306.0	3.48	0.0124	26.1	0.612	4.9	6	1	2.84	33.13	32.71	33.07	499.45	495.66	0.038	0.650	0.08	1.30	600.0	0	266	101.8	1.97	-0.101	1.0	111115
160	"08:25:06"	307.0	3.42	0.0124	32.8	0.61	4.9	6	1	2.84	33.13	32.71	33.07	499.41	495.69	0.038	0.648	0.08	1.30	600.0	-0	265	101.8	1.97	-0.101	1.0	111115
161	"08:25:07"	309.0	3.54	0.0124	14.9	0.607	4.9	6	1	2.84	33.13	32.70	33.08	499.42	495.57	0.038	0.644	0.08	1.29	600.0	-0	265	101.8	1.97	-0.101	1.0	111115
162	"08:25:08"	309.5	3.55	0.0124	14.6	0.608	4.9	6	1	2.84	33.13	32.70	33.08	499.42	495.57	0.038	0.645	0.08	1.29	600.0	-0	265	101.8	1.97	-0.101	1.0	111115
163	"08:25:09"	311.5	3.56	0.0123	10.8	0.604	4.9	6	1	2.84	33.13	32.70	33.08	499.44	495.59	0.038	0.641	0.08	1.28	600.0	-0	264	101.8	1.97	-0.101	1.0	111115
164	"08:25:10"	312.0	3.56	0.0122	9.23	0.602	4.9	6	1	2.84	33.13	32.70	33.08	499.45	495.60	0.037	0.639	0.07	1.28	600.0	-0	264	101.8	1.97	-0.101	1.0	111115
165	"08:25:11"	313.0	3.46	0.0122	20.7	0.6	4.9	6	1	2.84	33.13	32.70	33.08	499.41	495.65	0.037	0.636	0.07	1.27	600.0	-0	263	101.8	1.97	-0.101	1.0	111115
166	"08:25:13"	315.0	3.4	0.0121	25	0.596	4.9	6	1	2.84	33.12	32.69	33.08	499.39	495.69	0.036	0.632	0.07	1.27	600.0	-0	253	101.8	1.97	-0.101	1.0	111115
167	"08:25:14"	315.5	3.41	0.0121	24.2	0.596	4.9	6	1	2.84	33.12	32.69	33.08	499.37	495.66	0.036	0.632	0.07	1.27	600.0	-0	239	101.8	1.97	-0.101	1.0	111115
168	"08:25:15"	317.0	3.5	0.0121	11.2	0.594	4.9	6	1	2.84	33.12	32.69	33.08	499.43	495.64	0.037	0.630	0.07	1.26	600.0	-0	200	101.8	1.97	-0.101	1.0	111115
169	"08:25:16"	318.5	3.61	0.012	-5.7	0.59	4.9	6	1	2.84	33.12	32.68	33.08	499.44	495.54	0.036	0.626	0.07	1.25	600.0	-0	172	101.8	1.97	-0.101	1.0	111115
170	"08:25:17"	319.0	3.55	0.012	1.43	0.589	4.9	6	1	2.84	33.12	32.68	33.08	499.40	495.56	0.036	0.625	0.07	1.25	600.0	-0	172	101.8	1.97	-0.101	1.0	111115
171	"08:25:19"	321.0	3.5	0.0119	5.53	0.586	4.9	6	1	2.84	33.12	32.68	33.08	499.43	495.64	0.036	0.622	0.07	1.25	600.0	-0	196	101.8	1.97	-0.101	1.0	111115
172	"08:25:20"	322.0	3.54	0.0119	-1.14	0.584	4.9	6	1	2.84	33.12	32.68	33.08	499.47	495.64	0.037	0.621	0.07	1.24	600.0	-0	204	101.8	1.97	-0.101	1.0	111115
173	"08:25:21"	323.5	3.61	0.0118	-14.9	0.579	4.9	6	1	2.84	33.12	32.68	33.08	499.52	495.63	0.038	0.617	0.08	1.23	600.0	-0	206	101.8	1.97	-0.101	1.0	111115
174	"08:25:22"	324.0	3.63	0.0118	-18.4	0.578	4.9	6	1	2.84	33.12	32.68	33.08	499.51	495.59	0.038	0.616	0.08	1.23	600.0	-0	204	101.8	1.97	-0.101	1.0	111115
175	"08:25:23"	325.0	3.67	0.0117	-24.4	0.577	4.9	6	1	2.84	33.12	32.68	33.08	499.50	495.54	0.037	0.614	0.07	1.23	600.0	-0	199	101.8	1.97	-0.101	1.0	111115
176	"08:25:24"	326.0	3.66	0.0117	-25	0.575	4.9	6	1	2.84	33.12	32.68	33.08	499.44	495.50	0.038	0.612	0.08	1.23	600.0	-0	207	101.8	1.97	-0.101	1.0	111115
177	"08:25:25"	327.0	3.68	0.0117	-27.6	0.575	4.9	6	1	2.84	33.12	32.68	33.08	499.43	495.47	0.037	0.612	0.07	1.22	600.0	-0	221	101.8	1.97	-0.101	1.0	111115
178	"08:25:26"	328.0	3.66	0.0117	-27.6	0.573	4.9	6	1	2.84	33.12	32.68	33.08	499.39	495.45	0.037	0.609	0.07	1.22	600.0	-0	237	101.8	1.97	-0.101	1.0	111115
179	"08:25:28"	329.0	3.64	0.0116	-27.2	0.57	4.9	6	1	2.84	33.12	32.68	33.08	499.39	495.46	0.037	0.607	0.07	1.22	600.0	-0	255	101.8	1.97	-0.101	1.0	111115
180	"08:25:29"	331.0	3.65	0.0116	-29.8	0.569	4.9	6	1	2.84	33.12	32.68	33.08	499.42	495.48	0.037	0.606	0.07	1.21	600.0	-0	259	101.8	1.97	-0.101	1.0	111115
181	"08:25:30"	331.5	3.65	0.0116	-29.7	0.568	4.9	6	1	2.84	33.12	32.68	33.08	499.40	495.47	0.037	0.605	0.07	1.21	600.0	-0	259	101.8	1.97	-0.101	1.0	111115
182	"08:25:31"	333.0	3.63	0.0115	-28.4	0.567	4.9	6	1	2.84	33.12	32.68	33.08	499.31	495.39	0.037	0.604	0.07	1.21	600.0	-0	259	101.8	1.97	-0.101	1.0	111115
183	"08:25:32"	334.5	3.64	0.0115	-32.2	0.565	4.9	6	1	2.84	33.12	32.68	33.08	499.30	495.38	0.036	0.601	0.07	1.20	600.0	-0	258	101.8	1.97	-0.101	1.0	111115
184	"08:25:33"	335.0	3.62	0.0114	-30.4	0.562	4.9	6	1	2.84	33.12	32.68	33.08	499.29	495.40	0.036	0.599	0.07	1.20	600.0	-0	258	101.8	1.97	-0.101	1.0	111115
185	"08:25:35"	336.5	3.64	0.0114	-36.9	0.559	4.9	6	1	2.84	33.12	32.68	33.08	499.34	495.42	0.036	0.595	0.07	1.19	600.0	-0	258	101.8	1.97	-0.101	1.0	111115
186	"08:25:36"	337.0	3.68	0.0114	-42	0.559	4.9	6	1	2.84	33.12	32.68	33.08	499.38	495.42	0.036	0.594	0.07	1.19	600.0	-0	258	101.8	1.97	-0.101	1.0	111115
187	"08:25:37"	338.0	3.7	0.0113	-47	0.556	4.9	6	1	2.84	33.12	32.68	33.08	499.41	495.43	0.037	0.592	0.07	1.19	600.0	-0	257	101.8	1.97	-0.101	1.0	111115
188	"08:25:38"	339.0	3.72	0.0113	-53.3	0.553	4.9	6	1	2.84	33.12	32.68	33.08	499.43	495.43	0.037	0.590	0.07	1.18	600.0	-0	257	101.8	1.97	-0.101	1.0	111115
189	"08:25:39"	340.0	3.59	0.0112	-36.4	0.552	4.9	6	1	2.84	33.12	32.68	33.08	499.33	495.47	0.036	0.588	0.07	1.18	600.0	-0	257	101.8	1.97	-0.101	1.0	111115
190	"08:25:40"	342.0	3.46	0.0112	-21.3	0.549	4.9	6	1	2.84	33.12	32.68	33.08	499.28	495.54	0.036	0.585	0.07	1.17	600.0	-0	256	101.8	1.97	-0.101	1.0	111115
191	"08:25:41"	342.5	3.45	0.0112	-19.4	0.549	4.9	6	1	2.84	33.12	32.68	33.08	499.26	495.54	0.036	0.585	0.07	1.17	600.0	-0	256	101.8	1.97	-0.101	1.0	111115
192	"08:25:42"	343.5	3.47	0.0112	-22.6	0.548	4.9	6	1	2.84	33.12	32.68	33.08	499.27	495.52	0.036	0.584	0.07	1.17	600.0	-0	256	101.8	1.97	-0.101	1.0	111115
193	"08:25:43"	344.5	3.47	0.0111	-25.3	0.545	4.9	6	1	2.84	33.12	32.68	33.08	499.27	495.53	0.036	0.581	0.07	1.16	600.0	-0	256	101.8	1.97	-0.101	1.0	111115
194	"08:25:44"	345.5	3.51	0.0111	-29.7	0.546	4.9	6	1	2.84	33.12	32.68	33.09	499.30	495.53	0.036	0.582	0.07	1.16	600.0	-0	255	101.8	1.97	-0.101	1.0	111115
195	"08:25:45"	346.5	3.49	0.0111	-28.7	0.545	4.9	6	1	2.84	33.12	32.68	33.09	499.29	495.54	0.035	0.579	0.07	1.16	600.0	-0	255	101.8	1.97	-0.101	1.0	111115
196	"08:25:46"	347.5	3.54	0.011	-38.1	0.541	4.9	6	1	2.84	33.12	32.68	33.09	499.32	495.51	0.036	0.577	0.07	1.15	600.0	-0	255	101.8	1.97	-0.101	1.0	111115
197	"08:25:47"	349.5	3.55	0.0109	-44.6	0.537	4.91	6	1	2.84	33.13	32.69	33.09	499.35	495.54	0.036	0.573	0.07	1.15	600.0	-0	255	101.8	1.97	-0.101	1.0	111115
198	"08:25:48"	350.0	3.52	0.0109	-42.4	0.535	4.91	6	1	2.84	33.13	32.69	33.09	499.34	495.55	0.037	0.572	0.07	1.14	600.0	-0	254	101.8	1.97	-0.101	1.0	111115
199	"08:25:50"	351.5	3.46	0.0109	-34.2	0.534	4.91	6	1	2.84	33.13	32.69	33.09	499.29	495.57	0.037	0.571	0.07	1.14	600.0	-0	254	101.8	1.97	-0.101	1.0	111115
200	"08:25:51"	353.0	3.43	0.0108	-31.6	0.532	4.91	6	1	2.84	33.13	32.69	33.09	499.25	495.56	0.036	0.568	0.07	1.14	600.0	-0	254	101.8	1.97	-0.101	1.0	111115
201	"08:25:52"	354.0	3.55	0.0108	-51.9	0.53	4.91	6	1	2.84	33.13	32.69	33.09	499.31	495.50	0.036	0.566	0.07	1.13	600.0	-0	254	101.8	1.97	-0.101	1.0	111115
202	"08:25:53"	355.5	3.6	0.0107	-61.4	0.527	4.91	6	1	2.84	33.13	32.69	33.09	499.36	495.50	0.036	0.563	0.07	1.13	600.0	-0	253	101.8	1.97	-0.101	1.0	111115
203	"08:25:54"	356.0	3.55	0.0107	-53.3	0.528	4.91	6	1	2.84	33.13	32.69	33.09	499.34	495.53	0.036	0.564	0.07	1.13	600.0	-0	253	101.8	1.97	-0.101	1.0	111115
204	"08:25:56"	357.5	3.52	0.0107	-51.3	0.526	4.91	6	1	2.84	33.13	32.69	33.09	499.36	495.58	0.036	0.562	0.07	1.12	600.0	-0	253	101.8	1.97	-0.101	1.0	111115
205	"08:25:57"	359.0	3.57	0.0106	-59.4	0.524	4.91	6	1	2.84	33.13	32.69	33.09	499.36	495.53	0.036	0.560	0.07	1.12	600.0	-0	253	101.8	1.97	-0.101	1.0	111115
206	"08:25:58"	360.0	3.54	0.0106	-57.2	0.522	4.91	6	1	2.84	33.13	32.69	33.09	499.34	495.55	0.035	0.557	0.07	1.11	600.0	-0	253	101.8	1.97	-0.101	1.0	111115
207	"08:25:59"	360.5	3.59	0.0106	-65.3	0.521	4.91	6	1	2.84	33.14	32.69	33.09	499.35	495.51	0.035	0.556	0.07	1.11	600.0	-0	253	101.8	1.97	-0.101	1.0	111115
208	"08:26:00"	361.5	3.7	0.0106	-82.2	0.521	4.91	6	1	2.84	33.14	32.69	33.10	499.40	495.44	0.035	0.556	0.07	1.11	600.0	-0	252	101.8	1.97	-0.101	1.0	111115
209	"08:26:01"	362.5	3.67	0.0106	-78.8	0.52	4.91	6	1	2.84	33.14	32.69	33.10	499.40	495.47	0.036	0.555	0.07	1.11	600.0	-0	252	101.8	1.97	-0.101	1.0	111115
210	"08:26:02"	363.5	3.71	0.0106	-85.7	0.52	4.91	6	1	2.84	33.14	32.69	33.10	499.43	495.46	0.035	0.555	0.07	1.11	600.0	-0	252	101.8	1.97	-0.101	1.0	111115
211	"08:26:03"	364.5	3.73	0.0106	-88	0.52	4.91	6	1	2.84	33.14	32.70	33.10	499.46	495.47	0.035	0.555	0.07	1.11	600.0	-0	252	101.8	1.97	-0.101	1.0	111115
212	"08:26:04"	366.0	3.55	0.0105	-61.5	0.519	4.91	6	1	2.84	33.14	32.70	33.10	499.35	495.55	0.035	0.554	0.07	1.11	600.0	-0	252	101.8	1.97	-0.101	1.0	111115
213	"08:26:06"	368.0	3.56	0.0104	-69.6	0.513	4.91	6	1	2.84	33.14	32.70	33.10	499.36	495.55	0.036	0.549	0.07	1.10	600.0	-0	251	101.8	1.97	-0.101	1.0	111115
214	"08:26:07"	369.0	3.6	0.0104	-78.3	0.51	4.91	6	1	2.84	33.14	32.70	33.10	499.39	495.54	0.036	0.546	0.07	1.09	600.0	-0	251	101.8	1.97	-0.101	1.0	111115
215	"08:26:08"	370.5	3.65	0.0103	-87.2	0.509	4.91	6	1	2.84	33.14	32.70	33.10	499.42	495.52	0.036	0.545	0.07	1.09	600.0	-0	251	101.8	1.97	-0.101	1.0	111115
216	"08:26:09"	371.5	3.61	0.0103	-80.8	0.51	4.91	6	1	2.84	33.14	32.70	33.10	499.40	495.54	0.036	0.545	0.07	1.09	600.0	-0	251	101.8	1.97	-0.101	1.0	111115
217	"08:26:11"	373.0	3.71	0.0103	-100	0.506	4.91	6	1	2.84	33.14	32.70	33.10	499.43	495.46	0.036	0.542	0.07	1.08	600.0	-0	250	101.8	1.97	-0.101	1.0	111115
218	"08:26:12"	373.5	3.69	0.0102	-98.5	0.505	4.91	6	1	2.84	33.14	32.69	33.10	499.41	495.47	0.036	0.541	0.07	1.08	600.0	-0	250	101.8	1.97	-0.101	1.0	111115
219	"08:26:13"	374.5	3.66	0.0102	-96.6	0.503	4.91	6	1	2.84	33.14	32.70	33.10	499.38	495.47	0.036	0.539	0.07	1.08	600.0	-0	250	101.8	1.97	-0.101	1.0	111115
220	"08:26:14"	376.0	3.72	0.0102	-108	0.5	4.91	6	1	2.84	33.15	32.70	33.11	499.37	495.41	0.037	0.537	0.07	1.07	600.0	-0	250	101.8	1.97	-0.101	1.0	111115
221	"08:26:15"	376.5	3.7	0.0101	-105	0.5	4.91	6	1	2.84	33.15	32.70	33.11	499.37	495.42	0.037	0.537	0.07	1.07	600.0	-0	250	101.8	1.97	-0.101	1.0	111115
222	"08:26:16"	378.5	3.78	0.0102	-117	0.501	4.91	6	1	2.84	33.15	32.70	33.11	499.37	495.34	0.037	0.537	0.07	1.07	600.0	-0	250	101.8	1.97	-0.101	1.0	111115
223	"08:26:17"	379.0	3.79	0.0101	-119	0.5	4.91	6	1	2.84	33.15	32.70	33.11	499.39	495.35	0.037	0.537	0.07	1.07	600.0	-0	250	101.8	1.97	-0.101	1.0	111115
224	"08:26:18"	380.0	3.55	0.0102	-80.6	0.502	4.91	6	1	2.84	33.15	32.70	33.11	499.31	495.51	0.037	0.539	0.07	1.08	600.0	-0	249	101.8	1.97	-0.101	1.0	111115
225	"08:26:20"	382.0	3.42	0.0101	-66.4	0.497	4.92	6	1	2.84	33.15	32.71	33.11	499.26	495.58	0.036	0.533	0.07	1.07	600.0	-0	249	101.8	1.97	-0.101	1.0	111115
226	"08:26:21"	382.5	3.43	0.01	-70.6	0.495	4.92	6	1	2.84	33.15	32.71	33.11	499.27	495.59	0.036	0.531	0.07	1.06	600.0	-0	249	101.8	1.97	-0.101	1.0	111115
227	"08:26:22"	383.5	3.6	0.00998	-99.2	0.492	4.92	6	1	2.84	33.15	32.71	33.11	499.34	495.49	0.036	0.528	0.07	1.06	600.0	-0	249	101.8	1.97	-0.101	1.0	111115
228	"08:26:23"	384.5	3.69	0.00993	-115	0.49	4.92	6	1	2.84	33.15	32.71	33.11	499.35	495.42	0.036	0.526	0.07	1.05	600.0	-0	249	101.8	1.97	-0.101	1.0	111115
229	"08:26:24"	386.5	3.68	0.00995	-113	0.491	4.92	6	1	2.84	33.15	32.71	33.12	499.37	495.44	0.036	0.526	0.07	1.05	600.0	-0	249	101.8	1.97	-0.101	1.0	111115
230	"08:26:25"	387.5	3.66	0.0099	-113	0.489	4.92	6	1	2.84	33.16	32.71	33.12	499.37	495.46	0.036	0.524	0.07	1.05	600.0	-0	249	101.8	1.97	-0.101	1.0	111115
231	"08:26:27"	389.0	3.77	0.00988	-132	0.487	4.92	6	1	2.84	33.16	32.71	33.12	499.46	495.44	0.036	0.524	0.07	1.05	600.0	-0	248	101.8	1.97	-0.101	1.0	111115
232	"08:26:28"	389.5	3.83	0.00983	-143	0.485	4.92	6	1	2.84	33.16	32.72	33.12	499.50	495.43	0.037	0.522	0.07	1.04	600.0	-0	248	101.8	1.97	-0.101	1.0	111115
233	"08:26:29"	390.0	3.8	0.0098	-140	0.484	4.92	6	1	2.84	33.16	32.72	33.12	499.48	495.45	0.037	0.521	0.07	1.04	600.0	-0	248	101.8	1.97	-0.101	1.0	111115
234	"08:26:30"	392.0	3.81	0.00976	-145	0.482	4.92	6	1	2.84	33.16	32.72	33.12	499.50	495.45	0.038	0.519	0.08	1.04	600.0	-0	248	101.8	1.97	-0.101	1.0	111115
235	"08:26:31"	392.5	3.76	0.00975	-138	0.481	4.92	6	1	2.84	33.16	32.72	33.12	499.47	495.46	0.037	0.519	0.07	1.04	600.0	-0	248	101.8	1.97	-0.101	1.0	111115
236	"08:26:32"	394.5	3.65	0.00974	-120	0.481	4.92	6	1	2.84	33.16	32.72	33.12	499.38	495.49	0.036	0.517	0.07	1.03	600.0	-0	248	101.8	1.97	-0.101	1.0	111115
237	"08:26:34"	396.0	3.6	0.00967	-117	0.478	4.92	6	1	2.84	33.16	32.72	33.13	499.39	495.55	0.036	0.514	0.07	1.03	600.0	-0	248	101.8	1.97	-0.101	1.0	111115
238	"08:26:35"	396.5	3.6	0.00964	-118	0.476	4.92	6	1	2.84	33.17	32.72	33.13	499.39	495.56	0.037	0.512	0.07	1.02	600.0	-0	248	101.8	1.97	-0.101	1.0	111115
239	"08:26:36"	398.0	3.52	0.0096	-109	0.474	4.92	6	1	2.84	33.17	32.72	33.13	499.35	495.59	0.037	0.511	0.07	1.02	600.0	-0	248	101.8	1.97	-0.101	1.0	111115
240	"08:26:37"	399.5	3.6	0.0096	-121	0.474	4.92	6	1	2.84	33.17	32.72	33.13	499.36	495.53	0.037	0.511	0.07	1.02	600.0	-0	248	101.8	1.97	-0.101	1.0	111115
241	"08:26:38"	400.5	3.59	0.0096	-119	0.474	4.92	6	1	2.84	33.17	32.72	33.13	499.33	495.51	0.036	0.510	0.07	1.02	600.0	-0	248	101.8	1.97	-0.101	1.0	111115
242	"08:26:40"	402.0	3.63	0.00956	-128	0.472	4.92	6	1	2.84	33.17	32.72	33.13	499.37	495.51	0.037	0.508	0.07	1.02	600.0	-0	248	101.8	1.97	-0.101	1.0	111115
243	"08:26:41"	403.0	3.65	0.00953	-134	0.471	4.92	6	1	2.84	33.17	32.72	33.13	499.38	495.49	0.037	0.507	0.07	1.01	600.0	-0	248	101.8	1.97	-0.101	1.0	111115
244	"08:26:42"	404.5	3.63	0.00946	-135	0.467	4.92	6	1	2.84	33.17	32.72	33.13	499.37	495.51	0.037	0.504	0.07	1.01	600.0	-0	248	101.8	1.97	-0.101	1.0	111115
245	"08:26:43"	405.5	3.65	0.00943	-140	0.466	4.92	6	1	2.84	33.17	32.72	33.14	499.34	495.46	0.037	0.503	0.07	1.00	600.0	-0	248	101.8	1.97	-0.101	1.0	111115
246	"08:26:45"	407.0	3.48	0.00942	-113	0.465	4.92	6	1	2.84	33.17	32.72	33.14	499.23	495.52	0.037	0.502	0.07	1.00	600.0	-0	248	101.8	1.97	-0.101	1.0	111115
247	"08:26:46"	407.5	3.45	0.00939	-110	0.464	4.92	6	1	2.84	33.17	32.72	33.14	499.21	495.53	0.036	0.500	0.07	1.00	600.0	-0	248	101.8	1.97	-0.101	1.0	111115
248	"08:26:47"	408.0	3.49	0.00939	-116	0.464	4.92	6	1	2.84	33.17	32.72	33.14	499.23	495.51	0.036	0.500	0.07	1.00	600.0	-0	248	101.8	1.97	-0.101	1.0	111115
249	"08:26:48"	409.5	3.55	0.00933	-129	0.461	4.92	6	1	2.84	33.18	32.72	33.14	499.30	495.53	0.037	0.497	0.07	0.99	600.0	-0	248	101.8	1.97	-0.101	1.0	111115
250	"08:26:49"	411.0	3.72	0.00929	-160	0.459	4.92	6	1	2.84	33.18	32.72	33.14	499.43	495.48	0.038	0.497	0.08	0.99	600.0	-0	248	101.8	1.97	-0.101	1.0	111115
251	"08:26:50"	411.5	3.66	0.0093	-149	0.46	4.92	6	1	2.84	33.18	32.72	33.14	499.43	495.54	0.038	0.497	0.08	0.99	600.0	-0	248	101.8	1.97	-0.101	1.0	111115
252	"08:26:51"	413.5	3.74	0.0093	-163	0.459	4.92	6	1	2.84	33.18	32.72	33.14	499.46	495.49	0.037	0.496	0.07	0.99	600.0	-0	248	101.8	1.97	-0.101	1.0	111115
253	"08:26:52"	414.0	3.68	0.00927	-155	0.458	4.92	6	1	2.84	33.18	32.72	33.14	499.43	495.53	0.037	0.495	0.07	0.99	600.0	-0	248	101.8	1.97	-0.101	1.0	111115
254	"08:26:54"	415.0	3.73	0.00924	-166	0.457	4.92	6	1	2.84	33.18	32.73	33.14	499.45	495.48	0.036	0.493	0.07	0.98	600.0	-0	248	101.8	1.97	-0.101	1.0	111115
255	"08:26:55"	416.0	3.88	0.0092	-192	0.455	4.93	6	1	2.84	33.18	32.73	33.15	499.51	495.40	0.037	0.492	0.07	0.98	600.0	-0	248	101.8	1.97	-0.101	1.0	111115
256	"08:26:56"	417.0	3.74	0.00918	-171	0.454	4.93	6	1	2.84	33.18	32.73	33.15	499.44	495.47	0.037	0.490	0.07	0.98	600.0	-0	248	101.8	1.97	-0.101	1.0	111115
257	"08:26:57"	419.0	3.56	0.00918	-141	0.454	4.93	6	1	2.84	33.18	32.73	33.15	499.35	495.56	0.036	0.489	0.07	0.98	600.0	-0	248	101.8	1.97	-0.101	1.0	111115
258	"08:26:58"	420.0	3.51	0.00916	-135	0.453	4.93	6	1	2.84	33.18	32.73	33.15	499.32	495.58	0.035	0.488	0.07	0.97	600.0	-0	248	101.8	1.97	-0.101	1.0	111115
259	"08:26:59"	421.5	3.57	0.00911	-148	0.45	4.93	6	1	2.84	33.19	32.73	33.15	499.33	495.54	0.036	0.486	0.07	0.97	600.0	-0	248	101.8	1.97	-0.101	1.0	111115
260	"08:27:00"	422.0	3.57	0.00908	-148	0.449	4.93	6	1	2.84	33.19	32.73	33.15	499.34	495.55	0.037	0.485	0.07	0.97	600.0	-0	248	101.8	1.97	-0.101	1.0	111115
261	"08:27:01"	423.0	3.72	0.00905	-176	0.448	4.93	6	1	2.84	33.19	32.73	33.15	499.40	495.46	0.037	0.484	0.07	0.97	600.0	-0	249	101.8	1.97	-0.101	1.0	111115
262	"08:27:03"	425.0	3.75	0.00899	-187	0.445	4.93	6	1	2.84	33.19	32.73	33.15	499.44	495.47	0.037	0.481	0.07	0.96	600.0	-0	249	101.8	1.97	-0.101	1.0	111115
