"OPEN 5.3.2"
"Fri Aug  3 2018 07:34:00"
"Unit="	"PSC-895"
"ComputeList="	"/User/Configs/Comps/Default"
"BLCTable="	"/Sys/Lib/StdBLCTable"
"LightSource="	"Sun+Sky"	1	0.19
"LogFormat="	"/User/Configs/LogFormats/Std Output"
"LogCodes="	-35	-21	-36	30	23	36	21	25	-33	-34	-32	-9	-10	-8	-1	-2	-4	-5	-14	-15	-7	-12	-13	-11	-65	-66	-72	-23
"PromptList="	"/User/Configs/Prompts/Default (none)"
"Stability= (CO2S 15s SLP<1)(H2OS 15s SLP<1)(Flow 15s SLP<1)"
"07:34:29 co2 500 flow 600. note; fineroots-15 is fineroot-16"
$STARTOFDATA$
"Obs"	"HHMMSS"	"FTime"	"Photo"	"Cond"	"Ci"	"Trmmol"	"VpdL"	"Area"	"StmRat"	"BLCond"	"Tair"	"Tleaf"	"TBlk"	"CO2R"	"CO2S"	"H2OR"	"H2OS"	"RH_R"	"RH_S"	"Flow"	"PARi"	"PARo"	"Press"	"CsMch"	"HsMch"	"StableF"	"Status"
1	"07:37:38"	272.5	-8.61	2.33	496	22.1	1.7	6	1	2.84	28.97	28.50	28.94	500.77	498.37	0.005	21.642	0.01	54.90	599.0	-0	82	101.8	1.84	-0.0347	0.7	111115
2	"07:37:39"	273.5	-8.64	2.33	496	22.1	1.7	6	1	2.84	28.97	28.50	28.94	500.77	498.40	0.005	21.636	0.01	54.89	599.1	-0	80	101.8	1.84	-0.0347	0.7	111115
3	"07:37:40"	275.0	-8.71	2.32	496	22.1	1.7	6	1	2.84	28.97	28.50	28.94	500.69	498.40	0.004	21.618	0.01	54.84	599.0	-0	87	101.8	1.84	-0.0347	1.0	111115
4	"07:37:41"	276.0	-8.89	2.32	496	22	1.71	6	1	2.84	28.97	28.50	28.94	500.58	498.48	0.004	21.608	0.01	54.81	599.0	0	95	101.8	1.84	-0.0347	0.7	111115
5	"07:37:42"	276.5	-9.01	2.31	496	22	1.71	6	1	2.84	28.97	28.50	28.94	500.47	498.50	0.003	21.598	0.01	54.79	599.0	0	100	101.8	1.84	-0.0347	0.7	111115
6	"07:37:43"	277.5	-9.2	2.3	496	22	1.71	6	1	2.84	28.97	28.50	28.94	500.29	498.51	0.003	21.579	0.01	54.74	599.0	0	110	101.8	1.84	-0.0347	0.7	111115
7	"07:37:45"	279.5	-9.55	2.29	497	22	1.71	6	1	2.84	28.97	28.50	28.94	499.97	498.56	0.003	21.545	0.01	54.65	599.1	0	111	101.8	1.84	-0.0347	0.7	111115
8	"07:37:46"	280.5	-9.53	2.28	497	22	1.71	6	1	2.84	28.97	28.50	28.94	499.95	498.53	0.003	21.532	0.01	54.61	599.1	-0	115	101.8	1.84	-0.0347	0.7	111115
9	"07:37:47"	282.0	-9.75	2.27	497	21.9	1.72	6	1	2.84	28.97	28.50	28.94	499.84	498.65	0.002	21.506	0.01	54.54	599.1	0	122	101.8	1.84	-0.0347	0.7	111115
10	"07:37:48"	282.5	-9.76	2.27	497	21.9	1.72	6	1	2.84	28.97	28.50	28.94	499.83	498.65	0.002	21.497	0.01	54.52	599.1	0	129	101.8	1.84	-0.0347	0.7	111115
11	"07:37:49"	284.0	-9.74	2.26	497	21.9	1.72	6	1	2.84	28.97	28.50	28.94	499.84	498.65	0.002	21.473	0.00	54.46	599.1	0	134	101.8	1.84	-0.0347	0.7	111115
12	"07:37:51"	285.5	-9.57	2.25	497	21.9	1.72	6	1	2.84	28.97	28.50	28.94	499.93	498.58	0.002	21.449	0.01	54.39	599.1	0	134	101.8	1.84	-0.0347	0.7	111115
13	"07:37:52"	286.5	-9.48	2.24	497	21.9	1.72	6	1	2.84	28.97	28.50	28.95	499.96	498.54	0.002	21.436	0.01	54.36	599.1	-0	134	101.8	1.84	-0.0347	0.7	111115
14	"07:37:53"	288.0	-9.62	2.23	497	21.8	1.73	6	1	2.84	28.97	28.50	28.95	499.85	498.57	0.002	21.415	0.00	54.30	599.1	-0	135	101.8	1.84	-0.0347	1.0	111115
15	"07:37:54"	289.0	-9.73	2.23	497	21.8	1.73	6	1	2.84	28.97	28.50	28.95	499.77	498.60	0.001	21.403	0.00	54.27	599.0	-0	135	101.8	1.84	-0.0347	1.0	111115
16	"07:37:56"	290.5	-9.72	2.22	497	21.8	1.73	6	1	2.84	28.98	28.50	28.95	499.67	498.52	0.001	21.378	0.00	54.20	599.0	-0	135	101.8	1.84	-0.0347	1.0	111115
17	"07:37:57"	291.5	-9.73	2.21	497	21.8	1.73	6	1	2.84	28.98	28.51	28.95	499.64	498.51	-0.000	21.362	-0.00	54.16	599.0	-0	135	101.8	1.84	-0.0347	1.0	111115
18	"07:37:58"	293.0	-9.51	2.2	497	21.8	1.74	6	1	2.84	28.98	28.51	28.95	499.76	498.42	0.000	21.337	0.00	54.10	599.0	-0	135	101.8	1.84	-0.0347	1.0	111115
19	"07:37:59"	294.0	-9.55	2.19	497	21.8	1.74	6	1	2.84	28.98	28.51	28.95	499.74	498.45	-0.001	21.324	-0.00	54.07	599.0	-0	135	101.8	1.84	-0.0347	1.0	111115
20	"07:38:00"	295.5	-9.42	2.18	497	21.7	1.74	6	1	2.84	28.98	28.51	28.95	499.80	498.38	-0.001	21.308	-0.00	54.02	599.0	-0	136	101.8	1.84	-0.0347	1.0	111115
21	"07:38:02"	296.5	-9.51	2.18	497	21.7	1.74	6	1	2.84	28.98	28.51	28.95	499.74	498.43	-0.001	21.294	-0.00	53.98	599.1	-0	136	101.8	1.84	-0.0347	1.0	111115
22	"07:38:03"	298.0	-9.33	2.17	497	21.7	1.74	6	1	2.84	28.98	28.51	28.95	499.82	498.33	0.001	21.273	0.00	53.93	599.1	-0	136	101.8	1.84	-0.0347	1.0	111115
23	"07:38:04"	299.0	-9.24	2.16	496	21.7	1.74	6	1	2.84	28.98	28.51	28.95	499.86	498.28	0.000	21.260	0.00	53.89	599.1	-0	135	101.8	1.84	-0.0347	1.0	111115
24	"07:38:06"	300.5	-9.02	2.16	496	21.7	1.75	6	1	2.84	28.98	28.51	28.95	499.93	498.16	-0.000	21.238	-0.00	53.84	599.0	-0	135	101.8	1.84	-0.0347	0.7	111115
25	"07:38:07"	301.5	-8.98	2.15	496	21.7	1.75	6	1	2.84	28.98	28.51	28.95	499.93	498.12	-0.000	21.222	-0.00	53.79	599.1	-0	135	101.8	1.84	-0.0347	0.7	111115
26	"07:38:08"	303.0	-8.98	2.14	496	21.6	1.75	6	1	2.84	28.98	28.51	28.95	499.91	498.11	-0.000	21.203	-0.00	53.74	599.3	-0	135	101.8	1.84	-0.0347	0.7	111115
27	"07:38:09"	304.0	-9.04	2.14	496	21.6	1.75	6	1	2.84	28.98	28.51	28.95	499.84	498.10	0.000	21.189	0.00	53.71	599.3	-0	134	101.8	1.84	-0.0347	0.7	111115
28	"07:38:11"	305.5	-9.01	2.13	496	21.6	1.75	6	1	2.84	28.98	28.51	28.95	499.86	498.11	-0.000	21.168	-0.00	53.65	599.2	-0	134	101.8	1.84	-0.0347	0.7	111115
29	"07:38:12"	306.5	-9.09	2.12	496	21.6	1.76	6	1	2.84	28.98	28.51	28.96	499.81	498.14	-0.001	21.158	-0.00	53.62	599.1	-0	134	101.8	1.84	-0.0347	0.7	111115
30	"07:38:13"	308.0	-9.04	2.11	496	21.6	1.76	6	1	2.84	28.98	28.52	28.96	499.83	498.13	-0.001	21.136	-0.00	53.56	599.1	-0	135	101.8	1.84	-0.0347	0.7	111115
31	"07:38:14"	309.0	-9	2.11	496	21.5	1.76	6	1	2.84	28.99	28.52	28.96	499.81	498.08	-0.001	21.123	-0.00	53.53	599.1	-0	135	101.8	1.84	-0.0347	0.7	111115
32	"07:38:16"	310.5	-8.92	2.1	496	21.5	1.76	6	1	2.84	28.99	28.52	28.96	499.85	498.04	-0.001	21.102	-0.00	53.47	599.0	-0	135	101.8	1.84	-0.0347	0.7	111115
33	"07:38:17"	311.5	-8.88	2.09	496	21.5	1.76	6	1	2.84	28.99	28.52	28.96	499.87	498.04	-0.002	21.086	-0.00	53.43	599.0	-0	135	101.8	1.84	-0.0347	0.7	111115
34	"07:38:18"	313.0	-8.98	2.08	496	21.5	1.77	6	1	2.84	28.99	28.52	28.96	499.82	498.09	-0.003	21.068	-0.01	53.38	599.0	-0	135	101.8	1.84	-0.0347	0.7	111115
35	"07:38:19"	314.0	-9.02	2.08	496	21.5	1.77	6	1	2.84	28.99	28.52	28.96	499.78	498.10	-0.003	21.055	-0.01	53.34	599.0	-0	135	101.8	1.84	-0.0347	0.7	111115
36	"07:38:21"	315.5	-9.02	2.07	496	21.5	1.77	6	1	2.84	28.99	28.52	28.96	499.75	498.08	-0.003	21.038	-0.01	53.30	599.0	-0	135	101.8	1.84	-0.0347	1.0	111115
37	"07:38:22"	316.5	-8.96	2.06	496	21.4	1.77	6	1	2.84	28.99	28.53	28.96	499.79	498.06	-0.003	21.026	-0.01	53.27	599.0	-0	135	101.8	1.84	-0.0347	1.0	111115
38	"07:38:23"	318.0	-8.85	2.06	496	21.4	1.77	6	1	2.84	28.99	28.53	28.96	499.84	498.02	-0.003	21.007	-0.01	53.22	599.0	-0	135	101.8	1.84	-0.0347	1.0	111115
39	"07:38:24"	319.0	-8.84	2.05	496	21.4	1.78	6	1	2.84	28.99	28.53	28.96	499.87	498.04	-0.002	21.002	-0.01	53.20	599.0	-0	135	101.8	1.84	-0.0347	1.0	111115
40	"07:38:26"	320.5	-8.83	2.04	496	21.4	1.78	6	1	2.84	28.99	28.53	28.96	499.90	498.06	-0.002	20.978	-0.01	53.14	599.0	-0	135	101.8	1.84	-0.0347	1.0	111115
41	"07:38:27"	321.5	-8.83	2.04	496	21.4	1.78	6	1	2.84	28.99	28.54	28.97	499.92	498.10	-0.002	20.967	-0.00	53.11	599.0	-0	135	101.8	1.84	-0.0347	1.0	111115
42	"07:38:28"	323.0	-8.76	2.03	496	21.4	1.78	6	1	2.84	28.99	28.54	28.97	499.98	498.10	-0.002	20.943	-0.01	53.04	599.0	-0	135	101.8	1.84	-0.0347	1.0	111115
43	"07:38:29"	324.0	-8.76	2.03	496	21.3	1.78	6	1	2.84	29.00	28.54	28.97	499.98	498.10	-0.002	20.935	-0.01	53.02	599.0	0	135	101.8	1.84	-0.0347	1.0	111115
44	"07:38:30"	325.5	-8.86	2.02	496	21.3	1.78	6	1	2.84	29.00	28.53	28.97	499.93	498.15	-0.003	20.920	-0.01	52.98	599.1	0	136	101.8	1.84	-0.0347	1.0	111115
45	"07:38:32"	326.5	-8.87	2.02	496	21.3	1.79	6	1	2.84	29.00	28.54	28.97	499.88	498.12	-0.003	20.905	-0.01	52.94	599.1	-0	136	101.8	1.84	-0.0347	1.0	111115
46	"07:38:33"	328.0	-8.87	2.01	496	21.3	1.79	6	1	2.84	29.00	28.54	28.97	499.85	498.10	-0.004	20.887	-0.01	52.89	599.1	-0	136	101.8	1.84	-0.0347	1.0	111115
47	"07:38:34"	329.0	-8.87	2.01	496	21.3	1.79	6	1	2.84	29.00	28.53	28.97	499.83	498.10	-0.004	20.874	-0.01	52.85	599.1	-0	136	101.8	1.84	-0.0347	1.0	111115
48	"07:38:35"	330.5	-8.86	2	496	21.3	1.79	6	1	2.84	29.00	28.54	28.97	499.87	498.13	-0.004	20.855	-0.01	52.80	599.1	-0	136	101.8	1.84	-0.0347	1.0	111115
49	"07:38:37"	331.5	-8.84	1.99	496	21.3	1.79	6	1	2.84	29.00	28.54	28.97	499.89	498.13	-0.004	20.844	-0.01	52.77	599.1	-0	137	101.8	1.84	-0.0347	1.0	111115
50	"07:38:38"	333.0	-8.75	1.99	496	21.2	1.8	6	1	2.84	29.00	28.54	28.97	499.97	498.13	-0.003	20.822	-0.01	52.71	599.1	-0	137	101.8	1.84	-0.0347	1.0	111115
51	"07:38:39"	334.0	-8.74	1.98	496	21.2	1.8	6	1	2.84	29.00	28.54	28.97	499.96	498.12	-0.003	20.810	-0.01	52.68	599.1	-0	137	101.8	1.84	-0.0347	1.0	111115
52	"07:38:40"	335.5	-8.86	1.98	496	21.2	1.8	6	1	2.84	29.00	28.54	28.98	499.87	498.17	-0.003	20.792	-0.01	52.63	599.0	-0	137	101.8	1.84	-0.0347	1.0	111115
53	"07:38:42"	336.5	-8.91	1.97	496	21.2	1.8	6	1	2.84	29.00	28.54	28.98	499.83	498.18	-0.003	20.779	-0.01	52.60	599.1	-0	137	101.8	1.84	-0.0347	1.0	111115
54	"07:38:43"	338.0	-8.89	1.96	496	21.2	1.8	6	1	2.84	29.00	28.54	28.98	499.85	498.20	-0.005	20.759	-0.01	52.55	599.1	-0	138	101.8	1.84	-0.0347	1.0	111115
55	"07:38:44"	339.0	-8.91	1.96	496	21.2	1.8	6	1	2.84	29.01	28.54	28.98	499.85	498.22	-0.004	20.748	-0.01	52.52	599.1	-0	138	101.8	1.84	-0.0347	1.0	111115
56	"07:38:45"	340.5	-8.85	1.95	496	21.1	1.81	6	1	2.84	29.01	28.54	28.98	499.89	498.20	-0.004	20.730	-0.01	52.46	599.1	-0	138	101.8	1.84	-0.0347	1.0	111115
57	"07:38:47"	341.5	-8.9	1.95	496	21.1	1.81	6	1	2.84	29.01	28.54	28.98	499.87	498.24	-0.004	20.724	-0.01	52.45	599.1	0	138	101.8	1.84	-0.0347	1.0	111115
58	"07:38:48"	343.0	-8.81	1.94	496	21.1	1.81	6	1	2.84	29.01	28.54	28.98	499.90	498.18	-0.004	20.701	-0.01	52.38	599.1	0	138	101.8	1.84	-0.0347	1.0	111115
59	"07:38:49"	344.0	-8.78	1.94	496	21.1	1.81	6	1	2.84	29.01	28.55	28.98	499.89	498.16	-0.004	20.689	-0.01	52.35	599.1	0	138	101.8	1.84	-0.0347	1.0	111115
60	"07:38:50"	345.5	-8.81	1.93	496	21.1	1.81	6	1	2.84	29.01	28.55	28.98	499.90	498.21	-0.005	20.669	-0.01	52.30	599.1	-0	138	101.8	1.84	-0.0347	1.0	111115
61	"07:38:52"	346.5	-8.79	1.92	496	21.1	1.81	6	1	2.84	29.01	28.55	28.98	499.90	498.19	-0.005	20.658	-0.01	52.27	599.1	-0	139	101.8	1.84	-0.0347	1.0	111115
62	"07:38:53"	348.0	-8.88	1.92	496	21.1	1.82	6	1	2.84	29.01	28.55	28.98	499.85	498.23	-0.005	20.646	-0.01	52.24	599.1	0	139	101.8	1.84	-0.0347	1.0	111115
63	"07:38:54"	349.0	-8.82	1.92	496	21	1.82	6	1	2.84	29.01	28.55	28.98	499.86	498.19	-0.004	20.637	-0.01	52.21	599.1	-0	139	101.8	1.84	-0.0347	1.0	111115
64	"07:38:55"	350.5	-8.71	1.91	496	21	1.82	6	1	2.84	29.01	28.55	28.99	499.94	498.17	-0.004	20.624	-0.01	52.17	599.1	-0	139	101.8	1.84	-0.0347	1.0	111115
65	"07:38:57"	351.5	-8.7	1.91	496	21	1.82	6	1	2.84	29.02	28.55	28.99	499.97	498.20	-0.004	20.610	-0.01	52.14	599.0	-0	139	101.8	1.84	-0.0347	1.0	111115
66	"07:38:58"	353.0	-8.65	1.9	496	21	1.82	6	1	2.84	29.02	28.55	28.99	499.96	498.15	-0.005	20.589	-0.01	52.08	599.0	0	139	101.8	1.84	-0.0347	1.0	111115
67	"07:38:59"	354.0	-8.8	1.9	496	21	1.82	6	1	2.84	29.02	28.55	28.99	499.89	498.23	-0.005	20.576	-0.01	52.04	599.0	-0	139	101.8	1.84	-0.0347	1.0	111115
68	"07:39:00"	355.5	-8.78	1.89	496	21	1.83	6	1	2.84	29.02	28.55	28.99	499.89	498.23	-0.004	20.560	-0.01	52.00	599.0	-0	139	101.8	1.84	-0.0347	1.0	111115
69	"07:39:02"	356.5	-8.8	1.89	496	21	1.83	6	1	2.84	29.02	28.55	28.99	499.91	498.26	-0.004	20.552	-0.01	51.98	599.0	-0	139	101.8	1.84	-0.0347	1.0	111115
70	"07:39:03"	358.0	-8.75	1.88	496	20.9	1.83	6	1	2.84	29.02	28.56	28.99	499.95	498.27	-0.003	20.533	-0.01	51.93	599.0	-0	140	101.8	1.84	-0.0347	1.0	111115
71	"07:39:04"	359.0	-8.78	1.88	496	20.9	1.83	6	1	2.84	29.02	28.55	28.99	499.92	498.27	-0.004	20.519	-0.01	51.89	599.0	-0	140	101.8	1.84	-0.0347	1.0	111115
72	"07:39:05"	360.5	-8.84	1.87	496	20.9	1.83	6	1	2.84	29.02	28.56	28.99	499.86	498.28	-0.004	20.506	-0.01	51.85	599.0	-0	140	101.8	1.84	-0.0347	1.0	111115
73	"07:39:07"	361.5	-8.78	1.87	496	20.9	1.83	6	1	2.84	29.02	28.56	28.99	499.89	498.25	-0.004	20.495	-0.01	51.82	599.0	-0	140	101.8	1.84	-0.0347	1.0	111115
74	"07:39:08"	363.0	-8.65	1.86	496	20.9	1.83	6	1	2.84	29.02	28.56	28.99	499.98	498.22	-0.004	20.483	-0.01	51.79	599.0	0	140	101.8	1.84	-0.0347	1.0	111115
75	"07:39:09"	364.0	-8.61	1.86	496	20.9	1.84	6	1	2.84	29.02	28.56	29.00	499.99	498.20	-0.004	20.469	-0.01	51.76	599.0	-0	140	101.8	1.84	-0.0347	1.0	111115
76	"07:39:10"	365.5	-8.57	1.85	496	20.9	1.84	6	1	2.84	29.02	28.56	29.00	500.05	498.23	-0.005	20.455	-0.01	51.72	599.1	-0	140	101.8	1.84	-0.0347	1.0	111115
77	"07:39:12"	366.5	-8.57	1.85	496	20.8	1.84	6	1	2.84	29.03	28.56	29.00	500.05	498.24	-0.004	20.443	-0.01	51.68	599.0	-0	140	101.8	1.84	-0.0347	1.0	111115
78	"07:39:13"	368.0	-8.59	1.84	496	20.8	1.84	6	1	2.84	29.03	28.56	29.00	500.06	498.28	-0.004	20.427	-0.01	51.64	599.1	-0	140	101.8	1.84	-0.0347	1.0	111115
79	"07:39:14"	369.0	-8.64	1.84	496	20.8	1.84	6	1	2.84	29.03	28.56	29.00	500.03	498.30	-0.004	20.415	-0.01	51.61	599.1	0	140	101.8	1.84	-0.0347	1.0	111115
80	"07:39:15"	370.5	-8.74	1.83	496	20.8	1.84	6	1	2.84	29.03	28.56	29.00	499.96	498.33	-0.004	20.399	-0.01	51.56	599.2	-0	140	101.8	1.84	-0.0347	1.0	111115
81	"07:39:17"	371.5	-8.75	1.83	496	20.8	1.85	6	1	2.84	29.03	28.57	29.00	499.95	498.34	-0.004	20.388	-0.01	51.53	599.2	-0	140	101.8	1.84	-0.0347	1.0	111115
82	"07:39:18"	373.0	-8.61	1.83	496	20.8	1.85	6	1	2.84	29.03	28.57	29.00	499.99	498.25	-0.005	20.373	-0.01	51.49	599.2	-0	140	101.8	1.84	-0.0347	1.0	111115
83	"07:39:19"	374.0	-8.6	1.82	496	20.8	1.85	6	1	2.84	29.03	28.56	29.00	500.00	498.25	-0.005	20.364	-0.01	51.47	599.1	-0	140	101.8	1.84	-0.0347	1.0	111115
84	"07:39:20"	375.5	-8.63	1.82	496	20.7	1.85	6	1	2.84	29.03	28.56	29.00	499.96	498.25	-0.005	20.349	-0.01	51.43	599.2	-0	141	101.8	1.84	-0.0347	1.0	111115
85	"07:39:22"	376.5	-8.68	1.81	496	20.7	1.85	6	1	2.84	29.03	28.57	29.00	499.95	498.29	-0.005	20.338	-0.01	51.40	599.1	-0	141	101.8	1.84	-0.0347	1.0	111115
86	"07:39:23"	378.0	-8.66	1.81	496	20.7	1.85	6	1	2.84	29.03	28.57	29.00	499.98	498.31	-0.005	20.322	-0.01	51.35	599.1	-0	141	101.8	1.84	-0.0347	1.0	111115
87	"07:39:24"	379.0	-8.55	1.8	496	20.7	1.86	6	1	2.84	29.03	28.57	29.01	500.06	498.29	-0.005	20.311	-0.01	51.32	599.1	-0	141	101.8	1.84	-0.0347	1.0	111115
88	"07:39:25"	380.5	-8.55	1.8	496	20.7	1.86	6	1	2.84	29.04	28.57	29.01	500.09	498.33	-0.006	20.298	-0.01	51.29	599.0	-0	141	101.8	1.84	-0.0347	1.0	111115
89	"07:39:27"	381.5	-8.52	1.8	496	20.7	1.86	6	1	2.84	29.04	28.57	29.01	500.13	498.34	-0.005	20.286	-0.01	51.25	599.0	-0	141	101.8	1.84	-0.0347	1.0	111115
90	"07:39:28"	383.0	-8.62	1.79	496	20.7	1.86	6	1	2.84	29.04	28.57	29.01	500.03	498.36	-0.005	20.272	-0.01	51.22	599.0	-0	141	101.8	1.84	-0.0347	1.0	111115
91	"07:39:29"	384.0	-8.58	1.79	496	20.7	1.86	6	1	2.84	29.04	28.57	29.01	500.05	498.33	-0.005	20.266	-0.01	51.20	599.0	-0	141	101.8	1.84	-0.0347	1.0	111115
92	"07:39:30"	385.5	-8.63	1.78	496	20.6	1.86	6	1	2.84	29.04	28.58	29.01	499.98	498.32	-0.005	20.251	-0.01	51.16	599.0	-0	141	101.8	1.84	-0.0347	1.0	111115
93	"07:39:32"	386.5	-8.59	1.78	496	20.6	1.86	6	1	2.84	29.04	28.58	29.01	500.01	498.31	-0.005	20.237	-0.01	51.12	599.1	-0	141	101.8	1.84	-0.0347	1.0	111115
94	"07:39:33"	388.0	-8.63	1.77	496	20.6	1.87	6	1	2.84	29.04	28.58	29.01	500.01	498.37	-0.004	20.221	-0.01	51.07	599.1	-0	142	101.8	1.84	-0.0347	1.0	111115
95	"07:39:34"	389.0	-8.58	1.77	496	20.6	1.87	6	1	2.84	29.04	28.58	29.01	500.05	498.35	-0.004	20.212	-0.01	51.05	599.1	-0	142	101.8	1.84	-0.0347	1.0	111115
96	"07:39:35"	390.5	-8.58	1.76	496	20.6	1.87	6	1	2.84	29.04	28.59	29.01	500.06	498.38	-0.005	20.198	-0.01	51.01	599.1	-0	142	101.8	1.84	-0.0347	1.0	111115
97	"07:39:37"	391.5	-8.58	1.76	496	20.6	1.87	6	1	2.84	29.04	28.59	29.02	500.05	498.37	-0.005	20.187	-0.01	50.98	599.0	-0	142	101.8	1.84	-0.0347	1.0	111115
98	"07:39:38"	393.0	-8.5	1.76	496	20.6	1.87	6	1	2.84	29.05	28.59	29.02	500.10	498.35	-0.005	20.174	-0.01	50.94	599.0	-0	142	101.8	1.84	-0.0347	1.0	111115
99	"07:39:39"	394.0	-8.51	1.75	496	20.5	1.87	6	1	2.84	29.05	28.59	29.02	500.07	498.34	-0.006	20.160	-0.01	50.90	599.0	-0	142	101.8	1.84	-0.0347	1.0	111115
100	"07:39:40"	395.5	-8.56	1.75	496	20.5	1.88	6	1	2.84	29.05	28.59	29.02	500.05	498.38	-0.005	20.151	-0.01	50.88	599.0	-0	142	101.8	1.84	-0.0347	1.0	111115
101	"07:39:42"	396.0	-8.59	1.75	496	20.5	1.88	6	1	2.84	29.05	28.59	29.02	500.02	498.38	-0.005	20.143	-0.01	50.85	599.1	-0	143	101.8	1.84	-0.0347	1.0	111115
102	"07:39:43"	398.0	-8.59	1.74	496	20.5	1.88	6	1	2.84	29.05	28.59	29.02	500.01	498.37	-0.005	20.126	-0.01	50.81	599.1	-0	143	101.8	1.84	-0.0347	1.0	111115
103	"07:39:44"	399.0	-8.54	1.74	496	20.5	1.88	6	1	2.84	29.05	28.59	29.02	500.06	498.38	-0.005	20.114	-0.01	50.78	599.1	-0	143	101.8	1.84	-0.0347	1.0	111115
104	"07:39:45"	400.5	-8.49	1.73	496	20.5	1.88	6	1	2.84	29.05	28.59	29.02	500.08	498.35	-0.005	20.100	-0.01	50.74	599.1	-0	144	101.8	1.84	-0.0347	1.0	111115
105	"07:39:47"	401.5	-8.47	1.73	496	20.5	1.88	6	1	2.84	29.05	28.59	29.02	500.09	498.35	-0.005	20.090	-0.01	50.71	599.1	0	144	101.8	1.84	-0.0347	1.0	111115
106	"07:39:48"	403.0	-8.47	1.72	496	20.5	1.88	6	1	2.84	29.05	28.60	29.02	500.09	498.36	-0.005	20.076	-0.01	50.67	599.1	-0	144	101.8	1.84	-0.0347	1.0	111115
107	"07:39:49"	404.0	-8.51	1.72	496	20.5	1.89	6	1	2.84	29.05	28.60	29.02	500.08	498.40	-0.004	20.070	-0.01	50.66	599.1	-0	144	101.8	1.84	-0.0347	1.0	111115
108	"07:39:50"	405.5	-8.57	1.72	496	20.4	1.89	6	1	2.84	29.06	28.60	29.03	500.09	498.47	-0.004	20.056	-0.01	50.62	599.1	-0	144	101.8	1.84	-0.0347	1.0	111115
109	"07:39:52"	406.5	-8.61	1.72	496	20.4	1.89	6	1	2.84	29.06	28.60	29.03	500.09	498.51	-0.004	20.046	-0.01	50.59	599.1	0	144	101.8	1.84	-0.0347	1.0	111115
110	"07:39:53"	408.0	-8.51	1.71	496	20.4	1.89	6	1	2.84	29.06	28.60	29.03	500.09	498.43	-0.005	20.031	-0.01	50.55	599.1	-0	144	101.8	1.84	-0.0347	1.0	111115
111	"07:39:54"	409.0	-8.38	1.71	496	20.4	1.89	6	1	2.84	29.06	28.61	29.03	500.14	498.35	-0.005	20.021	-0.01	50.52	599.1	-0	144	101.8	1.84	-0.0347	1.0	111115
112	"07:39:55"	410.5	-8.35	1.7	496	20.4	1.89	6	1	2.84	29.06	28.61	29.03	500.17	498.35	-0.005	20.012	-0.01	50.49	599.1	-0	144	101.8	1.84	-0.0347	1.0	111115
113	"07:39:57"	411.5	-8.36	1.7	496	20.4	1.9	6	1	2.84	29.06	28.61	29.03	500.21	498.41	-0.005	20.002	-0.01	50.46	599.1	-0	144	101.8	1.84	-0.0347	1.0	111115
114	"07:39:58"	413.0	-8.38	1.69	496	20.4	1.9	6	1	2.84	29.06	28.62	29.03	500.22	498.45	-0.004	19.988	-0.01	50.43	599.1	-0	144	101.8	1.84	-0.0347	1.0	111115
115	"07:39:59"	414.0	-8.58	1.69	496	20.4	1.9	6	1	2.84	29.06	28.62	29.03	500.09	498.52	-0.005	19.978	-0.01	50.40	599.0	-0	145	101.8	1.84	-0.0347	1.0	111115
116	"07:40:00"	415.5	-8.65	1.69	496	20.3	1.9	6	1	2.84	29.06	28.61	29.03	499.99	498.50	-0.006	19.967	-0.01	50.37	599.0	-0	145	101.8	1.84	-0.0347	1.0	111115
117	"07:40:02"	416.5	-8.72	1.69	497	20.3	1.9	6	1	2.84	29.06	28.61	29.04	499.95	498.52	-0.006	19.957	-0.01	50.34	599.1	0	145	101.8	1.84	-0.0347	1.0	111115
118	"07:40:03"	417.0	-8.76	1.68	497	20.3	1.9	6	1	2.84	29.07	28.62	29.04	499.92	498.54	-0.006	19.952	-0.01	50.32	599.1	0	145	101.8	1.84	-0.0347	1.0	111115
119	"07:40:04"	419.0	-8.39	1.68	496	20.3	1.9	6	1	2.84	29.07	28.62	29.04	500.17	498.43	-0.004	19.928	-0.01	50.26	599.1	0	145	101.8	1.84	-0.0347	1.0	111115
120	"07:40:05"	420.0	-8.46	1.67	496	20.3	1.91	6	1	2.84	29.07	28.62	29.04	500.14	498.48	-0.004	19.919	-0.01	50.23	599.0	0	146	101.8	1.84	-0.0347	1.0	111115
121	"07:40:06"	421.5	-8.48	1.67	496	20.3	1.91	6	1	2.84	29.07	28.62	29.04	500.09	498.45	-0.005	19.912	-0.01	50.22	599.0	-0	146	101.8	1.84	-0.0347	1.0	111115
122	"07:40:08"	422.5	-8.6	1.67	496	20.3	1.91	6	1	2.84	29.07	28.63	29.04	500.02	498.51	-0.005	19.905	-0.01	50.20	599.0	0	146	101.8	1.84	-0.0347	1.0	111115
123	"07:40:09"	424.0	-8.76	1.66	497	20.3	1.91	6	1	2.84	29.07	28.62	29.04	499.96	498.60	-0.006	19.894	-0.02	50.16	599.0	-0	146	101.8	1.84	-0.0347	1.0	111115
124	"07:40:10"	425.0	-8.7	1.66	497	20.3	1.91	6	1	2.84	29.07	28.63	29.04	500.02	498.61	-0.006	19.884	-0.01	50.14	599.0	-0	146	101.8	1.84	-0.0347	1.0	111115
125	"07:40:11"	426.5	-8.59	1.66	496	20.2	1.91	6	1	2.84	29.07	28.63	29.04	500.09	498.58	-0.005	19.870	-0.01	50.10	599.0	-0	146	101.8	1.84	-0.0347	1.0	111115
126	"07:40:13"	427.5	-8.47	1.65	496	20.2	1.91	6	1	2.84	29.07	28.63	29.04	500.16	498.54	-0.005	19.861	-0.01	50.07	599.0	0	146	101.8	1.84	-0.0347	1.0	111115
127	"07:40:14"	429.0	-8.41	1.65	496	20.2	1.92	6	1	2.84	29.07	28.63	29.04	500.17	498.50	-0.006	19.844	-0.01	50.03	599.1	0	146	101.8	1.84	-0.0347	1.0	111115
128	"07:40:15"	430.0	-8.37	1.65	496	20.2	1.92	6	1	2.84	29.08	28.63	29.04	500.17	498.46	-0.006	19.836	-0.01	50.00	599.1	0	146	101.8	1.84	-0.0347	1.0	111115
129	"07:40:16"	431.5	-8.34	1.64	496	20.2	1.92	6	1	2.84	29.08	28.63	29.05	500.19	498.46	-0.006	19.828	-0.01	49.98	599.1	-0	146	101.8	1.84	-0.0347	1.0	111115
130	"07:40:18"	432.5	-8.39	1.64	496	20.2	1.92	6	1	2.84	29.08	28.63	29.05	500.17	498.48	-0.006	19.821	-0.01	49.96	599.1	-0	146	101.8	1.84	-0.0347	1.0	111115
131	"07:40:19"	434.0	-8.56	1.64	496	20.2	1.92	6	1	2.84	29.08	28.64	29.05	500.08	498.57	-0.006	19.808	-0.02	49.92	599.0	-0	147	101.8	1.84	-0.0347	1.0	111115
132	"07:40:20"	435.0	-8.66	1.63	497	20.2	1.92	6	1	2.84	29.08	28.64	29.05	500.03	498.62	-0.006	19.798	-0.02	49.89	599.0	-0	147	101.8	1.84	-0.0347	1.0	111115
133	"07:40:21"	436.5	-8.5	1.63	496	20.2	1.92	6	1	2.84	29.08	28.63	29.05	500.12	498.57	-0.006	19.785	-0.02	49.86	599.0	-0	147	101.8	1.84	-0.0347	1.0	111115
134	"07:40:23"	437.5	-8.56	1.63	496	20.1	1.92	6	1	2.84	29.08	28.63	29.05	500.09	498.60	-0.006	19.774	-0.02	49.83	599.1	-0	147	101.8	1.84	-0.0347	1.0	111115
135	"07:40:24"	439.0	-8.42	1.63	496	20.1	1.92	6	1	2.84	29.08	28.63	29.05	500.12	498.51	-0.005	19.763	-0.01	49.80	599.0	-0	147	101.8	1.84	-0.0347	1.0	111115
136	"07:40:25"	440.0	-8.6	1.62	497	20.1	1.93	6	1	2.84	29.08	28.63	29.05	500.02	498.59	-0.005	19.754	-0.01	49.77	599.0	-0	147	101.8	1.84	-0.0347	1.0	111115
137	"07:40:26"	440.5	-8.64	1.62	497	20.1	1.93	6	1	2.84	29.08	28.64	29.05	499.99	498.60	-0.005	19.748	-0.01	49.76	599.0	-0	147	101.8	1.84	-0.0347	1.0	111115
138	"07:40:28"	442.5	-8.42	1.62	496	20.1	1.93	6	1	2.84	29.09	28.64	29.06	500.15	498.55	-0.005	19.736	-0.01	49.72	599.1	0	148	101.8	1.84	-0.0347	1.0	111115
139	"07:40:29"	444.0	-8.32	1.61	496	20.1	1.93	6	1	2.84	29.09	28.64	29.06	500.22	498.52	-0.006	19.725	-0.01	49.69	599.1	-0	148	101.8	1.84	-0.0347	1.0	111115
140	"07:40:30"	445.0	-8.22	1.61	496	20.1	1.93	6	1	2.84	29.09	28.64	29.06	500.28	498.48	-0.006	19.719	-0.01	49.67	599.1	-0	148	101.8	1.84	-0.0347	1.0	111115
141	"07:40:31"	446.5	-8.24	1.61	496	20.1	1.93	6	1	2.84	29.09	28.64	29.06	500.27	498.50	-0.006	19.710	-0.02	49.65	599.0	-0	148	101.8	1.84	-0.0347	1.0	111115
142	"07:40:33"	447.5	-8.18	1.61	496	20.1	1.93	6	1	2.84	29.09	28.64	29.06	500.31	498.48	-0.006	19.698	-0.01	49.61	599.0	-0	149	101.8	1.84	-0.0347	1.0	111115
143	"07:40:34"	449.0	-8.25	1.6	496	20.1	1.94	6	1	2.84	29.09	28.65	29.06	500.24	498.49	-0.006	19.685	-0.01	49.57	599.1	-0	149	101.8	1.84	-0.0347	1.0	111115
144	"07:40:35"	450.0	-8.34	1.6	496	20	1.94	6	1	2.84	29.09	28.65	29.06	500.20	498.54	-0.006	19.674	-0.01	49.54	599.1	-0	149	101.8	1.84	-0.0347	1.0	111115
145	"07:40:36"	451.5	-8.31	1.59	496	20	1.94	6	1	2.84	29.09	28.65	29.06	500.23	498.55	-0.006	19.661	-0.02	49.51	599.1	-0	150	101.8	1.84	-0.0347	1.0	111115
146	"07:40:38"	452.5	-8.27	1.59	496	20	1.94	6	1	2.84	29.10	28.65	29.06	500.25	498.54	-0.006	19.650	-0.01	49.48	599.0	-0	150	101.8	1.84	-0.0347	1.0	111115
147	"07:40:39"	454.0	-8.23	1.59	496	20	1.94	6	1	2.84	29.10	28.65	29.07	500.27	498.53	-0.005	19.641	-0.01	49.45	599.0	-0	150	101.8	1.84	-0.0347	1.0	111115
148	"07:40:40"	455.0	-8.25	1.59	496	20	1.94	6	1	2.84	29.10	28.65	29.07	500.28	498.56	-0.005	19.635	-0.01	49.44	599.0	-0	151	101.8	1.84	-0.0347	1.0	111115
149	"07:40:41"	456.5	-8.17	1.58	496	20	1.94	6	1	2.84	29.10	28.65	29.07	500.35	498.54	-0.005	19.624	-0.01	49.40	599.0	-0	151	101.8	1.84	-0.0347	1.0	111115
150	"07:40:43"	457.5	-8.15	1.58	496	20	1.94	6	1	2.84	29.10	28.65	29.07	500.35	498.54	-0.005	19.616	-0.01	49.38	599.1	-0	152	101.8	1.84	-0.0347	1.0	111115
151	"07:40:44"	459.0	-8.27	1.58	496	20	1.95	6	1	2.84	29.10	28.65	29.07	500.21	498.52	-0.005	19.602	-0.01	49.34	599.1	-0	152	101.8	1.84	-0.0347	1.0	111115
152	"07:40:45"	460.0	-8.41	1.58	496	20	1.95	6	1	2.84	29.10	28.65	29.07	500.12	498.57	-0.005	19.592	-0.01	49.32	599.1	-0	152	101.8	1.84	-0.0347	1.0	111115
153	"07:40:46"	461.5	-8.32	1.57	496	20	1.95	6	1	2.84	29.10	28.65	29.07	500.16	498.53	-0.005	19.582	-0.01	49.28	599.2	-0	152	101.8	1.84	-0.0347	1.0	111115
154	"07:40:48"	462.5	-8.24	1.57	496	19.9	1.95	6	1	2.84	29.10	28.65	29.07	500.22	498.52	-0.006	19.575	-0.02	49.27	599.1	-0	153	101.8	1.84	-0.0347	1.0	111115
155	"07:40:49"	464.0	-8.11	1.57	496	19.9	1.95	6	1	2.84	29.10	28.65	29.07	500.35	498.52	-0.006	19.565	-0.02	49.24	599.1	-0	153	101.8	1.84	-0.0347	1.0	111115
156	"07:40:50"	465.0	-8.12	1.57	496	19.9	1.95	6	1	2.84	29.11	28.65	29.07	500.38	498.57	-0.007	19.558	-0.02	49.22	599.1	-0	153	101.8	1.84	-0.0347	1.0	111115
157	"07:40:51"	466.5	-8.08	1.57	496	19.9	1.95	6	1	2.84	29.11	28.65	29.08	500.42	498.57	-0.006	19.549	-0.01	49.19	599.1	-0	154	101.8	1.84	-0.0347	1.0	111115
158	"07:40:53"	467.5	-8.15	1.56	496	19.9	1.95	6	1	2.84	29.11	28.65	29.08	500.39	498.61	-0.006	19.543	-0.02	49.17	599.1	-0	154	101.8	1.84	-0.0347	1.0	111115
159	"07:40:54"	469.0	-8.3	1.56	496	19.9	1.95	6	1	2.84	29.11	28.65	29.08	500.29	498.67	-0.006	19.528	-0.01	49.13	599.1	-0	154	101.8	1.84	-0.0347	1.0	111115
160	"07:40:55"	470.0	-8.32	1.56	496	19.9	1.95	6	1	2.84	29.11	28.66	29.08	500.24	498.64	-0.006	19.518	-0.02	49.10	599.1	-0	154	101.8	1.84	-0.0347	1.0	111115
161	"07:40:56"	471.5	-8.34	1.55	496	19.9	1.96	6	1	2.84	29.11	28.66	29.08	500.19	498.62	-0.005	19.503	-0.01	49.06	599.0	-0	154	101.8	1.84	-0.0347	1.0	111115
162	"07:40:58"	472.5	-8.32	1.55	496	19.9	1.96	6	1	2.84	29.11	28.66	29.08	500.18	498.59	-0.005	19.498	-0.01	49.05	599.1	-0	154	101.8	1.84	-0.0347	1.0	111115
163	"07:40:59"	474.0	-8.3	1.55	496	19.8	1.96	6	1	2.84	29.11	28.66	29.08	500.22	498.62	-0.005	19.485	-0.01	49.01	599.1	-0	154	101.8	1.84	-0.0347	1.0	111115
164	"07:41:00"	475.0	-8.27	1.55	496	19.8	1.96	6	1	2.84	29.11	28.66	29.08	500.24	498.62	-0.005	19.474	-0.01	48.98	599.1	-0	154	101.8	1.84	-0.0347	1.0	111115
165	"07:41:01"	476.5	-8.14	1.54	496	19.8	1.96	6	1	2.84	29.11	28.66	29.08	500.32	498.56	-0.005	19.464	-0.01	48.95	599.1	-0	154	101.8	1.84	-0.0347	1.0	111115
166	"07:41:03"	477.5	-8.17	1.54	496	19.8	1.96	6	1	2.84	29.12	28.66	29.08	500.31	498.59	-0.005	19.458	-0.01	48.94	599.1	0	155	101.8	1.84	-0.0347	1.0	111115
167	"07:41:04"	479.0	-8.22	1.54	496	19.8	1.96	6	1	2.84	29.12	28.67	29.08	500.31	498.65	-0.006	19.450	-0.01	48.91	599.1	-0	155	101.8	1.84	-0.0347	1.0	111115
168	"07:41:05"	480.0	-8.22	1.53	496	19.8	1.97	6	1	2.84	29.12	28.67	29.09	500.32	498.66	-0.006	19.441	-0.02	48.89	599.0	0	155	101.8	1.84	-0.0347	1.0	111115
169	"07:41:06"	481.5	-8.21	1.53	496	19.8	1.97	6	1	2.84	29.12	28.67	29.09	500.27	498.62	-0.006	19.428	-0.01	48.85	599.0	-0	155	101.8	1.84	-0.0347	1.0	111115
170	"07:41:08"	482.5	-8.21	1.53	496	19.8	1.97	6	1	2.84	29.12	28.67	29.09	500.27	498.62	-0.005	19.418	-0.01	48.82	599.0	-0	155	101.8	1.84	-0.0347	1.0	111115
171	"07:41:09"	484.0	-8.23	1.52	496	19.8	1.97	6	1	2.84	29.12	28.67	29.09	500.26	498.63	-0.004	19.408	-0.01	48.79	599.0	-0	155	101.8	1.84	-0.0347	1.0	111115
172	"07:41:10"	485.0	-8.28	1.52	496	19.8	1.97	6	1	2.84	29.12	28.67	29.09	500.23	498.65	-0.004	19.402	-0.01	48.78	599.0	-0	155	101.8	1.84	-0.0347	1.0	111115
173	"07:41:11"	486.5	-8.25	1.52	496	19.8	1.97	6	1	2.84	29.12	28.67	29.09	500.24	498.63	-0.005	19.394	-0.01	48.76	599.0	-0	155	101.8	1.84	-0.0347	1.0	111115
174	"07:41:13"	487.5	-8.27	1.52	496	19.7	1.97	6	1	2.84	29.12	28.67	29.09	500.25	498.67	-0.006	19.387	-0.02	48.74	599.1	-0	155	101.8	1.84	-0.0347	1.0	111115
175	"07:41:14"	489.0	-8.16	1.52	496	19.7	1.97	6	1	2.84	29.12	28.67	29.09	500.32	498.63	-0.007	19.379	-0.02	48.72	599.1	-0	155	101.8	1.84	-0.0347	1.0	111115
176	"07:41:15"	490.0	-8.1	1.51	496	19.7	1.97	6	1	2.84	29.12	28.67	29.09	500.34	498.60	-0.007	19.370	-0.02	48.69	599.0	-0	155	101.8	1.84	-0.0347	1.0	111115
177	"07:41:16"	491.5	-7.98	1.51	496	19.7	1.98	6	1	2.84	29.13	28.68	29.09	500.39	498.54	-0.006	19.356	-0.01	48.65	599.0	-0	155	101.8	1.84	-0.0347	1.0	111115
178	"07:41:18"	492.0	-7.98	1.51	496	19.7	1.98	6	1	2.84	29.13	28.68	29.09	500.40	498.56	-0.005	19.353	-0.01	48.64	599.0	-0	155	101.8	1.84	-0.0347	1.0	111115
179	"07:41:19"	494.0	-7.99	1.5	496	19.7	1.98	6	1	2.84	29.13	28.68	29.10	500.42	498.59	-0.006	19.333	-0.01	48.59	599.1	0	155	101.8	1.84	-0.0347	1.0	111115
180	"07:41:20"	495.0	-8.04	1.5	496	19.7	1.98	6	1	2.84	29.13	28.68	29.10	500.38	498.60	-0.005	19.329	-0.01	48.57	599.1	-0	155	101.8	1.84	-0.0347	1.0	111115
181	"07:41:21"	496.5	-8.19	1.5	496	19.7	1.98	6	1	2.84	29.13	28.68	29.10	500.30	498.67	-0.006	19.321	-0.01	48.55	599.1	-0	154	101.8	1.84	-0.0347	1.0	111115
182	"07:41:23"	497.5	-8.1	1.5	496	19.7	1.98	6	1	2.84	29.13	28.68	29.10	500.36	498.64	-0.006	19.313	-0.01	48.53	599.2	0	154	101.8	1.84	-0.0347	1.0	111115
183	"07:41:24"	499.0	-8.07	1.5	496	19.7	1.98	6	1	2.84	29.13	28.68	29.10	500.39	498.65	-0.006	19.302	-0.02	48.50	599.3	0	154	101.8	1.84	-0.0347	1.0	111115
184	"07:41:25"	500.0	-8.01	1.5	496	19.7	1.98	6	1	2.84	29.13	28.68	29.10	500.41	498.61	-0.006	19.298	-0.02	48.48	599.3	-0	154	101.8	1.84	-0.0347	1.0	111115
185	"07:41:26"	501.5	-8.14	1.49	496	19.6	1.99	6	1	2.84	29.13	28.69	29.10	500.32	498.66	-0.005	19.285	-0.01	48.45	599.2	-0	154	101.8	1.84	-0.0347	1.0	111115
186	"07:41:28"	502.5	-8.16	1.49	496	19.6	1.99	6	1	2.84	29.14	28.69	29.10	500.33	498.69	-0.006	19.276	-0.01	48.42	599.1	-0	155	101.8	1.84	-0.0347	1.0	111115
187	"07:41:29"	504.0	-8.16	1.49	496	19.6	1.99	6	1	2.84	29.14	28.69	29.10	500.33	498.71	-0.006	19.261	-0.02	48.38	599.1	-0	155	101.8	1.84	-0.0347	1.0	111115
188	"07:41:30"	505.0	-8.12	1.48	496	19.6	1.99	6	1	2.84	29.14	28.69	29.10	500.35	498.70	-0.006	19.253	-0.02	48.36	599.1	-0	156	101.8	1.84	-0.0347	1.0	111115
189	"07:41:31"	506.5	-8.04	1.48	496	19.6	1.99	6	1	2.84	29.14	28.69	29.11	500.39	498.66	-0.006	19.245	-0.02	48.33	599.1	-0	157	101.8	1.84	-0.0347	1.0	111115
190	"07:41:33"	507.5	-8.14	1.48	496	19.6	1.99	6	1	2.84	29.14	28.69	29.11	500.34	498.70	-0.006	19.239	-0.01	48.32	599.0	-0	158	101.8	1.84	-0.0347	1.0	111115
191	"07:41:34"	509.0	-8.18	1.48	496	19.6	1.99	6	1	2.84	29.14	28.70	29.11	500.33	498.74	-0.006	19.232	-0.01	48.30	599.0	-0	159	101.8	1.84	-0.0347	1.0	111115
192	"07:41:35"	510.0	-8.27	1.47	496	19.6	1.99	6	1	2.84	29.14	28.69	29.11	500.30	498.80	-0.006	19.222	-0.02	48.27	599.1	-0	159	101.8	1.84	-0.0347	1.0	111115
193	"07:41:36"	511.5	-8.09	1.47	496	19.6	2	6	1	2.84	29.14	28.70	29.11	500.39	498.72	-0.007	19.212	-0.02	48.24	599.1	-0	158	101.8	1.84	-0.0347	1.0	111115
194	"07:41:38"	512.5	-8.09	1.47	496	19.6	2	6	1	2.84	29.14	28.69	29.11	500.40	498.74	-0.007	19.201	-0.02	48.21	599.1	-0	158	101.8	1.84	-0.0347	1.0	111115
195	"07:41:39"	514.0	-8.06	1.47	496	19.5	2	6	1	2.84	29.14	28.70	29.11	500.43	498.74	-0.007	19.196	-0.02	48.19	599.1	-0	156	101.8	1.84	-0.0347	1.0	111115
196	"07:41:40"	515.0	-8.13	1.47	496	19.5	2	6	1	2.84	29.15	28.70	29.11	500.38	498.76	-0.007	19.190	-0.02	48.18	599.1	-0	155	101.8	1.84	-0.0347	1.0	111115
197	"07:41:41"	516.5	-8.16	1.46	496	19.5	2	6	1	2.84	29.15	28.70	29.11	500.33	498.74	-0.007	19.182	-0.02	48.16	599.1	-0	154	101.8	1.84	-0.0347	1.0	111115
198	"07:41:43"	517.5	-8.23	1.46	496	19.5	2	6	1	2.84	29.15	28.70	29.11	500.28	498.77	-0.006	19.173	-0.02	48.13	599.1	-0	154	101.8	1.84	-0.0347	1.0	111115
199	"07:41:44"	519.0	-8.12	1.46	496	19.5	2	6	1	2.84	29.15	28.70	29.11	500.35	498.74	-0.006	19.156	-0.01	48.08	599.0	-0	154	101.8	1.84	-0.0347	1.0	111115
200	"07:41:45"	520.0	-8.08	1.46	496	19.5	2	6	1	2.84	29.15	28.70	29.12	500.39	498.75	-0.006	19.150	-0.02	48.07	599.1	-0	154	101.8	1.84	-0.0347	1.0	111115
201	"07:41:46"	521.5	-8	1.45	496	19.5	2	6	1	2.84	29.15	28.70	29.12	500.47	498.75	-0.006	19.137	-0.02	48.03	599.0	0	154	101.8	1.84	-0.0347	1.0	111115
202	"07:41:48"	522.5	-8	1.45	496	19.5	2	6	1	2.84	29.15	28.70	29.12	500.49	498.78	-0.006	19.132	-0.02	48.02	599.1	-0	154	101.8	1.84	-0.0347	1.0	111115
203	"07:41:49"	524.0	-8.05	1.45	496	19.5	2.01	6	1	2.84	29.15	28.70	29.12	500.41	498.74	-0.007	19.125	-0.02	48.00	599.0	0	154	101.8	1.84	-0.0347	1.0	111115
204	"07:41:50"	525.0	-8.07	1.45	496	19.5	2.01	6	1	2.84	29.15	28.70	29.12	500.35	498.72	-0.006	19.123	-0.02	47.99	598.9	-0	154	101.8	1.84	-0.0347	1.0	111115
205	"07:41:51"	526.5	-8.04	1.45	496	19.5	2.01	6	1	2.84	29.15	28.71	29.12	500.33	498.67	-0.006	19.114	-0.02	47.96	598.8	0	154	101.8	1.84	-0.0347	1.0	111115
206	"07:41:53"	527.5	-8.01	1.44	496	19.5	2.01	6	1	2.84	29.16	28.71	29.12	500.37	498.67	-0.006	19.109	-0.01	47.95	598.9	-0	154	101.8	1.84	-0.0347	1.0	111115
207	"07:41:54"	529.0	-7.97	1.44	496	19.4	2.01	6	1	2.84	29.16	28.71	29.12	500.43	498.70	-0.006	19.097	-0.01	47.92	599.1	-0	154	101.8	1.84	-0.0347	1.0	111115
208	"07:41:55"	530.0	-7.97	1.44	496	19.4	2.01	6	1	2.84	29.16	28.71	29.12	500.45	498.72	-0.005	19.089	-0.01	47.89	599.1	-0	154	101.8	1.84	-0.0347	1.0	111115
209	"07:41:56"	531.5	-8	1.44	496	19.4	2.01	6	1	2.84	29.16	28.71	29.12	500.43	498.73	-0.006	19.080	-0.01	47.87	599.1	-0	154	101.8	1.84	-0.0347	1.0	111115
210	"07:41:58"	532.5	-7.92	1.44	496	19.4	2.01	6	1	2.84	29.16	28.71	29.12	500.49	498.72	-0.005	19.073	-0.01	47.85	599.1	-0	154	101.8	1.84	-0.0347	1.0	111115
211	"07:41:59"	534.0	-7.89	1.43	496	19.4	2.01	6	1	2.84	29.16	28.71	29.13	500.48	498.69	-0.005	19.065	-0.01	47.83	599.1	-0	154	101.8	1.84	-0.0347	1.0	111115
212	"07:42:00"	535.0	-7.87	1.43	496	19.4	2.02	6	1	2.84	29.16	28.71	29.13	500.49	498.68	-0.005	19.056	-0.01	47.80	599.1	-0	154	101.8	1.84	-0.0347	1.0	111115
213	"07:42:01"	536.5	-7.79	1.43	496	19.4	2.02	6	1	2.84	29.16	28.71	29.13	500.51	498.63	-0.006	19.049	-0.01	47.78	599.0	-0	154	101.8	1.84	-0.0347	1.0	111115
214	"07:42:03"	537.5	-7.76	1.43	496	19.4	2.02	6	1	2.84	29.16	28.71	29.13	500.54	498.64	-0.005	19.039	-0.01	47.75	599.1	-0	155	101.8	1.84	-0.0347	1.0	111115
215	"07:42:04"	539.0	-7.8	1.43	496	19.4	2.02	6	1	2.84	29.16	28.72	29.13	500.53	498.67	-0.005	19.029	-0.01	47.72	599.0	-0	155	101.8	1.84	-0.0347	1.0	111115
216	"07:42:05"	540.0	-7.93	1.42	496	19.4	2.02	6	1	2.84	29.17	28.72	29.13	500.48	498.75	-0.005	19.020	-0.01	47.70	599.1	-0	156	101.8	1.84	-0.0347	1.0	111115
217	"07:42:06"	541.5	-7.96	1.42	496	19.4	2.02	6	1	2.84	29.17	28.72	29.13	500.45	498.75	-0.006	19.009	-0.01	47.67	599.1	-0	157	101.8	1.84	-0.0347	1.0	111115
218	"07:42:08"	542.5	-7.93	1.42	496	19.3	2.02	6	1	2.84	29.17	28.72	29.13	500.46	498.73	-0.006	19.002	-0.01	47.65	599.1	-0	157	101.8	1.84	-0.0347	1.0	111115
219	"07:42:09"	544.0	-7.88	1.41	496	19.3	2.02	6	1	2.84	29.17	28.72	29.13	500.51	498.74	-0.006	18.990	-0.01	47.61	599.1	-0	158	101.8	1.84	-0.0347	1.0	111115
220	"07:42:10"	545.0	-8.01	1.41	496	19.3	2.03	6	1	2.84	29.17	28.73	29.14	500.46	498.83	-0.006	18.984	-0.02	47.60	599.1	-0	158	101.8	1.84	-0.0347	1.0	111115
221	"07:42:11"	546.5	-8.1	1.41	496	19.3	2.03	6	1	2.84	29.17	28.73	29.14	500.43	498.89	-0.007	18.971	-0.02	47.56	599.1	-0	158	101.8	1.84	-0.0347	1.0	111115
222	"07:42:13"	547.5	-8.06	1.41	496	19.3	2.03	6	1	2.84	29.17	28.73	29.14	500.42	498.84	-0.007	18.965	-0.02	47.54	599.1	-0	158	101.8	1.84	-0.0347	1.0	111115
223	"07:42:14"	549.0	-8.06	1.41	496	19.3	2.03	6	1	2.84	29.17	28.73	29.14	500.40	498.83	-0.008	18.954	-0.02	47.51	599.0	-0	158	101.8	1.84	-0.0347	1.0	111115
224	"07:42:15"	550.0	-7.96	1.4	496	19.3	2.03	6	1	2.84	29.17	28.73	29.14	500.44	498.77	-0.007	18.949	-0.02	47.50	599.0	-0	158	101.8	1.84	-0.0347	1.0	111115
225	"07:42:16"	551.5	-7.91	1.4	496	19.3	2.03	6	1	2.84	29.17	28.73	29.14	500.48	498.77	-0.007	18.938	-0.02	47.47	599.0	-0	160	101.8	1.84	-0.0347	1.0	111115
226	"07:42:18"	552.5	-7.89	1.4	496	19.3	2.03	6	1	2.84	29.18	28.73	29.14	500.49	498.77	-0.006	18.930	-0.02	47.44	599.0	-0	161	101.8	1.84	-0.0347	1.0	111115
227	"07:42:19"	554.0	-7.95	1.4	496	19.3	2.03	6	1	2.84	29.18	28.73	29.14	500.47	498.81	-0.006	18.920	-0.02	47.42	599.0	-0	162	101.8	1.84	-0.0347	1.0	111115
228	"07:42:20"	555.0	-7.97	1.4	496	19.3	2.03	6	1	2.84	29.18	28.73	29.14	500.45	498.81	-0.006	18.912	-0.02	47.39	599.1	-0	163	101.8	1.84	-0.0347	1.0	111115
229	"07:42:21"	556.5	-7.95	1.39	496	19.3	2.04	6	1	2.84	29.18	28.74	29.14	500.46	498.80	-0.007	18.908	-0.02	47.38	599.2	0	163	101.8	1.84	-0.0347	1.0	111115
230	"07:42:23"	557.5	-7.84	1.39	496	19.2	2.04	6	1	2.84	29.18	28.74	29.14	500.50	498.74	-0.007	18.902	-0.02	47.36	599.2	-0	162	101.8	1.84	-0.0347	1.0	111115
231	"07:42:24"	559.0	-7.9	1.39	496	19.2	2.04	6	1	2.84	29.18	28.73	29.15	500.48	498.79	-0.006	18.896	-0.01	47.34	599.2	-0	161	101.8	1.84	-0.0347	1.0	111115
232	"07:42:25"	560.0	-7.97	1.39	496	19.2	2.04	6	1	2.84	29.18	28.73	29.15	500.44	498.82	-0.006	18.889	-0.01	47.32	599.2	-0	159	101.8	1.84	-0.0347	1.0	111115
233	"07:42:26"	561.5	-8.11	1.39	496	19.2	2.04	6	1	2.84	29.18	28.74	29.15	500.36	498.88	-0.005	18.876	-0.01	47.29	599.1	-0	157	101.8	1.84	-0.0347	1.0	111115
234	"07:42:28"	562.5	-8.12	1.38	497	19.2	2.04	6	1	2.84	29.18	28.74	29.15	500.36	498.90	-0.005	18.867	-0.01	47.26	599.1	-0	155	101.8	1.84	-0.0347	1.0	111115
235	"07:42:29"	564.0	-8.11	1.38	497	19.2	2.04	6	1	2.84	29.18	28.74	29.15	500.36	498.89	-0.006	18.859	-0.02	47.24	599.1	-0	153	101.8	1.84	-0.0347	1.0	111115
236	"07:42:30"	565.0	-7.93	1.38	496	19.2	2.04	6	1	2.84	29.19	28.74	29.15	500.46	498.82	-0.006	18.855	-0.02	47.23	599.1	-0	152	101.8	1.84	-0.0347	1.0	111115
237	"07:42:31"	566.5	-7.8	1.38	496	19.2	2.04	6	1	2.84	29.19	28.74	29.15	500.54	498.76	-0.007	18.850	-0.02	47.21	599.0	-0	151	101.8	1.84	-0.0347	1.0	111115
238	"07:42:33"	567.5	-7.78	1.38	496	19.2	2.04	6	1	2.84	29.19	28.74	29.15	500.56	498.77	-0.007	18.845	-0.02	47.20	599.0	-0	150	101.8	1.84	-0.0347	1.0	111115
239	"07:42:34"	569.0	-7.81	1.38	496	19.2	2.04	6	1	2.84	29.19	28.74	29.15	500.55	498.80	-0.006	18.834	-0.01	47.17	599.0	-0	149	101.8	1.84	-0.0347	1.0	111115
240	"07:42:35"	570.0	-7.86	1.37	496	19.2	2.05	6	1	2.84	29.19	28.74	29.16	500.52	498.82	-0.006	18.827	-0.01	47.15	599.0	-0	149	101.8	1.84	-0.0347	1.0	111115
241	"07:42:36"	571.5	-7.93	1.37	496	19.2	2.05	6	1	2.84	29.19	28.74	29.16	500.49	498.87	-0.006	18.817	-0.01	47.12	599.0	0	148	101.8	1.84	-0.0347	1.0	111115
