"OPEN 5.3.2"
"Fri Aug  3 2018 09:16:08"
"Unit="	"PSC-895"
"ComputeList="	"/User/Configs/Comps/Default"
"BLCTable="	"/Sys/Lib/StdBLCTable"
"LightSource="	"Sun+Sky"	1	0.19
"LogFormat="	"/User/Configs/LogFormats/Std Output"
"LogCodes="	-35	-21	-36	30	23	36	21	25	-33	-34	-32	-9	-10	-8	-1	-2	-4	-5	-14	-15	-7	-12	-13	-11	-65	-66	-72	-23
"PromptList="	"/User/Configs/Prompts/Default (none)"
"Stability= (CO2S 15s SLP<1)(H2OS 15s SLP<1)(Flow 15s SLP<1)"
"09:16:09 co2 500 flow 600. note; fineroots-15 is firhiz-19 is fineroots19"
$STARTOFDATA$
"Obs"	"HHMMSS"	"FTime"	"Photo"	"Cond"	"Ci"	"Trmmol"	"VpdL"	"Area"	"StmRat"	"BLCond"	"Tair"	"Tleaf"	"TBlk"	"CO2R"	"CO2S"	"H2OR"	"H2OS"	"RH_R"	"RH_S"	"Flow"	"PARi"	"PARo"	"Press"	"CsMch"	"HsMch"	"StableF"	"Status"
1	"09:18:31"	189.5	-16.2	4.54	496	37.5	2.08	6	1	2.84	36.14	35.69	36.06	500.80	498.28	1.076	37.189	1.82	62.96	600.0	-0	648	101.8	10.3	0.00521	0.7	111115
2	"09:18:32"	190.5	-16	4.54	496	37.5	2.08	6	1	2.84	36.14	35.69	36.07	500.93	498.21	1.076	37.186	1.82	62.95	600.0	-0	711	101.8	10.3	0.00521	0.7	111115
3	"09:18:34"	192.0	-15.9	4.53	496	37.5	2.08	6	1	2.84	36.14	35.70	36.07	500.92	498.16	1.075	37.180	1.82	62.94	600.0	-0	768	101.8	10.3	0.00521	0.7	111115
4	"09:18:35"	193.0	-16	4.52	496	37.5	2.08	6	1	2.84	36.15	35.70	36.07	500.82	498.16	1.075	37.175	1.82	62.92	600.0	-0	814	101.8	10.3	0.00521	0.7	111115
5	"09:18:36"	194.5	-16.4	4.5	496	37.5	2.09	6	1	2.84	36.15	35.70	36.08	500.52	498.21	1.075	37.161	1.82	62.88	600.0	-0	853	101.8	10.3	0.00521	1.0	111115
6	"09:18:37"	195.5	-16.5	4.49	496	37.5	2.09	6	1	2.84	36.15	35.70	36.08	500.34	498.17	1.076	37.152	1.82	62.86	600.0	-0	830	101.8	10.3	0.00521	1.0	111115
7	"09:18:39"	197.0	-16.7	4.48	497	37.5	2.09	6	1	2.84	36.16	35.71	36.08	500.09	498.18	1.079	37.140	1.82	62.82	600.0	-0	760	101.8	10.3	0.00521	1.0	111115
8	"09:18:40"	198.0	-16.7	4.47	496	37.4	2.09	6	1	2.84	36.16	35.71	36.09	500.07	498.08	1.080	37.131	1.83	62.80	600.0	-0	717	101.8	10.3	0.00521	1.0	111115
9	"09:18:41"	199.5	-16.6	4.45	496	37.4	2.09	6	1	2.84	36.16	35.71	36.09	500.11	498.06	1.082	37.121	1.83	62.77	600.0	-0	699	101.8	10.3	0.00521	1.0	111115
10	"09:18:42"	200.5	-16.7	4.43	496	37.4	2.1	6	1	2.84	36.17	35.72	36.09	500.05	498.11	1.082	37.111	1.83	62.74	600.0	-0	733	101.8	10.3	0.00521	1.0	111115
11	"09:18:44"	202.0	-16.6	4.41	496	37.4	2.1	6	1	2.84	36.17	35.72	36.10	500.11	498.12	1.083	37.097	1.83	62.70	600.0	-0	825	101.8	10.3	0.00521	1.0	111115
12	"09:18:45"	203.0	-16.7	4.4	496	37.4	2.1	6	1	2.84	36.18	35.72	36.10	500.06	498.11	1.083	37.091	1.83	62.68	600.0	-0	901	101.8	10.3	0.00521	1.0	111115
13	"09:18:46"	204.5	-16.5	4.39	496	37.4	2.1	6	1	2.84	36.18	35.73	36.11	500.05	497.97	1.085	37.085	1.83	62.65	600.0	-0	966	101.8	10.3	0.00521	1.0	111115
14	"09:18:47"	205.5	-16.7	4.38	496	37.4	2.1	6	1	2.84	36.18	35.73	36.11	499.97	498.01	1.086	37.081	1.84	62.64	600.0	-0	985	101.8	10.3	0.00521	1.0	111115
15	"09:18:49"	207.0	-16.9	4.37	497	37.4	2.11	6	1	2.84	36.19	35.73	36.12	499.83	498.08	1.087	37.073	1.84	62.61	600.0	-0	994	101.8	10.3	0.00521	1.0	111115
16	"09:18:50"	208.0	-16.7	4.36	496	37.4	2.11	6	1	2.84	36.19	35.74	36.12	499.91	498.00	1.089	37.065	1.84	62.59	600.0	-0	996	101.8	10.3	0.00521	1.0	111115
17	"09:18:51"	209.5	-16.4	4.34	496	37.3	2.11	6	1	2.84	36.19	35.74	36.12	500.04	497.87	1.092	37.053	1.84	62.55	600.0	-0	994	101.8	10.3	0.00521	1.0	111115
18	"09:18:52"	210.5	-16	4.33	496	37.3	2.11	6	1	2.84	36.20	35.74	36.13	500.24	497.70	1.094	37.045	1.85	62.53	600.0	-0	994	101.8	10.3	0.00521	1.0	111115
19	"09:18:54"	212.0	-16	4.32	495	37.3	2.11	6	1	2.84	36.20	35.74	36.13	500.27	497.65	1.095	37.041	1.85	62.50	600.0	-0	993	101.8	10.3	0.00521	0.7	111115
20	"09:18:55"	213.0	-16	4.31	495	37.3	2.11	6	1	2.84	36.20	35.75	36.13	500.26	497.64	1.095	37.034	1.85	62.48	600.0	-0	993	101.8	10.3	0.00521	0.7	111115
21	"09:18:56"	214.5	-16.1	4.3	496	37.3	2.12	6	1	2.84	36.21	35.75	36.14	500.12	497.65	1.098	37.029	1.85	62.46	600.0	-0	993	101.8	10.3	0.00521	0.7	111115
22	"09:18:57"	215.5	-16	4.29	495	37.3	2.12	6	1	2.84	36.21	35.75	36.14	500.14	497.61	1.100	37.023	1.85	62.44	600.0	-0	994	101.8	10.3	0.00521	0.7	111115
23	"09:18:59"	217.0	-16	4.27	495	37.3	2.12	6	1	2.84	36.22	35.76	36.15	500.16	497.60	1.102	37.021	1.86	62.42	600.0	-0	995	101.8	10.3	0.00521	0.7	111115
24	"09:19:00"	218.0	-16.1	4.27	496	37.3	2.12	6	1	2.84	36.22	35.76	36.15	500.14	497.65	1.103	37.018	1.86	62.41	600.0	-0	995	101.8	10.3	0.00521	0.7	111115
25	"09:19:01"	219.5	-16.1	4.26	496	37.3	2.12	6	1	2.84	36.22	35.77	36.15	500.07	497.64	1.104	37.014	1.86	62.38	600.0	-0	997	101.8	10.3	0.00521	0.7	111115
26	"09:19:02"	220.5	-16	4.25	495	37.3	2.13	6	1	2.84	36.23	35.77	36.15	500.10	497.57	1.105	37.010	1.86	62.37	600.0	-0	998	101.8	10.3	0.00521	0.7	111115
27	"09:19:04"	222.0	-15.7	4.23	495	37.3	2.13	6	1	2.84	36.23	35.78	36.16	500.19	497.38	1.108	37.006	1.87	62.35	600.0	-0	999	101.8	10.3	0.00521	0.7	111115
28	"09:19:05"	223.0	-15.6	4.22	495	37.3	2.13	6	1	2.84	36.23	35.78	36.16	500.20	497.29	1.110	36.998	1.87	62.32	600.0	-0	1000	101.8	10.3	0.00521	0.7	111115
29	"09:19:06"	224.5	-15.7	4.2	495	37.3	2.13	6	1	2.84	36.24	35.79	36.16	500.13	497.27	1.112	36.995	1.87	62.30	600.0	-0	1000	101.8	10.3	0.00521	0.7	111115
30	"09:19:07"	225.5	-15.7	4.19	495	37.3	2.13	6	1	2.84	36.24	35.79	36.17	500.10	497.30	1.114	36.988	1.88	62.28	600.0	-0	1001	101.8	10.3	0.00521	0.7	111115
31	"09:19:09"	227.0	-15.7	4.18	495	37.2	2.14	6	1	2.84	36.24	35.80	36.17	500.18	497.38	1.116	36.984	1.88	62.26	600.0	-0	1002	101.8	10.3	0.00521	0.7	111115
32	"09:19:10"	228.0	-15.7	4.17	495	37.2	2.14	6	1	2.84	36.25	35.80	36.17	500.20	497.40	1.117	36.976	1.88	62.24	600.0	-0	1002	101.8	10.3	0.00521	0.7	111115
33	"09:19:11"	229.5	-15.8	4.15	495	37.2	2.14	6	1	2.84	36.25	35.81	36.18	500.16	497.40	1.118	36.967	1.88	62.20	600.0	-0	1003	101.8	10.3	0.00521	0.7	111115
34	"09:19:12"	230.5	-16	4.14	495	37.2	2.14	6	1	2.84	36.25	35.81	36.18	500.00	497.50	1.120	36.956	1.88	62.18	600.0	-0	1003	101.8	10.3	0.00521	0.7	111115
35	"09:19:14"	232.0	-16.1	4.13	495	37.2	2.15	6	1	2.84	36.26	35.82	36.19	499.93	497.51	1.122	36.953	1.89	62.15	600.0	-0	1003	101.8	10.3	0.00521	1.0	111115
36	"09:19:15"	233.0	-16.1	4.12	496	37.2	2.15	6	1	2.84	36.26	35.82	36.19	499.90	497.54	1.124	36.950	1.89	62.14	600.0	-0	1003	101.8	10.3	0.00521	1.0	111115
37	"09:19:16"	234.5	-15.7	4.11	495	37.2	2.15	6	1	2.84	36.27	35.82	36.19	500.08	497.32	1.126	36.946	1.89	62.12	600.0	-0	1006	101.8	10.3	0.00521	1.0	111115
38	"09:19:17"	235.5	-15.6	4.1	495	37.2	2.15	6	1	2.84	36.27	35.82	36.20	500.15	497.29	1.128	36.939	1.90	62.10	600.0	-0	1007	101.8	10.3	0.00521	1.0	111115
39	"09:19:19"	237.0	-15.6	4.09	495	37.2	2.15	6	1	2.84	36.27	35.83	36.20	500.12	497.20	1.129	36.930	1.90	62.06	600.0	-0	1008	101.8	10.3	0.00521	1.0	111115
40	"09:19:20"	238.0	-15.6	4.08	495	37.2	2.15	6	1	2.84	36.28	35.83	36.21	500.11	497.22	1.131	36.927	1.90	62.05	600.0	-0	1008	101.8	10.3	0.00521	1.0	111115
41	"09:19:21"	239.5	-15.7	4.06	495	37.2	2.16	6	1	2.84	36.28	35.84	36.21	500.05	497.29	1.134	36.918	1.90	62.02	600.0	-0	1009	101.8	10.3	0.00521	1.0	111115
42	"09:19:22"	240.5	-15.9	4.06	495	37.2	2.16	6	1	2.84	36.29	35.84	36.21	499.96	497.40	1.135	36.915	1.91	62.00	600.0	-0	1010	101.8	10.3	0.00521	1.0	111115
43	"09:19:24"	242.0	-15.8	4.05	495	37.1	2.16	6	1	2.84	36.29	35.84	36.22	500.00	497.37	1.138	36.909	1.91	61.97	600.0	-0	1011	101.8	10.3	0.00521	1.0	111115
44	"09:19:25"	243.0	-15.7	4.04	495	37.1	2.16	6	1	2.84	36.29	35.85	36.22	500.06	497.29	1.139	36.907	1.91	61.96	600.0	-0	1011	101.8	10.3	0.00521	1.0	111115
45	"09:19:26"	244.5	-15.4	4.03	494	37.1	2.16	6	1	2.84	36.30	35.85	36.23	500.26	497.17	1.142	36.900	1.92	61.93	600.0	-0	1012	101.8	10.3	0.00521	1.0	111115
46	"09:19:27"	245.5	-15.4	4.02	494	37.1	2.16	6	1	2.84	36.30	35.85	36.23	500.27	497.17	1.143	36.891	1.92	61.90	600.0	-0	1013	101.8	10.3	0.00521	1.0	111115
47	"09:19:29"	247.0	-15.4	4.01	494	37.1	2.17	6	1	2.84	36.31	35.86	36.24	500.26	497.17	1.145	36.886	1.92	61.88	600.0	-0	1014	101.8	10.3	0.00521	0.7	111115
48	"09:19:30"	248.0	-15.4	4	494	37.1	2.17	6	1	2.84	36.31	35.86	36.24	500.22	497.14	1.147	36.880	1.92	61.86	600.0	-0	1015	101.8	10.3	0.00521	0.7	111115
49	"09:19:31"	249.5	-15.4	3.99	494	37.1	2.17	6	1	2.84	36.31	35.86	36.24	500.20	497.12	1.149	36.873	1.93	61.83	600.0	-0	1016	101.8	10.3	0.00521	0.7	111115
50	"09:19:32"	250.5	-15.4	3.98	495	37.1	2.17	6	1	2.84	36.32	35.87	36.25	500.20	497.19	1.151	36.865	1.93	61.81	600.0	-0	1017	101.8	10.3	0.00521	1.0	111115
51	"09:19:34"	252.0	-15.4	3.97	495	37.1	2.17	6	1	2.84	36.32	35.87	36.25	500.21	497.20	1.153	36.859	1.93	61.78	600.0	-0	1018	101.8	10.3	0.00521	1.0	111115
52	"09:19:35"	253.0	-15.4	3.96	494	37.1	2.17	6	1	2.84	36.33	35.88	36.26	500.20	497.14	1.154	36.858	1.93	61.77	600.0	-0	1018	101.8	10.3	0.00521	1.0	111115
53	"09:19:36"	254.5	-15.4	3.94	494	37.1	2.18	6	1	2.84	36.33	35.88	36.26	500.19	497.12	1.156	36.849	1.94	61.74	600.0	-0	1019	101.8	10.3	0.00521	1.0	111115
54	"09:19:37"	255.5	-15.4	3.94	494	37.1	2.18	6	1	2.84	36.33	35.88	36.26	500.20	497.15	1.159	36.844	1.94	61.72	600.0	-0	1020	101.8	10.3	0.00521	1.0	111115
55	"09:19:39"	257.0	-15.2	3.92	494	37	2.18	6	1	2.84	36.34	35.89	36.27	500.30	497.10	1.162	36.835	1.95	61.69	600.0	-0	1021	101.8	10.3	0.00521	1.0	111115
56	"09:19:40"	258.0	-15.2	3.92	494	37	2.18	6	1	2.84	36.34	35.89	36.27	500.30	497.10	1.163	36.830	1.95	61.67	600.0	-0	1022	101.8	10.3	0.00521	1.0	111115
57	"09:19:41"	259.5	-15.1	3.9	494	37	2.19	6	1	2.84	36.35	35.89	36.28	500.35	497.04	1.165	36.815	1.95	61.63	600.0	-0	1023	101.8	10.3	0.00521	1.0	111115
58	"09:19:42"	260.5	-15.2	3.89	494	37	2.19	6	1	2.84	36.35	35.90	36.28	500.30	497.10	1.167	36.808	1.95	61.60	600.0	-0	1024	101.8	10.3	0.00521	1.0	111115
59	"09:19:44"	262.0	-15.3	3.87	494	37	2.19	6	1	2.84	36.35	35.90	36.28	500.22	497.12	1.168	36.796	1.95	61.57	600.0	-0	1025	101.8	10.3	0.00521	1.0	111115
60	"09:19:45"	263.0	-15.3	3.87	494	37	2.19	6	1	2.84	36.36	35.90	36.29	500.22	497.16	1.169	36.791	1.96	61.55	600.0	-0	1026	101.8	10.3	0.00521	1.0	111115
61	"09:19:46"	264.5	-15.4	3.85	495	37	2.19	6	1	2.84	36.36	35.91	36.29	500.12	497.15	1.171	36.782	1.96	61.52	600.0	-0	1027	101.8	10.3	0.00521	1.0	111115
62	"09:19:47"	265.5	-15.4	3.85	494	37	2.19	6	1	2.84	36.37	35.91	36.30	500.13	497.13	1.173	36.776	1.96	61.50	600.0	-0	1028	101.8	10.3	0.00521	1.0	111115
63	"09:19:49"	267.0	-15.4	3.83	495	36.9	2.2	6	1	2.84	36.37	35.92	36.30	500.07	497.14	1.176	36.763	1.97	61.46	600.0	-0	1029	101.8	10.3	0.00521	1.0	111115
64	"09:19:50"	268.0	-15.4	3.82	494	36.9	2.2	6	1	2.84	36.37	35.92	36.30	500.09	497.09	1.178	36.756	1.97	61.44	600.0	-0	1030	101.8	10.3	0.00521	1.0	111115
65	"09:19:51"	269.5	-15.3	3.8	494	36.9	2.2	6	1	2.84	36.38	35.92	36.31	500.14	497.11	1.180	36.741	1.97	61.40	600.0	-0	1031	101.8	10.3	0.00521	1.0	111115
66	"09:19:52"	270.5	-15.2	3.79	494	36.9	2.2	6	1	2.84	36.38	35.93	36.31	500.22	497.09	1.182	36.731	1.97	61.37	600.0	-0	1032	101.8	10.3	0.00521	1.0	111115
67	"09:19:54"	272.0	-15	3.78	494	36.9	2.21	6	1	2.84	36.39	35.93	36.32	500.33	497.03	1.183	36.727	1.98	61.35	600.0	-0	1033	101.8	10.3	0.00521	1.0	111115
68	"09:19:55"	273.0	-15	3.77	494	36.9	2.21	6	1	2.84	36.39	35.94	36.32	500.31	496.98	1.186	36.724	1.98	61.33	600.0	-0	1034	101.8	10.3	0.00521	1.0	111115
69	"09:19:56"	274.5	-15	3.76	494	36.9	2.21	6	1	2.84	36.39	35.95	36.32	500.29	496.99	1.188	36.718	1.98	61.30	600.0	-0	1036	101.8	10.3	0.00521	1.0	111115
70	"09:19:57"	275.5	-15.1	3.74	494	36.9	2.21	6	1	2.84	36.40	35.95	36.33	500.30	497.03	1.190	36.703	1.99	61.27	600.0	-0	1038	101.8	10.3	0.00521	1.0	111115
71	"09:19:59"	277.0	-15.1	3.72	494	36.8	2.22	6	1	2.84	36.40	35.96	36.33	500.28	497.09	1.193	36.687	1.99	61.22	600.0	-0	1041	101.8	10.3	0.00521	1.0	111115
72	"09:20:00"	278.0	-15.2	3.71	494	36.8	2.22	6	1	2.84	36.41	35.96	36.34	500.25	497.12	1.194	36.674	1.99	61.19	600.0	-0	1044	101.8	10.3	0.00521	1.0	111115
73	"09:20:01"	279.5	-15.3	3.7	494	36.8	2.22	6	1	2.84	36.41	35.97	36.34	500.20	497.16	1.196	36.669	1.99	61.16	600.0	-0	1048	101.8	10.3	0.00521	1.0	111115
74	"09:20:02"	280.5	-15.2	3.69	494	36.8	2.23	6	1	2.84	36.42	35.97	36.35	500.21	497.14	1.197	36.662	2.00	61.14	600.0	-0	1051	101.8	10.3	0.00521	1.0	111115
75	"09:20:04"	282.0	-15.1	3.67	494	36.8	2.23	6	1	2.84	36.42	35.98	36.35	500.27	497.09	1.201	36.655	2.00	61.11	600.0	-0	1054	101.8	10.3	0.00521	1.0	111115
76	"09:20:05"	283.0	-15.1	3.66	494	36.8	2.23	6	1	2.84	36.42	35.98	36.35	500.28	497.08	1.202	36.644	2.00	61.08	600.0	-0	1050	101.8	10.3	0.00521	1.0	111115
77	"09:20:06"	284.5	-15	3.64	494	36.8	2.24	6	1	2.84	36.43	35.99	36.36	500.35	497.04	1.205	36.631	2.01	61.04	600.0	-0	1014	101.8	10.3	0.00521	1.0	111115
78	"09:20:07"	285.5	-15	3.63	494	36.8	2.24	6	1	2.84	36.43	36.00	36.36	500.33	497.09	1.207	36.625	2.01	61.02	600.0	-0	969	101.8	10.3	0.00521	1.0	111115
79	"09:20:09"	287.0	-15	3.61	494	36.7	2.24	6	1	2.84	36.44	36.00	36.37	500.36	497.07	1.209	36.611	2.01	60.97	600.0	-0	901	101.8	10.3	0.00521	1.0	111115
80	"09:20:10"	288.0	-14.9	3.6	494	36.7	2.24	6	1	2.84	36.44	36.01	36.37	500.39	497.06	1.211	36.600	2.02	60.94	600.0	-0	869	101.8	10.3	0.00521	1.0	111115
81	"09:20:11"	289.5	-14.9	3.59	494	36.7	2.25	6	1	2.84	36.45	36.01	36.38	500.39	497.01	1.214	36.586	2.02	60.90	600.0	-0	837	101.8	10.3	0.00521	1.0	111115
82	"09:20:12"	290.5	-14.9	3.58	494	36.7	2.25	6	1	2.84	36.45	36.02	36.38	500.35	497.00	1.216	36.581	2.02	60.88	600.0	-0	819	101.8	10.3	0.00521	1.0	111115
83	"09:20:14"	292.0	-14.8	3.56	494	36.7	2.25	6	1	2.84	36.46	36.02	36.39	500.37	496.98	1.219	36.565	2.03	60.84	600.0	-0	822	101.8	10.3	0.00521	1.0	111115
84	"09:20:15"	293.0	-14.8	3.55	494	36.7	2.25	6	1	2.84	36.46	36.03	36.39	500.41	496.95	1.221	36.557	2.03	60.81	600.0	-0	858	101.8	10.3	0.00521	1.0	111115
85	"09:20:16"	294.5	-14.7	3.53	494	36.7	2.26	6	1	2.84	36.47	36.03	36.40	500.45	496.95	1.223	36.541	2.03	60.77	600.0	-0	939	101.8	10.3	0.00521	1.0	111115
86	"09:20:17"	295.5	-14.8	3.52	494	36.6	2.26	6	1	2.84	36.47	36.03	36.40	500.40	496.99	1.225	36.530	2.04	60.74	600.0	-0	978	101.8	10.3	0.00521	1.0	111115
87	"09:20:19"	297.0	-14.8	3.51	494	36.6	2.26	6	1	2.84	36.48	36.04	36.40	500.40	497.03	1.227	36.518	2.04	60.70	600.0	-0	999	101.8	10.3	0.00521	1.0	111115
88	"09:20:20"	298.0	-14.8	3.5	494	36.6	2.26	6	1	2.84	36.48	36.04	36.41	500.38	497.01	1.229	36.510	2.04	60.67	600.0	-0	990	101.8	10.3	0.00521	1.0	111115
89	"09:20:21"	299.5	-14.7	3.49	494	36.6	2.27	6	1	2.84	36.48	36.05	36.41	500.40	496.96	1.232	36.498	2.05	60.64	600.0	-0	961	101.8	10.3	0.00521	1.0	111115
90	"09:20:22"	300.5	-14.8	3.48	494	36.6	2.27	6	1	2.84	36.49	36.05	36.42	500.38	496.98	1.234	36.486	2.05	60.60	600.0	-0	931	101.8	10.3	0.00521	1.0	111115
91	"09:20:24"	302.0	-14.9	3.46	494	36.6	2.27	6	1	2.84	36.49	36.06	36.42	500.32	497.03	1.236	36.472	2.05	60.56	600.0	-0	883	101.8	10.3	0.00521	1.0	111115
92	"09:20:25"	302.5	-15	3.46	494	36.6	2.27	6	1	2.84	36.50	36.06	36.42	500.28	497.07	1.237	36.471	2.05	60.55	600.0	-0	868	101.8	10.3	0.00521	1.0	111115
93	"09:20:26"	304.0	-15.1	3.45	494	36.6	2.28	6	1	2.84	36.50	36.06	36.43	500.23	497.13	1.238	36.462	2.06	60.52	600.0	-0	832	101.8	10.3	0.00521	1.0	111115
94	"09:20:27"	305.5	-15	3.44	494	36.5	2.28	6	1	2.84	36.51	36.06	36.44	500.29	497.12	1.241	36.453	2.06	60.49	600.0	-0	804	101.8	10.3	0.00521	1.0	111115
95	"09:20:28"	306.5	-14.8	3.43	494	36.5	2.28	6	1	2.84	36.51	36.07	36.44	500.37	497.04	1.243	36.441	2.06	60.45	600.0	-0	790	101.8	10.3	0.00521	1.0	111115
96	"09:20:30"	308.0	-14.7	3.42	494	36.5	2.28	6	1	2.84	36.52	36.07	36.45	500.41	496.95	1.246	36.423	2.07	60.41	600.0	-0	783	101.8	10.3	0.00521	1.0	111115
97	"09:20:31"	309.0	-14.8	3.41	494	36.5	2.28	6	1	2.84	36.52	36.07	36.45	500.31	496.97	1.247	36.411	2.07	60.38	600.0	-0	785	101.8	10.3	0.00521	1.0	111115
98	"09:20:32"	310.5	-14.8	3.39	494	36.5	2.29	6	1	2.84	36.52	36.07	36.45	500.29	496.97	1.250	36.391	2.07	60.33	600.0	-0	803	101.8	10.3	0.00521	1.0	111115
99	"09:20:33"	311.5	-14.8	3.38	494	36.5	2.29	6	1	2.84	36.53	36.08	36.46	500.29	496.99	1.251	36.379	2.07	60.30	600.0	-0	802	101.8	10.3	0.00521	1.0	111115
100	"09:20:35"	313.0	-14.7	3.36	494	36.4	2.29	6	1	2.84	36.53	36.09	36.46	500.41	496.96	1.254	36.360	2.08	60.25	600.0	-0	754	101.8	10.3	0.00521	1.0	111115
101	"09:20:36"	313.5	-14.6	3.36	494	36.4	2.3	6	1	2.84	36.53	36.09	36.46	500.44	496.95	1.255	36.355	2.08	60.23	600.0	-0	726	101.8	10.3	0.00521	1.0	111115
102	"09:20:37"	315.5	-14.7	3.34	494	36.4	2.3	6	1	2.84	36.54	36.10	36.47	500.39	496.98	1.260	36.333	2.09	60.17	600.0	-0	635	101.8	10.3	0.00521	1.0	111115
103	"09:20:38"	316.5	-14.7	3.32	494	36.4	2.3	6	1	2.84	36.54	36.10	36.48	500.31	496.94	1.262	36.318	2.09	60.14	600.0	-0	629	101.8	10.3	0.00521	1.0	111115
104	"09:20:40"	318.0	-14.8	3.31	494	36.4	2.31	6	1	2.84	36.55	36.10	36.48	500.26	497.00	1.264	36.303	2.09	60.10	600.0	-0	635	101.8	10.3	0.00521	1.0	111115
105	"09:20:41"	319.0	-14.7	3.3	494	36.3	2.31	6	1	2.84	36.55	36.11	36.49	500.32	496.94	1.265	36.290	2.09	60.06	600.0	-0	626	101.8	10.3	0.00521	1.0	111115
106	"09:20:42"	320.5	-14.6	3.29	494	36.3	2.31	6	1	2.84	36.56	36.11	36.49	500.39	496.92	1.267	36.280	2.10	60.03	600.0	-0	605	101.8	10.3	0.00521	1.0	111115
107	"09:20:43"	321.5	-14.6	3.28	494	36.3	2.31	6	1	2.84	36.56	36.12	36.49	500.39	496.90	1.269	36.264	2.10	59.99	600.0	-0	602	101.8	10.3	0.00521	1.0	111115
108	"09:20:45"	323.0	-14.6	3.26	494	36.3	2.32	6	1	2.84	36.57	36.12	36.50	500.35	496.91	1.272	36.241	2.10	59.94	600.0	-0	587	101.8	10.3	0.00521	1.0	111115
109	"09:20:46"	324.0	-14.7	3.25	494	36.3	2.32	6	1	2.84	36.57	36.12	36.50	500.30	497.00	1.273	36.222	2.11	59.90	600.0	-0	561	101.8	10.3	0.00521	1.0	111115
110	"09:20:47"	325.5	-14.9	3.24	494	36.2	2.32	6	1	2.84	36.57	36.13	36.51	500.21	497.13	1.275	36.201	2.11	59.84	600.0	-0	518	101.8	10.3	0.00521	1.0	111115
111	"09:20:48"	326.5	-15.1	3.23	494	36.2	2.33	6	1	2.84	36.58	36.13	36.51	500.14	497.19	1.277	36.188	2.11	59.81	600.0	-0	501	101.8	10.3	0.00521	1.0	111115
112	"09:20:50"	328.0	-14.9	3.21	494	36.2	2.33	6	1	2.84	36.58	36.13	36.52	500.22	497.09	1.280	36.162	2.11	59.76	600.0	-0	498	101.8	10.3	0.00521	1.0	111115
113	"09:20:51"	329.0	-14.7	3.19	494	36.2	2.33	6	1	2.84	36.59	36.14	36.52	500.31	497.00	1.282	36.144	2.12	59.71	600.0	-0	500	101.8	10.3	0.00521	1.0	111115
114	"09:20:52"	330.5	-14.5	3.18	494	36.1	2.34	6	1	2.84	36.59	36.14	36.52	500.41	496.92	1.285	36.116	2.12	59.65	600.0	-0	502	101.8	10.3	0.00521	1.0	111115
115	"09:20:53"	331.5	-14.4	3.17	493	36.1	2.34	6	1	2.84	36.59	36.14	36.53	500.41	496.90	1.286	36.100	2.12	59.62	600.0	-0	501	101.8	10.3	0.00521	1.0	111115
116	"09:20:55"	333.0	-14.5	3.16	494	36.1	2.34	6	1	2.84	36.60	36.14	36.53	500.33	496.88	1.289	36.079	2.13	59.57	600.0	-0	486	101.8	10.3	0.00521	1.0	111115
117	"09:20:56"	334.0	-14.5	3.15	494	36.1	2.34	6	1	2.84	36.60	36.15	36.54	500.28	496.87	1.291	36.064	2.13	59.53	600.0	-0	487	101.8	10.3	0.00521	1.0	111115
118	"09:20:57"	334.5	-14.5	3.14	494	36.1	2.35	6	1	2.84	36.60	36.15	36.54	500.24	496.86	1.291	36.055	2.13	59.51	600.0	-0	496	101.8	10.3	0.00521	1.0	111115
119	"09:20:58"	336.5	-14.7	3.12	494	36	2.35	6	1	2.84	36.61	36.15	36.55	500.14	496.93	1.294	36.020	2.14	59.44	600.0	-0	585	101.8	10.3	0.00521	1.0	111115
120	"09:20:59"	337.5	-14.7	3.11	494	36	2.35	6	1	2.84	36.61	36.15	36.55	500.14	496.93	1.296	36.004	2.14	59.40	600.0	-0	626	101.8	10.3	0.00521	1.0	111115
121	"09:21:01"	339.0	-14.5	3.09	494	36	2.36	6	1	2.84	36.62	36.16	36.55	500.23	496.87	1.299	35.980	2.14	59.34	600.0	-0	627	101.8	10.3	0.00521	1.0	111115
122	"09:21:02"	340.0	-14.6	3.08	494	36	2.36	6	1	2.84	36.62	36.16	36.56	500.20	496.92	1.301	35.960	2.15	59.30	600.0	-0	602	101.8	10.3	0.00521	1.0	111115
123	"09:21:03"	341.5	-14.7	3.07	494	35.9	2.36	6	1	2.84	36.62	36.16	36.56	500.15	496.98	1.303	35.939	2.15	59.26	600.0	-0	586	101.8	10.3	0.00521	1.0	111115
124	"09:21:04"	342.5	-14.6	3.06	494	35.9	2.37	6	1	2.84	36.63	36.16	36.56	500.17	496.97	1.304	35.917	2.15	59.21	600.0	-0	597	101.8	10.3	0.00521	1.0	111115
125	"09:21:06"	344.0	-14.5	3.04	494	35.9	2.37	6	1	2.84	36.63	36.17	36.57	500.22	496.90	1.307	35.900	2.15	59.17	600.0	-0	610	101.8	10.3	0.00521	1.0	111115
126	"09:21:07"	345.0	-14.3	3.03	493	35.9	2.37	6	1	2.84	36.63	36.17	36.57	500.28	496.81	1.308	35.885	2.16	59.13	600.0	-0	600	101.8	10.3	0.00521	1.0	111115
127	"09:21:08"	346.5	-14.2	3.02	493	35.8	2.37	6	1	2.84	36.64	36.18	36.58	500.37	496.81	1.311	35.864	2.16	59.08	600.0	-0	566	101.8	10.3	0.00521	1.0	111115
128	"09:21:09"	347.5	-14.2	3.01	493	35.8	2.38	6	1	2.84	36.64	36.18	36.58	500.41	496.80	1.313	35.841	2.16	59.04	600.0	-0	547	101.8	10.3	0.00521	1.0	111115
129	"09:21:11"	349.0	-14.2	3	493	35.8	2.38	6	1	2.84	36.65	36.18	36.58	500.43	496.84	1.316	35.823	2.17	58.99	600.0	-0	529	101.8	10.3	0.00521	1.0	111115
130	"09:21:12"	350.0	-14.2	2.99	493	35.8	2.38	6	1	2.84	36.65	36.18	36.59	500.38	496.83	1.318	35.812	2.17	58.96	600.0	-0	510	101.8	10.3	0.00521	1.0	111115
131	"09:21:13"	351.5	-14.3	2.98	493	35.8	2.39	6	1	2.84	36.65	36.19	36.59	500.29	496.87	1.320	35.795	2.17	58.92	600.0	-0	460	101.8	10.3	0.00521	1.0	111115
132	"09:21:14"	352.5	-14.4	2.97	494	35.7	2.39	6	1	2.84	36.65	36.19	36.59	500.24	496.88	1.321	35.779	2.17	58.89	600.0	-0	423	101.8	10.3	0.00521	1.0	111115
133	"09:21:16"	354.0	-14.4	2.96	494	35.7	2.39	6	1	2.84	36.66	36.19	36.60	500.24	496.88	1.324	35.755	2.18	58.83	600.0	-0	379	101.8	10.3	0.00521	1.0	111115
134	"09:21:17"	355.0	-14.3	2.94	493	35.7	2.39	6	1	2.84	36.66	36.20	36.60	500.30	496.90	1.327	35.735	2.18	58.79	600.0	-0	363	101.8	10.3	0.00521	1.0	111115
135	"09:21:18"	356.5	-14.3	2.93	493	35.7	2.4	6	1	2.84	36.67	36.20	36.61	500.32	496.86	1.330	35.708	2.19	58.73	600.0	-0	351	101.8	10.3	0.00521	1.0	111115
136	"09:21:19"	357.5	-14.2	2.92	493	35.6	2.4	6	1	2.84	36.67	36.20	36.61	500.31	496.85	1.333	35.694	2.19	58.70	600.0	-0	348	101.8	10.3	0.00521	1.0	111115
137	"09:21:20"	358.0	-14.3	2.92	493	35.6	2.4	6	1	2.84	36.67	36.20	36.61	500.27	496.89	1.334	35.688	2.19	58.68	600.0	-0	347	101.8	10.3	0.00521	1.0	111115
138	"09:21:22"	360.0	-14.2	2.91	493	35.6	2.4	6	1	2.84	36.68	36.20	36.62	500.26	496.80	1.336	35.661	2.20	58.63	600.0	-0	346	101.8	10.3	0.00521	1.0	111115
139	"09:21:23"	361.5	-14.2	2.89	493	35.6	2.41	6	1	2.84	36.68	36.20	36.62	500.27	496.76	1.339	35.633	2.20	58.57	600.0	-0	348	101.8	10.3	0.00521	1.0	111115
140	"09:21:24"	362.5	-14.1	2.88	493	35.5	2.41	6	1	2.84	36.68	36.20	36.63	500.30	496.71	1.340	35.612	2.20	58.53	600.0	-0	352	101.8	10.3	0.00521	1.0	111115
141	"09:21:26"	364.0	-14.2	2.87	493	35.5	2.41	6	1	2.84	36.69	36.20	36.63	500.22	496.79	1.343	35.585	2.21	58.47	600.0	-0	357	101.8	10.3	0.00521	1.0	111115
142	"09:21:27"	365.0	-14.2	2.86	493	35.5	2.41	6	1	2.84	36.69	36.20	36.63	500.19	496.80	1.344	35.568	2.21	58.43	600.0	-0	359	101.8	10.3	0.00521	1.0	111115
143	"09:21:28"	366.5	-14.3	2.85	493	35.5	2.42	6	1	2.84	36.69	36.21	36.64	500.21	496.85	1.347	35.546	2.21	58.39	600.0	-0	359	101.8	10.3	0.00521	1.0	111115
144	"09:21:29"	367.0	-14.3	2.85	493	35.5	2.42	6	1	2.84	36.69	36.21	36.64	500.19	496.84	1.348	35.540	2.21	58.37	600.0	-0	358	101.8	10.3	0.00521	1.0	111115
145	"09:21:30"	368.5	-14.2	2.84	493	35.4	2.42	6	1	2.84	36.70	36.21	36.65	500.21	496.77	1.351	35.514	2.22	58.32	600.0	-0	353	101.8	10.3	0.00521	1.0	111115
146	"09:21:32"	370.0	-14.1	2.83	493	35.4	2.42	6	1	2.84	36.70	36.21	36.65	500.26	496.74	1.354	35.489	2.22	58.27	600.0	-0	348	101.8	10.3	0.00521	1.0	111115
147	"09:21:33"	371.0	-14.1	2.82	493	35.4	2.43	6	1	2.84	36.70	36.21	36.65	500.22	496.78	1.356	35.471	2.23	58.23	600.0	-0	343	101.8	10.3	0.00521	1.0	111115
148	"09:21:34"	372.5	-14.3	2.81	494	35.3	2.43	6	1	2.84	36.71	36.21	36.66	500.16	496.89	1.357	35.445	2.23	58.18	600.0	-0	332	101.8	10.3	0.00521	1.0	111115
149	"09:21:35"	373.5	-14.2	2.8	493	35.3	2.43	6	1	2.84	36.71	36.21	36.66	500.18	496.88	1.358	35.431	2.23	58.15	600.0	-0	323	101.8	10.3	0.00521	1.0	111115
150	"09:21:37"	375.0	-14.3	2.79	494	35.3	2.43	6	1	2.84	36.71	36.21	36.66	500.13	496.88	1.360	35.402	2.23	58.09	600.0	-0	308	101.8	10.3	0.00521	1.0	111115
151	"09:21:38"	376.0	-14.1	2.78	493	35.3	2.43	6	1	2.84	36.71	36.21	36.67	500.18	496.78	1.362	35.386	2.23	58.06	600.0	-0	298	101.8	10.3	0.00521	0.7	111115
152	"09:21:39"	377.5	-14.2	2.77	493	35.2	2.44	6	1	2.84	36.72	36.21	36.67	500.17	496.83	1.364	35.354	2.24	57.99	600.0	-0	289	101.8	10.3	0.00521	0.7	111115
153	"09:21:40"	378.5	-14.1	2.76	493	35.2	2.44	6	1	2.84	36.72	36.21	36.67	500.18	496.79	1.366	35.330	2.24	57.95	600.0	-0	282	101.8	10.3	0.00521	0.7	111115
154	"09:21:42"	380.0	-14	2.75	493	35.2	2.44	6	1	2.84	36.72	36.21	36.68	500.19	496.75	1.368	35.302	2.24	57.89	600.0	-0	274	101.8	10.3	0.00521	0.7	111115
155	"09:21:43"	381.0	-14	2.74	493	35.2	2.45	6	1	2.84	36.72	36.22	36.68	500.16	496.72	1.370	35.289	2.25	57.86	600.0	-0	263	101.8	10.3	0.00521	0.7	111115
156	"09:21:44"	382.5	-14	2.73	493	35.1	2.45	6	1	2.84	36.73	36.22	36.68	500.17	496.69	1.372	35.264	2.25	57.81	600.0	-0	249	101.8	10.3	0.00521	0.7	111115
157	"09:21:45"	383.0	-14	2.72	493	35.1	2.45	6	1	2.84	36.73	36.22	36.68	500.19	496.71	1.373	35.253	2.25	57.79	600.0	-0	244	101.8	10.3	0.00521	0.7	111115
158	"09:21:47"	385.0	-13.9	2.7	493	35	2.46	6	1	2.84	36.73	36.22	36.69	500.29	496.75	1.377	35.186	2.26	57.67	600.0	-0	234	101.8	10.3	0.00521	0.7	111115
159	"09:21:48"	386.0	-13.9	2.68	493	35	2.46	6	1	2.84	36.73	36.22	36.69	500.28	496.76	1.378	35.151	2.26	57.60	600.0	-0	231	101.8	10.3	0.00521	0.7	111115
160	"09:21:49"	387.5	-13.9	2.66	493	35	2.47	6	1	2.84	36.74	36.23	36.70	500.27	496.79	1.381	35.111	2.26	57.53	600.0	-0	229	101.8	10.3	0.00521	0.7	111115
161	"09:21:50"	388.5	-13.9	2.65	493	34.9	2.47	6	1	2.84	36.74	36.23	36.70	500.24	496.76	1.383	35.094	2.27	57.49	600.0	0	222	101.8	10.3	0.00521	0.7	111115
162	"09:21:51"	389.0	-13.9	2.65	493	34.9	2.47	6	1	2.84	36.74	36.23	36.70	500.23	496.79	1.384	35.084	2.27	57.48	600.0	0	217	101.8	10.3	0.00521	0.7	111115
163	"09:21:53"	391.0	-13.9	2.64	493	34.9	2.48	6	1	2.84	36.74	36.23	36.70	500.19	496.75	1.386	35.055	2.27	57.42	600.0	-0	214	101.8	10.3	0.00521	0.7	111115
164	"09:21:54"	392.0	-14	2.63	493	34.9	2.48	6	1	2.84	36.75	36.23	36.71	500.16	496.78	1.388	35.043	2.27	57.39	600.0	-0	215	101.8	10.3	0.00521	0.7	111115
165	"09:21:55"	393.5	-13.9	2.62	493	34.9	2.48	6	1	2.84	36.75	36.24	36.71	500.13	496.75	1.390	35.025	2.28	57.35	600.0	-0	225	101.8	10.3	0.00521	0.7	111115
166	"09:21:56"	394.5	-14	2.62	493	34.8	2.48	6	1	2.84	36.75	36.24	36.71	500.12	496.80	1.391	35.019	2.28	57.33	600.0	-0	225	101.8	10.3	0.00521	0.7	111115
167	"09:21:58"	396.0	-13.9	2.61	493	34.8	2.48	6	1	2.84	36.76	36.24	36.71	500.15	496.73	1.394	35.003	2.28	57.29	600.0	-0	225	101.8	10.3	0.00521	0.7	111115
168	"09:21:59"	397.0	-13.9	2.61	493	34.8	2.48	6	1	2.84	36.76	36.24	36.72	500.14	496.75	1.396	34.996	2.28	57.28	600.0	-0	226	101.8	10.3	0.00521	0.7	111115
169	"09:22:00"	398.5	-14	2.6	493	34.8	2.49	6	1	2.84	36.76	36.25	36.72	500.12	496.78	1.399	34.981	2.29	57.24	600.0	-0	226	101.8	10.3	0.00521	0.7	111115
170	"09:22:01"	399.5	-14.1	2.59	493	34.8	2.49	6	1	2.84	36.76	36.25	36.72	500.07	496.90	1.400	34.966	2.29	57.21	600.0	-0	226	101.8	10.3	0.00521	0.7	111115
171	"09:22:03"	401.0	-14.2	2.59	494	34.8	2.49	6	1	2.84	36.77	36.25	36.73	500.05	496.93	1.403	34.952	2.30	57.18	600.0	-0	227	101.8	10.3	0.00521	1.0	111115
172	"09:22:04"	402.0	-14.1	2.58	494	34.8	2.49	6	1	2.84	36.77	36.25	36.73	500.10	496.95	1.405	34.942	2.30	57.15	600.0	-0	227	101.8	10.3	0.00521	1.0	111115
173	"09:22:05"	403.5	-14	2.58	493	34.7	2.5	6	1	2.84	36.77	36.25	36.73	500.14	496.84	1.409	34.937	2.30	57.13	600.0	-0	228	101.8	10.3	0.00521	1.0	111115
174	"09:22:06"	404.5	-13.9	2.57	493	34.7	2.5	6	1	2.84	36.77	36.26	36.74	500.17	496.79	1.411	34.926	2.31	57.11	600.0	-0	228	101.8	10.3	0.00521	1.0	111115
175	"09:22:08"	406.0	-13.9	2.57	493	34.7	2.5	6	1	2.84	36.78	36.26	36.74	500.15	496.76	1.414	34.913	2.31	57.08	600.0	-0	229	101.8	10.3	0.00521	1.0	111115
176	"09:22:09"	407.0	-14	2.56	493	34.7	2.5	6	1	2.84	36.78	36.26	36.74	500.11	496.83	1.416	34.897	2.31	57.04	600.0	-0	229	101.8	10.3	0.00521	1.0	111115
177	"09:22:10"	408.5	-13.9	2.55	493	34.7	2.5	6	1	2.84	36.78	36.26	36.75	500.18	496.83	1.419	34.875	2.32	57.00	600.0	-0	229	101.8	10.3	0.00521	1.0	111115
178	"09:22:11"	409.5	-13.8	2.54	493	34.6	2.51	6	1	2.84	36.78	36.26	36.75	500.20	496.83	1.420	34.860	2.32	56.97	600.0	-0	230	101.8	10.3	0.00521	1.0	111115
179	"09:22:13"	411.0	-13.7	2.54	493	34.6	2.51	6	1	2.84	36.79	36.26	36.75	500.25	496.73	1.424	34.841	2.33	56.93	600.0	-0	230	101.8	10.3	0.00521	1.0	111115
180	"09:22:14"	411.5	-13.7	2.53	493	34.6	2.51	6	1	2.84	36.79	36.26	36.75	500.21	496.75	1.425	34.836	2.33	56.92	600.0	-0	230	101.8	10.3	0.00521	1.0	111115
181	"09:22:15"	413.0	-13.7	2.53	493	34.6	2.51	6	1	2.84	36.79	36.27	36.76	500.21	496.75	1.429	34.821	2.33	56.88	600.0	-0	231	101.8	10.3	0.00521	1.0	111115
182	"09:22:16"	414.5	-13.8	2.52	493	34.6	2.51	6	1	2.84	36.79	36.27	36.76	500.18	496.77	1.431	34.800	2.34	56.84	600.0	-0	232	101.8	10.3	0.00521	1.0	111115
183	"09:22:17"	415.5	-13.8	2.51	493	34.6	2.52	6	1	2.84	36.80	36.27	36.76	500.19	496.78	1.432	34.786	2.34	56.81	600.0	-0	233	101.8	10.3	0.00521	1.0	111115
184	"09:22:19"	417.0	-13.8	2.5	493	34.5	2.52	6	1	2.84	36.80	36.27	36.77	500.10	496.77	1.434	34.759	2.34	56.76	600.0	-0	234	101.8	10.3	0.00521	1.0	111115
185	"09:22:20"	418.0	-13.8	2.5	493	34.5	2.52	6	1	2.84	36.80	36.27	36.77	500.06	496.71	1.435	34.744	2.34	56.73	600.0	-0	235	101.8	10.3	0.00521	1.0	111115
186	"09:22:21"	419.5	-13.8	2.49	493	34.5	2.52	6	1	2.84	36.80	36.27	36.77	500.05	496.73	1.438	34.724	2.35	56.69	600.0	-0	232	101.8	10.3	0.00521	1.0	111115
187	"09:22:22"	420.5	-13.8	2.48	493	34.5	2.52	6	1	2.84	36.81	36.27	36.77	500.06	496.73	1.441	34.713	2.35	56.66	600.0	-0	224	101.8	10.3	0.00521	1.0	111115
188	"09:22:24"	422.0	-13.8	2.48	493	34.4	2.53	6	1	2.84	36.81	36.28	36.78	500.09	496.77	1.444	34.696	2.36	56.63	600.0	-0	225	101.8	10.3	0.00521	1.0	111115
189	"09:22:25"	423.0	-13.9	2.47	493	34.4	2.53	6	1	2.84	36.81	36.28	36.78	500.07	496.83	1.446	34.682	2.36	56.60	600.0	-0	227	101.8	10.3	0.00521	1.0	111115
190	"09:22:26"	424.5	-14	2.46	493	34.4	2.53	6	1	2.84	36.81	36.28	36.78	499.98	496.85	1.449	34.655	2.36	56.55	600.0	-0	241	101.8	10.3	0.00521	1.0	111115
191	"09:22:27"	425.5	-14	2.46	493	34.4	2.53	6	1	2.84	36.81	36.28	36.78	499.96	496.87	1.450	34.642	2.37	56.52	600.0	-0	242	101.8	10.3	0.00521	1.0	111115
192	"09:22:29"	427.0	-14.1	2.45	494	34.4	2.54	6	1	2.84	36.82	36.28	36.79	499.85	496.86	1.453	34.625	2.37	56.49	600.0	-0	244	101.8	10.3	0.00521	1.0	111115
193	"09:22:30"	427.5	-14.1	2.44	494	34.3	2.54	6	1	2.84	36.82	36.28	36.79	499.83	496.84	1.454	34.615	2.37	56.47	600.0	-0	244	101.8	10.3	0.00521	1.0	111115
194	"09:22:31"	429.5	-13.9	2.43	493	34.3	2.54	6	1	2.84	36.82	36.29	36.79	499.94	496.75	1.459	34.590	2.38	56.42	600.0	-0	246	101.8	10.3	0.00521	1.0	111115
195	"09:22:32"	430.5	-13.6	2.43	493	34.3	2.54	6	1	2.84	36.82	36.29	36.79	500.09	496.64	1.461	34.572	2.38	56.38	600.0	-0	247	101.8	10.3	0.00521	1.0	111115
196	"09:22:34"	431.0	-13.6	2.42	493	34.3	2.54	6	1	2.84	36.82	36.29	36.79	500.11	496.67	1.462	34.562	2.38	56.36	600.0	-0	248	101.8	10.3	0.00521	1.0	111115
197	"09:22:35"	433.5	-13.6	2.41	493	34.2	2.55	6	1	2.84	36.83	36.29	36.80	500.09	496.68	1.467	34.526	2.39	56.29	600.0	-0	257	101.8	10.3	0.00521	1.0	111115
198	"09:22:36"	434.5	-13.6	2.41	493	34.2	2.55	6	1	2.84	36.83	36.29	36.80	500.06	496.69	1.469	34.514	2.40	56.27	600.0	-0	261	101.8	10.3	0.00521	1.0	111115
199	"09:22:38"	436.0	-13.6	2.4	493	34.2	2.55	6	1	2.84	36.83	36.29	36.80	500.06	496.70	1.472	34.495	2.40	56.23	600.0	-0	267	101.8	10.3	0.00521	1.0	111115
200	"09:22:39"	437.0	-13.6	2.4	493	34.2	2.55	6	1	2.84	36.83	36.29	36.81	500.08	496.67	1.474	34.485	2.40	56.21	600.0	-0	269	101.8	10.3	0.00521	1.0	111115
201	"09:22:40"	438.5	-13.8	2.39	493	34.2	2.55	6	1	2.84	36.84	36.29	36.81	499.95	496.78	1.477	34.464	2.41	56.17	600.0	-0	274	101.8	10.3	0.00521	1.0	111115
202	"09:22:41"	439.5	-13.9	2.39	493	34.1	2.56	6	1	2.84	36.84	36.29	36.81	499.87	496.80	1.479	34.449	2.41	56.13	600.0	-0	284	101.8	10.3	0.00521	1.0	111115
203	"09:22:43"	441.0	-13.8	2.38	493	34.1	2.56	6	1	2.84	36.84	36.29	36.81	499.87	496.77	1.481	34.419	2.41	56.08	600.0	-0	312	101.8	10.3	0.00521	1.0	111115
204	"09:22:44"	442.0	-13.7	2.37	493	34.1	2.56	6	1	2.84	36.84	36.29	36.82	499.96	496.73	1.484	34.401	2.42	56.05	600.0	-0	333	101.8	10.3	0.00521	1.0	111115
205	"09:22:45"	443.5	-13.5	2.36	493	34.1	2.56	6	1	2.84	36.84	36.29	36.82	500.07	496.66	1.487	34.383	2.42	56.01	600.0	-0	348	101.8	10.3	0.00521	1.0	111115
206	"09:22:46"	444.5	-13.4	2.36	493	34.1	2.56	6	1	2.84	36.85	36.29	36.82	500.13	496.66	1.490	34.368	2.43	55.98	600.0	-0	345	101.8	10.3	0.00521	1.0	111115
207	"09:22:48"	446.0	-13.4	2.35	493	34	2.57	6	1	2.84	36.85	36.29	36.82	500.11	496.60	1.492	34.349	2.43	55.94	600.0	-0	335	101.8	10.3	0.00521	1.0	111115
208	"09:22:49"	447.0	-13.5	2.35	493	34	2.57	6	1	2.84	36.85	36.29	36.83	500.04	496.61	1.494	34.333	2.43	55.91	600.0	-0	338	101.8	10.3	0.00521	1.0	111115
209	"09:22:50"	448.5	-13.7	2.34	493	34	2.57	6	1	2.84	36.85	36.30	36.83	499.92	496.71	1.496	34.316	2.44	55.88	600.0	-0	353	101.8	10.3	0.00521	1.0	111115
210	"09:22:51"	449.5	-13.8	2.33	493	34	2.57	6	1	2.84	36.85	36.30	36.83	499.89	496.77	1.498	34.305	2.44	55.86	600.0	-0	360	101.8	10.3	0.00521	1.0	111115
211	"09:22:53"	451.0	-13.7	2.33	493	34	2.58	6	1	2.84	36.86	36.30	36.83	499.93	496.76	1.501	34.288	2.44	55.82	600.0	-0	373	101.8	10.3	0.00521	1.0	111115
212	"09:22:54"	451.5	-13.6	2.33	493	33.9	2.58	6	1	2.84	36.86	36.30	36.83	499.95	496.73	1.502	34.280	2.44	55.80	600.0	-0	381	101.8	10.3	0.00521	1.0	111115
213	"09:22:55"	452.5	-13.6	2.32	493	33.9	2.58	6	1	2.84	36.86	36.30	36.84	499.94	496.70	1.504	34.263	2.45	55.77	600.0	-0	409	101.8	10.3	0.00521	1.0	111115
214	"09:22:56"	454.5	-13.4	2.31	493	33.9	2.58	6	1	2.84	36.86	36.30	36.84	500.01	496.60	1.509	34.236	2.46	55.72	600.0	-0	512	101.8	10.3	0.00521	1.0	111115
215	"09:22:57"	455.5	-13.4	2.31	493	33.9	2.58	6	1	2.84	36.86	36.30	36.84	500.04	496.61	1.512	34.224	2.46	55.69	600.0	-0	565	101.8	10.3	0.00521	1.0	111115
216	"09:22:59"	457.0	-13.4	2.3	493	33.8	2.59	6	1	2.84	36.87	36.30	36.84	500.08	496.65	1.515	34.206	2.47	55.66	600.0	-0	611	101.8	10.3	0.00521	1.0	111115
217	"09:23:00"	458.0	-13.5	2.29	493	33.8	2.59	6	1	2.84	36.87	36.30	36.84	500.01	496.70	1.517	34.187	2.47	55.62	600.0	-0	611	101.8	10.3	0.00521	1.0	111115
218	"09:23:01"	459.5	-13.6	2.29	493	33.8	2.59	6	1	2.84	36.87	36.31	36.85	499.91	496.76	1.519	34.168	2.47	55.58	600.0	-0	584	101.8	10.3	0.00521	1.0	111115
219	"09:23:02"	460.5	-13.6	2.28	493	33.8	2.59	6	1	2.84	36.87	36.31	36.85	499.89	496.71	1.522	34.159	2.47	55.56	600.0	-0	574	101.8	10.3	0.00521	1.0	111115
220	"09:23:04"	462.0	-13.5	2.28	493	33.8	2.59	6	1	2.84	36.87	36.31	36.85	499.91	496.66	1.525	34.150	2.48	55.54	600.0	-0	592	101.8	10.3	0.00521	1.0	111115
221	"09:23:05"	463.0	-13.4	2.27	493	33.8	2.6	6	1	2.84	36.87	36.31	36.85	499.99	496.66	1.528	34.136	2.48	55.52	600.0	-0	610	101.8	10.3	0.00521	1.0	111115
222	"09:23:06"	464.5	-13.3	2.27	493	33.7	2.6	6	1	2.84	36.88	36.31	36.85	500.08	496.61	1.532	34.122	2.49	55.49	600.0	-0	604	101.8	10.3	0.00521	1.0	111115
223	"09:23:07"	465.5	-13.3	2.26	493	33.7	2.6	6	1	2.84	36.88	36.31	36.86	500.09	496.63	1.533	34.112	2.49	55.47	600.0	-0	575	101.8	10.3	0.00521	1.0	111115
224	"09:23:09"	467.0	-13.2	2.26	493	33.7	2.6	6	1	2.84	36.88	36.32	36.86	500.14	496.65	1.537	34.096	2.50	55.43	600.0	-0	516	101.8	10.3	0.00521	1.0	111115
225	"09:23:10"	468.0	-13.3	2.25	493	33.7	2.6	6	1	2.84	36.88	36.32	36.86	500.10	496.68	1.539	34.089	2.50	55.42	600.0	-0	475	101.8	10.3	0.00521	1.0	111115
226	"09:23:11"	469.5	-13.4	2.25	493	33.7	2.61	6	1	2.84	36.88	36.32	36.86	500.01	496.72	1.542	34.076	2.51	55.39	600.0	-0	410	101.8	10.3	0.00521	1.0	111115
227	"09:23:12"	470.5	-13.5	2.24	493	33.7	2.61	6	1	2.84	36.89	36.33	36.87	499.97	496.71	1.544	34.064	2.51	55.36	600.0	-0	370	101.8	10.3	0.00521	1.0	111115
228	"09:23:14"	472.0	-13.4	2.24	493	33.6	2.61	6	1	2.84	36.89	36.33	36.87	499.97	496.62	1.547	34.047	2.51	55.33	600.0	-0	333	101.8	10.3	0.00521	1.0	111115
229	"09:23:15"	473.0	-13.3	2.23	493	33.6	2.61	6	1	2.84	36.89	36.33	36.87	500.02	496.61	1.550	34.030	2.52	55.30	600.0	-0	325	101.8	10.3	0.00521	1.0	111115
230	"09:23:16"	474.5	-13.5	2.23	493	33.6	2.61	6	1	2.84	36.89	36.33	36.87	499.94	496.75	1.553	34.012	2.52	55.26	600.0	-0	325	101.8	10.3	0.00521	1.0	111115
231	"09:23:17"	475.5	-13.6	2.22	493	33.6	2.62	6	1	2.84	36.89	36.33	36.87	499.94	496.81	1.555	34.000	2.53	55.24	600.0	-0	323	101.8	10.3	0.00521	1.0	111115
232	"09:23:19"	477.0	-13.7	2.21	493	33.6	2.62	6	1	2.84	36.89	36.33	36.87	499.84	496.91	1.558	33.980	2.53	55.20	600.0	-0	310	101.8	10.3	0.00521	1.0	111115
233	"09:23:20"	478.0	-13.6	2.21	493	33.6	2.62	6	1	2.84	36.90	36.33	36.88	499.91	496.85	1.561	33.970	2.54	55.18	600.0	-0	301	101.8	10.3	0.00521	1.0	111115
234	"09:23:21"	479.5	-13.7	2.2	493	33.5	2.62	6	1	2.84	36.90	36.34	36.88	499.86	496.87	1.564	33.950	2.54	55.14	600.0	-0	292	101.8	10.3	0.00521	1.0	111115
235	"09:23:22"	480.5	-13.6	2.2	493	33.5	2.62	6	1	2.84	36.90	36.34	36.88	499.93	496.83	1.566	33.936	2.54	55.12	600.0	-0	290	101.8	10.3	0.00521	1.0	111115
236	"09:23:24"	482.0	-13.5	2.19	493	33.5	2.63	6	1	2.84	36.90	36.34	36.88	499.92	496.77	1.569	33.912	2.55	55.07	600.0	-0	289	101.8	10.3	0.00521	1.0	111115
237	"09:23:25"	483.0	-13.4	2.19	493	33.5	2.63	6	1	2.84	36.90	36.34	36.88	499.95	496.75	1.571	33.893	2.55	55.04	600.0	-0	289	101.8	10.3	0.00521	1.0	111115
238	"09:23:26"	484.5	-13.4	2.18	493	33.4	2.63	6	1	2.84	36.90	36.34	36.88	499.97	496.74	1.575	33.870	2.56	54.99	600.0	-0	289	101.8	10.3	0.00521	1.0	111115
239	"09:23:27"	485.5	-13.5	2.17	493	33.4	2.63	6	1	2.84	36.91	36.34	36.89	499.95	496.80	1.576	33.855	2.56	54.97	600.0	-0	289	101.8	10.3	0.00521	1.0	111115
240	"09:23:29"	487.0	-13.5	2.16	493	33.4	2.64	6	1	2.84	36.91	36.34	36.89	499.92	496.82	1.579	33.829	2.56	54.92	600.0	-0	289	101.8	10.3	0.00521	1.0	111115
241	"09:23:30"	488.0	-13.4	2.16	493	33.4	2.64	6	1	2.84	36.91	36.35	36.89	499.95	496.79	1.581	33.816	2.57	54.89	600.0	-0	290	101.8	10.3	0.00521	1.0	111115
242	"09:23:31"	489.5	-13.3	2.15	493	33.3	2.64	6	1	2.84	36.91	36.35	36.89	499.98	496.73	1.585	33.789	2.57	54.84	600.0	-0	293	101.8	10.3	0.00521	1.0	111115
