"OPEN 5.3.2"
"Thr Aug  2 2018 09:22:13"
"Unit="	"PSC-895"
"ComputeList="	"/User/Configs/Comps/Default"
"BLCTable="	"/Sys/Lib/StdBLCTable"
"LightSource="	"Sun+Sky"	1	0.19
"LogFormat="	"/User/Configs/LogFormats/Std Output"
"LogCodes="	-35	-21	-36	30	23	36	21	25	-33	-34	-32	-9	-10	-8	-1	-2	-4	-5	-14	-15	-7	-12	-13	-11	-65	-66	-72	-23
"PromptList="	"/User/Configs/Prompts/Default (none)"
"Stability= (CO2S 15s SLP<1)(H2OS 15s SLP<1)(Flow 15s SLP<1)"
"09:22:21 cut. matched before hand.tteststabe co2 at 500.flow 600. full scrub"
$STARTOFDATA$
"Obs"	"HHMMSS"	"FTime"	"Photo"	"Cond"	"Ci"	"Trmmol"	"VpdL"	"Area"	"StmRat"	"BLCond"	"Tair"	"Tleaf"	"TBlk"	"CO2R"	"CO2S"	"H2OR"	"H2OS"	"RH_R"	"RH_S"	"Flow"	"PARi"	"PARo"	"Press"	"CsMch"	"HsMch"	"StableF"	"Status"
1	"09:26:23"	272.0	-107	0.29	1.16E+03	14.7	5.42	6	1	2.84	41.50	40.30	41.62	499.44	597.72	6.403	20.834	8.10	26.37	600.0	-0	69	101.6	16.7	0.114	0.0	111115
2	"09:26:36"	285.5	-84.1	0.872	720	28.2	4.07	6	1	2.84	41.48	40.24	41.56	499.44	567.47	6.512	33.806	8.25	42.83	600.0	-0	75	101.6	16.7	0.114	0.0	111115
3	"09:26:38"	286.5	-82.9	0.899	712	28.6	4.03	6	1	2.84	41.48	40.24	41.56	499.31	565.98	6.516	34.180	8.26	43.31	600.0	-0	78	101.6	16.7	0.114	0.3	111115
4	"09:26:39"	287.0	-82.2	0.913	708	28.8	4.01	6	1	2.84	41.48	40.24	41.55	499.28	565.20	6.517	34.372	8.26	43.55	600.0	-0	79	101.6	16.7	0.114	0.3	111115
5	"09:26:40"	289.0	-78.6	0.982	688	29.8	3.92	6	1	2.84	41.48	40.23	41.55	499.36	561.20	6.526	35.262	8.27	44.69	600.0	-0	79	101.6	16.7	0.114	0.3	111115
6	"09:26:41"	290.5	-73.9	1.06	666	30.8	3.82	6	1	2.84	41.47	40.23	41.54	499.56	556.36	6.536	36.217	8.29	45.92	600.0	-0	80	101.6	16.7	0.114	0.3	111115
7	"09:26:43"	291.5	-70.8	1.11	653	31.4	3.77	6	1	2.84	41.47	40.23	41.54	499.71	553.12	6.543	36.744	8.30	46.60	600.0	-0	81	101.6	16.7	0.114	0.3	111115
8	"09:26:44"	293.0	-65.8	1.17	635	32	3.7	6	1	2.84	41.46	40.22	41.54	499.94	548.20	6.553	37.344	8.31	47.38	600.0	-0	83	101.6	16.7	0.114	0.3	111115
9	"09:26:45"	294.0	-62.2	1.2	623	32.3	3.67	6	1	2.84	41.45	40.21	41.53	500.08	544.66	6.560	37.609	8.32	47.72	600.0	-0	84	101.6	16.7	0.114	0.3	111115
10	"09:26:46"	295.5	-56.7	1.22	607	32.5	3.65	6	1	2.84	41.45	40.20	41.53	500.13	539.28	6.571	37.853	8.34	48.05	600.0	-0	84	101.6	16.7	0.114	0.3	111115
11	"09:26:48"	296.5	-53.2	1.23	597	32.6	3.64	6	1	2.84	41.44	40.20	41.52	500.12	535.80	6.578	37.946	8.35	48.18	600.0	-0	83	101.6	16.7	0.114	0.3	111115
12	"09:26:49"	298.0	-48.5	1.25	584	32.8	3.62	6	1	2.84	41.43	40.20	41.52	500.08	531.15	6.588	38.112	8.37	48.42	600.1	-0	81	101.6	16.7	0.114	0.3	111115
13	"09:26:50"	299.0	-45.6	1.27	576	32.9	3.6	6	1	2.84	41.43	40.19	41.51	500.12	528.37	6.596	38.242	8.38	48.60	600.1	-0	80	101.6	16.7	0.114	0.3	111115
14	"09:26:51"	300.5	-41.7	1.29	565	33.1	3.58	6	1	2.84	41.42	40.18	41.51	500.19	524.50	6.607	38.467	8.40	48.90	600.0	-0	82	101.6	16.7	0.114	0.3	111115
15	"09:26:53"	301.5	-39.2	1.31	558	33.3	3.56	6	1	2.84	41.41	40.17	41.50	500.20	522.07	6.614	38.602	8.41	49.09	600.0	-0	84	101.6	16.7	0.114	0.3	111115
16	"09:26:54"	303.0	-35.7	1.33	549	33.4	3.54	6	1	2.84	41.41	40.17	41.50	500.24	518.60	6.625	38.768	8.43	49.32	600.0	-0	85	101.6	16.7	0.114	0.3	111115
17	"09:26:55"	304.0	-33.6	1.34	543	33.5	3.53	6	1	2.84	41.40	40.16	41.50	500.17	516.44	6.633	38.860	8.44	49.45	600.0	-0	86	101.6	16.7	0.114	0.3	111115
18	"09:26:56"	305.5	-30.2	1.36	534	33.6	3.52	6	1	2.84	41.39	40.15	41.49	500.19	513.14	6.643	38.954	8.46	49.59	600.1	-0	85	101.6	16.7	0.114	0.3	111115
19	"09:26:58"	307.0	-27.5	1.36	527	33.7	3.51	6	1	2.84	41.39	40.15	41.48	500.12	510.40	6.654	39.025	8.47	49.70	600.0	-0	82	101.6	16.7	0.114	0.3	111115
20	"09:26:59"	308.0	-25.9	1.37	523	33.7	3.5	6	1	2.84	41.38	40.15	41.48	500.09	508.80	6.660	39.050	8.48	49.75	600.0	-0	78	101.6	16.7	0.114	0.3	111115
21	"09:27:00"	309.5	-23.6	1.37	517	33.7	3.5	6	1	2.84	41.37	40.15	41.47	500.05	506.59	6.672	39.075	8.50	49.80	600.0	-0	75	101.6	16.7	0.114	0.3	111115
22	"09:27:02"	310.5	-22.2	1.37	513	33.7	3.5	6	1	2.84	41.37	40.15	41.47	500.03	505.18	6.680	39.073	8.52	49.81	600.0	-0	76	101.6	16.7	0.114	0.3	111115
23	"09:27:03"	312.0	-20.1	1.37	508	33.7	3.5	6	1	2.84	41.36	40.14	41.46	500.09	503.29	6.691	39.054	8.53	49.80	600.1	-0	78	101.6	16.7	0.114	0.3	111115
24	"09:27:04"	313.5	-18.4	1.36	504	33.6	3.5	6	1	2.84	41.35	40.14	41.46	500.10	501.66	6.702	39.014	8.55	49.77	600.1	-0	80	101.6	16.7	0.114	0.3	111115
25	"09:27:06"	314.5	-17.5	1.36	502	33.6	3.5	6	1	2.84	41.35	40.13	41.46	500.12	500.78	6.709	38.986	8.56	49.75	600.1	-0	80	101.6	16.7	0.114	0.3	111115
26	"09:27:07"	316.0	-16.3	1.35	499	33.5	3.51	6	1	2.84	41.34	40.13	41.45	500.05	499.62	6.720	38.933	8.58	49.70	600.1	-0	80	101.6	16.7	0.114	0.3	111115
27	"09:27:08"	317.0	-15.6	1.35	497	33.5	3.51	6	1	2.84	41.33	40.13	41.44	499.98	498.87	6.726	38.889	8.59	49.66	600.0	-0	70	101.6	16.7	0.114	0.3	111115
28	"09:27:09"	318.5	-14.4	1.34	494	33.4	3.52	6	1	2.84	41.33	40.11	41.44	500.01	497.79	6.738	38.800	8.61	49.56	600.0	-0	52	101.6	16.7	0.114	0.3	111115
29	"09:27:11"	319.5	-13.4	1.33	492	33.3	3.52	6	1	2.84	41.32	40.10	41.44	500.06	496.97	6.745	38.709	8.62	49.46	600.0	-0	40	101.6	16.7	0.114	0.7	111115
30	"09:27:12"	321.0	-12.2	1.31	489	33	3.54	6	1	2.84	41.32	40.09	41.43	500.19	496.01	6.756	38.517	8.64	49.23	600.1	-0	32	101.6	16.7	0.114	0.7	111115
31	"09:27:13"	322.0	-11.4	1.29	487	32.9	3.55	6	1	2.84	41.31	40.09	41.43	500.24	495.40	6.763	38.371	8.65	49.06	600.0	-0	33	101.6	16.7	0.114	0.3	111115
32	"09:27:14"	323.5	-10.6	1.27	485	32.6	3.57	6	1	2.84	41.30	40.08	41.42	500.31	494.72	6.775	38.177	8.67	48.83	600.0	-0	35	101.6	16.7	0.114	0.3	111115
33	"09:27:16"	324.5	-9.91	1.26	484	32.5	3.58	6	1	2.84	41.30	40.09	41.42	500.31	494.15	6.782	38.078	8.68	48.72	600.0	-0	36	101.6	16.7	0.114	0.3	111115
34	"09:27:17"	326.0	-9.48	1.25	482	32.4	3.59	6	1	2.84	41.29	40.09	41.41	500.23	493.70	6.792	37.976	8.69	48.60	600.0	-0	37	101.6	16.7	0.114	0.3	111115
35	"09:27:18"	327.0	-9.15	1.24	482	32.4	3.6	6	1	2.84	41.29	40.09	41.41	500.11	493.30	6.798	37.935	8.70	48.56	600.0	-0	38	101.6	16.7	0.114	0.3	111115
36	"09:27:19"	328.5	-8.83	1.24	481	32.3	3.59	6	1	2.84	41.28	40.08	41.40	500.05	492.94	6.808	37.914	8.72	48.55	600.0	-0	37	101.6	16.7	0.114	0.3	111115
37	"09:27:21"	330.0	-8.45	1.24	480	32.3	3.59	6	1	2.84	41.27	40.06	41.39	500.06	492.60	6.817	37.889	8.73	48.54	600.0	-0	36	101.6	16.7	0.114	0.3	111115
38	"09:27:22"	331.0	-8.28	1.24	479	32.3	3.59	6	1	2.84	41.27	40.06	41.39	500.10	492.50	6.826	37.866	8.75	48.52	600.0	-0	35	101.6	16.7	0.114	0.3	111115
39	"09:27:23"	332.5	-7.86	1.23	478	32.2	3.59	6	1	2.84	41.27	40.06	41.38	500.11	492.13	6.837	37.812	8.76	48.46	600.0	-0	36	101.6	16.7	0.114	0.3	111115
40	"09:27:25"	333.5	-7.86	1.23	478	32.1	3.6	6	1	2.84	41.26	40.06	41.38	500.03	492.07	6.845	37.777	8.77	48.43	600.0	-0	36	101.6	16.7	0.114	0.3	111115
41	"09:27:26"	335.0	-7.62	1.22	478	32.1	3.6	6	1	2.84	41.25	40.05	41.37	499.99	491.83	6.855	37.710	8.79	48.36	600.0	-0	36	101.6	16.7	0.114	0.3	111115
42	"09:27:27"	336.0	-7.54	1.22	477	32	3.61	6	1	2.84	41.25	40.05	41.37	499.98	491.78	6.861	37.656	8.80	48.30	600.0	-0	35	101.6	16.7	0.114	0.3	111115
43	"09:27:28"	337.5	-6.95	1.21	476	31.9	3.61	6	1	2.84	41.24	40.03	41.36	500.07	491.36	6.872	37.563	8.82	48.20	600.1	-0	35	101.6	16.7	0.114	0.3	111115
44	"09:27:30"	338.5	-6.6	1.2	475	31.8	3.61	6	1	2.84	41.24	40.03	41.36	500.13	491.10	6.878	37.499	8.83	48.12	600.0	-0	36	101.6	16.7	0.114	0.3	111115
45	"09:27:31"	340.0	-6.32	1.19	475	31.7	3.63	6	1	2.84	41.24	40.04	41.35	500.21	490.97	6.889	37.401	8.84	48.01	600.0	-0	37	101.6	16.7	0.114	0.3	111115
46	"09:27:32"	341.0	-6.29	1.18	474	31.6	3.64	6	1	2.84	41.23	40.04	41.35	500.19	490.96	6.896	37.341	8.85	47.94	600.0	-0	37	101.6	16.7	0.114	0.3	111115
47	"09:27:33"	342.5	-6.33	1.17	475	31.5	3.65	6	1	2.84	41.23	40.05	41.35	500.17	491.02	6.907	37.253	8.87	47.84	600.0	-0	36	101.6	16.7	0.114	0.3	111115
48	"09:27:35"	344.0	-6.27	1.17	474	31.4	3.65	6	1	2.84	41.22	40.04	41.34	500.11	490.95	6.919	37.171	8.89	47.75	600.0	-0	36	101.6	16.7	0.114	0.3	111115
49	"09:27:36"	345.0	-6.08	1.16	474	31.4	3.65	6	1	2.84	41.22	40.03	41.34	500.10	490.79	6.926	37.113	8.90	47.68	600.0	-0	35	101.6	16.7	0.114	0.3	111115
50	"09:27:37"	346.5	-6.16	1.15	474	31.3	3.66	6	1	2.84	41.21	40.02	41.33	500.08	490.89	6.938	37.035	8.92	47.60	600.1	-0	34	101.6	16.7	0.114	0.3	111115
51	"09:27:39"	347.5	-6.02	1.15	474	31.2	3.66	6	1	2.84	41.21	40.02	41.33	500.11	490.83	6.945	36.977	8.93	47.53	600.1	-0	34	101.6	16.7	0.114	0.3	111115
52	"09:27:40"	349.0	-5.82	1.14	473	31.1	3.67	6	1	2.84	41.20	40.01	41.32	500.18	490.75	6.956	36.892	8.94	47.44	600.1	-0	35	101.6	16.7	0.114	0.3	111115
53	"09:27:41"	350.0	-5.71	1.14	473	31	3.67	6	1	2.84	41.20	40.01	41.32	500.17	490.65	6.963	36.836	8.95	47.37	600.0	-0	36	101.6	16.7	0.114	0.3	111115
54	"09:27:42"	351.5	-5.68	1.13	473	30.9	3.68	6	1	2.84	41.19	40.00	41.31	500.13	490.65	6.973	36.743	8.97	47.27	600.0	-0	36	101.6	16.7	0.114	0.3	111115
55	"09:27:44"	352.5	-5.65	1.12	473	30.8	3.68	6	1	2.84	41.19	40.00	41.31	500.13	490.65	6.979	36.690	8.98	47.21	600.0	-0	36	101.6	16.7	0.114	0.3	111115
56	"09:27:45"	354.0	-5.57	1.11	473	30.8	3.69	6	1	2.84	41.19	40.00	41.31	500.16	490.64	6.990	36.617	9.00	47.13	600.0	-0	36	101.6	16.7	0.114	0.3	111115
57	"09:27:46"	355.0	-5.61	1.11	473	30.7	3.69	6	1	2.84	41.18	39.99	41.30	500.15	490.70	6.997	36.570	9.01	47.08	600.0	-0	36	101.6	16.7	0.114	0.3	111115
58	"09:27:47"	356.5	-5.65	1.1	473	30.6	3.7	6	1	2.84	41.18	40.00	41.30	500.14	490.76	7.008	36.507	9.02	47.01	600.0	-0	36	101.6	16.7	0.114	0.3	111115
59	"09:27:49"	357.5	-5.66	1.1	473	30.6	3.71	6	1	2.84	41.17	40.00	41.29	500.12	490.78	7.015	36.471	9.03	46.97	600.0	-0	36	101.6	16.7	0.114	0.3	111115
60	"09:27:50"	359.0	-5.57	1.1	473	30.5	3.71	6	1	2.84	41.17	39.99	41.29	500.07	490.68	7.025	36.413	9.05	46.90	600.1	-0	35	101.6	16.7	0.114	0.3	111115
61	"09:27:51"	360.5	-5.46	1.09	473	30.4	3.71	6	1	2.84	41.16	39.97	41.28	500.09	490.63	7.035	36.347	9.06	46.83	600.0	-0	35	101.6	16.7	0.114	0.7	111115
62	"09:27:53"	361.5	-5.39	1.09	473	30.4	3.71	6	1	2.84	41.16	39.97	41.28	500.10	490.59	7.042	36.307	9.08	46.79	600.0	-0	35	101.6	16.7	0.114	0.7	111115
63	"09:27:54"	363.0	-5.25	1.08	472	30.3	3.71	6	1	2.84	41.16	39.96	41.28	500.15	490.54	7.053	36.244	9.09	46.72	600.0	-0	33	101.6	16.7	0.114	0.7	111115
64	"09:27:55"	364.0	-5.36	1.08	473	30.3	3.72	6	1	2.84	41.15	39.96	41.27	500.08	490.60	7.061	36.213	9.10	46.69	600.1	-0	32	101.6	16.7	0.114	0.7	111115
65	"09:27:56"	365.5	-5.31	1.07	472	30.2	3.73	6	1	2.84	41.15	39.97	41.27	500.18	490.67	7.072	36.161	9.12	46.64	600.1	-0	30	101.6	16.7	0.114	0.7	111115
66	"09:27:58"	366.5	-5.54	1.07	473	30.1	3.73	6	1	2.84	41.14	39.97	41.26	500.15	490.90	7.079	36.124	9.13	46.59	600.0	-0	30	101.6	16.7	0.114	0.7	111115
67	"09:27:59"	368.0	-5.32	1.06	473	30.1	3.73	6	1	2.84	41.14	39.96	41.26	500.22	490.79	7.091	36.064	9.15	46.53	600.0	-0	31	101.6	16.7	0.114	0.7	111115
68	"09:28:00"	369.0	-5.39	1.06	473	30	3.73	6	1	2.84	41.14	39.95	41.26	500.15	490.81	7.098	36.023	9.16	46.49	600.0	-0	33	101.6	16.7	0.114	0.7	111115
69	"09:28:01"	370.5	-5.32	1.06	473	29.9	3.74	6	1	2.84	41.13	39.95	41.25	500.07	490.71	7.109	35.957	9.18	46.42	600.0	-0	35	101.6	16.7	0.114	0.7	111115
70	"09:28:03"	371.5	-5.37	1.05	473	29.9	3.74	6	1	2.84	41.13	39.94	41.25	500.06	490.77	7.116	35.913	9.19	46.37	600.1	-0	35	101.6	16.7	0.114	0.7	111115
71	"09:28:04"	373.0	-5.38	1.05	473	29.8	3.74	6	1	2.84	41.12	39.93	41.24	500.07	490.82	7.126	35.863	9.20	46.32	600.1	-0	35	101.6	16.7	0.114	0.7	111115
72	"09:28:05"	374.0	-5.38	1.05	473	29.8	3.74	6	1	2.84	41.12	39.93	41.24	500.10	490.87	7.133	35.824	9.21	46.27	600.1	-0	35	101.6	16.7	0.114	0.7	111115
73	"09:28:06"	375.5	-5.26	1.04	473	29.7	3.75	6	1	2.84	41.11	39.92	41.23	500.13	490.82	7.142	35.771	9.23	46.22	600.0	-0	35	101.6	16.7	0.114	0.7	111115
74	"09:28:08"	377.0	-5.32	1.04	473	29.6	3.75	6	1	2.84	41.11	39.91	41.23	500.13	490.91	7.152	35.707	9.24	46.15	599.9	-0	35	101.6	16.7	0.114	0.7	111115
75	"09:28:09"	378.0	-5.25	1.03	473	29.6	3.75	6	1	2.84	41.10	39.91	41.22	500.18	490.91	7.159	35.671	9.25	46.11	600.0	-0	35	101.6	16.7	0.114	0.3	111115
76	"09:28:10"	379.5	-5.34	1.03	473	29.5	3.76	6	1	2.84	41.10	39.90	41.22	500.17	491.03	7.169	35.611	9.27	46.05	600.1	-0	35	101.6	16.7	0.114	0.3	111115
77	"09:28:12"	380.5	-5.33	1.02	473	29.4	3.76	6	1	2.84	41.09	39.90	41.22	500.14	491.01	7.175	35.566	9.28	46.00	600.1	-0	35	101.6	16.7	0.114	0.3	111115
78	"09:28:13"	382.0	-5.36	1.02	473	29.4	3.77	6	1	2.84	41.09	39.91	41.21	500.10	491.04	7.184	35.508	9.29	45.94	600.1	-0	35	101.6	16.7	0.114	0.3	111115
79	"09:28:14"	382.5	-5.4	1.02	473	29.3	3.77	6	1	2.84	41.09	39.91	41.21	500.05	491.04	7.187	35.487	9.30	45.91	600.1	-0	35	101.6	16.7	0.114	0.3	111115
80	"09:28:15"	384.5	-5.46	1.01	473	29.2	3.77	6	1	2.84	41.08	39.89	41.20	500.02	491.13	7.199	35.400	9.32	45.82	600.0	-0	35	101.6	16.7	0.114	0.3	111115
81	"09:28:17"	385.5	-5.52	1.01	473	29.2	3.78	6	1	2.84	41.08	39.88	41.20	500.01	491.19	7.205	35.352	9.33	45.76	600.0	-0	35	101.6	16.7	0.114	0.3	111115
82	"09:28:18"	387.0	-5.27	1	473	29.1	3.78	6	1	2.84	41.07	39.87	41.19	500.10	491.08	7.215	35.288	9.34	45.69	600.0	-0	35	101.6	16.7	0.114	0.3	111115
83	"09:28:19"	388.0	-5.33	0.999	473	29	3.78	6	1	2.84	41.07	39.87	41.19	500.09	491.15	7.222	35.242	9.35	45.65	600.0	-0	35	101.6	16.7	0.114	0.3	111115
84	"09:28:20"	389.5	-5.15	0.993	473	29	3.79	6	1	2.84	41.06	39.87	41.19	500.11	491.04	7.232	35.172	9.37	45.57	600.0	-0	35	101.6	16.7	0.114	0.3	111115
85	"09:28:22"	390.5	-5.26	0.988	473	28.9	3.79	6	1	2.84	41.06	39.87	41.18	500.08	491.14	7.239	35.121	9.38	45.51	600.1	-0	36	101.6	16.7	0.114	0.3	111115
86	"09:28:23"	392.0	-5.28	0.982	473	28.8	3.8	6	1	2.84	41.05	39.86	41.18	499.98	491.12	7.251	35.040	9.40	45.42	600.1	-0	35	101.6	16.7	0.114	0.3	111115
87	"09:28:24"	393.0	-5.34	0.978	473	28.7	3.8	6	1	2.84	41.05	39.85	41.17	499.95	491.17	7.257	34.988	9.41	45.37	600.1	-0	35	101.6	16.7	0.114	0.7	111115
88	"09:28:25"	394.5	-5.26	0.973	473	28.6	3.8	6	1	2.84	41.04	39.84	41.17	500.01	491.20	7.269	34.911	9.43	45.28	600.0	-0	35	101.6	16.7	0.114	0.7	111115
89	"09:28:27"	395.5	-5.24	0.97	473	28.6	3.8	6	1	2.84	41.04	39.83	41.16	500.08	491.28	7.275	34.860	9.44	45.22	600.0	-0	35	101.6	16.7	0.114	0.7	111115
90	"09:28:28"	397.0	-5.38	0.964	473	28.5	3.81	6	1	2.84	41.03	39.82	41.16	500.05	491.42	7.285	34.790	9.45	45.15	600.0	-0	35	101.6	16.7	0.114	0.3	111115
91	"09:28:29"	398.0	-5.53	0.961	474	28.4	3.81	6	1	2.84	41.02	39.82	41.15	499.99	491.54	7.291	34.748	9.46	45.11	600.0	-0	34	101.6	16.7	0.114	0.3	111115
92	"09:28:30"	399.5	-5.36	0.955	473	28.4	3.82	6	1	2.84	41.02	39.82	41.15	499.99	491.41	7.303	34.685	9.48	45.04	600.0	-0	33	101.6	16.7	0.114	0.3	111115
93	"09:28:32"	400.0	-5.22	0.954	473	28.3	3.82	6	1	2.84	41.02	39.81	41.15	499.98	491.27	7.306	34.656	9.49	45.01	600.0	-0	32	101.6	16.7	0.114	0.3	111115
94	"09:28:33"	402.0	-5.01	0.948	473	28.2	3.82	6	1	2.84	41.01	39.79	41.14	500.11	491.26	7.322	34.562	9.51	44.90	600.1	-0	32	101.6	16.7	0.114	0.3	111115
95	"09:28:34"	403.0	-5.01	0.945	473	28.2	3.82	6	1	2.84	41.00	39.78	41.13	500.10	491.27	7.329	34.512	9.53	44.85	600.1	-0	32	101.6	16.7	0.114	0.7	111115
96	"09:28:35"	404.5	-5.28	0.94	473	28.1	3.83	6	1	2.84	41.00	39.77	41.13	500.04	491.53	7.339	34.437	9.54	44.77	600.0	-0	32	101.6	16.7	0.114	0.7	111115
97	"09:28:49"	418.5	-4.87	0.888	473	27.2	3.87	6	1	2.84	40.92	39.69	41.06	500.04	491.54	7.443	33.712	9.72	44.01	600.0	-0	33	101.6	16.7	0.114	0.3	111115
98	"09:28:50"	419.5	-5.01	0.887	473	27.1	3.87	6	1	2.84	40.91	39.69	41.05	499.96	491.63	7.445	33.678	9.72	43.97	600.0	-0	32	101.6	16.7	0.114	0.0	111115
99	"09:28:52"	421.0	-5.15	0.884	474	27.1	3.87	6	1	2.84	40.91	39.68	41.05	499.95	491.77	7.449	33.637	9.73	43.93	600.0	-0	33	101.6	16.7	0.114	0.3	111115
100	"09:28:53"	422.0	-5.33	0.881	474	27	3.87	6	1	2.84	40.91	39.68	41.05	499.90	491.92	7.453	33.591	9.74	43.88	600.0	-0	33	101.6	16.7	0.114	0.3	111115
101	"09:28:54"	422.5	-5.45	0.879	474	27	3.88	6	1	2.84	40.90	39.68	41.05	499.82	491.98	7.456	33.559	9.74	43.84	600.0	-0	33	101.6	16.7	0.114	0.3	111115
102	"09:28:55"	423.5	-5.54	0.875	475	26.9	3.88	6	1	2.84	40.90	39.67	41.04	499.84	492.12	7.462	33.502	9.75	43.78	600.0	-0	34	101.6	16.7	0.114	0.3	111115
103	"09:28:56"	425.0	-5.36	0.868	474	26.8	3.89	6	1	2.84	40.89	39.67	41.04	499.85	492.00	7.473	33.419	9.77	43.69	600.0	-0	35	101.6	16.7	0.114	0.3	111115
104	"09:28:57"	426.0	-5.33	0.865	474	26.8	3.89	6	1	2.84	40.89	39.66	41.03	499.89	492.04	7.480	33.376	9.78	43.64	600.0	-0	36	101.6	16.7	0.114	0.3	111115
105	"09:28:59"	427.0	-5.19	0.862	474	26.7	3.89	6	1	2.84	40.88	39.66	41.03	499.94	491.98	7.488	33.324	9.79	43.58	600.0	-0	37	101.6	16.7	0.114	0.3	111115
106	"09:29:00"	428.0	-5.18	0.859	474	26.7	3.89	6	1	2.84	40.88	39.65	41.02	499.93	491.99	7.495	33.272	9.80	43.53	600.0	-0	48	101.6	16.7	0.114	0.3	111115
107	"09:29:01"	429.5	-5.31	0.854	474	26.6	3.9	6	1	2.84	40.87	39.64	41.01	499.91	492.14	7.505	33.200	9.82	43.45	600.1	-0	64	101.6	16.7	0.114	0.3	111115
108	"09:29:02"	430.5	-5.23	0.851	474	26.5	3.9	6	1	2.84	40.86	39.63	41.01	499.93	492.12	7.512	33.134	9.83	43.38	600.1	-0	75	101.6	16.7	0.114	0.3	111115
109	"09:29:03"	431.5	-5.03	0.848	474	26.4	3.9	6	1	2.84	40.86	39.62	41.00	500.02	492.04	7.518	33.083	9.85	43.32	600.1	-0	80	101.6	16.7	0.114	0.3	111115
110	"09:29:04"	433.0	-5.09	0.842	474	26.3	3.91	6	1	2.84	40.85	39.61	41.00	499.98	492.11	7.526	33.001	9.86	43.23	600.0	-0	80	101.6	16.7	0.114	0.3	111115
111	"09:29:06"	434.0	-5.18	0.839	474	26.3	3.91	6	1	2.84	40.85	39.60	40.99	499.89	492.14	7.532	32.948	9.87	43.18	600.0	-0	81	101.6	16.7	0.114	0.3	111115
112	"09:29:07"	435.0	-5.55	0.837	475	26.2	3.91	6	1	2.84	40.84	39.59	40.99	499.74	492.38	7.538	32.909	9.88	43.14	600.0	-0	82	101.6	16.7	0.114	0.3	111115
113	"09:29:08"	436.5	-5.66	0.833	476	26.1	3.91	6	1	2.84	40.83	39.58	40.98	499.63	492.41	7.547	32.836	9.90	43.06	600.1	-0	83	101.6	16.7	0.114	0.3	111115
114	"09:29:09"	437.5	-5.69	0.83	476	26.1	3.91	6	1	2.84	40.83	39.57	40.97	499.63	492.47	7.553	32.788	9.91	43.02	600.1	-0	83	101.6	16.7	0.114	0.3	111115
115	"09:29:10"	438.5	-5.61	0.827	476	26	3.92	6	1	2.84	40.82	39.57	40.97	499.68	492.47	7.560	32.743	9.92	42.97	600.0	-0	83	101.6	16.7	0.114	0.3	111115
116	"09:29:11"	440.0	-5.36	0.824	475	26	3.92	6	1	2.84	40.81	39.55	40.96	499.75	492.33	7.570	32.681	9.94	42.91	600.0	-0	83	101.6	16.7	0.114	0.3	111115
117	"09:29:13"	441.0	-5.37	0.821	475	25.9	3.92	6	1	2.84	40.80	39.55	40.95	499.77	492.38	7.576	32.640	9.95	42.87	600.0	-0	83	101.6	16.7	0.114	0.3	111115
118	"09:29:14"	442.5	-5.58	0.818	476	25.8	3.92	6	1	2.84	40.80	39.54	40.95	499.68	492.54	7.585	32.580	9.97	42.81	600.1	-0	84	101.6	16.7	0.114	0.3	111115
119	"09:29:15"	443.5	-5.56	0.816	476	25.8	3.92	6	1	2.84	40.79	39.53	40.94	499.70	492.55	7.592	32.539	9.98	42.77	600.1	-0	84	101.6	16.7	0.114	0.3	111115
120	"09:29:16"	444.5	-5.49	0.813	476	25.7	3.92	6	1	2.84	40.79	39.52	40.94	499.79	492.60	7.599	32.495	9.99	42.72	600.1	-0	84	101.6	16.7	0.114	0.3	111115
121	"09:29:17"	446.0	-5.52	0.81	476	25.7	3.93	6	1	2.84	40.78	39.51	40.93	499.81	492.68	7.608	32.436	10.01	42.66	600.1	-0	82	101.6	16.7	0.114	0.3	111115
122	"09:29:19"	447.0	-5.5	0.807	476	25.6	3.93	6	1	2.84	40.77	39.51	40.92	499.86	492.74	7.615	32.398	10.02	42.62	600.0	-0	82	101.6	16.7	0.114	0.3	111115
123	"09:29:20"	448.0	-5.54	0.804	476	25.6	3.93	6	1	2.84	40.77	39.50	40.92	499.81	492.76	7.623	32.357	10.03	42.58	600.0	-0	82	101.6	16.7	0.114	0.3	111115
124	"09:29:21"	449.5	-5.65	0.8	476	25.5	3.94	6	1	2.84	40.76	39.50	40.91	499.80	492.88	7.631	32.301	10.05	42.53	600.0	-0	82	101.6	16.7	0.114	0.3	111115
125	"09:29:22"	450.5	-5.6	0.797	476	25.4	3.94	6	1	2.84	40.75	39.50	40.90	499.76	492.82	7.639	32.265	10.06	42.49	600.0	-0	81	101.6	16.7	0.114	0.3	111115
126	"09:29:23"	452.0	-5.67	0.794	476	25.4	3.94	6	1	2.84	40.75	39.50	40.90	499.71	492.88	7.650	32.207	10.08	42.43	600.0	-0	81	101.6	16.7	0.114	0.3	111115
127	"09:29:24"	453.0	-5.57	0.791	476	25.3	3.95	6	1	2.84	40.74	39.49	40.89	499.70	492.78	7.658	32.171	10.09	42.39	600.0	-0	81	101.6	16.7	0.114	0.3	111115
128	"09:29:26"	454.0	-5.64	0.789	476	25.3	3.95	6	1	2.84	40.74	39.49	40.89	499.68	492.86	7.666	32.138	10.10	42.36	600.1	-0	82	101.6	16.7	0.114	0.3	111115
129	"09:29:27"	455.5	-5.47	0.786	476	25.2	3.95	6	1	2.84	40.73	39.48	40.88	499.79	492.82	7.677	32.091	10.12	42.32	600.1	-0	82	101.6	16.7	0.114	0.3	111115
130	"09:29:28"	456.5	-5.54	0.785	476	25.2	3.95	6	1	2.84	40.72	39.47	40.87	499.76	492.88	7.683	32.064	10.13	42.29	600.0	-0	82	101.6	16.7	0.114	0.3	111115
131	"09:29:29"	457.5	-5.41	0.783	476	25.1	3.95	6	1	2.84	40.72	39.47	40.87	499.83	492.85	7.691	32.029	10.15	42.25	600.0	-0	82	101.6	16.7	0.114	0.3	111115
132	"09:29:30"	459.0	-5.46	0.78	476	25.1	3.95	6	1	2.84	40.71	39.46	40.86	499.74	492.83	7.701	31.986	10.16	42.21	600.0	-0	83	101.6	16.7	0.114	0.3	111115
133	"09:29:32"	460.0	-5.4	0.777	476	25	3.96	6	1	2.84	40.71	39.46	40.86	499.82	492.87	7.707	31.953	10.17	42.18	600.0	-0	83	101.6	16.7	0.114	0.3	111115
134	"09:29:33"	461.0	-5.21	0.774	475	25	3.96	6	1	2.84	40.70	39.46	40.85	499.93	492.82	7.719	31.907	10.19	42.13	600.0	-0	84	101.6	16.7	0.114	0.3	111115
135	"09:29:34"	462.5	-5.1	0.772	475	24.9	3.96	6	1	2.84	40.69	39.45	40.84	499.97	492.78	7.725	31.869	10.21	42.10	600.0	-0	84	101.6	16.7	0.114	0.3	111115
136	"09:29:35"	463.5	-5.04	0.772	475	24.9	3.96	6	1	2.84	40.69	39.43	40.84	499.98	492.76	7.732	31.839	10.22	42.07	600.0	-0	84	101.6	16.7	0.114	0.3	111115
137	"09:29:36"	464.5	-5.03	0.77	475	24.9	3.96	6	1	2.84	40.68	39.42	40.83	499.94	492.73	7.739	31.807	10.23	42.04	600.0	-0	84	101.6	16.7	0.114	0.3	111115
138	"09:29:37"	466.5	-5.18	0.768	475	24.8	3.95	6	1	2.84	40.67	39.40	40.82	499.92	492.88	7.753	31.752	10.25	41.99	600.0	-0	83	101.6	16.7	0.114	0.3	111115
139	"09:29:38"	467.0	-5.15	0.767	475	24.8	3.95	6	1	2.84	40.67	39.40	40.82	499.94	492.87	7.757	31.736	10.26	41.98	600.0	-0	83	101.6	16.7	0.114	0.3	111115
140	"09:29:40"	469.0	-5.57	0.764	477	24.7	3.95	6	1	2.84	40.66	39.38	40.81	499.84	493.23	7.771	31.674	10.28	41.92	600.0	-0	81	101.6	16.7	0.114	0.7	111115
141	"09:29:41"	469.5	-5.61	0.763	477	24.7	3.96	6	1	2.84	40.66	39.39	40.81	499.79	493.23	7.773	31.657	10.29	41.90	600.0	-0	80	101.6	16.7	0.114	0.3	111115
142	"09:29:42"	471.5	-5.84	0.759	478	24.6	3.96	6	1	2.84	40.64	39.37	40.80	499.70	493.40	7.787	31.592	10.31	41.84	600.1	-0	79	101.6	16.7	0.114	0.3	111115
143	"09:29:43"	472.0	-5.77	0.759	477	24.6	3.96	6	1	2.84	40.64	39.36	40.79	499.69	493.34	7.790	31.574	10.32	41.83	600.1	-0	79	101.6	16.7	0.114	0.3	111115
144	"09:29:45"	474.0	-5.56	0.755	477	24.5	3.95	6	1	2.84	40.63	39.34	40.78	499.75	493.24	7.802	31.500	10.34	41.76	600.0	-0	79	101.6	16.7	0.114	0.3	111115
145	"09:29:46"	475.0	-5.67	0.754	477	24.4	3.95	6	1	2.84	40.62	39.33	40.78	499.75	493.36	7.808	31.467	10.35	41.73	600.0	-0	79	101.6	16.7	0.114	0.3	111115
146	"09:29:47"	476.5	-5.51	0.752	477	24.4	3.95	6	1	2.84	40.61	39.32	40.77	499.75	493.24	7.817	31.426	10.37	41.69	600.0	-0	79	101.6	16.7	0.114	0.3	111115
147	"09:29:48"	477.5	-5.59	0.751	477	24.3	3.95	6	1	2.84	40.61	39.31	40.76	499.73	493.31	7.824	31.394	10.38	41.67	600.0	-0	79	101.6	16.7	0.114	0.3	111115
148	"09:29:50"	479.0	-5.51	0.748	477	24.3	3.95	6	1	2.84	40.60	39.30	40.75	499.74	493.28	7.833	31.346	10.40	41.62	600.0	-0	79	101.6	16.7	0.114	0.3	111115
149	"09:29:51"	480.0	-5.56	0.746	477	24.2	3.96	6	1	2.84	40.59	39.29	40.75	499.71	493.32	7.841	31.312	10.41	41.59	600.0	-0	79	101.6	16.7	0.114	0.3	111115
150	"09:29:52"	481.5	-5.72	0.743	478	24.2	3.96	6	1	2.84	40.58	39.28	40.74	499.63	493.43	7.851	31.260	10.43	41.54	600.0	-0	80	101.6	16.7	0.114	0.3	111115
151	"09:29:53"	482.5	-5.75	0.742	478	24.1	3.96	6	1	2.84	40.58	39.28	40.73	499.66	493.51	7.859	31.234	10.45	41.52	600.0	-0	80	101.6	16.7	0.114	0.3	111115
152	"09:29:54"	483.0	-5.85	0.741	478	24.1	3.96	6	1	2.84	40.57	39.27	40.73	499.63	493.58	7.862	31.219	10.45	41.51	600.0	-0	80	101.6	16.7	0.114	0.3	111115
153	"09:29:56"	484.0	-5.99	0.739	479	24.1	3.96	6	1	2.84	40.57	39.27	40.73	499.65	493.75	7.868	31.187	10.47	41.48	600.0	-0	80	101.6	16.7	0.114	0.3	111115
154	"09:29:57"	486.0	-5.88	0.736	478	24	3.96	6	1	2.84	40.55	39.26	40.71	499.71	493.74	7.882	31.123	10.49	41.42	600.1	-0	80	101.6	16.7	0.114	0.3	111115
155	"09:29:58"	487.5	-5.86	0.733	478	23.9	3.96	6	1	2.84	40.54	39.25	40.71	499.66	493.71	7.893	31.072	10.51	41.38	600.1	-0	80	101.6	16.7	0.114	0.3	111115
156	"09:29:59"	488.5	-5.79	0.732	478	23.9	3.96	6	1	2.84	40.54	39.24	40.70	499.63	493.63	7.898	31.046	10.52	41.36	600.1	-0	81	101.6	16.7	0.114	0.3	111115
157	"09:30:01"	490.0	-5.79	0.73	478	23.8	3.96	6	1	2.84	40.53	39.23	40.69	499.66	493.68	7.907	31.006	10.54	41.32	600.0	-0	82	101.6	16.7	0.114	0.3	111115
158	"09:30:02"	491.0	-5.7	0.728	478	23.8	3.96	6	1	2.84	40.52	39.22	40.69	499.70	493.65	7.914	30.983	10.55	41.31	600.0	-0	82	101.6	16.7	0.114	0.3	111115
159	"09:30:03"	492.5	-5.46	0.726	477	23.8	3.97	6	1	2.84	40.51	39.22	40.68	499.73	493.47	7.923	30.943	10.57	41.27	600.0	-0	82	101.6	16.7	0.114	0.3	111115
160	"09:30:04"	493.5	-5.38	0.724	477	23.7	3.97	6	1	2.84	40.51	39.21	40.67	499.66	493.34	7.930	30.912	10.58	41.24	600.0	-0	82	101.6	16.7	0.114	0.3	111115
161	"09:30:06"	495.0	-5.41	0.722	477	23.7	3.97	6	1	2.84	40.50	39.21	40.66	499.64	493.38	7.939	30.875	10.60	41.21	600.0	0	81	101.6	16.7	0.114	0.7	111115
162	"09:30:07"	495.5	-5.62	0.721	478	23.6	3.97	6	1	2.84	40.50	39.21	40.66	499.57	493.51	7.942	30.860	10.60	41.20	600.0	-0	81	101.6	16.7	0.114	0.7	111115
163	"09:30:08"	497.0	-5.84	0.719	479	23.6	3.97	6	1	2.84	40.49	39.20	40.65	499.58	493.76	7.951	30.822	10.62	41.17	600.0	-0	82	101.6	16.7	0.114	0.7	111115
164	"09:30:09"	498.5	-5.82	0.719	479	23.6	3.97	6	1	2.84	40.48	39.18	40.64	499.66	493.84	7.962	30.799	10.64	41.16	600.1	-0	82	101.6	16.7	0.114	0.7	111115
165	"09:30:10"	499.5	-5.64	0.718	478	23.5	3.97	6	1	2.84	40.47	39.18	40.64	499.74	493.75	7.968	30.780	10.65	41.14	600.1	-0	82	101.6	16.7	0.114	0.7	111115
166	"09:30:12"	501.0	-5.54	0.716	478	23.5	3.97	6	1	2.84	40.46	39.17	40.63	499.79	493.73	7.977	30.753	10.67	41.13	600.1	-0	82	101.6	16.7	0.114	0.7	111115
167	"09:30:13"	502.0	-5.65	0.715	478	23.5	3.97	6	1	2.84	40.46	39.17	40.62	499.72	493.79	7.983	30.732	10.68	41.11	600.1	-0	82	101.6	16.7	0.114	0.7	111115
168	"09:30:14"	503.5	-5.67	0.713	478	23.4	3.97	6	1	2.84	40.45	39.16	40.61	499.71	493.80	7.992	30.703	10.70	41.09	600.0	-0	82	101.6	16.7	0.114	0.7	111115
169	"09:30:15"	504.5	-5.7	0.713	478	23.4	3.97	6	1	2.84	40.44	39.16	40.61	499.65	493.79	7.997	30.688	10.71	41.08	600.0	-0	82	101.6	16.7	0.114	0.7	111115
170	"09:30:17"	506.0	-5.69	0.711	478	23.4	3.97	6	1	2.84	40.44	39.15	40.60	499.68	493.83	8.006	30.654	10.72	41.05	600.0	-0	82	101.6	16.7	0.114	0.7	111115
171	"09:30:18"	507.0	-5.7	0.709	478	23.3	3.97	6	1	2.84	40.43	39.15	40.60	499.66	493.83	8.013	30.631	10.73	41.03	600.0	-0	82	101.6	16.7	0.114	0.3	111115
172	"09:30:19"	508.5	-5.88	0.707	479	23.3	3.97	6	1	2.84	40.42	39.14	40.59	499.61	493.98	8.022	30.602	10.75	41.01	600.0	-0	83	101.6	16.7	0.114	0.3	111115
173	"09:30:20"	509.5	-5.98	0.706	479	23.3	3.97	6	1	2.84	40.42	39.14	40.58	499.59	494.08	8.028	30.582	10.76	41.00	600.0	-0	83	101.6	16.7	0.114	0.3	111115
174	"09:30:22"	511.0	-6.01	0.704	480	23.2	3.97	6	1	2.84	40.41	39.14	40.57	499.62	494.15	8.038	30.556	10.78	40.98	600.0	-0	84	101.6	16.7	0.114	0.3	111115
175	"09:30:23"	511.5	-5.92	0.704	479	23.2	3.97	6	1	2.84	40.41	39.13	40.57	499.64	494.09	8.041	30.543	10.78	40.97	600.0	-0	84	101.6	16.7	0.114	0.3	111115
176	"09:30:24"	513.5	-5.77	0.703	479	23.2	3.97	6	1	2.84	40.40	39.12	40.56	499.71	494.04	8.054	30.518	10.81	40.95	600.1	-0	82	101.6	16.7	0.114	0.3	111115
177	"09:30:25"	514.5	-5.75	0.702	479	23.1	3.97	6	1	2.84	40.39	39.11	40.55	499.68	493.99	8.061	30.501	10.82	40.94	600.0	-0	80	101.6	16.7	0.114	0.3	111115
178	"09:30:27"	516.0	-5.79	0.702	479	23.1	3.97	6	1	2.84	40.39	39.10	40.55	499.66	494.03	8.070	30.479	10.84	40.93	600.0	-0	80	101.6	16.7	0.114	0.3	111115
179	"09:30:28"	517.0	-5.8	0.701	479	23.1	3.97	6	1	2.84	40.38	39.10	40.54	499.69	494.08	8.076	30.468	10.85	40.92	600.0	-0	80	101.6	16.7	0.114	0.3	111115
180	"09:30:29"	518.5	-6.02	0.7	480	23.1	3.97	6	1	2.84	40.38	39.09	40.53	499.64	494.26	8.084	30.444	10.86	40.91	600.0	-0	80	101.6	16.7	0.114	0.3	111115
181	"09:30:30"	519.5	-6.1	0.699	480	23	3.97	6	1	2.84	40.37	39.09	40.53	499.61	494.32	8.089	30.428	10.87	40.90	600.0	-0	80	101.6	16.7	0.114	0.3	111115
182	"09:30:31"	520.0	-6.05	0.699	480	23	3.97	6	1	2.84	40.37	39.08	40.53	499.62	494.29	8.092	30.425	10.88	40.90	600.0	-0	80	101.6	16.7	0.114	0.3	111115
183	"09:30:33"	522.0	-6.03	0.697	480	23	3.97	6	1	2.84	40.36	39.07	40.52	499.66	494.33	8.106	30.390	10.90	40.87	600.0	-0	81	101.6	16.7	0.114	0.3	111115
184	"09:30:34"	523.0	-5.92	0.696	480	23	3.97	6	1	2.84	40.35	39.07	40.51	499.74	494.32	8.112	30.376	10.91	40.86	600.0	-0	81	101.6	16.7	0.114	0.7	111115
185	"09:30:35"	524.5	-5.76	0.693	479	22.9	3.97	6	1	2.84	40.35	39.08	40.51	499.71	494.14	8.122	30.350	10.93	40.84	600.0	-0	81	101.6	16.7	0.114	0.7	111115
186	"09:30:36"	525.5	-5.84	0.692	479	22.9	3.97	6	1	2.84	40.34	39.08	40.50	499.68	494.20	8.129	30.335	10.94	40.83	600.0	-0	82	101.6	16.7	0.114	0.7	111115
187	"09:30:38"	527.0	-5.89	0.692	479	22.9	3.97	6	1	2.84	40.33	39.07	40.49	499.58	494.16	8.138	30.317	10.96	40.83	600.0	-0	82	101.6	16.7	0.114	1.0	111115
188	"09:30:39"	528.0	-5.87	0.692	479	22.9	3.97	6	1	2.84	40.33	39.06	40.49	499.58	494.16	8.144	30.308	10.97	40.82	600.0	-0	82	101.6	16.7	0.114	1.0	111115
189	"09:30:40"	529.5	-5.81	0.692	479	22.8	3.96	6	1	2.84	40.32	39.04	40.48	499.66	494.18	8.154	30.299	10.99	40.83	600.0	-0	82	101.6	16.7	0.114	1.0	111115
190	"09:30:41"	530.5	-5.78	0.692	479	22.8	3.96	6	1	2.84	40.32	39.04	40.48	499.70	494.20	8.160	30.295	11.00	40.83	600.0	-0	82	101.6	16.7	0.114	1.0	111115
191	"09:30:43"	532.0	-5.68	0.692	479	22.8	3.96	6	1	2.84	40.31	39.04	40.47	499.78	494.19	8.169	30.297	11.01	40.85	600.0	-0	82	101.6	16.7	0.114	1.0	111115
192	"09:30:44"	533.0	-5.75	0.692	479	22.8	3.96	6	1	2.84	40.31	39.04	40.46	499.82	494.29	8.175	30.301	11.03	40.86	600.0	-0	83	101.6	16.7	0.114	1.0	111115
193	"09:30:45"	534.5	-5.83	0.692	480	22.8	3.96	6	1	2.84	40.30	39.03	40.46	499.73	494.28	8.184	30.304	11.04	40.88	600.1	-0	82	101.6	16.7	0.114	1.0	111115
194	"09:30:46"	535.5	-5.86	0.693	480	22.8	3.96	6	1	2.84	40.30	39.02	40.45	499.75	494.34	8.191	30.306	11.05	40.89	600.1	-0	81	101.6	16.7	0.114	1.0	111115
195	"09:30:48"	537.0	-5.81	0.692	480	22.8	3.96	6	1	2.84	40.29	39.02	40.44	499.76	494.30	8.201	30.298	11.07	40.89	600.1	-0	78	101.6	16.7	0.114	1.0	111115
196	"09:30:49"	538.0	-5.79	0.691	479	22.8	3.96	6	1	2.84	40.29	39.03	40.44	499.78	494.31	8.206	30.288	11.08	40.89	600.1	-0	78	101.6	16.7	0.114	1.0	111115
197	"09:30:50"	539.5	-5.81	0.69	480	22.8	3.96	6	1	2.84	40.28	39.03	40.43	499.74	494.31	8.214	30.275	11.09	40.89	600.0	-0	79	101.6	16.7	0.114	1.0	111115
198	"09:30:51"	540.0	-5.82	0.69	480	22.7	3.96	6	1	2.84	40.28	39.02	40.43	499.73	494.30	8.216	30.274	11.10	40.89	600.0	-0	79	101.6	16.7	0.114	1.0	111115
199	"09:30:53"	542.0	-5.78	0.689	480	22.7	3.96	6	1	2.84	40.27	39.01	40.42	499.75	494.30	8.228	30.260	11.12	40.89	600.0	-0	80	101.6	16.7	0.114	1.0	111115
200	"09:30:54"	543.0	-5.99	0.689	480	22.7	3.95	6	1	2.84	40.26	39.00	40.42	499.69	494.46	8.235	30.247	11.13	40.89	600.0	-0	80	101.6	16.7	0.114	1.0	111115
201	"09:30:55"	544.5	-6.08	0.689	481	22.7	3.95	6	1	2.84	40.26	38.99	40.41	499.66	494.53	8.244	30.231	11.15	40.88	600.0	-0	81	101.6	16.7	0.114	1.0	111115
202	"09:30:56"	545.5	-6.15	0.688	481	22.7	3.95	6	1	2.84	40.25	38.99	40.40	499.64	494.59	8.250	30.224	11.16	40.88	600.0	-0	83	101.6	16.7	0.114	0.7	111115
203	"09:30:58"	547.0	-6.03	0.686	480	22.6	3.95	6	1	2.84	40.24	38.98	40.40	499.69	494.53	8.259	30.195	11.18	40.86	600.0	-0	86	101.6	16.7	0.114	0.7	111115
204	"09:30:59"	547.5	-6.01	0.686	480	22.6	3.95	6	1	2.84	40.24	38.99	40.39	499.74	494.57	8.263	30.190	11.18	40.85	600.0	-0	87	101.6	16.7	0.114	0.7	111115
205	"09:31:00"	549.5	-5.8	0.684	480	22.6	3.95	6	1	2.84	40.23	38.98	40.38	499.72	494.37	8.275	30.151	11.20	40.82	600.0	0	88	101.6	16.7	0.114	0.7	111115
206	"09:31:01"	550.5	-5.88	0.683	480	22.5	3.95	6	1	2.84	40.23	38.97	40.38	499.71	494.45	8.282	30.134	11.22	40.81	600.1	-0	88	101.6	16.7	0.114	1.0	111115
207	"09:31:03"	552.0	-5.94	0.683	480	22.5	3.95	6	1	2.84	40.22	38.95	40.37	499.69	494.50	8.291	30.115	11.23	40.80	600.1	-0	88	101.6	16.7	0.114	1.0	111115
208	"09:31:04"	553.0	-6.06	0.682	481	22.5	3.95	6	1	2.84	40.21	38.95	40.37	499.68	494.63	8.298	30.098	11.25	40.79	600.1	-0	87	101.6	16.7	0.114	1.0	111115
209	"09:31:05"	554.5	-5.76	0.68	480	22.4	3.95	6	1	2.84	40.21	38.94	40.36	499.77	494.44	8.308	30.076	11.26	40.78	600.0	-0	85	101.6	16.7	0.114	1.0	111115
210	"09:31:06"	555.5	-5.73	0.679	480	22.4	3.95	6	1	2.84	40.20	38.94	40.35	499.77	494.42	8.314	30.059	11.28	40.76	599.9	-0	83	101.6	16.7	0.114	1.0	111115
211	"09:31:07"	556.0	-5.74	0.679	480	22.4	3.95	6	1	2.84	40.20	38.94	40.35	499.79	494.45	8.318	30.051	11.28	40.76	599.9	-0	82	101.6	16.7	0.114	1.0	111115
212	"09:31:09"	558.0	-5.75	0.677	480	22.4	3.95	6	1	2.84	40.19	38.94	40.34	499.83	494.52	8.330	30.024	11.30	40.74	600.0	-0	80	101.6	16.7	0.114	1.0	111115
213	"09:31:10"	559.0	-5.87	0.677	480	22.3	3.95	6	1	2.84	40.19	38.93	40.34	499.76	494.58	8.337	30.016	11.32	40.74	600.0	-0	81	101.6	16.7	0.114	1.0	111115
214	"09:31:11"	560.5	-5.94	0.675	481	22.3	3.95	6	1	2.84	40.18	38.93	40.33	499.72	494.62	8.347	29.997	11.33	40.73	600.1	-0	83	101.6	16.7	0.114	1.0	111115
215	"09:31:12"	561.5	-6.09	0.674	481	22.3	3.95	6	1	2.84	40.17	38.93	40.32	499.67	494.73	8.353	29.978	11.34	40.71	600.1	-0	86	101.6	16.7	0.114	1.0	111115
216	"09:31:13"	562.0	-6.08	0.674	481	22.3	3.95	6	1	2.84	40.17	38.92	40.32	499.64	494.69	8.356	29.967	11.35	40.70	600.1	-0	87	101.6	16.7	0.114	1.0	111115
217	"09:31:15"	564.0	-6.02	0.672	481	22.2	3.95	6	1	2.84	40.16	38.92	40.31	499.75	494.76	8.368	29.936	11.37	40.68	600.0	-0	88	101.6	16.7	0.114	1.0	111115
218	"09:31:16"	565.0	-5.97	0.671	481	22.2	3.95	6	1	2.84	40.16	38.92	40.31	499.77	494.76	8.374	29.924	11.38	40.67	600.0	-0	89	101.6	16.7	0.114	1.0	111115
219	"09:31:17"	566.5	-5.91	0.67	481	22.2	3.95	6	1	2.84	40.15	38.91	40.30	499.80	494.73	8.384	29.906	11.40	40.67	600.0	-0	89	101.6	16.7	0.114	1.0	111115
220	"09:31:18"	567.5	-5.87	0.669	481	22.2	3.95	6	1	2.84	40.15	38.91	40.30	499.79	494.70	8.390	29.888	11.41	40.65	600.0	-0	88	101.6	16.7	0.114	0.7	111115
221	"09:31:20"	569.0	-5.96	0.668	481	22.1	3.95	6	1	2.84	40.14	38.90	40.29	499.78	494.79	8.399	29.873	11.43	40.64	600.1	-0	88	101.6	16.7	0.114	0.7	111115
222	"09:31:21"	570.0	-5.88	0.667	481	22.1	3.96	6	1	2.84	40.14	38.90	40.28	499.84	494.79	8.406	29.855	11.44	40.63	600.1	-0	88	101.6	16.7	0.114	0.7	111115
223	"09:31:22"	571.5	-5.76	0.665	480	22.1	3.96	6	1	2.84	40.13	38.90	40.28	499.84	494.68	8.417	29.832	11.46	40.61	600.0	-0	88	101.6	16.7	0.114	0.7	111115
224	"09:31:23"	572.5	-5.69	0.664	480	22	3.96	6	1	2.84	40.13	38.89	40.27	499.84	494.63	8.423	29.810	11.47	40.59	600.0	-0	88	101.6	16.7	0.114	0.7	111115
225	"09:31:25"	574.0	-5.86	0.663	481	22	3.96	6	1	2.84	40.12	38.89	40.27	499.80	494.77	8.434	29.786	11.49	40.57	600.0	-0	88	101.6	16.7	0.114	1.0	111115
226	"09:31:26"	575.0	-5.9	0.662	481	22	3.96	6	1	2.84	40.12	38.88	40.26	499.79	494.81	8.441	29.774	11.50	40.56	599.9	-0	88	101.6	16.7	0.114	1.0	111115
227	"09:31:27"	576.5	-5.91	0.661	481	22	3.96	6	1	2.84	40.11	38.88	40.26	499.73	494.78	8.450	29.759	11.52	40.56	599.9	-0	88	101.6	16.7	0.114	1.0	111115
228	"09:31:28"	577.5	-5.9	0.659	481	21.9	3.96	6	1	2.84	40.10	38.88	40.25	499.67	494.71	8.456	29.739	11.53	40.54	600.0	-0	88	101.6	16.7	0.114	1.0	111115
229	"09:31:30"	579.0	-6.1	0.658	481	21.9	3.96	6	1	2.84	40.10	38.88	40.24	499.57	494.83	8.464	29.713	11.54	40.52	600.1	-0	88	101.6	16.7	0.114	1.0	111115
230	"09:31:31"	580.0	-6.16	0.657	482	21.9	3.96	6	1	2.84	40.09	38.88	40.24	499.62	494.95	8.470	29.699	11.55	40.51	600.1	-0	88	101.6	16.7	0.114	1.0	111115
231	"09:31:32"	581.5	-5.96	0.656	481	21.8	3.96	6	1	2.84	40.09	38.86	40.23	499.75	494.91	8.480	29.663	11.57	40.47	600.0	-0	88	101.6	16.7	0.114	1.0	111115
232	"09:31:33"	582.5	-5.73	0.655	480	21.8	3.96	6	1	2.84	40.08	38.85	40.23	499.81	494.76	8.488	29.645	11.58	40.46	600.0	-0	88	101.6	16.7	0.114	1.0	111115
233	"09:31:35"	584.0	-5.75	0.653	481	21.8	3.96	6	1	2.84	40.08	38.85	40.22	499.80	494.79	8.498	29.607	11.60	40.42	599.9	-0	88	101.6	16.7	0.114	1.0	111115
234	"09:31:36"	585.0	-5.77	0.652	481	21.7	3.96	6	1	2.84	40.07	38.84	40.22	499.77	494.79	8.505	29.592	11.61	40.41	600.0	-0	88	101.6	16.7	0.114	0.7	111115
235	"09:31:37"	586.5	-6.11	0.65	482	21.7	3.96	6	1	2.84	40.06	38.84	40.21	499.69	495.07	8.515	29.563	11.63	40.39	600.1	-0	87	101.6	16.7	0.114	0.7	111115
236	"09:31:38"	587.5	-6.13	0.649	482	21.7	3.96	6	1	2.84	40.06	38.84	40.21	499.64	495.05	8.522	29.547	11.64	40.37	600.1	-0	87	101.6	16.7	0.114	0.7	111115
237	"09:31:40"	589.0	-6.19	0.647	482	21.6	3.97	6	1	2.84	40.05	38.84	40.20	499.62	495.10	8.532	29.519	11.66	40.35	600.0	-0	88	101.6	16.7	0.114	0.3	111115
238	"09:31:41"	589.5	-6.14	0.647	482	21.6	3.97	6	1	2.84	40.05	38.83	40.20	499.62	495.06	8.535	29.509	11.67	40.34	600.0	-0	88	101.6	16.7	0.114	0.3	111115
239	"09:31:42"	591.0	-5.93	0.645	481	21.6	3.97	6	1	2.84	40.04	38.83	40.19	499.67	494.92	8.543	29.486	11.68	40.32	600.0	-0	88	101.6	16.7	0.114	0.3	111115
240	"09:31:43"	591.5	-5.88	0.645	481	21.6	3.97	6	1	2.84	40.04	38.83	40.19	499.70	494.90	8.546	29.477	11.69	40.32	600.0	-0	88	101.6	16.7	0.114	0.7	111115
241	"09:31:44"	593.5	-5.83	0.642	481	21.5	3.97	6	1	2.84	40.03	38.82	40.18	499.72	494.91	8.559	29.439	11.71	40.28	600.0	-0	87	101.6	16.7	0.114	0.7	111115
242	"09:31:45"	594.5	-5.96	0.642	482	21.5	3.97	6	1	2.84	40.03	38.82	40.18	499.69	495.02	8.567	29.420	11.72	40.27	600.0	-0	87	101.6	16.7	0.114	0.7	111115
243	"09:31:47"	596.0	-6.1	0.641	482	21.4	3.96	6	1	2.84	40.02	38.80	40.17	499.62	495.10	8.576	29.395	11.74	40.25	600.0	-0	88	101.6	16.7	0.114	0.7	111115
244	"09:31:48"	597.0	-6.24	0.641	483	21.4	3.96	6	1	2.84	40.02	38.79	40.16	499.59	495.22	8.584	29.381	11.76	40.24	600.0	-0	88	101.6	16.7	0.114	0.7	111115
245	"09:31:49"	598.5	-6.22	0.64	483	21.4	3.96	6	1	2.84	40.01	38.78	40.16	499.58	495.21	8.595	29.355	11.78	40.21	600.0	-0	88	101.6	16.7	0.114	0.7	111115
246	"09:31:50"	599.5	-6.04	0.639	482	21.4	3.96	6	1	2.84	40.01	38.78	40.15	499.64	495.10	8.602	29.340	11.79	40.21	600.0	-0	88	101.6	16.7	0.114	0.3	111115
247	"09:31:52"	601.0	-5.99	0.636	482	21.3	3.97	6	1	2.84	40.00	38.78	40.15	499.64	495.07	8.609	29.312	11.80	40.18	600.0	-0	88	101.6	16.7	0.114	0.3	111115
248	"09:31:53"	602.0	-5.99	0.635	482	21.3	3.97	6	1	2.84	39.99	38.78	40.14	499.66	495.10	8.615	29.297	11.81	40.17	600.0	-0	88	101.6	16.7	0.114	0.3	111115
249	"09:31:54"	603.5	-6.11	0.634	482	21.3	3.97	6	1	2.84	39.99	38.77	40.14	499.67	495.24	8.627	29.265	11.83	40.14	600.0	-0	88	101.6	16.7	0.114	0.7	111115
250	"09:31:55"	604.5	-6.19	0.633	483	21.2	3.97	6	1	2.84	39.98	38.77	40.13	499.64	495.32	8.634	29.247	11.84	40.12	600.1	-0	87	101.6	16.7	0.114	0.7	111115
251	"09:31:57"	606.0	-5.97	0.631	482	21.2	3.97	6	1	2.84	39.98	38.76	40.13	499.69	495.17	8.645	29.216	11.86	40.09	600.1	-0	87	101.6	16.7	0.114	0.7	111115
252	"09:31:58"	607.0	-6.08	0.63	482	21.2	3.97	6	1	2.84	39.98	38.76	40.12	499.63	495.22	8.652	29.203	11.87	40.08	600.0	-0	87	101.6	16.7	0.114	0.3	111115
253	"09:31:59"	608.5	-6.11	0.629	483	21.1	3.97	6	1	2.84	39.97	38.75	40.12	499.63	495.28	8.662	29.179	11.89	40.06	599.9	-0	88	101.6	16.7	0.114	0.3	111115
254	"09:32:00"	609.5	-6.13	0.628	483	21.1	3.97	6	1	2.84	39.97	38.75	40.11	499.62	495.30	8.669	29.162	11.90	40.05	600.0	-0	88	101.6	16.7	0.114	0.3	111115
255	"09:32:02"	611.0	-6	0.626	482	21.1	3.97	6	1	2.84	39.96	38.74	40.10	499.70	495.27	8.679	29.131	11.92	40.02	600.0	-0	87	101.6	16.7	0.114	0.3	111115
256	"09:32:03"	612.0	-5.93	0.625	482	21	3.97	6	1	2.84	39.96	38.75	40.10	499.76	495.27	8.685	29.116	11.93	40.01	600.0	-0	87	101.6	16.7	0.114	0.7	111115
257	"09:32:04"	613.5	-6.04	0.624	482	21	3.97	6	1	2.84	39.95	38.74	40.09	499.69	495.32	8.696	29.101	11.95	40.00	600.1	-0	86	101.6	16.7	0.114	0.7	111115
258	"09:32:05"	614.5	-6.21	0.624	483	21	3.97	6	1	2.84	39.95	38.74	40.09	499.64	495.45	8.703	29.094	11.96	40.00	600.1	-0	86	101.6	16.7	0.114	0.7	111115
259	"09:32:06"	615.0	-6.21	0.623	483	21	3.97	6	1	2.84	39.94	38.74	40.09	499.65	495.46	8.705	29.087	11.97	39.99	600.0	-0	86	101.6	16.7	0.114	0.7	111115
260	"09:32:08"	617.0	-6.02	0.622	482	20.9	3.97	6	1	2.84	39.94	38.73	40.08	499.69	495.33	8.718	29.056	11.99	39.96	600.0	-0	86	101.6	16.7	0.114	1.0	111115
261	"09:32:09"	617.5	-5.98	0.621	482	20.9	3.97	6	1	2.84	39.94	38.73	40.08	499.72	495.33	8.721	29.049	12.00	39.96	600.0	-0	86	101.6	16.7	0.114	1.0	111115
262	"09:32:10"	619.5	-5.76	0.618	482	20.9	3.98	6	1	2.84	39.93	38.73	40.07	499.80	495.22	8.735	29.009	12.02	39.92	600.1	-0	86	101.6	16.7	0.114	1.0	111115
263	"09:32:11"	620.5	-5.83	0.617	482	20.9	3.98	6	1	2.84	39.93	38.72	40.07	499.80	495.30	8.742	28.988	12.03	39.90	600.1	-0	86	101.6	16.7	0.114	1.0	111115
264	"09:32:13"	622.0	-5.94	0.616	482	20.8	3.98	6	1	2.84	39.92	38.72	40.06	499.73	495.35	8.751	28.963	12.05	39.87	600.0	-0	86	101.6	16.7	0.114	1.0	111115
265	"09:32:14"	623.0	-5.97	0.615	482	20.8	3.98	6	1	2.84	39.92	38.71	40.06	499.72	495.39	8.757	28.947	12.06	39.86	600.0	-0	86	101.6	16.7	0.114	1.0	111115
266	"09:32:15"	624.5	-6.05	0.613	483	20.8	3.98	6	1	2.84	39.91	38.71	40.05	499.71	495.48	8.767	28.926	12.08	39.84	600.0	-0	86	101.6	16.7	0.114	1.0	111115
267	"09:32:16"	625.0	-5.96	0.613	482	20.7	3.98	6	1	2.84	39.91	38.71	40.05	499.75	495.43	8.770	28.919	12.08	39.83	600.0	-0	86	101.6	16.7	0.114	1.0	111115
268	"09:32:17"	626.5	-6.07	0.612	483	20.7	3.98	6	1	2.84	39.90	38.70	40.04	499.73	495.53	8.780	28.900	12.10	39.82	600.0	-0	86	101.6	16.7	0.114	1.0	111115
269	"09:32:19"	628.0	-6.05	0.611	483	20.7	3.98	6	1	2.84	39.90	38.70	40.04	499.78	495.57	8.790	28.891	12.11	39.82	600.0	-0	86	101.6	16.7	0.114	1.0	111115
270	"09:32:20"	629.0	-6.21	0.61	484	20.7	3.98	6	1	2.84	39.90	38.70	40.03	499.76	495.72	8.796	28.874	12.12	39.80	600.0	-0	86	101.6	16.7	0.114	1.0	111115
271	"09:32:21"	630.5	-6.18	0.609	484	20.6	3.98	6	1	2.84	39.89	38.71	40.03	499.81	495.75	8.806	28.857	12.14	39.79	600.0	-0	86	101.6	16.7	0.114	0.7	111115
272	"09:32:22"	631.5	-6.06	0.607	483	20.6	3.98	6	1	2.84	39.89	38.70	40.03	499.82	495.66	8.813	28.840	12.15	39.77	600.0	-0	86	101.6	16.7	0.114	0.7	111115
273	"09:32:24"	633.0	-5.97	0.606	483	20.6	3.99	6	1	2.84	39.88	38.70	40.02	499.78	495.55	8.823	28.819	12.17	39.76	600.0	-0	87	101.6	16.7	0.114	0.7	111115
274	"09:32:25"	634.0	-5.94	0.605	483	20.6	3.99	6	1	2.84	39.88	38.70	40.02	499.76	495.51	8.831	28.800	12.18	39.74	600.1	-0	87	101.6	16.7	0.114	0.7	111115
275	"09:32:26"	635.5	-6.1	0.604	483	20.5	3.99	6	1	2.84	39.87	38.69	40.01	499.78	495.70	8.842	28.777	12.20	39.72	600.1	-0	89	101.6	16.7	0.114	0.7	111115
276	"09:32:27"	636.5	-6.06	0.603	483	20.5	3.99	6	1	2.84	39.87	38.69	40.01	499.82	495.72	8.849	28.764	12.21	39.70	600.1	-0	89	101.6	16.7	0.114	0.7	111115
277	"09:32:29"	638.0	-6	0.603	483	20.5	3.98	6	1	2.84	39.86	38.67	40.00	499.86	495.70	8.858	28.751	12.23	39.70	600.0	-0	89	101.6	16.7	0.114	0.7	111115
278	"09:32:30"	639.0	-5.83	0.603	482	20.5	3.98	6	1	2.84	39.86	38.67	40.00	499.89	495.58	8.864	28.741	12.24	39.69	600.0	-0	90	101.6	16.7	0.114	0.7	111115
279	"09:32:31"	639.5	-5.83	0.602	482	20.5	3.98	6	1	2.84	39.86	38.67	40.00	499.86	495.56	8.867	28.736	12.25	39.69	600.0	-0	90	101.6	16.7	0.114	1.0	111115
280	"09:32:32"	641.5	-6.15	0.601	484	20.4	3.98	6	1	2.84	39.85	38.66	39.99	499.73	495.76	8.878	28.710	12.27	39.67	600.0	-0	90	101.6	16.7	0.114	1.0	111115
281	"09:32:33"	642.5	-6.07	0.6	483	20.4	3.99	6	1	2.84	39.85	38.67	39.99	499.73	495.69	8.884	28.695	12.28	39.65	600.0	-0	88	101.6	16.7	0.114	1.0	111115
282	"09:32:35"	644.0	-6.09	0.598	483	20.4	3.99	6	1	2.84	39.85	38.66	39.98	499.73	495.72	8.894	28.669	12.29	39.63	599.9	-0	85	101.6	16.7	0.114	1.0	111115
283	"09:32:36"	645.0	-6.14	0.598	484	20.3	3.98	6	1	2.84	39.84	38.65	39.98	499.73	495.79	8.900	28.656	12.30	39.61	600.0	-0	83	101.6	16.7	0.114	1.0	111115
284	"09:32:37"	646.5	-6.18	0.597	484	20.3	3.98	6	1	2.84	39.84	38.64	39.97	499.74	495.84	8.910	28.638	12.32	39.60	600.0	-0	81	101.6	16.7	0.114	1.0	111115
285	"09:32:38"	647.5	-6.28	0.596	484	20.3	3.98	6	1	2.84	39.83	38.65	39.97	499.72	495.94	8.916	28.628	12.33	39.59	600.1	-0	81	101.6	16.7	0.114	1.0	111115
286	"09:32:40"	649.0	-6	0.595	483	20.3	3.99	6	1	2.84	39.83	38.65	39.96	499.78	495.74	8.927	28.610	12.35	39.58	600.0	-0	81	101.6	16.7	0.114	1.0	111115
287	"09:32:41"	650.5	-6.09	0.593	484	20.2	3.99	6	1	2.84	39.83	38.64	39.96	499.70	495.76	8.937	28.592	12.37	39.56	600.0	-0	82	101.6	16.7	0.114	1.0	111115
288	"09:32:42"	651.5	-6.09	0.593	484	20.2	3.99	6	1	2.84	39.82	38.64	39.96	499.67	495.73	8.944	28.586	12.38	39.56	600.0	-0	82	101.6	16.7	0.114	1.0	111115
289	"09:32:44"	653.0	-6.13	0.591	484	20.2	3.99	6	1	2.84	39.82	38.65	39.95	499.70	495.82	8.954	28.571	12.39	39.55	600.0	-0	82	101.6	16.7	0.114	1.0	111115
290	"09:32:45"	654.0	-6.17	0.59	484	20.2	3.99	6	1	2.84	39.82	38.65	39.95	499.73	495.89	8.959	28.561	12.40	39.54	600.0	-0	82	101.6	16.7	0.114	1.0	111115
291	"09:32:46"	655.5	-6.28	0.589	485	20.1	3.99	6	1	2.84	39.81	38.65	39.94	499.75	496.04	8.968	28.540	12.42	39.52	600.0	-0	82	101.6	16.7	0.114	1.0	111115
292	"09:32:47"	656.5	-6.25	0.588	484	20.1	3.99	6	1	2.84	39.81	38.64	39.94	499.76	496.02	8.974	28.527	12.43	39.51	600.0	-0	82	101.6	16.7	0.114	0.7	111115
293	"09:32:49"	658.0	-6.1	0.587	484	20.1	3.99	6	1	2.84	39.80	38.64	39.94	499.72	495.85	8.984	28.509	12.45	39.49	600.0	-0	82	101.6	16.7	0.114	0.7	111115
294	"09:32:50"	659.0	-6.05	0.587	484	20.1	3.99	6	1	2.84	39.80	38.63	39.93	499.69	495.79	8.990	28.493	12.46	39.48	600.0	-0	82	101.6	16.7	0.114	1.0	111115
295	"09:32:51"	660.5	-6.15	0.586	484	20	3.99	6	1	2.84	39.79	38.62	39.93	499.70	495.91	8.999	28.470	12.47	39.46	599.9	-0	82	101.6	16.7	0.114	1.0	111115
296	"09:32:52"	661.5	-5.95	0.586	483	20	3.99	6	1	2.84	39.79	38.61	39.92	499.77	495.80	9.006	28.460	12.48	39.45	600.0	-0	79	101.6	16.7	0.114	1.0	111115
297	"09:32:54"	663.0	-5.95	0.586	483	20	3.99	6	1	2.84	39.79	38.61	39.92	499.84	495.87	9.014	28.458	12.50	39.46	600.1	-0	75	101.6	16.7	0.114	1.0	111115
298	"09:32:55"	664.0	-5.71	0.587	483	20	3.98	6	1	2.84	39.78	38.60	39.92	499.88	495.66	9.021	28.471	12.51	39.48	600.1	-0	71	101.6	16.7	0.114	1.0	111115
299	"09:32:56"	665.5	-5.9	0.589	483	20	3.98	6	1	2.84	39.78	38.60	39.91	499.85	495.81	9.030	28.507	12.53	39.54	600.0	-0	67	101.6	16.7	0.114	1.0	111115
300	"09:32:57"	666.5	-5.89	0.589	483	20	3.98	6	1	2.84	39.78	38.59	39.91	499.80	495.76	9.036	28.506	12.54	39.55	600.0	-0	66	101.6	16.7	0.114	1.0	111115
301	"09:32:59"	668.0	-5.98	0.588	484	20	3.97	6	1	2.84	39.77	38.58	39.90	499.73	495.78	9.046	28.495	12.55	39.54	600.0	-0	66	101.6	16.7	0.114	1.0	111115
302	"09:33:00"	669.0	-6.12	0.59	484	20	3.97	6	1	2.84	39.77	38.58	39.90	499.71	495.89	9.051	28.520	12.56	39.59	600.0	-0	70	101.6	16.7	0.114	1.0	111115
303	"09:33:01"	670.5	-6.05	0.589	484	20	3.97	6	1	2.84	39.76	38.58	39.89	499.75	495.87	9.061	28.518	12.58	39.59	600.0	-0	78	101.6	16.7	0.114	1.0	111115
304	"09:33:02"	671.5	-6.06	0.585	484	20	3.98	6	1	2.84	39.76	38.59	39.89	499.82	495.98	9.068	28.463	12.59	39.52	600.1	-0	81	101.6	16.7	0.114	1.0	111115
305	"09:33:04"	673.0	-6.14	0.572	485	19.7	4	6	1	2.84	39.75	38.59	39.89	499.79	496.16	9.077	28.221	12.61	39.20	600.0	0	82	101.6	16.7	0.114	1.0	111115
306	"09:33:05"	674.0	-6.08	0.561	485	19.5	4.03	6	1	2.84	39.75	38.59	39.88	499.82	496.23	9.083	28.026	12.62	38.94	600.0	-0	80	101.6	16.7	0.114	1.0	111115
307	"09:33:06"	675.5	-6.19	0.547	485	19.2	4.05	6	1	2.84	39.74	38.58	39.88	499.78	496.44	9.090	27.759	12.63	38.58	600.0	-0	81	101.6	16.7	0.114	0.3	111115
308	"09:33:07"	676.5	-6.15	0.539	485	19	4.06	6	1	2.84	39.74	38.58	39.87	499.79	496.50	9.096	27.590	12.64	38.35	600.0	-0	82	101.6	16.7	0.114	0.3	111115
309	"09:33:09"	678.0	-6.04	0.526	485	18.7	4.09	6	1	2.84	39.73	38.57	39.87	499.84	496.57	9.105	27.336	12.66	38.01	600.0	-0	82	101.6	16.7	0.114	0.3	111115
310	"09:33:10"	679.0	-6	0.517	485	18.5	4.1	6	1	2.84	39.73	38.56	39.87	499.82	496.61	9.111	27.150	12.67	37.76	600.0	-0	82	101.6	16.7	0.114	0.3	111115
311	"09:33:11"	680.5	-6.03	0.503	486	18.2	4.13	6	1	2.84	39.73	38.56	39.86	499.82	496.80	9.120	26.854	12.69	37.36	600.1	-0	83	101.6	16.7	0.114	0.3	111115
312	"09:33:12"	681.0	-6.14	0.498	487	18.1	4.14	6	1	2.84	39.72	38.55	39.86	499.74	496.88	9.123	26.755	12.69	37.22	600.1	-0	83	101.6	16.7	0.114	0.3	111115
313	"09:33:13"	682.0	-6.01	0.489	486	17.9	4.16	6	1	2.84	39.72	38.55	39.85	499.75	496.87	9.129	26.556	12.70	36.95	600.0	-0	83	101.6	16.7	0.114	0.3	111115
314	"09:33:15"	684.0	-5.78	0.473	486	17.5	4.19	6	1	2.84	39.71	38.53	39.85	499.76	496.82	9.141	26.219	12.72	36.50	600.0	-0	83	101.6	16.7	0.114	0.3	111115
315	"09:33:16"	685.0	-5.8	0.466	486	17.4	4.2	6	1	2.84	39.71	38.53	39.84	499.73	496.90	9.146	26.073	12.73	36.30	600.0	-0	83	101.6	16.7	0.114	0.3	111115
316	"09:33:17"	686.5	-6.13	0.458	488	17.2	4.22	6	1	2.84	39.70	38.53	39.84	499.61	497.19	9.153	25.897	12.75	36.07	600.0	-0	84	101.6	16.7	0.114	0.3	111115
317	"09:33:18"	687.0	-6.13	0.456	488	17.1	4.22	6	1	2.84	39.70	38.53	39.84	499.61	497.22	9.156	25.854	12.75	36.02	600.0	-0	84	101.6	16.7	0.114	0.3	111115
318	"09:33:19"	688.0	-6.08	0.453	488	17	4.23	6	1	2.84	39.69	38.53	39.83	499.66	497.26	9.161	25.766	12.76	35.90	600.0	-0	84	101.6	16.7	0.114	0.3	111115
319	"09:33:21"	690.0	-5.86	0.447	487	16.9	4.24	6	1	2.84	39.69	38.51	39.83	499.75	497.21	9.172	25.630	12.79	35.73	600.1	-0	84	101.6	16.7	0.114	0.3	111115
320	"09:33:22"	691.0	-5.66	0.445	486	16.8	4.24	6	1	2.84	39.68	38.50	39.82	499.76	497.05	9.177	25.579	12.80	35.67	600.1	-0	84	101.6	16.7	0.114	0.3	111115
321	"09:33:23"	692.5	-5.78	0.443	487	16.8	4.24	6	1	2.84	39.67	38.49	39.81	499.74	497.18	9.185	25.521	12.81	35.60	600.1	-0	84	101.6	16.7	0.114	0.3	111115
322	"09:33:24"	693.5	-5.81	0.441	487	16.7	4.24	6	1	2.84	39.67	38.48	39.81	499.77	497.26	9.191	25.483	12.82	35.55	600.0	-0	84	101.6	16.7	0.114	0.3	111115
323	"09:33:26"	695.0	-5.82	0.439	487	16.7	4.25	6	1	2.84	39.66	38.48	39.80	499.72	497.25	9.198	25.442	12.84	35.51	600.0	-0	77	101.6	16.7	0.114	0.3	111115
324	"09:33:30"	699.0	-5.87	0.438	488	16.6	4.25	6	1	2.84	39.65	38.47	39.79	499.72	497.32	9.216	25.408	12.87	35.49	600.0	-0	58	101.6	16.7	0.114	0.3	111115
325	"09:33:31"	700.0	-5.76	0.438	487	16.6	4.25	6	1	2.84	39.64	38.47	39.78	499.77	497.27	9.220	25.406	12.88	35.50	600.0	-0	59	101.6	16.7	0.114	0.3	111115
326	"09:33:32"	701.5	-5.73	0.438	487	16.6	4.24	6	1	2.84	39.64	38.46	39.78	499.78	497.26	9.227	25.404	12.90	35.50	600.0	-0	62	101.6	16.7	0.114	0.3	111115
327	"09:33:33"	702.5	-5.77	0.438	487	16.6	4.24	6	1	2.84	39.63	38.45	39.77	499.77	497.29	9.230	25.406	12.90	35.52	600.0	-0	68	101.6	16.7	0.114	0.3	111115
328	"09:33:35"	704.0	-5.88	0.438	488	16.6	4.24	6	1	2.84	39.63	38.45	39.76	499.75	497.37	9.238	25.417	12.92	35.54	600.0	-0	75	101.6	16.7	0.114	0.3	111115
329	"09:33:36"	705.0	-5.92	0.439	488	16.6	4.23	6	1	2.84	39.62	38.45	39.76	499.70	497.35	9.242	25.440	12.93	35.58	600.0	-0	79	101.6	16.7	0.114	0.7	111115
330	"09:33:37"	706.5	-6.06	0.441	489	16.7	4.23	6	1	2.84	39.62	38.45	39.75	499.69	497.46	9.250	25.485	12.94	35.66	600.0	-0	79	101.6	16.7	0.114	0.7	111115
331	"09:33:38"	707.5	-5.99	0.442	488	16.7	4.23	6	1	2.84	39.61	38.45	39.75	499.70	497.39	9.257	25.515	12.95	35.71	600.0	0	77	101.6	16.7	0.114	0.7	111115
332	"09:33:40"	709.0	-5.98	0.444	488	16.7	4.22	6	1	2.84	39.61	38.44	39.74	499.71	497.37	9.266	25.556	12.97	35.77	600.1	0	70	101.6	16.7	0.114	1.0	111115
333	"09:33:41"	710.0	-6.08	0.445	489	16.7	4.22	6	1	2.84	39.60	38.44	39.74	499.68	497.43	9.271	25.581	12.98	35.82	600.0	-0	70	101.6	16.7	0.114	1.0	111115
334	"09:33:42"	711.5	-6.35	0.447	490	16.8	4.21	6	1	2.84	39.60	38.43	39.73	499.62	497.62	9.279	25.616	12.99	35.88	600.1	-0	74	101.6	16.7	0.114	1.0	111115
335	"09:33:43"	712.0	-6.42	0.447	490	16.8	4.21	6	1	2.84	39.60	38.42	39.73	499.60	497.67	9.282	25.625	13.00	35.89	600.1	-0	76	101.6	16.7	0.114	0.7	111115
336	"09:33:44"	713.0	-6.6	0.448	491	16.8	4.2	6	1	2.84	39.59	38.41	39.73	499.55	497.79	9.287	25.636	13.01	35.91	600.1	-0	84	101.6	16.7	0.114	0.7	111115
337	"09:33:46"	715.0	-6.47	0.448	490	16.8	4.2	6	1	2.84	39.59	38.40	39.72	499.56	497.68	9.299	25.635	13.03	35.93	600.0	-0	85	101.6	16.7	0.114	0.7	111115
338	"09:33:47"	716.0	-6.21	0.448	489	16.8	4.2	6	1	2.84	39.58	38.41	39.72	499.61	497.49	9.303	25.634	13.04	35.93	600.0	-0	85	101.6	16.7	0.114	0.7	111115
339	"09:33:48"	717.5	-6.12	0.447	489	16.7	4.2	6	1	2.84	39.58	38.41	39.71	499.69	497.48	9.312	25.625	13.06	35.93	600.0	-0	86	101.6	16.7	0.114	0.7	111115
