"OPEN 5.3.2"
"Fri Aug  3 2018 09:51:16"
"Unit="	"PSC-895"
"ComputeList="	"/User/Configs/Comps/Default"
"BLCTable="	"/Sys/Lib/StdBLCTable"
"LightSource="	"Sun+Sky"	1	0.19
"LogFormat="	"/User/Configs/LogFormats/Std Output"
"LogCodes="	-35	-21	-36	30	23	36	21	25	-33	-34	-32	-9	-10	-8	-1	-2	-4	-5	-14	-15	-7	-12	-13	-11	-65	-66	-72	-23
"PromptList="	"/User/Configs/Prompts/Default (none)"
"Stability= (CO2S 15s SLP<1)(H2OS 15s SLP<1)(Flow 15s SLP<1)"
"09:51:26 "
$STARTOFDATA$
"Obs"	"HHMMSS"	"FTime"	"Photo"	"Cond"	"Ci"	"Trmmol"	"VpdL"	"Area"	"StmRat"	"BLCond"	"Tair"	"Tleaf"	"TBlk"	"CO2R"	"CO2S"	"H2OR"	"H2OS"	"RH_R"	"RH_S"	"Flow"	"PARi"	"PARo"	"Press"	"CsMch"	"HsMch"	"StableF"	"Status"
1	"10:02:16"	709.5	-16.6	0.228	591	10.8	4.97	6	1	2.84	40.23	39.99	40.11	499.88	510.94	13.364	23.937	18.13	32.48	600.0	-0	1257	101.8	14.7	0.084	0.3	111115
2	"10:02:17"	710.5	-16.4	0.228	589	10.8	4.97	6	1	2.84	40.23	39.99	40.11	499.86	510.74	13.369	23.938	18.14	32.48	600.0	-0	1133	101.8	14.7	0.084	0.7	111115
3	"10:02:18"	711.0	-16.5	0.228	590	10.8	4.97	6	1	2.84	40.23	39.99	40.11	499.82	510.76	13.372	23.940	18.14	32.48	600.0	-0	948	101.8	14.7	0.084	0.7	111115
4	"10:02:19"	713.0	-16.4	0.228	589	10.8	4.97	6	1	2.84	40.23	39.99	40.11	499.79	510.70	13.385	23.950	18.16	32.49	600.0	-0	519	101.8	14.7	0.084	0.7	111115
5	"10:02:21"	714.0	-16.5	0.228	590	10.8	4.97	6	1	2.84	40.24	40.00	40.12	499.72	510.69	13.396	23.959	18.17	32.50	600.0	-0	245	101.8	14.7	0.084	0.7	111115
6	"10:02:22"	715.5	-16.4	0.228	589	10.8	4.97	6	1	2.84	40.24	40.00	40.12	499.74	510.63	13.410	23.972	18.19	32.52	600.0	-0	165	101.8	14.7	0.084	0.7	111115
7	"10:02:23"	716.5	-16.3	0.228	588	10.8	4.97	6	1	2.84	40.24	40.00	40.12	499.82	510.57	13.421	23.981	18.20	32.53	600.0	-0	406	101.8	14.7	0.084	0.7	111115
8	"10:02:24"	718.0	-16.1	0.228	587	10.8	4.97	6	1	2.84	40.24	40.00	40.12	499.88	510.46	13.436	23.994	18.22	32.54	600.0	-0	841	101.8	14.7	0.084	0.7	111115
9	"10:02:26"	719.0	-16	0.228	586	10.8	4.97	6	1	2.84	40.24	40.00	40.12	499.88	510.36	13.444	23.997	18.23	32.54	600.0	-0	1135	101.8	14.7	0.084	0.7	111115
10	"10:02:27"	719.5	-16	0.228	586	10.8	4.97	6	1	2.84	40.24	40.00	40.12	499.86	510.34	13.449	23.996	18.24	32.54	600.0	-0	1280	101.8	14.7	0.084	0.7	111115
11	"10:02:28"	721.5	-16	0.227	586	10.8	4.97	6	1	2.84	40.25	40.00	40.13	499.77	510.27	13.466	23.997	18.26	32.54	600.0	-0	1332	101.8	14.7	0.084	0.7	111115
12	"10:02:29"	722.5	-16	0.227	586	10.8	4.97	6	1	2.84	40.25	40.00	40.13	499.79	510.26	13.474	23.994	18.27	32.53	600.0	-0	1333	101.8	14.7	0.084	0.7	111115
13	"10:02:30"	724.0	-16	0.227	587	10.8	4.97	6	1	2.84	40.25	40.01	40.13	499.76	510.29	13.489	23.994	18.29	32.53	600.0	-0	1333	101.8	14.7	0.084	0.7	111115
14	"10:02:32"	725.0	-15.9	0.226	586	10.7	4.97	6	1	2.84	40.25	40.01	40.13	499.77	510.22	13.500	23.992	18.30	32.52	600.0	-0	1334	101.8	14.7	0.084	0.7	111115
15	"10:02:33"	726.5	-15.8	0.226	586	10.7	4.98	6	1	2.84	40.25	40.02	40.13	499.75	510.11	13.515	23.992	18.32	32.52	600.0	-0	1334	101.8	14.7	0.084	0.7	111115
16	"10:02:34"	727.5	-15.8	0.225	585	10.7	4.98	6	1	2.84	40.26	40.02	40.14	499.76	510.07	13.525	23.990	18.33	32.51	600.0	-0	1334	101.8	14.7	0.084	0.7	111115
17	"10:02:35"	728.0	-15.7	0.225	585	10.7	4.98	6	1	2.84	40.26	40.02	40.14	499.80	510.08	13.529	23.990	18.33	32.51	600.0	-0	1334	101.8	14.7	0.084	0.7	111115
18	"10:02:36"	729.0	-15.6	0.225	584	10.7	4.98	6	1	2.84	40.26	40.02	40.14	499.90	510.08	13.538	23.989	18.34	32.50	600.0	-0	1334	101.8	14.7	0.084	0.7	111115
19	"10:02:37"	730.0	-15.6	0.225	584	10.7	4.98	6	1	2.84	40.26	40.02	40.14	499.93	510.11	13.548	23.990	18.35	32.50	599.9	-0	1335	101.8	14.7	0.084	0.7	111115
20	"10:02:38"	732.0	-15.6	0.224	584	10.7	4.98	6	1	2.84	40.27	40.03	40.15	499.96	510.10	13.567	23.992	18.37	32.49	600.0	-0	1336	101.8	14.7	0.084	0.7	111115
21	"10:02:40"	733.5	-15.8	0.224	586	10.7	4.98	6	1	2.84	40.27	40.03	40.15	499.82	510.14	13.581	23.996	18.39	32.49	600.0	-0	1337	101.8	14.7	0.084	0.7	111115
22	"10:02:41"	734.5	-15.8	0.224	586	10.7	4.98	6	1	2.84	40.27	40.04	40.15	499.81	510.13	13.590	23.995	18.40	32.49	600.0	-0	1338	101.8	14.7	0.084	0.7	111115
23	"10:02:42"	736.0	-15.7	0.223	585	10.6	4.99	6	1	2.84	40.28	40.04	40.15	499.85	510.10	13.607	23.997	18.42	32.48	600.0	-0	1339	101.8	14.7	0.084	0.7	111115
24	"10:02:44"	737.0	-15.7	0.223	586	10.6	4.99	6	1	2.84	40.28	40.04	40.16	499.83	510.14	13.617	23.997	18.43	32.48	600.0	-0	1339	101.8	14.7	0.084	0.7	111115
25	"10:02:45"	738.5	-15.7	0.223	586	10.6	4.99	6	1	2.84	40.28	40.05	40.16	499.83	510.13	13.633	24.003	18.45	32.48	600.0	-0	1340	101.9	14.7	0.084	1.0	111115
26	"10:02:46"	739.5	-15.8	0.222	587	10.6	4.99	6	1	2.84	40.29	40.05	40.16	499.81	510.19	13.642	24.002	18.46	32.47	599.9	-0	1340	101.8	14.7	0.084	1.0	111115
27	"10:02:47"	741.0	-15.7	0.222	586	10.6	4.99	6	1	2.84	40.29	40.06	40.17	499.83	510.12	13.657	24.000	18.47	32.46	600.0	-0	1340	101.8	14.7	0.084	1.0	111115
28	"10:02:49"	742.0	-15.6	0.221	586	10.6	4.99	6	1	2.84	40.29	40.06	40.17	499.86	510.05	13.668	23.998	18.49	32.46	600.0	-0	1340	101.8	14.7	0.084	1.0	111115
29	"10:02:50"	743.5	-15.6	0.221	585	10.6	5	6	1	2.84	40.30	40.07	40.17	499.84	510.01	13.682	23.997	18.50	32.45	600.1	-0	1342	101.8	14.7	0.084	1.0	111115
30	"10:02:51"	744.5	-15.5	0.221	585	10.6	5	6	1	2.84	40.30	40.07	40.18	499.84	509.99	13.691	23.996	18.51	32.44	600.1	-0	1343	101.8	14.7	0.084	1.0	111115
31	"10:02:52"	746.0	-15.5	0.22	585	10.5	5	6	1	2.84	40.31	40.08	40.18	499.90	509.99	13.705	23.996	18.52	32.43	600.1	-0	1345	101.8	14.7	0.084	1.0	111115
32	"10:02:54"	747.0	-15.5	0.22	586	10.5	5	6	1	2.84	40.31	40.08	40.18	499.91	510.04	13.715	23.995	18.53	32.43	600.1	-0	1346	101.8	14.7	0.084	1.0	111115
33	"10:02:55"	748.5	-15.4	0.22	585	10.5	5	6	1	2.84	40.31	40.09	40.19	500.00	510.04	13.731	23.999	18.55	32.42	600.1	-0	1348	101.8	14.7	0.084	1.0	111115
34	"10:02:56"	749.5	-15.3	0.219	585	10.5	5.01	6	1	2.84	40.32	40.09	40.19	500.04	510.02	13.742	23.995	18.56	32.41	600.1	-0	1349	101.8	14.7	0.084	1.0	111115
35	"10:02:57"	751.0	-15.2	0.218	584	10.5	5.01	6	1	2.84	40.32	40.09	40.20	500.15	509.97	13.759	23.989	18.58	32.39	600.0	-0	1352	101.8	14.7	0.084	1.0	111115
36	"10:02:58"	751.5	-15.1	0.218	583	10.5	5.01	6	1	2.84	40.32	40.09	40.20	500.14	509.93	13.764	23.987	18.59	32.39	600.0	-0	1353	101.8	14.7	0.084	1.0	111115
37	"10:03:00"	753.0	-15.3	0.218	585	10.5	5.01	6	1	2.84	40.33	40.10	40.20	500.02	510.01	13.779	23.983	18.60	32.37	599.9	-0	1356	101.8	14.7	0.084	1.0	111115
38	"10:03:01"	754.5	-15.5	0.217	586	10.4	5.01	6	1	2.84	40.33	40.10	40.20	499.91	510.04	13.794	23.985	18.62	32.37	599.9	-0	1359	101.8	14.7	0.084	1.0	111115
39	"10:03:02"	756.0	-15.4	0.217	586	10.4	5.01	6	1	2.84	40.34	40.11	40.21	499.90	510.01	13.809	23.984	18.63	32.36	599.9	-0	1363	101.8	14.7	0.084	1.0	111115
40	"10:03:04"	757.0	-15.4	0.217	586	10.4	5.02	6	1	2.84	40.34	40.11	40.21	499.89	510.00	13.819	23.987	18.64	32.36	600.0	-0	1366	101.8	14.7	0.084	1.0	111115
41	"10:03:05"	758.5	-15.5	0.216	587	10.4	5.02	6	1	2.84	40.35	40.12	40.22	499.88	510.05	13.834	23.987	18.66	32.35	600.1	-0	1369	101.8	14.7	0.084	1.0	111115
42	"10:03:06"	759.5	-15.5	0.216	587	10.4	5.02	6	1	2.84	40.35	40.12	40.22	499.92	510.07	13.844	23.987	18.67	32.34	600.1	-0	1371	101.8	14.7	0.084	1.0	111115
43	"10:03:07"	761.0	-15.3	0.215	586	10.4	5.02	6	1	2.84	40.36	40.13	40.23	500.02	510.02	13.859	23.987	18.68	32.33	600.1	-0	1372	101.8	14.7	0.084	1.0	111115
44	"10:03:09"	762.0	-15.2	0.215	585	10.4	5.02	6	1	2.84	40.36	40.13	40.23	500.05	509.96	13.871	23.988	18.69	32.33	600.1	-0	1373	101.8	14.7	0.084	1.0	111115
45	"10:03:10"	763.5	-15.2	0.215	585	10.3	5.03	6	1	2.84	40.36	40.14	40.23	500.08	509.96	13.888	23.988	18.71	32.32	600.0	-0	1372	101.8	14.7	0.084	1.0	111115
46	"10:03:11"	764.5	-15.3	0.214	586	10.3	5.03	6	1	2.84	40.37	40.14	40.24	500.05	510.04	13.899	23.987	18.72	32.31	600.0	-0	1371	101.8	14.7	0.084	1.0	111115
47	"10:03:12"	766.0	-15.2	0.214	586	10.3	5.03	6	1	2.84	40.37	40.15	40.24	500.08	510.02	13.913	23.979	18.74	32.29	599.9	-0	1369	101.8	14.7	0.084	1.0	111115
48	"10:03:14"	767.5	-15.3	0.213	588	10.3	5.03	6	1	2.84	40.38	40.15	40.25	499.97	510.07	13.927	23.977	18.75	32.28	599.9	-0	1368	101.8	14.7	0.084	1.0	111115
49	"10:03:15"	768.5	-15.3	0.213	588	10.3	5.03	6	1	2.84	40.38	40.16	40.25	499.97	510.07	13.937	23.976	18.76	32.28	599.9	-0	1368	101.8	14.7	0.084	1.0	111115
50	"10:03:16"	770.0	-15.4	0.213	588	10.3	5.03	6	1	2.84	40.39	40.16	40.26	499.90	510.08	13.951	23.981	18.77	32.27	600.0	-0	1368	101.8	14.7	0.084	1.0	111115
51	"10:03:18"	771.0	-15.3	0.212	587	10.3	5.04	6	1	2.84	40.39	40.16	40.26	500.00	510.04	13.962	23.980	18.78	32.26	600.0	-0	1368	101.8	14.7	0.084	1.0	111115
52	"10:03:19"	772.5	-15.2	0.212	587	10.2	5.04	6	1	2.84	40.40	40.17	40.27	500.02	510.02	13.977	23.977	18.80	32.25	600.0	-0	1368	101.8	14.7	0.084	1.0	111115
53	"10:03:20"	773.5	-15.1	0.211	586	10.2	5.04	6	1	2.84	40.40	40.17	40.27	500.08	509.97	13.990	23.976	18.81	32.24	600.0	-0	1369	101.8	14.7	0.084	1.0	111115
54	"10:03:21"	775.0	-15.2	0.211	587	10.2	5.04	6	1	2.84	40.41	40.18	40.28	500.04	509.99	14.005	23.975	18.83	32.23	600.1	-0	1371	101.8	14.7	0.084	1.0	111115
55	"10:03:23"	776.0	-15.2	0.211	588	10.2	5.04	6	1	2.84	40.41	40.18	40.28	500.00	510.02	14.015	23.978	18.84	32.23	600.1	-0	1372	101.8	14.7	0.084	1.0	111115
56	"10:03:24"	777.5	-15.2	0.21	587	10.2	5.05	6	1	2.84	40.42	40.19	40.28	500.05	510.01	14.029	23.983	18.85	32.22	600.0	-0	1374	101.8	14.7	0.084	1.0	111115
57	"10:03:25"	778.5	-15.1	0.21	587	10.2	5.05	6	1	2.84	40.42	40.19	40.29	500.07	510.00	14.039	23.986	18.86	32.22	600.0	-0	1371	101.8	14.7	0.084	1.0	111115
58	"10:03:26"	780.0	-15	0.21	586	10.2	5.05	6	1	2.84	40.42	40.20	40.29	500.17	509.93	14.054	23.992	18.87	32.22	600.0	-0	1366	101.8	14.7	0.084	1.0	111115
59	"10:03:28"	780.5	-14.9	0.21	586	10.2	5.05	6	1	2.84	40.43	40.20	40.30	500.20	509.93	14.060	23.994	18.88	32.22	600.0	-0	1365	101.8	14.7	0.084	1.0	111115
60	"10:03:29"	782.5	-15	0.209	586	10.2	5.05	6	1	2.84	40.43	40.21	40.30	500.18	509.96	14.081	23.999	18.90	32.21	600.0	-0	1370	101.8	14.7	0.084	1.0	111115
61	"10:03:30"	783.5	-15.1	0.209	587	10.2	5.05	6	1	2.84	40.44	40.21	40.31	500.12	509.99	14.092	24.006	18.91	32.22	600.0	-0	1376	101.8	14.7	0.084	1.0	111115
62	"10:03:31"	785.0	-15.3	0.209	589	10.2	5.06	6	1	2.84	40.44	40.22	40.31	499.98	510.11	14.106	24.012	18.92	32.21	600.0	-0	1386	101.8	14.7	0.084	1.0	111115
63	"10:03:33"	786.0	-15.5	0.209	591	10.1	5.06	6	1	2.84	40.45	40.22	40.32	499.89	510.17	14.116	24.019	18.93	32.22	600.0	-0	1384	101.8	14.7	0.084	1.0	111115
64	"10:03:34"	787.5	-15.4	0.208	590	10.1	5.06	6	1	2.84	40.45	40.23	40.32	499.95	510.14	14.131	24.024	18.95	32.21	600.0	-0	1384	101.8	14.7	0.084	1.0	111115
65	"10:03:35"	788.5	-15.3	0.208	590	10.1	5.06	6	1	2.84	40.46	40.23	40.33	499.96	510.13	14.141	24.030	18.96	32.21	600.0	-0	1390	101.8	14.7	0.084	1.0	111115
66	"10:03:36"	790.0	-15.2	0.208	589	10.1	5.06	6	1	2.84	40.46	40.24	40.33	500.05	510.09	14.157	24.039	18.97	32.22	600.0	-0	1399	101.8	14.7	0.084	1.0	111115
67	"10:03:38"	791.0	-15.3	0.208	590	10.1	5.06	6	1	2.84	40.47	40.24	40.34	499.99	510.16	14.168	24.044	18.98	32.22	600.0	-0	1403	101.8	14.7	0.084	1.0	111115
68	"10:03:39"	792.5	-15.4	0.207	591	10.1	5.06	6	1	2.84	40.48	40.25	40.34	499.98	510.26	14.185	24.050	19.00	32.21	600.0	-0	1392	101.8	14.7	0.084	1.0	111115
69	"10:03:40"	793.0	-15.5	0.207	591	10.1	5.07	6	1	2.84	40.48	40.25	40.35	499.97	510.27	14.189	24.052	19.00	32.21	600.0	-0	1389	101.8	14.7	0.084	1.0	111115
70	"10:03:41"	795.0	-15.4	0.207	591	10.1	5.07	6	1	2.84	40.49	40.26	40.35	499.97	510.26	14.210	24.056	19.02	32.20	600.0	-0	1342	101.8	14.7	0.084	1.0	111115
71	"10:03:43"	796.0	-15.4	0.207	591	10.1	5.07	6	1	2.84	40.49	40.26	40.36	499.97	510.20	14.220	24.059	19.03	32.20	600.0	-0	1321	101.8	14.7	0.084	0.7	111115
72	"10:03:44"	797.5	-15.3	0.206	591	10.1	5.07	6	1	2.84	40.49	40.27	40.36	499.97	510.17	14.235	24.062	19.05	32.19	599.9	-0	1258	101.8	14.7	0.084	1.0	111115
73	"10:03:45"	798.5	-15.3	0.206	591	10.1	5.07	6	1	2.84	40.50	40.27	40.37	500.00	510.17	14.246	24.065	19.06	32.19	599.9	-0	1253	101.8	14.7	0.084	1.0	111115
74	"10:03:46"	800.0	-15.2	0.206	590	10	5.07	6	1	2.84	40.51	40.28	40.37	500.10	510.15	14.260	24.065	19.07	32.18	600.0	-0	1291	101.8	14.7	0.084	1.0	111115
75	"10:03:48"	801.0	-15.2	0.206	590	10	5.07	6	1	2.84	40.51	40.28	40.38	500.14	510.19	14.271	24.070	19.08	32.18	600.0	-0	1327	101.8	14.7	0.084	1.0	111115
76	"10:03:49"	802.5	-15.1	0.205	589	10	5.08	6	1	2.84	40.51	40.29	40.38	500.16	510.15	14.286	24.082	19.09	32.19	600.0	-0	1378	101.8	14.7	0.084	1.0	111115
77	"10:03:50"	804.0	-15.1	0.205	589	10	5.08	6	1	2.84	40.52	40.30	40.39	500.13	510.10	14.302	24.090	19.11	32.19	599.9	-0	1388	101.8	14.7	0.084	1.0	111115
78	"10:03:52"	805.0	-15.1	0.205	590	10	5.08	6	1	2.84	40.52	40.30	40.39	500.09	510.10	14.312	24.095	19.12	32.19	599.9	-0	1394	101.8	14.7	0.084	1.0	111115
79	"10:03:53"	806.5	-15.3	0.204	591	10	5.08	6	1	2.84	40.53	40.31	40.40	499.98	510.17	14.327	24.096	19.13	32.18	600.0	-0	1405	101.8	14.7	0.084	1.0	111115
80	"10:03:54"	807.5	-15.4	0.204	592	10	5.09	6	1	2.84	40.53	40.32	40.40	499.95	510.21	14.339	24.102	19.15	32.18	600.0	-0	1409	101.8	14.7	0.084	1.0	111115
81	"10:03:55"	809.0	-15.3	0.204	591	10	5.09	6	1	2.84	40.54	40.33	40.41	499.97	510.14	14.355	24.111	19.16	32.18	600.0	-0	1412	101.8	14.7	0.084	1.0	111115
82	"10:03:57"	810.5	-15.2	0.204	591	9.99	5.09	6	1	2.84	40.55	40.33	40.41	500.04	510.11	14.370	24.119	19.17	32.18	600.0	-0	1415	101.8	14.7	0.084	1.0	111115
83	"10:03:58"	811.5	-15.1	0.204	590	9.99	5.09	6	1	2.84	40.55	40.34	40.42	500.07	510.09	14.379	24.126	19.18	32.19	600.0	-0	1418	101.8	14.7	0.084	1.0	111115
84	"10:03:59"	813.0	-15.1	0.203	591	9.98	5.09	6	1	2.84	40.56	40.34	40.42	500.09	510.12	14.394	24.135	19.20	32.19	600.0	-0	1423	101.8	14.7	0.084	1.0	111115
85	"10:04:01"	814.0	-15.1	0.203	590	9.98	5.09	6	1	2.84	40.56	40.35	40.43	500.11	510.09	14.405	24.144	19.21	32.19	600.0	-0	1420	101.8	14.7	0.084	1.0	111115
86	"10:04:02"	815.5	-15	0.203	589	9.97	5.1	6	1	2.84	40.57	40.36	40.43	500.14	510.03	14.422	24.151	19.22	32.19	600.0	-0	1419	101.8	14.7	0.084	1.0	111115
87	"10:04:03"	816.5	-15	0.203	589	9.97	5.1	6	1	2.84	40.57	40.36	40.44	500.14	510.01	14.431	24.157	19.23	32.19	600.0	-0	1421	101.9	14.7	0.084	1.0	111115
88	"10:04:04"	818.0	-15	0.203	590	9.96	5.1	6	1	2.84	40.58	40.37	40.44	500.12	510.08	14.446	24.167	19.24	32.19	600.0	-0	1429	101.9	14.7	0.084	1.0	111115
89	"10:04:06"	819.0	-15	0.203	590	9.96	5.1	6	1	2.84	40.58	40.37	40.45	500.14	510.10	14.456	24.175	19.25	32.20	600.0	-0	1434	101.9	14.7	0.084	1.0	111115
90	"10:04:07"	820.5	-15	0.202	590	9.96	5.1	6	1	2.84	40.59	40.38	40.45	500.16	510.10	14.472	24.189	19.27	32.20	600.0	-0	1435	101.9	14.7	0.084	1.0	111115
91	"10:04:08"	821.5	-14.9	0.202	589	9.96	5.1	6	1	2.84	40.59	40.39	40.46	500.20	509.99	14.482	24.198	19.28	32.21	600.0	-0	1436	101.9	14.7	0.084	1.0	111115
92	"10:04:09"	823.0	-14.9	0.202	589	9.95	5.11	6	1	2.84	40.60	40.40	40.46	500.18	509.97	14.499	24.212	19.29	32.22	600.0	-0	1438	101.9	14.7	0.084	1.0	111115
93	"10:04:11"	824.0	-14.9	0.202	589	9.95	5.11	6	1	2.84	40.60	40.40	40.47	500.13	509.97	14.511	24.223	19.30	32.22	600.0	-0	1440	101.9	14.7	0.084	1.0	111115
94	"10:04:12"	825.5	-15	0.202	590	9.95	5.11	6	1	2.84	40.61	40.41	40.47	500.09	510.04	14.526	24.237	19.32	32.23	600.0	-0	1444	101.9	14.7	0.084	1.0	111115
95	"10:04:13"	827.0	-15	0.202	590	9.95	5.11	6	1	2.84	40.62	40.41	40.48	500.04	510.00	14.540	24.249	19.33	32.24	600.0	-0	1446	101.9	14.7	0.084	1.0	111115
96	"10:04:15"	828.0	-14.9	0.202	589	9.95	5.11	6	1	2.84	40.62	40.42	40.49	500.09	509.91	14.550	24.255	19.34	32.24	600.0	-0	1449	101.9	14.7	0.084	1.0	111115
97	"10:04:16"	828.5	-14.8	0.202	589	9.94	5.11	6	1	2.84	40.62	40.42	40.49	500.11	509.86	14.556	24.259	19.34	32.24	600.0	-0	1450	101.9	14.7	0.084	1.0	111115
98	"10:04:17"	830.5	-14.9	0.202	589	9.94	5.11	6	1	2.84	40.63	40.43	40.50	500.02	509.83	14.576	24.276	19.36	32.24	600.0	-0	1458	101.9	14.7	0.084	1.0	111115
99	"10:04:18"	831.5	-14.9	0.202	589	9.94	5.12	6	1	2.84	40.64	40.44	40.50	500.01	509.82	14.586	24.287	19.37	32.25	600.0	-0	1464	101.9	14.7	0.084	1.0	111115
100	"10:04:19"	833.0	-14.8	0.202	588	9.94	5.12	6	1	2.84	40.65	40.45	40.51	500.05	509.73	14.602	24.305	19.38	32.26	600.0	-0	1448	101.9	14.7	0.084	1.0	111115
101	"10:04:21"	834.0	-14.7	0.202	587	9.95	5.12	6	1	2.84	40.65	40.45	40.51	500.12	509.73	14.614	24.320	19.39	32.27	600.0	-0	1396	101.9	14.7	0.084	0.7	111115
102	"10:04:22"	835.5	-14.5	0.202	586	9.96	5.12	6	1	2.84	40.66	40.46	40.52	500.26	509.68	14.630	24.344	19.41	32.29	600.0	-0	1292	101.9	14.7	0.084	0.7	111115
103	"10:04:23"	836.5	-14.5	0.202	585	9.97	5.12	6	1	2.84	40.66	40.46	40.52	500.31	509.70	14.640	24.363	19.42	32.31	600.0	-0	1250	101.9	14.7	0.084	0.7	111115
104	"10:04:24"	838.0	-14.5	0.202	585	9.98	5.12	6	1	2.84	40.67	40.47	40.53	500.33	509.71	14.652	24.388	19.43	32.34	600.0	-0	1292	101.9	14.7	0.084	0.7	111115
105	"10:04:26"	839.0	-14.5	0.202	586	9.99	5.12	6	1	2.84	40.67	40.47	40.53	500.31	509.76	14.663	24.404	19.44	32.35	600.0	-0	1357	101.9	14.7	0.084	0.7	111115
106	"10:04:27"	840.5	-14.6	0.202	586	9.99	5.12	6	1	2.84	40.68	40.48	40.54	500.25	509.75	14.678	24.426	19.45	32.37	600.0	-0	1440	101.9	14.7	0.084	0.7	111115
107	"10:04:28"	841.5	-14.6	0.203	586	10	5.12	6	1	2.84	40.68	40.48	40.54	500.26	509.77	14.689	24.440	19.46	32.38	600.0	-0	1465	101.9	14.7	0.084	0.7	111115
108	"10:04:29"	843.0	-14.6	0.203	587	10	5.12	6	1	2.84	40.69	40.49	40.55	500.24	509.79	14.704	24.456	19.47	32.39	600.0	-0	1464	101.9	14.7	0.084	1.0	111115
109	"10:04:31"	843.5	-14.7	0.203	587	10	5.12	6	1	2.84	40.69	40.49	40.55	500.19	509.81	14.707	24.461	19.47	32.39	600.0	-0	1462	101.9	14.7	0.084	1.0	111115
110	"10:04:32"	844.5	-14.7	0.203	587	10	5.12	6	1	2.84	40.70	40.50	40.55	500.21	509.83	14.716	24.473	19.48	32.40	600.0	-0	1456	101.9	14.7	0.084	1.0	111115
111	"10:04:33"	847.0	-14.8	0.203	587	10	5.12	6	1	2.84	40.71	40.50	40.56	500.18	509.83	14.742	24.506	19.51	32.42	600.0	-0	1395	101.9	14.7	0.084	1.0	111115
112	"10:04:35"	848.0	-14.7	0.203	587	10	5.12	6	1	2.84	40.71	40.51	40.57	500.19	509.78	14.753	24.520	19.52	32.44	600.0	-0	1363	101.8	14.7	0.084	1.0	111115
113	"10:04:36"	849.5	-14.8	0.203	588	10	5.12	6	1	2.84	40.72	40.51	40.57	500.14	509.83	14.769	24.541	19.53	32.45	600.0	-0	1363	101.8	14.7	0.084	1.0	111115
114	"10:04:37"	850.0	-14.8	0.203	588	10	5.12	6	1	2.84	40.72	40.51	40.58	500.15	509.83	14.773	24.549	19.53	32.46	600.0	-0	1371	101.8	14.7	0.084	1.0	111115
115	"10:04:38"	852.0	-14.7	0.203	587	10	5.12	6	1	2.84	40.73	40.52	40.59	500.25	509.83	14.794	24.575	19.55	32.48	600.0	-0	1420	101.8	14.7	0.084	1.0	111115
116	"10:04:40"	853.0	-14.6	0.203	586	10	5.12	6	1	2.84	40.73	40.53	40.59	500.26	509.79	14.804	24.589	19.56	32.49	600.0	-0	1427	101.8	14.7	0.084	1.0	111115
117	"10:04:41"	854.5	-14.7	0.203	586	10	5.12	6	1	2.84	40.74	40.53	40.60	500.22	509.78	14.821	24.606	19.58	32.50	600.0	-0	1424	101.8	14.7	0.084	1.0	111115
118	"10:04:42"	855.5	-14.9	0.203	588	10	5.12	6	1	2.84	40.74	40.53	40.60	500.08	509.82	14.831	24.619	19.59	32.51	600.0	-0	1422	101.8	14.7	0.084	1.0	111115
119	"10:04:43"	857.0	-14.9	0.203	588	10	5.12	6	1	2.84	40.75	40.54	40.61	500.05	509.83	14.846	24.636	19.60	32.52	600.0	-0	1420	101.8	14.7	0.084	1.0	111115
120	"10:04:45"	858.0	-14.9	0.203	588	10	5.12	6	1	2.84	40.75	40.54	40.61	500.12	509.87	14.856	24.645	19.61	32.53	600.0	-0	1419	101.9	14.7	0.084	1.0	111115
121	"10:04:46"	859.5	-14.8	0.203	587	10	5.12	6	1	2.84	40.76	40.55	40.62	500.24	509.88	14.870	24.660	19.62	32.54	600.0	-0	1418	101.9	14.7	0.084	1.0	111115
122	"10:04:47"	860.5	-14.7	0.203	587	10	5.12	6	1	2.84	40.76	40.55	40.62	500.26	509.85	14.880	24.669	19.63	32.54	600.0	-0	1416	101.9	14.7	0.084	1.0	111115
123	"10:04:48"	862.0	-14.8	0.203	588	10	5.12	6	1	2.84	40.77	40.56	40.63	500.16	509.85	14.893	24.689	19.64	32.56	600.0	-0	1412	101.9	14.7	0.084	1.0	111115
124	"10:04:50"	863.0	-14.9	0.203	588	10	5.12	6	1	2.84	40.77	40.56	40.63	500.09	509.87	14.903	24.700	19.65	32.57	600.0	-0	1409	101.8	14.7	0.084	1.0	111115
125	"10:04:51"	864.5	-14.9	0.203	588	10	5.12	6	1	2.84	40.78	40.57	40.64	500.07	509.87	14.918	24.715	19.66	32.58	600.0	-0	1405	101.9	14.7	0.084	1.0	111115
126	"10:04:52"	866.0	-14.8	0.203	587	10	5.12	6	1	2.84	40.78	40.57	40.64	500.17	509.85	14.934	24.730	19.68	32.58	600.0	-0	1404	101.8	14.7	0.084	1.0	111115
127	"10:04:54"	867.0	-14.7	0.203	587	10	5.13	6	1	2.84	40.79	40.58	40.65	500.25	509.86	14.945	24.740	19.69	32.59	600.0	-0	1404	101.8	14.7	0.084	1.0	111115
128	"10:04:55"	868.5	-14.6	0.203	586	10	5.13	6	1	2.84	40.79	40.58	40.65	500.31	509.80	14.960	24.754	19.70	32.60	600.0	-0	1404	101.8	14.7	0.084	1.0	111115
129	"10:04:56"	869.5	-14.5	0.203	585	10	5.13	6	1	2.84	40.80	40.59	40.66	500.32	509.75	14.971	24.763	19.71	32.60	600.0	-0	1403	101.9	14.7	0.084	1.0	111115
130	"10:04:57"	871.0	-14.6	0.203	586	10	5.13	6	1	2.84	40.80	40.59	40.66	500.18	509.71	14.985	24.774	19.72	32.61	600.0	-0	1402	101.9	14.7	0.084	1.0	111115
131	"10:04:59"	872.0	-14.8	0.203	587	10	5.13	6	1	2.84	40.81	40.60	40.67	500.09	509.73	14.994	24.783	19.73	32.61	600.0	-0	1401	101.9	14.7	0.084	1.0	111115
132	"10:05:00"	873.5	-14.9	0.203	588	10	5.13	6	1	2.84	40.82	40.61	40.67	500.00	509.78	15.009	24.802	19.74	32.62	600.0	-0	1400	101.9	14.7	0.084	1.0	111115
133	"10:05:01"	874.5	-14.7	0.203	587	10	5.13	6	1	2.84	40.82	40.61	40.68	500.12	509.73	15.020	24.817	19.75	32.64	600.0	-0	1399	101.9	14.7	0.084	1.0	111115
134	"10:05:02"	876.0	-14.6	0.203	586	10.1	5.13	6	1	2.84	40.83	40.61	40.69	500.22	509.73	15.036	24.838	19.77	32.65	600.0	-0	1398	101.9	14.7	0.084	1.0	111115
135	"10:05:04"	877.0	-14.6	0.203	586	10.1	5.13	6	1	2.84	40.83	40.62	40.69	500.26	509.73	15.045	24.853	19.78	32.67	600.0	-0	1396	101.9	14.7	0.084	1.0	111115
136	"10:05:05"	878.5	-14.6	0.203	586	10.1	5.13	6	1	2.84	40.84	40.62	40.70	500.22	509.71	15.059	24.876	19.79	32.69	600.0	-0	1395	101.9	14.7	0.084	1.0	111115
137	"10:05:06"	879.0	-14.7	0.203	586	10.1	5.13	6	1	2.84	40.84	40.63	40.70	500.21	509.73	15.064	24.881	19.79	32.69	600.0	-0	1393	101.9	14.7	0.084	1.0	111115
138	"10:05:07"	881.0	-14.7	0.204	586	10.1	5.13	6	1	2.84	40.85	40.64	40.71	500.18	509.71	15.085	24.910	19.81	32.71	600.0	-0	1392	101.9	14.7	0.084	1.0	111115
139	"10:05:09"	882.0	-14.6	0.204	586	10.1	5.13	6	1	2.84	40.85	40.64	40.71	500.25	509.74	15.096	24.921	19.82	32.72	600.1	-0	1391	101.9	14.7	0.084	1.0	111115
140	"10:05:10"	883.5	-14.5	0.204	585	10.1	5.13	6	1	2.84	40.86	40.64	40.72	500.30	509.70	15.110	24.938	19.83	32.73	600.0	-0	1391	101.9	14.7	0.084	1.0	111115
141	"10:05:11"	884.0	-14.6	0.204	586	10.1	5.13	6	1	2.84	40.86	40.65	40.72	500.25	509.76	15.115	24.946	19.84	32.74	600.0	-0	1391	101.9	14.7	0.084	1.0	111115
142	"10:05:12"	886.0	-14.8	0.204	587	10.1	5.13	6	1	2.84	40.87	40.66	40.73	500.16	509.79	15.133	24.969	19.85	32.75	600.0	-0	1390	101.9	14.7	0.084	1.0	111115
143	"10:05:14"	887.0	-14.8	0.204	587	10.1	5.14	6	1	2.84	40.87	40.66	40.73	500.11	509.80	15.145	24.981	19.86	32.76	600.0	-0	1390	101.9	14.7	0.084	1.0	111115
144	"10:05:15"	888.5	-14.7	0.204	586	10.1	5.14	6	1	2.84	40.88	40.67	40.74	500.14	509.72	15.158	25.003	19.87	32.78	600.0	-0	1389	101.9	14.7	0.084	1.0	111115
145	"10:05:16"	889.5	-14.7	0.204	586	10.1	5.14	6	1	2.84	40.88	40.68	40.74	500.17	509.72	15.169	25.013	19.88	32.79	600.0	-0	1389	101.9	14.7	0.084	1.0	111115
146	"10:05:17"	891.0	-14.6	0.204	586	10.1	5.14	6	1	2.84	40.89	40.69	40.75	500.20	509.68	15.185	25.032	19.90	32.80	600.0	-0	1389	101.9	14.7	0.084	1.0	111115
147	"10:05:19"	892.0	-14.7	0.204	586	10.1	5.14	6	1	2.84	40.89	40.69	40.75	500.16	509.71	15.194	25.037	19.90	32.80	600.0	-0	1389	101.9	14.7	0.084	1.0	111115
148	"10:05:20"	893.5	-14.5	0.203	585	10.1	5.14	6	1	2.84	40.90	40.70	40.76	500.23	509.62	15.209	25.048	19.92	32.80	600.1	-0	1389	101.9	14.7	0.084	1.0	111115
149	"10:05:21"	894.5	-14.6	0.203	585	10.1	5.15	6	1	2.84	40.90	40.70	40.76	500.23	509.64	15.218	25.054	19.92	32.80	600.0	-0	1389	101.9	14.7	0.084	1.0	111115
150	"10:05:22"	896.0	-14.4	0.203	584	10.1	5.15	6	1	2.84	40.91	40.71	40.77	500.27	509.57	15.233	25.065	19.94	32.80	600.0	-0	1389	101.9	14.7	0.084	1.0	111115
151	"10:05:24"	897.0	-14.6	0.203	585	10.1	5.15	6	1	2.84	40.92	40.72	40.77	500.18	509.60	15.244	25.076	19.95	32.81	600.0	-0	1389	101.9	14.7	0.084	1.0	111115
152	"10:05:25"	898.5	-14.7	0.203	586	10.1	5.15	6	1	2.84	40.92	40.72	40.78	500.10	509.65	15.259	25.092	19.96	32.82	600.0	-0	1389	101.9	14.7	0.084	1.0	111115
153	"10:05:26"	899.5	-14.7	0.203	586	10.1	5.15	6	1	2.84	40.93	40.72	40.78	500.14	509.68	15.269	25.101	19.97	32.83	600.0	-0	1389	101.9	14.7	0.084	1.0	111115
154	"10:05:27"	901.0	-14.5	0.203	585	10.1	5.15	6	1	2.84	40.93	40.73	40.79	500.25	509.66	15.282	25.106	19.98	32.82	600.0	-0	1388	101.9	14.7	0.084	1.0	111115
155	"10:05:29"	902.0	-14.4	0.203	584	10.1	5.15	6	1	2.84	40.94	40.74	40.79	500.35	509.58	15.294	25.113	19.99	32.82	600.0	-0	1388	101.9	14.7	0.084	1.0	111115
156	"10:05:30"	902.5	-14.3	0.202	583	10.1	5.15	6	1	2.84	40.94	40.74	40.80	500.39	509.54	15.298	25.115	19.99	32.82	600.0	-0	1388	101.9	14.7	0.084	1.0	111115
157	"10:05:31"	904.5	-14.3	0.202	583	10.1	5.16	6	1	2.84	40.95	40.75	40.81	500.37	509.51	15.318	25.131	20.01	32.83	600.0	-0	1386	101.9	14.7	0.084	1.0	111115
158	"10:05:32"	905.0	-14.3	0.202	583	10.1	5.16	6	1	2.84	40.95	40.75	40.81	500.36	509.53	15.322	25.138	20.01	32.83	600.0	-0	1386	101.9	14.7	0.084	1.0	111115
159	"10:05:33"	907.0	-14.4	0.202	584	10.1	5.16	6	1	2.84	40.96	40.76	40.82	500.29	509.56	15.343	25.152	20.03	32.84	600.0	-0	1385	101.9	14.7	0.084	1.0	111115
160	"10:05:35"	908.0	-14.4	0.202	584	10.1	5.16	6	1	2.84	40.96	40.76	40.82	500.29	509.58	15.352	25.159	20.04	32.84	600.0	-0	1385	101.9	14.7	0.084	1.0	111115
161	"10:05:36"	909.5	-14.4	0.202	585	10.1	5.16	6	1	2.84	40.97	40.77	40.83	500.32	509.60	15.367	25.167	20.05	32.83	600.0	-0	1385	101.9	14.7	0.084	1.0	111115
162	"10:05:37"	911.0	-14.5	0.202	585	10	5.16	6	1	2.84	40.98	40.78	40.83	500.26	509.65	15.381	25.177	20.06	32.84	600.0	-0	1384	101.9	14.7	0.084	1.0	111115
163	"10:05:39"	912.0	-14.4	0.202	585	10	5.16	6	1	2.84	40.98	40.78	40.84	500.25	509.58	15.391	25.187	20.07	32.84	600.0	-0	1385	101.9	14.7	0.084	1.0	111115
164	"10:05:40"	913.5	-14.4	0.201	585	10	5.17	6	1	2.84	40.99	40.79	40.84	500.22	509.54	15.407	25.202	20.08	32.85	600.0	-0	1387	101.9	14.7	0.084	1.0	111115
165	"10:05:41"	914.5	-14.4	0.201	584	10	5.17	6	1	2.84	40.99	40.80	40.85	500.23	509.47	15.418	25.211	20.09	32.85	600.0	-0	1391	101.9	14.7	0.084	1.0	111115
166	"10:05:42"	916.0	-14.5	0.201	585	10	5.17	6	1	2.84	41.00	40.80	40.86	500.13	509.51	15.434	25.219	20.10	32.85	600.0	-0	1376	101.9	14.7	0.084	1.0	111115
167	"10:05:44"	917.0	-14.6	0.201	586	10	5.17	6	1	2.84	41.00	40.81	40.86	500.08	509.53	15.443	25.222	20.11	32.85	600.0	-0	1341	101.9	14.7	0.084	1.0	111115
168	"10:05:45"	918.5	-14.5	0.201	586	10	5.17	6	1	2.84	41.01	40.81	40.87	500.11	509.52	15.458	25.227	20.12	32.84	600.0	-0	1279	101.9	14.7	0.084	1.0	111115
169	"10:05:46"	919.5	-14.4	0.2	585	10	5.17	6	1	2.84	41.02	40.82	40.87	500.15	509.49	15.468	25.232	20.13	32.84	600.0	-0	1149	101.9	14.7	0.084	1.0	111115
170	"10:05:47"	921.0	-14.4	0.2	585	10	5.17	6	1	2.84	41.02	40.82	40.88	500.18	509.45	15.482	25.242	20.14	32.84	600.0	-0	1011	101.9	14.7	0.084	1.0	111115
171	"10:05:49"	922.0	-14.4	0.2	585	10	5.17	6	1	2.84	41.03	40.82	40.88	500.14	509.43	15.493	25.245	20.15	32.84	600.0	-0	937	101.9	14.7	0.084	1.0	111115
172	"10:05:50"	923.5	-14.4	0.2	585	9.99	5.18	6	1	2.84	41.03	40.83	40.89	500.09	509.40	15.506	25.245	20.16	32.83	600.0	-0	918	101.9	14.7	0.084	1.0	111115
173	"10:05:51"	924.5	-14.4	0.2	586	9.98	5.18	6	1	2.84	41.04	40.83	40.89	500.09	509.43	15.516	25.249	20.17	32.83	599.9	-0	997	101.9	14.7	0.084	1.0	111115
174	"10:05:52"	926.0	-14.4	0.199	585	9.98	5.18	6	1	2.84	41.04	40.84	40.90	500.13	509.45	15.529	25.259	20.18	32.83	600.0	-0	1106	101.9	14.7	0.084	1.0	111115
175	"10:05:54"	927.0	-14.4	0.199	585	9.98	5.18	6	1	2.84	41.05	40.84	40.91	500.16	509.46	15.539	25.269	20.19	32.84	600.0	-0	1185	101.9	14.7	0.084	1.0	111115
176	"10:05:55"	928.5	-14.3	0.199	584	9.98	5.18	6	1	2.84	41.05	40.85	40.91	500.19	509.38	15.551	25.280	20.20	32.84	600.0	-0	1279	101.9	14.7	0.084	1.0	111115
177	"10:05:56"	929.5	-14.3	0.199	585	9.98	5.18	6	1	2.84	41.05	40.85	40.91	500.13	509.37	15.560	25.285	20.21	32.84	600.0	-0	1271	101.8	14.7	0.084	1.0	111115
178	"10:05:57"	931.0	-14.4	0.199	585	9.98	5.18	6	1	2.84	41.06	40.85	40.92	500.07	509.38	15.573	25.298	20.22	32.85	599.9	-0	1354	101.9	14.7	0.084	1.0	111115
179	"10:05:59"	932.0	-14.4	0.199	585	9.98	5.18	6	1	2.84	41.06	40.85	40.92	500.07	509.37	15.583	25.307	20.23	32.85	599.9	-0	1370	101.9	14.7	0.084	1.0	111115
180	"10:06:00"	933.5	-14.3	0.199	585	9.97	5.18	6	1	2.84	41.07	40.85	40.93	500.09	509.34	15.598	25.319	20.24	32.86	599.9	-0	1384	101.9	14.7	0.084	1.0	111115
181	"10:06:01"	934.0	-14.4	0.199	585	9.97	5.18	6	1	2.84	41.07	40.86	40.93	500.10	509.37	15.603	25.322	20.25	32.86	599.9	-0	1373	101.9	14.7	0.084	1.0	111115
182	"10:06:02"	935.0	-14.3	0.199	585	9.97	5.18	6	1	2.84	41.07	40.86	40.93	500.11	509.32	15.613	25.332	20.26	32.87	600.0	-0	1347	101.9	14.7	0.084	1.0	111115
183	"10:06:03"	937.0	-14.3	0.199	585	9.98	5.18	6	1	2.84	41.08	40.87	40.94	500.18	509.39	15.632	25.353	20.27	32.88	600.2	-0	1325	101.9	14.7	0.084	1.0	111115
184	"10:06:05"	938.0	-14.2	0.199	584	9.98	5.18	6	1	2.84	41.09	40.87	40.94	500.19	509.36	15.641	25.360	20.28	32.89	600.2	-0	1329	101.9	14.7	0.084	1.0	111115
185	"10:06:06"	939.5	-14.3	0.199	585	9.96	5.19	6	1	2.84	41.09	40.88	40.95	500.14	509.38	15.657	25.361	20.30	32.88	600.1	-0	1338	101.9	14.7	0.084	1.0	111115
186	"10:06:07"	940.5	-14.3	0.198	585	9.94	5.19	6	1	2.84	41.09	40.88	40.95	500.11	509.32	15.666	25.358	20.30	32.87	600.0	-0	1220	101.9	14.7	0.084	1.0	111115
187	"10:06:08"	942.0	-14.3	0.198	585	9.93	5.19	6	1	2.84	41.10	40.89	40.96	500.05	509.32	15.680	25.356	20.32	32.85	600.0	-0	773	101.9	14.7	0.084	1.0	111115
188	"10:06:10"	943.0	-14.2	0.198	585	9.92	5.19	6	1	2.84	41.10	40.89	40.96	500.07	509.24	15.691	25.357	20.33	32.85	600.0	-0	480	101.9	14.7	0.084	1.0	111115
189	"10:06:11"	944.5	-14.3	0.197	586	9.91	5.19	6	1	2.84	41.11	40.89	40.97	500.02	509.30	15.705	25.363	20.34	32.85	600.0	-0	141	101.9	14.7	0.084	1.0	111115
190	"10:06:12"	945.5	-14.4	0.197	587	9.9	5.19	6	1	2.84	41.11	40.89	40.97	499.97	509.34	15.714	25.367	20.35	32.85	600.0	-0	134	101.9	14.7	0.084	1.0	111115
191	"10:06:13"	947.0	-14.2	0.197	585	9.89	5.19	6	1	2.84	41.12	40.89	40.98	500.06	509.26	15.728	25.370	20.36	32.84	600.0	-0	280	101.9	14.7	0.084	1.0	111115
192	"10:06:15"	948.0	-14.3	0.197	585	9.89	5.19	6	1	2.84	41.12	40.90	40.98	500.04	509.26	15.737	25.377	20.37	32.85	600.0	-0	594	101.9	14.7	0.084	1.0	111115
193	"10:06:16"	949.5	-14.3	0.197	586	9.89	5.19	6	1	2.84	41.13	40.90	40.99	499.96	509.23	15.749	25.386	20.38	32.85	600.0	-0	1075	101.9	14.7	0.084	1.0	111115
194	"10:06:17"	950.5	-14.4	0.197	587	9.89	5.19	6	1	2.84	41.13	40.90	40.99	499.88	509.27	15.757	25.394	20.39	32.85	600.1	-0	1356	101.9	14.7	0.084	1.0	111115
195	"10:06:18"	952.0	-14.5	0.197	587	9.89	5.19	6	1	2.84	41.13	40.90	41.00	499.83	509.25	15.768	25.405	20.40	32.86	600.1	-0	1410	101.9	14.7	0.084	1.0	111115
196	"10:06:19"	952.5	-14.5	0.197	587	9.89	5.19	6	1	2.84	41.14	40.90	41.00	499.81	509.25	15.771	25.413	20.40	32.87	600.1	-0	1411	101.9	14.7	0.084	1.0	111115
197	"10:06:21"	954.5	-14.2	0.197	585	9.89	5.19	6	1	2.84	41.14	40.91	41.01	499.95	509.16	15.791	25.425	20.42	32.87	600.0	-0	1417	101.9	14.7	0.084	1.0	111115
198	"10:06:22"	955.5	-14.2	0.197	585	9.88	5.19	6	1	2.84	41.14	40.91	41.01	499.96	509.09	15.800	25.430	20.43	32.87	600.0	-0	1420	101.9	14.7	0.084	1.0	111115
199	"10:06:23"	957.0	-14	0.196	584	9.87	5.19	6	1	2.84	41.15	40.92	41.02	500.04	509.04	15.817	25.434	20.44	32.87	600.0	-0	1426	101.9	14.7	0.084	1.0	111115
200	"10:06:24"	957.5	-14	0.196	584	9.87	5.19	6	1	2.84	41.15	40.92	41.02	500.04	509.04	15.822	25.438	20.45	32.87	600.0	-0	1428	101.9	14.7	0.084	1.0	111115
201	"10:06:26"	959.5	-14	0.196	583	9.85	5.2	6	1	2.84	41.16	40.92	41.03	500.10	509.04	15.841	25.440	20.46	32.86	600.0	-0	1437	101.9	14.7	0.084	1.0	111115
202	"10:06:27"	961.0	-13.9	0.196	583	9.84	5.2	6	1	2.84	41.16	40.92	41.03	500.09	509.00	15.855	25.444	20.48	32.86	600.0	-0	1442	101.9	14.7	0.084	1.0	111115
203	"10:06:29"	962.0	-13.9	0.195	583	9.83	5.2	6	1	2.84	41.17	40.93	41.03	500.11	508.99	15.866	25.446	20.49	32.86	600.0	-0	1443	101.9	14.7	0.084	0.7	111115
204	"10:06:30"	963.5	-14	0.195	584	9.82	5.2	6	1	2.84	41.17	40.93	41.04	500.09	509.05	15.879	25.451	20.50	32.85	600.0	-0	1443	101.9	14.7	0.084	0.7	111115
205	"10:06:31"	964.5	-14	0.195	584	9.82	5.2	6	1	2.84	41.17	40.94	41.04	500.06	509.02	15.889	25.455	20.51	32.85	600.0	-0	1441	101.9	14.7	0.084	0.7	111115
206	"10:06:32"	966.0	-14	0.195	584	9.82	5.2	6	1	2.84	41.18	40.94	41.05	500.00	509.03	15.901	25.472	20.52	32.86	600.0	-0	1437	101.9	14.7	0.084	0.7	111115
207	"10:06:34"	967.0	-14	0.195	584	9.82	5.2	6	1	2.84	41.18	40.94	41.05	499.96	509.00	15.910	25.484	20.52	32.88	600.0	-0	1433	101.8	14.7	0.084	1.0	111115
208	"10:06:35"	968.5	-14.1	0.195	584	9.83	5.2	6	1	2.84	41.19	40.95	41.06	499.97	509.02	15.922	25.503	20.53	32.89	600.0	-0	1429	101.8	14.7	0.084	1.0	111115
209	"10:06:36"	969.5	-14.1	0.195	585	9.83	5.2	6	1	2.84	41.19	40.95	41.06	499.98	509.07	15.931	25.514	20.54	32.90	600.0	-0	1429	101.8	14.7	0.084	1.0	111115
210	"10:06:37"	971.0	-14.1	0.195	585	9.84	5.2	6	1	2.84	41.20	40.95	41.07	500.01	509.12	15.948	25.532	20.56	32.91	600.1	-0	1431	101.8	14.7	0.084	1.0	111115
211	"10:06:39"	972.0	-14.1	0.195	585	9.84	5.2	6	1	2.84	41.20	40.96	41.07	500.01	509.10	15.958	25.543	20.57	32.92	600.0	-0	1433	101.9	14.7	0.084	1.0	111115
212	"10:06:40"	973.5	-14.1	0.196	585	9.84	5.2	6	1	2.84	41.21	40.96	41.08	499.96	509.08	15.972	25.564	20.58	32.94	600.0	-0	1436	101.8	14.7	0.084	1.0	111115
213	"10:06:41"	974.5	-14.1	0.195	584	9.84	5.2	6	1	2.84	41.21	40.97	41.08	499.98	509.02	15.982	25.574	20.59	32.94	600.0	-0	1432	101.9	14.7	0.084	1.0	111115
214	"10:06:42"	976.0	-14.1	0.196	584	9.85	5.2	6	1	2.84	41.22	40.97	41.09	500.00	509.06	15.998	25.597	20.60	32.96	600.0	-0	1379	101.8	14.7	0.084	1.0	111115
215	"10:06:44"	977.0	-14.1	0.196	584	9.86	5.2	6	1	2.84	41.22	40.98	41.09	500.01	509.05	16.008	25.612	20.61	32.97	600.0	-0	1305	101.9	14.7	0.084	1.0	111115
216	"10:06:45"	978.5	-14.2	0.196	585	9.89	5.2	6	1	2.84	41.23	40.99	41.09	500.03	509.17	16.022	25.654	20.62	33.02	600.0	-0	1208	101.9	14.7	0.084	1.0	111115
217	"10:06:46"	979.5	-14.2	0.197	585	9.92	5.2	6	1	2.84	41.23	40.99	41.10	500.05	509.19	16.032	25.693	20.63	33.06	600.0	-0	1221	101.9	14.7	0.084	1.0	111115
218	"10:06:47"	981.0	-14.4	0.199	585	10	5.19	6	1	2.84	41.24	41.00	41.10	500.05	509.32	16.046	25.784	20.64	33.17	600.0	-0	1316	101.9	14.7	0.084	1.0	111115
219	"10:06:49"	982.0	-14.4	0.201	584	10.1	5.19	6	1	2.84	41.24	41.00	41.11	500.09	509.36	16.055	25.858	20.65	33.25	600.0	-0	1373	101.9	14.7	0.084	0.7	111115
220	"10:06:50"	983.5	-14.6	0.204	585	10.2	5.18	6	1	2.84	41.25	41.01	41.12	500.05	509.49	16.069	25.979	20.66	33.40	600.0	-0	1221	101.9	14.7	0.084	0.3	111115
221	"10:06:51"	984.5	-14.7	0.205	584	10.2	5.17	6	1	2.84	41.25	41.01	41.12	500.07	509.50	16.079	26.055	20.67	33.49	600.0	-0	1052	101.9	14.7	0.084	0.3	111115
222	"10:06:52"	986.0	-14.8	0.207	585	10.3	5.17	6	1	2.84	41.26	41.03	41.13	500.02	509.55	16.093	26.156	20.68	33.61	600.0	-0	835	101.9	14.7	0.084	0.3	111115
223	"10:06:54"	987.0	-14.8	0.209	584	10.4	5.16	6	1	2.84	41.26	41.03	41.13	500.03	509.52	16.102	26.217	20.68	33.68	600.0	-0	780	101.9	14.7	0.084	0.3	111115
224	"10:06:55"	988.5	-14.8	0.21	583	10.5	5.16	6	1	2.84	41.27	41.04	41.14	500.01	509.50	16.116	26.296	20.70	33.77	600.0	-0	749	101.9	14.7	0.084	0.3	111115
225	"10:06:56"	989.5	-14.9	0.211	583	10.5	5.15	6	1	2.84	41.27	41.04	41.14	499.95	509.51	16.125	26.338	20.70	33.82	600.0	-0	808	101.9	14.7	0.084	0.3	111115
226	"10:06:57"	991.0	-14.9	0.212	583	10.5	5.15	6	1	2.84	41.28	41.04	41.15	499.89	509.48	16.138	26.393	20.71	33.88	600.0	-0	852	101.9	14.7	0.084	0.3	111115
227	"10:06:59"	992.0	-15.1	0.213	584	10.6	5.14	6	1	2.84	41.28	41.04	41.15	499.81	509.50	16.147	26.432	20.72	33.92	600.0	-0	949	101.9	14.7	0.084	0.3	111115
228	"10:07:00"	993.5	-14.9	0.215	582	10.6	5.14	6	1	2.84	41.29	41.04	41.16	499.81	509.34	16.158	26.501	20.73	34.00	600.0	-0	1038	101.9	14.7	0.084	0.3	111115
229	"10:07:01"	994.0	-15	0.215	582	10.6	5.13	6	1	2.84	41.29	41.04	41.16	499.80	509.34	16.163	26.529	20.73	34.03	600.0	-0	1044	101.9	14.7	0.084	0.3	111115
230	"10:07:02"	996.0	-15.1	0.219	581	10.8	5.12	6	1	2.84	41.30	41.05	41.17	499.76	509.33	16.178	26.672	20.74	34.20	600.0	-0	1057	101.9	14.7	0.084	0.7	111115
231	"10:07:03"	996.5	-15	0.22	580	10.8	5.12	6	1	2.84	41.30	41.05	41.17	499.79	509.33	16.182	26.711	20.75	34.25	600.0	-0	1025	101.9	14.7	0.084	0.7	111115
232	"10:07:05"	998.5	-15.1	0.224	579	11	5.1	6	1	2.84	41.31	41.05	41.17	499.84	509.34	16.200	26.859	20.76	34.42	600.1	-0	1122	101.9	14.7	0.084	0.7	111115
233	"10:07:06"	999.0	-15	0.224	578	11	5.1	6	1	2.84	41.31	41.05	41.18	499.88	509.31	16.205	26.894	20.77	34.47	600.1	-0	1169	101.9	14.7	0.084	0.7	111115
234	"10:07:07"	1000.0	-15	0.226	577	11	5.1	6	1	2.84	41.31	41.06	41.18	499.94	509.30	16.214	26.963	20.78	34.55	600.1	-0	1283	101.9	14.7	0.084	0.7	111115
235	"10:07:08"	1001.0	-15	0.228	576	11.1	5.09	6	1	2.84	41.31	41.06	41.18	499.94	509.26	16.223	27.032	20.78	34.63	600.1	-0	1392	101.9	14.7	0.084	0.7	111115
236	"10:07:09"	1002.0	-14.9	0.229	576	11.2	5.08	6	1	2.84	41.32	41.06	41.19	499.96	509.21	16.232	27.095	20.79	34.71	600.0	-0	1425	101.9	14.7	0.084	0.7	111115
237	"10:07:10"	1003.0	-14.9	0.231	574	11.2	5.08	6	1	2.84	41.32	41.06	41.19	500.00	509.14	16.241	27.155	20.80	34.78	600.0	-0	1431	101.9	14.7	0.084	0.7	111115
238	"10:07:11"	1004.0	-14.9	0.232	574	11.3	5.07	6	1	2.84	41.32	41.06	41.19	499.93	509.11	16.249	27.206	20.81	34.84	600.0	-0	1428	101.9	14.7	0.084	0.3	111115
239	"10:07:12"	1006.0	-14.9	0.233	573	11.3	5.07	6	1	2.84	41.33	41.07	41.20	499.92	509.04	16.268	27.283	20.82	34.92	599.9	-0	1410	101.9	14.7	0.084	0.3	111115
240	"10:07:14"	1006.5	-14.9	0.234	573	11.3	5.07	6	1	2.84	41.33	41.07	41.20	499.93	509.02	16.273	27.298	20.83	34.94	600.0	-0	1406	101.9	14.7	0.084	0.3	111115
241	"10:07:15"	1007.5	-14.8	0.234	572	11.3	5.07	6	1	2.84	41.33	41.08	41.21	499.94	508.97	16.285	27.324	20.84	34.97	600.0	-0	1399	101.9	14.7	0.084	0.3	111115
