"OPEN 5.3.2"
"Thr Aug  2 2018 12:55:27"
"Unit="	"PSC-895"
"ComputeList="	"/User/Configs/Comps/Default"
"BLCTable="	"/Sys/Lib/StdBLCTable"
"LightSource="	"Sun+Sky"	1	0.19
"LogFormat="	"/User/Configs/LogFormats/Std Output"
"LogCodes="	-35	-21	-36	30	23	36	21	25	-33	-34	-32	-9	-10	-8	-1	-2	-4	-5	-14	-15	-7	-12	-13	-11	-65	-66	-72	-23
"PromptList="	"/User/Configs/Prompts/Default (none)"
"Stability= (CO2S 15s SLP<1)(H2OS 15s SLP<1)(Flow 15s SLP<1)"
"12:55:40 co2 500 flow 600"
$STARTOFDATA$
"Obs"	"HHMMSS"	"FTime"	"Photo"	"Cond"	"Ci"	"Trmmol"	"VpdL"	"Area"	"StmRat"	"BLCond"	"Tair"	"Tleaf"	"TBlk"	"CO2R"	"CO2S"	"H2OR"	"H2OS"	"RH_R"	"RH_S"	"Flow"	"PARi"	"PARo"	"Press"	"CsMch"	"HsMch"	"StableF"	"Status"
1	"12:55:57"	42.5	-2.33	1.92	473	28.3	2.41	6	1	2.84	33.73	33.65	33.59	499.05	487.59	0.415	27.890	0.80	53.79	600.0	-0	968	101.5	0	0	0.0	111115
2	"12:55:58"	43.5	-2.28	1.91	473	28.2	2.41	6	1	2.84	33.73	33.65	33.59	499.01	487.52	0.415	27.864	0.80	53.73	600.0	-0	1039	101.5	0	0	0.0	111115
3	"12:56:00"	45.0	-2.37	1.9	473	28.2	2.42	6	1	2.84	33.73	33.66	33.60	498.94	487.56	0.415	27.831	0.80	53.66	600.0	0	1120	101.5	0	0	0.3	111115
4	"12:56:01"	46.0	-2.3	1.89	473	28.2	2.42	6	1	2.84	33.74	33.66	33.60	498.98	487.55	0.415	27.802	0.80	53.59	600.0	0	1229	101.5	0	0	0.7	111115
5	"12:56:02"	47.5	-2.17	1.87	472	28.1	2.43	6	1	2.84	33.75	33.67	33.61	499.13	487.58	0.415	27.758	0.80	53.48	600.0	-0	1346	101.5	0	0	0.7	111115
6	"12:56:03"	48.5	-2.06	1.87	472	28.1	2.43	6	1	2.84	33.75	33.68	33.62	499.27	487.64	0.415	27.734	0.80	53.41	600.0	-0	1306	101.5	0	0	0.7	111115
7	"12:56:05"	50.0	-1.95	1.86	472	28.1	2.44	6	1	2.84	33.76	33.68	33.63	499.49	487.74	0.414	27.712	0.80	53.34	600.0	-0	1022	101.5	0	0	0.3	111115
8	"12:56:06"	51.0	-1.85	1.85	472	28.1	2.44	6	1	2.84	33.77	33.69	33.63	499.60	487.76	0.413	27.703	0.80	53.31	600.0	-0	807	101.5	0	0	0.3	111115
9	"12:56:07"	52.5	-1.56	1.85	472	28.1	2.44	6	1	2.84	33.78	33.70	33.64	499.83	487.71	0.415	27.695	0.80	53.26	600.0	-0	675	101.5	0	0	0.3	111115
10	"12:56:08"	53.5	-1.53	1.84	472	28.1	2.45	6	1	2.84	33.78	33.71	33.65	499.84	487.68	0.415	27.698	0.80	53.25	600.0	-0	740	101.5	0	0	0.3	111115
11	"12:56:10"	55.0	-1.59	1.84	472	28.1	2.45	6	1	2.84	33.79	33.72	33.66	499.79	487.70	0.416	27.702	0.80	53.23	600.0	-0	939	101.5	0	0	0.3	111115
12	"12:56:11"	56.0	-1.65	1.84	472	28.1	2.45	6	1	2.84	33.80	33.72	33.67	499.74	487.70	0.416	27.704	0.80	53.21	600.0	-0	1122	101.5	0	0	0.7	111115
13	"12:56:12"	57.5	-1.68	1.84	472	28.1	2.45	6	1	2.84	33.81	33.74	33.68	499.79	487.77	0.416	27.710	0.80	53.19	600.0	-0	1269	101.5	0	0	1.0	111115
14	"12:56:13"	58.5	-1.59	1.84	472	28.1	2.45	6	1	2.84	33.82	33.74	33.68	499.86	487.75	0.415	27.716	0.80	53.19	600.0	-0	1262	101.5	0	0	1.0	111115
15	"12:56:15"	60.0	-1.68	1.84	472	28.1	2.46	6	1	2.84	33.83	33.75	33.69	499.84	487.81	0.415	27.728	0.80	53.18	600.0	-0	1093	101.5	0	0	1.0	111115
16	"12:56:16"	61.0	-1.73	1.84	472	28.1	2.46	6	1	2.84	33.83	33.76	33.70	499.78	487.80	0.416	27.738	0.80	53.18	600.0	-0	1003	101.5	0	0	1.0	111115
17	"12:56:17"	62.5	-1.97	1.84	472	28.1	2.46	6	1	2.84	33.84	33.76	33.71	499.59	487.84	0.416	27.754	0.80	53.18	600.0	-0	1067	101.5	0	0	1.0	111115
18	"12:56:18"	63.5	-2.12	1.84	472	28.1	2.46	6	1	2.84	33.85	33.77	33.72	499.48	487.88	0.416	27.766	0.80	53.18	600.0	-0	1213	101.5	0	0	1.0	111115
19	"12:56:20"	65.0	-2.41	1.84	473	28.1	2.46	6	1	2.84	33.86	33.78	33.73	499.29	487.96	0.414	27.779	0.79	53.18	600.0	-0	1396	101.5	0	0	1.0	111115
20	"12:56:21"	66.0	-2.5	1.84	473	28.2	2.46	6	1	2.84	33.87	33.78	33.73	499.26	488.02	0.414	27.793	0.79	53.19	600.0	-0	1476	101.5	0	0	1.0	111115
21	"12:56:22"	67.5	-2.45	1.84	473	28.2	2.46	6	1	2.84	33.87	33.78	33.74	499.29	487.99	0.414	27.814	0.79	53.20	600.0	-0	1480	101.5	0	0	1.0	111115
22	"12:56:23"	68.5	-2.26	1.85	473	28.2	2.45	6	1	2.84	33.88	33.78	33.75	499.39	487.88	0.415	27.833	0.79	53.22	600.0	-0	1476	101.5	0	0	1.0	111115
23	"12:56:25"	70.0	-2.22	1.85	473	28.2	2.45	6	1	2.84	33.89	33.79	33.76	499.43	487.87	0.415	27.865	0.79	53.26	600.0	-0	1467	101.5	0	0	0.7	111115
24	"12:56:26"	71.0	-2.2	1.86	473	28.3	2.45	6	1	2.84	33.89	33.79	33.76	499.46	487.87	0.415	27.893	0.79	53.29	600.0	-0	1460	101.5	0	0	1.0	111115
25	"12:56:27"	72.5	-2.29	1.86	473	28.3	2.45	6	1	2.84	33.90	33.80	33.77	499.49	487.97	0.415	27.928	0.79	53.33	600.0	-0	1446	101.5	0	0	1.0	111115
26	"12:56:28"	73.5	-2.22	1.86	473	28.3	2.45	6	1	2.84	33.91	33.81	33.78	499.55	487.95	0.415	27.936	0.79	53.33	600.1	-0	1441	101.5	0	0	1.0	111115
27	"12:56:30"	75.0	-2.31	1.95	473	28.7	2.42	6	1	2.84	33.92	33.82	33.78	499.58	487.88	0.415	28.298	0.79	54.00	600.1	-0	1439	101.5	0	0	0.7	111115
28	"12:56:31"	76.0	-2.37	2.07	473	29.2	2.37	6	1	2.84	33.92	33.82	33.79	499.58	487.73	0.415	28.737	0.79	54.81	600.1	0	1446	101.5	0	0	0.7	111115
29	"12:56:32"	77.5	-2.71	2.31	474	30	2.29	6	1	2.84	33.94	33.84	33.80	499.59	487.65	0.414	29.561	0.79	56.35	600.0	0	1455	101.5	0	0	0.7	111115
30	"12:56:33"	78.5	-2.94	2.44	474	30.4	2.26	6	1	2.84	33.94	33.84	33.80	499.57	487.67	0.414	29.941	0.79	57.04	599.9	0	1284	101.5	0	0	0.7	111115
31	"12:56:35"	80.0	-3.18	2.54	475	30.7	2.23	6	1	2.84	33.96	33.85	33.81	499.53	487.72	0.414	30.214	0.79	57.53	600.0	-0	1283	101.5	0	0	0.7	111115
32	"12:56:36"	81.0	-3.36	2.56	475	30.8	2.23	6	1	2.84	33.96	33.85	33.82	499.42	487.76	0.414	30.275	0.79	57.62	600.0	-0	1283	101.5	0	0	0.7	111115
33	"12:56:37"	82.5	-3.33	2.58	475	30.9	2.22	6	1	2.84	33.97	33.86	33.82	499.41	487.69	0.414	30.344	0.79	57.73	600.0	-0	1460	101.5	0	0	0.3	111115
34	"12:56:38"	83.5	-3.28	2.6	475	30.9	2.22	6	1	2.84	33.98	33.86	33.83	499.39	487.59	0.415	30.397	0.79	57.81	600.0	0	1462	101.5	0	0	0.3	111115
35	"12:56:40"	85.0	-3.23	2.63	475	31	2.21	6	1	2.84	33.98	33.87	33.84	499.39	487.50	0.415	30.491	0.79	57.97	600.0	-0	1461	101.5	0	0	0.3	111115
36	"12:56:41"	86.0	-3.26	2.66	475	31.1	2.2	6	1	2.84	33.99	33.87	33.84	499.38	487.47	0.415	30.561	0.79	58.08	600.0	-0	1461	101.5	0	0	0.3	111115
37	"12:56:42"	87.5	-3.23	2.69	475	31.2	2.2	6	1	2.84	34.00	33.88	33.85	499.44	487.45	0.415	30.671	0.79	58.27	600.0	-0	1460	101.5	0	0	0.3	111115
38	"12:56:43"	88.5	-3.1	2.72	475	31.3	2.19	6	1	2.84	34.00	33.89	33.86	499.47	487.33	0.416	30.741	0.79	58.38	600.0	0	1460	101.5	0	0	0.3	111115
39	"12:56:45"	90.0	-3.19	2.76	475	31.4	2.18	6	1	2.84	34.01	33.90	33.87	499.40	487.29	0.415	30.855	0.79	58.58	600.0	-0	1460	101.5	0	0	0.3	111115
40	"12:56:46"	91.0	-3.21	2.79	475	31.5	2.17	6	1	2.84	34.01	33.90	33.87	499.36	487.23	0.415	30.929	0.79	58.70	599.9	-0	1460	101.5	0	0	0.3	111115
41	"12:56:47"	92.5	-3.06	2.83	474	31.6	2.17	6	1	2.84	34.02	33.91	33.88	499.44	487.10	0.415	31.037	0.79	58.88	600.0	-0	1461	101.5	0	0	0.3	111115
42	"12:56:48"	93.5	-2.92	2.86	474	31.7	2.16	6	1	2.84	34.03	33.92	33.89	499.52	487.01	0.415	31.106	0.79	58.99	600.0	-0	1461	101.5	0	0	0.3	111115
43	"12:56:50"	95.0	-2.85	2.9	474	31.8	2.15	6	1	2.84	34.04	33.93	33.89	499.51	486.89	0.416	31.201	0.79	59.14	600.0	-0	1461	101.5	0	0	0.3	111115
44	"12:56:51"	96.0	-2.94	2.92	474	31.8	2.15	6	1	2.84	34.04	33.93	33.90	499.44	486.88	0.417	31.263	0.79	59.24	600.0	-0	1461	101.5	0	0	0.3	111115
45	"12:56:52"	97.5	-2.89	2.95	474	31.9	2.14	6	1	2.84	34.05	33.94	33.91	499.42	486.77	0.417	31.348	0.79	59.37	600.0	-0	1462	101.5	0	0	0.3	111115
46	"12:56:53"	98.5	-2.82	2.97	474	32	2.14	6	1	2.84	34.06	33.95	33.92	499.41	486.66	0.416	31.399	0.79	59.45	600.0	-0	1463	101.5	0	0	0.3	111115
47	"12:56:55"	100.0	-2.77	3	474	32.1	2.14	6	1	2.84	34.06	33.95	33.93	499.36	486.52	0.416	31.475	0.79	59.57	600.0	-0	1464	101.5	0	0	0.3	111115
48	"12:56:56"	101.0	-2.76	3.02	474	32.1	2.13	6	1	2.84	34.07	33.96	33.93	499.29	486.43	0.416	31.522	0.79	59.64	600.0	-0	1465	101.5	0	0	0.3	111115
49	"12:56:57"	102.5	-2.86	3.05	474	32.2	2.13	6	1	2.84	34.08	33.97	33.94	499.22	486.43	0.416	31.585	0.79	59.73	600.0	-0	1466	101.5	0	0	0.3	111115
50	"12:56:58"	103.5	-2.85	3.06	474	32.2	2.13	6	1	2.84	34.08	33.98	33.95	499.26	486.44	0.416	31.622	0.79	59.78	600.0	-0	1466	101.5	0	0	0.3	111115
51	"12:57:00"	105.0	-2.87	3.08	474	32.3	2.12	6	1	2.84	34.09	33.98	33.96	499.24	486.40	0.416	31.680	0.79	59.86	600.0	-0	1466	101.5	0	0	0.3	111115
52	"12:57:01"	106.0	-2.72	3.1	473	32.3	2.12	6	1	2.84	34.10	33.99	33.96	499.25	486.26	0.416	31.716	0.79	59.91	600.0	-0	1466	101.5	0	0	0.3	111115
53	"12:57:02"	107.5	-2.56	3.12	473	32.4	2.12	6	1	2.84	34.11	33.99	33.97	499.31	486.13	0.418	31.767	0.79	59.98	600.0	0	1466	101.5	0	0	0.3	111115
54	"12:57:03"	108.5	-2.52	3.13	473	32.4	2.12	6	1	2.84	34.11	34.00	33.98	499.31	486.08	0.418	31.798	0.79	60.02	600.0	0	1466	101.5	0	0	0.3	111115
55	"12:57:05"	110.0	-2.56	3.14	473	32.5	2.11	6	1	2.84	34.12	34.01	33.99	499.28	486.07	0.418	31.838	0.79	60.07	600.0	0	1467	101.5	0	0	0.3	111115
56	"12:57:06"	111.0	-2.52	3.15	473	32.5	2.11	6	1	2.84	34.13	34.01	33.99	499.27	486.00	0.418	31.862	0.79	60.09	600.0	-0	1468	101.5	0	0	0.3	111115
57	"12:57:07"	112.5	-2.45	3.16	473	32.5	2.11	6	1	2.84	34.14	34.02	34.00	499.25	485.90	0.417	31.898	0.79	60.13	600.0	-0	1470	101.5	0	0	0.3	111115
58	"12:57:08"	113.5	-2.34	3.17	473	32.5	2.11	6	1	2.84	34.14	34.03	34.01	499.31	485.84	0.417	31.922	0.79	60.16	600.0	-0	1471	101.5	0	0	0.3	111115
59	"12:57:10"	115.0	-2.44	3.18	473	32.6	2.11	6	1	2.84	34.15	34.04	34.02	499.19	485.81	0.417	31.950	0.79	60.18	600.0	-0	1473	101.5	0	0	0.3	111115
60	"12:57:11"	116.0	-2.48	3.18	473	32.6	2.11	6	1	2.84	34.16	34.04	34.03	499.11	485.76	0.417	31.964	0.79	60.19	600.0	-0	1474	101.5	0	0	0.3	111115
61	"12:57:12"	117.5	-2.65	3.19	473	32.6	2.11	6	1	2.84	34.16	34.05	34.04	498.94	485.76	0.417	31.987	0.78	60.20	600.0	-0	1475	101.5	0	0	0.3	111115
62	"12:57:13"	118.5	-2.64	3.19	473	32.6	2.11	6	1	2.84	34.17	34.05	34.04	498.91	485.70	0.417	32.010	0.78	60.23	600.0	-0	1476	101.5	0	0	0.3	111115
63	"12:57:15"	120.0	-2.49	3.2	473	32.7	2.11	6	1	2.84	34.18	34.06	34.05	498.97	485.60	0.418	32.035	0.79	60.24	600.0	-0	1477	101.5	0	0	0.3	111115
64	"12:57:16"	121.0	-2.3	3.2	472	32.7	2.11	6	1	2.84	34.18	34.07	34.06	499.07	485.50	0.418	32.046	0.79	60.25	600.0	-0	1478	101.5	0	0	0.3	111115
65	"12:57:17"	122.5	-2.27	3.2	472	32.7	2.11	6	1	2.84	34.19	34.07	34.07	499.12	485.52	0.419	32.064	0.79	60.25	600.0	-0	1480	101.5	0	0	0.3	111115
66	"12:57:18"	123.5	-2.25	3.2	472	32.7	2.11	6	1	2.84	34.20	34.08	34.07	499.11	485.48	0.420	32.073	0.79	60.25	600.0	-0	1481	101.5	0	0	0.3	111115
67	"12:57:20"	125.0	-2.31	3.21	472	32.7	2.11	6	1	2.84	34.21	34.08	34.08	499.06	485.49	0.419	32.089	0.79	60.25	600.0	-0	1483	101.5	0	0	0.3	111115
68	"12:57:21"	126.0	-2.3	3.21	472	32.7	2.11	6	1	2.84	34.21	34.08	34.09	499.06	485.47	0.419	32.102	0.79	60.26	600.0	-0	1485	101.5	0	0	0.3	111115
69	"12:57:22"	127.5	-2.33	3.21	472	32.7	2.11	6	1	2.84	34.22	34.09	34.10	499.02	485.45	0.420	32.117	0.79	60.26	600.0	-0	1487	101.5	0	0	0.7	111115
70	"12:57:23"	128.5	-2.39	3.22	472	32.8	2.11	6	1	2.84	34.23	34.09	34.10	498.94	485.43	0.420	32.129	0.79	60.27	600.0	0	1488	101.5	0	0	0.7	111115
71	"12:57:25"	130.0	-2.43	3.22	472	32.8	2.11	6	1	2.84	34.23	34.10	34.11	498.84	485.36	0.420	32.143	0.79	60.27	600.0	0	1490	101.5	0	0	0.7	111115
72	"12:57:26"	131.0	-2.43	3.22	472	32.8	2.11	6	1	2.84	34.24	34.10	34.12	498.79	485.30	0.420	32.154	0.79	60.27	600.0	0	1491	101.5	0	0	0.7	111115
73	"12:57:27"	132.5	-2.21	3.22	472	32.8	2.11	6	1	2.84	34.25	34.11	34.12	498.91	485.20	0.421	32.166	0.79	60.27	600.0	0	1493	101.5	0	0	0.7	111115
74	"12:57:28"	133.5	-2.14	3.22	472	32.8	2.11	6	1	2.84	34.25	34.12	34.13	498.94	485.16	0.422	32.176	0.79	60.26	600.0	-0	1495	101.5	0	0	0.7	111115
75	"12:57:30"	135.0	-2.01	3.22	472	32.8	2.11	6	1	2.84	34.26	34.12	34.14	499.01	485.09	0.421	32.189	0.79	60.26	600.0	-0	1497	101.5	0	0	0.7	111115
76	"12:57:31"	136.0	-1.99	3.22	472	32.8	2.11	6	1	2.84	34.27	34.13	34.14	499.00	485.05	0.421	32.198	0.79	60.26	600.0	-0	1498	101.5	0	0	0.7	111115
77	"12:57:32"	137.5	-2.12	3.22	472	32.8	2.12	6	1	2.84	34.27	34.14	34.15	498.89	485.08	0.420	32.202	0.79	60.24	600.0	-0	1501	101.5	0	0	0.7	111115
78	"12:57:33"	138.5	-2.16	3.21	472	32.8	2.12	6	1	2.84	34.28	34.14	34.16	498.83	485.06	0.421	32.207	0.79	60.24	600.0	-0	1501	101.5	0	0	0.7	111115
79	"12:57:35"	140.0	-2.28	3.21	472	32.9	2.12	6	1	2.84	34.29	34.15	34.16	498.75	485.09	0.421	32.216	0.79	60.22	600.0	-0	1492	101.5	0	0	0.7	111115
80	"12:57:36"	141.0	-2.17	3.19	472	32.8	2.12	6	1	2.84	34.29	34.15	34.17	498.78	485.02	0.421	32.190	0.79	60.16	600.0	-0	1491	101.5	0	0	0.7	111115
81	"12:57:37"	142.5	-2.01	3.14	471	32.7	2.13	6	1	2.84	34.30	34.16	34.18	498.85	484.98	0.421	32.101	0.79	59.96	600.0	-0	1490	101.5	0	0	0.7	111115
82	"12:57:38"	143.5	-1.9	3.09	471	32.6	2.14	6	1	2.84	34.30	34.17	34.18	498.89	484.96	0.421	32.018	0.79	59.79	600.0	-0	1496	101.5	0	0	0.7	111115
83	"12:57:40"	145.0	-1.78	3.03	471	32.5	2.16	6	1	2.84	34.31	34.18	34.19	498.93	484.93	0.421	31.914	0.79	59.57	600.0	-0	1501	101.5	0	0	0.7	111115
84	"12:57:41"	145.5	-1.73	3.01	471	32.5	2.16	6	1	2.84	34.31	34.18	34.19	498.95	484.91	0.420	31.893	0.78	59.53	600.0	-0	1502	101.5	0	0	0.7	111115
85	"12:57:42"	147.0	-1.72	2.99	471	32.5	2.17	6	1	2.84	34.32	34.19	34.20	498.90	484.88	0.421	31.858	0.79	59.44	600.0	-0	1499	101.5	0	0	0.7	111115
86	"12:57:43"	148.5	-1.72	2.98	471	32.5	2.17	6	1	2.84	34.33	34.20	34.21	498.87	484.86	0.421	31.845	0.78	59.38	600.0	-0	1499	101.5	0	0	0.3	111115
87	"12:57:44"	149.0	-1.78	2.97	471	32.5	2.17	6	1	2.84	34.33	34.20	34.21	498.84	484.89	0.421	31.839	0.79	59.36	600.0	0	1497	101.5	0	0	0.3	111115
88	"12:57:45"	149.5	-1.84	2.97	471	32.4	2.17	6	1	2.84	34.34	34.20	34.22	498.79	484.89	0.421	31.833	0.78	59.34	600.0	0	1493	101.5	0	0	0.3	111115
89	"12:57:46"	151.0	-1.95	2.94	471	32.4	2.18	6	1	2.84	34.34	34.21	34.22	498.71	484.95	0.421	31.806	0.78	59.26	600.0	-0	1458	101.5	0	0	0.3	111115
90	"12:57:47"	152.0	-1.95	2.92	471	32.4	2.18	6	1	2.84	34.35	34.22	34.23	498.68	484.92	0.421	31.772	0.78	59.18	600.0	-0	1460	101.5	0	0	0.7	111115
91	"12:57:48"	153.0	-1.99	2.9	471	32.3	2.19	6	1	2.84	34.36	34.22	34.24	498.61	484.92	0.421	31.733	0.78	59.09	600.0	-0	1465	101.5	0	0	0.7	111115
92	"12:57:49"	154.0	-1.97	2.88	471	32.3	2.19	6	1	2.84	34.36	34.23	34.24	498.61	484.92	0.421	31.703	0.78	59.02	600.0	-0	1512	101.5	0	0	0.7	111115
93	"12:57:50"	155.0	-2.04	2.87	471	32.3	2.2	6	1	2.84	34.37	34.23	34.25	498.58	484.96	0.421	31.686	0.78	58.96	600.0	-0	1515	101.5	0	0	0.7	111115
94	"12:57:51"	156.0	-2.06	2.87	471	32.3	2.2	6	1	2.84	34.37	34.24	34.25	498.58	484.97	0.421	31.687	0.78	58.95	600.0	-0	1517	101.5	0	0	0.7	111115
95	"12:57:52"	157.0	-2.14	2.87	471	32.3	2.2	6	1	2.84	34.38	34.24	34.26	498.53	485.01	0.421	31.698	0.78	58.95	600.0	0	1518	101.5	0	0	0.7	111115
96	"12:57:53"	158.0	-2.13	2.87	471	32.3	2.2	6	1	2.84	34.39	34.25	34.26	498.53	484.99	0.421	31.712	0.78	58.96	600.0	0	1520	101.5	0	0	0.7	111115
97	"12:57:54"	159.0	-2.13	2.87	471	32.3	2.2	6	1	2.84	34.39	34.25	34.27	498.54	484.99	0.422	31.723	0.78	58.96	600.0	-0	1524	101.5	0	0	0.7	111115
98	"12:57:55"	160.0	-2.08	2.87	471	32.3	2.2	6	1	2.84	34.40	34.26	34.28	498.56	484.96	0.422	31.721	0.78	58.93	600.0	-0	1530	101.5	0	0	0.7	111115
99	"12:57:56"	161.0	-2.08	2.86	471	32.3	2.2	6	1	2.84	34.40	34.27	34.28	498.54	484.95	0.422	31.716	0.78	58.91	600.0	-0	1537	101.5	0	0	0.7	111115
100	"12:57:57"	162.0	-2.11	2.85	471	32.3	2.21	6	1	2.84	34.41	34.27	34.29	498.50	484.95	0.421	31.699	0.78	58.85	600.0	-0	1545	101.5	0	0	0.7	111115
101	"12:57:58"	163.0	-2.17	2.83	471	32.3	2.21	6	1	2.84	34.41	34.28	34.29	498.45	484.97	0.421	31.678	0.78	58.80	600.0	0	1552	101.5	0	0	0.7	111115
102	"12:57:59"	164.0	-2.19	2.82	471	32.3	2.22	6	1	2.84	34.42	34.29	34.30	498.42	484.96	0.421	31.658	0.78	58.74	600.0	0	1557	101.5	0	0	0.7	111115
103	"12:58:00"	165.0	-2.23	2.8	471	32.2	2.22	6	1	2.84	34.43	34.29	34.30	498.39	484.98	0.421	31.641	0.78	58.69	600.0	-0	1549	101.5	0	0	0.7	111115
104	"12:58:01"	166.0	-2.19	2.79	471	32.2	2.22	6	1	2.84	34.43	34.30	34.31	498.38	484.94	0.421	31.624	0.78	58.64	600.0	-0	1507	101.5	0	0	0.7	111115
105	"12:58:03"	167.0	-2.09	2.78	471	32.2	2.23	6	1	2.84	34.44	34.31	34.32	498.40	484.88	0.421	31.609	0.78	58.59	600.0	-0	1448	101.5	0	0	0.7	111115
106	"12:58:04"	168.0	-2.18	2.77	471	32.2	2.23	6	1	2.84	34.44	34.31	34.32	498.34	484.91	0.421	31.596	0.78	58.55	600.0	-0	1297	101.5	0	0	1.0	111115
107	"12:58:05"	169.0	-2.21	2.76	471	32.2	2.23	6	1	2.84	34.45	34.32	34.33	498.33	484.94	0.421	31.581	0.78	58.50	600.0	-0	1049	101.5	0	0	1.0	111115
108	"12:58:06"	170.0	-2.29	2.75	471	32.2	2.24	6	1	2.84	34.46	34.32	34.33	498.31	485.01	0.420	31.563	0.78	58.45	600.0	-0	809	101.5	0	0	1.0	111115
109	"12:58:07"	171.0	-2.47	2.74	471	32.1	2.24	6	1	2.84	34.46	34.33	34.34	498.20	485.08	0.419	31.542	0.78	58.39	600.0	-0	562	101.5	0	0	1.0	111115
110	"12:58:08"	172.5	-2.41	2.71	471	32.1	2.25	6	1	2.84	34.47	34.34	34.35	498.19	485.03	0.419	31.493	0.77	58.28	600.0	-0	393	101.5	0	0	1.0	111115
111	"12:58:09"	173.5	-2.39	2.69	471	32	2.25	6	1	2.84	34.47	34.34	34.35	498.16	485.02	0.418	31.446	0.77	58.17	600.0	-0	401	101.5	0	0	1.0	111115
112	"12:58:10"	174.5	-2.26	2.66	471	32	2.26	6	1	2.84	34.48	34.35	34.36	498.24	485.00	0.416	31.394	0.77	58.06	600.0	-0	550	101.5	0	0	1.0	111115
113	"12:58:11"	175.5	-2	2.63	470	31.9	2.27	6	1	2.84	34.49	34.36	34.37	498.40	484.93	0.415	31.336	0.77	57.93	600.0	-0	700	101.5	0	0	1.0	111115
114	"12:58:12"	176.5	-1.48	2.6	470	31.9	2.28	6	1	2.84	34.49	34.36	34.37	498.75	484.79	0.413	31.271	0.76	57.79	600.0	0	799	101.5	0	0	1.0	111115
115	"12:58:13"	177.5	-0.845	2.58	469	31.8	2.29	6	1	2.84	34.50	34.37	34.38	499.22	484.66	0.412	31.209	0.76	57.66	600.0	-0	993	101.5	0	0	0.7	111115
116	"12:58:14"	178.5	-0.0393	2.55	468	31.7	2.29	6	1	2.84	34.50	34.37	34.38	499.80	484.47	0.410	31.143	0.76	57.52	600.0	-0	1080	101.5	0	0	0.7	111115
117	"12:58:15"	180.0	1.27	2.51	466	31.6	2.31	6	1	2.84	34.51	34.38	34.39	500.78	484.20	0.408	31.045	0.75	57.31	600.0	-0	1139	101.5	0	0	0.7	111115
118	"12:58:17"	181.0	2.22	2.48	465	31.6	2.32	6	1	2.84	34.52	34.39	34.40	501.40	483.91	0.407	30.981	0.75	57.18	600.0	-0	988	101.5	0	0	0.7	111115
119	"12:58:18"	182.5	3.72	2.44	462	31.5	2.33	6	1	2.84	34.52	34.40	34.41	502.30	483.37	0.406	30.894	0.75	56.99	600.0	-0	597	101.5	0	0	0.3	111115
120	"12:58:19"	183.5	4.68	2.42	461	31.4	2.33	6	1	2.84	34.53	34.40	34.41	502.84	483.00	0.406	30.840	0.75	56.87	600.0	-0	381	101.5	0	0	0.3	111115
121	"12:58:20"	185.0	6.13	2.39	458	31.3	2.35	6	1	2.84	34.54	34.41	34.42	503.61	482.37	0.405	30.755	0.75	56.69	600.0	-0	297	101.5	0	0	0.3	111115
122	"12:58:22"	186.0	6.69	2.36	457	31.2	2.35	6	1	2.84	34.55	34.42	34.43	503.88	482.13	0.405	30.696	0.75	56.56	600.0	-0	352	101.5	0	0	0.3	111115
123	"12:58:23"	187.5	7.67	2.32	456	31.1	2.37	6	1	2.84	34.56	34.43	34.44	504.25	481.59	0.405	30.591	0.75	56.34	600.0	-0	546	101.5	0	0	0.3	111115
124	"12:58:24"	188.5	8.35	2.29	454	31.1	2.38	6	1	2.84	34.56	34.44	34.45	504.51	481.21	0.405	30.516	0.75	56.18	600.0	-0	724	101.5	0	0	0.3	111115
125	"12:58:25"	189.5	9.12	2.27	453	31	2.39	6	1	2.84	34.57	34.45	34.46	504.83	480.81	0.405	30.445	0.75	56.03	600.0	0	759	101.5	0	0	0.3	111115
126	"12:58:26"	191.0	9.79	2.23	452	30.9	2.4	6	1	2.84	34.58	34.46	34.47	505.13	480.51	0.406	30.341	0.75	55.81	600.0	0	616	101.5	0	0	0.3	111115
127	"12:58:28"	192.0	10.3	2.21	451	30.8	2.41	6	1	2.84	34.58	34.46	34.47	505.44	480.30	0.406	30.272	0.75	55.66	600.0	0	464	101.5	0	0	0.3	111115
128	"12:58:29"	193.5	-9.54	2.48	486	31.7	2.33	6	1	2.84	34.59	34.46	34.48	498.70	492.62	0.386	31.098	0.71	57.16	599.8	0	380	101.5	0	0	0.3	111115
129	"12:58:30"	194.5	-42.7	2.51	540	31.8	2.32	6	1	2.84	34.60	34.46	34.49	484.36	510.86	0.372	31.174	0.68	57.28	599.4	0	459	101.5	0	0	0.3	111115
130	"12:58:31"	196.0	-17	2.39	485	31.4	2.35	6	1	2.84	34.60	34.45	34.50	481.28	483.09	0.388	30.838	0.71	56.64	599.3	-0	806	101.5	0	0	0.3	111115
131	"12:58:32"	197.0	1.52	2.28	448	31	2.38	6	1	2.84	34.61	34.44	34.50	482.15	466.16	0.420	30.504	0.77	56.01	599.2	-0	1108	101.5	0	0	0.3	111115
132	"12:58:34"	198.0	61.7	1.91	332	29.5	2.52	6	1	2.84	34.61	34.44	34.51	502.92	428.52	0.467	29.158	0.86	53.52	599.5	-0	1343	101.5	0	0	0.3	111115
133	"12:58:35"	199.5	82.4	1.88	289	29.4	2.53	6	1	2.84	34.62	34.44	34.52	507.63	413.04	0.470	29.037	0.86	53.28	599.6	-0	1467	101.5	0	0	0.3	111115
134	"12:58:36"	200.5	66.8	1.93	328	29.6	2.51	6	1	2.84	34.62	34.44	34.52	509.83	430.22	0.447	29.243	0.82	53.64	599.7	-0	1412	101.5	0	0	0.3	111115
135	"12:58:37"	202.0	64.2	1.95	335	29.7	2.5	6	1	2.84	34.63	34.44	34.53	510.65	433.48	0.436	29.298	0.80	53.72	599.7	-0	1362	101.5	0	0	0.3	111115
136	"12:58:38"	203.0	105	1.93	244	29.7	2.51	6	1	2.84	34.64	34.44	34.54	509.88	393.63	0.430	29.248	0.79	53.62	599.7	-0	1398	101.5	0	0	0.3	111115
137	"12:58:39"	204.0	83.9	1.91	290	29.5	2.52	6	1	2.84	34.64	34.44	34.54	510.50	414.34	0.439	29.139	0.80	53.41	599.6	-0	1434	101.5	0	0	0.3	111115
138	"12:58:40"	205.0	129	1.79	182	29	2.57	6	1	2.84	34.64	34.44	34.55	509.28	369.88	0.488	28.646	0.89	52.49	599.5	-0	1466	101.5	0	0	0.3	111115
139	"12:58:42"	206.0	146	1.81	143	29.1	2.56	6	1	2.84	34.65	34.44	34.55	508.53	352.05	0.469	28.749	0.86	52.66	599.5	-0	1454	101.5	0	0	0.0	111115
140	"12:58:43"	207.5	160	1.91	121	29.6	2.52	6	1	2.84	34.66	34.45	34.56	510.84	340.96	0.425	29.180	0.78	53.38	599.4	-0	1302	101.4	0	0	0.0	111115
141	"12:58:44"	208.5	129	1.84	190	29.3	2.55	6	1	2.84	34.66	34.45	34.57	515.25	375.38	0.460	28.963	0.84	52.87	599.4	-0	1230	101.2	0	0	0.0	111115
142	"12:58:45"	210.0	57.5	1.68	344	28.7	2.62	6	1	2.84	34.67	34.45	34.57	513.24	442.97	0.531	28.411	0.96	51.55	599.3	-0	1188	100.6	0	0	0.0	111115
143	"12:58:46"	211.0	-29	1.44	556	27.3	2.74	6	1	2.84	34.67	34.45	34.58	519.25	533.68	0.698	27.323	1.26	49.30	599.3	-0	1330	100.1	0	0	0.0	111115
144	"12:58:47"	212.0	-69.9	1.15	691	25.1	2.94	6	1	2.84	34.67	34.45	34.58	535.18	590.31	1.033	25.516	1.85	45.81	599.3	-0	1436	99.58	0	0	0.0	111115
145	"12:58:49"	213.0	-137	1.51	820	28	2.71	6	1	2.84	34.68	34.45	34.59	520.80	640.14	0.573	27.829	1.03	49.89	600.0	-0	1523	99.46	0	0	0.0	111115
146	"12:58:50"	214.5	-249	2.05	1.03E+03	31.1	2.47	6	1	2.84	34.68	34.46	34.59	522.70	748.04	0.315	30.454	0.56	54.24	599.8	-0	1564	98.84	0	0	0.0	111115
147	"12:58:51"	215.5	-373	1.57	1.39E+03	28.8	2.69	6	1	2.84	34.69	34.46	34.60	525.97	874.07	0.282	28.300	0.50	50.23	600.0	-0	1556	98.53	0	0	0.3	111115
148	"12:58:53"	217.0	-506	1.72	1.67E+03	30.1	2.61	6	1	2.84	34.69	34.45	34.61	534.12	1010.46	0.288	29.499	0.50	51.68	599.1	-0	1547	97.29	0	0	0.3	111115
149	"12:58:54"	218.0	-483	1.97	1.56E+03	31.7	2.51	6	1	2.84	34.70	34.45	34.61	533.61	985.70	-0.021	30.705	-0.04	53.37	599.4	-0	1545	96.54	0	0	0.3	111115
150	"12:58:55"	219.5	-551	2.29	1.67E+03	33.1	2.38	6	1	2.84	34.70	34.45	34.62	556.99	1073.35	0.437	32.480	0.75	55.82	599.3	-0	1543	95.49	0	0	0.3	111115
151	"12:58:56"	220.5	-529	2.46	1.62E+03	34	2.33	6	1	2.84	34.70	34.45	34.62	580.13	1072.61	0.351	33.204	0.60	56.62	599.8	-0	1542	94.75	0	0	0.3	111115
152	"12:58:57"	221.5	-628	1.48	2.06E+03	29.6	2.73	6	1	2.84	34.71	34.45	34.63	560.97	1156.27	0.389	29.165	0.66	49.42	598.5	0	1542	94.18	0	0	0.3	111115
153	"12:58:58"	223.0	-665	1.83	2.03E+03	32	2.57	6	1	2.84	34.71	34.45	34.63	575.22	1201.50	0.023	30.971	0.04	52.30	600.3	0	1541	93.9	0	0	0.7	111115
154	"12:59:00"	224.0	-809	1.59	2.45E+03	30.6	2.68	6	1	2.84	34.72	34.45	34.64	562.49	1333.55	0.193	29.977	0.32	50.33	598.1	0	1540	93.36	0	0	0.7	111135
155	"12:59:01"	225.5	-511	1.21	1.91E+03	27.7	2.91	6	1	2.84	34.72	34.46	34.65	581.92	1062.89	0.665	27.559	1.11	46.17	600.6	-0	1538	93.19	0	0	0.7	111115
156	"12:59:02"	226.5	-472	0.926	2.01E+03	24.7	3.14	6	1	2.84	34.73	34.46	34.65	599.22	1046.49	1.129	25.327	1.88	42.10	598.0	-0	1537	92.48	0	0	0.3	111115
157	"12:59:03"	227.5	-356	0.823	1.71E+03	23.5	3.26	6	1	2.84	34.73	34.46	34.66	586.41	920.96	1.044	23.943	1.74	39.85	600.0	-0	1536	92.62	0	0	0.3	111115
158	"12:59:04"	228.5	-349	0.867	1.68E+03	24.2	3.21	6	1	2.84	34.73	34.46	34.66	610.90	937.30	1.071	24.680	1.77	40.79	599.9	-0	1535	91.97	0	0	0.3	111115
"OPEN 5.3.2"
"Thr Aug  2 2018 13:02:28"
"Unit="	"PSC-895"
"ComputeList="	"/User/Configs/Comps/Default"
"BLCTable="	"/Sys/Lib/StdBLCTable"
"LightSource="	"Sun+Sky"	1	0.19
"LogFormat="	"/User/Configs/LogFormats/Std Output"
"LogCodes="	-35	-21	-36	30	23	36	21	25	-33	-34	-32	-9	-10	-8	-1	-2	-4	-5	-14	-15	-7	-12	-13	-11	-65	-66	-72	-23
"PromptList="	"/User/Configs/Prompts/Default (none)"
"Stability= (CO2S 15s SLP<1)(H2OS 15s SLP<1)(Flow 15s SLP<1)"
"13:02:38 re-matched"
$STARTOFDATA$
"Obs"	"HHMMSS"	"FTime"	"Photo"	"Cond"	"Ci"	"Trmmol"	"VpdL"	"Area"	"StmRat"	"BLCond"	"Tair"	"Tleaf"	"TBlk"	"CO2R"	"CO2S"	"H2OR"	"H2OS"	"RH_R"	"RH_S"	"Flow"	"PARi"	"PARo"	"Press"	"CsMch"	"HsMch"	"StableF"	"Status"
1	"13:08:32"	386.0	-6.22	1.11	482	25.7	3.14	6	1	2.84	35.74	35.23	35.69	500.41	493.94	0.437	25.477	0.75	43.93	599.9	-0	1364	101.4	8.07	-0.0343	0.3	111115
2	"13:08:43"	397.5	-6.31	1.11	482	25.8	3.14	6	1	2.84	35.75	35.25	35.71	500.43	494.02	0.434	25.531	0.75	43.99	600.1	-0	344	101.4	8.07	-0.0343	0.0	111115
3	"13:08:44"	398.5	-6.19	1.11	482	25.7	3.14	6	1	2.84	35.75	35.25	35.71	500.51	493.98	0.434	25.511	0.75	43.96	600.1	-0	368	101.4	8.07	-0.0343	0.0	111115
4	"13:08:45"	400.0	-6.14	1.1	482	25.7	3.14	6	1	2.84	35.75	35.25	35.71	500.57	494.01	0.435	25.472	0.75	43.89	600.1	-0	406	101.4	8.07	-0.0343	0.0	111115
5	"13:08:46"	401.0	-6.15	1.1	482	25.7	3.15	6	1	2.84	35.75	35.26	35.71	500.57	494.04	0.434	25.432	0.75	43.82	600.1	-0	474	101.4	8.07	-0.0343	0.0	111115
6	"13:08:48"	402.0	-6.04	1.09	481	25.6	3.15	6	1	2.84	35.76	35.26	35.71	500.64	494.04	0.435	25.376	0.75	43.72	600.1	-0	518	101.4	8.07	-0.0343	0.0	111115
7	"13:08:49"	403.5	-6.02	1.08	481	25.5	3.16	6	1	2.84	35.76	35.26	35.71	500.61	494.04	0.434	25.285	0.75	43.56	600.0	-0	558	101.4	8.07	-0.0343	0.7	111115
8	"13:08:50"	404.5	-5.99	1.08	481	25.4	3.17	6	1	2.84	35.76	35.26	35.72	500.59	494.02	0.434	25.222	0.75	43.44	599.9	-0	545	101.4	8.07	-0.0343	0.7	111115
9	"13:08:51"	406.0	-6.11	1.07	482	25.3	3.18	6	1	2.84	35.76	35.26	35.72	500.42	494.01	0.434	25.130	0.75	43.28	599.9	-0	508	101.4	8.07	-0.0343	0.3	111115
10	"13:08:52"	407.0	-6.23	1.06	482	25.3	3.19	6	1	2.84	35.76	35.26	35.72	500.27	494.02	0.434	25.067	0.75	43.18	599.9	-0	510	101.5	8.07	-0.0343	0.3	111115
11	"13:08:54"	408.5	-6.46	1.05	482	25.2	3.2	6	1	2.84	35.76	35.26	35.72	500.08	494.11	0.433	24.970	0.75	43.00	600.0	-0	491	101.5	8.07	-0.0343	0.3	111115
12	"13:08:55"	409.5	-6.48	1.04	483	25.1	3.2	6	1	2.84	35.76	35.26	35.72	500.07	494.15	0.433	24.905	0.75	42.89	600.0	-0	464	101.5	8.07	-0.0343	0.7	111115
13	"13:08:56"	411.0	-6.44	1.03	482	25	3.22	6	1	2.84	35.76	35.27	35.72	500.14	494.22	0.433	24.814	0.75	42.73	600.0	-0	400	101.5	8.07	-0.0343	0.7	111115
14	"13:08:57"	412.0	-6.24	1.03	482	24.9	3.22	6	1	2.84	35.76	35.27	35.72	500.29	494.20	0.433	24.757	0.75	42.63	600.0	-0	363	101.5	8.07	-0.0343	0.7	111115
15	"13:08:59"	413.5	-5.98	1.02	481	24.8	3.23	6	1	2.84	35.77	35.28	35.73	500.42	494.12	0.433	24.666	0.75	42.47	600.0	-0	347	101.5	8.07	-0.0343	0.7	111115
16	"13:09:00"	414.5	-6.04	1.01	482	24.8	3.24	6	1	2.84	35.77	35.28	35.73	500.38	494.18	0.433	24.600	0.74	42.35	600.0	-0	342	101.5	8.07	-0.0343	0.7	111115
17	"13:09:01"	416.0	-6	1	482	24.7	3.25	6	1	2.84	35.77	35.28	35.73	500.37	494.18	0.432	24.510	0.74	42.19	599.9	-0	338	101.5	8.07	-0.0343	0.7	111115
18	"13:09:03"	417.0	-6	0.994	482	24.6	3.25	6	1	2.84	35.77	35.28	35.73	500.37	494.21	0.432	24.451	0.74	42.09	599.9	-0	337	101.5	8.07	-0.0343	0.7	111115
19	"13:09:04"	418.5	-6	0.986	482	24.5	3.26	6	1	2.84	35.77	35.28	35.73	500.33	494.21	0.433	24.371	0.74	41.95	599.9	-0	338	101.4	8.07	-0.0343	0.7	111115
20	"13:09:05"	419.5	-6.14	0.98	482	24.5	3.27	6	1	2.84	35.77	35.28	35.73	500.26	494.30	0.433	24.317	0.74	41.85	600.0	-0	343	101.4	8.07	-0.0343	0.7	111115
21	"13:09:06"	421.0	-6.24	0.972	482	24.4	3.28	6	1	2.84	35.77	35.28	35.73	500.19	494.37	0.432	24.231	0.74	41.70	600.0	-0	346	101.4	8.07	-0.0343	0.7	111115
22	"13:09:07"	422.0	-6.21	0.966	482	24.3	3.29	6	1	2.84	35.78	35.29	35.74	500.24	494.42	0.431	24.175	0.74	41.60	600.0	-0	345	101.4	8.07	-0.0343	0.3	111115
23	"13:09:09"	423.5	-6.08	0.958	482	24.2	3.3	6	1	2.84	35.78	35.29	35.74	500.34	494.43	0.431	24.092	0.74	41.45	600.0	-0	352	101.4	8.07	-0.0343	0.3	111115
24	"13:09:10"	424.5	-6.1	0.953	482	24.2	3.3	6	1	2.84	35.78	35.29	35.74	500.37	494.50	0.430	24.040	0.74	41.36	600.0	-0	351	101.4	8.07	-0.0343	0.3	111115
25	"13:09:11"	426.0	-6.1	0.945	482	24.1	3.31	6	1	2.84	35.78	35.30	35.74	500.34	494.51	0.431	23.965	0.74	41.23	600.1	-0	342	101.4	8.07	-0.0343	0.3	111115
26	"13:09:13"	427.0	-6.17	0.94	482	24.1	3.32	6	1	2.84	35.78	35.30	35.74	500.28	494.55	0.431	23.908	0.74	41.13	600.1	-0	323	101.4	8.07	-0.0343	0.3	111115
27	"13:09:14"	428.5	-6.19	0.934	482	24	3.32	6	1	2.84	35.78	35.29	35.74	500.20	494.53	0.431	23.830	0.74	40.99	600.1	-0	297	101.4	8.07	-0.0343	0.3	111115
28	"13:09:15"	429.5	-6.13	0.929	482	23.9	3.33	6	1	2.84	35.78	35.29	35.74	500.22	494.52	0.431	23.777	0.74	40.90	600.0	-0	286	101.4	8.07	-0.0343	0.3	111115
29	"13:09:16"	431.0	-6	0.922	482	23.8	3.33	6	1	2.84	35.79	35.29	35.75	500.26	494.47	0.432	23.709	0.74	40.77	599.8	-0	277	101.4	8.07	-0.0343	0.3	111115
30	"13:09:17"	432.0	-5.99	0.917	482	23.8	3.34	6	1	2.84	35.79	35.30	35.75	500.25	494.48	0.432	23.663	0.74	40.69	599.8	-0	271	101.4	8.07	-0.0343	0.3	111115
31	"13:09:19"	433.5	-5.87	0.909	482	23.7	3.35	6	1	2.84	35.79	35.31	35.75	500.31	494.45	0.433	23.593	0.74	40.57	600.0	-0	266	101.4	8.07	-0.0343	0.3	111115
32	"13:09:20"	434.5	-5.83	0.905	482	23.7	3.36	6	1	2.84	35.79	35.32	35.75	500.35	494.48	0.433	23.548	0.74	40.49	600.1	-0	263	101.4	8.07	-0.0343	0.7	111115
33	"13:09:21"	436.0	-5.77	0.898	482	23.6	3.37	6	1	2.84	35.79	35.32	35.75	500.43	494.53	0.432	23.475	0.74	40.35	600.1	-0	260	101.4	8.07	-0.0343	0.7	111115
34	"13:09:23"	437.0	-5.83	0.895	482	23.6	3.37	6	1	2.84	35.80	35.32	35.75	500.40	494.59	0.432	23.430	0.74	40.27	600.0	-0	258	101.4	8.07	-0.0343	0.7	111115
35	"13:09:24"	438.5	-5.77	0.889	482	23.5	3.38	6	1	2.84	35.80	35.32	35.76	500.39	494.56	0.431	23.364	0.74	40.15	600.0	-0	256	101.4	8.07	-0.0343	0.7	111115
36	"13:09:25"	439.5	-5.69	0.885	481	23.4	3.38	6	1	2.84	35.80	35.32	35.76	500.45	494.55	0.432	23.320	0.74	40.07	600.0	-0	254	101.4	8.07	-0.0343	0.7	111115
37	"13:09:26"	441.0	-5.61	0.879	481	23.4	3.39	6	1	2.84	35.80	35.32	35.76	500.50	494.56	0.432	23.256	0.74	39.96	600.0	-0	251	101.4	8.07	-0.0343	0.7	111115
38	"13:09:27"	442.0	-5.64	0.876	481	23.3	3.39	6	1	2.84	35.80	35.32	35.76	500.51	494.61	0.433	23.214	0.74	39.88	600.0	-0	250	101.4	8.07	-0.0343	0.7	111115
39	"13:09:29"	443.5	-5.97	0.871	482	23.3	3.4	6	1	2.84	35.81	35.32	35.76	500.28	494.74	0.431	23.155	0.74	39.78	600.0	-0	250	101.4	8.07	-0.0343	0.7	111115
40	"13:09:30"	444.5	-5.95	0.868	482	23.2	3.4	6	1	2.84	35.81	35.32	35.76	500.26	494.72	0.432	23.117	0.74	39.71	600.0	-0	251	101.4	8.07	-0.0343	0.7	111115
41	"13:09:31"	446.0	-5.85	0.863	482	23.2	3.41	6	1	2.84	35.81	35.32	35.77	500.31	494.70	0.431	23.059	0.74	39.61	600.0	-0	253	101.4	8.07	-0.0343	0.7	111115
42	"13:09:33"	447.0	-5.83	0.86	482	23.1	3.41	6	1	2.84	35.81	35.31	35.77	500.31	494.70	0.431	23.020	0.74	39.54	600.0	-0	254	101.4	8.07	-0.0343	0.7	111115
43	"13:09:34"	448.5	-5.8	0.855	482	23.1	3.42	6	1	2.84	35.81	35.31	35.77	500.33	494.72	0.431	22.963	0.74	39.44	600.0	-0	258	101.5	8.07	-0.0343	0.7	111115
44	"13:09:35"	449.5	-5.81	0.852	482	23	3.42	6	1	2.84	35.81	35.31	35.77	500.31	494.72	0.432	22.929	0.74	39.38	600.0	-0	262	101.5	8.07	-0.0343	0.3	111115
45	"13:09:36"	451.0	-5.89	0.848	482	23	3.43	6	1	2.84	35.81	35.31	35.77	500.29	494.82	0.432	22.874	0.74	39.29	600.0	-0	273	101.5	8.07	-0.0343	0.3	111115
46	"13:09:37"	452.0	-5.86	0.845	482	22.9	3.43	6	1	2.84	35.81	35.31	35.77	500.29	494.80	0.431	22.840	0.74	39.23	599.9	-0	287	101.4	8.07	-0.0343	0.3	111115
47	"13:09:39"	453.5	-5.82	0.841	482	22.9	3.43	6	1	2.84	35.81	35.31	35.77	500.28	494.78	0.431	22.789	0.74	39.14	599.9	-0	312	101.4	8.07	-0.0343	0.7	111115
48	"13:09:40"	454.5	-5.78	0.839	482	22.8	3.44	6	1	2.84	35.81	35.31	35.77	500.28	494.75	0.431	22.756	0.74	39.08	599.9	-0	334	101.4	8.07	-0.0343	0.7	111115
49	"13:09:41"	456.0	-5.99	0.835	482	22.8	3.44	6	1	2.84	35.81	35.30	35.77	500.11	494.82	0.431	22.710	0.74	39.00	599.9	-0	443	101.4	8.07	-0.0343	0.7	111115
50	"13:09:43"	457.0	-6.04	0.833	483	22.8	3.44	6	1	2.84	35.81	35.30	35.77	500.07	494.85	0.431	22.682	0.74	38.96	599.9	-0	597	101.4	8.07	-0.0343	0.7	111115
51	"13:09:44"	458.5	-6.08	0.831	483	22.7	3.45	6	1	2.84	35.81	35.30	35.77	499.99	494.82	0.430	22.646	0.74	38.89	600.0	-0	867	101.4	8.07	-0.0343	0.7	111115
52	"13:09:45"	459.5	-5.85	0.829	482	22.7	3.45	6	1	2.84	35.81	35.30	35.77	500.12	494.73	0.431	22.630	0.74	38.86	599.9	-0	935	101.4	8.07	-0.0343	0.7	111115
53	"13:09:46"	461.0	-5.7	0.828	482	22.7	3.45	6	1	2.84	35.81	35.30	35.77	500.26	494.74	0.430	22.613	0.74	38.84	599.9	-0	916	101.4	8.07	-0.0343	0.7	111115
54	"13:09:48"	462.0	-5.49	0.828	481	22.7	3.45	6	1	2.84	35.81	35.29	35.77	500.46	494.72	0.431	22.606	0.74	38.82	599.9	-0	829	101.4	8.07	-0.0343	0.7	111115
55	"13:09:49"	463.5	-5.58	0.828	482	22.7	3.45	6	1	2.84	35.81	35.29	35.77	500.41	494.77	0.430	22.606	0.74	38.82	600.0	-0	791	101.4	8.07	-0.0343	0.7	111115
56	"13:09:50"	464.5	-5.7	0.829	482	22.7	3.45	6	1	2.84	35.81	35.29	35.77	500.29	494.77	0.430	22.615	0.74	38.84	600.1	0	844	101.4	8.07	-0.0343	0.7	111115
57	"13:09:51"	465.0	-5.75	0.829	482	22.7	3.45	6	1	2.84	35.81	35.30	35.77	500.23	494.75	0.431	22.622	0.74	38.85	600.1	0	864	101.4	8.07	-0.0343	0.7	111115
58	"13:09:52"	467.0	-5.72	0.832	482	22.8	3.44	6	1	2.84	35.81	35.30	35.77	500.18	494.64	0.431	22.661	0.74	38.92	600.2	-0	890	101.4	8.07	-0.0343	0.7	111115
59	"13:09:53"	468.0	-5.72	0.834	482	22.8	3.44	6	1	2.84	35.81	35.30	35.77	500.19	494.64	0.432	22.694	0.74	38.97	600.1	-0	867	101.4	8.07	-0.0343	1.0	111115
60	"13:09:55"	469.5	-5.66	0.838	482	22.8	3.44	6	1	2.84	35.81	35.30	35.77	500.26	494.63	0.432	22.750	0.74	39.07	599.9	-0	969	101.4	8.07	-0.0343	1.0	111115
61	"13:09:56"	470.5	-5.77	0.842	482	22.9	3.43	6	1	2.84	35.81	35.30	35.77	500.23	494.68	0.431	22.797	0.74	39.15	599.8	-0	1143	101.4	8.07	-0.0343	1.0	111115
62	"13:09:57"	472.0	-5.74	0.848	482	23	3.42	6	1	2.84	35.81	35.30	35.77	500.25	494.63	0.431	22.863	0.74	39.26	599.8	-0	1418	101.4	8.07	-0.0343	1.0	111115
63	"13:09:58"	473.0	-5.81	0.852	482	23	3.42	6	1	2.84	35.81	35.30	35.77	500.18	494.61	0.430	22.910	0.74	39.34	599.9	-0	1483	101.4	8.07	-0.0343	1.0	111115
64	"13:10:00"	474.5	-5.72	0.859	481	23.1	3.41	6	1	2.84	35.81	35.30	35.77	500.19	494.48	0.430	22.993	0.74	39.48	600.0	-0	1457	101.4	8.07	-0.0343	1.0	111115
65	"13:10:01"	475.5	-5.72	0.865	481	23.2	3.4	6	1	2.84	35.81	35.30	35.77	500.22	494.49	0.430	23.060	0.74	39.60	600.1	-0	1396	101.4	8.07	-0.0343	0.7	111115
66	"13:10:02"	477.0	-5.67	0.874	481	23.3	3.39	6	1	2.84	35.81	35.30	35.77	500.33	494.49	0.430	23.168	0.74	39.78	600.1	-0	1174	101.4	8.07	-0.0343	0.7	111115
67	"13:10:04"	478.0	-5.7	0.881	481	23.4	3.38	6	1	2.84	35.81	35.30	35.77	500.40	494.55	0.430	23.246	0.74	39.91	600.1	-0	953	101.4	8.07	-0.0343	0.7	111115
68	"13:10:05"	479.5	-5.83	0.891	482	23.5	3.37	6	1	2.84	35.81	35.30	35.77	500.33	494.55	0.430	23.365	0.74	40.12	600.0	-0	662	101.4	8.07	-0.0343	0.7	111115
69	"13:10:06"	480.5	-5.8	0.898	482	23.6	3.36	6	1	2.84	35.82	35.30	35.77	500.35	494.50	0.430	23.442	0.74	40.25	599.9	-0	525	101.4	8.07	-0.0343	0.7	111115
70	"13:10:07"	482.0	-5.83	0.908	482	23.7	3.35	6	1	2.84	35.81	35.29	35.77	500.27	494.40	0.430	23.551	0.74	40.44	599.9	-0	477	101.4	8.07	-0.0343	0.3	111115
71	"13:10:09"	483.0	-5.93	0.913	482	23.7	3.35	6	1	2.84	35.81	35.29	35.76	500.17	494.36	0.430	23.611	0.74	40.54	599.8	-0	499	101.4	8.07	-0.0343	0.3	111115
72	"13:10:10"	484.5	-6.05	0.92	482	23.8	3.34	6	1	2.84	35.81	35.29	35.76	500.04	494.32	0.431	23.687	0.74	40.67	599.9	-0	631	101.4	8.07	-0.0343	0.3	111115
73	"13:10:11"	485.5	-6.1	0.924	482	23.9	3.33	6	1	2.84	35.81	35.29	35.76	500.05	494.35	0.432	23.723	0.74	40.74	599.9	-0	704	101.4	8.07	-0.0343	0.3	111115
74	"13:10:12"	487.0	-5.99	0.928	482	23.9	3.33	6	1	2.84	35.81	35.29	35.76	500.18	494.35	0.431	23.768	0.74	40.82	600.0	-0	699	101.4	8.07	-0.0343	0.3	111115
75	"13:10:14"	488.0	-5.85	0.93	481	23.9	3.32	6	1	2.84	35.81	35.28	35.76	500.27	494.30	0.431	23.787	0.74	40.85	600.0	-0	613	101.4	8.07	-0.0343	0.3	111115
76	"13:10:15"	489.5	-5.81	0.932	481	23.9	3.32	6	1	2.84	35.81	35.28	35.76	500.25	494.23	0.430	23.806	0.74	40.88	600.0	-0	505	101.4	8.07	-0.0343	0.3	111115
77	"13:10:16"	490.5	-5.78	0.933	481	23.9	3.32	6	1	2.84	35.81	35.28	35.76	500.24	494.19	0.431	23.812	0.74	40.90	600.0	-0	468	101.4	8.07	-0.0343	0.3	111115
78	"13:10:17"	492.0	-5.99	0.933	482	24	3.32	6	1	2.84	35.81	35.28	35.76	500.12	494.28	0.430	23.814	0.74	40.90	599.9	-0	448	101.4	8.07	-0.0343	0.3	111115
79	"13:10:19"	493.0	-6.11	0.932	482	23.9	3.32	6	1	2.84	35.81	35.28	35.76	500.03	494.30	0.431	23.806	0.74	40.89	599.9	-0	477	101.4	8.07	-0.0343	0.3	111115
80	"13:10:20"	494.5	-6.15	0.931	482	23.9	3.32	6	1	2.84	35.81	35.28	35.76	500.01	494.34	0.429	23.788	0.74	40.86	600.0	-0	597	101.4	8.07	-0.0343	0.3	111115
81	"13:10:21"	495.5	-6	0.93	482	23.9	3.32	6	1	2.84	35.81	35.28	35.75	500.10	494.28	0.429	23.770	0.74	40.83	600.1	-0	677	101.4	8.07	-0.0343	0.7	111115
82	"13:10:22"	497.0	-5.95	0.926	482	23.9	3.33	6	1	2.84	35.81	35.28	35.75	500.17	494.32	0.430	23.734	0.74	40.77	600.1	-0	880	101.4	8.07	-0.0343	0.7	111115
83	"13:10:24"	498.0	-5.88	0.924	482	23.8	3.33	6	1	2.84	35.80	35.28	35.75	500.21	494.30	0.430	23.709	0.74	40.73	600.1	-0	1043	101.4	8.07	-0.0343	1.0	111115
84	"13:10:25"	499.5	-5.73	0.921	481	23.8	3.33	6	1	2.84	35.80	35.28	35.75	500.25	494.21	0.431	23.675	0.74	40.68	600.0	-0	1306	101.4	8.07	-0.0343	1.0	111115
85	"13:10:26"	500.5	-5.72	0.92	481	23.8	3.33	6	1	2.84	35.80	35.27	35.75	500.23	494.19	0.431	23.662	0.74	40.66	600.0	-0	1406	101.4	8.07	-0.0343	1.0	111115
86	"13:10:27"	502.0	-5.76	0.92	481	23.8	3.33	6	1	2.84	35.80	35.27	35.75	500.16	494.17	0.432	23.659	0.74	40.65	600.0	-0	1402	101.4	8.07	-0.0343	1.0	111115
87	"13:10:29"	503.0	-6.08	0.92	482	23.8	3.33	6	1	2.84	35.80	35.27	35.75	499.94	494.27	0.432	23.665	0.74	40.66	600.0	-0	1357	101.4	8.07	-0.0343	1.0	111115
88	"13:10:30"	504.5	-6.16	0.923	482	23.8	3.33	6	1	2.84	35.80	35.28	35.75	499.93	494.31	0.431	23.698	0.74	40.72	600.0	-0	1224	101.4	8.07	-0.0343	1.0	111115
89	"13:10:31"	505.5	-6.21	0.925	482	23.9	3.33	6	1	2.84	35.80	35.28	35.75	499.90	494.32	0.431	23.725	0.74	40.77	600.0	-0	1055	101.4	8.07	-0.0343	1.0	111115
90	"13:10:32"	507.0	-5.84	0.93	481	23.9	3.32	6	1	2.84	35.80	35.28	35.75	500.20	494.22	0.431	23.776	0.74	40.85	600.0	-0	850	101.4	8.07	-0.0343	1.0	111115
91	"13:10:34"	508.0	-5.77	0.933	481	24	3.32	6	1	2.84	35.80	35.28	35.75	500.23	494.17	0.431	23.814	0.74	40.92	600.0	-0	745	101.4	8.07	-0.0343	1.0	111115
92	"13:10:35"	509.5	-5.77	0.938	481	24	3.32	6	1	2.84	35.80	35.28	35.75	500.21	494.11	0.431	23.868	0.74	41.01	600.0	-0	702	101.4	8.07	-0.0343	1.0	111115
93	"13:10:36"	510.5	-5.82	0.941	481	24.1	3.31	6	1	2.84	35.80	35.28	35.75	500.15	494.09	0.431	23.908	0.74	41.08	600.0	-0	737	101.4	8.07	-0.0343	1.0	111115
94	"13:10:37"	512.0	-6.02	0.946	482	24.1	3.31	6	1	2.84	35.80	35.28	35.75	500.01	494.13	0.431	23.957	0.74	41.16	600.0	-0	781	101.4	8.07	-0.0343	1.0	111115
95	"13:10:39"	513.0	-6.13	0.948	482	24.1	3.31	6	1	2.84	35.80	35.29	35.75	499.91	494.12	0.431	23.986	0.74	41.21	600.0	-0	899	101.4	8.07	-0.0343	1.0	111115
96	"13:10:40"	514.5	-6.39	0.951	482	24.2	3.3	6	1	2.84	35.80	35.29	35.76	499.76	494.21	0.430	24.022	0.74	41.27	600.0	-0	1083	101.4	8.07	-0.0343	0.7	111115
97	"13:10:41"	515.5	-6.24	0.953	482	24.2	3.3	6	1	2.84	35.80	35.29	35.76	499.89	494.17	0.430	24.041	0.74	41.30	599.9	-0	1228	101.4	8.07	-0.0343	0.7	111115
98	"13:10:42"	517.0	-6.01	0.956	482	24.2	3.3	6	1	2.84	35.81	35.29	35.76	500.10	494.14	0.431	24.077	0.74	41.36	599.9	-0	1382	101.4	8.07	-0.0343	0.7	111115
99	"13:10:44"	518.0	-5.96	0.958	481	24.3	3.3	6	1	2.84	35.81	35.29	35.76	500.15	494.12	0.431	24.103	0.74	41.40	599.9	-0	1420	101.4	8.07	-0.0343	0.7	111115
100	"13:10:45"	519.5	-5.95	0.962	481	24.3	3.29	6	1	2.84	35.81	35.30	35.76	500.18	494.12	0.432	24.150	0.74	41.48	599.9	-0	1428	101.4	8.07	-0.0343	0.7	111115
101	"13:10:46"	520.5	-5.98	0.965	481	24.3	3.29	6	1	2.84	35.81	35.30	35.76	500.13	494.08	0.431	24.186	0.74	41.54	599.9	-0	1421	101.4	8.07	-0.0343	0.7	111115
102	"13:10:47"	522.0	-5.9	0.97	481	24.4	3.28	6	1	2.84	35.81	35.30	35.76	500.16	494.01	0.431	24.242	0.74	41.63	599.9	-0	1413	101.4	8.07	-0.0343	0.7	111115
103	"13:10:49"	523.0	-5.88	0.974	481	24.4	3.28	6	1	2.84	35.81	35.30	35.76	500.21	494.02	0.431	24.285	0.74	41.70	599.9	-0	1410	101.4	8.07	-0.0343	0.7	111115
104	"13:10:50"	524.5	-5.8	0.982	481	24.5	3.27	6	1	2.84	35.81	35.30	35.76	500.33	494.01	0.432	24.358	0.74	41.82	600.1	-0	1406	101.4	8.07	-0.0343	0.7	111115
105	"13:10:51"	525.0	-5.82	0.985	481	24.6	3.27	6	1	2.84	35.81	35.30	35.76	500.29	493.98	0.432	24.384	0.74	41.87	600.1	-0	1406	101.4	8.07	-0.0343	0.7	111115
106	"13:10:52"	527.0	-5.9	0.995	481	24.7	3.26	6	1	2.84	35.82	35.30	35.76	500.17	493.89	0.432	24.495	0.74	42.05	600.1	-0	1402	101.4	8.07	-0.0343	0.7	111115
107	"13:10:53"	527.5	-6.06	0.998	481	24.7	3.26	6	1	2.84	35.82	35.30	35.76	500.06	493.92	0.432	24.519	0.74	42.10	600.1	-0	1402	101.4	8.07	-0.0343	0.7	111115
108	"13:10:55"	529.0	-6.01	1.01	481	24.8	3.25	6	1	2.84	35.82	35.30	35.76	500.11	493.88	0.433	24.600	0.74	42.23	600.0	-0	1401	101.4	8.07	-0.0343	0.7	111115
109	"13:10:56"	530.5	-5.9	1.01	481	24.9	3.24	6	1	2.84	35.82	35.29	35.76	500.25	493.87	0.432	24.679	0.74	42.37	599.9	-0	1399	101.4	8.07	-0.0343	0.3	111115
110	"13:10:57"	531.5	-5.72	1.02	481	24.9	3.23	6	1	2.84	35.82	35.29	35.76	500.38	493.79	0.433	24.738	0.74	42.47	599.9	-0	1397	101.4	8.07	-0.0343	0.3	111115
111	"13:10:58"	533.0	-5.93	1.03	481	25	3.22	6	1	2.84	35.82	35.29	35.76	500.24	493.83	0.433	24.817	0.74	42.60	599.9	-0	1392	101.4	8.07	-0.0343	0.3	111115
112	"13:11:00"	534.0	-6.08	1.03	481	25.1	3.22	6	1	2.84	35.82	35.30	35.76	500.12	493.83	0.433	24.866	0.74	42.69	599.9	-0	1388	101.4	8.07	-0.0343	0.3	111115
113	"13:11:01"	535.5	-6.26	1.04	482	25.1	3.21	6	1	2.84	35.82	35.30	35.76	499.97	493.82	0.433	24.942	0.74	42.82	600.0	-0	1387	101.4	8.07	-0.0343	0.3	111115
114	"13:11:02"	536.5	-6.28	1.05	482	25.2	3.21	6	1	2.84	35.82	35.30	35.76	499.95	493.79	0.433	24.991	0.74	42.90	600.0	-0	1386	101.4	8.07	-0.0343	0.3	111115
115	"13:11:03"	538.0	-6.24	1.05	482	25.3	3.2	6	1	2.84	35.82	35.30	35.76	499.97	493.73	0.433	25.066	0.74	43.03	600.0	-0	1384	101.4	8.07	-0.0343	0.3	111115
116	"13:11:05"	539.0	-6.31	1.06	482	25.3	3.2	6	1	2.84	35.82	35.30	35.76	499.92	493.73	0.433	25.111	0.74	43.11	600.0	-0	1382	101.4	8.07	-0.0343	0.3	111115
117	"13:11:06"	540.5	-6.4	1.06	482	25.4	3.19	6	1	2.84	35.82	35.30	35.76	499.88	493.75	0.433	25.180	0.74	43.23	599.9	-0	1379	101.4	8.07	-0.0343	0.7	111115
118	"13:11:07"	541.5	-6.21	1.07	481	25.4	3.19	6	1	2.84	35.82	35.31	35.76	499.97	493.63	0.434	25.220	0.74	43.29	599.9	-0	1377	101.4	8.07	-0.0343	0.7	111115
119	"13:11:08"	543.0	-6.12	1.07	481	25.5	3.18	6	1	2.84	35.82	35.31	35.76	500.04	493.57	0.435	25.284	0.75	43.40	600.0	-0	1375	101.4	8.07	-0.0343	0.3	111115
120	"13:11:10"	544.0	-6	1.08	481	25.5	3.18	6	1	2.84	35.82	35.31	35.76	500.11	493.51	0.435	25.324	0.75	43.47	600.0	-0	1374	101.4	8.07	-0.0343	0.3	111115
121	"13:11:11"	545.5	-6.11	1.08	481	25.6	3.17	6	1	2.84	35.82	35.32	35.76	500.11	493.59	0.434	25.379	0.75	43.56	600.1	-0	1374	101.4	8.07	-0.0343	0.3	111115
122	"13:11:12"	546.5	-6.12	1.09	481	25.6	3.17	6	1	2.84	35.82	35.32	35.76	500.12	493.59	0.434	25.413	0.74	43.62	600.0	-0	1374	101.4	8.07	-0.0343	0.3	111115
123	"13:11:13"	548.0	-6	1.09	481	25.7	3.17	6	1	2.84	35.82	35.32	35.76	500.17	493.50	0.434	25.462	0.75	43.70	600.0	-0	1375	101.4	8.07	-0.0343	0.3	111115
124	"13:11:15"	549.0	-5.91	1.1	481	25.7	3.16	6	1	2.84	35.82	35.32	35.76	500.19	493.41	0.435	25.496	0.75	43.75	600.0	-0	1376	101.4	8.07	-0.0343	0.3	111115
125	"13:11:16"	550.5	-6.01	1.1	481	25.8	3.16	6	1	2.84	35.83	35.32	35.77	500.06	493.36	0.435	25.539	0.75	43.82	600.0	-0	1378	101.4	8.07	-0.0343	0.3	111115
126	"13:11:17"	551.5	-6.04	1.1	481	25.8	3.16	6	1	2.84	35.83	35.32	35.77	500.05	493.37	0.435	25.563	0.75	43.86	600.0	-0	1380	101.4	8.07	-0.0343	0.3	111115
127	"13:11:18"	553.0	-6.09	1.11	481	25.8	3.15	6	1	2.84	35.83	35.32	35.77	500.06	493.41	0.435	25.600	0.75	43.92	600.0	-0	1383	101.4	8.07	-0.0343	0.3	111115
128	"13:11:20"	554.0	-6.15	1.11	481	25.8	3.15	6	1	2.84	35.83	35.33	35.77	500.11	493.49	0.434	25.624	0.75	43.96	599.9	-0	1386	101.4	8.07	-0.0343	0.3	111115
129	"13:11:21"	555.5	-6.13	1.11	481	25.9	3.15	6	1	2.84	35.83	35.33	35.77	500.16	493.51	0.434	25.659	0.74	44.01	599.9	-0	1390	101.4	8.07	-0.0343	0.3	111115
130	"13:11:22"	556.5	-6.09	1.12	481	25.9	3.15	6	1	2.84	35.83	35.33	35.78	500.17	493.47	0.434	25.682	0.74	44.05	599.9	-0	1393	101.4	8.07	-0.0343	0.3	111115
131	"13:11:23"	558.0	-6.09	1.12	481	26	3.14	6	1	2.84	35.84	35.33	35.78	500.16	493.44	0.435	25.719	0.75	44.11	600.0	-0	1398	101.4	8.07	-0.0343	0.7	111115
132	"13:11:25"	559.0	-6.11	1.12	481	26	3.14	6	1	2.84	35.84	35.34	35.78	500.13	493.43	0.435	25.741	0.75	44.14	600.0	-0	1401	101.4	8.07	-0.0343	0.7	111115
133	"13:11:26"	560.5	-6.01	1.12	481	26	3.14	6	1	2.84	35.84	35.34	35.78	500.16	493.34	0.436	25.772	0.75	44.19	600.1	-0	1405	101.4	8.07	-0.0343	0.7	111115
134	"13:11:27"	561.5	-6.07	1.13	481	26	3.14	6	1	2.84	35.84	35.35	35.78	500.14	493.37	0.436	25.794	0.75	44.23	600.2	-0	1408	101.4	8.07	-0.0343	0.7	111115
135	"13:11:28"	563.0	-6.18	1.13	481	26.1	3.14	6	1	2.84	35.84	35.35	35.78	500.03	493.35	0.437	25.831	0.75	44.29	600.1	-0	1411	101.4	8.07	-0.0343	0.7	111115
136	"13:11:30"	564.0	-6.42	1.13	481	26.1	3.14	6	1	2.84	35.84	35.36	35.78	499.89	493.44	0.437	25.853	0.75	44.32	600.0	-0	1413	101.4	8.07	-0.0343	0.7	111115
137	"13:11:31"	565.5	-6.46	1.13	482	26.1	3.14	6	1	2.84	35.85	35.36	35.79	499.81	493.39	0.436	25.889	0.75	44.38	599.9	-0	1415	101.4	8.07	-0.0343	0.7	111115
138	"13:11:32"	566.5	-6.45	1.13	481	26.1	3.14	6	1	2.84	35.85	35.37	35.79	499.83	493.38	0.437	25.908	0.75	44.40	599.9	-0	1415	101.4	8.07	-0.0343	0.7	111115
139	"13:11:33"	568.0	-6.19	1.14	481	26.2	3.13	6	1	2.84	35.85	35.37	35.79	499.97	493.25	0.437	25.937	0.75	44.45	599.9	-0	1416	101.4	8.07	-0.0343	0.7	111115
140	"13:11:35"	569.0	-6.17	1.14	481	26.2	3.13	6	1	2.84	35.85	35.37	35.79	500.03	493.27	0.437	25.954	0.75	44.47	599.9	-0	1417	101.4	8.07	-0.0343	0.7	111115
141	"13:11:36"	570.5	-6.11	1.14	481	26.2	3.13	6	1	2.84	35.86	35.38	35.80	500.07	493.24	0.437	25.981	0.75	44.51	599.9	-0	1418	101.4	8.07	-0.0343	0.7	111115
142	"13:11:37"	571.5	-6.05	1.14	481	26.2	3.13	6	1	2.84	35.86	35.38	35.80	500.13	493.23	0.437	25.998	0.75	44.53	599.9	-0	1419	101.4	8.07	-0.0343	0.7	111115
143	"13:11:38"	573.0	-6.03	1.15	481	26.3	3.13	6	1	2.84	35.86	35.38	35.80	500.18	493.25	0.438	26.029	0.75	44.58	599.9	-0	1420	101.4	8.07	-0.0343	0.7	111115
144	"13:11:40"	574.0	-6.1	1.15	481	26.3	3.13	6	1	2.84	35.86	35.39	35.80	500.21	493.34	0.438	26.048	0.75	44.60	599.9	-0	1422	101.4	8.07	-0.0343	0.7	111115
145	"13:11:41"	575.5	-6.13	1.15	481	26.3	3.13	6	1	2.84	35.87	35.39	35.81	500.22	493.36	0.438	26.079	0.75	44.65	599.9	-0	1423	101.4	8.07	-0.0343	0.7	111115
146	"13:11:42"	576.5	-6.16	1.15	481	26.3	3.12	6	1	2.84	35.87	35.39	35.81	500.20	493.36	0.438	26.095	0.75	44.67	600.0	-0	1424	101.4	8.07	-0.0343	0.7	111115
147	"13:11:43"	578.0	-6.25	1.15	481	26.4	3.12	6	1	2.84	35.87	35.39	35.81	500.08	493.33	0.438	26.116	0.75	44.70	600.0	-0	1426	101.4	8.07	-0.0343	0.7	111115
148	"13:11:45"	579.0	-6.4	1.16	481	26.4	3.12	6	1	2.84	35.88	35.40	35.82	499.95	493.33	0.438	26.134	0.75	44.72	600.0	-0	1427	101.4	8.07	-0.0343	0.7	111115
149	"13:11:46"	580.5	-6.55	1.16	482	26.4	3.12	6	1	2.84	35.88	35.40	35.82	499.78	493.29	0.439	26.159	0.75	44.76	599.9	-0	1425	101.4	8.07	-0.0343	0.7	111115
150	"13:11:47"	581.5	-6.4	1.16	481	26.4	3.12	6	1	2.84	35.88	35.40	35.82	499.84	493.21	0.440	26.177	0.75	44.78	599.9	-0	1425	101.4	8.07	-0.0343	0.7	111115
151	"13:11:48"	583.0	-6.07	1.16	480	26.5	3.12	6	1	2.84	35.88	35.41	35.82	500.06	493.09	0.440	26.206	0.75	44.82	599.9	-0	1427	101.4	8.07	-0.0343	0.7	111115
152	"13:11:50"	584.0	-5.97	1.16	480	26.5	3.12	6	1	2.84	35.89	35.41	35.83	500.19	493.10	0.439	26.221	0.75	44.84	599.9	-0	1431	101.4	8.07	-0.0343	0.7	111115
153	"13:11:51"	585.5	-5.89	1.17	480	26.5	3.12	6	1	2.84	35.89	35.42	35.83	500.29	493.11	0.440	26.248	0.75	44.88	600.0	-0	1432	101.4	8.07	-0.0343	0.7	111115
154	"13:11:52"	586.5	-5.89	1.17	480	26.5	3.12	6	1	2.84	35.89	35.42	35.83	500.28	493.09	0.440	26.262	0.75	44.90	600.0	-0	1424	101.4	8.07	-0.0343	0.7	111115
155	"13:11:53"	587.0	-5.97	1.17	480	26.5	3.12	6	1	2.84	35.89	35.42	35.83	500.23	493.12	0.441	26.271	0.75	44.91	600.1	-0	1413	101.4	8.07	-0.0343	0.7	111115
156	"13:11:54"	589.0	-5.91	1.17	480	26.6	3.11	6	1	2.84	35.90	35.42	35.84	500.31	493.11	0.440	26.302	0.75	44.95	600.1	-0	1410	101.4	8.07	-0.0343	0.7	111115
157	"13:11:56"	590.5	-5.99	1.17	480	26.6	3.11	6	1	2.84	35.90	35.43	35.84	500.27	493.15	0.440	26.321	0.75	44.97	600.1	-0	1426	101.4	8.07	-0.0343	0.7	111115
158	"13:11:57"	591.0	-6.05	1.17	480	26.6	3.11	6	1	2.84	35.90	35.43	35.84	500.22	493.16	0.440	26.328	0.75	44.98	600.0	-0	1439	101.4	8.07	-0.0343	0.7	111115
159	"13:11:58"	592.5	-6.21	1.17	481	26.6	3.11	6	1	2.84	35.91	35.44	35.85	500.02	493.10	0.441	26.350	0.75	45.01	600.0	-0	1449	101.4	8.07	-0.0343	1.0	111115
160	"13:11:59"	594.0	-6.31	1.17	481	26.6	3.11	6	1	2.84	35.91	35.45	35.85	499.95	493.12	0.442	26.365	0.75	45.03	600.0	-0	1436	101.4	8.07	-0.0343	1.0	111115
161	"13:12:01"	595.0	-6.21	1.18	481	26.6	3.11	6	1	2.84	35.91	35.45	35.85	500.00	493.08	0.442	26.375	0.75	45.04	600.0	-0	1388	101.4	8.07	-0.0343	1.0	111115
162	"13:12:02"	596.5	-6.06	1.18	480	26.7	3.11	6	1	2.84	35.92	35.45	35.86	500.10	493.02	0.443	26.391	0.76	45.05	600.0	-0	1167	101.4	8.07	-0.0343	1.0	111115
163	"13:12:03"	597.5	-6.07	1.18	480	26.7	3.12	6	1	2.84	35.92	35.46	35.86	500.12	493.05	0.443	26.398	0.76	45.06	600.0	-0	960	101.4	8.07	-0.0343	1.0	111115
164	"13:12:04"	599.0	-5.98	1.18	480	26.7	3.12	6	1	2.84	35.92	35.47	35.86	500.18	493.02	0.443	26.400	0.76	45.05	599.9	-0	634	101.4	8.07	-0.0343	1.0	111115
165	"13:12:06"	600.0	-5.9	1.17	480	26.6	3.12	6	1	2.84	35.93	35.47	35.87	500.24	493.01	0.444	26.388	0.76	45.03	600.0	-0	501	101.4	8.07	-0.0343	1.0	111115
166	"13:12:07"	600.5	-5.9	1.17	480	26.6	3.12	6	1	2.84	35.93	35.47	35.87	500.26	493.02	0.445	26.378	0.76	45.01	600.0	-0	461	101.4	8.07	-0.0343	1.0	111115
167	"13:12:08"	602.5	-5.87	1.16	480	26.6	3.13	6	1	2.84	35.93	35.48	35.87	500.23	493.00	0.445	26.322	0.76	44.90	599.9	-0	391	101.4	8.07	-0.0343	1.0	111115
168	"13:12:09"	603.5	-5.92	1.16	480	26.5	3.13	6	1	2.84	35.94	35.48	35.88	500.23	493.06	0.445	26.283	0.76	44.82	599.9	-0	390	101.4	8.07	-0.0343	1.0	111115
169	"13:12:10"	605.0	-5.91	1.15	480	26.5	3.14	6	1	2.84	35.94	35.49	35.88	500.21	493.07	0.445	26.214	0.76	44.69	600.0	-0	387	101.4	8.07	-0.0343	1.0	111115
170	"13:12:12"	606.0	-5.78	1.14	480	26.4	3.15	6	1	2.84	35.95	35.49	35.88	500.31	493.07	0.445	26.163	0.76	44.60	600.0	-0	385	101.4	8.07	-0.0343	1.0	111115
171	"13:12:13"	607.5	-5.79	1.13	480	26.3	3.16	6	1	2.84	35.95	35.50	35.89	500.28	493.09	0.444	26.083	0.76	44.45	600.0	-0	377	101.4	8.07	-0.0343	1.0	111115
172	"13:12:14"	608.5	-5.83	1.13	480	26.3	3.17	6	1	2.84	35.95	35.50	35.89	500.27	493.15	0.444	26.028	0.76	44.35	600.0	-0	374	101.4	8.07	-0.0343	1.0	111115
173	"13:12:15"	610.0	-5.73	1.12	480	26.2	3.18	6	1	2.84	35.96	35.51	35.90	500.30	493.13	0.445	25.939	0.76	44.19	599.9	-0	376	101.4	8.07	-0.0343	0.7	111115
174	"13:12:17"	611.0	-5.67	1.11	480	26.1	3.18	6	1	2.84	35.96	35.51	35.90	500.37	493.16	0.446	25.878	0.76	44.08	599.9	-0	381	101.4	8.07	-0.0343	0.7	111115
175	"13:12:18"	612.5	-5.71	1.1	480	26	3.2	6	1	2.84	35.97	35.52	35.90	500.35	493.23	0.446	25.779	0.76	43.90	599.9	-0	397	101.4	8.07	-0.0343	0.7	111115
176	"13:12:19"	613.5	-5.72	1.09	480	25.9	3.2	6	1	2.84	35.97	35.52	35.91	500.34	493.26	0.446	25.706	0.76	43.77	599.9	-0	418	101.4	8.07	-0.0343	0.7	111115
177	"13:12:20"	615.0	-5.75	1.07	480	25.8	3.22	6	1	2.84	35.97	35.52	35.91	500.24	493.26	0.446	25.592	0.76	43.56	599.9	-0	522	101.4	8.07	-0.0343	0.7	111115
178	"13:12:22"	616.0	-5.75	1.07	480	25.7	3.23	6	1	2.84	35.98	35.53	35.91	500.21	493.27	0.446	25.513	0.76	43.42	599.9	-0	628	101.4	8.07	-0.0343	0.7	111115
179	"13:12:23"	617.5	-5.67	1.05	480	25.6	3.24	6	1	2.84	35.98	35.54	35.92	500.22	493.26	0.446	25.397	0.76	43.21	600.0	-0	931	101.4	8.07	-0.0343	0.7	111115
180	"13:12:24"	618.5	-5.68	1.05	480	25.5	3.25	6	1	2.84	35.98	35.54	35.92	500.23	493.31	0.446	25.329	0.76	43.09	600.1	-0	1136	101.4	8.07	-0.0343	0.3	111115
181	"13:12:25"	620.0	-5.65	1.04	480	25.4	3.26	6	1	2.84	35.99	35.54	35.93	500.21	493.31	0.445	25.234	0.76	42.92	600.2	-0	1377	101.4	8.07	-0.0343	0.3	111115
182	"13:12:27"	621.0	-5.62	1.03	480	25.4	3.27	6	1	2.84	35.99	35.55	35.93	500.21	493.32	0.446	25.187	0.76	42.83	600.1	-0	1441	101.4	8.07	-0.0343	0.7	111115
183	"13:12:28"	622.5	-5.52	1.02	479	25.3	3.27	6	1	2.84	36.00	35.55	35.93	500.26	493.29	0.447	25.128	0.76	42.72	600.0	-0	1445	101.4	8.07	-0.0343	0.7	111115
184	"13:12:29"	623.5	-5.5	1.02	479	25.3	3.28	6	1	2.84	36.00	35.56	35.94	500.29	493.32	0.447	25.106	0.76	42.67	599.9	-0	1440	101.4	8.07	-0.0343	0.7	111115
185	"13:12:30"	625.0	-5.37	1.02	479	25.3	3.28	6	1	2.84	36.00	35.56	35.94	500.39	493.30	0.447	25.083	0.76	42.62	599.9	-0	1433	101.4	8.07	-0.0343	0.7	111115
186	"13:12:32"	626.0	-5.39	1.02	479	25.3	3.28	6	1	2.84	36.01	35.57	35.95	500.42	493.34	0.447	25.085	0.76	42.62	599.8	-0	1430	101.4	8.07	-0.0343	0.7	111115
187	"13:12:33"	627.5	-5.29	1.02	479	25.3	3.28	6	1	2.84	36.01	35.57	35.95	500.52	493.34	0.448	25.102	0.76	42.63	599.9	-0	1427	101.4	8.07	-0.0343	0.7	111115
188	"13:12:34"	628.0	-5.21	1.02	479	25.3	3.28	6	1	2.84	36.02	35.58	35.96	500.58	493.31	0.448	25.110	0.76	42.64	599.9	-0	1427	101.4	8.07	-0.0343	0.7	111115
189	"13:12:35"	630.0	-5.36	1.02	479	25.4	3.28	6	1	2.84	36.02	35.58	35.96	500.50	493.35	0.448	25.165	0.76	42.72	600.1	-0	1426	101.4	8.07	-0.0343	0.7	111115
190	"13:12:37"	631.0	-5.35	1.02	479	25.4	3.28	6	1	2.84	36.03	35.59	35.97	500.51	493.33	0.448	25.196	0.76	42.76	600.2	-0	1425	101.4	8.07	-0.0343	0.7	111115
191	"13:12:38"	632.5	-5.25	1.03	479	25.4	3.27	6	1	2.84	36.03	35.59	35.97	500.60	493.30	0.449	25.245	0.76	42.83	600.1	-0	1424	101.4	8.07	-0.0343	0.7	111115
192	"13:12:39"	633.5	-5.25	1.03	479	25.5	3.27	6	1	2.84	36.03	35.59	35.97	500.59	493.28	0.450	25.278	0.76	42.88	600.1	-0	1422	101.4	8.07	-0.0343	1.0	111115
193	"13:12:40"	635.0	-5.4	1.04	479	25.5	3.27	6	1	2.84	36.04	35.59	35.98	500.47	493.28	0.450	25.334	0.76	42.96	600.0	-0	1420	101.4	8.07	-0.0343	1.0	111115
194	"13:12:42"	636.0	-5.54	1.04	479	25.6	3.26	6	1	2.84	36.04	35.60	35.98	500.33	493.25	0.450	25.375	0.76	43.02	600.0	-0	1419	101.4	8.07	-0.0343	1.0	111115
195	"13:12:43"	637.5	-5.51	1.05	479	25.6	3.26	6	1	2.84	36.05	35.60	35.99	500.34	493.21	0.450	25.430	0.76	43.10	599.9	-0	1421	101.4	8.07	-0.0343	1.0	111115
196	"13:12:44"	638.5	-5.34	1.05	479	25.7	3.26	6	1	2.84	36.05	35.60	35.99	500.48	493.16	0.450	25.470	0.76	43.16	599.9	-0	1423	101.4	8.07	-0.0343	1.0	111115
197	"13:12:45"	640.0	-5.12	1.06	478	25.7	3.25	6	1	2.84	36.06	35.61	35.99	500.67	493.10	0.450	25.528	0.76	43.25	599.9	-0	1426	101.4	8.07	-0.0343	0.7	111115
198	"13:12:46"	640.5	-5.05	1.06	478	25.8	3.25	6	1	2.84	36.06	35.61	35.99	500.71	493.06	0.450	25.548	0.76	43.28	599.9	-0	1427	101.4	8.07	-0.0343	0.7	111115
199	"13:12:48"	642.5	-4.91	1.06	478	25.8	3.24	6	1	2.84	36.06	35.61	36.00	500.91	493.08	0.452	25.626	0.77	43.40	599.9	-0	1430	101.4	8.07	-0.0343	0.7	111115
200	"13:12:49"	643.5	-5	1.07	478	25.9	3.24	6	1	2.84	36.07	35.62	36.00	500.84	493.09	0.453	25.665	0.77	43.46	599.9	-0	1431	101.4	8.07	-0.0343	0.7	111115
201	"13:12:50"	645.0	-5.23	1.07	479	25.9	3.23	6	1	2.84	36.07	35.62	36.00	500.65	493.09	0.453	25.725	0.77	43.55	599.9	-0	1433	101.4	8.07	-0.0343	0.3	111115
202	"13:12:52"	646.0	-5.44	1.08	479	26	3.23	6	1	2.84	36.07	35.62	36.01	500.45	493.08	0.454	25.764	0.77	43.61	600.0	-0	1433	101.4	8.07	-0.0343	0.3	111115
203	"13:12:53"	647.5	-5.6	1.08	479	26	3.23	6	1	2.84	36.08	35.63	36.01	500.28	493.04	0.454	25.818	0.77	43.70	600.0	-0	1433	101.4	8.07	-0.0343	0.3	111115
204	"13:12:54"	649.0	-5.53	1.09	479	26.1	3.23	6	1	2.84	36.08	35.63	36.01	500.29	492.96	0.454	25.874	0.77	43.78	600.0	-0	1433	101.4	8.07	-0.0343	0.3	111115
205	"13:12:56"	650.0	-5.43	1.09	479	26.1	3.22	6	1	2.84	36.08	35.64	36.02	500.36	492.91	0.454	25.909	0.77	43.83	600.0	-0	1432	101.4	8.07	-0.0343	0.3	111115
206	"13:12:57"	651.5	-5.32	1.1	478	26.2	3.22	6	1	2.84	36.09	35.65	36.02	500.44	492.86	0.454	25.966	0.77	43.92	600.0	-0	1432	101.4	8.07	-0.0343	0.3	111115
207	"13:12:58"	652.5	-5.25	1.1	478	26.2	3.22	6	1	2.84	36.09	35.65	36.02	500.51	492.83	0.455	25.997	0.77	43.97	600.0	-0	1433	101.4	8.07	-0.0343	0.3	111115
208	"13:12:59"	654.0	-5.21	1.1	478	26.3	3.22	6	1	2.84	36.10	35.66	36.03	500.58	492.84	0.454	26.040	0.77	44.03	599.9	-0	1433	101.4	8.07	-0.0343	0.3	111115
209	"13:13:01"	655.0	-5.18	1.1	478	26.3	3.22	6	1	2.84	36.10	35.67	36.03	500.62	492.84	0.454	26.071	0.77	44.07	599.9	-0	1434	101.4	8.07	-0.0343	0.3	111115
210	"13:13:02"	656.5	-5.35	1.11	479	26.3	3.21	6	1	2.84	36.10	35.67	36.03	500.50	492.86	0.455	26.111	0.77	44.13	600.0	-0	1435	101.4	8.07	-0.0343	0.3	111115
211	"13:13:03"	657.5	-5.4	1.11	479	26.4	3.21	6	1	2.84	36.11	35.68	36.04	500.43	492.83	0.456	26.143	0.77	44.17	600.0	-0	1436	101.4	8.07	-0.0343	0.3	111115
212	"13:13:04"	659.0	-5.38	1.11	478	26.4	3.21	6	1	2.84	36.11	35.68	36.04	500.37	492.74	0.457	26.179	0.77	44.23	600.0	-0	1438	101.4	8.07	-0.0343	0.3	111115
213	"13:13:06"	660.0	-5.26	1.12	478	26.4	3.21	6	1	2.84	36.11	35.68	36.04	500.43	492.67	0.457	26.207	0.77	44.27	600.0	-0	1439	101.4	8.07	-0.0343	0.3	111115
214	"13:13:07"	661.5	-5.04	1.12	478	26.5	3.2	6	1	2.84	36.12	35.69	36.05	500.60	492.59	0.458	26.256	0.77	44.33	600.1	-0	1440	101.4	8.07	-0.0343	0.3	111115
215	"13:13:08"	662.5	-5	1.12	478	26.5	3.2	6	1	2.84	36.12	35.69	36.05	500.69	492.63	0.458	26.282	0.77	44.37	600.1	-0	1440	101.4	8.07	-0.0343	0.3	111115
216	"13:13:09"	664.0	-5.01	1.13	478	26.6	3.2	6	1	2.84	36.13	35.70	36.06	500.70	492.63	0.458	26.322	0.77	44.42	600.1	-0	1441	101.4	8.07	-0.0343	0.3	111115
217	"13:13:11"	665.0	-5.13	1.13	478	26.6	3.2	6	1	2.84	36.13	35.70	36.06	500.66	492.69	0.458	26.336	0.77	44.44	600.1	-0	1442	101.4	8.07	-0.0343	0.3	111115
218	"13:13:12"	666.5	-5.14	1.13	478	26.6	3.2	6	1	2.84	36.14	35.71	36.07	500.66	492.70	0.459	26.350	0.77	44.45	600.1	-0	1442	101.4	8.07	-0.0343	0.3	111115
219	"13:13:13"	667.5	-5.19	1.13	478	26.6	3.2	6	1	2.84	36.14	35.71	36.07	500.66	492.74	0.459	26.358	0.77	44.46	600.0	-0	1441	101.4	8.07	-0.0343	0.7	111115
220	"13:13:14"	669.0	-5.07	1.13	478	26.6	3.2	6	1	2.84	36.14	35.72	36.07	500.71	492.67	0.460	26.369	0.78	44.46	600.0	-0	1440	101.4	8.07	-0.0343	0.7	111115
221	"13:13:16"	670.0	-5.09	1.13	478	26.6	3.2	6	1	2.84	36.15	35.73	36.08	500.70	492.67	0.460	26.382	0.78	44.47	600.0	-0	1439	101.4	8.07	-0.0343	0.7	111115
222	"13:13:17"	671.5	-4.97	1.13	478	26.7	3.2	6	1	2.84	36.15	35.74	36.08	500.78	492.62	0.461	26.416	0.78	44.52	600.0	-0	1438	101.4	8.07	-0.0343	0.7	111115
223	"13:13:18"	672.5	-5	1.13	478	26.7	3.2	6	1	2.84	36.16	35.74	36.09	500.77	492.63	0.461	26.439	0.78	44.55	599.9	-0	1437	101.4	8.07	-0.0343	0.7	111115
224	"13:13:19"	674.0	-4.85	1.14	477	26.7	3.2	6	1	2.84	36.16	35.75	36.09	500.87	492.56	0.460	26.476	0.77	44.59	599.9	-0	1436	101.4	8.07	-0.0343	0.7	111115
225	"13:13:21"	675.0	-4.72	1.14	477	26.7	3.2	6	1	2.84	36.17	35.75	36.10	500.92	492.46	0.460	26.499	0.77	44.62	599.9	-0	1435	101.4	8.07	-0.0343	0.7	111115
226	"13:13:22"	675.5	-4.73	1.14	477	26.8	3.2	6	1	2.84	36.17	35.75	36.10	500.91	492.47	0.460	26.506	0.77	44.63	599.9	-0	1434	101.4	8.07	-0.0343	0.7	111115
227	"13:13:23"	677.5	-4.81	1.14	477	26.8	3.2	6	1	2.84	36.18	35.77	36.10	500.88	492.50	0.461	26.549	0.78	44.68	599.9	-0	1429	101.4	8.07	-0.0343	0.7	111115
228	"13:13:24"	679.0	-5.05	1.14	478	26.8	3.2	6	1	2.84	36.18	35.77	36.11	500.74	492.57	0.462	26.582	0.78	44.73	599.9	-0	1426	101.4	8.07	-0.0343	0.7	111115
229	"13:13:26"	680.0	-5.24	1.14	478	26.8	3.2	6	1	2.84	36.19	35.78	36.11	500.59	492.60	0.462	26.599	0.78	44.75	600.0	-0	1424	101.4	8.07	-0.0343	0.7	111115
230	"13:13:27"	681.5	-5.44	1.15	478	26.9	3.2	6	1	2.84	36.19	35.78	36.12	500.46	492.65	0.462	26.629	0.78	44.78	600.0	-0	1421	101.4	8.07	-0.0343	0.7	111115
231	"13:13:28"	682.5	-5.43	1.15	478	26.9	3.2	6	1	2.84	36.20	35.79	36.12	500.45	492.63	0.462	26.651	0.78	44.81	600.0	-0	1419	101.4	8.07	-0.0343	0.7	111115
232	"13:13:29"	684.0	-5.24	1.15	478	26.9	3.19	6	1	2.84	36.20	35.79	36.13	500.59	492.56	0.462	26.681	0.78	44.85	600.0	-0	1417	101.4	8.07	-0.0343	0.7	111115
233	"13:13:31"	685.0	-5.04	1.15	477	27	3.19	6	1	2.84	36.21	35.79	36.13	500.70	492.47	0.462	26.697	0.78	44.86	600.0	-0	1416	101.4	8.07	-0.0343	0.7	111115
234	"13:13:32"	686.5	-4.97	1.16	477	27	3.19	6	1	2.84	36.21	35.80	36.14	500.78	492.46	0.463	26.729	0.78	44.90	599.9	-0	1415	101.4	8.07	-0.0343	0.7	111115
235	"13:13:33"	687.5	-4.98	1.16	477	27	3.19	6	1	2.84	36.22	35.80	36.14	500.80	492.48	0.464	26.750	0.78	44.93	599.9	-0	1414	101.4	8.07	-0.0343	0.7	111115
236	"13:13:34"	689.0	-4.99	1.16	477	27	3.19	6	1	2.84	36.22	35.81	36.15	500.80	492.48	0.464	26.774	0.78	44.95	600.0	-0	1410	101.4	8.07	-0.0343	0.7	111115
237	"13:13:36"	690.0	-5.1	1.16	478	27	3.19	6	1	2.84	36.22	35.82	36.15	500.71	492.49	0.465	26.782	0.78	44.96	600.1	-0	1409	101.4	8.07	-0.0343	0.7	111115
238	"13:13:37"	691.5	-5.2	1.16	478	27.1	3.19	6	1	2.84	36.23	35.82	36.16	500.58	492.46	0.464	26.797	0.78	44.97	600.1	-0	1409	101.4	8.07	-0.0343	0.7	111115
239	"13:13:38"	692.5	-5.25	1.16	478	27.1	3.19	6	1	2.84	36.23	35.82	36.16	500.51	492.43	0.464	26.806	0.78	44.98	600.1	-0	1411	101.4	8.07	-0.0343	0.7	111115
240	"13:13:39"	694.0	-5.17	1.16	478	27.1	3.19	6	1	2.84	36.24	35.83	36.17	500.53	492.37	0.464	26.821	0.78	44.99	600.1	-0	1411	101.4	8.07	-0.0343	0.7	111115
241	"13:13:41"	695.0	-5.05	1.16	477	27.1	3.19	6	1	2.84	36.24	35.83	36.17	500.58	492.30	0.465	26.828	0.78	44.99	600.1	-0	1410	101.4	8.07	-0.0343	0.7	111115
242	"13:13:42"	696.5	-5.12	1.16	477	27.1	3.19	6	1	2.84	36.25	35.84	36.18	500.55	492.32	0.465	26.852	0.78	45.02	600.0	-0	1409	101.4	8.07	-0.0343	1.0	111115
