"OPEN 5.3.2"
"Fri Aug  3 2018 09:25:11"
"Unit="	"PSC-895"
"ComputeList="	"/User/Configs/Comps/Default"
"BLCTable="	"/Sys/Lib/StdBLCTable"
"LightSource="	"Sun+Sky"	1	0.19
"LogFormat="	"/User/Configs/LogFormats/Std Output"
"LogCodes="	-35	-21	-36	30	23	36	21	25	-33	-34	-32	-9	-10	-8	-1	-2	-4	-5	-14	-15	-7	-12	-13	-11	-65	-66	-72	-23
"PromptList="	"/User/Configs/Prompts/Default (none)"
"Stability= (CO2S 15s SLP<1)(H2OS 15s SLP<1)(Flow 15s SLP<1)"
"09:25:13 co2 500 flow 600. note; fineroots-15 is firhiz-19 is fineroots19"
$STARTOFDATA$
"Obs"	"HHMMSS"	"FTime"	"Photo"	"Cond"	"Ci"	"Trmmol"	"VpdL"	"Area"	"StmRat"	"BLCond"	"Tair"	"Tleaf"	"TBlk"	"CO2R"	"CO2S"	"H2OR"	"H2OS"	"RH_R"	"RH_S"	"Flow"	"PARi"	"PARo"	"Press"	"CsMch"	"HsMch"	"StableF"	"Status"
1	"09:27:25"	202.5	-20.8	1.67	513	30.8	2.85	6	1	2.84	37.06	36.44	37.04	500.15	505.35	2.205	32.064	3.55	51.63	600.0	-0	134	101.8	10.3	0.00521	0.0	111115
2	"09:27:26"	203.0	-20.7	1.67	512	30.8	2.85	6	1	2.84	37.06	36.44	37.04	500.18	505.26	2.207	32.063	3.55	51.63	600.0	-0	135	101.8	10.3	0.00521	0.3	111115
3	"09:27:27"	205.0	-20.6	1.67	512	30.8	2.85	6	1	2.84	37.05	36.44	37.04	500.18	505.20	2.210	32.067	3.56	51.64	600.0	-0	125	101.8	10.3	0.00521	0.7	111115
4	"09:27:29"	206.0	-20.5	1.67	512	30.8	2.85	6	1	2.84	37.05	36.44	37.04	500.22	505.16	2.212	32.067	3.56	51.64	600.0	-0	121	101.8	10.3	0.00521	0.7	111115
5	"09:27:30"	207.5	-20.5	1.67	512	30.8	2.85	6	1	2.84	37.05	36.44	37.03	500.16	505.12	2.217	32.077	3.57	51.66	600.0	-0	113	101.8	10.3	0.00521	0.7	111115
6	"09:27:31"	208.5	-20.6	1.67	512	30.9	2.85	6	1	2.84	37.05	36.44	37.03	500.08	505.09	2.219	32.085	3.57	51.68	600.0	-0	112	101.8	10.3	0.00521	0.7	111115
7	"09:27:32"	210.0	-20.5	1.68	512	30.9	2.84	6	1	2.84	37.05	36.43	37.03	500.05	505.00	2.223	32.105	3.58	51.72	600.0	-0	112	101.8	10.3	0.00521	0.7	111115
8	"09:27:34"	211.0	-20.4	1.68	512	30.9	2.84	6	1	2.84	37.05	36.43	37.03	500.06	504.89	2.227	32.111	3.59	51.73	600.0	-0	112	101.8	10.3	0.00521	0.7	111115
9	"09:27:35"	212.5	-20.2	1.68	511	30.9	2.84	6	1	2.84	37.04	36.42	37.03	500.17	504.74	2.230	32.117	3.59	51.75	600.0	-0	233	101.8	10.3	0.00521	0.7	111115
10	"09:27:36"	213.5	-20.1	1.68	511	30.9	2.84	6	1	2.84	37.04	36.42	37.03	500.15	504.65	2.233	32.116	3.60	51.76	600.0	-0	237	101.8	10.3	0.00521	0.7	111115
11	"09:27:37"	215.0	-20.1	1.68	511	30.9	2.84	6	1	2.84	37.04	36.42	37.03	500.09	504.57	2.236	32.121	3.60	51.77	600.0	-0	230	101.8	10.3	0.00521	0.7	111115
12	"09:27:39"	216.0	-20.1	1.68	511	30.9	2.84	6	1	2.84	37.04	36.42	37.03	500.07	504.54	2.238	32.122	3.61	51.78	600.0	-0	135	101.8	10.3	0.00521	0.7	111115
13	"09:27:40"	217.5	-20	1.69	511	30.9	2.83	6	1	2.84	37.03	36.41	37.02	500.11	504.51	2.243	32.123	3.62	51.79	600.0	-0	92	101.8	10.3	0.00521	0.7	111115
14	"09:27:41"	218.5	-19.9	1.69	510	30.9	2.83	6	1	2.84	37.03	36.41	37.02	500.20	504.48	2.245	32.120	3.62	51.79	600.0	-0	92	101.8	10.3	0.00521	0.7	111115
15	"09:27:42"	220.0	-19.9	1.69	510	30.9	2.83	6	1	2.84	37.03	36.41	37.02	500.16	504.45	2.249	32.115	3.63	51.78	600.0	-0	92	101.8	10.3	0.00521	0.7	111115
16	"09:27:44"	221.0	-19.9	1.69	510	30.8	2.83	6	1	2.84	37.03	36.41	37.02	500.14	504.45	2.252	32.110	3.63	51.78	600.0	-0	91	101.8	10.3	0.00521	0.7	111115
17	"09:27:45"	222.5	-19.8	1.68	510	30.8	2.84	6	1	2.84	37.03	36.41	37.02	500.05	504.35	2.255	32.100	3.64	51.77	600.0	-0	90	101.8	10.3	0.00521	0.7	111115
18	"09:27:46"	223.5	-19.8	1.68	510	30.8	2.84	6	1	2.84	37.02	36.41	37.02	500.09	504.33	2.258	32.094	3.64	51.77	600.0	-0	90	101.8	10.3	0.00521	0.7	111115
19	"09:27:47"	225.0	-19.7	1.68	510	30.8	2.84	6	1	2.84	37.02	36.41	37.02	500.15	504.27	2.264	32.087	3.65	51.76	600.0	-0	94	101.8	10.3	0.00521	0.7	111115
20	"09:27:49"	226.0	-19.7	1.68	510	30.8	2.84	6	1	2.84	37.02	36.41	37.01	500.13	504.29	2.267	32.082	3.66	51.76	600.0	-0	95	101.8	10.3	0.00521	0.7	111115
21	"09:27:50"	226.5	-19.8	1.68	510	30.8	2.84	6	1	2.84	37.02	36.41	37.01	500.07	504.34	2.268	32.081	3.66	51.76	600.0	-0	96	101.8	10.3	0.00521	0.7	111115
22	"09:27:51"	228.5	-19.9	1.67	510	30.8	2.84	6	1	2.84	37.02	36.41	37.01	499.91	504.30	2.272	32.071	3.67	51.75	600.0	-0	96	101.8	10.3	0.00521	0.7	111115
23	"09:27:52"	229.5	-19.9	1.67	511	30.8	2.84	6	1	2.84	37.02	36.41	37.01	499.87	504.29	2.274	32.069	3.67	51.75	600.0	-0	96	101.8	10.3	0.00521	0.7	111115
24	"09:27:53"	231.0	-19.8	1.68	510	30.8	2.84	6	1	2.84	37.02	36.41	37.01	499.94	504.21	2.279	32.071	3.68	51.76	600.0	-0	163	101.8	10.3	0.00521	0.7	111115
25	"09:27:55"	232.0	-19.7	1.67	510	30.8	2.84	6	1	2.84	37.01	36.41	37.01	499.98	504.16	2.282	32.068	3.68	51.75	600.0	-0	314	101.8	10.3	0.00521	0.7	111115
26	"09:27:56"	233.5	-19.7	1.68	510	30.8	2.84	6	1	2.84	37.01	36.40	37.01	500.02	504.18	2.287	32.063	3.69	51.75	600.0	-0	541	101.8	10.3	0.00521	0.7	111115
27	"09:27:57"	234.5	-19.7	1.68	510	30.8	2.84	6	1	2.84	37.01	36.40	37.00	499.99	504.20	2.290	32.064	3.70	51.75	600.0	-0	683	101.8	10.3	0.00521	0.7	111115
28	"09:27:58"	236.0	-19.9	1.68	510	30.8	2.84	6	1	2.84	37.01	36.40	37.00	499.89	504.26	2.294	32.061	3.70	51.75	600.0	-0	701	101.8	10.3	0.00521	0.7	111115
29	"09:28:00"	237.0	-19.9	1.67	510	30.7	2.84	6	1	2.84	37.01	36.40	37.00	499.89	504.24	2.297	32.057	3.71	51.75	600.0	-0	702	101.8	10.3	0.00521	1.0	111115
30	"09:28:01"	238.5	-19.7	1.67	510	30.7	2.84	6	1	2.84	37.01	36.40	37.00	499.96	504.13	2.301	32.046	3.71	51.73	600.0	-0	703	101.8	10.3	0.00521	1.0	111115
31	"09:28:02"	239.5	-19.6	1.67	510	30.7	2.84	6	1	2.84	37.01	36.40	37.00	500.02	504.09	2.304	32.040	3.72	51.72	600.0	-0	704	101.8	10.3	0.00521	1.0	111115
32	"09:28:03"	241.0	-19.5	1.67	510	30.7	2.84	6	1	2.84	37.01	36.40	37.00	500.03	504.03	2.309	32.024	3.73	51.70	600.0	-0	704	101.8	10.3	0.00521	1.0	111115
33	"09:28:05"	242.0	-19.4	1.66	510	30.7	2.84	6	1	2.84	37.01	36.40	37.00	500.07	504.02	2.313	32.015	3.73	51.69	600.0	-0	705	101.8	10.3	0.00521	1.0	111115
34	"09:28:06"	243.5	-19.4	1.66	510	30.7	2.84	6	1	2.84	37.01	36.41	37.00	500.06	504.00	2.318	32.002	3.74	51.67	600.0	-0	705	101.8	10.3	0.00521	1.0	111115
35	"09:28:07"	244.5	-19.4	1.66	510	30.7	2.84	6	1	2.84	37.01	36.40	37.00	500.05	503.98	2.321	32.003	3.75	51.67	600.0	-0	705	101.8	10.3	0.00521	0.7	111115
36	"09:28:08"	246.0	-19.4	1.66	510	30.6	2.85	6	1	2.84	37.01	36.41	37.00	500.05	503.99	2.326	31.994	3.76	51.66	600.0	-0	705	101.8	10.3	0.00521	0.7	111115
37	"09:28:10"	247.0	-19.4	1.65	510	30.6	2.85	6	1	2.84	37.01	36.41	37.00	500.05	503.97	2.329	31.986	3.76	51.65	600.0	-0	706	101.8	10.3	0.00521	0.7	111115
38	"09:28:11"	248.5	-19.3	1.65	509	30.6	2.85	6	1	2.84	37.01	36.41	37.00	500.12	503.97	2.333	31.968	3.77	51.62	600.0	-0	707	101.8	10.3	0.00521	0.7	111115
39	"09:28:12"	249.5	-19.2	1.65	509	30.6	2.85	6	1	2.84	37.01	36.41	37.00	500.14	503.96	2.336	31.957	3.77	51.60	600.0	-0	708	101.8	10.3	0.00521	0.7	111115
40	"09:28:13"	251.0	-19.3	1.65	509	30.6	2.85	6	1	2.84	37.01	36.41	37.00	500.12	503.97	2.341	31.943	3.78	51.58	600.0	-0	709	101.8	10.3	0.00521	0.7	111115
41	"09:28:15"	252.0	-19.4	1.64	510	30.6	2.85	6	1	2.84	37.01	36.41	37.00	500.04	504.03	2.344	31.938	3.78	51.57	600.0	-0	709	101.8	10.3	0.00521	1.0	111115
42	"09:28:16"	253.5	-19.5	1.64	510	30.6	2.85	6	1	2.84	37.01	36.41	37.00	499.97	504.03	2.348	31.925	3.79	51.55	600.0	-0	710	101.8	10.3	0.00521	1.0	111115
43	"09:28:17"	254.5	-19.5	1.64	510	30.5	2.86	6	1	2.84	37.01	36.41	37.00	500.00	504.07	2.350	31.913	3.80	51.53	600.0	-0	711	101.8	10.3	0.00521	1.0	111115
44	"09:28:18"	256.0	-19.2	1.63	509	30.5	2.86	6	1	2.84	37.01	36.41	37.00	500.11	503.93	2.356	31.891	3.80	51.49	600.0	-0	709	101.8	10.3	0.00521	1.0	111115
45	"09:28:20"	257.0	-19.2	1.63	509	30.5	2.86	6	1	2.84	37.01	36.42	37.00	500.13	503.93	2.360	31.880	3.81	51.47	600.0	-0	692	101.8	10.3	0.00521	1.0	111115
46	"09:28:21"	258.5	-19.2	1.63	509	30.5	2.86	6	1	2.84	37.01	36.41	37.00	500.11	503.96	2.364	31.866	3.82	51.45	600.0	-0	622	101.8	10.3	0.00521	1.0	111115
47	"09:28:22"	259.5	-19.3	1.63	510	30.5	2.86	6	1	2.84	37.01	36.41	37.00	500.09	504.00	2.368	31.853	3.82	51.43	600.0	-0	586	101.8	10.3	0.00521	1.0	111115
48	"09:28:23"	261.0	-19.3	1.62	510	30.4	2.87	6	1	2.84	37.01	36.42	37.00	500.05	503.99	2.372	31.835	3.83	51.40	600.0	-0	571	101.8	10.3	0.00521	1.0	111115
49	"09:28:25"	262.0	-19.5	1.62	510	30.4	2.87	6	1	2.84	37.01	36.42	37.00	499.90	504.12	2.375	31.821	3.83	51.38	600.0	-0	617	101.8	10.3	0.00521	1.0	111115
50	"09:28:26"	263.5	-19.6	1.61	510	30.4	2.87	6	1	2.84	37.01	36.42	37.00	499.85	504.17	2.378	31.799	3.84	51.34	600.0	-0	680	101.8	10.3	0.00521	1.0	111115
51	"09:28:27"	264.5	-19.5	1.61	510	30.4	2.87	6	1	2.84	37.01	36.42	37.00	499.89	504.12	2.382	31.788	3.85	51.32	600.0	-0	707	101.8	10.3	0.00521	1.0	111115
52	"09:28:28"	266.0	-19.2	1.61	510	30.3	2.87	6	1	2.84	37.01	36.42	37.00	500.03	503.96	2.387	31.772	3.85	51.29	600.0	-0	718	101.8	10.3	0.00521	1.0	111115
53	"09:28:30"	267.0	-19.1	1.6	509	30.3	2.87	6	1	2.84	37.01	36.42	37.00	500.09	503.90	2.390	31.761	3.86	51.27	600.0	-0	715	101.8	10.3	0.00521	1.0	111115
54	"09:28:31"	268.5	-19.1	1.6	509	30.3	2.88	6	1	2.84	37.01	36.43	37.00	500.11	503.93	2.395	31.741	3.87	51.24	600.0	-0	715	101.8	10.3	0.00521	1.0	111115
55	"09:28:32"	269.5	-18.9	1.6	509	30.3	2.88	6	1	2.84	37.01	36.43	37.00	500.19	503.87	2.399	31.731	3.87	51.22	600.0	-0	717	101.8	10.3	0.00521	1.0	111115
56	"09:28:33"	271.0	-19	1.59	509	30.3	2.88	6	1	2.84	37.01	36.43	37.00	500.17	503.90	2.404	31.713	3.88	51.19	600.0	-0	719	101.8	10.3	0.00521	1.0	111115
57	"09:28:35"	272.0	-19	1.59	509	30.3	2.88	6	1	2.84	37.01	36.43	37.00	500.14	503.89	2.407	31.702	3.89	51.17	600.0	-0	719	101.8	10.3	0.00521	1.0	111115
58	"09:28:36"	273.5	-19.2	1.59	510	30.2	2.88	6	1	2.84	37.01	36.43	37.00	500.04	503.96	2.411	31.684	3.89	51.14	600.0	-0	718	101.8	10.3	0.00521	1.0	111115
59	"09:28:37"	274.5	-19.1	1.58	510	30.2	2.89	6	1	2.84	37.01	36.43	37.00	500.11	503.98	2.414	31.670	3.90	51.11	600.0	-0	718	101.8	10.3	0.00521	1.0	111115
60	"09:28:38"	276.0	-19	1.58	510	30.2	2.89	6	1	2.84	37.02	36.43	37.00	500.15	503.95	2.419	31.654	3.90	51.08	600.0	-0	718	101.8	10.3	0.00521	1.0	111115
61	"09:28:40"	277.0	-18.9	1.58	509	30.2	2.89	6	1	2.84	37.02	36.43	37.00	500.23	503.92	2.424	31.642	3.91	51.06	600.0	-0	717	101.8	10.3	0.00521	1.0	111115
62	"09:28:41"	278.5	-18.8	1.57	509	30.1	2.89	6	1	2.84	37.02	36.44	37.00	500.22	503.88	2.429	31.617	3.92	51.02	600.0	-0	717	101.8	10.3	0.00521	1.0	111115
63	"09:28:42"	279.5	-18.9	1.57	509	30.1	2.9	6	1	2.84	37.02	36.44	37.01	500.20	503.90	2.432	31.601	3.92	50.99	600.0	-0	717	101.8	10.3	0.00521	1.0	111115
64	"09:28:43"	281.0	-18.8	1.56	509	30.1	2.9	6	1	2.84	37.02	36.44	37.01	500.26	503.89	2.437	31.577	3.93	50.95	600.0	-0	718	101.8	10.3	0.00521	1.0	111115
65	"09:28:45"	282.0	-18.9	1.56	509	30.1	2.9	6	1	2.84	37.02	36.44	37.01	500.22	503.95	2.441	31.559	3.94	50.92	600.0	-0	718	101.8	10.3	0.00521	1.0	111115
66	"09:28:46"	283.5	-18.9	1.55	510	30	2.9	6	1	2.84	37.02	36.44	37.01	500.20	503.97	2.447	31.521	3.95	50.85	600.0	-0	718	101.8	10.3	0.00521	1.0	111115
67	"09:28:47"	284.5	-19	1.55	510	30	2.91	6	1	2.84	37.02	36.44	37.01	500.14	504.02	2.449	31.498	3.95	50.82	600.0	-0	718	101.8	10.3	0.00521	1.0	111115
68	"09:28:48"	286.0	-19.1	1.54	510	30	2.91	6	1	2.84	37.02	36.44	37.01	500.07	504.03	2.454	31.469	3.96	50.76	600.0	-0	718	101.8	10.3	0.00521	1.0	111115
69	"09:28:50"	287.0	-19	1.54	510	29.9	2.91	6	1	2.84	37.02	36.44	37.01	500.13	504.04	2.458	31.453	3.96	50.74	600.0	-0	719	101.8	10.3	0.00521	1.0	111115
70	"09:28:51"	288.5	-18.7	1.53	509	29.9	2.92	6	1	2.84	37.02	36.45	37.01	500.28	503.94	2.464	31.430	3.97	50.70	600.0	-0	719	101.8	10.3	0.00521	1.0	111115
71	"09:28:52"	289.5	-18.7	1.53	509	29.9	2.92	6	1	2.84	37.03	36.45	37.01	500.29	503.93	2.467	31.416	3.98	50.67	600.0	-0	719	101.8	10.3	0.00521	0.7	111115
72	"09:28:53"	291.0	-18.7	1.53	509	29.9	2.92	6	1	2.84	37.03	36.45	37.01	500.31	503.92	2.471	31.401	3.99	50.64	600.0	-0	719	101.8	10.3	0.00521	0.7	111115
73	"09:28:55"	292.0	-18.7	1.53	509	29.9	2.92	6	1	2.84	37.03	36.45	37.01	500.28	503.91	2.475	31.390	3.99	50.63	600.0	-0	719	101.8	10.3	0.00521	0.7	111115
74	"09:28:56"	293.5	-18.7	1.52	509	29.8	2.93	6	1	2.84	37.03	36.45	37.02	500.29	503.96	2.480	31.365	4.00	50.58	600.0	-0	719	101.8	10.3	0.00521	0.7	111115
75	"09:28:57"	294.5	-18.8	1.52	510	29.8	2.93	6	1	2.84	37.03	36.46	37.02	500.21	504.01	2.484	31.351	4.01	50.56	600.0	-0	719	101.8	10.3	0.00521	0.7	111115
76	"09:28:58"	296.0	-19.1	1.51	510	29.8	2.93	6	1	2.84	37.03	36.47	37.02	499.98	504.11	2.488	31.335	4.01	50.52	600.0	-0	720	101.8	10.3	0.00521	1.0	111115
77	"09:29:00"	297.0	-19.2	1.51	510	29.8	2.93	6	1	2.84	37.03	36.47	37.02	499.92	504.12	2.491	31.327	4.02	50.51	600.0	-0	721	101.8	10.3	0.00521	1.0	111115
78	"09:29:01"	298.5	-19	1.51	510	29.8	2.94	6	1	2.84	37.03	36.47	37.02	500.01	504.06	2.495	31.313	4.02	50.48	600.0	-0	722	101.8	10.3	0.00521	1.0	111115
79	"09:29:02"	299.5	-18.9	1.5	510	29.7	2.94	6	1	2.84	37.03	36.47	37.02	500.12	503.99	2.499	31.296	4.03	50.45	600.0	-0	722	101.8	10.3	0.00521	1.0	111115
80	"09:29:03"	301.0	-18.6	1.5	509	29.7	2.94	6	1	2.84	37.04	36.47	37.02	500.31	503.96	2.505	31.274	4.04	50.41	600.0	-0	723	101.8	10.3	0.00521	1.0	111115
81	"09:29:05"	302.0	-18.5	1.5	509	29.7	2.94	6	1	2.84	37.04	36.47	37.02	500.35	503.94	2.509	31.255	4.04	50.38	600.0	-0	724	101.8	10.3	0.00521	1.0	111115
82	"09:29:06"	303.5	-18.6	1.49	509	29.6	2.94	6	1	2.84	37.04	36.47	37.03	500.33	503.97	2.515	31.230	4.05	50.33	600.0	-0	725	101.8	10.3	0.00521	1.0	111115
83	"09:29:07"	304.5	-18.7	1.49	510	29.6	2.95	6	1	2.84	37.04	36.47	37.03	500.24	503.98	2.518	31.210	4.06	50.30	600.0	-0	725	101.8	10.3	0.00521	1.0	111115
84	"09:29:08"	306.0	-18.6	1.48	509	29.6	2.95	6	1	2.84	37.04	36.47	37.03	500.28	503.93	2.523	31.184	4.07	50.25	600.0	-0	726	101.8	10.3	0.00521	1.0	111115
85	"09:29:10"	307.0	-18.7	1.48	510	29.6	2.95	6	1	2.84	37.04	36.47	37.03	500.21	503.99	2.525	31.165	4.07	50.22	600.0	-0	726	101.8	10.3	0.00521	1.0	111115
86	"09:29:11"	308.5	-18.6	1.48	510	29.5	2.96	6	1	2.84	37.04	36.48	37.03	500.28	503.96	2.531	31.140	4.08	50.18	600.0	-0	726	101.8	10.3	0.00521	1.0	111115
87	"09:29:12"	309.5	-18.6	1.47	510	29.5	2.96	6	1	2.84	37.04	36.48	37.03	500.24	504.00	2.535	31.135	4.08	50.17	600.0	0	726	101.8	10.3	0.00521	1.0	111115
88	"09:29:13"	310.0	-18.6	1.47	510	29.5	2.96	6	1	2.84	37.05	36.48	37.03	500.24	504.01	2.537	31.125	4.09	50.15	600.0	-0	725	101.8	10.3	0.00521	1.0	111115
89	"09:29:14"	312.0	-18.4	1.46	509	29.5	2.96	6	1	2.84	37.05	36.49	37.03	500.33	503.91	2.546	31.097	4.10	50.10	600.0	-0	724	101.8	10.3	0.00521	1.0	111115
90	"09:29:16"	313.0	-18.5	1.46	510	29.5	2.96	6	1	2.84	37.05	36.49	37.03	500.35	503.96	2.550	31.086	4.11	50.08	600.0	-0	723	101.8	10.3	0.00521	1.0	111115
91	"09:29:17"	314.5	-18.5	1.46	510	29.4	2.97	6	1	2.84	37.05	36.49	37.04	500.28	503.98	2.554	31.063	4.11	50.03	600.0	-0	721	101.8	10.3	0.00521	1.0	111115
92	"09:29:18"	315.5	-18.6	1.46	510	29.4	2.97	6	1	2.84	37.05	36.49	37.04	500.24	504.02	2.557	31.047	4.12	50.01	600.0	-0	721	101.8	10.3	0.00521	1.0	111115
93	"09:29:19"	317.0	-18.7	1.45	510	29.4	2.97	6	1	2.84	37.05	36.49	37.04	500.17	504.09	2.561	31.026	4.12	49.97	600.0	-0	719	101.8	10.3	0.00521	1.0	111115
94	"09:29:21"	318.0	-18.6	1.45	510	29.4	2.97	6	1	2.84	37.06	36.49	37.04	500.24	504.06	2.565	31.015	4.13	49.94	600.0	-0	719	101.8	10.3	0.00521	1.0	111115
95	"09:29:22"	319.5	-18.7	1.44	510	29.3	2.98	6	1	2.84	37.06	36.50	37.04	500.19	504.10	2.570	30.998	4.14	49.91	600.0	-0	718	101.8	10.3	0.00521	1.0	111115
96	"09:29:23"	320.5	-18.6	1.44	510	29.3	2.98	6	1	2.84	37.06	36.50	37.04	500.25	504.05	2.574	30.984	4.14	49.89	600.0	-0	718	101.8	10.3	0.00521	1.0	111115
97	"09:29:24"	322.0	-18.6	1.44	510	29.3	2.98	6	1	2.84	37.06	36.51	37.04	500.26	504.07	2.579	30.967	4.15	49.86	600.0	-0	718	101.8	10.3	0.00521	1.0	111115
98	"09:29:26"	323.0	-18.5	1.43	510	29.3	2.99	6	1	2.84	37.06	36.51	37.04	500.33	504.04	2.584	30.953	4.16	49.83	600.0	-0	718	101.8	10.3	0.00521	1.0	111115
99	"09:29:27"	324.5	-18.5	1.43	510	29.3	2.99	6	1	2.84	37.06	36.51	37.04	500.29	504.05	2.590	30.939	4.17	49.80	600.0	-0	718	101.8	10.3	0.00521	1.0	111115
100	"09:29:28"	325.5	-18.4	1.43	510	29.2	2.99	6	1	2.84	37.06	36.51	37.05	500.33	503.96	2.593	30.930	4.17	49.78	600.0	-0	718	101.8	10.3	0.00521	1.0	111115
101	"09:29:29"	326.0	-18.3	1.43	510	29.2	2.99	6	1	2.84	37.06	36.51	37.05	500.34	503.95	2.595	30.919	4.18	49.76	600.0	-0	718	101.8	10.3	0.00521	1.0	111115
102	"09:29:31"	328.0	-18.3	1.42	510	29.2	2.99	6	1	2.84	37.07	36.52	37.05	500.40	503.95	2.601	30.903	4.19	49.73	600.0	-0	718	101.8	10.3	0.00521	1.0	111115
103	"09:29:32"	329.5	-18.5	1.42	510	29.2	3	6	1	2.84	37.07	36.52	37.05	500.30	504.06	2.606	30.897	4.19	49.72	600.0	-0	718	101.8	10.3	0.00521	1.0	111115
104	"09:29:33"	330.5	-18.6	1.42	510	29.2	3	6	1	2.84	37.07	36.52	37.05	500.29	504.17	2.610	30.895	4.20	49.71	600.0	-0	718	101.8	10.3	0.00521	1.0	111115
105	"09:29:34"	332.0	-18.7	1.42	510	29.2	3	6	1	2.84	37.07	36.53	37.05	500.28	504.23	2.615	30.893	4.21	49.70	600.0	-0	718	101.8	10.3	0.00521	1.0	111115
106	"09:29:36"	333.0	-18.7	1.42	511	29.2	3	6	1	2.84	37.07	36.53	37.06	500.23	504.27	2.619	30.889	4.21	49.69	600.0	-0	719	101.8	10.3	0.00521	1.0	111115
107	"09:29:37"	333.5	-18.7	1.42	511	29.2	3	6	1	2.84	37.08	36.53	37.06	500.25	504.28	2.621	30.885	4.22	49.68	600.0	-0	719	101.8	10.3	0.00521	1.0	111115
108	"09:29:38"	335.5	-18.5	1.41	510	29.1	3	6	1	2.84	37.08	36.54	37.06	500.34	504.15	2.627	30.877	4.22	49.66	600.0	-0	719	101.8	10.3	0.00521	1.0	111115
109	"09:29:39"	336.5	-18.3	1.41	510	29.1	3	6	1	2.84	37.08	36.54	37.06	500.45	504.09	2.631	30.864	4.23	49.63	600.0	-0	718	101.8	10.3	0.00521	1.0	111115
110	"09:29:40"	337.0	-18.3	1.41	510	29.1	3	6	1	2.84	37.08	36.54	37.06	500.49	504.10	2.633	30.866	4.23	49.63	600.0	-0	717	101.8	10.3	0.00521	1.0	111115
111	"09:29:41"	339.0	-18.3	1.41	510	29.1	3.01	6	1	2.84	37.08	36.54	37.06	500.52	504.11	2.642	30.851	4.25	49.60	600.0	-0	713	101.8	10.3	0.00521	1.0	111115
112	"09:29:43"	340.0	-18.5	1.41	510	29.1	3.01	6	1	2.84	37.09	36.54	37.06	500.37	504.21	2.645	30.842	4.25	49.58	600.0	-0	710	101.8	10.3	0.00521	1.0	111115
113	"09:29:44"	340.5	-18.6	1.4	511	29.1	3.01	6	1	2.84	37.09	36.54	37.07	500.32	504.27	2.647	30.838	4.25	49.57	600.0	-0	709	101.8	10.3	0.00521	1.0	111115
114	"09:29:45"	342.5	-18.7	1.4	511	29.1	3.01	6	1	2.84	37.09	36.55	37.07	500.16	504.23	2.654	30.824	4.27	49.54	600.0	-0	711	101.8	10.3	0.00521	1.0	111115
115	"09:29:46"	344.0	-18.6	1.4	510	29	3.02	6	1	2.84	37.09	36.55	37.07	500.22	504.17	2.659	30.801	4.27	49.50	600.0	-0	714	101.8	10.3	0.00521	1.0	111115
116	"09:29:48"	345.0	-18.5	1.39	510	29	3.02	6	1	2.84	37.09	36.56	37.07	500.27	504.16	2.663	30.790	4.28	49.48	600.0	-0	716	101.8	10.3	0.00521	1.0	111115
117	"09:29:49"	346.5	-18.4	1.39	510	29	3.02	6	1	2.84	37.09	36.56	37.07	500.36	504.10	2.669	30.770	4.29	49.45	600.0	-0	717	101.8	10.3	0.00521	1.0	111115
118	"09:29:50"	347.5	-18.3	1.39	510	29	3.02	6	1	2.84	37.10	36.56	37.07	500.38	504.09	2.673	30.764	4.29	49.43	600.0	-0	719	101.8	10.3	0.00521	1.0	111115
119	"09:29:51"	349.0	-18.3	1.38	510	29	3.03	6	1	2.84	37.10	36.57	37.08	500.41	504.09	2.678	30.749	4.30	49.40	600.0	-0	720	101.8	10.3	0.00521	1.0	111115
120	"09:29:53"	350.0	-18.3	1.38	510	28.9	3.03	6	1	2.84	37.10	36.57	37.08	500.42	504.13	2.680	30.739	4.31	49.38	600.0	-0	721	101.8	10.3	0.00521	1.0	111115
121	"09:29:54"	351.5	-18.4	1.37	510	28.9	3.03	6	1	2.84	37.10	36.58	37.08	500.43	504.22	2.685	30.709	4.31	49.32	600.0	-0	722	101.8	10.3	0.00521	1.0	111115
122	"09:29:55"	352.5	-18.4	1.37	510	28.9	3.04	6	1	2.84	37.10	36.58	37.08	500.43	504.23	2.690	30.692	4.32	49.29	600.0	-0	722	101.8	10.3	0.00521	1.0	111115
123	"09:29:56"	354.0	-18.5	1.37	511	28.9	3.04	6	1	2.84	37.11	36.58	37.08	500.34	504.30	2.696	30.675	4.33	49.26	600.0	-0	721	101.8	10.3	0.00521	1.0	111115
124	"09:29:58"	355.0	-18.3	1.37	510	28.8	3.04	6	1	2.84	37.11	36.58	37.09	500.44	504.22	2.700	30.663	4.34	49.24	600.0	-0	720	101.8	10.3	0.00521	1.0	111115
125	"09:29:59"	356.5	-18.3	1.36	510	28.8	3.04	6	1	2.84	37.11	36.58	37.09	500.42	504.19	2.707	30.658	4.35	49.22	600.0	-0	721	101.8	10.3	0.00521	1.0	111115
126	"09:30:00"	357.5	-18.3	1.36	510	28.8	3.04	6	1	2.84	37.11	36.58	37.09	500.39	504.17	2.710	30.658	4.35	49.21	600.0	-0	722	101.8	10.3	0.00521	1.0	111115
127	"09:30:01"	359.0	-18.3	1.37	510	28.8	3.04	6	1	2.84	37.11	36.59	37.09	500.36	504.12	2.717	30.671	4.36	49.23	600.0	-0	725	101.8	10.3	0.00521	1.0	111115
128	"09:30:03"	360.0	-18.2	1.36	510	28.8	3.04	6	1	2.84	37.11	36.59	37.09	500.45	504.08	2.721	30.658	4.37	49.21	600.0	-0	725	101.8	10.3	0.00521	1.0	111115
129	"09:30:04"	361.5	-18	1.36	510	28.8	3.04	6	1	2.84	37.12	36.59	37.09	500.53	504.06	2.727	30.640	4.38	49.18	600.0	-0	726	101.8	10.3	0.00521	1.0	111115
130	"09:30:05"	362.5	-18	1.35	510	28.8	3.05	6	1	2.84	37.12	36.59	37.10	500.57	504.04	2.730	30.602	4.38	49.11	600.0	-0	726	101.8	10.3	0.00521	1.0	111115
131	"09:30:07"	364.0	-18	1.35	510	28.7	3.05	6	1	2.84	37.12	36.60	37.10	500.52	504.02	2.736	30.594	4.39	49.09	600.0	-0	726	101.8	10.3	0.00521	1.0	111115
132	"09:30:08"	365.5	-18.1	1.35	510	28.7	3.05	6	1	2.84	37.12	36.60	37.10	500.46	504.08	2.742	30.576	4.40	49.06	600.0	-0	726	101.8	10.3	0.00521	1.0	111115
133	"09:30:09"	366.5	-18.1	1.34	510	28.7	3.06	6	1	2.84	37.12	36.60	37.10	500.51	504.10	2.746	30.563	4.41	49.03	600.0	-0	726	101.8	10.3	0.00521	1.0	111115
134	"09:30:10"	368.0	-18.1	1.34	510	28.7	3.06	6	1	2.84	37.13	36.61	37.10	500.48	504.15	2.751	30.538	4.41	48.98	600.0	-0	727	101.8	10.3	0.00521	1.0	111115
135	"09:30:12"	369.0	-17.9	1.34	510	28.6	3.06	6	1	2.84	37.13	36.61	37.11	500.56	504.07	2.755	30.518	4.42	48.95	600.0	-0	728	101.8	10.3	0.00521	1.0	111115
136	"09:30:13"	370.5	-18.2	1.33	510	28.6	3.07	6	1	2.84	37.13	36.61	37.11	500.35	504.12	2.760	30.505	4.43	48.92	600.0	-0	728	101.8	10.3	0.00521	1.0	111115
137	"09:30:14"	371.5	-18.3	1.33	511	28.6	3.07	6	1	2.84	37.13	36.61	37.11	500.28	504.16	2.764	30.490	4.43	48.89	600.0	-0	729	101.8	10.3	0.00521	1.0	111115
138	"09:30:15"	373.0	-18.3	1.33	511	28.6	3.07	6	1	2.84	37.14	36.62	37.11	500.29	504.22	2.770	30.478	4.44	48.86	600.0	-0	729	101.8	10.3	0.00521	1.0	111115
139	"09:30:17"	374.0	-18.3	1.32	511	28.6	3.07	6	1	2.84	37.14	36.62	37.11	500.34	504.26	2.774	30.466	4.45	48.84	600.0	-0	729	101.8	10.3	0.00521	1.0	111115
140	"09:30:18"	375.5	-18	1.32	510	28.5	3.08	6	1	2.84	37.14	36.63	37.12	500.55	504.13	2.779	30.454	4.45	48.81	600.0	-0	729	101.8	10.3	0.00521	1.0	111115
141	"09:30:19"	376.5	-17.9	1.32	510	28.5	3.08	6	1	2.84	37.14	36.64	37.12	500.60	504.10	2.783	30.436	4.46	48.78	600.0	-0	729	101.8	10.3	0.00521	1.0	111115
142	"09:30:20"	378.0	-17.9	1.31	510	28.5	3.08	6	1	2.84	37.14	36.64	37.12	500.59	504.09	2.788	30.421	4.47	48.75	600.0	-0	729	101.8	10.3	0.00521	1.0	111115
143	"09:30:22"	379.0	-18	1.31	510	28.5	3.09	6	1	2.84	37.15	36.64	37.12	500.46	504.11	2.792	30.414	4.47	48.73	600.0	-0	729	101.8	10.3	0.00521	1.0	111115
144	"09:30:23"	380.5	-18.2	1.31	511	28.5	3.09	6	1	2.84	37.15	36.65	37.12	500.32	504.20	2.798	30.415	4.48	48.73	600.0	-0	729	101.8	10.3	0.00521	1.0	111115
145	"09:30:24"	381.5	-18.3	1.31	511	28.5	3.09	6	1	2.84	37.15	36.65	37.12	500.29	504.21	2.802	30.417	4.49	48.72	600.0	-0	729	101.8	10.3	0.00521	1.0	111115
146	"09:30:25"	383.0	-18.2	1.31	511	28.5	3.09	6	1	2.84	37.15	36.65	37.12	500.35	504.21	2.808	30.411	4.50	48.71	600.0	-0	730	101.8	10.3	0.00521	1.0	111115
147	"09:30:27"	384.0	-18	1.3	510	28.4	3.09	6	1	2.84	37.15	36.66	37.13	500.45	504.16	2.812	30.388	4.50	48.67	600.0	-0	730	101.8	10.3	0.00521	1.0	111115
148	"09:30:28"	385.5	-18.1	1.3	511	28.4	3.1	6	1	2.84	37.16	36.66	37.13	500.45	504.22	2.818	30.359	4.51	48.62	600.0	-0	730	101.8	10.3	0.00521	1.0	111115
149	"09:30:29"	386.5	-18	1.3	510	28.4	3.1	6	1	2.84	37.16	36.66	37.13	500.48	504.21	2.822	30.348	4.52	48.59	600.0	-0	731	101.8	10.3	0.00521	1.0	111115
150	"09:30:30"	388.0	-18	1.29	510	28.4	3.1	6	1	2.84	37.16	36.67	37.13	500.53	504.23	2.828	30.328	4.53	48.55	600.0	-0	731	101.8	10.3	0.00521	1.0	111115
151	"09:30:32"	389.0	-17.9	1.29	510	28.3	3.11	6	1	2.84	37.16	36.68	37.13	500.59	504.23	2.833	30.312	4.53	48.52	600.0	-0	731	101.8	10.3	0.00521	1.0	111115
152	"09:30:33"	390.5	-17.8	1.29	510	28.3	3.11	6	1	2.84	37.17	36.68	37.14	500.66	504.22	2.840	30.297	4.55	48.49	600.0	-0	732	101.8	10.3	0.00521	1.0	111115
153	"09:30:34"	391.5	-17.9	1.28	510	28.3	3.11	6	1	2.84	37.17	36.68	37.14	500.61	504.28	2.843	30.286	4.55	48.47	600.0	-0	732	101.8	10.3	0.00521	1.0	111115
154	"09:30:35"	393.0	-18	1.28	511	28.3	3.11	6	1	2.84	37.17	36.68	37.14	500.54	504.27	2.850	30.275	4.56	48.45	600.0	-0	733	101.8	10.3	0.00521	1.0	111115
155	"09:30:37"	394.0	-18.1	1.28	511	28.3	3.12	6	1	2.84	37.17	36.69	37.14	500.47	504.33	2.853	30.265	4.57	48.43	600.0	-0	733	101.8	10.3	0.00521	1.0	111115
156	"09:30:38"	395.5	-18	1.27	511	28.2	3.12	6	1	2.84	37.17	36.69	37.14	500.50	504.24	2.860	30.248	4.58	48.39	600.0	-0	734	101.8	10.3	0.00521	1.0	111115
157	"09:30:39"	396.5	-18	1.27	511	28.2	3.12	6	1	2.84	37.18	36.70	37.14	500.51	504.26	2.864	30.238	4.58	48.37	600.0	-0	734	101.8	10.3	0.00521	1.0	111115
158	"09:30:40"	398.0	-17.8	1.27	510	28.2	3.12	6	1	2.84	37.18	36.70	37.15	500.62	504.20	2.868	30.222	4.59	48.34	600.0	-0	735	101.8	10.3	0.00521	1.0	111115
159	"09:30:42"	399.0	-17.7	1.27	510	28.2	3.13	6	1	2.84	37.18	36.70	37.15	500.70	504.17	2.872	30.211	4.59	48.32	600.0	-0	736	101.8	10.3	0.00521	1.0	111115
160	"09:30:43"	400.5	-17.6	1.26	510	28.2	3.13	6	1	2.84	37.18	36.70	37.15	500.75	504.15	2.879	30.189	4.60	48.27	600.0	-0	736	101.8	10.3	0.00521	1.0	111115
161	"09:30:44"	401.5	-17.6	1.26	510	28.1	3.13	6	1	2.84	37.19	36.71	37.15	500.71	504.13	2.883	30.178	4.61	48.25	600.0	-0	736	101.8	10.3	0.00521	1.0	111115
162	"09:30:45"	403.0	-17.8	1.26	510	28.1	3.14	6	1	2.84	37.19	36.71	37.16	500.58	504.22	2.890	30.162	4.62	48.22	600.0	-0	737	101.8	10.3	0.00521	1.0	111115
163	"09:30:47"	404.0	-17.9	1.26	511	28.1	3.14	6	1	2.84	37.19	36.72	37.16	500.55	504.24	2.894	30.154	4.63	48.20	600.0	-0	737	101.8	10.3	0.00521	1.0	111115
164	"09:30:48"	405.5	-17.8	1.25	510	28.1	3.14	6	1	2.84	37.19	36.72	37.16	500.58	504.19	2.899	30.140	4.63	48.17	600.0	-0	737	101.8	10.3	0.00521	1.0	111115
165	"09:30:49"	406.5	-17.7	1.25	510	28.1	3.14	6	1	2.84	37.20	36.72	37.16	500.63	504.14	2.902	30.126	4.64	48.14	600.0	-0	738	101.8	10.3	0.00521	1.0	111115
166	"09:30:50"	408.0	-17.4	1.25	510	28	3.15	6	1	2.84	37.20	36.73	37.16	500.81	504.05	2.909	30.103	4.65	48.10	600.0	-0	738	101.8	10.3	0.00521	1.0	111115
167	"09:30:52"	409.0	-17.5	1.24	510	28	3.15	6	1	2.84	37.20	36.73	37.16	500.75	504.13	2.913	30.093	4.65	48.08	600.0	-0	739	101.8	10.3	0.00521	1.0	111115
168	"09:30:53"	410.5	-17.5	1.24	510	28	3.15	6	1	2.84	37.20	36.73	37.17	500.76	504.17	2.919	30.083	4.66	48.05	600.0	-0	739	101.8	10.3	0.00521	1.0	111115
169	"09:30:54"	411.5	-17.6	1.24	510	28	3.15	6	1	2.84	37.21	36.73	37.17	500.70	504.18	2.923	30.076	4.67	48.04	600.0	-0	739	101.8	10.3	0.00521	1.0	111115
170	"09:30:55"	413.0	-17.5	1.24	510	28	3.15	6	1	2.84	37.21	36.74	37.17	500.70	504.14	2.929	30.063	4.68	48.01	600.0	-0	740	101.8	10.3	0.00521	1.0	111115
171	"09:30:57"	414.0	-17.6	1.24	510	28	3.15	6	1	2.84	37.21	36.74	37.17	500.66	504.17	2.934	30.051	4.68	47.98	600.0	0	740	101.8	10.3	0.00521	1.0	111115
172	"09:30:58"	415.5	-17.7	1.23	511	27.9	3.16	6	1	2.84	37.21	36.74	37.18	500.63	504.27	2.940	30.032	4.69	47.95	600.0	-0	741	101.8	10.3	0.00521	1.0	111115
173	"09:30:59"	416.5	-17.7	1.23	511	27.9	3.16	6	1	2.84	37.22	36.75	37.18	500.69	504.28	2.943	30.023	4.70	47.92	600.0	-0	741	101.8	10.3	0.00521	1.0	111115
174	"09:31:00"	418.0	-17.7	1.23	511	27.9	3.16	6	1	2.84	37.22	36.75	37.18	500.67	504.29	2.948	30.009	4.70	47.89	600.0	-0	742	101.8	10.3	0.00521	1.0	111115
175	"09:31:02"	419.0	-17.5	1.23	510	27.9	3.17	6	1	2.84	37.22	36.75	37.18	500.74	504.21	2.952	30.002	4.71	47.88	600.0	-0	743	101.8	10.3	0.00521	1.0	111115
176	"09:31:03"	420.5	-17.5	1.22	510	27.9	3.17	6	1	2.84	37.22	36.76	37.19	500.76	504.19	2.960	29.984	4.72	47.84	600.0	-0	744	101.8	10.3	0.00521	1.0	111115
177	"09:31:04"	421.5	-17.5	1.22	510	27.8	3.17	6	1	2.84	37.23	36.76	37.19	500.74	504.21	2.964	29.973	4.73	47.82	600.0	-0	744	101.8	10.3	0.00521	1.0	111115
178	"09:31:05"	423.0	-17.6	1.22	510	27.8	3.17	6	1	2.84	37.23	36.76	37.19	500.70	504.23	2.971	29.951	4.74	47.77	600.0	-0	745	101.8	10.3	0.00521	1.0	111115
179	"09:31:07"	423.5	-17.5	1.22	510	27.8	3.17	6	1	2.84	37.23	36.76	37.19	500.69	504.20	2.972	29.948	4.74	47.77	600.0	-0	745	101.8	10.3	0.00521	1.0	111115
180	"09:31:08"	425.5	-17.6	1.21	511	27.8	3.18	6	1	2.84	37.23	36.77	37.19	500.65	504.22	2.980	29.921	4.75	47.71	600.0	-0	746	101.8	10.3	0.00521	1.0	111115
181	"09:31:09"	426.5	-17.6	1.21	510	27.8	3.18	6	1	2.84	37.24	36.77	37.20	500.64	504.21	2.984	29.910	4.76	47.69	600.0	-0	746	101.8	10.3	0.00521	1.0	111115
182	"09:31:10"	428.0	-17.7	1.21	511	27.7	3.18	6	1	2.84	37.24	36.77	37.20	500.55	504.31	2.989	29.895	4.77	47.66	600.0	-0	747	101.8	10.3	0.00521	1.0	111115
183	"09:31:12"	429.0	-17.7	1.2	511	27.7	3.18	6	1	2.84	37.24	36.78	37.20	500.58	504.28	2.993	29.887	4.77	47.64	600.0	-0	747	101.8	10.3	0.00521	1.0	111115
184	"09:31:13"	429.5	-17.6	1.2	511	27.7	3.19	6	1	2.84	37.24	36.78	37.20	500.64	504.26	2.995	29.883	4.77	47.63	600.0	-0	748	101.8	10.3	0.00521	1.0	111115
185	"09:31:14"	431.5	-17.6	1.2	511	27.7	3.19	6	1	2.84	37.25	36.78	37.21	500.64	504.26	3.005	29.868	4.79	47.60	600.0	-0	749	101.8	10.3	0.00521	1.0	111115
186	"09:31:15"	433.0	-17.5	1.2	511	27.7	3.19	6	1	2.84	37.25	36.79	37.21	500.77	504.30	3.012	29.847	4.80	47.56	600.0	-0	749	101.8	10.3	0.00521	1.0	111115
187	"09:31:17"	434.0	-17.5	1.2	511	27.6	3.19	6	1	2.84	37.25	36.79	37.21	500.78	504.32	3.015	29.831	4.80	47.53	600.0	-0	749	101.8	10.3	0.00521	1.0	111115
188	"09:31:18"	435.5	-17.3	1.19	510	27.6	3.2	6	1	2.84	37.25	36.79	37.21	500.92	504.29	3.022	29.817	4.81	47.51	600.0	-0	750	101.8	10.3	0.00521	1.0	111115
189	"09:31:19"	436.5	-17.2	1.19	510	27.6	3.2	6	1	2.84	37.25	36.79	37.21	500.98	504.22	3.026	29.807	4.82	47.48	600.0	-0	751	101.8	10.3	0.00521	1.0	111115
190	"09:31:20"	438.0	-17.1	1.19	510	27.6	3.2	6	1	2.84	37.26	36.80	37.22	500.97	504.17	3.034	29.792	4.83	47.45	600.0	-0	752	101.8	10.3	0.00521	1.0	111115
191	"09:31:22"	439.0	-17.1	1.18	510	27.6	3.2	6	1	2.84	37.26	36.80	37.22	500.93	504.14	3.038	29.778	4.84	47.42	600.0	-0	753	101.8	10.3	0.00521	1.0	111115
192	"09:31:23"	440.5	-17.5	1.18	511	27.5	3.21	6	1	2.84	37.26	36.81	37.22	500.72	504.30	3.044	29.768	4.85	47.40	600.0	-0	753	101.8	10.3	0.00521	1.0	111115
193	"09:31:24"	441.5	-17.5	1.18	511	27.5	3.21	6	1	2.84	37.26	36.81	37.22	500.72	504.32	3.049	29.758	4.85	47.38	600.0	-0	754	101.8	10.3	0.00521	1.0	111115
194	"09:31:25"	443.0	-17.4	1.18	511	27.5	3.21	6	1	2.84	37.27	36.82	37.22	500.81	504.30	3.055	29.744	4.86	47.35	600.0	-0	755	101.8	10.3	0.00521	1.0	111115
195	"09:31:27"	444.0	-17.2	1.17	510	27.5	3.22	6	1	2.84	37.27	36.82	37.23	500.91	504.21	3.059	29.727	4.87	47.32	600.0	-0	756	101.8	10.3	0.00521	1.0	111115
196	"09:31:28"	445.5	-17.1	1.17	510	27.5	3.22	6	1	2.84	37.27	36.82	37.23	500.92	504.20	3.065	29.718	4.88	47.30	600.0	-0	756	101.8	10.3	0.00521	1.0	111115
197	"09:31:29"	446.5	-17.2	1.17	510	27.5	3.22	6	1	2.84	37.27	36.83	37.23	500.87	504.23	3.070	29.713	4.89	47.28	600.0	-0	757	101.8	10.3	0.00521	1.0	111115
198	"09:31:30"	448.0	-17.3	1.17	511	27.4	3.22	6	1	2.84	37.27	36.83	37.23	500.83	504.34	3.076	29.701	4.89	47.26	600.0	-0	757	101.8	10.3	0.00521	1.0	111115
199	"09:31:32"	449.0	-17.3	1.17	511	27.4	3.22	6	1	2.84	37.28	36.84	37.23	500.88	504.32	3.081	29.695	4.90	47.24	600.0	-0	758	101.8	10.3	0.00521	1.0	111115
200	"09:31:33"	450.5	-17.3	1.16	511	27.4	3.23	6	1	2.84	37.28	36.84	37.24	500.90	504.39	3.088	29.680	4.91	47.21	600.0	-0	758	101.8	10.3	0.00521	1.0	111115
201	"09:31:34"	451.5	-17.4	1.16	511	27.4	3.23	6	1	2.84	37.28	36.85	37.24	500.83	504.45	3.092	29.664	4.92	47.18	600.0	-0	759	101.8	10.3	0.00521	1.0	111115
202	"09:31:35"	452.0	-17.3	1.16	511	27.4	3.23	6	1	2.84	37.28	36.85	37.24	500.87	504.35	3.094	29.654	4.92	47.16	600.0	-0	759	101.8	10.3	0.00521	1.0	111115
203	"09:31:36"	454.0	-17.4	1.15	511	27.3	3.24	6	1	2.84	37.28	36.85	37.24	500.79	504.39	3.101	29.620	4.93	47.10	599.9	-0	760	101.8	10.3	0.00521	1.0	111115
204	"09:31:38"	455.0	-17.2	1.15	511	27.3	3.24	6	1	2.84	37.29	36.85	37.24	500.87	504.31	3.106	29.615	4.94	47.09	599.9	-0	761	101.8	10.3	0.00521	1.0	111115
205	"09:31:39"	456.5	-17.1	1.15	510	27.3	3.24	6	1	2.84	37.29	36.86	37.25	500.93	504.30	3.111	29.602	4.95	47.06	599.9	-0	762	101.8	10.3	0.00521	1.0	111115
206	"09:31:40"	457.5	-17.1	1.15	510	27.3	3.24	6	1	2.84	37.29	36.86	37.25	500.93	504.29	3.115	29.595	4.95	47.04	599.9	-0	762	101.8	10.3	0.00521	1.0	111115
207	"09:31:41"	459.0	-17.2	1.14	511	27.3	3.25	6	1	2.84	37.30	36.87	37.25	500.88	504.33	3.122	29.574	4.96	47.00	600.0	-0	763	101.8	10.3	0.00521	1.0	111115
208	"09:31:43"	460.0	-17.4	1.15	511	27.3	3.25	6	1	2.84	37.30	36.87	37.25	500.80	504.42	3.127	29.588	4.97	47.02	600.0	-0	764	101.8	10.3	0.00521	1.0	111115
209	"09:31:44"	461.5	-17.3	1.14	511	27.2	3.25	6	1	2.84	37.30	36.88	37.26	500.82	504.38	3.134	29.574	4.98	46.99	600.0	-0	765	101.8	10.3	0.00521	1.0	111115
210	"09:31:45"	462.5	-17.2	1.14	511	27.2	3.25	6	1	2.84	37.30	36.88	37.26	500.87	504.35	3.139	29.566	4.99	46.97	600.0	-0	765	101.8	10.3	0.00521	1.0	111115
211	"09:31:46"	464.0	-17.1	1.14	510	27.2	3.26	6	1	2.84	37.31	36.89	37.26	500.88	504.25	3.146	29.543	5.00	46.92	600.0	-0	766	101.8	10.3	0.00521	1.0	111115
212	"09:31:48"	465.0	-17	1.13	510	27.2	3.26	6	1	2.84	37.31	36.89	37.26	500.93	504.28	3.151	29.527	5.00	46.89	600.0	-0	767	101.8	10.3	0.00521	1.0	111115
213	"09:31:49"	466.5	-17.2	1.13	511	27.2	3.26	6	1	2.84	37.31	36.90	37.26	500.87	504.35	3.157	29.521	5.01	46.87	600.0	-0	768	101.8	10.3	0.00521	1.0	111115
214	"09:31:50"	467.5	-17.2	1.13	511	27.1	3.27	6	1	2.84	37.31	36.90	37.26	500.88	504.43	3.161	29.507	5.02	46.85	600.0	-0	769	101.8	10.3	0.00521	1.0	111115
215	"09:31:51"	469.0	-17.6	1.13	512	27.1	3.27	6	1	2.84	37.32	36.91	37.27	500.67	504.54	3.167	29.505	5.03	46.83	600.0	-0	770	101.8	10.3	0.00521	1.0	111115
216	"09:31:53"	470.0	-17.4	1.12	511	27.1	3.27	6	1	2.84	37.32	36.91	37.27	500.72	504.48	3.173	29.488	5.04	46.80	600.0	-0	771	101.8	10.3	0.00521	1.0	111115
217	"09:31:54"	471.5	-17.3	1.12	511	27.1	3.27	6	1	2.84	37.32	36.91	37.27	500.79	504.39	3.180	29.475	5.05	46.77	600.0	-0	762	101.8	10.3	0.00521	1.0	111115
218	"09:31:55"	472.5	-17	1.12	511	27.1	3.28	6	1	2.84	37.33	36.92	37.27	500.91	504.29	3.184	29.468	5.05	46.75	600.0	-0	758	101.8	10.3	0.00521	1.0	111115
219	"09:31:57"	474.0	-17	1.12	511	27.1	3.28	6	1	2.84	37.33	36.92	37.28	500.99	504.32	3.190	29.452	5.06	46.72	600.0	-0	758	101.8	10.3	0.00521	1.0	111115
220	"09:31:58"	475.5	-17.1	1.12	511	27	3.28	6	1	2.84	37.33	36.93	37.28	500.98	504.39	3.195	29.440	5.07	46.69	600.0	-0	767	101.8	10.3	0.00521	1.0	111115
221	"09:31:59"	476.5	-17	1.11	511	27	3.28	6	1	2.84	37.34	36.93	37.28	501.04	504.39	3.201	29.429	5.08	46.67	600.0	-0	771	101.8	10.3	0.00521	1.0	111115
222	"09:32:00"	478.0	-16.9	1.11	510	27	3.29	6	1	2.84	37.34	36.94	37.29	501.09	504.33	3.208	29.418	5.09	46.64	600.0	-0	768	101.8	10.3	0.00521	1.0	111115
223	"09:32:02"	479.0	-16.7	1.11	510	27	3.29	6	1	2.84	37.34	36.94	37.29	501.17	504.30	3.213	29.405	5.09	46.61	600.0	-0	761	101.8	10.3	0.00521	1.0	111115
224	"09:32:03"	480.5	-16.8	1.11	510	27	3.29	6	1	2.84	37.35	36.95	37.29	501.17	504.34	3.219	29.395	5.10	46.59	600.0	-0	740	101.8	10.3	0.00521	1.0	111115
225	"09:32:04"	481.5	-16.8	1.1	510	27	3.29	6	1	2.84	37.35	36.95	37.29	501.16	504.36	3.224	29.390	5.11	46.57	600.0	-0	727	101.8	10.3	0.00521	1.0	111115
226	"09:32:05"	483.0	-16.9	1.1	511	26.9	3.3	6	1	2.84	37.35	36.96	37.30	501.08	504.38	3.231	29.381	5.12	46.55	600.0	-0	726	101.8	10.3	0.00521	1.0	111115
227	"09:32:07"	484.0	-16.9	1.1	511	26.9	3.3	6	1	2.84	37.35	36.96	37.30	501.05	504.40	3.235	29.367	5.13	46.52	600.0	-0	740	101.8	10.3	0.00521	1.0	111115
228	"09:32:08"	485.5	-16.9	1.1	511	26.9	3.3	6	1	2.84	37.36	36.97	37.30	501.10	504.44	3.242	29.351	5.13	46.49	600.0	-0	779	101.8	10.3	0.00521	1.0	111115
229	"09:32:09"	486.5	-16.9	1.09	511	26.9	3.31	6	1	2.84	37.36	36.97	37.30	501.12	504.41	3.246	29.339	5.14	46.46	600.0	-0	785	101.8	10.3	0.00521	1.0	111115
230	"09:32:10"	488.0	-16.8	1.09	511	26.9	3.31	6	1	2.84	37.36	36.97	37.31	501.13	504.41	3.253	29.323	5.15	46.43	600.0	-0	784	101.8	10.3	0.00521	1.0	111115
231	"09:32:12"	489.0	-16.8	1.09	511	26.8	3.31	6	1	2.84	37.37	36.98	37.31	501.11	504.39	3.258	29.314	5.16	46.41	600.0	-0	762	101.8	10.3	0.00521	1.0	111115
232	"09:32:13"	490.5	-16.9	1.09	511	26.8	3.32	6	1	2.84	37.37	36.99	37.31	501.04	504.42	3.266	29.300	5.17	46.38	600.0	-0	716	101.8	10.3	0.00521	1.0	111115
233	"09:32:14"	491.5	-17	1.08	511	26.8	3.32	6	1	2.84	37.37	36.99	37.31	500.96	504.46	3.270	29.288	5.18	46.35	600.0	-0	683	101.8	10.3	0.00521	1.0	111115
234	"09:32:15"	493.0	-17.1	1.08	511	26.8	3.32	6	1	2.84	37.38	36.99	37.32	500.90	504.44	3.277	29.273	5.19	46.32	600.0	-0	649	101.8	10.3	0.00521	1.0	111115
235	"09:32:17"	494.0	-17.1	1.08	511	26.8	3.32	6	1	2.84	37.38	37.00	37.32	500.87	504.45	3.282	29.266	5.19	46.30	600.0	-0	642	101.8	10.3	0.00521	1.0	111115
236	"09:32:18"	495.5	-17	1.08	511	26.7	3.33	6	1	2.84	37.38	37.00	37.32	500.95	504.44	3.288	29.254	5.20	46.27	600.0	-0	637	101.8	10.3	0.00521	1.0	111115
237	"09:32:19"	496.5	-16.9	1.08	511	26.7	3.33	6	1	2.84	37.38	37.00	37.32	501.02	504.41	3.293	29.245	5.21	46.25	600.0	-0	637	101.8	10.3	0.00521	1.0	111115
238	"09:32:20"	498.0	-16.8	1.07	511	26.7	3.33	6	1	2.84	37.39	37.00	37.33	501.12	504.42	3.299	29.230	5.22	46.22	600.0	-0	652	101.8	10.3	0.00521	1.0	111115
239	"09:32:22"	499.0	-16.7	1.07	511	26.7	3.33	6	1	2.84	37.39	37.01	37.33	501.12	504.39	3.304	29.216	5.22	46.20	600.0	-0	669	101.8	10.3	0.00521	1.0	111115
240	"09:32:23"	500.5	-16.6	1.07	510	26.7	3.33	6	1	2.84	37.39	37.01	37.33	501.09	504.28	3.311	29.197	5.23	46.16	600.0	-0	690	101.8	10.3	0.00521	1.0	111115
241	"09:32:24"	501.5	-16.7	1.07	510	26.7	3.34	6	1	2.84	37.39	37.01	37.34	501.06	504.27	3.316	29.188	5.24	46.14	600.0	-0	682	101.8	10.3	0.00521	1.0	111115
