"OPEN 5.3.2"
"Fri Aug  3 2018 11:23:52"
"Unit="	"PSC-895"
"ComputeList="	"/User/Configs/Comps/Default"
"BLCTable="	"/Sys/Lib/StdBLCTable"
"LightSource="	"Sun+Sky"	1	0.19
"LogFormat="	"/User/Configs/LogFormats/Std Output"
"LogCodes="	-35	-21	-36	30	23	36	21	25	-33	-34	-32	-9	-10	-8	-1	-2	-4	-5	-14	-15	-7	-12	-13	-11	-65	-66	-72	-23
"PromptList="	"/User/Configs/Prompts/Default (none)"
"Stability= (CO2S 15s SLP<1)(H2OS 15s SLP<1)(Flow 15s SLP<1)"
"11:23:53 "
$STARTOFDATA$
"Obs"	"HHMMSS"	"FTime"	"Photo"	"Cond"	"Ci"	"Trmmol"	"VpdL"	"Area"	"StmRat"	"BLCond"	"Tair"	"Tleaf"	"TBlk"	"CO2R"	"CO2S"	"H2OR"	"H2OS"	"RH_R"	"RH_S"	"Flow"	"PARi"	"PARo"	"Press"	"CsMch"	"HsMch"	"StableF"	"Status"
1	"11:27:46"	284.0	-2.39	0.197	490	6.68	3.49	6	1	2.84	39.89	39.19	39.90	499.13	498.19	28.954	35.398	39.99	48.89	599.9	-0	138	101.8	14.8	0.0562	0.0	111115
2	"11:27:47"	285.0	-2.11	0.197	488	6.67	3.5	6	1	2.84	39.89	39.20	39.90	499.28	498.07	28.955	35.392	39.99	48.88	600.0	-0	148	101.8	14.8	0.0562	0.7	111115
3	"11:27:48"	285.5	-2.11	0.197	488	6.67	3.5	6	1	2.84	39.89	39.20	39.90	499.30	498.09	28.954	35.389	39.99	48.88	599.9	-0	150	101.8	14.8	0.0562	0.7	111115
4	"11:27:50"	287.5	-1.89	0.196	486	6.66	3.5	6	1	2.84	39.89	39.20	39.90	499.52	498.09	28.955	35.380	39.99	48.86	599.9	-0	396	101.8	14.8	0.0562	0.7	111115
5	"11:27:51"	289.0	-1.77	0.196	485	6.66	3.5	6	1	2.84	39.90	39.20	39.90	499.70	498.16	28.953	35.374	39.99	48.86	600.0	-0	675	101.8	14.8	0.0562	1.0	111115
6	"11:27:53"	290.5	-1.66	0.196	484	6.65	3.5	6	1	2.84	39.90	39.20	39.90	499.87	498.21	28.951	35.370	39.98	48.85	600.0	-0	1146	101.8	14.8	0.0562	1.0	111115
7	"11:27:54"	291.5	-1.55	0.196	483	6.65	3.5	6	1	2.84	39.90	39.20	39.90	499.97	498.21	28.951	35.366	39.98	48.84	600.0	-0	1288	101.8	14.8	0.0562	1.0	111115
8	"11:27:55"	293.0	-1.48	0.196	483	6.65	3.5	6	1	2.84	39.90	39.21	39.90	500.06	498.23	28.951	35.365	39.98	48.84	600.0	-0	1546	101.8	14.8	0.0562	1.0	111115
9	"11:27:56"	293.5	-1.46	0.196	483	6.65	3.5	6	1	2.84	39.90	39.21	39.90	500.09	498.24	28.952	35.365	39.98	48.84	600.0	-0	1559	101.8	14.8	0.0562	1.0	111115
10	"11:27:57"	295.0	-1.46	0.196	483	6.65	3.5	6	1	2.84	39.90	39.21	39.90	500.13	498.28	28.952	35.366	39.98	48.84	600.1	-0	1589	101.8	14.8	0.0562	1.0	111115
11	"11:27:59"	296.5	-1.55	0.196	484	6.66	3.5	6	1	2.84	39.90	39.21	39.90	500.12	498.36	28.953	35.377	39.98	48.85	600.1	-0	1604	101.8	14.8	0.0562	1.0	111115
12	"11:28:00"	297.5	-1.66	0.196	484	6.67	3.5	6	1	2.84	39.90	39.21	39.91	500.09	498.43	28.954	35.386	39.98	48.86	600.0	-0	1603	101.8	14.8	0.0562	0.7	111115
13	"11:28:01"	299.0	-1.71	0.197	485	6.7	3.5	6	1	2.84	39.90	39.22	39.91	500.10	498.47	28.957	35.416	39.98	48.90	599.9	-0	1599	101.8	14.8	0.0562	0.7	111115
14	"11:28:02"	300.0	-1.69	0.198	485	6.72	3.5	6	1	2.84	39.90	39.22	39.91	500.13	498.47	28.959	35.444	39.98	48.94	599.9	-0	1596	101.8	14.8	0.0562	0.7	111115
15	"11:28:04"	301.5	-1.67	0.199	484	6.76	3.5	6	1	2.84	39.90	39.23	39.91	500.16	498.46	28.962	35.486	39.98	48.99	600.0	-0	1592	101.8	14.8	0.0562	0.7	111115
16	"11:28:05"	302.5	-1.71	0.2	485	6.79	3.5	6	1	2.84	39.91	39.24	39.91	500.16	498.48	28.965	35.516	39.98	49.02	600.0	-0	1590	101.8	14.8	0.0562	0.7	111115
17	"11:28:06"	304.0	-1.69	0.202	484	6.84	3.5	6	1	2.84	39.91	39.24	39.91	500.21	498.50	28.967	35.562	39.98	49.08	600.0	-0	1591	101.8	14.8	0.0562	0.7	111115
18	"11:28:07"	305.0	-1.71	0.203	485	6.87	3.5	6	1	2.84	39.91	39.24	39.91	500.25	498.54	28.970	35.596	39.98	49.12	600.0	-0	1594	101.8	14.8	0.0562	0.7	111115
19	"11:28:09"	306.5	-1.88	0.205	486	6.92	3.49	6	1	2.84	39.91	39.25	39.92	500.21	498.64	28.972	35.641	39.97	49.17	600.1	-0	1601	101.8	14.8	0.0562	0.7	111115
20	"11:28:10"	307.5	-2.1	0.205	488	6.94	3.49	6	1	2.84	39.92	39.25	39.92	500.10	498.74	28.973	35.661	39.97	49.20	600.1	-0	1610	101.8	14.8	0.0562	0.3	111115
21	"11:28:11"	309.0	-2.26	0.207	489	6.98	3.49	6	1	2.84	39.92	39.26	39.92	500.05	498.84	28.975	35.704	39.96	49.25	600.0	-0	1615	101.8	14.8	0.0562	0.3	111115
22	"11:28:12"	310.0	-2.17	0.208	488	7	3.49	6	1	2.84	39.92	39.26	39.92	500.10	498.77	28.976	35.731	39.96	49.28	600.0	-0	1616	101.8	14.8	0.0562	0.3	111115
23	"11:28:14"	311.5	-2.21	0.209	488	7.05	3.49	6	1	2.84	39.93	39.27	39.92	500.08	498.77	28.980	35.774	39.96	49.33	600.0	-0	1619	101.8	14.8	0.0562	0.3	111115
24	"11:28:15"	312.5	-2.32	0.21	489	7.07	3.48	6	1	2.84	39.93	39.27	39.92	500.02	498.81	28.982	35.796	39.96	49.35	600.0	-0	1623	101.8	14.8	0.0562	0.3	111115
25	"11:28:16"	314.0	-2.62	0.211	492	7.09	3.48	6	1	2.84	39.93	39.28	39.93	499.86	498.94	28.985	35.824	39.95	49.38	600.0	-0	1627	101.8	14.8	0.0562	0.3	111115
26	"11:28:17"	315.0	-2.52	0.211	491	7.1	3.48	6	1	2.84	39.93	39.28	39.93	499.93	498.91	28.987	35.836	39.95	49.39	600.0	-0	1624	101.8	14.8	0.0562	0.3	111115
27	"11:28:19"	316.5	-2.21	0.212	488	7.13	3.48	6	1	2.84	39.94	39.29	39.93	500.15	498.81	28.991	35.863	39.95	49.42	600.0	-0	1565	101.8	14.8	0.0562	0.3	111115
28	"11:28:20"	317.5	-2	0.212	487	7.14	3.48	6	1	2.84	39.94	39.29	39.93	500.29	498.73	28.996	35.882	39.95	49.44	600.0	-0	1231	101.8	14.8	0.0562	0.3	111115
29	"11:28:21"	319.0	-2.17	0.214	488	7.18	3.48	6	1	2.84	39.94	39.29	39.94	500.19	498.78	29.001	35.923	39.95	49.48	600.1	-0	1181	101.8	14.8	0.0562	0.3	111115
30	"11:28:22"	320.0	-2.23	0.215	488	7.2	3.48	6	1	2.84	39.95	39.30	39.94	500.14	498.78	29.001	35.941	39.94	49.50	600.0	-0	1126	101.8	14.8	0.0562	0.3	111115
31	"11:28:24"	321.5	-2.32	0.215	489	7.22	3.48	6	1	2.84	39.95	39.30	39.94	500.14	498.86	28.998	35.958	39.93	49.52	600.0	-0	1498	101.8	14.8	0.0562	0.7	111115
32	"11:28:25"	322.5	-2.26	0.215	489	7.23	3.48	6	1	2.84	39.95	39.30	39.95	500.21	498.87	28.997	35.964	39.92	49.52	600.0	-0	1531	101.8	14.8	0.0562	0.7	111115
33	"11:28:26"	324.0	-2.19	0.215	488	7.23	3.48	6	1	2.84	39.96	39.31	39.95	500.31	498.89	28.994	35.966	39.91	49.51	600.0	-0	1593	101.8	14.8	0.0562	0.7	111115
34	"11:28:27"	325.0	-2.26	0.215	488	7.23	3.48	6	1	2.84	39.96	39.31	39.95	500.24	498.88	28.993	35.966	39.90	49.50	600.0	-0	1596	101.8	14.8	0.0562	0.7	111115
35	"11:28:28"	325.5	-2.23	0.215	488	7.23	3.48	6	1	2.84	39.96	39.31	39.95	500.24	498.87	28.993	35.962	39.90	49.49	600.0	-0	1596	101.8	14.8	0.0562	0.7	111115
36	"11:28:30"	327.5	-2.18	0.214	488	7.21	3.49	6	1	2.84	39.97	39.32	39.96	500.23	498.82	28.998	35.947	39.90	49.46	600.0	-0	1596	101.8	14.8	0.0562	1.0	111115
37	"11:28:31"	328.5	-2.13	0.214	487	7.19	3.49	6	1	2.84	39.97	39.32	39.96	500.24	498.78	29.002	35.938	39.90	49.44	600.0	-0	1596	101.8	14.8	0.0562	1.0	111115
38	"11:28:32"	330.0	-2.14	0.213	488	7.17	3.5	6	1	2.84	39.97	39.33	39.96	500.25	498.81	29.010	35.920	39.90	49.41	600.0	-0	1595	101.8	14.8	0.0562	1.0	111115
39	"11:28:33"	331.0	-2.11	0.212	487	7.15	3.5	6	1	2.84	39.97	39.33	39.96	500.25	498.79	29.014	35.909	39.90	49.38	600.0	-0	1594	101.8	14.8	0.0562	1.0	111115
40	"11:28:35"	332.5	-2.04	0.211	487	7.13	3.5	6	1	2.84	39.98	39.34	39.97	500.26	498.75	29.020	35.899	39.90	49.36	600.0	-0	1593	101.8	14.8	0.0562	1.0	111115
41	"11:28:36"	333.5	-2.12	0.211	488	7.13	3.5	6	1	2.84	39.98	39.34	39.97	500.23	498.79	29.023	35.893	39.90	49.35	600.0	-0	1592	101.8	14.8	0.0562	1.0	111115
42	"11:28:37"	335.0	-2.12	0.21	488	7.11	3.5	6	1	2.84	39.98	39.34	39.98	500.20	498.77	29.030	35.885	39.90	49.33	600.0	-0	1590	101.8	14.8	0.0562	1.0	111115
43	"11:28:38"	336.0	-2.22	0.21	488	7.1	3.5	6	1	2.84	39.99	39.34	39.98	500.14	498.82	29.034	35.880	39.90	49.31	600.0	-0	1589	101.8	14.8	0.0562	1.0	111115
44	"11:28:40"	337.5	-2.31	0.209	489	7.08	3.51	6	1	2.84	39.99	39.35	39.98	500.13	498.91	29.041	35.870	39.90	49.28	600.1	-0	1588	101.8	14.8	0.0562	1.0	111115
45	"11:28:41"	338.5	-2.39	0.209	490	7.08	3.51	6	1	2.84	40.00	39.35	39.98	500.12	498.98	29.043	35.864	39.90	49.27	600.0	-0	1587	101.8	14.8	0.0562	1.0	111115
46	"11:28:42"	340.0	-2.25	0.208	489	7.06	3.51	6	1	2.84	40.00	39.35	39.99	500.18	498.91	29.050	35.853	39.90	49.24	600.0	-0	1586	101.8	14.8	0.0562	1.0	111115
47	"11:28:43"	340.5	-2.22	0.208	489	7.05	3.51	6	1	2.84	40.00	39.36	39.99	500.18	498.88	29.053	35.852	39.90	49.24	600.0	-0	1585	101.8	14.8	0.0562	1.0	111115
48	"11:28:45"	342.5	-2.32	0.207	489	7.03	3.52	6	1	2.84	40.01	39.36	40.00	500.07	498.88	29.059	35.840	39.90	49.21	600.0	-0	1583	101.8	14.8	0.0562	1.0	111115
49	"11:28:46"	343.5	-2.37	0.207	490	7.03	3.52	6	1	2.84	40.01	39.37	40.00	500.05	498.91	29.061	35.837	39.89	49.20	600.0	-0	1582	101.8	14.8	0.0562	1.0	111115
50	"11:28:47"	345.0	-2.21	0.206	489	7.01	3.52	6	1	2.84	40.01	39.37	40.00	500.20	498.91	29.067	35.829	39.89	49.17	600.0	-0	1581	101.8	14.8	0.0562	1.0	111115
51	"11:28:48"	346.0	-2.07	0.206	487	7	3.52	6	1	2.84	40.02	39.37	40.00	500.29	498.86	29.069	35.822	39.89	49.16	600.0	-0	1581	101.8	14.8	0.0562	1.0	111115
52	"11:28:50"	347.5	-1.9	0.205	486	6.99	3.52	6	1	2.84	40.02	39.38	40.01	500.32	498.74	29.077	35.814	39.89	49.13	600.1	-0	1580	101.8	14.8	0.0562	1.0	111115
53	"11:28:51"	348.5	-1.93	0.205	486	6.98	3.53	6	1	2.84	40.02	39.38	40.01	500.27	498.72	29.081	35.811	39.89	49.12	600.0	-0	1579	101.8	14.8	0.0562	1.0	111115
54	"11:28:52"	350.0	-1.97	0.204	487	6.97	3.53	6	1	2.84	40.03	39.38	40.01	500.29	498.78	29.089	35.812	39.89	49.11	600.0	-0	1578	101.8	14.8	0.0562	1.0	111115
55	"11:28:53"	351.0	-1.82	0.204	485	6.97	3.53	6	1	2.84	40.03	39.39	40.02	500.39	498.73	29.092	35.814	39.89	49.11	600.0	-0	1578	101.8	14.8	0.0562	1.0	111115
56	"11:28:55"	352.5	-1.75	0.204	485	6.96	3.53	6	1	2.84	40.03	39.39	40.02	500.46	498.73	29.099	35.813	39.89	49.09	600.0	-0	1578	101.8	14.8	0.0562	1.0	111115
57	"11:28:56"	353.5	-1.72	0.204	485	6.96	3.53	6	1	2.84	40.04	39.40	40.02	500.46	498.71	29.102	35.813	39.89	49.09	600.0	-0	1578	101.8	14.8	0.0562	1.0	111115
58	"11:28:57"	355.0	-1.79	0.203	485	6.95	3.53	6	1	2.84	40.04	39.40	40.03	500.38	498.71	29.109	35.813	39.89	49.08	600.0	-0	1577	101.8	14.8	0.0562	1.0	111115
59	"11:28:58"	356.0	-1.73	0.203	485	6.95	3.54	6	1	2.84	40.05	39.41	40.03	500.41	498.68	29.113	35.809	39.89	49.06	600.0	-0	1577	101.8	14.8	0.0562	1.0	111115
60	"11:29:00"	357.5	-1.81	0.203	485	6.94	3.54	6	1	2.84	40.05	39.41	40.04	500.38	498.73	29.119	35.810	39.89	49.05	600.0	-0	1577	101.8	14.8	0.0562	1.0	111115
61	"11:29:01"	358.5	-1.78	0.203	485	6.94	3.54	6	1	2.84	40.05	39.41	40.04	500.40	498.72	29.121	35.810	39.88	49.04	600.0	-0	1576	101.8	14.8	0.0562	1.0	111115
62	"11:29:02"	360.0	-1.76	0.202	485	6.93	3.54	6	1	2.84	40.06	39.41	40.04	500.38	498.68	29.126	35.806	39.88	49.03	600.0	-0	1576	101.8	14.8	0.0562	1.0	111115
63	"11:29:03"	361.0	-1.72	0.202	485	6.93	3.54	6	1	2.84	40.06	39.42	40.05	500.40	498.67	29.128	35.806	39.87	49.02	600.0	-0	1576	101.8	14.8	0.0562	1.0	111115
64	"11:29:04"	361.5	-1.71	0.202	484	6.92	3.54	6	1	2.84	40.06	39.42	40.05	500.42	498.68	29.130	35.803	39.87	49.01	600.0	-0	1575	101.8	14.8	0.0562	1.0	111115
65	"11:29:06"	363.5	-1.79	0.201	485	6.92	3.55	6	1	2.84	40.07	39.43	40.06	500.41	498.75	29.137	35.808	39.87	49.00	600.0	-0	1575	101.8	14.8	0.0562	1.0	111115
66	"11:29:07"	365.0	-1.81	0.201	485	6.91	3.55	6	1	2.84	40.07	39.44	40.06	500.40	498.77	29.141	35.805	39.87	48.98	600.1	-0	1575	101.8	14.8	0.0562	1.0	111115
67	"11:29:09"	365.5	-1.77	0.201	485	6.91	3.55	6	1	2.84	40.07	39.44	40.06	500.43	498.76	29.143	35.807	39.87	48.98	600.1	-0	1575	101.8	14.8	0.0562	1.0	111115
68	"11:29:10"	367.5	-1.83	0.2	486	6.89	3.55	6	1	2.84	40.08	39.44	40.07	500.34	498.73	29.151	35.798	39.86	48.95	600.1	-0	1574	101.8	14.8	0.0562	1.0	111115
69	"11:29:11"	369.0	-1.93	0.2	486	6.89	3.55	6	1	2.84	40.09	39.45	40.07	500.28	498.77	29.157	35.803	39.86	48.94	600.0	-0	1575	101.8	14.8	0.0562	1.0	111115
70	"11:29:12"	370.0	-1.94	0.2	486	6.89	3.56	6	1	2.84	40.09	39.46	40.08	500.27	498.77	29.161	35.804	39.86	48.94	600.0	-0	1575	101.8	14.8	0.0562	1.0	111115
71	"11:29:14"	371.5	-1.81	0.2	485	6.89	3.56	6	1	2.84	40.10	39.46	40.08	500.40	498.78	29.164	35.808	39.85	48.93	600.0	-0	1577	101.8	14.8	0.0562	1.0	111115
72	"11:29:15"	372.5	-1.76	0.2	485	6.88	3.56	6	1	2.84	40.10	39.46	40.08	500.43	498.76	29.168	35.804	39.85	48.91	600.0	-0	1578	101.8	14.8	0.0562	1.0	111115
73	"11:29:16"	374.0	-1.8	0.199	485	6.87	3.56	6	1	2.84	40.10	39.47	40.09	500.38	498.76	29.173	35.799	39.84	48.89	600.0	-0	1581	101.8	14.8	0.0562	1.0	111115
74	"11:29:17"	375.0	-1.8	0.199	485	6.87	3.56	6	1	2.84	40.11	39.47	40.09	500.35	498.72	29.177	35.800	39.84	48.89	600.0	-0	1585	101.8	14.8	0.0562	1.0	111115
75	"11:29:19"	376.5	-1.85	0.199	486	6.87	3.56	6	1	2.84	40.11	39.47	40.10	500.30	498.73	29.180	35.800	39.84	48.88	600.0	-0	1591	101.8	14.8	0.0562	1.0	111115
76	"11:29:20"	377.5	-1.84	0.199	486	6.86	3.56	6	1	2.84	40.12	39.47	40.10	500.32	498.73	29.183	35.801	39.83	48.87	600.0	-0	1597	101.8	14.8	0.0562	1.0	111115
77	"11:29:21"	379.0	-1.93	0.199	486	6.86	3.56	6	1	2.84	40.12	39.48	40.11	500.28	498.79	29.186	35.802	39.83	48.86	600.0	-0	1603	101.8	14.8	0.0562	1.0	111115
78	"11:29:22"	380.0	-1.85	0.198	486	6.86	3.57	6	1	2.84	40.12	39.48	40.11	500.32	498.75	29.187	35.804	39.82	48.85	599.9	-0	1574	101.8	14.8	0.0562	1.0	111115
79	"11:29:24"	381.5	-1.73	0.198	485	6.86	3.57	6	1	2.84	40.13	39.49	40.11	500.42	498.73	29.192	35.804	39.82	48.84	600.0	-0	1396	101.8	14.8	0.0562	1.0	111115
80	"11:29:25"	382.5	-1.75	0.198	485	6.86	3.57	6	1	2.84	40.13	39.50	40.12	500.41	498.74	29.195	35.807	39.81	48.83	600.0	-0	1257	101.8	14.8	0.0562	1.0	111115
81	"11:29:26"	384.0	-1.8	0.198	485	6.86	3.57	6	1	2.84	40.14	39.50	40.12	500.37	498.75	29.201	35.813	39.81	48.83	600.0	-0	975	101.8	14.8	0.0562	1.0	111115
82	"11:29:27"	385.0	-1.9	0.198	486	6.85	3.57	6	1	2.84	40.14	39.50	40.13	500.29	498.77	29.205	35.812	39.81	48.82	600.0	-0	861	101.8	14.8	0.0562	1.0	111115
83	"11:29:29"	386.5	-1.75	0.197	485	6.84	3.57	6	1	2.84	40.14	39.51	40.13	500.33	498.67	29.212	35.808	39.81	48.80	600.0	-0	734	101.8	14.8	0.0562	1.0	111115
84	"11:29:30"	387.5	-1.72	0.197	485	6.83	3.58	6	1	2.84	40.15	39.51	40.13	500.37	498.68	29.214	35.803	39.81	48.78	600.0	-0	746	101.8	14.8	0.0562	1.0	111115
85	"11:29:31"	389.0	-1.68	0.197	484	6.83	3.58	6	1	2.84	40.15	39.51	40.14	500.39	498.67	29.218	35.801	39.80	48.77	600.0	-0	849	101.8	14.8	0.0562	1.0	111115
86	"11:29:32"	390.0	-1.83	0.196	486	6.82	3.58	6	1	2.84	40.16	39.52	40.14	500.33	498.75	29.220	35.795	39.80	48.75	600.0	-0	873	101.8	14.8	0.0562	1.0	111115
87	"11:29:34"	391.5	-1.82	0.196	485	6.82	3.58	6	1	2.84	40.16	39.52	40.15	500.32	498.74	29.222	35.794	39.79	48.74	600.0	-0	786	101.8	14.8	0.0562	1.0	111115
88	"11:29:35"	392.5	-1.97	0.196	487	6.81	3.58	6	1	2.84	40.16	39.52	40.15	500.22	498.80	29.223	35.789	39.78	48.72	600.0	-0	646	101.8	14.8	0.0562	1.0	111115
89	"11:29:36"	394.0	-1.89	0.195	486	6.8	3.59	6	1	2.84	40.17	39.53	40.15	500.25	498.75	29.222	35.782	39.77	48.70	600.0	-0	462	101.8	14.8	0.0562	1.0	111115
90	"11:29:37"	395.0	-1.82	0.195	485	6.79	3.59	6	1	2.84	40.17	39.53	40.16	500.28	498.72	29.224	35.773	39.77	48.68	600.0	-0	401	101.8	14.8	0.0562	1.0	111115
91	"11:29:39"	396.5	-1.72	0.194	485	6.78	3.59	6	1	2.84	40.18	39.54	40.16	500.33	498.66	29.225	35.763	39.76	48.65	600.0	-0	385	101.8	14.8	0.0562	1.0	111115
92	"11:29:40"	397.5	-1.75	0.194	485	6.77	3.59	6	1	2.84	40.18	39.54	40.17	500.31	498.69	29.226	35.752	39.76	48.63	600.0	-0	413	101.8	14.8	0.0562	1.0	111115
93	"11:29:41"	399.0	-1.76	0.193	485	6.75	3.6	6	1	2.84	40.18	39.55	40.17	500.32	498.72	29.227	35.738	39.75	48.60	600.0	-0	460	101.8	14.8	0.0562	1.0	111115
94	"11:29:42"	400.0	-1.88	0.193	486	6.75	3.6	6	1	2.84	40.19	39.55	40.17	500.28	498.80	29.227	35.732	39.74	48.59	600.0	-0	485	101.8	14.8	0.0562	1.0	111115
95	"11:29:44"	401.5	-1.64	0.192	484	6.74	3.6	6	1	2.84	40.19	39.56	40.18	500.40	498.68	29.226	35.722	39.73	48.56	600.0	-0	493	101.8	14.8	0.0562	1.0	111115
96	"11:29:45"	402.5	-1.59	0.192	484	6.73	3.6	6	1	2.84	40.19	39.56	40.18	500.41	498.64	29.227	35.717	39.73	48.55	600.0	-0	497	101.8	14.8	0.0562	1.0	111115
97	"11:29:46"	404.0	-1.51	0.192	483	6.71	3.61	6	1	2.84	40.20	39.56	40.19	500.41	498.57	29.229	35.703	39.72	48.52	600.0	-0	512	101.8	14.8	0.0562	1.0	111115
98	"11:29:47"	405.0	-1.62	0.191	484	6.7	3.61	6	1	2.84	40.20	39.56	40.19	500.35	498.63	29.231	35.693	39.72	48.50	600.1	-0	543	101.8	14.8	0.0562	1.0	111115
99	"11:29:49"	406.5	-1.64	0.191	484	6.69	3.61	6	1	2.84	40.20	39.56	40.19	500.33	498.64	29.232	35.683	39.71	48.47	600.0	-0	568	101.8	14.8	0.0562	1.0	111115
100	"11:29:50"	407.5	-1.59	0.191	484	6.69	3.61	6	1	2.84	40.21	39.56	40.20	500.37	498.62	29.230	35.678	39.70	48.46	600.0	-0	570	101.8	14.8	0.0562	1.0	111115
101	"11:29:51"	408.0	-1.59	0.19	484	6.68	3.61	6	1	2.84	40.21	39.56	40.20	500.36	498.62	29.230	35.674	39.70	48.45	600.0	-0	572	101.8	14.8	0.0562	1.0	111115
102	"11:29:52"	410.0	-1.64	0.19	484	6.67	3.61	6	1	2.84	40.21	39.56	40.20	500.33	498.64	29.231	35.665	39.69	48.42	599.9	-0	535	101.8	14.8	0.0562	1.0	111115
103	"11:29:54"	411.5	-1.7	0.19	485	6.67	3.61	6	1	2.84	40.22	39.57	40.21	500.23	498.61	29.234	35.662	39.68	48.41	600.0	-0	534	101.8	14.8	0.0562	1.0	111115
104	"11:29:55"	412.5	-1.7	0.189	485	6.66	3.61	6	1	2.84	40.22	39.57	40.21	500.23	498.61	29.235	35.658	39.68	48.40	600.0	-0	536	101.8	14.8	0.0562	1.0	111115
105	"11:29:56"	414.0	-1.69	0.189	485	6.65	3.62	6	1	2.84	40.22	39.57	40.22	500.23	498.61	29.236	35.646	39.68	48.37	600.0	-0	538	101.8	14.8	0.0562	1.0	111115
106	"11:29:57"	415.0	-1.7	0.189	485	6.64	3.62	6	1	2.84	40.23	39.58	40.22	500.22	498.61	29.236	35.642	39.67	48.36	600.0	-0	526	101.8	14.8	0.0562	1.0	111115
107	"11:29:59"	416.5	-1.72	0.188	485	6.62	3.62	6	1	2.84	40.23	39.58	40.22	500.20	498.62	29.240	35.628	39.67	48.33	600.0	-0	498	101.8	14.8	0.0562	1.0	111115
108	"11:30:00"	417.5	-1.74	0.188	485	6.62	3.62	6	1	2.84	40.23	39.58	40.23	500.17	498.61	29.241	35.621	39.66	48.32	600.0	-0	480	101.8	14.8	0.0562	1.0	111115
109	"11:30:01"	419.0	-1.74	0.187	485	6.61	3.63	6	1	2.84	40.24	39.59	40.23	500.17	498.62	29.244	35.614	39.66	48.30	600.0	-0	472	101.8	14.8	0.0562	1.0	111115
110	"11:30:02"	420.0	-1.78	0.187	485	6.6	3.63	6	1	2.84	40.24	39.59	40.23	500.14	498.62	29.243	35.612	39.65	48.29	600.0	-0	464	101.8	14.8	0.0562	1.0	111115
111	"11:30:04"	421.5	-1.74	0.187	485	6.6	3.63	6	1	2.84	40.24	39.59	40.24	500.21	498.66	29.246	35.609	39.65	48.28	600.0	-0	452	101.8	14.8	0.0562	1.0	111115
112	"11:30:05"	422.5	-1.68	0.187	484	6.6	3.63	6	1	2.84	40.24	39.59	40.24	500.24	498.63	29.246	35.609	39.65	48.27	600.0	-0	461	101.8	14.8	0.0562	1.0	111115
113	"11:30:06"	424.0	-1.49	0.186	483	6.59	3.63	6	1	2.84	40.25	39.60	40.24	500.33	498.54	29.250	35.607	39.64	48.26	600.0	-0	499	101.8	14.8	0.0562	1.0	111115
114	"11:30:07"	425.0	-1.43	0.186	482	6.59	3.63	6	1	2.84	40.25	39.60	40.24	500.30	498.45	29.253	35.607	39.64	48.26	600.0	-0	518	101.8	14.8	0.0562	1.0	111115
115	"11:30:09"	426.5	-1.53	0.186	483	6.58	3.63	6	1	2.84	40.25	39.60	40.25	500.24	498.48	29.254	35.602	39.64	48.24	600.1	-0	520	101.8	14.8	0.0562	1.0	111115
116	"11:30:10"	427.5	-1.55	0.186	483	6.58	3.63	6	1	2.84	40.26	39.60	40.25	500.21	498.48	29.255	35.599	39.63	48.23	600.0	-0	483	101.8	14.8	0.0562	1.0	111115
117	"11:30:11"	429.0	-1.6	0.186	484	6.57	3.63	6	1	2.84	40.26	39.60	40.25	500.22	498.54	29.257	35.597	39.63	48.22	599.9	-0	426	101.8	14.8	0.0562	1.0	111115
118	"11:30:12"	430.0	-1.61	0.185	484	6.57	3.64	6	1	2.84	40.26	39.61	40.26	500.20	498.54	29.259	35.594	39.63	48.21	599.9	-0	392	101.8	14.8	0.0562	1.0	111115
119	"11:30:14"	431.5	-1.76	0.185	485	6.56	3.64	6	1	2.84	40.26	39.62	40.26	500.14	498.63	29.262	35.589	39.62	48.19	599.9	-0	372	101.8	14.8	0.0562	1.0	111115
120	"11:30:15"	432.5	-1.87	0.185	486	6.56	3.64	6	1	2.84	40.27	39.62	40.26	500.10	498.70	29.260	35.588	39.62	48.19	600.0	0	375	101.8	14.8	0.0562	1.0	111115
121	"11:30:16"	433.0	-1.82	0.185	486	6.56	3.64	6	1	2.84	40.27	39.62	40.26	500.13	498.68	29.261	35.587	39.62	48.18	600.0	0	380	101.8	14.8	0.0562	1.0	111115
122	"11:30:17"	435.0	-1.73	0.185	485	6.56	3.64	6	1	2.84	40.27	39.63	40.27	500.13	498.59	29.261	35.583	39.61	48.16	600.0	-0	404	101.8	14.8	0.0562	1.0	111115
123	"11:30:18"	436.0	-1.6	0.184	484	6.55	3.65	6	1	2.84	40.27	39.63	40.27	500.14	498.48	29.263	35.577	39.61	48.15	600.0	-0	414	101.8	14.8	0.0562	1.0	111115
124	"11:30:20"	437.5	-1.65	0.184	484	6.54	3.65	6	1	2.84	40.28	39.63	40.27	500.09	498.48	29.265	35.573	39.60	48.14	600.1	-0	432	101.8	14.8	0.0562	1.0	111115
125	"11:30:21"	438.5	-1.67	0.184	484	6.53	3.65	6	1	2.84	40.28	39.63	40.27	500.06	498.48	29.266	35.567	39.60	48.12	600.1	-0	459	101.8	14.8	0.0562	1.0	111115
126	"11:30:22"	439.0	-1.71	0.184	485	6.53	3.65	6	1	2.84	40.28	39.63	40.27	500.06	498.51	29.267	35.565	39.60	48.12	600.1	-0	481	101.8	14.8	0.0562	1.0	111115
127	"11:30:23"	440.0	-1.8	0.184	486	6.53	3.65	6	1	2.84	40.28	39.64	40.28	500.02	498.56	29.266	35.566	39.59	48.11	600.1	-0	547	101.8	14.8	0.0562	1.0	111115
128	"11:30:24"	442.0	-1.78	0.183	485	6.53	3.65	6	1	2.84	40.29	39.64	40.28	500.02	498.55	29.268	35.565	39.59	48.10	600.0	-0	703	101.8	14.8	0.0562	1.0	111115
129	"11:30:26"	443.5	-1.68	0.183	484	6.53	3.65	6	1	2.84	40.29	39.64	40.29	500.11	498.53	29.268	35.562	39.58	48.09	600.0	-0	835	101.8	14.8	0.0562	1.0	111115
130	"11:30:27"	444.5	-1.57	0.183	483	6.52	3.65	6	1	2.84	40.29	39.64	40.29	500.18	498.50	29.270	35.561	39.58	48.08	600.0	-0	917	101.8	14.8	0.0562	1.0	111115
131	"11:30:28"	446.0	-1.5	0.183	483	6.51	3.65	6	1	2.84	40.29	39.64	40.29	500.22	498.47	29.272	35.551	39.57	48.06	600.0	-0	1053	101.8	14.8	0.0562	1.0	111115
132	"11:30:29"	447.0	-1.43	0.183	482	6.51	3.65	6	1	2.84	40.30	39.65	40.29	500.21	498.40	29.274	35.550	39.57	48.05	600.0	-0	1147	101.8	14.8	0.0562	1.0	111115
133	"11:30:31"	448.5	-1.5	0.182	483	6.5	3.66	6	1	2.84	40.30	39.65	40.29	500.13	498.39	29.278	35.551	39.57	48.05	600.0	-0	1333	101.8	14.8	0.0562	1.0	111115
134	"11:30:32"	449.5	-1.51	0.183	483	6.51	3.66	6	1	2.84	40.30	39.65	40.30	500.12	498.39	29.283	35.561	39.57	48.06	600.0	-0	1452	101.8	14.8	0.0562	1.0	111115
135	"11:30:33"	451.0	-1.48	0.183	483	6.51	3.66	6	1	2.84	40.30	39.65	40.30	500.16	498.40	29.286	35.568	39.57	48.06	599.9	-0	1577	101.8	14.8	0.0562	1.0	111115
136	"11:30:34"	452.0	-1.49	0.183	483	6.52	3.66	6	1	2.84	40.31	39.66	40.30	500.15	498.39	29.289	35.575	39.57	48.07	599.9	-0	1602	101.8	14.8	0.0562	1.0	111115
137	"11:30:36"	453.5	-1.41	0.183	482	6.52	3.66	6	1	2.84	40.31	39.66	40.30	500.19	498.35	29.292	35.583	39.57	48.07	600.0	-0	1598	101.8	14.8	0.0562	1.0	111115
138	"11:30:37"	454.0	-1.41	0.183	482	6.53	3.66	6	1	2.84	40.31	39.66	40.30	500.20	498.36	29.295	35.588	39.57	48.07	600.0	-0	1596	101.8	14.8	0.0562	1.0	111115
139	"11:30:38"	455.5	-1.43	0.183	482	6.54	3.66	6	1	2.84	40.32	39.67	40.31	500.20	498.36	29.300	35.609	39.57	48.09	600.0	-0	1588	101.8	14.8	0.0562	1.0	111115
140	"11:30:39"	457.0	-1.41	0.184	482	6.56	3.66	6	1	2.84	40.32	39.68	40.31	500.23	498.37	29.304	35.630	39.57	48.11	600.0	-0	1582	101.8	14.8	0.0562	1.0	111115
141	"11:30:40"	458.0	-1.5	0.184	483	6.56	3.66	6	1	2.84	40.32	39.68	40.31	500.19	498.42	29.308	35.638	39.57	48.11	600.0	-0	1579	101.8	14.8	0.0562	1.0	111115
142	"11:30:42"	459.5	-1.57	0.184	483	6.57	3.66	6	1	2.84	40.32	39.68	40.31	500.15	498.44	29.316	35.655	39.57	48.13	600.0	-0	1574	101.8	14.8	0.0562	1.0	111115
143	"11:30:43"	460.5	-1.42	0.184	482	6.58	3.66	6	1	2.84	40.33	39.69	40.32	500.19	498.33	29.321	35.662	39.57	48.13	600.0	-0	1571	101.8	14.8	0.0562	1.0	111115
144	"11:30:44"	462.0	-1.32	0.185	481	6.58	3.66	6	1	2.84	40.33	39.69	40.32	500.27	498.32	29.328	35.676	39.57	48.14	600.0	-0	1568	101.8	14.8	0.0562	1.0	111115
145	"11:30:45"	462.5	-1.3	0.185	481	6.58	3.66	6	1	2.84	40.33	39.69	40.32	500.31	498.33	29.329	35.677	39.57	48.14	600.0	-0	1567	101.8	14.8	0.0562	1.0	111115
146	"11:30:46"	464.0	-1.35	0.185	481	6.59	3.66	6	1	2.84	40.34	39.70	40.32	500.31	498.37	29.335	35.693	39.57	48.15	600.0	-0	1563	101.8	14.8	0.0562	1.0	111115
147	"11:30:48"	465.5	-1.47	0.185	482	6.6	3.66	6	1	2.84	40.34	39.71	40.33	500.23	498.41	29.340	35.703	39.57	48.15	600.0	-0	1560	101.8	14.8	0.0562	1.0	111115
148	"11:30:49"	466.5	-1.52	0.185	483	6.6	3.66	6	1	2.84	40.34	39.71	40.33	500.20	498.43	29.344	35.713	39.57	48.16	600.0	-0	1558	101.8	14.8	0.0562	1.0	111115
149	"11:30:50"	468.0	-1.45	0.185	482	6.61	3.67	6	1	2.84	40.35	39.72	40.33	500.20	498.36	29.348	35.721	39.56	48.15	600.0	-0	1556	101.8	14.8	0.0562	1.0	111115
150	"11:30:51"	468.5	-1.44	0.185	482	6.61	3.67	6	1	2.84	40.35	39.72	40.34	500.19	498.34	29.349	35.725	39.56	48.16	600.0	-0	1555	101.8	14.8	0.0562	1.0	111115
151	"11:30:52"	469.5	-1.46	0.185	482	6.61	3.67	6	1	2.84	40.35	39.72	40.34	500.20	498.36	29.352	35.728	39.56	48.15	600.0	-0	1554	101.8	14.8	0.0562	1.0	111115
152	"11:30:53"	470.5	-1.49	0.185	482	6.62	3.67	6	1	2.84	40.36	39.73	40.34	500.17	498.36	29.355	35.734	39.56	48.15	600.0	-0	1553	101.8	14.8	0.0562	1.0	111115
153	"11:30:55"	472.5	-1.61	0.185	483	6.63	3.67	6	1	2.84	40.36	39.73	40.35	500.11	498.41	29.360	35.750	39.55	48.16	600.0	-0	1550	101.8	14.8	0.0562	1.0	111115
154	"11:30:56"	473.5	-1.58	0.186	483	6.63	3.67	6	1	2.84	40.36	39.74	40.35	500.15	498.42	29.364	35.759	39.55	48.17	600.0	-0	1550	101.8	14.8	0.0562	1.0	111115
155	"11:30:57"	475.0	-1.51	0.186	483	6.64	3.67	6	1	2.84	40.37	39.74	40.35	500.17	498.37	29.368	35.771	39.55	48.17	600.1	-0	1549	101.8	14.8	0.0562	1.0	111115
156	"11:30:58"	476.0	-1.61	0.186	483	6.64	3.67	6	1	2.84	40.37	39.74	40.35	500.13	498.42	29.371	35.776	39.55	48.17	600.1	-0	1549	101.8	14.8	0.0562	1.0	111115
157	"11:31:00"	477.5	-1.45	0.186	482	6.65	3.67	6	1	2.84	40.38	39.75	40.36	500.16	498.29	29.376	35.787	39.54	48.18	600.1	-0	1548	101.8	14.8	0.0562	1.0	111115
158	"11:31:01"	478.5	-1.53	0.186	483	6.65	3.67	6	1	2.84	40.38	39.75	40.36	500.12	498.33	29.377	35.790	39.54	48.17	600.1	-0	1547	101.8	14.8	0.0562	1.0	111115
159	"11:31:02"	480.0	-1.38	0.186	481	6.66	3.67	6	1	2.84	40.38	39.75	40.37	500.20	498.27	29.381	35.797	39.53	48.17	600.0	-0	1545	101.8	14.8	0.0562	1.0	111115
160	"11:31:03"	481.0	-1.51	0.186	482	6.65	3.67	6	1	2.84	40.39	39.75	40.37	500.17	498.36	29.383	35.798	39.53	48.16	600.0	-0	1544	101.8	14.8	0.0562	1.0	111115
161	"11:31:05"	482.5	-1.39	0.186	481	6.64	3.67	6	1	2.84	40.39	39.76	40.37	500.22	498.29	29.390	35.796	39.53	48.15	600.0	-0	1541	101.8	14.8	0.0562	1.0	111115
162	"11:31:06"	483.5	-1.44	0.185	482	6.64	3.68	6	1	2.84	40.39	39.76	40.38	500.18	498.32	29.394	35.796	39.53	48.14	600.0	-0	1540	101.8	14.8	0.0562	1.0	111115
163	"11:31:07"	485.0	-1.35	0.185	481	6.64	3.68	6	1	2.84	40.40	39.77	40.38	500.22	498.27	29.400	35.806	39.53	48.14	600.0	-0	1538	101.8	14.8	0.0562	1.0	111115
164	"11:31:08"	486.0	-1.29	0.186	480	6.65	3.68	6	1	2.84	40.40	39.77	40.38	500.25	498.23	29.402	35.815	39.52	48.14	600.0	-0	1536	101.8	14.8	0.0562	1.0	111115
165	"11:31:10"	487.5	-1.17	0.186	479	6.67	3.68	6	1	2.84	40.41	39.77	40.39	500.33	498.18	29.405	35.833	39.52	48.16	600.0	-0	1535	101.8	14.8	0.0562	1.0	111115
166	"11:31:11"	488.0	-1.14	0.186	479	6.67	3.68	6	1	2.84	40.41	39.77	40.39	500.36	498.18	29.407	35.838	39.52	48.16	600.0	-0	1534	101.8	14.8	0.0562	1.0	111115
167	"11:31:12"	489.0	-1.07	0.186	478	6.67	3.68	6	1	2.84	40.41	39.77	40.39	500.38	498.12	29.409	35.843	39.51	48.16	600.0	-0	1533	101.8	14.8	0.0562	1.0	111115
168	"11:31:13"	491.0	-1.34	0.186	481	6.68	3.68	6	1	2.84	40.42	39.78	40.40	500.21	498.23	29.414	35.850	39.51	48.15	600.0	-0	1532	101.8	14.8	0.0562	1.0	111115
169	"11:31:14"	492.0	-1.41	0.186	481	6.68	3.68	6	1	2.84	40.42	39.78	40.40	500.16	498.24	29.416	35.853	39.50	48.15	600.0	-0	1531	101.8	14.8	0.0562	1.0	111115
170	"11:31:16"	493.5	-1.68	0.187	484	6.69	3.68	6	1	2.84	40.42	39.79	40.41	500.01	498.35	29.421	35.868	39.50	48.16	600.0	-0	1530	101.8	14.8	0.0562	1.0	111115
171	"11:31:17"	494.5	-2.15	0.186	488	6.68	3.68	6	1	2.84	40.43	39.79	40.41	499.72	498.54	29.424	35.866	39.50	48.15	600.0	-0	1527	101.8	14.8	0.0562	1.0	111115
172	"11:31:18"	495.0	-2.27	0.186	489	6.68	3.68	6	1	2.84	40.43	39.79	40.41	499.64	498.57	29.425	35.868	39.50	48.15	600.0	-0	1524	101.8	14.8	0.0562	1.0	111115
173	"11:31:19"	496.0	-2.47	0.186	491	6.67	3.68	6	1	2.84	40.43	39.80	40.41	499.55	498.69	29.427	35.862	39.49	48.13	600.0	-0	1522	101.8	14.8	0.0562	1.0	111115
174	"11:31:20"	497.0	-2.67	0.185	493	6.66	3.68	6	1	2.84	40.44	39.80	40.42	499.47	498.82	29.429	35.847	39.49	48.10	600.0	-0	1522	101.8	14.8	0.0562	1.0	111115
175	"11:31:21"	498.0	-2.49	0.185	491	6.65	3.69	6	1	2.84	40.44	39.80	40.42	499.57	498.74	29.432	35.842	39.49	48.09	600.0	-0	1526	101.8	14.8	0.0562	1.0	111115
176	"11:31:22"	500.0	-1.73	0.184	484	6.62	3.69	6	1	2.84	40.45	39.81	40.43	499.99	498.42	29.443	35.824	39.49	48.05	600.0	-0	1536	101.8	14.8	0.0562	1.0	111115
177	"11:31:24"	501.5	-1.25	0.183	480	6.6	3.69	6	1	2.84	40.45	39.82	40.43	500.22	498.18	29.450	35.814	39.49	48.02	600.0	-0	1529	101.8	14.8	0.0562	1.0	111115
178	"11:31:25"	502.5	-1.08	0.183	478	6.58	3.7	6	1	2.84	40.45	39.82	40.43	500.28	498.09	29.455	35.804	39.49	48.00	600.0	-0	1520	101.8	14.8	0.0562	1.0	111115
179	"11:31:26"	504.0	-1.11	0.183	479	6.59	3.7	6	1	2.84	40.46	39.83	40.44	500.30	498.13	29.459	35.810	39.48	47.99	600.0	-0	1505	101.8	14.8	0.0562	1.0	111115
180	"11:31:27"	505.0	-1.12	0.183	479	6.6	3.7	6	1	2.84	40.46	39.83	40.44	500.30	498.13	29.459	35.823	39.47	48.00	600.0	-0	1501	101.8	14.8	0.0562	1.0	111115
181	"11:31:29"	506.5	-1.19	0.185	479	6.65	3.7	6	1	2.84	40.47	39.83	40.45	500.31	498.18	29.460	35.869	39.46	48.05	600.0	-0	1499	101.8	14.8	0.0562	1.0	111115
182	"11:31:30"	507.5	-1.18	0.185	479	6.67	3.7	6	1	2.84	40.47	39.84	40.45	500.28	498.13	29.461	35.887	39.46	48.07	600.1	-0	1498	101.8	14.8	0.0562	1.0	111115
183	"11:31:31"	509.0	-1.05	0.186	478	6.69	3.7	6	1	2.84	40.48	39.84	40.46	500.31	498.03	29.463	35.910	39.45	48.09	600.1	-0	1495	101.8	14.8	0.0562	1.0	111115
184	"11:31:32"	509.5	-1.04	0.186	478	6.7	3.7	6	1	2.84	40.48	39.85	40.46	500.30	498.01	29.465	35.921	39.45	48.09	600.1	-0	1494	101.8	14.8	0.0562	1.0	111115
185	"11:31:33"	511.0	-1.06	0.186	478	6.7	3.7	6	1	2.84	40.48	39.85	40.47	500.32	498.04	29.469	35.932	39.44	48.09	600.0	-0	1492	101.8	14.8	0.0562	0.7	111115
186	"11:31:35"	512.5	-1.22	0.186	479	6.72	3.7	6	1	2.84	40.49	39.86	40.47	500.26	498.13	29.471	35.945	39.43	48.09	600.0	-0	1482	101.8	14.8	0.0562	0.7	111115
187	"11:31:36"	513.5	-1.26	0.187	480	6.72	3.7	6	1	2.84	40.49	39.86	40.47	500.23	498.14	29.476	35.956	39.43	48.10	600.0	-0	1475	101.8	14.8	0.0562	0.7	111115
188	"11:31:37"	515.0	-1.24	0.187	480	6.72	3.7	6	1	2.84	40.50	39.87	40.48	500.21	498.11	29.480	35.960	39.43	48.09	600.0	-0	1468	101.8	14.8	0.0562	0.7	111115
189	"11:31:38"	516.0	-1.08	0.186	478	6.72	3.7	6	1	2.84	40.50	39.87	40.48	500.30	498.04	29.485	35.961	39.43	48.09	600.0	-0	1475	101.8	14.8	0.0562	0.7	111115
190	"11:31:40"	517.5	-0.951	0.186	477	6.71	3.7	6	1	2.84	40.51	39.87	40.49	500.38	497.99	29.492	35.963	39.43	48.08	600.0	-0	1487	101.8	14.8	0.0562	0.7	111115
191	"11:31:41"	518.0	-0.955	0.186	477	6.72	3.7	6	1	2.84	40.51	39.88	40.49	500.38	497.99	29.492	35.966	39.42	48.08	600.0	-0	1491	101.8	14.8	0.0562	1.0	111115
192	"11:31:42"	520.0	-0.946	0.186	477	6.71	3.71	6	1	2.84	40.52	39.88	40.49	500.38	497.98	29.494	35.963	39.41	48.05	600.0	-0	1496	101.8	14.8	0.0562	1.0	111115
193	"11:31:43"	521.0	-1.11	0.186	478	6.71	3.71	6	1	2.84	40.52	39.89	40.50	500.28	498.04	29.495	35.967	39.40	48.05	600.0	-0	1496	101.8	14.8	0.0562	1.0	111115
194	"11:31:45"	522.5	-1.13	0.185	479	6.71	3.71	6	1	2.84	40.52	39.89	40.50	500.25	498.04	29.497	35.963	39.39	48.03	600.0	-0	1497	101.8	14.8	0.0562	1.0	111115
195	"11:31:46"	523.5	-1.15	0.185	479	6.71	3.71	6	1	2.84	40.53	39.90	40.51	500.24	498.05	29.499	35.966	39.39	48.03	600.0	-0	1497	101.8	14.8	0.0562	1.0	111115
196	"11:31:47"	525.0	-1.07	0.185	478	6.71	3.71	6	1	2.84	40.53	39.90	40.51	500.33	498.05	29.500	35.964	39.38	48.01	600.0	-0	1497	101.8	14.8	0.0562	1.0	111115
197	"11:31:48"	526.0	-1.02	0.185	478	6.7	3.71	6	1	2.84	40.54	39.90	40.52	500.37	498.05	29.502	35.961	39.38	48.00	600.0	-0	1497	101.8	14.8	0.0562	1.0	111115
198	"11:31:50"	527.5	-0.94	0.185	477	6.7	3.72	6	1	2.84	40.54	39.91	40.52	500.34	497.94	29.505	35.963	39.37	47.99	600.0	-0	1498	101.8	14.8	0.0562	1.0	111115
199	"11:31:51"	528.5	-0.847	0.185	476	6.7	3.72	6	1	2.84	40.54	39.92	40.53	500.36	497.87	29.510	35.969	39.37	47.99	600.0	-0	1498	101.8	14.8	0.0562	1.0	111115
200	"11:31:52"	530.0	-0.841	0.185	476	6.7	3.72	6	1	2.84	40.55	39.92	40.53	500.37	497.88	29.518	35.974	39.37	47.98	600.0	-0	1498	101.8	14.8	0.0562	1.0	111115
201	"11:31:53"	531.0	-0.808	0.185	475	6.7	3.72	6	1	2.84	40.55	39.92	40.53	500.41	497.88	29.522	35.980	39.37	47.98	600.0	-0	1498	101.8	14.8	0.0562	1.0	111115
202	"11:31:55"	532.5	-0.788	0.184	475	6.69	3.72	6	1	2.84	40.56	39.93	40.54	500.43	497.89	29.529	35.979	39.36	47.96	600.0	-0	1499	101.8	14.8	0.0562	1.0	111115
203	"11:31:56"	533.5	-0.777	0.184	475	6.69	3.72	6	1	2.84	40.56	39.93	40.54	500.44	497.88	29.533	35.982	39.36	47.96	600.0	-0	1500	101.8	14.8	0.0562	1.0	111115
204	"11:31:57"	535.0	-0.739	0.184	475	6.69	3.72	6	1	2.84	40.57	39.94	40.55	500.41	497.82	29.538	35.988	39.36	47.95	600.0	-0	1500	101.8	14.8	0.0562	1.0	111115
205	"11:31:59"	536.5	-0.762	0.184	475	6.69	3.73	6	1	2.84	40.57	39.94	40.55	500.39	497.82	29.545	35.992	39.35	47.94	600.0	-0	1501	101.8	14.8	0.0562	1.0	111115
206	"11:32:00"	537.5	-0.863	0.184	476	6.69	3.73	6	1	2.84	40.58	39.94	40.56	500.32	497.86	29.548	35.996	39.35	47.94	600.0	-0	1502	101.8	14.8	0.0562	1.0	111115
207	"11:32:01"	539.0	-0.984	0.184	477	6.69	3.73	6	1	2.84	40.58	39.95	40.56	500.28	497.94	29.554	35.998	39.34	47.92	600.0	-0	1503	101.8	14.8	0.0562	1.0	111115
208	"11:32:02"	540.0	-1.03	0.184	477	6.69	3.73	6	1	2.84	40.59	39.96	40.57	500.27	497.97	29.555	36.002	39.34	47.92	600.0	-0	1504	101.8	14.8	0.0562	1.0	111115
209	"11:32:04"	541.5	-0.966	0.184	477	6.69	3.73	6	1	2.84	40.59	39.96	40.57	500.32	497.95	29.561	36.011	39.34	47.92	600.0	-0	1505	101.8	14.8	0.0562	1.0	111115
210	"11:32:05"	542.5	-0.9	0.184	476	6.69	3.73	6	1	2.84	40.60	39.97	40.58	500.35	497.92	29.567	36.015	39.34	47.92	600.0	-0	1505	101.8	14.8	0.0562	1.0	111115
211	"11:32:06"	544.0	-0.863	0.184	476	6.69	3.74	6	1	2.84	40.60	39.97	40.58	500.38	497.92	29.574	36.022	39.33	47.91	600.1	-0	1506	101.8	14.8	0.0562	1.0	111115
212	"11:32:07"	545.0	-0.888	0.183	476	6.69	3.74	6	1	2.84	40.61	39.98	40.59	500.35	497.90	29.577	36.024	39.33	47.90	600.0	-0	1507	101.8	14.8	0.0562	1.0	111115
213	"11:32:09"	546.5	-1.08	0.183	478	6.69	3.74	6	1	2.84	40.61	39.99	40.59	500.26	498.00	29.584	36.036	39.33	47.90	600.0	-0	1508	101.8	14.8	0.0562	1.0	111115
214	"11:32:10"	547.5	-1.04	0.183	478	6.69	3.74	6	1	2.84	40.62	39.99	40.60	500.23	497.95	29.587	36.040	39.32	47.90	600.0	-0	1509	101.8	14.8	0.0562	1.0	111115
215	"11:32:11"	549.0	-1.07	0.183	478	6.69	3.74	6	1	2.84	40.62	40.00	40.60	500.22	497.95	29.595	36.046	39.32	47.89	600.0	-0	1511	101.8	14.8	0.0562	1.0	111115
216	"11:32:12"	550.0	-0.994	0.183	477	6.69	3.75	6	1	2.84	40.63	40.01	40.60	500.23	497.89	29.599	36.052	39.32	47.89	600.0	-0	1512	101.8	14.8	0.0562	1.0	111115
217	"11:32:14"	551.5	-0.972	0.183	477	6.7	3.75	6	1	2.84	40.63	40.01	40.61	500.26	497.90	29.604	36.057	39.31	47.88	600.0	-0	1512	101.8	14.8	0.0562	1.0	111115
218	"11:32:15"	552.5	-0.835	0.183	475	6.7	3.75	6	1	2.84	40.64	40.02	40.61	500.32	497.82	29.608	36.062	39.31	47.88	600.0	-0	1512	101.8	14.8	0.0562	1.0	111115
219	"11:32:16"	554.0	-0.801	0.183	475	6.7	3.75	6	1	2.84	40.64	40.02	40.62	500.34	497.80	29.613	36.068	39.30	47.87	600.0	-0	1511	101.8	14.8	0.0562	1.0	111115
220	"11:32:17"	555.0	-0.902	0.183	476	6.7	3.75	6	1	2.84	40.64	40.02	40.62	500.27	497.83	29.617	36.074	39.30	47.87	600.0	-0	1511	101.8	14.8	0.0562	1.0	111115
221	"11:32:19"	556.5	-1	0.183	477	6.7	3.75	6	1	2.84	40.65	40.03	40.63	500.24	497.91	29.623	36.079	39.30	47.86	600.0	-0	1512	101.8	14.8	0.0562	1.0	111115
222	"11:32:20"	557.0	-1.02	0.183	477	6.7	3.75	6	1	2.84	40.65	40.03	40.63	500.23	497.91	29.624	36.080	39.29	47.86	600.0	-0	1513	101.8	14.8	0.0562	1.0	111115
223	"11:32:21"	558.5	-0.901	0.183	476	6.7	3.75	6	1	2.84	40.66	40.04	40.64	500.34	497.91	29.629	36.088	39.29	47.85	600.0	-0	1517	101.8	14.8	0.0562	1.0	111115
224	"11:32:22"	560.0	-0.827	0.183	475	6.7	3.76	6	1	2.84	40.66	40.04	40.64	500.36	497.85	29.636	36.092	39.29	47.84	600.0	-0	1518	101.8	14.8	0.0562	1.0	111115
225	"11:32:23"	561.0	-0.762	0.183	475	6.69	3.76	6	1	2.84	40.67	40.05	40.65	500.41	497.84	29.640	36.092	39.28	47.83	600.0	-0	1518	101.8	14.8	0.0562	1.0	111115
226	"11:32:25"	562.5	-0.714	0.182	474	6.69	3.76	6	1	2.84	40.67	40.05	40.65	500.40	497.78	29.646	36.092	39.28	47.82	600.0	-0	1520	101.8	14.8	0.0562	1.0	111115
227	"11:32:26"	563.5	-0.718	0.182	474	6.69	3.76	6	1	2.84	40.68	40.05	40.66	500.39	497.78	29.650	36.096	39.27	47.81	600.0	-0	1521	101.8	14.8	0.0562	1.0	111115
228	"11:32:27"	565.0	-0.848	0.182	476	6.69	3.76	6	1	2.84	40.68	40.06	40.66	500.30	497.82	29.654	36.102	39.27	47.81	600.0	-0	1524	101.8	14.8	0.0562	1.0	111115
229	"11:32:28"	566.0	-0.963	0.182	477	6.69	3.76	6	1	2.84	40.69	40.06	40.66	500.21	497.84	29.656	36.105	39.26	47.80	600.0	-0	1526	101.8	14.8	0.0562	1.0	111115
230	"11:32:30"	567.5	-1.06	0.182	477	6.69	3.77	6	1	2.84	40.69	40.07	40.67	500.17	497.89	29.660	36.107	39.26	47.79	600.1	-0	1530	101.8	14.8	0.0562	1.0	111115
231	"11:32:31"	568.5	-0.911	0.182	476	6.69	3.77	6	1	2.84	40.70	40.07	40.67	500.22	497.80	29.663	36.112	39.25	47.79	600.1	-0	1534	101.8	14.8	0.0562	1.0	111115
232	"11:32:32"	570.0	-0.73	0.182	474	6.69	3.77	6	1	2.84	40.70	40.08	40.68	500.33	497.73	29.668	36.116	39.25	47.78	600.0	-0	1539	101.8	14.8	0.0562	1.0	111115
233	"11:32:33"	571.0	-0.633	0.182	473	6.69	3.77	6	1	2.84	40.71	40.08	40.68	500.38	497.68	29.673	36.121	39.25	47.78	600.0	-0	1543	101.8	14.8	0.0562	1.0	111115
234	"11:32:35"	572.5	-0.591	0.182	473	6.69	3.77	6	1	2.84	40.71	40.09	40.69	500.44	497.70	29.678	36.128	39.24	47.77	600.0	-0	1551	101.8	14.8	0.0562	1.0	111115
235	"11:32:36"	573.0	-0.621	0.182	473	6.69	3.77	6	1	2.84	40.71	40.09	40.69	500.41	497.70	29.680	36.130	39.24	47.77	600.0	-0	1554	101.8	14.8	0.0562	1.0	111115
236	"11:32:37"	575.0	-0.726	0.182	474	6.7	3.77	6	1	2.84	40.72	40.09	40.70	500.33	497.72	29.683	36.143	39.23	47.77	600.0	-0	1566	101.8	14.8	0.0562	1.0	111115
237	"11:32:38"	576.0	-0.715	0.182	474	6.7	3.77	6	1	2.84	40.72	40.10	40.70	500.31	497.69	29.687	36.144	39.23	47.76	600.0	-0	1572	101.8	14.8	0.0562	1.0	111115
238	"11:32:40"	577.5	-0.666	0.182	474	6.7	3.77	6	1	2.84	40.73	40.11	40.70	500.33	497.66	29.692	36.153	39.22	47.75	600.1	-0	1579	101.8	14.8	0.0562	1.0	111115
239	"11:32:41"	578.5	-0.665	0.182	474	6.71	3.78	6	1	2.84	40.73	40.11	40.71	500.33	497.66	29.695	36.160	39.22	47.75	600.1	-0	1586	101.8	14.8	0.0562	1.0	111115
240	"11:32:42"	580.0	-0.523	0.182	472	6.72	3.78	6	1	2.84	40.74	40.12	40.71	500.42	497.60	29.699	36.171	39.21	47.75	600.0	-0	1595	101.8	14.8	0.0562	1.0	111115
241	"11:32:43"	581.0	-0.56	0.182	473	6.71	3.78	6	1	2.84	40.74	40.13	40.72	500.40	497.62	29.703	36.175	39.21	47.75	600.0	-0	1585	101.8	14.8	0.0562	1.0	111115
242	"11:32:45"	582.5	-0.668	0.182	474	6.71	3.78	6	1	2.84	40.75	40.13	40.72	500.33	497.65	29.710	36.181	39.20	47.74	600.0	-0	1380	101.8	14.8	0.0562	1.0	111115
243	"11:32:46"	583.5	-0.813	0.182	475	6.71	3.78	6	1	2.84	40.75	40.14	40.73	500.25	497.73	29.715	36.182	39.20	47.74	600.0	-0	1147	101.8	14.8	0.0562	1.0	111115
