"OPEN 5.3.2"
"Fri Aug  3 2018 08:36:31"
"Unit="	"PSC-895"
"ComputeList="	"/User/Configs/Comps/Default"
"BLCTable="	"/Sys/Lib/StdBLCTable"
"LightSource="	"Sun+Sky"	1	0.19
"LogFormat="	"/User/Configs/LogFormats/Std Output"
"LogCodes="	-35	-21	-36	30	23	36	21	25	-33	-34	-32	-9	-10	-8	-1	-2	-4	-5	-14	-15	-7	-12	-13	-11	-65	-66	-72	-23
"PromptList="	"/User/Configs/Prompts/Default (none)"
"Stability= (CO2S 15s SLP<1)(H2OS 15s SLP<1)(Flow 15s SLP<1)"
"08:36:32 co2 500 flow 600. note; fineroots-15 is fineroot-16"
$STARTOFDATA$
"Obs"	"HHMMSS"	"FTime"	"Photo"	"Cond"	"Ci"	"Trmmol"	"VpdL"	"Area"	"StmRat"	"BLCond"	"Tair"	"Tleaf"	"TBlk"	"CO2R"	"CO2S"	"H2OR"	"H2OS"	"RH_R"	"RH_S"	"Flow"	"PARi"	"PARo"	"Press"	"CsMch"	"HsMch"	"StableF"	"Status"
1	"08:37:08"	53.5	-4.01	3.34	478	31.3	2	6	1	2.84	33.55	33.16	33.49	500.21	488.90	0.078	30.461	0.15	59.54	600.0	-0	227	101.8	6.54	0.018	0.3	111115
2	"08:37:09"	54.0	-4.06	3.33	478	31.3	2	6	1	2.84	33.55	33.16	33.49	500.19	488.93	0.079	30.455	0.15	59.53	600.0	-0	216	101.8	6.54	0.018	0.3	111115
3	"08:37:10"	55.0	-4.26	3.33	479	31.3	2	6	1	2.84	33.55	33.16	33.49	500.06	489.00	0.078	30.446	0.15	59.51	600.0	-0	232	101.8	6.54	0.018	0.7	111115
4	"08:37:12"	57.0	-4.34	3.32	479	31.3	2	6	1	2.84	33.55	33.16	33.49	499.98	489.01	0.077	30.430	0.15	59.48	600.0	-0	252	101.8	6.54	0.018	0.7	111115
5	"08:37:13"	58.0	-4.5	3.31	479	31.3	2	6	1	2.84	33.55	33.16	33.49	499.89	489.08	0.076	30.419	0.15	59.46	600.0	-0	296	101.8	6.54	0.018	0.7	111115
6	"08:37:14"	59.5	-4.53	3.31	479	31.3	2	6	1	2.84	33.55	33.16	33.49	499.87	489.10	0.074	30.408	0.15	59.44	600.0	-0	351	101.8	6.54	0.018	0.7	111115
7	"08:37:15"	60.5	-4.64	3.3	479	31.3	2	6	1	2.84	33.55	33.16	33.49	499.83	489.17	0.073	30.398	0.14	59.41	600.0	-0	383	101.8	6.54	0.018	0.7	111115
8	"08:37:17"	62.0	-4.48	3.29	479	31.3	2	6	1	2.84	33.55	33.16	33.49	499.93	489.12	0.073	30.384	0.14	59.39	600.0	-0	382	101.8	6.54	0.018	0.7	111115
9	"08:37:18"	63.0	-4.43	3.28	479	31.2	2.01	6	1	2.84	33.55	33.16	33.49	499.99	489.14	0.073	30.373	0.14	59.36	600.0	0	376	101.8	6.54	0.018	0.7	111115
10	"08:37:19"	64.5	-4.28	3.27	479	31.2	2.01	6	1	2.84	33.55	33.16	33.49	500.10	489.11	0.073	30.358	0.14	59.33	600.0	-0	362	101.8	6.54	0.018	0.7	111115
11	"08:37:20"	65.5	-4.3	3.27	479	31.2	2.01	6	1	2.84	33.55	33.17	33.49	500.11	489.13	0.072	30.346	0.14	59.31	600.0	-0	348	101.8	6.54	0.018	0.7	111115
12	"08:37:22"	67.0	-4.43	3.26	479	31.2	2.01	6	1	2.84	33.55	33.17	33.49	500.00	489.16	0.071	30.338	0.14	59.29	600.0	-0	329	101.8	6.54	0.018	0.7	111115
13	"08:37:23"	68.0	-4.42	3.25	479	31.2	2.01	6	1	2.84	33.55	33.17	33.49	499.98	489.13	0.071	30.328	0.14	59.27	600.0	0	331	101.8	6.54	0.018	0.7	111115
14	"08:37:24"	69.5	-4.41	3.24	479	31.2	2.01	6	1	2.84	33.55	33.17	33.49	499.97	489.12	0.070	30.316	0.14	59.24	600.0	0	353	101.8	6.54	0.018	1.0	111115
15	"08:37:25"	70.5	-4.3	3.24	479	31.2	2.01	6	1	2.84	33.55	33.17	33.50	500.02	489.07	0.070	30.308	0.14	59.22	600.0	-0	372	101.8	6.54	0.018	1.0	111115
16	"08:37:27"	72.0	-4.33	3.23	479	31.2	2.02	6	1	2.84	33.56	33.17	33.50	500.02	489.10	0.070	30.296	0.14	59.20	600.0	-0	384	101.8	6.54	0.018	1.0	111115
17	"08:37:28"	73.0	-4.23	3.22	478	31.2	2.02	6	1	2.84	33.56	33.17	33.50	500.09	489.08	0.070	30.288	0.14	59.18	600.0	-0	385	101.8	6.54	0.018	1.0	111115
18	"08:37:29"	73.5	-4.23	3.22	478	31.2	2.02	6	1	2.84	33.56	33.18	33.50	500.11	489.10	0.070	30.286	0.14	59.17	600.0	-0	385	101.8	6.54	0.018	1.0	111115
19	"08:37:30"	75.5	-4.14	3.21	478	31.1	2.02	6	1	2.84	33.56	33.18	33.50	500.17	489.07	0.071	30.274	0.14	59.15	600.0	-0	380	101.8	6.54	0.018	1.0	111115
20	"08:37:31"	76.5	-4.01	3.21	478	31.1	2.02	6	1	2.84	33.56	33.18	33.50	500.26	489.03	0.071	30.268	0.14	59.13	600.0	-0	379	101.8	6.54	0.018	1.0	111115
21	"08:37:33"	78.0	-4.01	3.2	478	31.1	2.02	6	1	2.84	33.56	33.18	33.50	500.23	489.02	0.070	30.257	0.14	59.11	600.0	-0	382	101.8	6.54	0.018	1.0	111115
22	"08:37:34"	79.0	-4	3.19	478	31.1	2.02	6	1	2.84	33.56	33.18	33.50	500.23	489.01	0.069	30.247	0.13	59.09	600.0	-0	388	101.8	6.54	0.018	1.0	111115
23	"08:37:35"	80.5	-4.17	3.19	478	31.1	2.03	6	1	2.84	33.56	33.18	33.50	500.10	489.06	0.068	30.235	0.13	59.06	600.0	-0	404	101.8	6.54	0.018	1.0	111115
24	"08:37:36"	81.5	-4.3	3.18	479	31.1	2.03	6	1	2.84	33.56	33.18	33.50	500.04	489.12	0.067	30.231	0.13	59.05	600.0	-0	417	101.8	6.54	0.018	1.0	111115
25	"08:37:38"	83.0	-4.28	3.17	479	31.1	2.03	6	1	2.84	33.56	33.19	33.50	500.04	489.12	0.068	30.216	0.13	59.02	600.0	-0	432	101.8	6.54	0.018	1.0	111115
26	"08:37:39"	84.0	-4.31	3.16	479	31.1	2.03	6	1	2.84	33.56	33.19	33.50	500.06	489.17	0.067	30.206	0.13	58.99	600.0	-0	436	101.8	6.54	0.018	1.0	111115
27	"08:37:40"	85.5	-4.28	3.15	479	31.1	2.03	6	1	2.84	33.57	33.19	33.51	500.09	489.17	0.068	30.194	0.13	58.96	600.0	-0	434	101.8	6.54	0.018	1.0	111115
28	"08:37:41"	86.5	-4.44	3.15	479	31.1	2.03	6	1	2.84	33.57	33.20	33.51	499.99	489.24	0.068	30.193	0.13	58.96	600.0	-0	428	101.8	6.54	0.018	1.0	111115
29	"08:37:43"	88.0	-4.48	3.14	479	31.1	2.03	6	1	2.84	33.57	33.20	33.51	499.95	489.23	0.068	30.188	0.13	58.94	600.0	-0	417	101.8	6.54	0.018	1.0	111115
30	"08:37:44"	89.0	-4.37	3.14	479	31	2.04	6	1	2.84	33.57	33.20	33.51	499.98	489.16	0.067	30.179	0.13	58.92	600.0	0	409	101.8	6.54	0.018	1.0	111115
31	"08:37:45"	90.5	-4.21	3.13	478	31	2.04	6	1	2.84	33.57	33.20	33.51	500.13	489.16	0.068	30.168	0.13	58.90	600.0	0	398	101.8	6.54	0.018	1.0	111115
32	"08:37:46"	91.5	-4.13	3.12	478	31	2.04	6	1	2.84	33.57	33.21	33.51	500.20	489.15	0.067	30.159	0.13	58.87	600.0	0	394	101.8	6.54	0.018	1.0	111115
33	"08:37:48"	93.0	-4.34	3.12	479	31	2.04	6	1	2.84	33.57	33.21	33.51	500.13	489.29	0.067	30.151	0.13	58.85	600.0	-0	398	101.8	6.54	0.018	1.0	111115
34	"08:37:49"	94.0	-4.3	3.11	479	31	2.04	6	1	2.84	33.57	33.21	33.51	500.14	489.27	0.067	30.144	0.13	58.84	600.0	-0	408	101.8	6.54	0.018	1.0	111115
35	"08:37:50"	95.5	-4.36	3.11	479	31	2.04	6	1	2.84	33.58	33.21	33.51	500.09	489.29	0.067	30.136	0.13	58.82	600.0	-0	422	101.8	6.54	0.018	1.0	111115
36	"08:37:51"	96.5	-4.32	3.1	479	31	2.04	6	1	2.84	33.58	33.21	33.51	500.11	489.26	0.068	30.132	0.13	58.80	600.0	-0	428	101.8	6.54	0.018	1.0	111115
37	"08:37:53"	98.0	-4.24	3.09	478	31	2.05	6	1	2.84	33.58	33.22	33.52	500.15	489.24	0.068	30.122	0.13	58.78	600.0	-0	431	101.8	6.54	0.018	1.0	111115
38	"08:37:54"	99.0	-4.35	3.09	479	31	2.05	6	1	2.84	33.58	33.22	33.52	500.07	489.26	0.068	30.118	0.13	58.77	600.0	-0	432	101.8	6.54	0.018	1.0	111115
39	"08:37:55"	100.5	-4.45	3.08	479	31	2.05	6	1	2.84	33.58	33.22	33.52	500.02	489.31	0.067	30.107	0.13	58.74	600.0	-0	436	101.8	6.54	0.018	1.0	111115
40	"08:37:56"	101.5	-4.5	3.07	479	31	2.05	6	1	2.84	33.58	33.23	33.52	499.97	489.31	0.066	30.101	0.13	58.73	600.0	-0	439	101.8	6.54	0.018	1.0	111115
41	"08:37:58"	103.0	-4.39	3.07	479	31	2.05	6	1	2.84	33.58	33.23	33.52	500.08	489.33	0.066	30.090	0.13	58.70	600.0	-0	439	101.8	6.54	0.018	1.0	111115
42	"08:37:59"	104.0	-4.24	3.06	478	30.9	2.05	6	1	2.84	33.59	33.23	33.52	500.15	489.25	0.067	30.082	0.13	58.68	600.0	-0	436	101.8	6.54	0.018	1.0	111115
43	"08:38:00"	105.5	-4.23	3.06	478	30.9	2.05	6	1	2.84	33.59	33.23	33.52	500.14	489.24	0.068	30.080	0.13	58.67	600.0	-0	429	101.8	6.54	0.018	1.0	111115
44	"08:38:01"	106.5	-4.17	3.06	478	30.9	2.05	6	1	2.84	33.59	33.23	33.53	500.15	489.18	0.068	30.080	0.13	58.66	600.0	-0	424	101.8	6.54	0.018	1.0	111115
45	"08:38:03"	108.0	-4.31	3.05	479	30.9	2.06	6	1	2.84	33.59	33.24	33.53	500.11	489.28	0.068	30.076	0.13	58.65	600.0	-0	418	101.8	6.54	0.018	1.0	111115
46	"08:38:04"	109.0	-4.28	3.04	479	30.9	2.06	6	1	2.84	33.59	33.24	33.53	500.15	489.29	0.068	30.067	0.13	58.63	600.0	-0	415	101.8	6.54	0.018	1.0	111115
47	"08:38:05"	110.5	-4.16	3.03	478	30.9	2.06	6	1	2.84	33.59	33.25	33.53	500.18	489.21	0.068	30.061	0.13	58.61	600.0	-0	412	101.8	6.54	0.018	1.0	111115
48	"08:38:06"	111.5	-4.14	3.03	478	30.9	2.06	6	1	2.84	33.60	33.25	33.53	500.18	489.20	0.068	30.052	0.13	58.59	600.0	-0	411	101.8	6.54	0.018	1.0	111115
49	"08:38:08"	113.0	-4.05	3.02	478	30.9	2.06	6	1	2.84	33.60	33.25	33.53	500.20	489.14	0.067	30.039	0.13	58.56	600.0	-0	406	101.8	6.54	0.018	1.0	111115
50	"08:38:09"	114.0	-4.16	3.02	478	30.9	2.06	6	1	2.84	33.60	33.25	33.53	500.15	489.20	0.067	30.035	0.13	58.54	600.0	-0	399	101.8	6.54	0.018	1.0	111115
51	"08:38:10"	115.5	-4.32	3.01	478	30.9	2.07	6	1	2.84	33.60	33.25	33.54	500.07	489.27	0.067	30.023	0.13	58.52	600.0	-0	385	101.8	6.54	0.018	1.0	111115
52	"08:38:11"	116.5	-4.46	3	479	30.9	2.07	6	1	2.84	33.60	33.25	33.54	500.00	489.36	0.067	30.014	0.13	58.49	600.0	-0	376	101.8	6.54	0.018	1.0	111115
53	"08:38:13"	118.0	-4.43	2.99	479	30.9	2.07	6	1	2.84	33.60	33.26	33.54	500.04	489.37	0.068	30.006	0.13	58.47	600.0	-0	367	101.8	6.54	0.018	1.0	111115
54	"08:38:14"	119.0	-4.29	2.99	478	30.9	2.07	6	1	2.84	33.61	33.26	33.54	500.11	489.30	0.068	30.000	0.13	58.45	600.0	-0	363	101.8	6.54	0.018	1.0	111115
55	"08:38:15"	120.5	-4.14	2.99	478	30.9	2.07	6	1	2.84	33.61	33.26	33.54	500.21	489.25	0.069	29.995	0.13	58.43	600.0	-0	358	101.8	6.54	0.018	1.0	111115
56	"08:38:16"	121.5	-4.18	2.98	478	30.8	2.07	6	1	2.84	33.61	33.26	33.54	500.21	489.30	0.068	29.988	0.13	58.42	600.0	-0	356	101.8	6.54	0.018	1.0	111115
57	"08:38:18"	123.0	-4.36	2.97	479	30.8	2.07	6	1	2.84	33.61	33.27	33.54	500.11	489.38	0.068	29.986	0.13	58.41	600.0	-0	354	101.8	6.54	0.018	1.0	111115
58	"08:38:19"	124.0	-4.36	2.97	479	30.8	2.08	6	1	2.84	33.61	33.27	33.55	500.12	489.38	0.068	29.979	0.13	58.39	600.0	-0	355	101.8	6.54	0.018	1.0	111115
59	"08:38:20"	125.5	-4.32	2.96	478	30.8	2.08	6	1	2.84	33.62	33.27	33.55	500.10	489.33	0.069	29.971	0.13	58.37	600.0	0	360	101.8	6.54	0.018	1.0	111115
60	"08:38:21"	126.5	-4.21	2.96	478	30.8	2.08	6	1	2.84	33.62	33.27	33.55	500.13	489.26	0.070	29.962	0.14	58.35	600.0	0	367	101.8	6.54	0.018	1.0	111115
61	"08:38:23"	128.0	-4.21	2.95	478	30.8	2.08	6	1	2.84	33.62	33.28	33.55	500.13	489.27	0.070	29.949	0.14	58.31	600.0	-0	379	101.8	6.54	0.018	1.0	111115
62	"08:38:24"	129.0	-4.22	2.95	478	30.8	2.08	6	1	2.84	33.62	33.28	33.55	500.12	489.27	0.069	29.944	0.13	58.30	600.0	-0	386	101.8	6.54	0.018	1.0	111115
63	"08:38:25"	130.5	-4.2	2.94	478	30.8	2.08	6	1	2.84	33.62	33.28	33.55	500.16	489.29	0.068	29.938	0.13	58.28	600.0	-0	394	101.8	6.54	0.018	1.0	111115
64	"08:38:26"	131.5	-4.19	2.94	478	30.8	2.08	6	1	2.84	33.62	33.28	33.56	500.15	489.27	0.068	29.935	0.13	58.27	600.0	0	397	101.8	6.54	0.018	1.0	111115
65	"08:38:28"	133.0	-4.13	2.93	478	30.8	2.09	6	1	2.84	33.63	33.29	33.56	500.18	489.25	0.069	29.921	0.13	58.23	600.0	-0	402	101.8	6.54	0.018	1.0	111115
66	"08:38:29"	134.0	-4.17	2.92	478	30.8	2.09	6	1	2.84	33.63	33.29	33.56	500.16	489.28	0.069	29.916	0.13	58.22	600.0	-0	404	101.8	6.54	0.018	1.0	111115
67	"08:38:30"	135.5	-4.1	2.92	478	30.8	2.09	6	1	2.84	33.63	33.29	33.56	500.21	489.27	0.069	29.907	0.13	58.20	600.0	-0	402	101.8	6.54	0.018	1.0	111115
68	"08:38:31"	136.5	-4.15	2.91	478	30.8	2.09	6	1	2.84	33.63	33.29	33.56	500.18	489.29	0.069	29.902	0.13	58.18	600.0	-0	398	101.8	6.54	0.018	1.0	111115
69	"08:38:33"	138.0	-4.04	2.9	478	30.7	2.09	6	1	2.84	33.63	33.30	33.57	500.28	489.28	0.069	29.892	0.13	58.15	600.0	-0	388	101.8	6.54	0.018	1.0	111115
70	"08:38:34"	139.0	-4.11	2.9	478	30.7	2.09	6	1	2.84	33.64	33.30	33.57	500.25	489.32	0.069	29.889	0.13	58.14	600.0	-0	380	101.8	6.54	0.018	1.0	111115
71	"08:38:35"	140.5	-4.17	2.89	478	30.7	2.1	6	1	2.84	33.64	33.30	33.57	500.20	489.34	0.069	29.877	0.13	58.11	600.0	-0	370	101.8	6.54	0.018	1.0	111115
72	"08:38:36"	141.5	-4.3	2.89	478	30.7	2.1	6	1	2.84	33.64	33.30	33.57	500.11	489.38	0.069	29.873	0.13	58.10	600.0	-0	365	101.8	6.54	0.018	1.0	111115
73	"08:38:38"	143.0	-4.25	2.88	478	30.7	2.1	6	1	2.84	33.64	33.31	33.57	500.06	489.29	0.069	29.859	0.13	58.07	600.0	-0	360	101.8	6.54	0.018	1.0	111115
74	"08:38:39"	144.0	-4.18	2.88	478	30.7	2.1	6	1	2.84	33.64	33.31	33.57	500.12	489.28	0.069	29.854	0.13	58.05	600.0	-0	359	101.8	6.54	0.018	1.0	111115
75	"08:38:40"	145.5	-4.06	2.87	478	30.7	2.1	6	1	2.84	33.64	33.31	33.58	500.16	489.21	0.069	29.842	0.13	58.02	600.0	-0	362	101.8	6.54	0.018	1.0	111115
76	"08:38:41"	146.5	-4.06	2.87	478	30.7	2.1	6	1	2.84	33.65	33.31	33.58	500.20	489.25	0.070	29.837	0.14	58.01	600.0	-0	365	101.8	6.54	0.018	1.0	111115
77	"08:38:43"	148.0	-4.01	2.86	478	30.7	2.1	6	1	2.84	33.65	33.31	33.58	500.20	489.20	0.069	29.828	0.14	57.99	600.0	-0	372	101.8	6.54	0.018	1.0	111115
78	"08:38:44"	149.0	-3.97	2.86	478	30.7	2.1	6	1	2.84	33.65	33.31	33.58	500.24	489.21	0.070	29.823	0.14	57.97	600.0	-0	376	101.8	6.54	0.018	1.0	111115
79	"08:38:45"	150.5	-4	2.85	478	30.7	2.11	6	1	2.84	33.65	33.32	33.58	500.24	489.24	0.070	29.809	0.14	57.94	600.0	-0	380	101.8	6.54	0.018	1.0	111115
80	"08:38:46"	151.5	-4.04	2.85	478	30.6	2.11	6	1	2.84	33.65	33.32	33.58	500.23	489.28	0.070	29.804	0.14	57.92	600.0	-0	381	101.8	6.54	0.018	1.0	111115
81	"08:38:48"	153.0	-4.04	2.84	478	30.6	2.11	6	1	2.84	33.65	33.32	33.58	500.23	489.29	0.070	29.789	0.14	57.89	600.0	-0	383	101.8	6.54	0.018	1.0	111115
82	"08:38:49"	154.0	-4.06	2.83	478	30.6	2.11	6	1	2.84	33.66	33.32	33.59	500.21	489.29	0.070	29.786	0.14	57.88	600.0	-0	386	101.8	6.54	0.018	1.0	111115
83	"08:38:50"	155.5	-4.23	2.83	478	30.6	2.11	6	1	2.84	33.66	33.32	33.59	500.13	489.37	0.070	29.773	0.14	57.84	600.0	-0	391	101.8	6.54	0.018	1.0	111115
84	"08:38:51"	156.5	-4.15	2.82	478	30.6	2.11	6	1	2.84	33.66	33.33	33.59	500.17	489.34	0.070	29.768	0.14	57.83	600.0	-0	395	101.8	6.54	0.018	1.0	111115
85	"08:38:53"	158.0	-4.18	2.82	478	30.6	2.12	6	1	2.84	33.66	33.33	33.59	500.17	489.38	0.070	29.761	0.14	57.81	600.0	-0	400	101.8	6.54	0.018	1.0	111115
86	"08:38:54"	159.0	-4.12	2.81	478	30.6	2.12	6	1	2.84	33.66	33.33	33.59	500.19	489.34	0.070	29.754	0.14	57.79	600.0	-0	403	101.8	6.54	0.018	1.0	111115
87	"08:38:55"	160.5	-4.19	2.8	478	30.6	2.12	6	1	2.84	33.66	33.33	33.59	500.14	489.37	0.070	29.741	0.14	57.76	600.0	-0	409	101.8	6.54	0.018	1.0	111115
88	"08:38:56"	161.5	-4.14	2.8	478	30.6	2.12	6	1	2.84	33.67	33.34	33.60	500.18	489.36	0.071	29.733	0.14	57.74	600.0	-0	410	101.8	6.54	0.018	1.0	111115
89	"08:38:58"	163.0	-4.12	2.79	478	30.6	2.12	6	1	2.84	33.67	33.34	33.60	500.23	489.39	0.071	29.722	0.14	57.71	600.0	0	403	101.8	6.54	0.018	1.0	111115
90	"08:38:59"	164.0	-4.11	2.79	478	30.6	2.12	6	1	2.84	33.67	33.34	33.60	500.23	489.39	0.070	29.722	0.14	57.71	600.0	-0	393	101.8	6.54	0.018	1.0	111115
91	"08:39:00"	165.5	-4.17	2.78	478	30.6	2.12	6	1	2.84	33.67	33.34	33.60	500.18	489.41	0.070	29.715	0.14	57.69	600.0	-0	375	101.8	6.54	0.018	1.0	111115
92	"08:39:01"	166.5	-4.05	2.78	478	30.5	2.13	6	1	2.84	33.67	33.35	33.60	500.24	489.34	0.071	29.710	0.14	57.67	600.0	-0	366	101.8	6.54	0.018	1.0	111115
93	"08:39:03"	168.0	-3.97	2.77	478	30.5	2.13	6	1	2.84	33.68	33.35	33.60	500.29	489.32	0.071	29.701	0.14	57.65	600.0	-0	358	101.8	6.54	0.018	1.0	111115
94	"08:39:04"	169.0	-4.07	2.77	478	30.5	2.13	6	1	2.84	33.68	33.35	33.61	500.23	489.36	0.072	29.695	0.14	57.63	600.0	-0	356	101.8	6.54	0.018	1.0	111115
95	"08:39:05"	170.5	-4.16	2.76	478	30.5	2.13	6	1	2.84	33.68	33.35	33.61	500.14	489.37	0.072	29.683	0.14	57.60	600.0	-0	353	101.8	6.54	0.018	1.0	111115
96	"08:39:06"	171.5	-4.25	2.76	478	30.5	2.13	6	1	2.84	33.68	33.35	33.61	500.09	489.41	0.072	29.675	0.14	57.58	600.0	-0	351	101.8	6.54	0.018	1.0	111115
97	"08:39:08"	173.0	-4.09	2.75	478	30.5	2.13	6	1	2.84	33.68	33.36	33.61	500.17	489.34	0.071	29.666	0.14	57.56	600.0	-0	346	101.8	6.54	0.018	1.0	111115
98	"08:39:09"	174.0	-4.07	2.75	478	30.5	2.13	6	1	2.84	33.68	33.36	33.61	500.22	489.37	0.071	29.661	0.14	57.54	600.0	-0	343	101.8	6.54	0.018	1.0	111115
99	"08:39:10"	175.5	-4.05	2.74	478	30.5	2.14	6	1	2.84	33.69	33.36	33.62	500.24	489.37	0.072	29.651	0.14	57.52	600.0	-0	340	101.8	6.54	0.018	1.0	111115
100	"08:39:11"	176.5	-4.15	2.74	478	30.5	2.14	6	1	2.84	33.69	33.36	33.62	500.19	489.42	0.072	29.642	0.14	57.49	600.0	-0	338	101.8	6.54	0.018	1.0	111115
101	"08:39:13"	178.0	-4.23	2.73	478	30.5	2.14	6	1	2.84	33.69	33.36	33.62	500.13	489.45	0.072	29.627	0.14	57.46	600.0	-0	336	101.8	6.54	0.018	1.0	111115
102	"08:39:14"	179.0	-4.28	2.73	478	30.5	2.14	6	1	2.84	33.69	33.37	33.62	500.14	489.51	0.071	29.623	0.14	57.45	600.0	0	334	101.8	6.54	0.018	1.0	111115
103	"08:39:15"	180.5	-4.11	2.72	478	30.4	2.14	6	1	2.84	33.69	33.37	33.62	500.23	489.43	0.071	29.615	0.14	57.43	600.0	0	326	101.8	6.54	0.018	1.0	111115
104	"08:39:16"	181.5	-4.07	2.72	478	30.4	2.14	6	1	2.84	33.69	33.37	33.62	500.27	489.44	0.072	29.606	0.14	57.41	600.0	0	308	101.8	6.54	0.018	1.0	111115
105	"08:39:18"	183.0	-4.06	2.71	478	30.4	2.14	6	1	2.84	33.70	33.37	33.62	500.25	489.41	0.071	29.600	0.14	57.39	600.0	-0	271	101.8	6.54	0.018	1.0	111115
106	"08:39:19"	184.0	-4.16	2.71	478	30.4	2.14	6	1	2.84	33.70	33.37	33.62	500.17	489.44	0.072	29.595	0.14	57.37	600.0	-0	247	101.8	6.54	0.018	1.0	111115
107	"08:39:20"	185.5	-4.21	2.71	478	30.4	2.15	6	1	2.84	33.70	33.37	33.63	500.12	489.45	0.071	29.587	0.14	57.35	600.0	-0	234	101.8	6.54	0.018	1.0	111115
108	"08:39:21"	186.0	-4.09	2.71	478	30.4	2.15	6	1	2.84	33.70	33.37	33.63	500.20	489.40	0.072	29.585	0.14	57.35	600.0	-0	235	101.8	6.54	0.018	1.0	111115
109	"08:39:22"	187.5	-4.01	2.7	478	30.4	2.15	6	1	2.84	33.70	33.37	33.63	500.23	489.37	0.072	29.576	0.14	57.33	600.0	-0	247	101.8	6.54	0.018	1.0	111115
110	"08:39:24"	189.0	-3.81	2.69	478	30.4	2.15	6	1	2.84	33.70	33.38	33.63	500.42	489.36	0.072	29.559	0.14	57.29	600.0	-0	261	101.8	6.54	0.018	1.0	111115
111	"08:39:25"	190.0	-3.8	2.69	478	30.4	2.15	6	1	2.84	33.70	33.38	33.63	500.41	489.35	0.072	29.548	0.14	57.26	600.0	-0	263	101.8	6.54	0.018	1.0	111115
112	"08:39:26"	191.5	-3.98	2.68	478	30.4	2.15	6	1	2.84	33.71	33.38	33.63	500.32	489.44	0.073	29.538	0.14	57.23	600.0	-0	264	101.8	6.54	0.018	1.0	111115
113	"08:39:27"	192.5	-4.04	2.68	478	30.3	2.15	6	1	2.84	33.71	33.38	33.63	500.25	489.43	0.073	29.525	0.14	57.20	600.0	-0	264	101.8	6.54	0.018	1.0	111115
114	"08:39:29"	194.0	-4.11	2.67	478	30.3	2.16	6	1	2.84	33.71	33.38	33.64	500.21	489.47	0.073	29.509	0.14	57.17	600.0	-0	269	101.8	6.54	0.018	1.0	111115
115	"08:39:30"	195.0	-3.9	2.66	478	30.3	2.16	6	1	2.84	33.71	33.38	33.64	500.31	489.37	0.074	29.500	0.14	57.15	600.0	-0	285	101.8	6.54	0.018	1.0	111115
116	"08:39:31"	196.5	-3.93	2.66	478	30.3	2.16	6	1	2.84	33.71	33.38	33.64	500.30	489.40	0.074	29.479	0.14	57.11	600.0	0	309	101.8	6.54	0.018	1.0	111115
117	"08:39:32"	197.5	-4.01	2.66	478	30.3	2.16	6	1	2.84	33.71	33.38	33.64	500.24	489.41	0.073	29.501	0.14	57.15	600.0	0	322	101.8	6.54	0.018	1.0	111115
118	"08:39:34"	199.0	-4.17	2.66	478	30.3	2.16	6	1	2.84	33.71	33.38	33.64	500.20	489.52	0.073	29.503	0.14	57.15	600.0	-0	315	101.8	6.54	0.018	1.0	111115
119	"08:39:35"	200.0	-4.21	2.66	478	30.3	2.16	6	1	2.84	33.71	33.38	33.64	500.17	489.54	0.073	29.503	0.14	57.14	600.0	-0	307	101.8	6.54	0.018	1.0	111115
120	"08:39:36"	201.5	-4.06	2.65	478	30.3	2.16	6	1	2.84	33.72	33.38	33.65	500.21	489.45	0.074	29.459	0.14	57.05	600.0	-0	298	101.8	6.54	0.018	1.0	111115
121	"08:39:37"	202.5	-4.07	2.63	478	30.2	2.16	6	1	2.84	33.72	33.38	33.65	500.17	489.44	0.074	29.423	0.14	56.98	600.0	-0	294	101.8	6.54	0.018	1.0	111115
122	"08:39:39"	204.0	-4.03	2.62	478	30.2	2.17	6	1	2.84	33.72	33.38	33.65	500.15	489.40	0.074	29.389	0.14	56.91	600.0	-0	291	101.8	6.54	0.018	1.0	111115
123	"08:39:40"	205.0	-4.02	2.61	478	30.2	2.17	6	1	2.84	33.72	33.38	33.65	500.15	489.39	0.073	29.374	0.14	56.88	600.0	-0	285	101.8	6.54	0.018	1.0	111115
124	"08:39:41"	206.5	-4.09	2.6	478	30.2	2.17	6	1	2.84	33.72	33.38	33.65	500.14	489.48	0.073	29.345	0.14	56.82	600.0	-0	268	101.8	6.54	0.018	1.0	111115
125	"08:39:42"	207.5	-4	2.59	478	30.1	2.17	6	1	2.84	33.72	33.38	33.65	500.20	489.46	0.073	29.323	0.14	56.77	600.0	-0	266	101.8	6.54	0.018	1.0	111115
126	"08:39:44"	209.0	-3.95	2.58	478	30.1	2.18	6	1	2.84	33.72	33.38	33.65	500.23	489.45	0.073	29.288	0.14	56.71	600.0	-0	273	101.8	6.54	0.018	1.0	111115
127	"08:39:45"	210.0	-3.84	2.57	478	30.1	2.18	6	1	2.84	33.72	33.38	33.65	500.25	489.37	0.074	29.279	0.14	56.70	600.0	0	287	101.8	6.54	0.018	1.0	111115
128	"08:39:46"	211.5	-3.93	2.57	478	30.1	2.18	6	1	2.84	33.72	33.38	33.65	500.19	489.40	0.074	29.260	0.14	56.66	600.0	-0	294	101.8	6.54	0.018	1.0	111115
129	"08:39:47"	212.5	-3.9	2.56	478	30	2.18	6	1	2.84	33.72	33.38	33.65	500.22	489.41	0.074	29.242	0.14	56.63	600.0	-0	294	101.8	6.54	0.018	1.0	111115
130	"08:39:49"	214.0	-4.02	2.55	478	30	2.18	6	1	2.84	33.72	33.38	33.65	500.13	489.46	0.075	29.225	0.14	56.59	600.0	-0	294	101.8	6.54	0.018	0.7	111115
131	"08:39:50"	215.0	-4.04	2.55	478	30	2.19	6	1	2.84	33.72	33.38	33.66	500.15	489.49	0.075	29.219	0.14	56.57	600.0	-0	294	101.8	6.54	0.018	0.7	111115
132	"08:39:51"	216.5	-4.15	2.54	478	30	2.19	6	1	2.84	33.72	33.38	33.66	500.10	489.55	0.074	29.207	0.14	56.55	600.0	-0	293	101.8	6.54	0.018	0.7	111115
133	"08:39:52"	217.5	-4.08	2.54	478	30	2.19	6	1	2.84	33.72	33.38	33.66	500.16	489.55	0.074	29.204	0.14	56.54	600.0	-0	293	101.8	6.54	0.018	0.7	111115
134	"08:39:54"	219.0	-3.88	2.53	478	30	2.19	6	1	2.84	33.72	33.38	33.66	500.26	489.47	0.075	29.177	0.14	56.48	600.0	-0	291	101.8	6.54	0.018	1.0	111115
135	"08:39:55"	220.0	-3.8	2.53	477	30	2.19	6	1	2.84	33.72	33.38	33.66	500.29	489.42	0.074	29.174	0.14	56.47	600.0	-0	283	101.8	6.54	0.018	1.0	111115
136	"08:39:56"	221.5	-3.75	2.52	477	30	2.19	6	1	2.84	33.73	33.39	33.66	500.34	489.43	0.075	29.152	0.14	56.43	600.0	-0	269	101.8	6.54	0.018	1.0	111115
137	"08:39:57"	222.5	-3.74	2.51	477	29.9	2.2	6	1	2.84	33.73	33.39	33.66	500.31	489.40	0.074	29.144	0.14	56.41	600.0	-0	259	101.8	6.54	0.018	1.0	111115
138	"08:39:59"	224.0	-3.86	2.5	478	29.9	2.2	6	1	2.84	33.73	33.39	33.66	500.20	489.42	0.074	29.116	0.14	56.35	600.0	-0	253	101.8	6.54	0.018	1.0	111115
139	"08:40:00"	225.0	-3.94	2.5	478	29.9	2.2	6	1	2.84	33.73	33.39	33.66	500.12	489.41	0.074	29.123	0.14	56.36	600.0	-0	254	101.8	6.54	0.018	1.0	111115
140	"08:40:01"	226.5	-4	2.5	478	29.9	2.2	6	1	2.84	33.73	33.40	33.67	500.11	489.47	0.074	29.105	0.14	56.32	600.0	-0	258	101.8	6.54	0.018	1.0	111115
141	"08:40:02"	227.5	-3.93	2.49	478	29.9	2.2	6	1	2.84	33.73	33.40	33.67	500.18	489.48	0.074	29.094	0.14	56.30	600.0	-0	264	101.8	6.54	0.018	1.0	111115
142	"08:40:04"	229.0	-3.84	2.48	478	29.9	2.21	6	1	2.84	33.73	33.40	33.67	500.30	489.53	0.074	29.062	0.14	56.23	600.0	-0	277	101.8	6.54	0.018	1.0	111115
143	"08:40:05"	230.0	-3.8	2.47	478	29.8	2.21	6	1	2.84	33.73	33.40	33.67	500.33	489.52	0.075	29.043	0.15	56.19	600.0	-0	282	101.8	6.54	0.018	1.0	111115
144	"08:40:06"	231.5	-3.94	2.46	478	29.8	2.21	6	1	2.84	33.73	33.40	33.67	500.26	489.60	0.075	29.024	0.14	56.15	600.0	-0	283	101.8	6.54	0.018	1.0	111115
145	"08:40:07"	232.5	-3.95	2.45	478	29.8	2.21	6	1	2.84	33.74	33.40	33.67	500.24	489.60	0.076	29.012	0.15	56.13	600.0	-0	278	101.8	6.54	0.018	1.0	111115
146	"08:40:09"	234.0	-4.02	2.45	478	29.8	2.22	6	1	2.84	33.74	33.41	33.67	500.21	489.64	0.076	28.998	0.15	56.09	600.0	-0	272	101.8	6.54	0.018	1.0	111115
147	"08:40:10"	235.0	-3.98	2.45	478	29.8	2.22	6	1	2.84	33.74	33.41	33.67	500.22	489.62	0.076	28.996	0.15	56.08	600.0	-0	273	101.8	6.54	0.018	1.0	111115
148	"08:40:11"	236.5	-3.75	2.44	477	29.8	2.22	6	1	2.84	33.74	33.41	33.67	500.34	489.51	0.075	28.993	0.15	56.07	600.0	-0	272	101.8	6.54	0.018	1.0	111115
149	"08:40:12"	237.5	-3.8	2.45	477	29.8	2.22	6	1	2.84	33.74	33.41	33.68	500.31	489.52	0.075	29.010	0.14	56.10	600.0	-0	272	101.8	6.54	0.018	1.0	111115
150	"08:40:14"	239.0	-3.85	2.45	478	29.8	2.22	6	1	2.84	33.74	33.41	33.68	500.33	489.60	0.075	29.001	0.15	56.08	600.0	-0	270	101.8	6.54	0.018	1.0	111115
151	"08:40:15"	240.0	-3.97	2.45	478	29.8	2.22	6	1	2.84	33.74	33.41	33.68	500.25	489.63	0.074	28.998	0.14	56.08	600.1	-0	246	101.8	6.54	0.018	1.0	111115
152	"08:40:16"	241.5	-3.89	2.44	478	29.8	2.22	6	1	2.84	33.74	33.41	33.68	500.30	489.61	0.074	28.985	0.14	56.05	600.1	-0	211	101.9	6.54	0.018	1.0	111115
153	"08:40:17"	242.5	-3.85	2.44	478	29.8	2.22	6	1	2.84	33.75	33.42	33.68	500.31	489.58	0.074	28.987	0.14	56.04	600.1	-0	187	101.9	6.54	0.018	1.0	111115
154	"08:40:19"	244.0	-3.82	2.44	478	29.8	2.22	6	1	2.84	33.75	33.42	33.68	500.35	489.59	0.075	28.990	0.14	56.04	600.1	-0	177	101.9	6.54	0.018	1.0	111115
155	"08:40:20"	245.0	-3.89	2.43	478	29.8	2.22	6	1	2.84	33.75	33.42	33.68	500.30	489.61	0.075	28.984	0.15	56.03	600.0	-0	176	101.9	6.54	0.018	1.0	111115
156	"08:40:21"	246.5	-4.01	2.43	478	29.8	2.22	6	1	2.84	33.75	33.43	33.68	500.17	489.61	0.074	28.974	0.14	56.00	600.0	-0	176	101.9	6.54	0.018	1.0	111115
157	"08:40:22"	247.5	-4.08	2.42	478	29.8	2.23	6	1	2.84	33.75	33.43	33.69	500.12	489.63	0.074	28.965	0.14	55.98	600.0	-0	175	101.8	6.54	0.018	1.0	111115
158	"08:40:24"	249.0	-4.05	2.42	478	29.7	2.23	6	1	2.84	33.75	33.43	33.69	500.15	489.64	0.074	28.949	0.14	55.94	600.0	-0	173	101.9	6.54	0.018	1.0	111115
159	"08:40:25"	250.0	-3.97	2.41	478	29.7	2.23	6	1	2.84	33.76	33.43	33.69	500.24	489.65	0.075	28.942	0.15	55.93	600.0	-0	173	101.8	6.54	0.018	1.0	111115
160	"08:40:26"	251.5	-3.82	2.41	477	29.7	2.23	6	1	2.84	33.76	33.43	33.69	500.30	489.58	0.076	28.926	0.15	55.89	600.0	0	176	101.9	6.54	0.018	1.0	111115
161	"08:40:27"	252.5	-3.91	2.4	478	29.7	2.23	6	1	2.84	33.76	33.43	33.69	500.24	489.60	0.076	28.921	0.15	55.88	600.0	-0	178	101.9	6.54	0.018	1.0	111115
162	"08:40:29"	254.0	-3.88	2.4	478	29.7	2.23	6	1	2.84	33.76	33.44	33.69	500.22	489.57	0.076	28.911	0.15	55.85	600.0	-0	182	101.9	6.54	0.018	1.0	111115
163	"08:40:30"	255.0	-3.91	2.4	478	29.7	2.23	6	1	2.84	33.76	33.44	33.69	500.21	489.59	0.077	28.906	0.15	55.84	600.0	-0	182	101.9	6.54	0.018	1.0	111115
164	"08:40:31"	256.5	-3.85	2.39	478	29.7	2.23	6	1	2.84	33.76	33.44	33.69	500.27	489.59	0.077	28.890	0.15	55.81	600.0	-0	183	101.9	6.54	0.018	1.0	111115
165	"08:40:32"	257.5	-3.94	2.39	478	29.7	2.24	6	1	2.84	33.76	33.44	33.69	500.21	489.63	0.077	28.877	0.15	55.78	600.0	-0	183	101.9	6.54	0.018	1.0	111115
166	"08:40:34"	259.0	-3.9	2.38	478	29.6	2.24	6	1	2.84	33.77	33.44	33.70	500.21	489.60	0.077	28.865	0.15	55.75	600.0	0	183	101.9	6.54	0.018	1.0	111115
167	"08:40:35"	260.0	-3.81	2.38	477	29.6	2.24	6	1	2.84	33.77	33.44	33.70	500.27	489.58	0.077	28.858	0.15	55.73	600.0	0	183	101.9	6.54	0.018	1.0	111115
168	"08:40:36"	261.5	-3.73	2.37	477	29.6	2.24	6	1	2.84	33.77	33.44	33.70	500.28	489.52	0.077	28.847	0.15	55.71	600.0	-0	183	101.9	6.54	0.018	1.0	111115
169	"08:40:37"	262.5	-3.74	2.37	477	29.6	2.24	6	1	2.84	33.77	33.44	33.70	500.29	489.53	0.077	28.835	0.15	55.68	600.0	-0	180	101.9	6.54	0.018	1.0	111115
170	"08:40:39"	264.0	-3.91	2.36	478	29.6	2.24	6	1	2.84	33.77	33.45	33.70	500.17	489.59	0.078	28.821	0.15	55.65	600.0	-0	177	101.9	6.54	0.018	1.0	111115
171	"08:40:40"	265.0	-3.95	2.36	478	29.6	2.25	6	1	2.84	33.77	33.45	33.70	500.14	489.60	0.078	28.813	0.15	55.63	600.0	-0	174	101.9	6.54	0.018	1.0	111115
172	"08:40:41"	266.5	-3.95	2.35	478	29.6	2.25	6	1	2.84	33.77	33.45	33.70	500.12	489.59	0.078	28.796	0.15	55.59	599.9	-0	173	101.9	6.54	0.018	1.0	111115
173	"08:40:42"	267.5	-3.93	2.35	478	29.6	2.25	6	1	2.84	33.77	33.45	33.70	500.11	489.57	0.077	28.794	0.15	55.59	599.9	-0	173	101.9	6.54	0.018	1.0	111115
174	"08:40:44"	269.0	-3.8	2.35	477	29.6	2.25	6	1	2.84	33.78	33.45	33.71	500.21	489.54	0.077	28.785	0.15	55.56	600.0	-0	173	101.9	6.54	0.018	1.0	111115
175	"08:40:45"	270.0	-3.8	2.34	477	29.6	2.25	6	1	2.84	33.78	33.45	33.71	500.21	489.55	0.078	28.778	0.15	55.54	600.0	-0	173	101.9	6.54	0.018	1.0	111115
176	"08:40:46"	271.5	-3.79	2.34	477	29.5	2.25	6	1	2.84	33.78	33.45	33.71	500.27	489.60	0.078	28.764	0.15	55.51	600.0	-0	172	101.8	6.54	0.018	1.0	111115
177	"08:40:47"	272.5	-3.79	2.33	477	29.5	2.25	6	1	2.84	33.78	33.45	33.71	500.26	489.60	0.078	28.752	0.15	55.49	600.0	-0	171	101.9	6.54	0.018	1.0	111115
178	"08:40:49"	274.0	-3.8	2.33	477	29.5	2.26	6	1	2.84	33.78	33.46	33.71	500.29	489.64	0.078	28.733	0.15	55.44	600.0	-0	171	101.9	6.54	0.018	1.0	111115
179	"08:40:50"	275.0	-3.84	2.32	477	29.5	2.26	6	1	2.84	33.78	33.46	33.71	500.24	489.64	0.079	28.722	0.15	55.42	600.0	-0	172	101.9	6.54	0.018	1.0	111115
180	"08:40:51"	276.5	-3.87	2.32	477	29.5	2.26	6	1	2.84	33.78	33.46	33.71	500.18	489.62	0.077	28.705	0.15	55.38	600.0	-0	175	101.9	6.54	0.018	1.0	111115
181	"08:40:52"	277.5	-3.92	2.31	478	29.5	2.26	6	1	2.84	33.78	33.46	33.72	500.13	489.63	0.076	28.694	0.15	55.36	600.0	-0	176	101.9	6.54	0.018	1.0	111115
182	"08:40:54"	279.0	-3.83	2.3	477	29.4	2.26	6	1	2.84	33.79	33.46	33.72	500.15	489.57	0.076	28.674	0.15	55.32	600.0	-0	176	101.9	6.54	0.018	1.0	111115
183	"08:40:55"	280.0	-3.86	2.3	477	29.4	2.26	6	1	2.84	33.79	33.46	33.72	500.15	489.60	0.077	28.666	0.15	55.30	600.0	-0	176	101.9	6.54	0.018	1.0	111115
184	"08:40:56"	281.5	-3.81	2.3	477	29.4	2.27	6	1	2.84	33.79	33.46	33.72	500.16	489.56	0.078	28.651	0.15	55.27	600.0	-0	177	101.9	6.54	0.018	1.0	111115
185	"08:40:57"	282.5	-3.87	2.29	477	29.4	2.27	6	1	2.84	33.79	33.46	33.72	500.12	489.59	0.078	28.645	0.15	55.26	600.0	-0	178	101.9	6.54	0.018	1.0	111115
186	"08:40:59"	284.0	-3.85	2.29	477	29.4	2.27	6	1	2.84	33.79	33.46	33.72	500.13	489.59	0.078	28.622	0.15	55.21	600.0	-0	181	101.9	6.54	0.018	1.0	111115
187	"08:41:00"	285.0	-3.75	2.28	477	29.4	2.27	6	1	2.84	33.79	33.46	33.72	500.22	489.59	0.078	28.614	0.15	55.19	600.0	-0	183	101.9	6.54	0.018	1.0	111115
188	"08:41:01"	286.5	-3.66	2.28	477	29.4	2.27	6	1	2.84	33.79	33.46	33.72	500.32	489.60	0.078	28.600	0.15	55.16	600.0	-0	185	101.9	6.54	0.018	1.0	111115
189	"08:41:02"	287.5	-3.62	2.28	477	29.4	2.27	6	1	2.84	33.79	33.46	33.72	500.36	489.61	0.079	28.594	0.15	55.15	600.0	-0	184	101.9	6.54	0.018	1.0	111115
190	"08:41:04"	289.0	-3.81	2.27	477	29.3	2.27	6	1	2.84	33.79	33.46	33.72	500.26	489.70	0.078	28.581	0.15	55.12	600.0	-0	177	101.9	6.54	0.018	1.0	111115
191	"08:41:05"	290.0	-3.8	2.27	477	29.3	2.27	6	1	2.84	33.79	33.46	33.73	500.26	489.69	0.078	28.568	0.15	55.09	600.0	-0	173	101.9	6.54	0.018	1.0	111115
192	"08:41:06"	291.5	-3.83	2.26	477	29.3	2.28	6	1	2.84	33.79	33.46	33.73	500.18	489.66	0.078	28.552	0.15	55.06	600.0	-0	168	101.9	6.54	0.018	1.0	111115
193	"08:41:07"	292.5	-3.81	2.26	477	29.3	2.28	6	1	2.84	33.79	33.46	33.73	500.17	489.63	0.078	28.539	0.15	55.03	600.0	-0	170	101.9	6.54	0.018	1.0	111115
194	"08:41:09"	294.0	-3.84	2.25	477	29.3	2.28	6	1	2.84	33.80	33.46	33.73	500.08	489.59	0.078	28.520	0.15	54.99	600.0	-0	177	101.9	6.54	0.018	1.0	111115
195	"08:41:10"	295.0	-3.78	2.25	477	29.3	2.28	6	1	2.84	33.80	33.47	33.73	500.13	489.58	0.077	28.507	0.15	54.96	600.0	-0	184	101.9	6.54	0.018	1.0	111115
196	"08:41:11"	296.5	-3.7	2.24	477	29.2	2.28	6	1	2.84	33.80	33.47	33.73	500.16	489.55	0.078	28.487	0.15	54.92	600.0	-0	194	101.9	6.54	0.018	1.0	111115
197	"08:41:12"	297.5	-3.71	2.23	477	29.2	2.29	6	1	2.84	33.80	33.47	33.73	500.18	489.57	0.079	28.476	0.15	54.90	600.0	0	197	101.9	6.54	0.018	1.0	111115
198	"08:41:14"	299.0	-3.91	2.23	477	29.2	2.29	6	1	2.84	33.80	33.47	33.73	500.07	489.68	0.080	28.457	0.15	54.86	600.0	0	198	101.9	6.54	0.018	1.0	111115
199	"08:41:15"	300.0	-3.99	2.23	478	29.2	2.29	6	1	2.84	33.80	33.47	33.73	500.01	489.70	0.079	28.449	0.15	54.84	600.0	-0	198	101.9	6.54	0.018	1.0	111115
200	"08:41:16"	301.5	-4.05	2.22	478	29.2	2.29	6	1	2.84	33.80	33.47	33.73	499.97	489.73	0.079	28.434	0.15	54.81	600.0	-0	198	101.9	6.54	0.018	1.0	111115
201	"08:41:17"	302.5	-3.96	2.22	477	29.2	2.29	6	1	2.84	33.80	33.47	33.73	499.99	489.67	0.078	28.426	0.15	54.79	600.0	-0	198	101.9	6.54	0.018	1.0	111115
202	"08:41:19"	304.0	-3.91	2.21	477	29.2	2.29	6	1	2.84	33.80	33.47	33.73	500.06	489.69	0.078	28.411	0.15	54.76	600.0	-0	198	101.9	6.54	0.018	1.0	111115
203	"08:41:20"	305.0	-3.8	2.21	477	29.1	2.29	6	1	2.84	33.80	33.47	33.73	500.10	489.63	0.079	28.400	0.15	54.74	600.0	-0	199	101.9	6.54	0.018	1.0	111115
204	"08:41:21"	306.5	-3.75	2.2	477	29.1	2.3	6	1	2.84	33.80	33.47	33.73	500.15	489.63	0.079	28.380	0.15	54.70	600.0	-0	199	101.9	6.54	0.018	1.0	111115
205	"08:41:22"	307.5	-3.66	2.2	477	29.1	2.3	6	1	2.84	33.80	33.47	33.74	500.19	489.59	0.078	28.369	0.15	54.67	600.0	-0	199	101.9	6.54	0.018	1.0	111115
206	"08:41:23"	308.0	-3.65	2.2	477	29.1	2.3	6	1	2.84	33.80	33.47	33.74	500.17	489.56	0.078	28.364	0.15	54.66	600.0	-0	199	101.9	6.54	0.018	1.0	111115
207	"08:41:25"	310.0	-3.71	2.19	477	29.1	2.3	6	1	2.84	33.81	33.48	33.74	500.15	489.62	0.079	28.334	0.15	54.60	600.0	-0	199	101.9	6.54	0.018	1.0	111115
208	"08:41:26"	311.0	-3.73	2.18	477	29.1	2.3	6	1	2.84	33.81	33.48	33.74	500.16	489.66	0.079	28.325	0.15	54.58	600.0	0	199	101.9	6.54	0.018	1.0	111115
209	"08:41:27"	312.5	-3.83	2.18	477	29.1	2.31	6	1	2.84	33.81	33.48	33.74	500.16	489.76	0.079	28.314	0.15	54.56	600.0	-0	199	101.9	6.54	0.018	1.0	111115
210	"08:41:28"	313.5	-3.75	2.18	477	29.1	2.31	6	1	2.84	33.81	33.48	33.74	500.21	489.73	0.079	28.309	0.15	54.55	600.0	-0	199	101.9	6.54	0.018	1.0	111115
211	"08:41:30"	315.0	-3.82	2.17	477	29	2.31	6	1	2.84	33.81	33.48	33.74	500.13	489.73	0.078	28.296	0.15	54.52	600.0	-0	199	101.9	6.54	0.018	1.0	111115
212	"08:41:31"	316.0	-3.83	2.17	477	29	2.31	6	1	2.84	33.81	33.48	33.74	500.09	489.71	0.078	28.283	0.15	54.49	600.0	-0	199	101.9	6.54	0.018	1.0	111115
213	"08:41:32"	317.5	-3.83	2.16	477	29	2.31	6	1	2.84	33.81	33.48	33.74	500.05	489.68	0.078	28.266	0.15	54.46	600.0	-0	199	101.9	6.54	0.018	1.0	111115
214	"08:41:33"	318.5	-3.89	2.16	477	29	2.31	6	1	2.84	33.81	33.49	33.74	500.01	489.70	0.078	28.260	0.15	54.44	600.0	0	200	101.9	6.54	0.018	1.0	111115
215	"08:41:35"	320.0	-4	2.15	477	29	2.32	6	1	2.84	33.81	33.49	33.74	499.95	489.76	0.079	28.243	0.15	54.41	600.0	-0	200	101.9	6.54	0.018	1.0	111115
216	"08:41:36"	321.0	-3.99	2.15	477	29	2.32	6	1	2.84	33.81	33.49	33.75	499.96	489.76	0.078	28.233	0.15	54.38	600.0	-0	200	101.9	6.54	0.018	1.0	111115
217	"08:41:37"	322.5	-3.74	2.14	477	29	2.32	6	1	2.84	33.81	33.49	33.75	500.12	489.68	0.079	28.216	0.15	54.35	600.0	-0	200	101.9	6.54	0.018	1.0	111115
218	"08:41:38"	323.5	-3.64	2.14	477	28.9	2.32	6	1	2.84	33.82	33.49	33.75	500.16	489.63	0.079	28.203	0.15	54.32	600.0	-0	200	101.9	6.54	0.018	1.0	111115
219	"08:41:40"	325.0	-3.58	2.13	477	28.9	2.32	6	1	2.84	33.82	33.49	33.75	500.21	489.63	0.079	28.193	0.15	54.30	600.0	-0	199	101.9	6.54	0.018	1.0	111115
220	"08:41:41"	326.0	-3.61	2.13	477	28.9	2.32	6	1	2.84	33.82	33.49	33.75	500.21	489.66	0.080	28.180	0.15	54.27	600.0	-0	199	101.9	6.54	0.018	1.0	111115
221	"08:41:42"	327.5	-3.55	2.13	477	28.9	2.33	6	1	2.84	33.82	33.50	33.75	500.27	489.66	0.079	28.169	0.15	54.25	600.0	-0	199	101.9	6.54	0.018	1.0	111115
222	"08:41:43"	328.5	-3.54	2.12	477	28.9	2.33	6	1	2.84	33.82	33.50	33.75	500.27	489.66	0.079	28.155	0.15	54.21	600.0	-0	200	101.9	6.54	0.018	1.0	111115
223	"08:41:45"	330.0	-3.45	2.12	477	28.9	2.33	6	1	2.84	33.82	33.49	33.75	500.29	489.60	0.080	28.140	0.15	54.18	600.0	-0	200	101.9	6.54	0.018	1.0	111115
224	"08:41:46"	331.0	-3.46	2.11	477	28.9	2.33	6	1	2.84	33.82	33.50	33.75	500.26	489.59	0.079	28.125	0.15	54.15	600.0	-0	200	101.9	6.54	0.018	1.0	111115
225	"08:41:47"	332.5	-3.53	2.11	477	28.8	2.33	6	1	2.84	33.82	33.50	33.75	500.20	489.61	0.080	28.111	0.15	54.12	600.0	-0	200	101.9	6.54	0.018	1.0	111115
226	"08:41:48"	333.5	-3.72	2.1	477	28.8	2.33	6	1	2.84	33.82	33.50	33.75	500.09	489.69	0.079	28.099	0.15	54.10	600.0	-0	200	101.9	6.54	0.018	1.0	111115
227	"08:41:50"	335.0	-3.87	2.1	477	28.8	2.34	6	1	2.84	33.83	33.50	33.76	499.99	489.75	0.080	28.088	0.15	54.07	600.0	-0	200	101.9	6.54	0.018	1.0	111115
228	"08:41:51"	336.0	-3.91	2.1	477	28.8	2.34	6	1	2.84	33.83	33.50	33.76	499.96	489.77	0.079	28.077	0.15	54.05	600.0	-0	200	101.9	6.54	0.018	1.0	111115
229	"08:41:52"	337.5	-3.83	2.09	477	28.8	2.34	6	1	2.84	33.83	33.50	33.76	500.01	489.74	0.079	28.064	0.15	54.02	600.0	0	199	101.9	6.54	0.018	1.0	111115
230	"08:41:53"	338.5	-3.72	2.09	477	28.8	2.34	6	1	2.84	33.83	33.50	33.76	500.10	489.73	0.079	28.054	0.15	54.00	600.0	-0	199	101.9	6.54	0.018	1.0	111115
231	"08:41:55"	340.0	-3.72	2.09	477	28.8	2.34	6	1	2.84	33.83	33.50	33.76	500.14	489.77	0.079	28.037	0.15	53.97	600.0	-0	199	101.9	6.54	0.018	1.0	111115
232	"08:41:56"	341.0	-3.71	2.08	477	28.7	2.34	6	1	2.84	33.83	33.50	33.76	500.14	489.76	0.080	28.025	0.15	53.94	600.0	-0	199	101.9	6.54	0.018	1.0	111115
233	"08:41:57"	341.5	-3.75	2.08	477	28.7	2.34	6	1	2.84	33.83	33.50	33.76	500.12	489.79	0.080	28.021	0.15	53.93	600.0	-0	199	101.9	6.54	0.018	1.0	111115
234	"08:41:58"	343.5	-3.81	2.08	477	28.7	2.34	6	1	2.84	33.83	33.50	33.76	500.05	489.80	0.080	28.003	0.15	53.90	600.0	-0	199	101.9	6.54	0.018	1.0	111115
235	"08:41:59"	344.5	-3.82	2.07	477	28.7	2.34	6	1	2.84	33.83	33.50	33.76	500.03	489.78	0.080	27.996	0.15	53.88	600.0	-0	199	101.9	6.54	0.018	1.0	111115
236	"08:42:01"	346.0	-3.74	2.07	477	28.7	2.35	6	1	2.84	33.83	33.50	33.76	500.06	489.75	0.080	27.979	0.15	53.85	600.0	-0	199	101.9	6.54	0.018	1.0	111115
237	"08:42:02"	347.0	-3.7	2.07	477	28.7	2.35	6	1	2.84	33.83	33.50	33.76	500.09	489.74	0.080	27.968	0.15	53.82	600.0	-0	199	101.9	6.54	0.018	1.0	111115
238	"08:42:03"	348.5	-3.63	2.06	477	28.7	2.35	6	1	2.84	33.83	33.50	33.76	500.13	489.72	0.080	27.952	0.15	53.79	600.0	-0	198	101.9	6.54	0.018	1.0	111115
239	"08:42:04"	349.5	-3.57	2.06	477	28.7	2.35	6	1	2.84	33.83	33.50	33.76	500.16	489.69	0.081	27.946	0.16	53.78	600.0	-0	198	101.9	6.54	0.018	1.0	111115
240	"08:42:06"	351.0	-3.57	2.06	477	28.7	2.35	6	1	2.84	33.83	33.50	33.76	500.18	489.72	0.081	27.933	0.16	53.75	600.0	-0	212	101.9	6.54	0.018	1.0	111115
241	"08:42:07"	352.0	-3.65	2.05	477	28.6	2.35	6	1	2.84	33.83	33.50	33.76	500.12	489.75	0.082	27.923	0.16	53.73	600.0	-0	235	101.9	6.54	0.018	1.0	111115
242	"08:42:08"	353.5	-3.76	2.05	477	28.6	2.35	6	1	2.84	33.83	33.50	33.76	500.05	489.79	0.082	27.908	0.16	53.71	600.0	-0	269	101.9	6.54	0.018	1.0	111115
