"OPEN 5.3.2"
"Thr Aug  2 2018 11:19:13"
"Unit="	"PSC-895"
"ComputeList="	"/User/Configs/Comps/Default"
"BLCTable="	"/Sys/Lib/StdBLCTable"
"LightSource="	"Sun+Sky"	1	0.19
"LogFormat="	"/User/Configs/LogFormats/Std Output"
"LogCodes="	-35	-21	-36	30	23	36	21	25	-33	-34	-32	-9	-10	-8	-1	-2	-4	-5	-14	-15	-7	-12	-13	-11	-65	-66	-72	-23
"PromptList="	"/User/Configs/Prompts/Default (none)"
"Stability= (CO2S 15s SLP<1)(H2OS 15s SLP<1)(Flow 15s SLP<1)"
"11:19:14 cos 500 flow 600 match post roots"
$STARTOFDATA$
"Obs"	"HHMMSS"	"FTime"	"Photo"	"Cond"	"Ci"	"Trmmol"	"VpdL"	"Area"	"StmRat"	"BLCond"	"Tair"	"Tleaf"	"TBlk"	"CO2R"	"CO2S"	"H2OR"	"H2OS"	"RH_R"	"RH_S"	"Flow"	"PARi"	"PARo"	"Press"	"CsMch"	"HsMch"	"StableF"	"Status"
1	"11:21:49"	178.0	8.1	0.0585	245	2	3.34	6	1	2.84	40.82	40.23	40.82	499.71	490.62	39.031	40.952	51.19	53.71	599.9	-0	1560	101.6	5.83	-0.0915	0.3	111115
2	"11:21:50"	178.5	8.15	0.0589	245	2.02	3.34	6	1	2.84	40.83	40.23	40.82	499.75	490.61	39.028	40.962	51.19	53.72	599.9	-0	1562	101.6	5.83	-0.0915	0.3	111115
3	"11:21:51"	180.0	8.16	0.0588	244	2.01	3.35	6	1	2.84	40.83	40.23	40.82	499.73	490.58	39.030	40.961	51.18	53.71	600.0	-0	1565	101.6	5.83	-0.0915	1.0	111115
4	"11:21:52"	180.5	8.18	0.0587	243	2.01	3.35	6	1	2.84	40.83	40.23	40.82	499.74	490.57	39.031	40.958	51.18	53.71	600.0	-0	1565	101.6	5.83	-0.0915	1.0	111115
5	"11:21:53"	181.5	8.17	0.0585	243	2	3.35	6	1	2.84	40.83	40.24	40.82	499.73	490.58	39.035	40.958	51.19	53.71	600.0	-0	1566	101.6	5.83	-0.0915	1.0	111115
6	"11:21:54"	182.5	8.17	0.0582	242	1.99	3.35	6	1	2.84	40.83	40.24	40.82	499.73	490.59	39.040	40.953	51.19	53.69	600.0	-0	1566	101.6	5.83	-0.0915	1.0	111115
7	"11:21:55"	184.0	8.25	0.0576	237	1.97	3.35	6	1	2.84	40.83	40.25	40.83	499.79	490.57	39.049	40.943	51.19	53.67	600.0	-0	1565	101.6	5.83	-0.0915	1.0	111115
8	"11:21:56"	185.0	8.25	0.0572	235	1.96	3.35	6	1	2.84	40.84	40.25	40.83	499.80	490.58	39.055	40.937	51.19	53.66	600.0	-0	1564	101.6	5.83	-0.0915	1.0	111115
9	"11:21:57"	186.0	8.27	0.0568	233	1.95	3.36	6	1	2.84	40.84	40.25	40.83	499.78	490.56	39.058	40.929	51.19	53.64	600.0	-0	1563	101.6	5.83	-0.0915	1.0	111115
10	"11:21:58"	187.0	8.31	0.0564	231	1.94	3.36	6	1	2.84	40.84	40.26	40.83	499.76	490.50	39.065	40.926	51.19	53.63	599.9	-0	1562	101.6	5.83	-0.0915	1.0	111115
11	"11:21:59"	188.0	8.35	0.056	228	1.93	3.36	6	1	2.84	40.84	40.26	40.83	499.76	490.47	39.068	40.918	51.19	53.62	600.0	-0	1560	101.6	5.83	-0.0915	1.0	111115
12	"11:22:00"	189.0	8.43	0.0557	224	1.92	3.36	6	1	2.84	40.84	40.27	40.83	499.81	490.44	39.073	40.915	51.19	53.61	600.0	-0	1559	101.6	5.83	-0.0915	1.0	111115
13	"11:22:01"	190.0	8.39	0.0555	225	1.91	3.37	6	1	2.84	40.85	40.28	40.84	499.82	490.49	39.078	40.914	51.19	53.60	600.1	-0	1558	101.6	5.83	-0.0915	1.0	111115
14	"11:22:03"	192.0	8.31	0.0551	225	1.9	3.37	6	1	2.84	40.85	40.29	40.84	499.85	490.60	39.090	40.914	51.19	53.58	600.0	-0	1558	101.6	5.83	-0.0915	1.0	111115
15	"11:22:04"	192.5	8.21	0.0548	227	1.89	3.37	6	1	2.84	40.86	40.29	40.84	499.79	490.66	39.093	40.909	51.19	53.57	600.0	-0	1559	101.6	5.83	-0.0915	1.0	111115
16	"11:22:05"	194.5	8.33	0.0542	221	1.88	3.38	6	1	2.84	40.86	40.29	40.85	499.90	490.65	39.103	40.903	51.19	53.55	600.0	-0	1562	101.6	5.83	-0.0915	1.0	111115
17	"11:22:07"	196.0	8.4	0.0535	215	1.85	3.38	6	1	2.84	40.87	40.30	40.85	499.92	490.61	39.114	40.890	51.19	53.51	600.0	-0	1220	101.6	5.83	-0.0915	1.0	111115
18	"11:22:08"	196.5	8.44	0.0533	213	1.85	3.38	6	1	2.84	40.87	40.31	40.85	499.93	490.58	39.116	40.889	51.19	53.51	600.0	-0	1055	101.6	5.83	-0.0915	1.0	111115
19	"11:22:09"	197.5	8.4	0.0531	213	1.84	3.38	6	1	2.84	40.87	40.31	40.85	499.91	490.61	39.122	40.887	51.19	53.49	600.0	-0	718	101.6	5.83	-0.0915	1.0	111115
20	"11:22:10"	199.5	8.57	0.0522	204	1.81	3.39	6	1	2.84	40.88	40.32	40.86	499.98	490.53	39.132	40.872	51.18	53.46	600.0	-0	222	101.6	5.83	-0.0915	1.0	111115
21	"11:22:11"	200.0	8.51	0.052	205	1.81	3.39	6	1	2.84	40.88	40.32	40.86	499.96	490.57	39.135	40.868	51.18	53.45	600.0	-0	212	101.6	5.83	-0.0915	1.0	111115
22	"11:22:13"	202.0	8.49	0.0515	203	1.79	3.39	6	1	2.84	40.88	40.33	40.87	499.99	490.63	39.145	40.862	51.18	53.43	600.0	-0	194	101.6	5.83	-0.0915	1.0	111115
23	"11:22:14"	203.0	8.41	0.0514	205	1.79	3.39	6	1	2.84	40.89	40.33	40.87	499.97	490.69	39.146	40.861	51.17	53.41	600.0	0	187	101.6	5.83	-0.0915	1.0	111115
24	"11:22:15"	204.5	8.44	0.0514	204	1.79	3.4	6	1	2.84	40.89	40.34	40.87	499.97	490.65	39.145	40.860	51.16	53.40	600.0	-0	178	101.6	5.83	-0.0915	1.0	111115
25	"11:22:16"	205.5	8.39	0.0513	205	1.79	3.4	6	1	2.84	40.90	40.34	40.88	499.92	490.65	39.141	40.857	51.15	53.39	600.0	-0	173	101.6	5.83	-0.0915	1.0	111115
26	"11:22:17"	206.0	8.37	0.0513	206	1.79	3.4	6	1	2.84	40.90	40.34	40.88	499.90	490.65	39.139	40.855	51.14	53.38	600.1	-0	171	101.6	5.83	-0.0915	1.0	111115
27	"11:22:19"	208.0	8.33	0.0513	207	1.79	3.4	6	1	2.84	40.90	40.34	40.88	499.84	490.64	39.132	40.850	51.12	53.36	600.0	-0	166	101.6	5.83	-0.0915	1.0	111115
28	"11:22:20"	209.5	8.4	0.0511	204	1.78	3.4	6	1	2.84	40.91	40.35	40.89	499.90	490.63	39.130	40.841	51.10	53.33	600.0	-0	163	101.6	5.83	-0.0915	1.0	111115
29	"11:22:21"	210.5	8.41	0.051	203	1.78	3.4	6	1	2.84	40.91	40.35	40.89	499.90	490.61	39.130	40.838	51.09	53.32	600.0	-0	161	101.6	5.83	-0.0915	1.0	111115
30	"11:22:23"	212.0	8.3	0.0506	204	1.77	3.41	6	1	2.84	40.91	40.35	40.89	499.87	490.69	39.126	40.824	51.08	53.30	600.0	-0	159	101.6	5.83	-0.0915	1.0	111115
31	"11:22:24"	212.5	8.27	0.0506	206	1.77	3.41	6	1	2.84	40.91	40.36	40.89	499.87	490.73	39.126	40.824	51.08	53.29	600.0	-0	159	101.6	5.83	-0.0915	1.0	111115
32	"11:22:25"	214.0	8.28	0.0504	204	1.76	3.41	6	1	2.84	40.92	40.36	40.90	499.86	490.71	39.122	40.815	51.06	53.27	600.0	-0	157	101.6	5.83	-0.0915	1.0	111115
33	"11:22:26"	215.5	8.28	0.0503	204	1.76	3.41	6	1	2.84	40.92	40.36	40.90	499.86	490.71	39.122	40.812	51.05	53.26	600.0	-0	155	101.6	5.83	-0.0915	1.0	111115
34	"11:22:27"	216.5	8.2	0.0502	205	1.76	3.41	6	1	2.84	40.92	40.36	40.90	499.83	490.77	39.120	40.805	51.04	53.24	600.0	-0	154	101.6	5.83	-0.0915	1.0	111115
35	"11:22:29"	218.0	8.28	0.05	202	1.75	3.41	6	1	2.84	40.93	40.37	40.91	499.87	490.73	39.121	40.801	51.03	53.22	599.9	-0	153	101.6	5.83	-0.0915	1.0	111115
36	"11:22:30"	218.5	8.36	0.0498	199	1.75	3.42	6	1	2.84	40.93	40.37	40.91	499.91	490.69	39.122	40.797	51.03	53.22	599.9	-0	152	101.6	5.83	-0.0915	1.0	111115
37	"11:22:31"	219.5	8.34	0.0496	198	1.74	3.42	6	1	2.84	40.93	40.37	40.91	499.87	490.68	39.123	40.790	51.03	53.20	599.9	-0	152	101.6	5.83	-0.0915	1.0	111115
38	"11:22:32"	220.5	8.44	0.0494	194	1.73	3.42	6	1	2.84	40.93	40.37	40.91	499.90	490.61	39.123	40.786	51.02	53.19	599.9	-0	151	101.6	5.83	-0.0915	1.0	111115
39	"11:22:33"	221.5	8.42	0.049	192	1.72	3.42	6	1	2.84	40.93	40.37	40.92	499.89	490.62	39.124	40.774	51.02	53.17	600.0	-0	151	101.6	5.83	-0.0915	1.0	111115
40	"11:22:34"	222.5	8.37	0.0487	192	1.71	3.42	6	1	2.84	40.94	40.37	40.92	499.86	490.65	39.125	40.766	51.02	53.16	600.0	-0	150	101.6	5.83	-0.0915	1.0	111115
41	"11:22:35"	224.5	8.33	0.0485	192	1.7	3.42	6	1	2.84	40.94	40.37	40.92	499.90	490.73	39.124	40.758	51.00	53.13	600.1	-0	150	101.6	5.83	-0.0915	1.0	111115
42	"11:22:36"	225.0	8.26	0.0484	194	1.7	3.42	6	1	2.84	40.94	40.37	40.92	499.85	490.76	39.124	40.754	51.00	53.13	600.0	-0	150	101.6	5.83	-0.0915	1.0	111115
43	"11:22:38"	227.0	8.2	0.0481	194	1.69	3.42	6	1	2.84	40.94	40.37	40.93	499.79	490.76	39.124	40.745	50.99	53.11	600.1	-0	149	101.6	5.83	-0.0915	1.0	111115
44	"11:22:39"	227.5	8.2	0.0479	194	1.69	3.42	6	1	2.84	40.94	40.37	40.93	499.78	490.75	39.124	40.740	50.99	53.10	600.1	-0	149	101.6	5.83	-0.0915	1.0	111115
45	"11:22:40"	229.5	8.31	0.0475	187	1.67	3.43	6	1	2.84	40.95	40.37	40.93	499.80	490.67	39.125	40.728	50.98	53.07	600.0	-0	148	101.6	5.83	-0.0915	1.0	111115
46	"11:22:41"	230.0	8.39	0.0475	184	1.67	3.43	6	1	2.84	40.95	40.38	40.93	499.83	490.62	39.125	40.727	50.98	53.07	600.0	-0	148	101.6	5.83	-0.0915	1.0	111115
47	"11:22:42"	231.0	8.38	0.0472	184	1.66	3.43	6	1	2.84	40.95	40.38	40.93	499.85	490.66	39.127	40.723	50.98	53.06	599.9	-0	148	101.6	5.83	-0.0915	1.0	111115
48	"11:22:43"	232.0	8.36	0.0471	183	1.66	3.43	6	1	2.84	40.95	40.38	40.94	499.89	490.72	39.128	40.719	50.97	53.05	599.9	-0	149	101.6	5.83	-0.0915	1.0	111115
49	"11:22:45"	234.0	8.16	0.0469	189	1.65	3.43	6	1	2.84	40.95	40.38	40.94	499.76	490.79	39.130	40.714	50.97	53.03	600.0	-0	150	101.6	5.83	-0.0915	1.0	111115
50	"11:22:46"	235.0	8.14	0.0466	188	1.64	3.43	6	1	2.84	40.95	40.38	40.94	499.70	490.76	39.130	40.705	50.97	53.02	600.0	-0	150	101.6	5.83	-0.0915	1.0	111115
51	"11:22:47"	235.5	8.07	0.0466	190	1.64	3.43	6	1	2.84	40.96	40.38	40.94	499.63	490.75	39.131	40.705	50.97	53.02	600.0	-0	150	101.6	5.83	-0.0915	1.0	111115
52	"11:22:48"	237.5	8.2	0.0462	183	1.63	3.43	6	1	2.84	40.96	40.38	40.94	499.71	490.70	39.133	40.694	50.96	53.00	600.0	-0	150	101.6	5.83	-0.0915	1.0	111115
53	"11:22:49"	238.5	8.14	0.0459	184	1.62	3.43	6	1	2.84	40.96	40.38	40.94	499.69	490.76	39.134	40.688	50.96	52.99	600.0	-0	151	101.6	5.83	-0.0915	1.0	111115
54	"11:22:51"	240.0	8.04	0.0456	186	1.61	3.43	6	1	2.84	40.96	40.38	40.95	499.69	490.86	39.134	40.678	50.96	52.97	600.1	-0	153	101.6	5.83	-0.0915	1.0	111115
55	"11:22:52"	241.0	7.94	0.0455	189	1.61	3.43	6	1	2.84	40.96	40.38	40.95	499.62	490.89	39.134	40.674	50.95	52.96	600.1	-0	154	101.6	5.83	-0.0915	1.0	111115
56	"11:22:53"	242.5	8.14	0.0452	180	1.6	3.43	6	1	2.84	40.96	40.38	40.95	499.72	490.80	39.132	40.664	50.95	52.94	600.0	-0	155	101.6	5.83	-0.0915	1.0	111115
57	"11:22:54"	243.0	8.11	0.0451	180	1.59	3.44	6	1	2.84	40.96	40.38	40.95	499.73	490.83	39.133	40.661	50.95	52.93	600.0	-0	155	101.6	5.83	-0.0915	1.0	111115
58	"11:22:55"	244.5	8.39	0.0449	169	1.58	3.44	6	1	2.84	40.97	40.38	40.95	499.91	490.74	39.133	40.654	50.94	52.92	600.0	-0	156	101.6	5.83	-0.0915	1.0	111115
59	"11:22:56"	245.0	8.48	0.0447	164	1.58	3.44	6	1	2.84	40.97	40.38	40.95	499.99	490.73	39.133	40.648	50.94	52.91	600.0	-0	157	101.6	5.83	-0.0915	1.0	111115
60	"11:22:57"	246.0	8.37	0.0444	167	1.57	3.44	6	1	2.84	40.97	40.38	40.95	499.94	490.79	39.135	40.642	50.94	52.90	600.0	-0	157	101.6	5.83	-0.0915	1.0	111115
61	"11:22:59"	248.0	8.19	0.044	170	1.55	3.44	6	1	2.84	40.97	40.38	40.95	499.76	490.81	39.135	40.626	50.94	52.88	600.0	-0	160	101.6	5.83	-0.0915	1.0	111115
62	"11:23:00"	249.5	8.06	0.0436	172	1.54	3.44	6	1	2.84	40.97	40.38	40.96	499.68	490.86	39.134	40.613	50.94	52.86	600.0	-0	161	101.6	5.83	-0.0915	1.0	111115
63	"11:23:01"	250.5	8.1	0.0435	170	1.54	3.44	6	1	2.84	40.97	40.38	40.96	499.72	490.86	39.133	40.609	50.93	52.85	600.0	-0	162	101.6	5.83	-0.0915	1.0	111115
64	"11:23:03"	252.0	8.09	0.0432	169	1.53	3.44	6	1	2.84	40.97	40.37	40.96	499.70	490.86	39.130	40.598	50.93	52.84	600.0	-0	164	101.6	5.83	-0.0915	1.0	111115
65	"11:23:04"	253.0	8.18	0.0432	165	1.53	3.44	6	1	2.84	40.97	40.37	40.96	499.72	490.79	39.128	40.594	50.92	52.83	600.0	-0	165	101.6	5.83	-0.0915	1.0	111115
66	"11:23:05"	254.5	8.17	0.0428	163	1.52	3.44	6	1	2.84	40.97	40.37	40.96	499.67	490.76	39.126	40.581	50.92	52.81	600.0	-0	167	101.6	5.83	-0.0915	1.0	111115
67	"11:23:06"	255.0	8.12	0.0427	164	1.51	3.44	6	1	2.84	40.97	40.37	40.96	499.65	490.79	39.126	40.577	50.92	52.81	600.0	-0	167	101.6	5.83	-0.0915	1.0	111115
68	"11:23:07"	256.5	7.96	0.0426	169	1.51	3.44	6	1	2.84	40.97	40.37	40.96	499.54	490.83	39.122	40.568	50.91	52.79	600.0	-0	169	101.6	5.83	-0.0915	1.0	111115
69	"11:23:09"	258.0	7.86	0.0423	171	1.5	3.44	6	1	2.84	40.97	40.37	40.96	499.45	490.86	39.121	40.559	50.91	52.78	600.0	-0	170	101.6	5.83	-0.0915	1.0	111115
70	"11:23:10"	259.0	7.9	0.0423	169	1.5	3.44	6	1	2.84	40.97	40.37	40.96	499.50	490.86	39.117	40.555	50.90	52.77	600.0	-0	171	101.6	5.83	-0.0915	1.0	111115
71	"11:23:11"	260.5	8.03	0.0421	163	1.49	3.44	6	1	2.84	40.97	40.37	40.96	499.60	490.83	39.114	40.546	50.90	52.76	599.9	-0	172	101.6	5.83	-0.0915	1.0	111115
72	"11:23:12"	261.5	8.06	0.0421	162	1.49	3.44	6	1	2.84	40.97	40.37	40.96	499.63	490.83	39.111	40.541	50.89	52.75	600.0	-0	173	101.6	5.83	-0.0915	1.0	111115
73	"11:23:13"	262.0	8.13	0.042	158	1.49	3.44	6	1	2.84	40.97	40.37	40.96	499.68	490.82	39.110	40.536	50.89	52.75	600.0	-0	173	101.6	5.83	-0.0915	1.0	111115
74	"11:23:14"	263.0	8.17	0.0418	155	1.48	3.44	6	1	2.84	40.97	40.37	40.96	499.70	490.80	39.108	40.528	50.89	52.73	600.0	-0	174	101.6	5.83	-0.0915	1.0	111115
75	"11:23:15"	264.0	8.14	0.0416	156	1.48	3.44	6	1	2.84	40.97	40.37	40.96	499.72	490.86	39.105	40.520	50.88	52.72	600.0	-0	175	101.6	5.83	-0.0915	1.0	111115
76	"11:23:17"	266.0	8.11	0.0416	157	1.48	3.44	6	1	2.84	40.97	40.37	40.96	499.67	490.83	39.093	40.510	50.87	52.71	600.0	-0	177	101.6	5.83	-0.0915	1.0	111115
77	"11:23:18"	267.5	8.09	0.0413	155	1.46	3.45	6	1	2.84	40.97	40.36	40.96	499.64	490.84	39.087	40.492	50.86	52.69	600.0	-0	179	101.6	5.83	-0.0915	1.0	111115
78	"11:23:19"	268.5	8.09	0.0413	155	1.46	3.45	6	1	2.84	40.97	40.36	40.96	499.62	490.82	39.083	40.487	50.85	52.68	600.0	-0	180	101.6	5.83	-0.0915	1.0	111115
79	"11:23:20"	269.0	8.12	0.0412	153	1.46	3.45	6	1	2.84	40.97	40.36	40.96	499.62	490.79	39.082	40.483	50.85	52.68	600.0	-0	181	101.6	5.83	-0.0915	1.0	111115
80	"11:23:21"	270.0	8.03	0.041	155	1.46	3.45	6	1	2.84	40.97	40.36	40.96	499.58	490.84	39.080	40.477	50.85	52.67	600.1	-0	182	101.6	5.83	-0.0915	1.0	111115
81	"11:23:23"	272.0	8.03	0.0409	155	1.45	3.45	6	1	2.84	40.97	40.36	40.96	499.57	490.82	39.075	40.469	50.84	52.66	600.0	-0	185	101.6	5.83	-0.0915	1.0	111115
82	"11:23:24"	273.0	8.03	0.0408	154	1.45	3.45	6	1	2.84	40.97	40.36	40.97	499.56	490.82	39.073	40.462	50.84	52.65	600.1	-0	187	101.6	5.83	-0.0915	1.0	111115
83	"11:23:25"	274.5	8.17	0.0405	145	1.44	3.45	6	1	2.84	40.97	40.36	40.97	499.63	490.75	39.069	40.448	50.83	52.63	600.0	-0	189	101.6	5.83	-0.0915	1.0	111115
84	"11:23:26"	275.0	8.1	0.0403	147	1.43	3.45	6	1	2.84	40.97	40.36	40.97	499.60	490.79	39.068	40.443	50.83	52.62	600.0	-0	190	101.6	5.83	-0.0915	1.0	111115
85	"11:23:28"	277.0	8.1	0.0401	145	1.42	3.45	6	1	2.84	40.97	40.37	40.97	499.57	490.78	39.064	40.431	50.83	52.61	600.0	-0	195	101.6	5.83	-0.0915	1.0	111115
86	"11:23:29"	278.0	8.09	0.0399	144	1.42	3.45	6	1	2.84	40.98	40.37	40.97	499.56	490.78	39.063	40.424	50.83	52.60	600.0	-0	197	101.6	5.83	-0.0915	1.0	111115
87	"11:23:30"	278.5	8.08	0.0399	144	1.42	3.45	6	1	2.84	40.98	40.37	40.97	499.58	490.80	39.062	40.422	50.82	52.59	600.0	-0	199	101.6	5.83	-0.0915	1.0	111115
88	"11:23:31"	280.5	8.08	0.0397	143	1.41	3.46	6	1	2.84	40.98	40.37	40.97	499.54	490.77	39.056	40.410	50.81	52.58	600.0	-0	204	101.6	5.83	-0.0915	1.0	111115
89	"11:23:32"	281.0	8.04	0.0395	143	1.41	3.46	6	1	2.84	40.98	40.37	40.97	499.53	490.80	39.055	40.405	50.81	52.57	600.0	-0	205	101.6	5.83	-0.0915	1.0	111115
90	"11:23:34"	283.0	8.02	0.0393	143	1.4	3.46	6	1	2.84	40.98	40.37	40.97	499.50	490.79	39.052	40.396	50.81	52.56	600.0	-0	211	101.6	5.83	-0.0915	1.0	111115
91	"11:23:35"	283.5	8.01	0.0393	143	1.4	3.46	6	1	2.84	40.98	40.37	40.97	499.51	490.81	39.052	40.395	50.81	52.56	600.1	-0	212	101.6	5.83	-0.0915	1.0	111115
92	"11:23:36"	285.5	8.12	0.0391	137	1.39	3.46	6	1	2.84	40.98	40.37	40.97	499.60	490.80	39.047	40.385	50.80	52.54	600.1	-0	218	101.6	5.83	-0.0915	1.0	111115
93	"11:23:37"	286.0	8.1	0.039	137	1.39	3.46	6	1	2.84	40.98	40.37	40.97	499.58	490.80	39.047	40.382	50.80	52.54	600.1	-0	219	101.6	5.83	-0.0915	1.0	111115
94	"11:23:38"	287.5	8.13	0.0387	133	1.38	3.46	6	1	2.84	40.98	40.38	40.97	499.61	490.81	39.044	40.370	50.79	52.52	600.0	-0	224	101.6	5.83	-0.0915	1.0	111115
95	"11:23:40"	288.0	8.12	0.0387	133	1.38	3.46	6	1	2.84	40.98	40.38	40.97	499.60	490.80	39.043	40.366	50.79	52.51	600.0	-0	226	101.6	5.83	-0.0915	1.0	111115
96	"11:23:41"	289.5	8.11	0.0382	129	1.36	3.46	6	1	2.84	40.98	40.38	40.98	499.54	490.76	39.044	40.353	50.79	52.49	599.9	-0	232	101.6	5.83	-0.0915	1.0	111115
97	"11:23:42"	290.5	8.21	0.0379	123	1.36	3.47	6	1	2.84	40.98	40.38	40.98	499.59	490.71	39.043	40.344	50.79	52.48	599.9	-0	236	101.6	5.83	-0.0915	1.0	111115
98	"11:23:43"	291.5	8.22	0.0378	121	1.35	3.47	6	1	2.84	40.98	40.38	40.98	499.59	490.71	39.043	40.339	50.79	52.47	600.0	-0	241	101.6	5.83	-0.0915	1.0	111115
99	"11:23:44"	292.5	8.24	0.0375	118	1.34	3.47	6	1	2.84	40.98	40.38	40.98	499.64	490.74	39.044	40.332	50.78	52.46	600.0	-0	247	101.6	5.83	-0.0915	1.0	111115
100	"11:23:45"	293.5	8.27	0.0373	115	1.33	3.47	6	1	2.84	40.98	40.38	40.98	499.67	490.74	39.044	40.325	50.78	52.45	600.0	-0	253	101.6	5.83	-0.0915	1.0	111115
101	"11:23:46"	294.5	8.19	0.0371	116	1.33	3.47	6	1	2.84	40.98	40.38	40.98	499.61	490.77	39.044	40.318	50.78	52.44	600.0	-0	260	101.6	5.83	-0.0915	1.0	111115
102	"11:23:47"	296.5	8.01	0.0369	122	1.32	3.47	6	1	2.84	40.98	40.38	40.98	499.46	490.80	39.043	40.310	50.78	52.43	600.0	-0	277	101.6	5.83	-0.0915	1.0	111115
103	"11:23:49"	298.0	7.84	0.0369	129	1.32	3.47	6	1	2.84	40.98	40.38	40.98	499.35	490.86	39.039	40.307	50.77	52.42	600.0	-0	292	101.6	5.83	-0.0915	1.0	111115
104	"11:23:50"	298.5	7.87	0.0369	128	1.32	3.47	6	1	2.84	40.98	40.38	40.98	499.36	490.83	39.038	40.305	50.77	52.42	600.0	-0	298	101.6	5.83	-0.0915	1.0	111115
105	"11:23:51"	299.5	7.89	0.0368	126	1.32	3.47	6	1	2.84	40.98	40.38	40.98	499.40	490.86	39.037	40.300	50.77	52.41	600.1	-0	311	101.6	5.83	-0.0915	1.0	111115
106	"11:23:52"	300.5	7.98	0.0366	120	1.31	3.47	6	1	2.84	40.98	40.38	40.98	499.44	490.81	39.034	40.292	50.76	52.40	600.1	-0	323	101.6	5.83	-0.0915	1.0	111115
107	"11:23:53"	301.5	7.99	0.0365	119	1.31	3.47	6	1	2.84	40.99	40.38	40.98	499.43	490.81	39.032	40.286	50.76	52.39	600.1	-0	286	101.6	5.83	-0.0915	1.0	111115
108	"11:23:54"	302.5	7.89	0.0365	124	1.31	3.47	6	1	2.84	40.98	40.38	40.98	499.41	490.88	39.029	40.283	50.75	52.39	600.1	-0	232	101.6	5.83	-0.0915	1.0	111115
109	"11:23:55"	303.5	7.84	0.0366	126	1.31	3.47	6	1	2.84	40.99	40.38	40.98	499.37	490.89	39.027	40.282	50.75	52.38	600.1	-0	176	101.6	5.83	-0.0915	1.0	111115
110	"11:23:56"	304.5	7.89	0.0364	122	1.3	3.47	6	1	2.84	40.99	40.38	40.98	499.39	490.86	39.026	40.276	50.75	52.37	600.0	-0	127	101.6	5.83	-0.0915	1.0	111115
111	"11:23:57"	305.5	7.91	0.0363	120	1.3	3.47	6	1	2.84	40.99	40.38	40.98	499.37	490.81	39.025	40.271	50.75	52.37	600.0	-0	163	101.6	5.83	-0.0915	1.0	111115
112	"11:23:58"	306.5	8.05	0.036	111	1.29	3.47	6	1	2.84	40.99	40.38	40.98	499.42	490.74	39.025	40.262	50.75	52.36	600.0	-0	229	101.6	5.83	-0.0915	1.0	111115
113	"11:23:59"	308.0	8.02	0.0357	110	1.28	3.47	6	1	2.84	40.99	40.38	40.98	499.41	490.76	39.021	40.251	50.74	52.34	599.9	-0	305	101.6	5.83	-0.0915	1.0	111115
114	"11:24:00"	309.0	8.1	0.0354	104	1.27	3.48	6	1	2.84	40.99	40.38	40.98	499.45	490.73	39.020	40.239	50.74	52.32	599.9	-0	347	101.6	5.83	-0.0915	1.0	111115
115	"11:24:01"	310.0	8.1	0.0353	103	1.27	3.48	6	1	2.84	40.99	40.38	40.98	499.47	490.75	39.019	40.233	50.74	52.32	600.0	-0	558	101.6	5.83	-0.0915	1.0	111115
116	"11:24:02"	311.0	8.12	0.0351	99.9	1.26	3.48	6	1	2.84	40.99	40.38	40.98	499.49	490.75	39.017	40.226	50.73	52.30	600.0	-0	888	101.6	5.83	-0.0915	1.0	111115
117	"11:24:03"	312.0	8.17	0.035	96.1	1.26	3.48	6	1	2.84	40.99	40.38	40.98	499.51	490.73	39.017	40.221	50.73	52.30	600.0	-0	1261	101.6	5.83	-0.0915	1.0	111115
118	"11:24:04"	313.0	8.08	0.0351	101	1.26	3.48	6	1	2.84	40.99	40.38	40.99	499.48	490.78	39.015	40.223	50.73	52.30	600.0	-0	1580	101.6	5.83	-0.0915	1.0	111115
119	"11:24:06"	315.0	8.05	0.0349	101	1.25	3.48	6	1	2.84	40.99	40.39	40.99	499.45	490.79	39.020	40.224	50.73	52.29	600.0	-0	1423	101.6	5.83	-0.0915	1.0	111115
120	"11:24:07"	315.5	8.1	0.0348	97	1.25	3.48	6	1	2.84	40.99	40.39	40.99	499.47	490.76	39.023	40.222	50.73	52.29	600.0	-0	1289	101.6	5.83	-0.0915	1.0	111115
121	"11:24:08"	317.5	8.23	0.0339	81.6	1.22	3.49	6	1	2.84	40.99	40.40	40.99	499.49	490.65	39.035	40.206	50.74	52.27	600.0	-0	788	101.6	5.83	-0.0915	1.0	111115
122	"11:24:09"	318.0	8.27	0.0336	76.4	1.21	3.49	6	1	2.84	40.99	40.40	40.99	499.48	490.62	39.039	40.200	50.75	52.26	600.0	-0	698	101.6	5.83	-0.0915	1.0	111115
123	"11:24:10"	319.0	8.28	0.0332	71.8	1.2	3.49	6	1	2.84	40.99	40.40	40.99	499.49	490.63	39.048	40.197	50.76	52.25	600.0	-0	586	101.6	5.83	-0.0915	1.0	111115
124	"11:24:11"	320.0	8.29	0.0328	66.6	1.18	3.49	6	1	2.84	40.99	40.40	40.99	499.54	490.67	39.056	40.191	50.76	52.24	600.0	-0	527	101.6	5.83	-0.0915	1.0	111115
125	"11:24:12"	321.0	8.31	0.0327	63.3	1.18	3.49	6	1	2.84	41.00	40.40	40.99	499.57	490.68	39.063	40.192	50.77	52.24	600.0	-0	480	101.6	5.83	-0.0915	1.0	111115
126	"11:24:13"	322.0	8.33	0.0323	57.9	1.16	3.49	6	1	2.84	41.00	40.40	40.99	499.63	490.72	39.070	40.187	50.78	52.23	600.0	-0	432	101.6	5.83	-0.0915	1.0	111115
127	"11:24:14"	323.0	8.34	0.032	53.8	1.15	3.49	6	1	2.84	41.00	40.40	40.99	499.62	490.71	39.072	40.179	50.77	52.21	600.0	-0	409	101.6	5.83	-0.0915	1.0	111115
128	"11:24:15"	324.0	8.31	0.0319	54.1	1.15	3.49	6	1	2.84	41.00	40.40	40.99	499.57	490.70	39.071	40.175	50.77	52.21	600.1	-0	397	101.6	5.83	-0.0915	1.0	111115
129	"11:24:17"	326.0	8.14	0.0317	59.3	1.14	3.49	6	1	2.84	41.00	40.40	41.00	499.44	490.73	39.067	40.163	50.76	52.19	600.1	-0	380	101.6	5.83	-0.0915	1.0	111115
130	"11:24:18"	327.5	8	0.0317	66.3	1.14	3.49	6	1	2.84	41.00	40.40	41.00	499.34	490.78	39.064	40.160	50.75	52.18	600.0	-0	362	101.6	5.83	-0.0915	1.0	111115
131	"11:24:19"	328.5	7.94	0.0317	69.7	1.14	3.49	6	1	2.84	41.00	40.39	41.00	499.34	490.84	39.061	40.157	50.75	52.17	600.0	-0	349	101.6	5.83	-0.0915	1.0	111115
132	"11:24:21"	330.0	7.92	0.0317	70.5	1.14	3.49	6	1	2.84	41.00	40.39	41.00	499.36	490.88	39.059	40.155	50.74	52.17	600.0	-0	329	101.6	5.83	-0.0915	1.0	111115
133	"11:24:22"	331.0	7.95	0.0316	67.9	1.14	3.49	6	1	2.84	41.00	40.39	41.00	499.36	490.85	39.057	40.149	50.74	52.16	600.0	-0	320	101.6	5.83	-0.0915	1.0	111115
134	"11:24:23"	332.5	8.05	0.0316	62.8	1.14	3.49	6	1	2.84	41.00	40.39	41.00	499.40	490.80	39.053	40.144	50.73	52.15	600.0	-0	314	101.6	5.83	-0.0915	1.0	111115
135	"11:24:24"	333.0	8.04	0.0316	63.2	1.14	3.49	6	1	2.84	41.00	40.39	41.00	499.38	490.79	39.050	40.142	50.73	52.15	600.0	-0	313	101.6	5.83	-0.0915	1.0	111115
136	"11:24:25"	334.0	8.12	0.0314	57.2	1.13	3.49	6	1	2.84	41.00	40.39	41.00	499.39	490.72	39.048	40.134	50.73	52.14	600.0	-0	314	101.6	5.83	-0.0915	1.0	111115
137	"11:24:26"	335.0	8.17	0.0314	54.2	1.13	3.49	6	1	2.84	41.00	40.39	41.01	499.43	490.71	39.045	40.130	50.72	52.13	600.0	-0	317	101.6	5.83	-0.0915	1.0	111115
138	"11:24:27"	336.0	8.09	0.0313	57.1	1.13	3.49	6	1	2.84	41.01	40.39	41.01	499.38	490.74	39.043	40.125	50.72	52.13	600.0	-0	322	101.6	5.83	-0.0915	1.0	111115
139	"11:24:29"	338.0	7.95	0.0314	65.8	1.13	3.49	6	1	2.84	41.01	40.38	41.01	499.35	490.84	39.040	40.127	50.71	52.13	600.0	-0	343	101.6	5.83	-0.0915	1.0	111115
140	"11:24:30"	339.0	7.71	0.0313	75.8	1.13	3.49	6	1	2.84	41.01	40.38	41.01	499.21	490.95	39.040	40.121	50.71	52.12	600.0	-0	355	101.6	5.83	-0.0915	1.0	111115
141	"11:24:31"	340.5	7.68	0.0311	75.9	1.12	3.49	6	1	2.84	41.01	40.38	41.01	499.18	490.95	39.038	40.115	50.71	52.11	599.9	-0	383	101.6	5.83	-0.0915	1.0	111115
142	"11:24:32"	341.5	7.67	0.031	74.9	1.12	3.49	6	1	2.84	41.00	40.38	41.01	499.15	490.93	39.037	40.110	50.71	52.11	599.9	-0	421	101.6	5.83	-0.0915	1.0	111115
143	"11:24:34"	343.0	7.81	0.031	67.5	1.12	3.49	6	1	2.84	41.00	40.38	41.01	499.19	490.83	39.033	40.105	50.71	52.10	600.0	-0	473	101.6	5.83	-0.0915	1.0	111115
144	"11:24:35"	343.5	7.79	0.031	68	1.12	3.49	6	1	2.84	41.00	40.38	41.01	499.18	490.84	39.032	40.103	50.71	52.10	600.0	-0	482	101.6	5.83	-0.0915	1.0	111115
145	"11:24:36"	344.5	7.89	0.0307	60.4	1.11	3.49	6	1	2.84	41.00	40.38	41.01	499.24	490.81	39.032	40.096	50.71	52.09	600.0	-0	472	101.6	5.83	-0.0915	1.0	111115
146	"11:24:37"	346.5	7.97	0.0305	53.1	1.1	3.49	6	1	2.84	41.01	40.38	41.01	499.30	490.79	39.030	40.086	50.70	52.07	600.0	-0	374	101.6	5.83	-0.0915	1.0	111115
147	"11:24:38"	347.5	8.08	0.0304	45.4	1.1	3.49	6	1	2.84	41.01	40.38	41.01	499.36	490.74	39.030	40.082	50.70	52.07	600.0	-0	328	101.6	5.83	-0.0915	1.0	111115
148	"11:24:39"	348.0	8.1	0.0304	45	1.1	3.49	6	1	2.84	41.01	40.38	41.01	499.37	490.73	39.029	40.082	50.70	52.07	600.0	-0	313	101.6	5.83	-0.0915	1.0	111115
149	"11:24:40"	349.0	8.14	0.0302	40.8	1.09	3.49	6	1	2.84	41.01	40.37	41.01	499.39	490.72	39.029	40.076	50.70	52.06	600.0	-0	296	101.6	5.83	-0.0915	1.0	111115
150	"11:24:41"	350.0	8.08	0.0302	42.6	1.09	3.49	6	1	2.84	41.01	40.37	41.01	499.36	490.75	39.029	40.072	50.70	52.05	600.1	-0	286	101.6	5.83	-0.0915	1.0	111115
151	"11:24:43"	352.0	7.97	0.0298	43.8	1.08	3.49	6	1	2.84	41.01	40.37	41.01	499.27	490.77	39.030	40.063	50.70	52.04	600.0	-0	275	101.6	5.83	-0.0915	1.0	111115
152	"11:24:44"	352.5	7.96	0.0298	44	1.07	3.49	6	1	2.84	41.01	40.37	41.01	499.26	490.78	39.030	40.061	50.70	52.04	600.0	-0	273	101.6	5.83	-0.0915	1.0	111115
153	"11:24:45"	354.5	7.95	0.0293	37.6	1.06	3.49	6	1	2.84	41.01	40.37	41.01	499.25	490.78	39.031	40.046	50.70	52.02	599.9	-0	270	101.6	5.83	-0.0915	1.0	111115
154	"11:24:46"	355.0	7.95	0.0293	37.2	1.06	3.49	6	1	2.84	41.01	40.37	41.01	499.26	490.79	39.030	40.045	50.70	52.01	600.0	-0	270	101.6	5.83	-0.0915	1.0	111115
155	"11:24:47"	356.5	7.82	0.0292	43.2	1.05	3.49	6	1	2.84	41.01	40.37	41.02	499.19	490.86	39.029	40.040	50.69	52.01	600.0	-0	270	101.6	5.83	-0.0915	1.0	111115
156	"11:24:48"	357.0	7.86	0.0292	41.2	1.06	3.49	6	1	2.84	41.01	40.37	41.02	499.21	490.84	39.028	40.040	50.69	52.00	600.1	-0	270	101.6	5.83	-0.0915	1.0	111115
157	"11:24:50"	359.0	7.94	0.0291	35.2	1.05	3.49	6	1	2.84	41.01	40.37	41.02	499.26	490.80	39.024	40.034	50.68	52.00	599.9	-0	270	101.6	5.83	-0.0915	1.0	111115
158	"11:24:51"	359.5	8.01	0.0291	31.1	1.05	3.49	6	1	2.84	41.01	40.37	41.02	499.30	490.77	39.024	40.033	50.68	51.99	599.9	-0	271	101.6	5.83	-0.0915	1.0	111115
159	"11:24:52"	360.5	8.14	0.0289	21.3	1.04	3.5	6	1	2.84	41.01	40.37	41.02	499.36	490.71	39.024	40.027	50.68	51.99	599.9	-0	271	101.6	5.83	-0.0915	1.0	111115
160	"11:24:53"	361.5	8.14	0.0288	19.4	1.04	3.5	6	1	2.84	41.01	40.37	41.02	499.36	490.71	39.022	40.021	50.68	51.98	600.0	-0	271	101.6	5.83	-0.0915	1.0	111115
161	"11:24:54"	362.5	7.97	0.0286	26.4	1.04	3.5	6	1	2.84	41.01	40.37	41.02	499.26	490.78	39.022	40.016	50.68	51.97	600.0	-0	271	101.6	5.83	-0.0915	1.0	111115
162	"11:24:55"	364.5	7.71	0.0286	40.5	1.03	3.5	6	1	2.84	41.01	40.37	41.02	499.15	490.93	39.018	40.010	50.67	51.96	600.1	-0	270	101.6	5.83	-0.0915	1.0	111115
163	"11:24:56"	365.5	7.71	0.0284	37.2	1.03	3.5	6	1	2.84	41.01	40.37	41.02	499.14	490.93	39.020	40.005	50.67	51.95	600.0	-0	270	101.6	5.83	-0.0915	1.0	111115
164	"11:24:58"	367.0	8	0.0282	18.3	1.02	3.5	6	1	2.84	41.01	40.37	41.02	499.27	490.77	39.019	39.999	50.67	51.95	600.0	-0	270	101.6	5.83	-0.0915	1.0	111115
165	"11:24:59"	367.5	7.97	0.0282	19.3	1.02	3.5	6	1	2.84	41.01	40.37	41.02	499.26	490.79	39.018	39.996	50.67	51.94	600.0	-0	270	101.6	5.83	-0.0915	1.0	111115
166	"11:25:00"	369.0	8.07	0.0279	10.2	1.01	3.5	6	1	2.84	41.01	40.37	41.02	499.29	490.73	39.020	39.990	50.67	51.93	600.0	-0	271	101.6	5.83	-0.0915	1.0	111115
167	"11:25:01"	369.5	8.1	0.0278	6.64	1.01	3.5	6	1	2.84	41.01	40.37	41.02	499.32	490.72	39.019	39.986	50.67	51.93	600.0	-0	271	101.6	5.83	-0.0915	1.0	111115
168	"11:25:02"	370.5	8.05	0.0278	8.01	1	3.5	6	1	2.84	41.01	40.37	41.02	499.29	490.75	39.016	39.980	50.67	51.92	599.9	-0	272	101.6	5.83	-0.0915	1.0	111115
169	"11:25:03"	372.5	8.03	0.0278	10.9	1.01	3.5	6	1	2.84	41.01	40.37	41.02	499.27	490.74	39.012	39.979	50.66	51.92	599.9	-0	275	101.6	5.83	-0.0915	1.0	111115
170	"11:25:04"	373.0	8.04	0.0277	7.26	1	3.5	6	1	2.84	41.01	40.37	41.02	499.27	490.74	39.012	39.973	50.66	51.91	599.9	-0	276	101.6	5.83	-0.0915	1.0	111115
171	"11:25:05"	374.0	7.96	0.0275	8.89	0.995	3.5	6	1	2.84	41.01	40.37	41.02	499.24	490.78	39.012	39.968	50.66	51.90	600.0	-0	278	101.6	5.83	-0.0915	1.0	111115
172	"11:25:06"	375.0	7.93	0.0274	8.99	0.991	3.5	6	1	2.84	41.01	40.37	41.02	499.23	490.82	39.013	39.964	50.66	51.90	600.1	-0	282	101.6	5.83	-0.0915	1.0	111115
173	"11:25:07"	376.0	7.94	0.0273	6.67	0.987	3.5	6	1	2.84	41.01	40.37	41.02	499.22	490.80	39.011	39.959	50.66	51.89	600.2	-0	286	101.6	5.83	-0.0915	1.0	111115
174	"11:25:09"	377.0	7.99	0.0272	1.99	0.984	3.5	6	1	2.84	41.01	40.37	41.02	499.26	490.79	39.012	39.957	50.66	51.88	600.1	-0	293	101.6	5.83	-0.0915	1.0	111115
175	"11:25:10"	378.5	8.07	0.0273	-0.407	0.988	3.5	6	1	2.84	41.01	40.37	41.02	499.30	490.75	39.011	39.960	50.65	51.89	600.0	-0	307	101.6	5.83	-0.0915	1.0	111115
176	"11:25:11"	379.5	8.08	0.0272	-3.54	0.984	3.5	6	1	2.84	41.01	40.37	41.02	499.34	490.77	39.013	39.957	50.65	51.88	599.9	-0	321	101.6	5.83	-0.0915	1.0	111115
177	"11:25:12"	380.5	8.09	0.0271	-4.21	0.984	3.5	6	1	2.84	41.02	40.37	41.02	499.29	490.72	39.011	39.955	50.65	51.88	599.9	-0	342	101.6	5.83	-0.0915	1.0	111115
178	"11:25:13"	381.5	8.05	0.0271	-2.85	0.981	3.5	6	1	2.84	41.02	40.37	41.02	499.28	490.74	39.010	39.952	50.65	51.87	599.9	-0	405	101.6	5.83	-0.0915	1.0	111115
179	"11:25:14"	383.5	7.94	0.0268	-0.933	0.973	3.51	6	1	2.84	41.02	40.38	41.03	499.21	490.79	39.007	39.941	50.64	51.85	600.0	-0	660	101.6	5.83	-0.0915	1.0	111115
180	"11:25:15"	384.5	8.01	0.0269	-4.58	0.973	3.5	6	1	2.84	41.02	40.37	41.03	499.25	490.76	39.007	39.941	50.64	51.85	600.0	-0	757	101.6	5.83	-0.0915	1.0	111115
181	"11:25:16"	385.0	8.05	0.0269	-6.25	0.974	3.5	6	1	2.84	41.02	40.37	41.03	499.27	490.75	39.006	39.942	50.64	51.85	600.0	-0	769	101.6	5.83	-0.0915	1.0	111115
182	"11:25:17"	386.0	8.14	0.0266	-16.9	0.964	3.51	6	1	2.84	41.02	40.37	41.03	499.28	490.67	39.006	39.931	50.64	51.84	600.0	-0	736	101.6	5.83	-0.0915	1.0	111115
183	"11:25:18"	387.0	8.15	0.0266	-18.3	0.963	3.51	6	1	2.84	41.02	40.37	41.03	499.23	490.61	39.005	39.930	50.64	51.84	600.0	-0	672	101.6	5.83	-0.0915	1.0	111115
184	"11:25:19"	388.0	8.14	0.0263	-23	0.952	3.51	6	1	2.84	41.02	40.37	41.03	499.24	490.63	39.007	39.921	50.64	51.82	600.0	-0	654	101.6	5.83	-0.0915	1.0	111115
185	"11:25:20"	389.0	8.07	0.026	-23.6	0.943	3.51	6	1	2.84	41.02	40.38	41.03	499.22	490.69	39.009	39.914	50.64	51.81	600.0	-0	839	101.6	5.83	-0.0915	1.0	111115
186	"11:25:22"	390.0	7.96	0.0258	-20.3	0.938	3.51	6	1	2.84	41.02	40.38	41.03	499.18	490.76	39.013	39.913	50.64	51.81	600.0	-0	1089	101.6	5.83	-0.0915	1.0	111115
187	"11:25:23"	392.5	8.03	0.0255	-31	0.925	3.51	6	1	2.84	41.02	40.38	41.03	499.26	490.78	39.021	39.909	50.65	51.81	600.0	-0	1626	101.6	5.83	-0.0915	1.0	111115
188	"11:25:24"	393.0	8.04	0.0253	-34.2	0.92	3.51	6	1	2.84	41.02	40.38	41.03	499.24	490.76	39.022	39.905	50.65	51.80	600.0	-0	1651	101.6	5.83	-0.0915	1.0	111115
189	"11:25:25"	394.0	8.12	0.0252	-41.5	0.916	3.51	6	1	2.84	41.02	40.38	41.03	499.27	490.70	39.023	39.903	50.65	51.80	600.0	-0	1681	101.6	5.83	-0.0915	1.0	111115
190	"11:25:26"	395.0	8.11	0.025	-46.3	0.907	3.51	6	1	2.84	41.02	40.38	41.03	499.28	490.73	39.026	39.896	50.66	51.79	600.0	-0	1693	101.6	5.83	-0.0915	1.0	111115
191	"11:25:27"	396.0	8.12	0.0248	-50.2	0.9	3.51	6	1	2.84	41.02	40.38	41.03	499.28	490.73	39.029	39.894	50.66	51.78	600.0	-0	1670	101.6	5.83	-0.0915	1.0	111115
192	"11:25:28"	397.0	8.22	0.0246	-60.2	0.895	3.51	6	1	2.84	41.02	40.38	41.03	499.32	490.66	39.036	39.895	50.67	51.78	600.0	-0	1642	101.6	5.83	-0.0915	1.0	111115
193	"11:25:29"	398.0	8.26	0.0244	-66.6	0.888	3.51	6	1	2.84	41.02	40.38	41.03	499.35	490.66	39.042	39.895	50.67	51.78	600.0	-0	1627	101.6	5.83	-0.0915	1.0	111115
194	"11:25:30"	399.0	8.12	0.0242	-61.3	0.882	3.51	6	1	2.84	41.02	40.39	41.03	499.27	490.72	39.050	39.897	50.68	51.78	600.0	-0	1624	101.6	5.83	-0.0915	1.0	111115
195	"11:25:31"	400.0	8.09	0.0239	-68.1	0.869	3.52	6	1	2.84	41.02	40.39	41.03	499.23	490.71	39.059	39.893	50.69	51.77	600.0	-0	1640	101.6	5.83	-0.0915	1.0	111115
196	"11:25:32"	401.0	7.87	0.0235	-61.6	0.856	3.52	6	1	2.84	41.02	40.39	41.04	499.10	490.81	39.067	39.888	50.70	51.76	600.0	-0	1659	101.6	5.83	-0.0915	1.0	111115
197	"11:25:34"	403.0	7.94	0.0227	-85.6	0.827	3.52	6	1	2.84	41.03	40.40	41.04	499.15	490.80	39.086	39.880	50.71	51.74	600.0	-0	1668	101.6	5.83	-0.0915	1.0	111115
198	"11:25:35"	403.5	7.96	0.0226	-89.6	0.823	3.52	6	1	2.84	41.03	40.40	41.04	499.15	490.79	39.090	39.881	50.72	51.74	600.0	-0	1668	101.6	5.83	-0.0915	1.0	111115
199	"11:25:36"	404.5	8.07	0.0223	-103	0.815	3.52	6	1	2.84	41.03	40.41	41.04	499.25	490.78	39.099	39.882	50.72	51.74	599.9	-0	1668	101.6	5.83	-0.0915	1.0	111115
200	"11:25:37"	405.5	8.12	0.0222	-109	0.812	3.53	6	1	2.84	41.03	40.41	41.04	499.32	490.80	39.107	39.886	50.73	51.74	599.9	-0	1668	101.6	5.83	-0.0915	1.0	111115
201	"11:25:38"	406.5	8.17	0.0221	-117	0.805	3.53	6	1	2.84	41.03	40.41	41.04	499.33	490.76	39.112	39.885	50.73	51.73	600.0	-0	1670	101.6	5.83	-0.0915	1.0	111115
202	"11:25:39"	407.5	8.16	0.022	-119	0.802	3.53	6	1	2.84	41.04	40.41	41.04	499.33	490.77	39.118	39.888	50.73	51.73	600.0	-0	1672	101.6	5.83	-0.0915	1.0	111115
203	"11:25:40"	409.0	8.15	0.0216	-128	0.788	3.53	6	1	2.84	41.04	40.41	41.05	499.29	490.75	39.124	39.881	50.73	51.71	600.0	-0	1676	101.6	5.83	-0.0915	1.0	111115
204	"11:25:41"	410.0	8.15	0.0214	-132	0.783	3.53	6	1	2.84	41.04	40.42	41.05	499.29	490.76	39.130	39.881	50.73	51.71	600.0	-0	1671	101.6	5.83	-0.0915	1.0	111115
205	"11:25:42"	411.0	8.13	0.0212	-136	0.777	3.53	6	1	2.84	41.04	40.42	41.05	499.29	490.78	39.135	39.881	50.74	51.70	600.0	-0	1597	101.6	5.83	-0.0915	1.0	111115
206	"11:25:43"	412.0	8.19	0.0211	-143	0.774	3.53	6	1	2.84	41.04	40.43	41.05	499.31	490.74	39.140	39.883	50.74	51.70	600.0	-0	1531	101.6	5.83	-0.0915	1.0	111115
207	"11:25:44"	413.0	8.21	0.021	-149	0.769	3.53	6	1	2.84	41.05	40.43	41.05	499.33	490.74	39.146	39.884	50.74	51.70	600.0	-0	1483	101.6	5.83	-0.0915	1.0	111115
208	"11:25:45"	414.0	8.11	0.0209	-146	0.764	3.53	6	1	2.84	41.05	40.43	41.05	499.27	490.78	39.151	39.885	50.74	51.70	600.0	-0	1475	101.6	5.83	-0.0915	1.0	111115
209	"11:25:47"	416.0	7.93	0.0208	-133	0.763	3.54	6	1	2.84	41.05	40.44	41.06	499.18	490.87	39.161	39.893	50.74	51.69	600.0	-0	1618	101.6	5.83	-0.0915	1.0	111115
210	"11:25:48"	416.5	7.86	0.0207	-130	0.76	3.54	6	1	2.84	41.05	40.44	41.06	499.13	490.90	39.165	39.895	50.75	51.69	600.0	-0	1645	101.6	5.83	-0.0915	1.0	111115
211	"11:25:49"	417.5	7.94	0.0207	-138	0.758	3.54	6	1	2.84	41.06	40.44	41.06	499.17	490.86	39.169	39.896	50.75	51.69	600.0	-0	1681	101.6	5.83	-0.0915	1.0	111115
212	"11:25:50"	418.5	8	0.0205	-148	0.752	3.54	6	1	2.84	41.06	40.45	41.06	499.21	490.84	39.172	39.894	50.74	51.68	600.0	-0	1689	101.6	5.83	-0.0915	1.0	111115
213	"11:25:51"	419.5	8.13	0.0204	-159	0.751	3.54	6	1	2.84	41.06	40.46	41.06	499.25	490.75	39.175	39.896	50.74	51.67	600.0	-0	1692	101.6	5.83	-0.0915	1.0	111115
214	"11:25:52"	420.5	8.27	0.0205	-168	0.753	3.54	6	1	2.84	41.06	40.46	41.06	499.31	490.67	39.179	39.902	50.74	51.68	600.0	-0	1692	101.6	5.83	-0.0915	1.0	111115
215	"11:25:53"	421.5	8.27	0.0203	-174	0.747	3.55	6	1	2.84	41.06	40.46	41.07	499.30	490.66	39.183	39.900	50.74	51.67	600.0	-0	1691	101.6	5.83	-0.0915	1.0	111115
216	"11:25:54"	422.5	8.07	0.0202	-162	0.743	3.55	6	1	2.84	41.07	40.47	41.07	499.19	490.76	39.187	39.900	50.74	51.66	600.0	-0	1687	101.6	5.83	-0.0915	1.0	111115
217	"11:25:55"	424.5	8.12	0.0198	-178	0.73	3.55	6	1	2.84	41.07	40.48	41.07	499.27	490.79	39.197	39.897	50.74	51.65	600.0	-0	1642	101.6	5.83	-0.0915	1.0	111115
218	"11:25:56"	425.0	8.15	0.0198	-182	0.728	3.55	6	1	2.84	41.07	40.48	41.07	499.30	490.78	39.200	39.899	50.74	51.64	600.0	-0	1603	101.6	5.83	-0.0915	1.0	111115
219	"11:25:57"	426.0	8.12	0.0199	-175	0.733	3.55	6	1	2.84	41.08	40.48	41.07	499.30	490.81	39.203	39.908	50.74	51.65	600.0	-0	1409	101.6	5.83	-0.0915	1.0	111115
220	"11:25:58"	427.0	8.35	0.0199	-194	0.732	3.55	6	1	2.84	41.08	40.48	41.08	499.39	490.69	39.210	39.913	50.74	51.65	600.0	-0	1190	101.6	5.83	-0.0915	1.0	111115
221	"11:25:59"	428.0	8.25	0.0198	-190	0.729	3.55	6	1	2.84	41.08	40.49	41.08	499.32	490.71	39.213	39.912	50.74	51.64	600.0	-0	960	101.6	5.83	-0.0915	1.0	111115
222	"11:26:00"	429.0	8.04	0.0198	-172	0.73	3.56	6	1	2.84	41.08	40.49	41.08	499.21	490.82	39.213	39.914	50.73	51.63	600.1	-0	765	101.6	5.83	-0.0915	1.0	111115
223	"11:26:01"	430.0	8.08	0.0197	-179	0.726	3.56	6	1	2.84	41.09	40.50	41.08	499.25	490.82	39.218	39.915	50.73	51.63	600.1	-0	680	101.6	5.83	-0.0915	1.0	111115
224	"11:26:03"	432.0	8.17	0.0198	-183	0.731	3.56	6	1	2.84	41.09	40.51	41.09	499.38	490.85	39.220	39.922	50.72	51.62	600.1	-0	639	101.6	5.83	-0.0915	1.0	111115
225	"11:26:04"	433.5	8.24	0.0197	-191	0.727	3.56	6	1	2.84	41.09	40.51	41.09	499.39	490.80	39.220	39.919	50.71	51.61	600.1	-0	886	101.6	5.83	-0.0915	1.0	111115
226	"11:26:05"	434.5	8.16	0.02	-176	0.738	3.56	6	1	2.84	41.10	40.51	41.09	499.35	490.83	39.216	39.924	50.69	51.61	600.0	-0	1099	101.6	5.83	-0.0915	1.0	111115
227	"11:26:07"	436.0	8.07	0.0202	-164	0.745	3.56	6	1	2.84	41.10	40.51	41.10	499.24	490.80	39.213	39.928	50.68	51.60	600.0	-0	1285	101.6	5.83	-0.0915	1.0	111115
228	"11:26:08"	437.0	8.09	0.0204	-159	0.753	3.56	6	1	2.84	41.10	40.52	41.10	499.25	490.79	39.210	39.933	50.67	51.60	600.0	-0	1293	101.6	5.83	-0.0915	1.0	111115
229	"11:26:09"	438.5	8.15	0.0205	-160	0.756	3.57	6	1	2.84	41.11	40.52	41.10	499.31	490.79	39.208	39.934	50.66	51.59	600.0	-0	1186	101.6	5.83	-0.0915	1.0	111115
230	"11:26:10"	439.5	8.26	0.0206	-165	0.761	3.57	6	1	2.84	41.11	40.53	41.10	499.40	490.77	39.206	39.937	50.65	51.59	600.0	-0	1154	101.6	5.83	-0.0915	1.0	111115
231	"11:26:12"	441.0	8.38	0.0208	-167	0.771	3.57	6	1	2.84	41.11	40.54	41.11	499.50	490.74	39.202	39.942	50.63	51.59	600.0	-0	1140	101.6	5.83	-0.0915	1.0	111115
232	"11:26:13"	442.0	8.33	0.0207	-165	0.768	3.57	6	1	2.84	41.12	40.54	41.11	499.47	490.77	39.202	39.939	50.63	51.58	600.0	-0	1176	101.6	5.83	-0.0915	1.0	111115
233	"11:26:14"	443.5	8.25	0.0207	-160	0.767	3.57	6	1	2.84	41.12	40.54	41.11	499.44	490.81	39.205	39.941	50.62	51.57	600.0	-0	1292	101.6	5.83	-0.0915	1.0	111115
234	"11:26:15"	444.5	8.26	0.0205	-167	0.76	3.57	6	1	2.84	41.12	40.54	41.12	499.44	490.81	39.207	39.937	50.62	51.56	600.0	-0	1298	101.6	5.83	-0.0915	1.0	111115
235	"11:26:17"	446.0	8.34	0.0204	-176	0.757	3.58	6	1	2.84	41.13	40.55	41.12	499.45	490.74	39.213	39.940	50.61	51.55	600.0	-0	1199	101.6	5.83	-0.0915	1.0	111115
236	"11:26:18"	447.0	8.25	0.0204	-171	0.755	3.58	6	1	2.84	41.13	40.55	41.12	499.39	490.77	39.213	39.939	50.61	51.54	600.0	-0	1132	101.6	5.83	-0.0915	1.0	111115
237	"11:26:19"	448.5	8.22	0.0204	-167	0.758	3.58	6	1	2.84	41.13	40.55	41.12	499.34	490.75	39.217	39.945	50.60	51.54	600.0	-0	1148	101.6	5.83	-0.0915	1.0	111115
238	"11:26:20"	449.5	8.09	0.0204	-157	0.759	3.58	6	1	2.84	41.13	40.56	41.12	499.27	490.81	39.218	39.947	50.60	51.54	600.0	-0	1165	101.6	5.83	-0.0915	1.0	111115
239	"11:26:22"	451.0	8.1	0.0203	-161	0.754	3.58	6	1	2.84	41.14	40.56	41.13	499.24	490.77	39.222	39.947	50.59	51.53	600.0	-0	1165	101.6	5.83	-0.0915	1.0	111115
240	"11:26:23"	452.0	8.1	0.0203	-160	0.756	3.58	6	1	2.84	41.14	40.57	41.13	499.23	490.76	39.222	39.948	50.59	51.52	600.0	-0	1099	101.6	5.83	-0.0915	1.0	111115
241	"11:26:24"	453.5	7.99	0.0204	-148	0.76	3.59	6	1	2.84	41.14	40.57	41.13	499.18	490.82	39.222	39.952	50.58	51.52	600.0	-0	1005	101.6	5.83	-0.0915	1.0	111115
242	"11:26:25"	454.0	7.99	0.0205	-148	0.761	3.59	6	1	2.84	41.15	40.58	41.13	499.19	490.83	39.222	39.953	50.57	51.51	600.0	-0	995	101.6	5.83	-0.0915	1.0	111115
243	"11:26:26"	455.0	8.18	0.0205	-160	0.764	3.59	6	1	2.84	41.15	40.58	41.14	499.30	490.75	39.221	39.955	50.56	51.51	600.0	-0	1024	101.6	5.83	-0.0915	1.0	111115
244	"11:26:27"	456.5	8.25	0.0205	-167	0.763	3.59	6	1	2.84	41.15	40.58	41.14	499.38	490.75	39.223	39.955	50.56	51.50	600.0	-0	1136	101.6	5.83	-0.0915	1.0	111115
245	"11:26:28"	457.0	8.38	0.0205	-178	0.762	3.59	6	1	2.84	41.15	40.59	41.14	499.45	490.69	39.222	39.954	50.55	51.49	600.0	-0	1161	101.6	5.83	-0.0915	1.0	111115
246	"11:26:29"	458.0	8.37	0.0206	-173	0.767	3.59	6	1	2.84	41.16	40.59	41.14	499.46	490.71	39.222	39.958	50.54	51.49	600.0	-0	1141	101.6	5.83	-0.0915	1.0	111115
247	"11:26:30"	459.0	8.32	0.0206	-168	0.768	3.59	6	1	2.84	41.16	40.60	41.15	499.47	490.77	39.221	39.959	50.54	51.49	599.9	-0	1056	101.6	5.83	-0.0915	1.0	111115
248	"11:26:31"	460.0	8.21	0.0206	-161	0.768	3.6	6	1	2.84	41.16	40.60	41.15	499.42	490.84	39.219	39.956	50.53	51.48	600.0	-0	1017	101.6	5.83	-0.0915	1.0	111115
249	"11:26:33"	462.0	8.17	0.0205	-161	0.766	3.6	6	1	2.84	41.17	40.61	41.15	499.33	490.78	39.221	39.956	50.51	51.46	600.0	-0	1112	101.6	5.83	-0.0915	1.0	111115
250	"11:26:34"	463.5	8.24	0.0207	-160	0.773	3.6	6	1	2.84	41.17	40.62	41.16	499.34	490.72	39.223	39.965	50.51	51.46	600.1	-0	1364	101.6	5.83	-0.0915	1.0	111115
251	"11:26:35"	464.5	8.31	0.0208	-161	0.779	3.6	6	1	2.84	41.17	40.62	41.16	499.38	490.69	39.224	39.972	50.50	51.47	600.1	-0	1468	101.6	5.83	-0.0915	1.0	111115
252	"11:26:36"	466.0	8.31	0.0208	-162	0.778	3.6	6	1	2.84	41.18	40.63	41.16	499.40	490.71	39.226	39.973	50.49	51.45	600.0	-0	1616	101.6	5.83	-0.0915	1.0	111115
253	"11:26:37"	466.5	8.31	0.0209	-161	0.78	3.6	6	1	2.84	41.18	40.63	41.16	499.38	490.68	39.226	39.975	50.49	51.45	600.0	-0	1618	101.6	5.83	-0.0915	1.0	111115
254	"11:26:39"	468.0	8.26	0.0208	-158	0.779	3.61	6	1	2.84	41.18	40.63	41.17	499.35	490.71	39.227	39.975	50.48	51.44	600.0	-0	1592	101.6	5.83	-0.0915	1.0	111115
255	"11:26:40"	469.5	8.29	0.0207	-164	0.774	3.61	6	1	2.84	41.19	40.64	41.17	499.39	490.72	39.231	39.974	50.47	51.43	600.0	-0	1556	101.6	5.83	-0.0915	1.0	111115
256	"11:26:41"	470.0	8.31	0.0207	-166	0.775	3.61	6	1	2.84	41.19	40.64	41.17	499.42	490.73	39.232	39.976	50.47	51.43	600.0	-0	1538	101.6	5.83	-0.0915	1.0	111115
257	"11:26:42"	471.0	8.32	0.0206	-170	0.77	3.61	6	1	2.84	41.19	40.65	41.17	499.45	490.76	39.235	39.975	50.47	51.42	600.0	-0	1532	101.6	5.83	-0.0915	1.0	111115
258	"11:26:44"	473.0	8.22	0.0201	-177	0.754	3.62	6	1	2.84	41.20	40.65	41.18	499.37	490.78	39.245	39.969	50.46	51.40	600.0	-0	1573	101.6	5.83	-0.0915	1.0	111115
259	"11:26:45"	474.0	8.11	0.0202	-167	0.756	3.62	6	1	2.84	41.20	40.66	41.18	499.30	490.81	39.249	39.975	50.46	51.39	600.0	-0	1616	101.6	5.83	-0.0915	1.0	111115
260	"11:26:46"	475.5	8.12	0.0201	-170	0.753	3.62	6	1	2.84	41.20	40.66	41.19	499.31	490.83	39.256	39.979	50.46	51.39	599.9	-0	1657	101.6	5.83	-0.0915	1.0	111115
261	"11:26:47"	476.5	8.12	0.0201	-170	0.753	3.62	6	1	2.84	41.21	40.67	41.19	499.34	490.85	39.261	39.985	50.46	51.39	599.9	-0	1663	101.6	5.83	-0.0915	1.0	111115
262	"11:26:48"	478.0	8.32	0.02	-188	0.751	3.62	6	1	2.84	41.21	40.67	41.19	499.42	490.74	39.267	39.988	50.45	51.38	600.0	-0	1655	101.6	5.83	-0.0915	1.0	111115
263	"11:26:49"	478.5	8.34	0.02	-191	0.75	3.62	6	1	2.84	41.21	40.68	41.19	499.44	490.73	39.270	39.990	50.45	51.38	600.0	-0	1651	101.6	5.83	-0.0915	1.0	111115
264	"11:26:51"	479.5	8.32	0.02	-189	0.751	3.62	6	1	2.84	41.22	40.68	41.20	499.44	490.75	39.274	39.995	50.45	51.37	600.0	-0	1611	101.6	5.83	-0.0915	1.0	111115
265	"11:26:52"	481.0	8.37	0.0198	-197	0.746	3.63	6	1	2.84	41.22	40.68	41.20	499.46	490.73	39.278	39.994	50.44	51.36	600.0	-0	1425	101.6	5.83	-0.0915	1.0	111115
266	"11:26:53"	481.5	8.38	0.0198	-199	0.746	3.63	6	1	2.84	41.22	40.68	41.20	499.50	490.75	39.280	39.996	50.44	51.36	600.0	-0	1348	101.6	5.83	-0.0915	1.0	111115
267	"11:26:54"	482.5	8.48	0.0197	-210	0.742	3.63	6	1	2.84	41.23	40.69	41.20	499.60	490.75	39.286	39.998	50.44	51.35	600.0	-0	1157	101.6	5.83	-0.0915	1.0	111115
268	"11:26:55"	483.5	8.57	0.0195	-225	0.734	3.63	6	1	2.84	41.23	40.69	41.21	499.65	490.73	39.291	39.996	50.44	51.34	600.0	-0	951	101.6	5.83	-0.0915	1.0	111115
269	"11:26:56"	484.5	8.55	0.0194	-227	0.73	3.63	6	1	2.84	41.23	40.69	41.21	499.64	490.73	39.296	39.997	50.43	51.33	600.0	-0	795	101.6	5.83	-0.0915	1.0	111115
270	"11:26:57"	486.0	8.37	0.0193	-215	0.727	3.63	6	1	2.84	41.24	40.70	41.21	499.48	490.76	39.298	39.997	50.43	51.32	600.0	-0	595	101.6	5.83	-0.0915	1.0	111115
271	"11:26:58"	488.0	8.2	0.0197	-188	0.742	3.63	6	1	2.84	41.24	40.70	41.22	499.37	490.81	39.299	40.011	50.41	51.32	600.0	-0	436	101.6	5.83	-0.0915	1.0	111115
272	"11:27:00"	489.0	8.26	0.0198	-190	0.746	3.63	6	1	2.84	41.25	40.70	41.22	499.40	490.77	39.297	40.013	50.40	51.32	600.0	-0	396	101.6	5.83	-0.0915	1.0	111115
273	"11:27:01"	489.5	8.32	0.0199	-193	0.748	3.63	6	1	2.84	41.25	40.70	41.22	499.45	490.76	39.296	40.014	50.40	51.32	600.0	-0	382	101.6	5.83	-0.0915	1.0	111115
274	"11:27:02"	490.5	8.36	0.0199	-195	0.749	3.63	6	1	2.84	41.25	40.71	41.22	499.47	490.74	39.293	40.012	50.39	51.31	600.0	-0	363	101.6	5.83	-0.0915	1.0	111115
275	"11:27:03"	491.5	8.32	0.02	-189	0.753	3.63	6	1	2.84	41.25	40.71	41.23	499.47	490.78	39.287	40.010	50.37	51.30	600.0	-0	359	101.6	5.83	-0.0915	1.0	111115
276	"11:27:04"	493.5	8.15	0.0203	-164	0.767	3.64	6	1	2.84	41.26	40.71	41.23	499.37	490.84	39.271	40.008	50.34	51.28	600.0	-0	363	101.6	5.83	-0.0915	1.0	111115
277	"11:27:05"	494.5	8.07	0.0206	-152	0.775	3.64	6	1	2.84	41.26	40.71	41.23	499.34	490.88	39.263	40.008	50.32	51.28	600.0	-0	380	101.6	5.83	-0.0915	1.0	111115
278	"11:27:07"	496.0	8.13	0.0211	-141	0.794	3.64	6	1	2.84	41.26	40.72	41.24	499.34	490.83	39.246	40.009	50.29	51.27	600.0	-0	420	101.6	5.83	-0.0915	1.0	111115
279	"11:27:08"	497.0	8.24	0.0212	-145	0.801	3.64	6	1	2.84	41.26	40.72	41.24	499.36	490.73	39.241	40.010	50.28	51.27	600.0	-0	447	101.6	5.83	-0.0915	1.0	111115
280	"11:27:09"	497.5	8.27	0.0213	-144	0.805	3.64	6	1	2.84	41.26	40.72	41.24	499.38	490.71	39.238	40.011	50.28	51.27	600.1	-0	458	101.6	5.83	-0.0915	1.0	111115
281	"11:27:10"	498.5	8.23	0.0215	-135	0.813	3.64	6	1	2.84	41.27	40.73	41.24	499.36	490.73	39.233	40.013	50.26	51.26	600.1	-0	477	101.6	5.83	-0.0915	1.0	111115
282	"11:27:11"	499.5	8.25	0.0216	-134	0.817	3.64	6	1	2.84	41.27	40.73	41.24	499.37	490.71	39.229	40.014	50.25	51.26	600.0	-0	493	101.6	5.83	-0.0915	1.0	111115
283	"11:27:12"	500.5	8.21	0.0217	-129	0.821	3.64	6	1	2.84	41.27	40.73	41.24	499.34	490.73	39.225	40.013	50.24	51.25	600.0	-0	522	101.6	5.83	-0.0915	1.0	111115
284	"11:27:13"	501.5	8.13	0.0219	-119	0.827	3.64	6	1	2.84	41.27	40.74	41.25	499.31	490.78	39.218	40.012	50.23	51.24	600.0	-0	583	101.6	5.83	-0.0915	1.0	111115
285	"11:27:14"	503.5	8.08	0.0221	-110	0.835	3.65	6	1	2.84	41.28	40.74	41.25	499.32	490.83	39.209	40.011	50.21	51.23	600.0	-0	785	101.6	5.83	-0.0915	1.0	111115
286	"11:27:15"	505.0	8.11	0.0222	-108	0.841	3.65	6	1	2.84	41.28	40.74	41.25	499.34	490.82	39.204	40.011	50.19	51.22	600.0	-0	839	101.6	5.83	-0.0915	1.0	111115
287	"11:27:16"	505.5	8.14	0.0222	-111	0.84	3.65	6	1	2.84	41.28	40.74	41.25	499.38	490.83	39.202	40.008	50.19	51.22	600.0	-0	846	101.6	5.83	-0.0915	1.0	111115
288	"11:27:18"	506.5	8.19	0.0223	-111	0.845	3.65	6	1	2.84	41.28	40.74	41.26	499.40	490.80	39.200	40.011	50.18	51.22	600.0	-0	803	101.6	5.83	-0.0915	1.0	111115
289	"11:27:19"	507.5	8.23	0.0223	-116	0.843	3.65	6	1	2.84	41.28	40.74	41.26	499.38	490.74	39.198	40.006	50.17	51.21	600.0	-0	717	101.6	5.83	-0.0915	1.0	111115
290	"11:27:20"	508.5	8.24	0.0223	-115	0.845	3.65	6	1	2.84	41.29	40.74	41.26	499.39	490.73	39.197	40.009	50.16	51.20	600.1	-0	652	101.6	5.83	-0.0915	1.0	111115
291	"11:27:21"	509.5	8.28	0.0224	-117	0.847	3.65	6	1	2.84	41.29	40.75	41.26	499.36	490.66	39.196	40.009	50.16	51.20	600.1	-0	569	101.6	5.83	-0.0915	1.0	111115
292	"11:27:22"	510.5	8.32	0.0223	-123	0.842	3.65	6	1	2.84	41.29	40.75	41.26	499.35	490.61	39.195	40.003	50.15	51.19	600.0	-0	504	101.6	5.83	-0.0915	1.0	111115
293	"11:27:23"	511.5	8.19	0.0222	-115	0.839	3.65	6	1	2.84	41.29	40.75	41.27	499.27	490.67	39.194	40.000	50.15	51.18	600.0	-0	486	101.6	5.83	-0.0915	1.0	111115
294	"11:27:24"	513.5	8.09	0.0221	-110	0.837	3.65	6	1	2.84	41.29	40.75	41.27	499.25	490.75	39.194	39.997	50.14	51.16	600.0	-0	534	101.6	5.83	-0.0915	1.0	111115
295	"11:27:25"	514.5	8.14	0.0223	-108	0.846	3.65	6	1	2.84	41.30	40.75	41.27	499.30	490.75	39.191	40.003	50.13	51.17	600.0	-0	588	101.6	5.83	-0.0915	1.0	111115
296	"11:27:26"	516.0	8.13	0.0224	-106	0.848	3.65	6	1	2.84	41.30	40.75	41.27	499.33	490.79	39.188	40.002	50.12	51.16	600.0	-0	719	101.6	5.83	-0.0915	1.0	111115
297	"11:27:27"	516.5	8.15	0.0224	-108	0.848	3.65	6	1	2.84	41.30	40.75	41.27	499.36	490.79	39.187	40.000	50.11	51.15	600.0	-0	753	101.6	5.83	-0.0915	1.0	111115
298	"11:27:29"	517.5	8.28	0.0225	-113	0.852	3.65	6	1	2.84	41.30	40.75	41.28	499.39	490.70	39.183	40.001	50.10	51.15	600.0	-0	810	101.6	5.83	-0.0915	1.0	111115
299	"11:27:30"	518.5	8.25	0.0225	-113	0.851	3.65	6	1	2.84	41.30	40.76	41.28	499.37	490.70	39.181	39.997	50.10	51.14	600.0	-0	890	101.6	5.83	-0.0915	1.0	111115
300	"11:27:31"	519.5	8.34	0.0224	-120	0.85	3.66	6	1	2.84	41.31	40.76	41.28	499.42	490.66	39.178	39.994	50.09	51.13	600.0	-0	1002	101.6	5.83	-0.0915	1.0	111115
301	"11:27:32"	521.5	8.16	0.0225	-105	0.852	3.66	6	1	2.84	41.31	40.76	41.28	499.31	490.74	39.174	39.992	50.08	51.12	600.0	-0	1317	101.6	5.83	-0.0915	1.0	111115
302	"11:27:33"	522.5	8.11	0.0224	-104	0.85	3.66	6	1	2.84	41.31	40.76	41.28	499.26	490.73	39.172	39.989	50.07	51.11	600.0	-0	1415	101.6	5.83	-0.0915	1.0	111115
303	"11:27:34"	523.0	8.09	0.0224	-102	0.851	3.66	6	1	2.84	41.31	40.76	41.28	499.25	490.74	39.170	39.987	50.07	51.11	600.0	-0	1418	101.6	5.83	-0.0915	1.0	111115
304	"11:27:35"	524.0	8.08	0.0224	-103	0.848	3.66	6	1	2.84	41.31	40.76	41.28	499.23	490.73	39.170	39.984	50.06	51.10	600.0	-0	1389	101.6	5.83	-0.0915	1.0	111115
305	"11:27:37"	526.0	8.21	0.0223	-115	0.845	3.66	6	1	2.84	41.31	40.77	41.29	499.33	490.71	39.167	39.978	50.05	51.09	600.0	-0	1356	101.6	5.83	-0.0915	1.0	111115
306	"11:27:38"	527.5	8.27	0.0222	-122	0.841	3.66	6	1	2.84	41.31	40.77	41.29	499.36	490.68	39.169	39.977	50.05	51.08	600.1	-0	1387	101.6	5.83	-0.0915	1.0	111115
307	"11:27:39"	528.5	8.27	0.022	-125	0.836	3.66	6	1	2.84	41.32	40.77	41.29	499.41	490.73	39.171	39.974	50.05	51.08	600.1	-0	1446	101.6	5.83	-0.0915	1.0	111115
308	"11:27:40"	530.0	8.22	0.0219	-126	0.831	3.66	6	1	2.84	41.32	40.77	41.29	499.37	490.74	39.175	39.973	50.05	51.07	600.1	-0	1519	101.6	5.83	-0.0915	1.0	111115
309	"11:27:42"	531.0	8.2	0.0217	-130	0.823	3.66	6	1	2.84	41.32	40.77	41.29	499.31	490.71	39.178	39.968	50.05	51.06	600.1	-0	1593	101.6	5.83	-0.0915	1.0	111115
310	"11:27:43"	532.5	8.13	0.0216	-126	0.821	3.66	6	1	2.84	41.32	40.77	41.29	499.21	490.68	39.180	39.968	50.05	51.06	600.0	-0	1615	101.6	5.83	-0.0915	1.0	111115
311	"11:27:44"	533.5	8.19	0.0214	-136	0.815	3.67	6	1	2.84	41.32	40.77	41.29	499.23	490.64	39.180	39.962	50.05	51.05	600.1	-0	1616	101.6	5.83	-0.0915	1.0	111115
312	"11:27:45"	535.0	8.14	0.0213	-135	0.811	3.67	6	1	2.84	41.32	40.78	41.30	499.24	490.70	39.180	39.959	50.04	51.03	600.0	-0	1616	101.6	5.83	-0.0915	1.0	111115
313	"11:27:47"	536.0	8.15	0.0212	-138	0.808	3.67	6	1	2.84	41.33	40.78	41.30	499.27	490.72	39.181	39.957	50.04	51.03	600.0	-0	1615	101.6	5.83	-0.0915	1.0	111115
314	"11:27:48"	537.5	8.16	0.0212	-140	0.806	3.67	6	1	2.84	41.33	40.79	41.30	499.29	490.74	39.183	39.957	50.03	51.02	600.0	-0	1615	101.6	5.83	-0.0915	1.0	111115
315	"11:27:49"	538.5	8.2	0.0211	-146	0.803	3.67	6	1	2.84	41.33	40.79	41.30	499.31	490.72	39.186	39.957	50.03	51.01	599.9	-0	1614	101.6	5.83	-0.0915	1.0	111115
316	"11:27:51"	540.0	8.24	0.021	-153	0.799	3.68	6	1	2.84	41.33	40.80	41.30	499.34	490.71	39.188	39.955	50.03	51.01	599.9	-0	1612	101.6	5.83	-0.0915	1.0	111115
317	"11:27:52"	541.0	8.29	0.021	-155	0.801	3.68	6	1	2.84	41.33	40.80	41.30	499.38	490.70	39.190	39.959	50.03	51.01	599.9	-0	1611	101.6	5.83	-0.0915	1.0	111115
318	"11:27:53"	542.5	8.28	0.021	-155	0.8	3.68	6	1	2.84	41.34	40.80	41.31	499.39	490.72	39.191	39.959	50.02	51.00	600.0	-0	1610	101.6	5.83	-0.0915	1.0	111115
319	"11:27:54"	543.5	8.32	0.0209	-160	0.799	3.68	6	1	2.84	41.34	40.81	41.31	499.43	490.72	39.192	39.959	50.02	50.99	600.0	-0	1609	101.6	5.83	-0.0915	1.0	111115
320	"11:27:55"	545.0	8.35	0.0208	-167	0.793	3.68	6	1	2.84	41.34	40.81	41.31	499.45	490.72	39.194	39.956	50.01	50.98	600.0	-0	1608	101.6	5.83	-0.0915	1.0	111115
321	"11:27:57"	546.0	8.37	0.0207	-170	0.792	3.68	6	1	2.84	41.35	40.82	41.31	499.48	490.72	39.196	39.956	50.00	50.97	600.0	-0	1607	101.6	5.83	-0.0915	1.0	111115
322	"11:27:58"	547.5	8.38	0.0205	-176	0.785	3.69	6	1	2.84	41.35	40.82	41.31	499.45	490.69	39.198	39.952	50.00	50.96	600.0	-0	1605	101.6	5.83	-0.0915	1.0	111115
323	"11:27:59"	548.5	8.38	0.0205	-177	0.785	3.69	6	1	2.84	41.35	40.83	41.32	499.44	490.67	39.201	39.954	49.99	50.95	600.0	-0	1604	101.6	5.83	-0.0915	1.0	111115
324	"11:28:00"	550.0	8.35	0.0204	-179	0.78	3.69	6	1	2.84	41.36	40.83	41.32	499.42	490.68	39.202	39.951	49.98	50.94	599.9	-0	1603	101.6	5.83	-0.0915	1.0	111115
325	"11:28:02"	551.0	8.4	0.0203	-183	0.78	3.69	6	1	2.84	41.36	40.84	41.32	499.48	490.70	39.201	39.950	49.98	50.93	600.0	-0	1603	101.6	5.83	-0.0915	1.0	111115
326	"11:28:03"	552.5	8.28	0.0203	-176	0.778	3.7	6	1	2.84	41.36	40.84	41.33	499.45	490.78	39.203	39.950	49.97	50.92	600.0	-0	1603	101.6	5.83	-0.0915	1.0	111115
327	"11:28:04"	553.5	8.27	0.0203	-174	0.78	3.7	6	1	2.84	41.36	40.85	41.33	499.44	490.78	39.205	39.954	49.96	50.92	600.0	-0	1603	101.6	5.83	-0.0915	1.0	111115
328	"11:28:05"	555.0	8.15	0.0204	-162	0.784	3.7	6	1	2.84	41.37	40.85	41.33	499.32	490.78	39.206	39.959	49.95	50.91	600.0	-0	1603	101.6	5.83	-0.0915	1.0	111115
329	"11:28:07"	556.0	8.17	0.0205	-160	0.789	3.7	6	1	2.84	41.37	40.86	41.33	499.30	490.74	39.207	39.964	49.95	50.91	600.0	-0	1603	101.6	5.83	-0.0915	1.0	111115
330	"11:28:08"	557.5	8.25	0.0204	-170	0.784	3.7	6	1	2.84	41.38	40.87	41.34	499.33	490.70	39.211	39.963	49.94	50.90	600.1	-0	1603	101.6	5.83	-0.0915	1.0	111115
331	"11:28:09"	558.5	8.24	0.0203	-172	0.782	3.71	6	1	2.84	41.38	40.87	41.34	499.31	490.69	39.212	39.963	49.94	50.89	600.0	-0	1603	101.6	5.83	-0.0915	1.0	111115
332	"11:28:10"	560.0	8.34	0.0201	-185	0.775	3.71	6	1	2.84	41.38	40.88	41.34	499.42	490.69	39.215	39.960	49.93	50.88	600.0	-0	1604	101.6	5.83	-0.0915	1.0	111115
333	"11:28:12"	561.0	8.36	0.0201	-187	0.775	3.71	6	1	2.84	41.38	40.88	41.34	499.42	490.68	39.215	39.959	49.92	50.87	600.0	-0	1606	101.6	5.83	-0.0915	1.0	111115
334	"11:28:13"	562.5	8.3	0.0201	-184	0.773	3.71	6	1	2.84	41.39	40.88	41.35	499.43	490.75	39.218	39.960	49.92	50.86	600.0	-0	1607	101.6	5.83	-0.0915	1.0	111115
335	"11:28:14"	563.5	8.27	0.02	-185	0.77	3.71	6	1	2.84	41.39	40.89	41.35	499.41	490.76	39.220	39.959	49.91	50.85	600.0	-0	1608	101.6	5.83	-0.0915	1.0	111115
336	"11:28:15"	565.0	8.27	0.0199	-187	0.768	3.72	6	1	2.84	41.40	40.89	41.36	499.42	490.77	39.223	39.960	49.90	50.84	600.1	-0	1609	101.6	5.83	-0.0915	1.0	111115
337	"11:28:17"	566.0	8.27	0.02	-183	0.773	3.72	6	1	2.84	41.40	40.90	41.36	499.43	490.78	39.225	39.967	49.89	50.84	600.1	-0	1610	101.6	5.83	-0.0915	1.0	111115
338	"11:28:18"	567.5	8.4	0.0201	-192	0.775	3.72	6	1	2.84	41.41	40.91	41.36	499.49	490.70	39.228	39.972	49.89	50.83	600.0	-0	1612	101.6	5.83	-0.0915	1.0	111115
339	"11:28:19"	568.5	8.24	0.0202	-175	0.781	3.72	6	1	2.84	41.41	40.91	41.36	499.39	490.77	39.231	39.980	49.88	50.83	600.0	-0	1613	101.6	5.83	-0.0915	1.0	111115
340	"11:28:20"	570.0	8.24	0.0202	-176	0.78	3.72	6	1	2.84	41.41	40.92	41.37	499.38	490.75	39.234	39.984	49.87	50.83	600.0	-0	1615	101.6	5.83	-0.0915	1.0	111115
341	"11:28:22"	571.0	8.25	0.0201	-179	0.777	3.72	6	1	2.84	41.42	40.92	41.37	499.38	490.75	39.238	39.984	49.87	50.82	600.0	-0	1616	101.6	5.83	-0.0915	1.0	111115
342	"11:28:23"	572.5	8.4	0.0199	-199	0.769	3.73	6	1	2.84	41.42	40.93	41.38	499.44	490.66	39.241	39.979	49.86	50.80	600.0	-0	1619	101.6	5.83	-0.0915	1.0	111115
343	"11:28:24"	573.0	8.4	0.0198	-200	0.767	3.73	6	1	2.84	41.42	40.93	41.38	499.44	490.67	39.242	39.978	49.86	50.79	600.0	-0	1620	101.6	5.83	-0.0915	1.0	111115
344	"11:28:25"	575.0	8.41	0.0198	-201	0.768	3.73	6	1	2.84	41.43	40.94	41.38	499.38	490.60	39.245	39.982	49.84	50.78	600.1	-0	1625	101.6	5.83	-0.0915	1.0	111115
345	"11:28:27"	576.0	8.43	0.02	-199	0.773	3.73	6	1	2.84	41.43	40.94	41.39	499.43	490.62	39.247	39.989	49.84	50.78	600.1	-0	1624	101.6	5.83	-0.0915	1.0	111115
346	"11:28:28"	577.5	8.38	0.0199	-196	0.772	3.73	6	1	2.84	41.44	40.95	41.39	499.47	490.71	39.250	39.991	49.83	50.77	600.0	-0	1622	101.6	5.83	-0.0915	1.0	111115
347	"11:28:29"	578.5	8.4	0.02	-196	0.774	3.74	6	1	2.84	41.44	40.95	41.39	499.53	490.76	39.252	39.995	49.82	50.76	600.0	-0	1627	101.6	5.83	-0.0915	1.0	111115
348	"11:28:30"	580.0	8.4	0.0199	-196	0.774	3.74	6	1	2.84	41.45	40.96	41.40	499.54	490.76	39.255	39.998	49.81	50.75	600.0	-0	1639	101.6	5.83	-0.0915	1.0	111115
349	"11:28:32"	581.0	8.3	0.02	-186	0.777	3.74	6	1	2.84	41.45	40.96	41.40	499.46	490.78	39.255	40.000	49.80	50.75	600.0	-0	1651	101.6	5.83	-0.0915	1.0	111115
350	"11:28:33"	582.5	8.27	0.02	-185	0.776	3.74	6	1	2.84	41.45	40.96	41.41	499.41	490.75	39.258	40.002	49.80	50.74	600.0	-0	1575	101.6	5.83	-0.0915	1.0	111115
351	"11:28:34"	583.5	8.21	0.0198	-185	0.771	3.74	6	1	2.84	41.46	40.96	41.41	499.33	490.74	39.260	40.000	49.79	50.73	600.0	-0	1423	101.6	5.83	-0.0915	1.0	111115
352	"11:28:35"	585.0	8.26	0.0198	-190	0.77	3.74	6	1	2.84	41.46	40.97	41.41	499.33	490.69	39.263	40.002	49.78	50.72	600.0	-0	1063	101.6	5.83	-0.0915	1.0	111115
353	"11:28:37"	586.0	8.34	0.0196	-202	0.764	3.75	6	1	2.84	41.46	40.98	41.42	499.35	490.63	39.264	39.998	49.78	50.70	600.0	-0	788	101.6	5.83	-0.0915	1.0	111115
354	"11:28:38"	587.5	8.42	0.0196	-208	0.764	3.75	6	1	2.84	41.47	40.98	41.42	499.43	490.63	39.269	40.002	49.77	50.70	599.9	-0	528	101.6	5.83	-0.0915	1.0	111115
355	"11:28:39"	588.5	8.31	0.0197	-197	0.767	3.75	6	1	2.84	41.47	40.98	41.42	499.37	490.68	39.269	40.006	49.76	50.69	599.9	-0	447	101.6	5.83	-0.0915	1.0	111115
356	"11:28:40"	590.0	8.21	0.02	-179	0.779	3.75	6	1	2.84	41.48	40.99	41.43	499.34	490.76	39.270	40.018	49.75	50.69	600.0	-0	481	101.6	5.83	-0.0915	1.0	111115
357	"11:28:42"	591.0	8.19	0.0203	-169	0.79	3.75	6	1	2.84	41.48	40.99	41.43	499.33	490.75	39.268	40.026	49.74	50.70	600.0	-0	553	101.6	5.83	-0.0915	1.0	111115
358	"11:28:43"	592.5	8.41	0.0203	-187	0.789	3.75	6	1	2.84	41.48	40.99	41.44	499.45	490.65	39.262	40.019	49.72	50.68	600.1	-0	638	101.6	5.83	-0.0915	1.0	111115
359	"11:28:44"	593.5	8.41	0.0204	-182	0.794	3.75	6	1	2.84	41.49	40.99	41.44	499.45	490.65	39.255	40.017	49.70	50.67	600.1	-0	630	101.6	5.83	-0.0915	1.0	111115
360	"11:28:45"	595.0	8.4	0.0205	-179	0.798	3.75	6	1	2.84	41.49	41.00	41.44	499.41	490.62	39.245	40.012	49.68	50.65	600.1	-0	529	101.6	5.83	-0.0915	1.0	111115
361	"11:28:47"	596.0	8.38	0.0208	-169	0.809	3.75	6	1	2.84	41.49	41.00	41.45	499.39	490.61	39.239	40.016	49.67	50.65	600.1	-0	462	101.6	5.83	-0.0915	1.0	111115
362	"11:28:48"	597.5	8.26	0.021	-153	0.818	3.75	6	1	2.84	41.50	41.00	41.45	499.31	490.65	39.232	40.017	49.65	50.64	600.1	-0	422	101.6	5.83	-0.0915	1.0	111115
363	"11:28:49"	598.5	8.32	0.0211	-155	0.822	3.75	6	1	2.84	41.50	41.00	41.45	499.33	490.61	39.228	40.018	49.64	50.63	600.0	-0	419	101.6	5.83	-0.0915	1.0	111115
364	"11:28:50"	600.0	8.27	0.0212	-149	0.824	3.75	6	1	2.84	41.50	41.00	41.46	499.31	490.63	39.227	40.018	49.62	50.62	600.1	-0	456	101.6	5.83	-0.0915	1.0	111115
365	"11:28:52"	601.0	8.32	0.0212	-153	0.825	3.75	6	1	2.84	41.51	41.00	41.46	499.34	490.61	39.225	40.017	49.62	50.62	600.0	-0	496	101.6	5.83	-0.0915	1.0	111115
366	"11:28:53"	602.5	8.37	0.0212	-154	0.827	3.75	6	1	2.84	41.51	41.00	41.46	499.39	490.62	39.221	40.015	49.60	50.61	600.0	-0	602	101.6	5.83	-0.0915	1.0	111115
367	"11:28:54"	603.5	8.41	0.0211	-160	0.824	3.76	6	1	2.84	41.51	41.00	41.47	499.42	490.60	39.219	40.010	49.59	50.59	600.1	-0	735	101.6	5.83	-0.0915	1.0	111115
368	"11:28:55"	605.0	8.47	0.0214	-157	0.834	3.76	6	1	2.84	41.51	41.00	41.47	499.41	490.53	39.213	40.013	49.58	50.59	600.1	-0	947	101.6	5.83	-0.0915	1.0	111115
369	"11:28:57"	606.0	8.51	0.0215	-156	0.839	3.76	6	1	2.84	41.52	41.01	41.47	499.41	490.49	39.211	40.017	49.57	50.59	600.0	-0	1001	101.6	5.83	-0.0915	1.0	111115
370	"11:28:58"	606.5	8.43	0.0216	-148	0.842	3.76	6	1	2.84	41.52	41.01	41.48	499.37	490.53	39.211	40.020	49.57	50.59	600.0	-0	1002	101.6	5.83	-0.0915	1.0	111115
371	"11:28:59"	607.5	8.38	0.0217	-142	0.846	3.76	6	1	2.84	41.52	41.01	41.48	499.34	490.54	39.209	40.022	49.56	50.59	599.9	-0	968	101.6	5.83	-0.0915	1.0	111115
372	"11:29:00"	609.5	8.24	0.0215	-138	0.838	3.76	6	1	2.84	41.52	41.01	41.48	499.30	490.65	39.208	40.013	49.55	50.56	599.9	-0	806	101.6	5.83	-0.0915	1.0	111115
373	"11:29:01"	610.5	8.21	0.0214	-138	0.836	3.76	6	1	2.84	41.53	41.02	41.49	499.26	490.65	39.208	40.010	49.54	50.56	599.9	-0	809	101.6	5.83	-0.0915	1.0	111115
374	"11:29:02"	612.0	8.25	0.0215	-139	0.838	3.76	6	1	2.84	41.53	41.02	41.49	499.26	490.60	39.211	40.016	49.54	50.55	599.9	-0	903	101.6	5.83	-0.0915	1.0	111115
375	"11:29:04"	613.0	8.33	0.0212	-151	0.83	3.76	6	1	2.84	41.53	41.02	41.49	499.28	490.54	39.214	40.010	49.53	50.54	600.0	-0	992	101.6	5.83	-0.0915	1.0	111115
376	"11:29:05"	614.5	8.24	0.0213	-144	0.831	3.76	6	1	2.84	41.53	41.02	41.50	499.23	490.58	39.217	40.014	49.53	50.54	600.0	-0	1033	101.6	5.83	-0.0915	1.0	111115
377	"11:29:06"	615.5	8.12	0.0211	-139	0.826	3.76	6	1	2.84	41.54	41.02	41.50	499.16	490.63	39.216	40.009	49.53	50.53	600.0	-0	952	101.6	5.83	-0.0915	1.0	111115
378	"11:29:07"	617.0	7.99	0.0211	-131	0.823	3.76	6	1	2.84	41.54	41.02	41.50	499.09	490.70	39.219	40.009	49.52	50.52	600.0	-0	821	101.6	5.83	-0.0915	1.0	111115
379	"11:29:09"	617.5	8.03	0.021	-135	0.822	3.76	6	1	2.84	41.54	41.02	41.50	499.09	490.66	39.220	40.009	49.52	50.52	600.1	-0	785	101.6	5.83	-0.0915	1.0	111115
380	"11:29:10"	619.5	7.98	0.021	-134	0.819	3.76	6	1	2.84	41.54	41.02	41.51	499.03	490.65	39.220	40.006	49.51	50.50	600.0	-0	802	101.6	5.83	-0.0915	1.0	111115
381	"11:29:11"	620.5	8.08	0.0209	-143	0.817	3.76	6	1	2.84	41.55	41.02	41.51	499.07	490.59	39.222	40.006	49.51	50.50	600.0	-0	932	101.6	5.83	-0.0915	1.0	111115
382	"11:29:12"	622.0	8.25	0.0208	-157	0.814	3.76	6	1	2.84	41.55	41.02	41.51	499.19	490.54	39.225	40.007	49.50	50.49	600.0	-0	1240	101.6	5.83	-0.0915	1.0	111115
383	"11:29:14"	623.0	8.39	0.0208	-168	0.814	3.76	6	1	2.84	41.55	41.02	41.52	499.26	490.48	39.228	40.009	49.50	50.49	600.0	-0	1438	101.6	5.83	-0.0915	1.0	111115
384	"11:29:15"	624.5	8.49	0.0207	-180	0.809	3.77	6	1	2.84	41.55	41.03	41.52	499.31	490.42	39.229	40.006	49.49	50.47	600.0	-0	1617	101.6	5.83	-0.0915	1.0	111115
385	"11:29:16"	625.5	8.54	0.0206	-186	0.807	3.77	6	1	2.84	41.56	41.03	41.52	499.33	490.39	39.233	40.007	49.49	50.47	600.0	-0	1650	101.6	5.83	-0.0915	1.0	111115
386	"11:29:17"	627.0	8.49	0.0205	-185	0.804	3.77	6	1	2.84	41.56	41.04	41.53	499.34	490.45	39.235	40.006	49.49	50.46	600.0	-0	1675	101.6	5.83	-0.0915	1.0	111115
387	"11:29:19"	628.0	8.39	0.0205	-180	0.801	3.77	6	1	2.84	41.56	41.04	41.53	499.32	490.54	39.240	40.009	49.49	50.46	600.0	-0	1706	101.6	5.83	-0.0915	1.0	111115
388	"11:29:20"	629.5	8.39	0.0203	-184	0.796	3.77	6	1	2.84	41.57	41.04	41.53	499.37	490.59	39.249	40.012	49.49	50.45	600.0	-0	1716	101.6	5.83	-0.0915	1.0	111115
389	"11:29:21"	630.5	8.5	0.02	-203	0.783	3.77	6	1	2.84	41.57	41.05	41.53	499.43	490.55	39.257	40.009	49.49	50.44	600.0	-0	1686	101.6	5.83	-0.0915	1.0	111115
390	"11:29:23"	632.0	8.63	0.0194	-233	0.761	3.78	6	1	2.84	41.57	41.05	41.54	499.52	490.51	39.268	39.999	49.50	50.42	599.9	-0	1446	101.6	5.83	-0.0915	1.0	111115
391	"11:29:24"	632.5	8.61	0.0194	-233	0.76	3.78	6	1	2.84	41.57	41.05	41.54	499.49	490.51	39.270	40.000	49.50	50.42	599.9	-0	1364	101.6	5.83	-0.0915	1.0	111115
392	"11:29:25"	634.0	8.56	0.0189	-246	0.742	3.78	6	1	2.84	41.58	41.06	41.54	499.41	490.49	39.279	39.992	49.50	50.40	600.0	-0	1053	101.6	5.83	-0.0915	1.0	111115
393	"11:29:26"	634.5	8.51	0.0189	-243	0.74	3.78	6	1	2.84	41.58	41.06	41.54	499.39	490.51	39.283	39.994	49.50	50.40	600.0	-0	939	101.6	5.83	-0.0915	1.0	111115
394	"11:29:27"	636.5	8.45	0.0185	-251	0.727	3.78	6	1	2.84	41.58	41.06	41.55	499.38	490.58	39.297	39.995	49.51	50.39	600.0	-0	628	101.6	5.83	-0.0915	1.0	111115
395	"11:29:28"	637.0	8.5	0.0185	-257	0.725	3.78	6	1	2.84	41.58	41.06	41.55	499.39	490.53	39.300	39.995	49.51	50.38	600.0	-0	552	101.6	5.83	-0.0915	1.0	111115
396	"11:29:29"	638.0	8.47	0.0184	-259	0.722	3.78	6	1	2.84	41.58	41.05	41.55	499.37	490.54	39.303	39.996	49.51	50.38	599.9	-0	457	101.6	5.83	-0.0915	1.0	111115
397	"11:29:30"	639.0	8.46	0.0184	-254	0.724	3.78	6	1	2.84	41.59	41.05	41.55	499.31	490.50	39.303	39.998	49.50	50.38	599.9	-0	419	101.6	5.83	-0.0915	1.0	111115
398	"11:29:32"	641.0	8.42	0.0185	-249	0.726	3.77	6	1	2.84	41.59	41.04	41.55	499.26	490.49	39.300	39.997	49.50	50.37	600.0	-0	414	101.6	5.83	-0.0915	1.0	111115
399	"11:29:33"	642.0	8.43	0.0186	-247	0.728	3.77	6	1	2.84	41.59	41.04	41.55	499.29	490.51	39.297	39.996	49.49	50.37	600.0	-0	427	101.6	5.83	-0.0915	1.0	111115
400	"11:29:34"	643.5	8.45	0.0185	-252	0.725	3.77	6	1	2.84	41.59	41.04	41.55	499.35	490.55	39.291	39.986	49.48	50.36	600.1	-0	498	101.6	5.83	-0.0915	1.0	111115
401	"11:29:35"	644.5	8.47	0.0186	-251	0.727	3.77	6	1	2.84	41.59	41.03	41.55	499.39	490.56	39.285	39.983	49.47	50.35	600.1	-0	587	101.6	5.83	-0.0915	1.0	111115
402	"11:29:36"	646.0	8.46	0.0186	-247	0.729	3.77	6	1	2.84	41.59	41.02	41.55	499.38	490.56	39.278	39.978	49.46	50.35	600.0	-0	817	101.6	5.83	-0.0915	1.0	111115
403	"11:29:38"	647.0	8.37	0.0189	-231	0.738	3.77	6	1	2.84	41.59	41.02	41.55	499.33	490.60	39.271	39.980	49.46	50.35	600.0	-0	913	101.6	5.83	-0.0915	1.0	111115
404	"11:29:39"	647.5	8.31	0.0189	-225	0.739	3.76	6	1	2.84	41.59	41.02	41.55	499.27	490.60	39.268	39.978	49.45	50.35	600.0	-0	929	101.6	5.83	-0.0915	1.0	111115
405	"11:29:40"	648.5	8.28	0.019	-219	0.743	3.76	6	1	2.84	41.59	41.01	41.55	499.27	490.62	39.263	39.977	49.45	50.35	600.0	-0	935	101.6	5.83	-0.0915	1.0	111115
406	"11:29:41"	649.5	8.26	0.0193	-207	0.753	3.76	6	1	2.84	41.59	41.01	41.55	499.25	490.62	39.256	39.980	49.44	50.35	600.0	-0	936	101.6	5.83	-0.0915	1.0	111115
407	"11:29:42"	650.5	8.24	0.0191	-211	0.747	3.76	6	1	2.84	41.59	41.01	41.55	499.24	490.63	39.254	39.972	49.44	50.35	600.0	-0	1000	101.6	5.83	-0.0915	1.0	111115
408	"11:29:43"	651.5	8.31	0.0191	-218	0.746	3.76	6	1	2.84	41.58	41.00	41.54	499.27	490.59	39.253	39.970	49.45	50.35	600.0	-0	1123	101.6	5.83	-0.0915	1.0	111115
409	"11:29:44"	652.5	8.27	0.019	-219	0.741	3.76	6	1	2.84	41.58	41.00	41.54	499.25	490.62	39.250	39.962	49.45	50.34	600.0	-0	1161	101.6	5.83	-0.0915	1.0	111115
410	"11:29:45"	654.5	8.14	0.019	-206	0.744	3.76	6	1	2.84	41.58	41.00	41.54	499.21	490.71	39.242	39.956	49.44	50.34	600.0	-0	958	101.6	5.83	-0.0915	1.0	111115
411	"11:29:46"	655.0	8.13	0.0192	-200	0.749	3.76	6	1	2.84	41.58	41.00	41.54	499.21	490.72	39.239	39.958	49.44	50.35	600.0	-0	863	101.6	5.83	-0.0915	1.0	111115
412	"11:29:47"	657.0	8.3	0.0192	-213	0.749	3.76	6	1	2.84	41.58	40.99	41.54	499.28	490.62	39.234	39.954	49.44	50.35	600.0	-0	731	101.6	5.83	-0.0915	1.0	111115
413	"11:29:49"	658.0	8.3	0.0192	-213	0.75	3.76	6	1	2.84	41.58	40.99	41.54	499.26	490.59	39.233	39.953	49.44	50.35	600.0	-0	705	101.6	5.83	-0.0915	1.0	111115
414	"11:29:50"	659.5	8.14	0.0193	-198	0.752	3.75	6	1	2.84	41.57	40.99	41.53	499.15	490.64	39.229	39.951	49.44	50.35	600.0	-0	723	101.6	5.83	-0.0915	1.0	111115
415	"11:29:51"	660.5	8.05	0.0192	-193	0.749	3.75	6	1	2.84	41.57	40.98	41.53	499.06	490.64	39.225	39.944	49.44	50.35	600.0	-0	704	101.6	5.83	-0.0915	1.0	111115
416	"11:29:52"	662.0	8.05	0.0192	-192	0.75	3.75	6	1	2.84	41.57	40.98	41.53	499.08	490.66	39.217	39.937	49.43	50.34	600.0	-0	695	101.6	5.83	-0.0915	1.0	111115
417	"11:29:54"	663.0	8.17	0.0194	-196	0.756	3.75	6	1	2.84	41.57	40.98	41.53	499.16	490.62	39.211	39.936	49.43	50.34	600.0	-0	669	101.6	5.83	-0.0915	1.0	111115
418	"11:29:55"	664.5	8.22	0.0196	-193	0.764	3.75	6	1	2.84	41.57	40.98	41.53	499.26	490.66	39.202	39.936	49.42	50.35	600.0	-0	616	101.6	5.83	-0.0915	1.0	111115
419	"11:29:56"	665.5	8.17	0.0198	-182	0.772	3.75	6	1	2.84	41.57	40.97	41.53	499.23	490.68	39.197	39.938	49.42	50.36	600.0	-0	571	101.6	5.83	-0.0915	1.0	111115
420	"11:29:57"	667.0	8.08	0.0199	-174	0.773	3.75	6	1	2.84	41.56	40.97	41.53	499.17	490.71	39.184	39.926	49.41	50.35	600.0	-0	524	101.6	5.83	-0.0915	1.0	111115
421	"11:29:59"	668.0	8.11	0.0201	-168	0.783	3.75	6	1	2.84	41.56	40.97	41.53	499.17	490.68	39.178	39.930	49.41	50.35	600.1	-0	531	101.6	5.83	-0.0915	1.0	111115
422	"11:30:00"	669.5	8.18	0.0201	-173	0.784	3.75	6	1	2.84	41.56	40.97	41.53	499.14	490.58	39.167	39.920	49.39	50.34	600.1	-0	533	101.6	5.83	-0.0915	1.0	111115
423	"11:30:01"	670.5	8.25	0.0204	-170	0.795	3.75	6	1	2.84	41.56	40.97	41.52	499.13	490.49	39.161	39.924	49.39	50.35	600.0	-0	505	101.6	5.83	-0.0915	1.0	111115
424	"11:30:02"	672.0	8.25	0.0204	-169	0.797	3.75	6	1	2.84	41.56	40.97	41.52	499.12	490.48	39.150	39.914	49.38	50.34	600.0	-0	365	101.6	5.83	-0.0915	1.0	111115
425	"11:30:04"	673.0	8.23	0.0204	-168	0.797	3.75	6	1	2.84	41.56	40.97	41.52	499.13	490.51	39.142	39.907	49.37	50.33	600.0	-0	281	101.6	5.83	-0.0915	1.0	111115
426	"11:30:05"	674.5	8.01	0.0206	-147	0.801	3.76	6	1	2.84	41.56	40.97	41.52	499.07	490.66	39.130	39.899	49.35	50.32	600.0	-0	207	101.6	5.83	-0.0915	1.0	111115
427	"11:30:06"	675.5	7.95	0.0206	-141	0.804	3.76	6	1	2.84	41.56	40.98	41.52	499.06	490.72	39.123	39.895	49.34	50.32	600.0	-0	258	101.6	5.83	-0.0915	1.0	111115
428	"11:30:07"	677.0	7.96	0.0208	-137	0.811	3.76	6	1	2.84	41.56	40.98	41.53	499.10	490.74	39.112	39.891	49.33	50.31	600.0	-0	335	101.6	5.83	-0.0915	1.0	111115
429	"11:30:09"	678.0	8.15	0.0209	-148	0.815	3.76	6	1	2.84	41.56	40.98	41.53	499.21	490.66	39.107	39.889	49.33	50.31	600.0	-0	378	101.6	5.83	-0.0915	1.0	111115
430	"11:30:10"	679.5	8.15	0.021	-145	0.82	3.76	6	1	2.84	41.56	40.98	41.53	499.17	490.61	39.096	39.883	49.31	50.30	600.0	-0	371	101.6	5.83	-0.0915	1.0	111115
431	"11:30:11"	680.5	8.19	0.0212	-144	0.825	3.76	6	1	2.84	41.56	40.98	41.53	499.15	490.56	39.089	39.882	49.30	50.30	600.0	-0	358	101.6	5.83	-0.0915	1.0	111115
432	"11:30:12"	682.0	8.12	0.0214	-131	0.835	3.76	6	1	2.84	41.56	40.98	41.53	499.10	490.57	39.076	39.878	49.28	50.30	600.0	-0	346	101.6	5.83	-0.0915	1.0	111115
433	"11:30:14"	683.0	8.14	0.0217	-125	0.846	3.76	6	1	2.84	41.56	40.98	41.53	499.11	490.55	39.068	39.881	49.27	50.30	600.0	-0	342	101.6	5.83	-0.0915	1.0	111115
434	"11:30:15"	683.5	8.14	0.0218	-122	0.851	3.76	6	1	2.84	41.56	40.98	41.53	499.10	490.54	39.065	39.882	49.27	50.30	600.0	-0	339	101.6	5.83	-0.0915	1.0	111115
435	"11:30:16"	684.5	8.12	0.0219	-119	0.853	3.76	6	1	2.84	41.56	40.98	41.53	499.10	490.55	39.058	39.878	49.26	50.30	600.0	-0	334	101.6	5.83	-0.0915	1.0	111115
436	"11:30:17"	685.5	7.98	0.022	-107	0.856	3.76	6	1	2.84	41.56	40.98	41.53	499.01	490.61	39.052	39.874	49.26	50.29	600.0	-0	329	101.6	5.83	-0.0915	1.0	111115
437	"11:30:18"	686.5	8.01	0.0219	-112	0.853	3.76	6	1	2.84	41.56	40.98	41.53	499.02	490.58	39.047	39.866	49.25	50.28	600.0	-0	326	101.6	5.83	-0.0915	1.0	111115
438	"11:30:19"	688.5	7.95	0.0221	-101	0.862	3.76	6	1	2.84	41.56	40.97	41.53	499.02	490.64	39.034	39.862	49.23	50.28	600.1	-0	321	101.6	5.83	-0.0915	1.0	111115
439	"11:30:20"	689.0	7.98	0.0221	-102	0.863	3.76	6	1	2.84	41.56	40.97	41.53	499.03	490.63	39.031	39.860	49.23	50.27	600.0	-0	321	101.6	5.83	-0.0915	1.0	111115
440	"11:30:21"	691.0	8.01	0.0222	-103	0.866	3.76	6	1	2.84	41.56	40.97	41.53	498.97	490.53	39.019	39.850	49.22	50.26	600.0	-0	321	101.6	5.83	-0.0915	1.0	111115
441	"11:30:23"	692.0	7.9	0.0222	-94.5	0.866	3.76	6	1	2.84	41.56	40.97	41.53	498.90	490.58	39.014	39.846	49.21	50.26	600.0	-0	322	101.6	5.83	-0.0915	1.0	111115
442	"11:30:24"	692.5	7.85	0.0221	-93.5	0.862	3.76	6	1	2.84	41.56	40.97	41.53	498.87	490.60	39.013	39.841	49.21	50.25	600.0	-0	323	101.6	5.83	-0.0915	1.0	111115
443	"11:30:25"	693.5	7.74	0.022	-89.5	0.856	3.76	6	1	2.84	41.56	40.97	41.53	498.85	490.70	39.009	39.831	49.20	50.24	600.0	-0	325	101.6	5.83	-0.0915	1.0	111115
444	"11:30:26"	694.5	7.77	0.0219	-92.4	0.855	3.76	6	1	2.84	41.56	40.97	41.53	498.88	490.70	39.007	39.828	49.20	50.24	600.1	-0	328	101.6	5.83	-0.0915	1.0	111115
445	"11:30:27"	696.5	7.92	0.0221	-98	0.863	3.76	6	1	2.84	41.56	40.97	41.53	498.95	490.61	38.997	39.825	49.19	50.23	600.0	-0	337	101.6	5.83	-0.0915	1.0	111115
446	"11:30:28"	697.5	7.94	0.0223	-94.3	0.871	3.76	6	1	2.84	41.56	40.97	41.53	498.90	490.53	38.993	39.829	49.18	50.23	600.0	-0	341	101.6	5.83	-0.0915	1.0	111115
447	"11:30:30"	699.0	7.9	0.0225	-87.5	0.878	3.76	6	1	2.84	41.56	40.97	41.53	498.89	490.56	38.986	39.828	49.17	50.23	600.0	-0	327	101.6	5.83	-0.0915	1.0	111115
448	"11:30:31"	699.5	7.86	0.0225	-86	0.876	3.76	6	1	2.84	41.56	40.97	41.53	498.88	490.59	38.984	39.825	49.17	50.23	600.0	-0	319	101.6	5.83	-0.0915	1.0	111115
449	"11:30:32"	700.5	7.83	0.0223	-88.9	0.868	3.76	6	1	2.84	41.56	40.97	41.53	498.88	490.62	38.980	39.814	49.16	50.21	600.0	-0	303	101.6	5.83	-0.0915	1.0	111115
450	"11:30:33"	702.5	7.94	0.0221	-100	0.863	3.76	6	1	2.84	41.56	40.97	41.53	498.95	490.58	38.972	39.801	49.15	50.20	600.0	-0	265	101.6	5.83	-0.0915	1.0	111115
451	"11:30:34"	703.5	7.91	0.0222	-95.6	0.867	3.76	6	1	2.84	41.56	40.97	41.53	498.92	490.59	38.968	39.800	49.15	50.19	600.0	-0	259	101.6	5.83	-0.0915	1.0	111115
452	"11:30:35"	705.0	7.9	0.0222	-94.4	0.868	3.76	6	1	2.84	41.56	40.97	41.54	498.85	490.52	38.965	39.799	49.14	50.19	600.0	-0	260	101.6	5.83	-0.0915	1.0	111115
453	"11:30:37"	706.0	7.92	0.0221	-97.8	0.865	3.76	6	1	2.84	41.56	40.97	41.54	498.83	490.49	38.963	39.794	49.14	50.18	600.0	-0	264	101.6	5.83	-0.0915	1.0	111115
454	"11:30:38"	707.5	7.98	0.0221	-103	0.863	3.77	6	1	2.84	41.56	40.97	41.54	498.81	490.41	38.956	39.785	49.13	50.17	600.0	-0	269	101.6	5.83	-0.0915	1.0	111115
455	"11:30:39"	708.5	7.97	0.0222	-101	0.866	3.77	6	1	2.84	41.56	40.97	41.54	498.85	490.45	38.952	39.784	49.12	50.17	600.0	-0	269	101.6	5.83	-0.0915	1.0	111115
456	"11:30:40"	710.0	8.03	0.0221	-108	0.862	3.77	6	1	2.84	41.56	40.97	41.54	498.87	490.42	38.948	39.776	49.12	50.16	600.0	-0	273	101.6	5.83	-0.0915	1.0	111115
457	"11:30:42"	711.0	7.99	0.0221	-105	0.862	3.77	6	1	2.84	41.56	40.97	41.54	498.87	490.45	38.946	39.774	49.11	50.16	600.0	-0	273	101.6	5.83	-0.0915	1.0	111115
458	"11:30:43"	712.5	8	0.0218	-114	0.85	3.77	6	1	2.84	41.56	40.97	41.54	498.88	490.46	38.945	39.761	49.11	50.14	600.0	-0	273	101.6	5.83	-0.0915	1.0	111115
459	"11:30:44"	713.5	7.98	0.0218	-110	0.853	3.77	6	1	2.84	41.57	40.97	41.54	498.89	490.49	38.942	39.761	49.10	50.13	600.1	-0	258	101.6	5.83	-0.0915	1.0	111115
460	"11:30:45"	715.0	7.92	0.0217	-108	0.85	3.77	6	1	2.84	41.57	40.97	41.55	498.85	490.52	38.940	39.757	49.09	50.12	600.0	-0	217	101.6	5.83	-0.0915	1.0	111115
461	"11:30:47"	716.0	7.92	0.0219	-104	0.857	3.77	6	1	2.84	41.57	40.97	41.55	498.86	490.52	38.937	39.760	49.09	50.13	600.0	-0	191	101.6	5.83	-0.0915	1.0	111115
462	"11:30:48"	717.5	8.01	0.0218	-112	0.854	3.77	6	1	2.84	41.57	40.97	41.55	498.90	490.47	38.932	39.752	49.08	50.12	600.0	-0	246	101.6	5.83	-0.0915	1.0	111115
463	"11:30:49"	718.5	7.97	0.0217	-112	0.85	3.77	6	1	2.84	41.57	40.97	41.55	498.87	490.49	38.929	39.745	49.08	50.11	600.0	-0	345	101.6	5.83	-0.0915	1.0	111115
464	"11:30:50"	720.0	7.91	0.0217	-109	0.848	3.77	6	1	2.84	41.57	40.97	41.55	498.85	490.52	38.922	39.737	49.07	50.09	600.0	-0	519	101.6	5.83	-0.0915	1.0	111115
465	"11:30:52"	721.0	7.96	0.0217	-111	0.849	3.77	6	1	2.84	41.57	40.97	41.55	498.85	490.47	38.923	39.739	49.06	50.09	600.0	-0	657	101.6	5.83	-0.0915	1.0	111115
466	"11:30:53"	722.5	7.99	0.0217	-116	0.847	3.77	6	1	2.84	41.57	40.97	41.55	498.84	490.43	38.920	39.733	49.06	50.08	600.0	-0	792	101.6	5.83	-0.0915	1.0	111115
467	"11:30:54"	723.5	7.88	0.0216	-111	0.843	3.77	6	1	2.84	41.57	40.97	41.55	498.79	490.49	38.920	39.730	49.06	50.08	600.0	-0	843	101.6	5.83	-0.0915	1.0	111115
468	"11:30:55"	725.0	7.93	0.0215	-116	0.84	3.77	6	1	2.84	41.57	40.97	41.55	498.82	490.48	38.919	39.726	49.05	50.07	600.0	-0	814	101.6	5.83	-0.0915	1.0	111115
469	"11:30:57"	726.0	7.96	0.0213	-122	0.834	3.77	6	1	2.84	41.57	40.97	41.56	498.87	490.50	38.921	39.722	49.05	50.06	600.0	-0	711	101.6	5.83	-0.0915	1.0	111115
470	"11:30:58"	727.5	8.07	0.0212	-135	0.828	3.77	6	1	2.84	41.57	40.96	41.56	498.96	490.49	38.923	39.717	49.05	50.05	600.0	-0	578	101.6	5.83	-0.0915	1.0	111115
471	"11:30:59"	728.5	7.94	0.021	-129	0.822	3.77	6	1	2.84	41.57	40.96	41.56	498.87	490.53	38.923	39.712	49.05	50.05	600.0	-0	500	101.6	5.83	-0.0915	1.0	111115
472	"11:31:00"	730.0	8.02	0.0208	-142	0.813	3.77	6	1	2.84	41.57	40.96	41.56	498.91	490.49	38.924	39.704	49.05	50.04	600.0	-0	474	101.6	5.83	-0.0915	1.0	111115
473	"11:31:02"	731.0	8.06	0.0206	-152	0.804	3.77	6	1	2.84	41.58	40.95	41.56	498.90	490.44	38.925	39.697	49.05	50.02	600.0	-0	468	101.6	5.83	-0.0915	1.0	111115
474	"11:31:03"	732.5	8.12	0.0203	-163	0.795	3.77	6	1	2.84	41.58	40.95	41.56	498.92	490.41	38.928	39.691	49.05	50.01	600.0	-0	469	101.6	5.83	-0.0915	1.0	111115
475	"11:31:04"	733.5	8.11	0.0203	-162	0.795	3.76	6	1	2.84	41.58	40.95	41.56	498.91	490.41	38.928	39.691	49.05	50.01	600.0	-0	481	101.6	5.83	-0.0915	1.0	111115
476	"11:31:05"	735.0	8.1	0.0204	-161	0.795	3.76	6	1	2.84	41.58	40.94	41.56	498.88	490.38	38.925	39.689	49.05	50.01	600.0	-0	509	101.6	5.83	-0.0915	1.0	111115
477	"11:31:07"	736.0	8.11	0.0203	-163	0.793	3.76	6	1	2.84	41.58	40.94	41.56	498.88	490.38	38.923	39.685	49.05	50.01	600.0	-0	504	101.6	5.83	-0.0915	1.0	111115
478	"11:31:08"	737.5	8.08	0.0202	-165	0.788	3.76	6	1	2.84	41.58	40.94	41.56	498.88	490.42	38.921	39.678	49.04	50.00	599.9	-0	455	101.6	5.83	-0.0915	1.0	111115
479	"11:31:09"	738.5	8.04	0.02	-165	0.783	3.76	6	1	2.84	41.58	40.94	41.56	498.90	490.48	38.920	39.672	49.04	49.99	599.9	-0	423	101.6	5.83	-0.0915	1.0	111115
480	"11:31:10"	740.0	7.91	0.0199	-159	0.778	3.76	6	1	2.84	41.58	40.93	41.57	498.82	490.53	38.918	39.665	49.04	49.98	599.9	-0	415	101.6	5.83	-0.0915	1.0	111115
481	"11:31:12"	741.0	8	0.0199	-168	0.775	3.76	6	1	2.84	41.58	40.93	41.57	498.85	490.47	38.919	39.663	49.04	49.98	600.0	-0	416	101.6	5.83	-0.0915	1.0	111115
482	"11:31:13"	742.5	7.97	0.0199	-164	0.778	3.76	6	1	2.84	41.58	40.93	41.57	498.80	490.46	38.917	39.663	49.03	49.98	600.0	-0	419	101.6	5.83	-0.0915	1.0	111115
483	"11:31:14"	743.5	8.03	0.0199	-170	0.776	3.76	6	1	2.84	41.58	40.93	41.57	498.83	490.41	38.918	39.663	49.04	49.98	600.0	-0	422	101.6	5.83	-0.0915	1.0	111115
484	"11:31:15"	745.0	8.01	0.0198	-171	0.773	3.76	6	1	2.84	41.58	40.93	41.57	498.81	490.42	38.916	39.658	49.03	49.97	600.0	-0	435	101.6	5.83	-0.0915	1.0	111115
485	"11:31:17"	746.0	7.96	0.0197	-170	0.77	3.76	6	1	2.84	41.58	40.93	41.57	498.79	490.45	38.916	39.655	49.04	49.97	600.0	-0	434	101.6	5.83	-0.0915	1.0	111115
486	"11:31:18"	747.5	7.88	0.0198	-161	0.772	3.76	6	1	2.84	41.58	40.93	41.57	498.71	490.45	38.912	39.654	49.03	49.96	600.0	-0	428	101.6	5.83	-0.0915	1.0	111115
487	"11:31:19"	748.5	7.83	0.0197	-161	0.768	3.76	6	1	2.84	41.58	40.93	41.57	498.67	490.46	38.911	39.648	49.03	49.95	600.0	-0	416	101.6	5.83	-0.0915	1.0	111115
488	"11:31:20"	750.0	7.87	0.0196	-164	0.767	3.76	6	1	2.84	41.58	40.93	41.57	498.72	490.47	38.907	39.644	49.02	49.95	600.0	-0	412	101.6	5.83	-0.0915	1.0	111115
489	"11:31:22"	751.0	8.02	0.0195	-183	0.76	3.76	6	1	2.84	41.58	40.93	41.57	498.84	490.45	38.905	39.636	49.02	49.94	600.0	-0	417	101.6	5.83	-0.0915	1.0	111115
490	"11:31:23"	752.5	8.07	0.0193	-192	0.754	3.76	6	1	2.84	41.58	40.93	41.58	498.89	490.45	38.905	39.629	49.01	49.93	600.0	-0	435	101.6	5.83	-0.0915	1.0	111115
491	"11:31:24"	753.5	8.06	0.0192	-196	0.75	3.77	6	1	2.84	41.58	40.93	41.58	498.87	490.44	38.905	39.625	49.01	49.92	600.1	-0	464	101.6	5.83	-0.0915	1.0	111115
492	"11:31:25"	755.0	7.99	0.019	-195	0.744	3.76	6	1	2.84	41.58	40.93	41.58	498.80	490.44	38.907	39.621	49.02	49.92	600.0	-0	537	101.6	5.83	-0.0915	1.0	111115
493	"11:31:27"	756.0	7.95	0.019	-191	0.744	3.76	6	1	2.84	41.58	40.93	41.58	498.72	490.41	38.906	39.621	49.01	49.91	600.0	-0	609	101.6	5.83	-0.0915	1.0	111115
494	"11:31:28"	757.5	7.84	0.019	-184	0.741	3.76	6	1	2.84	41.58	40.92	41.58	498.63	490.42	38.907	39.619	49.01	49.91	600.0	-0	878	101.6	5.83	-0.0915	1.0	111115
495	"11:31:29"	758.5	7.79	0.019	-179	0.743	3.76	6	1	2.84	41.58	40.92	41.58	498.55	490.40	38.906	39.619	49.01	49.91	600.0	-0	1139	101.6	5.83	-0.0915	1.0	111115
496	"11:31:30"	760.0	7.86	0.0191	-180	0.747	3.76	6	1	2.84	41.58	40.92	41.58	498.68	490.44	38.903	39.620	49.01	49.91	600.0	-0	1504	101.6	5.83	-0.0915	1.0	111115
497	"11:31:31"	760.5	7.87	0.0191	-182	0.746	3.76	6	1	2.84	41.58	40.92	41.58	498.70	490.46	38.901	39.618	49.01	49.91	600.0	-0	1590	101.6	5.83	-0.0915	1.0	111115
498	"11:31:32"	761.0	7.87	0.019	-187	0.74	3.76	6	1	2.84	41.58	40.92	41.58	498.71	490.48	38.901	39.612	49.01	49.90	600.0	-0	1649	101.6	5.83	-0.0915	1.0	111115
499	"11:31:34"	763.0	8.03	0.0185	-218	0.721	3.76	6	1	2.84	41.58	40.92	41.58	498.76	490.37	38.903	39.596	49.01	49.88	600.0	-0	1688	101.6	5.83	-0.0915	1.0	111115
500	"11:31:35"	764.5	7.97	0.0181	-226	0.707	3.76	6	1	2.84	41.58	40.92	41.58	498.70	490.38	38.911	39.590	49.02	49.87	600.0	-0	1688	101.6	5.83	-0.0915	1.0	111115
501	"11:31:36"	765.5	7.97	0.018	-231	0.703	3.76	6	1	2.84	41.58	40.92	41.59	498.70	490.38	38.916	39.591	49.02	49.87	600.0	-0	1682	101.6	5.83	-0.0915	1.0	111115
502	"11:31:37"	766.0	7.98	0.0179	-234	0.7	3.76	6	1	2.84	41.58	40.92	41.59	498.71	490.39	38.921	39.594	49.03	49.87	599.9	-0	1680	101.6	5.83	-0.0915	1.0	111115
503	"11:31:38"	767.0	7.92	0.0175	-244	0.685	3.76	6	1	2.84	41.58	40.92	41.59	498.68	490.43	38.929	39.587	49.03	49.86	599.9	-0	1675	101.6	5.83	-0.0915	1.0	111115
504	"11:31:39"	768.0	7.92	0.0172	-257	0.674	3.77	6	1	2.84	41.58	40.92	41.59	498.65	490.40	38.935	39.582	49.04	49.86	600.0	-0	1671	101.6	5.83	-0.0915	1.0	111115
505	"11:31:40"	769.0	7.96	0.0169	-275	0.661	3.77	6	1	2.84	41.58	40.92	41.59	498.69	490.40	38.945	39.579	49.05	49.85	600.0	-0	1665	101.6	5.83	-0.0915	1.0	111115
506	"11:31:41"	770.0	7.87	0.0166	-277	0.651	3.77	6	1	2.84	41.59	40.92	41.59	498.64	490.45	38.953	39.578	49.06	49.85	600.0	-0	1662	101.6	5.83	-0.0915	1.0	111115
507	"11:31:42"	771.0	7.95	0.0164	-293	0.643	3.77	6	1	2.84	41.59	40.92	41.59	498.70	490.44	38.964	39.582	49.07	49.85	600.0	-0	1659	101.6	5.83	-0.0915	1.0	111115
508	"11:31:43"	772.0	7.96	0.0162	-304	0.635	3.77	6	1	2.84	41.59	40.92	41.59	498.74	490.46	38.973	39.582	49.08	49.85	600.0	-0	1655	101.6	5.83	-0.0915	1.0	111115
509	"11:31:44"	773.0	8.01	0.0161	-315	0.63	3.77	6	1	2.84	41.59	40.92	41.59	498.76	490.44	38.979	39.583	49.08	49.84	600.0	-0	1654	101.6	5.83	-0.0915	1.0	111115
510	"11:31:45"	774.0	8.13	0.0159	-338	0.621	3.77	6	1	2.84	41.59	40.92	41.59	498.82	490.38	38.984	39.581	49.09	49.84	600.0	-0	1652	101.6	5.83	-0.0915	1.0	111115
511	"11:31:47"	775.0	8.11	0.0156	-347	0.613	3.77	6	1	2.84	41.59	40.92	41.59	498.78	490.37	38.990	39.579	49.09	49.83	600.0	-0	1650	101.6	5.83	-0.0915	1.0	111115
512	"11:31:48"	776.5	8.08	0.0153	-363	0.599	3.77	6	1	2.84	41.59	40.92	41.60	498.74	490.37	38.999	39.574	49.10	49.82	600.0	-0	1649	101.6	5.83	-0.0915	1.0	111115
