"OPEN 5.3.2"
"Fri Aug  3 2018 08:27:44"
"Unit="	"PSC-895"
"ComputeList="	"/User/Configs/Comps/Default"
"BLCTable="	"/Sys/Lib/StdBLCTable"
"LightSource="	"Sun+Sky"	1	0.19
"LogFormat="	"/User/Configs/LogFormats/Std Output"
"LogCodes="	-35	-21	-36	30	23	36	21	25	-33	-34	-32	-9	-10	-8	-1	-2	-4	-5	-14	-15	-7	-12	-13	-11	-65	-66	-72	-23
"PromptList="	"/User/Configs/Prompts/Default (none)"
"Stability= (CO2S 15s SLP<1)(H2OS 15s SLP<1)(Flow 15s SLP<1)"
"08:27:45 co2 500 flow 600. note; fineroots-15 is fineroot-16"
$STARTOFDATA$
"Obs"	"HHMMSS"	"FTime"	"Photo"	"Cond"	"Ci"	"Trmmol"	"VpdL"	"Area"	"StmRat"	"BLCond"	"Tair"	"Tleaf"	"TBlk"	"CO2R"	"CO2S"	"H2OR"	"H2OS"	"RH_R"	"RH_S"	"Flow"	"PARi"	"PARo"	"Press"	"CsMch"	"HsMch"	"StableF"	"Status"
1	"08:30:54"	207.0	-5.67	-123	481	38.1	1.28	6	1	2.84	33.36	32.88	33.31	499.84	486.96	0.066	36.747	0.13	72.59	600.0	-0	175	101.8	6.05	0.0032	0.3	111115
2	"08:30:55"	207.5	-5.7	-128	481	38.1	1.28	6	1	2.84	33.36	32.88	33.31	499.81	486.97	0.066	36.739	0.13	72.58	599.9	0	178	101.8	6.05	0.0032	0.3	111115
3	"08:30:56"	208.0	-5.73	-136	481	38.1	1.28	6	1	2.84	33.36	32.88	33.31	499.79	486.99	0.065	36.730	0.13	72.56	599.9	-0	180	101.8	6.05	0.0032	0.7	111115
4	"08:30:57"	209.5	-5.82	-163	481	38	1.28	6	1	2.84	33.36	32.88	33.31	499.73	487.03	0.065	36.700	0.13	72.51	600.0	-0	182	101.8	6.05	0.0032	0.3	111115
5	"08:30:58"	211.5	-5.97	-296	481	38	1.29	6	1	2.84	33.36	32.89	33.31	499.64	487.12	0.063	36.628	0.12	72.36	600.0	-0	177	101.8	6.05	0.0032	0.3	111115
6	"08:30:59"	212.5	-5.91	-524	481	37.9	1.29	6	1	2.84	33.36	32.88	33.31	499.67	487.11	0.063	36.584	0.12	72.28	600.0	-0	177	101.8	6.05	0.0032	0.3	111115
7	"08:31:01"	214.0	-5.91	3.75E+04	481	37.8	1.3	6	1	2.84	33.36	32.88	33.31	499.65	487.13	0.063	36.522	0.12	72.16	600.0	-0	197	101.8	6.05	0.0032	0.3	111115
8	"08:31:02"	215.0	-5.84	826	481	37.8	1.3	6	1	2.84	33.36	32.88	33.31	499.69	487.12	0.062	36.488	0.12	72.09	600.0	0	208	101.8	6.05	0.0032	0.3	111115
9	"08:31:03"	216.5	-5.77	302	481	37.7	1.31	6	1	2.84	33.36	32.88	33.32	499.73	487.11	0.061	36.429	0.12	71.97	600.0	0	207	101.8	6.05	0.0032	0.3	111115
10	"08:31:04"	217.5	-5.78	209	481	37.7	1.31	6	1	2.84	33.36	32.88	33.32	499.73	487.15	0.060	36.389	0.12	71.89	600.0	0	194	101.8	6.05	0.0032	0.3	111115
11	"08:31:06"	219.0	-5.63	142	481	37.6	1.32	6	1	2.84	33.36	32.88	33.32	499.84	487.13	0.059	36.326	0.12	71.77	600.0	0	179	101.8	6.05	0.0032	0.7	111115
12	"08:31:07"	220.0	-5.68	119	481	37.6	1.32	6	1	2.84	33.36	32.87	33.32	499.81	487.18	0.058	36.286	0.12	71.68	600.0	0	181	101.8	6.05	0.0032	0.7	111115
13	"08:31:08"	221.5	-5.66	95	481	37.5	1.33	6	1	2.84	33.36	32.87	33.32	499.79	487.17	0.058	36.227	0.11	71.57	600.0	0	195	101.8	6.05	0.0032	0.7	111115
14	"08:31:09"	222.5	-5.78	83.8	481	37.5	1.33	6	1	2.84	33.36	32.87	33.32	499.72	487.23	0.057	36.190	0.11	71.49	600.0	0	220	101.8	6.05	0.0032	0.7	111115
15	"08:31:11"	224.0	-5.66	70	481	37.4	1.34	6	1	2.84	33.36	32.87	33.32	499.74	487.17	0.056	36.134	0.11	71.38	600.0	-0	260	101.8	6.05	0.0032	0.7	111115
16	"08:31:12"	225.0	-5.68	62.9	481	37.4	1.34	6	1	2.84	33.36	32.87	33.32	499.71	487.18	0.056	36.093	0.11	71.30	600.0	-0	283	101.8	6.05	0.0032	0.7	111115
17	"08:31:13"	226.5	-5.6	54.7	481	37.3	1.35	6	1	2.84	33.36	32.88	33.32	499.74	487.16	0.055	36.032	0.11	71.18	600.0	-0	297	101.8	6.05	0.0032	0.7	111115
18	"08:31:15"	227.5	-5.62	50.2	481	37.3	1.35	6	1	2.84	33.36	32.87	33.32	499.71	487.17	0.055	35.987	0.11	71.09	600.0	-0	297	101.8	6.05	0.0032	0.7	111115
19	"08:31:16"	229.0	-5.77	45.1	481	37.2	1.36	6	1	2.84	33.36	32.87	33.32	499.64	487.28	0.056	35.925	0.11	70.96	600.0	-0	296	101.8	6.05	0.0032	0.7	111115
20	"08:31:17"	230.0	-5.85	42	481	37.2	1.36	6	1	2.84	33.36	32.87	33.32	499.61	487.35	0.056	35.882	0.11	70.88	600.0	-0	296	101.8	6.05	0.0032	0.7	111115
21	"08:31:18"	231.5	-5.91	37.7	481	37.1	1.37	6	1	2.84	33.36	32.87	33.32	499.56	487.39	0.055	35.810	0.11	70.74	600.0	-0	296	101.8	6.05	0.0032	0.7	111115
22	"08:31:19"	232.5	-5.85	35.5	481	37	1.37	6	1	2.84	33.36	32.87	33.32	499.59	487.39	0.055	35.765	0.11	70.64	600.0	0	296	101.8	6.05	0.0032	0.7	111115
23	"08:31:21"	234.0	-5.69	32.1	481	37	1.38	6	1	2.84	33.36	32.87	33.32	499.67	487.35	0.055	35.692	0.11	70.50	600.0	0	297	101.8	6.05	0.0032	0.7	111115
24	"08:31:22"	235.0	-5.66	30.2	481	36.9	1.39	6	1	2.84	33.36	32.87	33.32	499.71	487.38	0.055	35.642	0.11	70.40	600.0	0	297	101.8	6.05	0.0032	0.7	111115
25	"08:31:23"	236.5	-5.55	27.9	481	36.8	1.39	6	1	2.84	33.36	32.87	33.33	499.77	487.37	0.054	35.573	0.11	70.26	600.0	0	298	101.8	6.05	0.0032	0.7	111115
26	"08:31:24"	237.5	-5.58	26.6	481	36.8	1.4	6	1	2.84	33.36	32.87	33.33	499.75	487.40	0.054	35.526	0.11	70.17	600.0	-0	298	101.8	6.05	0.0032	0.7	111115
27	"08:31:26"	239.0	-5.55	25.2	481	36.7	1.4	6	1	2.84	33.36	32.87	33.33	499.75	487.40	0.054	35.468	0.11	70.05	600.0	-0	298	101.8	6.05	0.0032	0.7	111115
28	"08:31:27"	240.0	-5.54	24.2	481	36.7	1.41	6	1	2.84	33.36	32.87	33.33	499.76	487.43	0.054	35.426	0.11	69.96	600.0	-0	298	101.8	6.05	0.0032	0.7	111115
29	"08:31:28"	241.5	-5.56	23.1	481	36.6	1.41	6	1	2.84	33.36	32.87	33.33	499.77	487.48	0.054	35.374	0.11	69.86	600.0	-0	298	101.8	6.05	0.0032	0.7	111115
30	"08:31:29"	242.5	-5.53	22.4	481	36.6	1.42	6	1	2.84	33.36	32.86	33.33	499.79	487.49	0.053	35.338	0.11	69.79	600.0	-0	298	101.8	6.05	0.0032	0.3	111115
31	"08:31:31"	244.0	-5.74	21.4	481	36.5	1.42	6	1	2.84	33.36	32.87	33.33	499.65	487.58	0.052	35.294	0.10	69.70	600.0	-0	299	101.8	6.05	0.0032	0.3	111115
32	"08:31:32"	245.0	-5.79	20.7	481	36.5	1.42	6	1	2.84	33.36	32.87	33.33	499.63	487.62	0.052	35.262	0.10	69.64	600.0	-0	300	101.8	6.05	0.0032	0.3	111115
33	"08:31:33"	246.5	-5.7	20	481	36.4	1.43	6	1	2.84	33.36	32.87	33.33	499.64	487.57	0.052	35.219	0.10	69.55	600.0	-0	301	101.8	6.05	0.0032	0.7	111115
34	"08:31:34"	247.5	-5.61	19.5	481	36.4	1.43	6	1	2.84	33.37	32.87	33.33	499.67	487.53	0.053	35.191	0.10	69.49	600.0	-0	301	101.8	6.05	0.0032	0.7	111115
35	"08:31:36"	249.0	-5.42	18.9	481	36.4	1.44	6	1	2.84	33.37	32.87	33.33	499.73	487.42	0.052	35.149	0.10	69.41	600.0	-0	299	101.8	6.05	0.0032	0.7	111115
36	"08:31:37"	250.0	-5.41	18.6	480	36.3	1.44	6	1	2.84	33.37	32.87	33.33	499.72	487.41	0.051	35.122	0.10	69.35	600.0	-0	298	101.8	6.05	0.0032	0.7	111115
37	"08:31:38"	251.5	-5.34	18	480	36.3	1.44	6	1	2.84	33.37	32.87	33.33	499.76	487.41	0.051	35.082	0.10	69.27	600.0	-0	296	101.8	6.05	0.0032	0.7	111115
38	"08:31:39"	252.5	-5.35	17.6	480	36.3	1.45	6	1	2.84	33.37	32.87	33.33	499.73	487.40	0.051	35.056	0.10	69.22	600.0	-0	295	101.8	6.05	0.0032	0.7	111115
39	"08:31:41"	254.0	-5.52	17.2	481	36.2	1.45	6	1	2.84	33.37	32.87	33.33	499.67	487.52	0.051	35.019	0.10	69.15	600.0	-0	294	101.8	6.05	0.0032	0.7	111115
40	"08:31:42"	255.0	-5.6	17	481	36.2	1.45	6	1	2.84	33.37	32.87	33.33	499.61	487.55	0.051	34.997	0.10	69.10	600.0	-0	293	101.8	6.05	0.0032	0.7	111115
41	"08:31:43"	256.5	-5.57	16.7	481	36.2	1.45	6	1	2.84	33.37	32.87	33.34	499.67	487.59	0.052	34.965	0.10	69.04	600.0	0	292	101.8	6.05	0.0032	0.7	111115
42	"08:31:44"	257.5	-5.57	16.4	481	36.2	1.46	6	1	2.84	33.37	32.87	33.34	499.67	487.61	0.052	34.943	0.10	68.99	600.0	0	292	101.8	6.05	0.0032	0.7	111115
43	"08:31:46"	259.0	-5.49	16.2	481	36.1	1.46	6	1	2.84	33.37	32.87	33.34	499.69	487.57	0.052	34.916	0.10	68.94	600.0	0	292	101.8	6.05	0.0032	0.7	111115
44	"08:31:47"	260.0	-5.42	16	480	36.1	1.46	6	1	2.84	33.37	32.87	33.34	499.70	487.52	0.051	34.896	0.10	68.90	600.0	-0	292	101.8	6.05	0.0032	0.7	111115
45	"08:31:48"	261.5	-5.38	15.6	480	36.1	1.46	6	1	2.84	33.37	32.87	33.34	499.70	487.49	0.051	34.862	0.10	68.83	600.0	-0	291	101.8	6.05	0.0032	0.7	111115
46	"08:31:49"	262.5	-5.37	15.4	480	36	1.47	6	1	2.84	33.37	32.87	33.34	499.73	487.52	0.051	34.838	0.10	68.78	600.0	-0	291	101.8	6.05	0.0032	0.7	111115
47	"08:31:51"	264.0	-5.37	15	480	36	1.47	6	1	2.84	33.37	32.87	33.34	499.72	487.54	0.051	34.802	0.10	68.71	600.0	-0	292	101.8	6.05	0.0032	0.7	111115
48	"08:31:52"	265.0	-5.31	14.8	480	36	1.47	6	1	2.84	33.37	32.87	33.34	499.73	487.50	0.050	34.783	0.10	68.67	600.0	-0	292	101.8	6.05	0.0032	0.7	111115
49	"08:31:53"	266.5	-5.27	14.5	480	35.9	1.48	6	1	2.84	33.37	32.87	33.34	499.71	487.46	0.050	34.749	0.10	68.60	600.0	-0	292	101.8	6.05	0.0032	0.7	111115
50	"08:31:54"	267.5	-5.27	14.3	480	35.9	1.48	6	1	2.84	33.37	32.87	33.34	499.69	487.45	0.049	34.727	0.10	68.56	600.0	-0	292	101.8	6.05	0.0032	0.7	111115
51	"08:31:56"	269.0	-5.31	14	480	35.9	1.48	6	1	2.84	33.37	32.87	33.34	499.67	487.48	0.049	34.695	0.10	68.50	600.0	-0	293	101.8	6.05	0.0032	0.7	111115
52	"08:31:57"	270.0	-5.27	13.9	480	35.9	1.48	6	1	2.84	33.37	32.87	33.34	499.68	487.47	0.049	34.673	0.10	68.45	600.0	-0	293	101.8	6.05	0.0032	0.7	111115
53	"08:31:58"	271.5	-5.3	13.6	480	35.8	1.49	6	1	2.84	33.37	32.87	33.34	499.71	487.54	0.049	34.642	0.10	68.39	600.0	-0	294	101.8	6.05	0.0032	0.7	111115
54	"08:31:59"	272.5	-5.23	13.5	480	35.8	1.49	6	1	2.84	33.37	32.87	33.34	499.73	487.50	0.050	34.627	0.10	68.36	600.0	-0	294	101.8	6.05	0.0032	0.7	111115
55	"08:32:01"	274.0	-5.5	13.3	481	35.8	1.49	6	1	2.84	33.37	32.87	33.34	499.57	487.63	0.050	34.596	0.10	68.30	600.0	-0	296	101.8	6.05	0.0032	0.7	111115
56	"08:32:02"	275.0	-5.53	13.2	481	35.8	1.49	6	1	2.84	33.37	32.87	33.34	499.53	487.62	0.049	34.578	0.10	68.26	600.0	-0	297	101.8	6.05	0.0032	0.7	111115
57	"08:32:03"	276.5	-5.6	12.9	481	35.7	1.5	6	1	2.84	33.37	32.87	33.34	499.50	487.67	0.049	34.543	0.10	68.19	600.0	-0	301	101.8	6.05	0.0032	0.7	111115
58	"08:32:04"	277.5	-5.5	12.8	480	35.7	1.5	6	1	2.84	33.37	32.87	33.34	499.55	487.63	0.049	34.524	0.10	68.15	600.0	-0	304	101.8	6.05	0.0032	0.7	111115
59	"08:32:06"	279.0	-5.47	12.5	480	35.7	1.5	6	1	2.84	33.37	32.87	33.34	499.61	487.68	0.049	34.497	0.10	68.09	600.0	-0	307	101.8	6.05	0.0032	0.7	111115
60	"08:32:07"	280.0	-5.53	12.4	481	35.7	1.51	6	1	2.84	33.37	32.88	33.34	499.59	487.73	0.049	34.482	0.10	68.06	600.0	-0	309	101.8	6.05	0.0032	0.7	111115
61	"08:32:08"	281.5	-5.49	12.2	480	35.6	1.51	6	1	2.84	33.37	32.88	33.34	499.58	487.69	0.049	34.450	0.10	68.00	600.0	-0	304	101.8	6.05	0.0032	0.7	111115
62	"08:32:09"	282.5	-5.46	12	480	35.6	1.51	6	1	2.84	33.37	32.88	33.34	499.58	487.67	0.048	34.431	0.10	67.96	600.0	-0	292	101.8	6.05	0.0032	0.7	111115
63	"08:32:11"	284.0	-5.37	11.8	480	35.6	1.52	6	1	2.84	33.38	32.88	33.34	499.58	487.60	0.049	34.398	0.10	67.89	600.0	-0	271	101.8	6.05	0.0032	0.7	111115
64	"08:32:12"	285.0	-5.41	11.7	480	35.6	1.52	6	1	2.84	33.38	32.88	33.34	499.56	487.63	0.049	34.381	0.10	67.85	600.0	-0	262	101.8	6.05	0.0032	0.7	111115
65	"08:32:13"	286.5	-5.53	11.5	480	35.5	1.52	6	1	2.84	33.38	32.89	33.35	499.47	487.68	0.049	34.349	0.10	67.79	600.0	-0	268	101.8	6.05	0.0032	0.7	111115
66	"08:32:14"	287.5	-5.63	11.4	481	35.5	1.52	6	1	2.84	33.38	32.89	33.35	499.43	487.74	0.049	34.329	0.10	67.75	600.0	-0	279	101.8	6.05	0.0032	0.7	111115
67	"08:32:16"	289.0	-5.54	11.2	480	35.5	1.53	6	1	2.84	33.38	32.89	33.35	499.47	487.72	0.048	34.301	0.09	67.69	600.0	-0	291	101.8	6.05	0.0032	0.7	111115
68	"08:32:17"	290.0	-5.51	11.1	480	35.4	1.53	6	1	2.84	33.38	32.89	33.35	499.50	487.72	0.048	34.284	0.09	67.65	600.0	-0	295	101.8	6.05	0.0032	0.7	111115
69	"08:32:18"	291.5	-5.33	11	480	35.4	1.53	6	1	2.84	33.38	32.89	33.35	499.61	487.67	0.048	34.255	0.09	67.59	600.0	-0	297	101.8	6.05	0.0032	0.7	111115
70	"08:32:19"	292.5	-5.36	10.9	480	35.4	1.53	6	1	2.84	33.38	32.89	33.35	499.61	487.71	0.048	34.236	0.09	67.55	600.0	0	297	101.8	6.05	0.0032	0.7	111115
71	"08:32:21"	294.0	-5.16	10.7	480	35.4	1.54	6	1	2.84	33.38	32.89	33.35	499.76	487.67	0.049	34.204	0.10	67.48	600.0	0	297	101.8	6.05	0.0032	0.7	111115
72	"08:32:22"	295.0	-5.14	10.6	480	35.3	1.54	6	1	2.84	33.38	32.89	33.35	499.78	487.68	0.048	34.186	0.10	67.45	600.0	0	297	101.8	6.05	0.0032	0.7	111115
73	"08:32:23"	296.5	-5.11	10.5	480	35.3	1.54	6	1	2.84	33.38	32.89	33.35	499.80	487.69	0.048	34.160	0.10	67.39	600.0	-0	298	101.8	6.05	0.0032	0.7	111115
74	"08:32:24"	297.5	-5.18	10.4	480	35.3	1.54	6	1	2.84	33.38	32.89	33.35	499.79	487.75	0.048	34.148	0.09	67.37	600.0	-0	297	101.8	6.05	0.0032	0.7	111115
75	"08:32:26"	299.0	-5.21	10.2	480	35.3	1.55	6	1	2.84	33.38	32.89	33.35	499.76	487.77	0.048	34.114	0.09	67.30	600.0	-0	297	101.8	6.05	0.0032	0.7	111115
76	"08:32:27"	300.0	-5.28	10.2	480	35.3	1.55	6	1	2.84	33.38	32.89	33.35	499.71	487.79	0.048	34.102	0.09	67.27	600.0	-0	297	101.8	6.05	0.0032	0.7	111115
77	"08:32:28"	301.5	-5.26	10.1	480	35.2	1.55	6	1	2.84	33.38	32.89	33.35	499.69	487.77	0.048	34.075	0.09	67.22	600.0	-0	297	101.8	6.05	0.0032	0.7	111115
78	"08:32:29"	302.5	-5.37	10	480	35.2	1.55	6	1	2.84	33.39	32.89	33.35	499.63	487.82	0.047	34.059	0.09	67.18	600.0	-0	297	101.8	6.05	0.0032	0.7	111115
79	"08:32:31"	304.0	-5.29	9.88	480	35.2	1.56	6	1	2.84	33.39	32.89	33.35	499.67	487.79	0.047	34.029	0.09	67.12	600.0	-0	297	101.8	6.05	0.0032	0.7	111115
80	"08:32:32"	305.0	-5.21	9.78	480	35.2	1.56	6	1	2.84	33.39	32.89	33.35	499.70	487.76	0.048	34.008	0.09	67.08	600.0	0	297	101.8	6.05	0.0032	0.7	111115
81	"08:32:33"	306.5	-5.08	9.66	480	35.1	1.56	6	1	2.84	33.39	32.89	33.35	499.75	487.70	0.048	33.976	0.09	67.02	600.0	-0	297	101.8	6.05	0.0032	0.7	111115
82	"08:32:34"	307.5	-5.05	9.58	480	35.1	1.56	6	1	2.84	33.39	32.89	33.36	499.77	487.70	0.048	33.956	0.09	66.97	600.0	-0	297	101.8	6.05	0.0032	0.7	111115
83	"08:32:36"	309.0	-5.06	9.49	480	35.1	1.57	6	1	2.84	33.39	32.89	33.36	499.75	487.70	0.047	33.935	0.09	66.93	600.0	-0	297	101.8	6.05	0.0032	0.7	111115
84	"08:32:37"	310.0	-5.11	9.41	480	35.1	1.57	6	1	2.84	33.39	32.89	33.36	499.74	487.75	0.047	33.917	0.09	66.89	600.0	-0	297	101.8	6.05	0.0032	0.7	111115
85	"08:32:38"	311.5	-5.1	9.31	480	35	1.57	6	1	2.84	33.39	32.90	33.36	499.75	487.77	0.048	33.898	0.10	66.85	600.0	-0	297	101.8	6.05	0.0032	0.7	111115
86	"08:32:39"	312.5	-5.18	9.23	480	35	1.57	6	1	2.84	33.39	32.90	33.36	499.70	487.80	0.049	33.877	0.10	66.81	600.0	-0	298	101.8	6.05	0.0032	0.7	111115
87	"08:32:41"	314.0	-5.19	9.09	480	35	1.58	6	1	2.84	33.39	32.90	33.36	499.66	487.79	0.049	33.850	0.10	66.75	600.0	-0	298	101.8	6.05	0.0032	0.7	111115
88	"08:32:42"	315.0	-5.24	9.01	480	35	1.58	6	1	2.84	33.39	32.90	33.36	499.62	487.80	0.048	33.828	0.10	66.71	600.0	-0	298	101.8	6.05	0.0032	0.7	111115
89	"08:32:43"	316.5	-5.2	8.91	480	34.9	1.58	6	1	2.84	33.39	32.91	33.36	499.65	487.80	0.048	33.806	0.10	66.66	600.0	-0	299	101.8	6.05	0.0032	0.7	111115
90	"08:32:44"	317.5	-5.18	8.84	480	34.9	1.59	6	1	2.84	33.39	32.91	33.36	499.65	487.80	0.049	33.788	0.10	66.62	600.0	-0	299	101.8	6.05	0.0032	0.7	111115
91	"08:32:46"	319.0	-5.08	8.78	480	34.9	1.59	6	1	2.84	33.39	32.91	33.36	499.75	487.80	0.049	33.769	0.10	66.58	600.0	0	300	101.8	6.05	0.0032	0.7	111115
92	"08:32:47"	320.0	-5.05	8.72	480	34.9	1.59	6	1	2.84	33.39	32.91	33.36	499.76	487.79	0.049	33.750	0.10	66.54	600.0	0	302	101.8	6.05	0.0032	0.7	111115
93	"08:32:48"	321.5	-4.93	8.66	480	34.9	1.59	6	1	2.84	33.39	32.90	33.36	499.79	487.73	0.049	33.727	0.10	66.49	600.0	0	304	101.8	6.05	0.0032	0.7	111115
94	"08:32:49"	322.0	-4.91	8.62	480	34.8	1.59	6	1	2.84	33.39	32.90	33.36	499.80	487.72	0.049	33.715	0.10	66.47	600.0	0	304	101.8	6.05	0.0032	0.7	111115
95	"08:32:50"	323.5	-4.9	8.51	480	34.8	1.6	6	1	2.84	33.39	32.90	33.36	499.79	487.71	0.049	33.680	0.10	66.40	600.0	-0	305	101.8	6.05	0.0032	0.7	111115
96	"08:32:52"	325.0	-5	8.4	480	34.8	1.6	6	1	2.84	33.40	32.91	33.36	499.75	487.79	0.049	33.650	0.10	66.34	600.0	0	304	101.8	6.05	0.0032	0.7	111115
97	"08:32:53"	326.0	-5.07	8.33	480	34.8	1.6	6	1	2.84	33.40	32.91	33.36	499.72	487.83	0.048	33.631	0.10	66.30	600.0	-0	303	101.8	6.05	0.0032	0.7	111115
98	"08:32:54"	327.5	-5.12	8.26	480	34.7	1.6	6	1	2.84	33.40	32.91	33.36	499.69	487.86	0.048	33.615	0.09	66.26	600.0	-0	302	101.8	6.05	0.0032	0.7	111115
99	"08:32:55"	328.5	-5.15	8.22	480	34.7	1.61	6	1	2.84	33.40	32.91	33.37	499.69	487.90	0.048	33.600	0.09	66.23	600.0	-0	301	101.8	6.05	0.0032	0.7	111115
100	"08:32:57"	330.0	-5.18	8.16	480	34.7	1.61	6	1	2.84	33.40	32.91	33.37	499.64	487.90	0.047	33.578	0.09	66.19	600.0	-0	301	101.8	6.05	0.0032	0.7	111115
101	"08:32:58"	330.5	-5.19	8.13	480	34.7	1.61	6	1	2.84	33.40	32.91	33.37	499.64	487.91	0.048	33.568	0.09	66.17	600.0	0	301	101.8	6.05	0.0032	0.7	111115
102	"08:32:59"	332.5	-5.19	8.02	480	34.6	1.61	6	1	2.84	33.40	32.91	33.37	499.60	487.88	0.048	33.530	0.09	66.09	600.0	-0	301	101.8	6.05	0.0032	0.7	111115
103	"08:33:00"	333.5	-5.05	7.96	480	34.6	1.61	6	1	2.84	33.40	32.91	33.37	499.69	487.85	0.048	33.511	0.09	66.05	600.0	-0	301	101.8	6.05	0.0032	0.7	111115
104	"08:33:02"	335.0	-5	7.88	480	34.6	1.62	6	1	2.84	33.40	32.91	33.37	499.73	487.85	0.048	33.483	0.09	65.99	600.0	-0	302	101.8	6.05	0.0032	0.7	111115
105	"08:33:03"	336.0	-4.88	7.83	480	34.6	1.62	6	1	2.84	33.40	32.91	33.37	499.78	487.80	0.048	33.468	0.10	65.96	600.0	-0	302	101.8	6.05	0.0032	0.7	111115
106	"08:33:04"	337.5	-4.97	7.78	480	34.6	1.62	6	1	2.84	33.40	32.91	33.37	499.74	487.84	0.048	33.448	0.09	65.92	600.0	0	302	101.8	6.05	0.0032	0.7	111115
107	"08:33:05"	338.5	-5.06	7.72	480	34.5	1.62	6	1	2.84	33.40	32.91	33.37	499.68	487.89	0.048	33.429	0.09	65.88	600.0	-0	302	101.8	6.05	0.0032	0.7	111115
108	"08:33:07"	340.0	-5.14	7.65	480	34.5	1.63	6	1	2.84	33.40	32.91	33.37	499.67	487.97	0.047	33.401	0.09	65.82	600.0	-0	303	101.8	6.05	0.0032	0.7	111115
109	"08:33:08"	341.0	-5.15	7.61	480	34.5	1.63	6	1	2.84	33.40	32.91	33.37	499.63	487.95	0.047	33.386	0.09	65.79	600.0	-0	303	101.8	6.05	0.0032	0.7	111115
110	"08:33:09"	342.5	-5.18	7.57	480	34.5	1.63	6	1	2.84	33.40	32.91	33.37	499.57	487.94	0.047	33.366	0.09	65.75	600.0	-0	303	101.8	6.05	0.0032	0.7	111115
111	"08:33:10"	343.5	-5.05	7.53	480	34.4	1.63	6	1	2.84	33.40	32.91	33.37	499.63	487.87	0.048	33.350	0.09	65.72	600.0	-0	303	101.8	6.05	0.0032	1.0	111115
112	"08:33:12"	345.0	-4.96	7.44	480	34.4	1.63	6	1	2.84	33.40	32.91	33.37	499.67	487.84	0.048	33.323	0.09	65.67	600.0	0	304	101.8	6.05	0.0032	1.0	111115
113	"08:33:13"	346.0	-4.78	7.39	479	34.4	1.64	6	1	2.84	33.40	32.92	33.37	499.78	487.77	0.049	33.307	0.10	65.63	600.0	-0	304	101.8	6.05	0.0032	0.7	111115
114	"08:33:14"	347.5	-4.81	7.33	480	34.4	1.64	6	1	2.84	33.40	32.92	33.37	499.81	487.85	0.049	33.286	0.10	65.59	600.0	-0	304	101.8	6.05	0.0032	1.0	111115
115	"08:33:15"	348.5	-4.75	7.3	480	34.4	1.64	6	1	2.84	33.40	32.92	33.37	499.85	487.83	0.049	33.271	0.10	65.56	600.0	-0	304	101.8	6.05	0.0032	1.0	111115
116	"08:33:17"	350.0	-4.88	7.26	480	34.3	1.64	6	1	2.84	33.41	32.92	33.37	499.79	487.91	0.049	33.252	0.10	65.52	600.0	-0	305	101.8	6.05	0.0032	1.0	111115
117	"08:33:18"	351.0	-4.92	7.22	480	34.3	1.64	6	1	2.84	33.41	32.92	33.37	499.75	487.91	0.049	33.240	0.10	65.49	599.9	-0	305	101.8	6.05	0.0032	1.0	111115
118	"08:33:19"	352.5	-4.94	7.15	480	34.3	1.65	6	1	2.84	33.41	32.92	33.37	499.69	487.88	0.049	33.219	0.10	65.45	600.0	-0	305	101.8	6.05	0.0032	1.0	111115
119	"08:33:20"	353.5	-4.96	7.11	480	34.3	1.65	6	1	2.84	33.41	32.92	33.38	499.67	487.90	0.049	33.205	0.10	65.41	600.0	-0	306	101.8	6.05	0.0032	1.0	111115
120	"08:33:22"	355.0	-4.9	7.04	480	34.3	1.65	6	1	2.84	33.41	32.93	33.38	499.69	487.87	0.049	33.177	0.10	65.35	600.0	-0	306	101.8	6.05	0.0032	1.0	111115
121	"08:33:23"	356.0	-4.91	7.02	480	34.3	1.65	6	1	2.84	33.41	32.93	33.38	499.71	487.91	0.049	33.166	0.10	65.33	600.0	-0	306	101.8	6.05	0.0032	1.0	111115
122	"08:33:24"	357.5	-4.83	6.98	480	34.2	1.66	6	1	2.84	33.41	32.93	33.38	499.76	487.89	0.048	33.145	0.09	65.29	600.0	-0	290	101.8	6.05	0.0032	1.0	111115
123	"08:33:25"	358.0	-4.8	6.96	480	34.2	1.66	6	1	2.84	33.41	32.93	33.38	499.79	487.89	0.048	33.140	0.10	65.28	600.0	-0	287	101.8	6.05	0.0032	1.0	111115
124	"08:33:26"	359.5	-4.8	6.9	479	34.2	1.66	6	1	2.84	33.41	32.92	33.38	499.75	487.86	0.048	33.111	0.09	65.22	600.0	-0	285	101.8	6.05	0.0032	1.0	111115
125	"08:33:28"	361.0	-4.77	6.84	479	34.2	1.66	6	1	2.84	33.41	32.93	33.38	499.75	487.85	0.048	33.087	0.09	65.16	600.0	-0	296	101.8	6.05	0.0032	1.0	111115
126	"08:33:29"	362.0	-4.85	6.8	480	34.2	1.66	6	1	2.84	33.41	32.93	33.38	499.72	487.91	0.048	33.072	0.09	65.13	600.0	-0	307	101.8	6.05	0.0032	1.0	111115
127	"08:33:30"	363.5	-4.96	6.75	480	34.1	1.67	6	1	2.84	33.41	32.93	33.38	499.68	487.98	0.048	33.055	0.09	65.10	600.0	0	310	101.8	6.05	0.0032	1.0	111115
128	"08:33:31"	364.5	-5.03	6.71	480	34.1	1.67	6	1	2.84	33.41	32.93	33.38	499.65	488.02	0.048	33.038	0.09	65.06	600.0	-0	310	101.8	6.05	0.0032	1.0	111115
129	"08:33:33"	366.0	-5.01	6.67	480	34.1	1.67	6	1	2.84	33.41	32.94	33.38	499.64	488.01	0.047	33.020	0.09	65.03	600.0	-0	311	101.8	6.05	0.0032	1.0	111115
130	"08:33:34"	367.0	-4.98	6.63	480	34.1	1.67	6	1	2.84	33.42	32.94	33.38	499.65	487.99	0.048	33.002	0.09	64.99	600.0	-0	311	101.8	6.05	0.0032	1.0	111115
131	"08:33:35"	368.5	-4.86	6.57	479	34.1	1.68	6	1	2.84	33.42	32.94	33.38	499.68	487.92	0.049	32.978	0.10	64.94	600.0	-0	311	101.8	6.05	0.0032	1.0	111115
132	"08:33:36"	369.5	-4.8	6.54	479	34	1.68	6	1	2.84	33.42	32.94	33.38	499.70	487.90	0.049	32.962	0.10	64.90	600.0	-0	312	101.8	6.05	0.0032	1.0	111115
133	"08:33:38"	371.0	-4.74	6.5	479	34	1.68	6	1	2.84	33.42	32.94	33.38	499.78	487.92	0.049	32.940	0.10	64.86	600.0	0	312	101.8	6.05	0.0032	1.0	111115
134	"08:33:39"	372.0	-4.8	6.45	479	34	1.68	6	1	2.84	33.42	32.94	33.38	499.76	487.97	0.049	32.921	0.10	64.82	600.0	0	312	101.8	6.05	0.0032	1.0	111115
135	"08:33:40"	373.5	-4.9	6.41	480	34	1.69	6	1	2.84	33.42	32.94	33.38	499.74	488.06	0.048	32.899	0.09	64.78	600.0	-0	312	101.8	6.05	0.0032	1.0	111115
136	"08:33:41"	374.5	-4.94	6.37	480	33.9	1.69	6	1	2.84	33.42	32.94	33.38	499.69	488.06	0.048	32.878	0.09	64.74	600.0	-0	312	101.8	6.05	0.0032	1.0	111115
137	"08:33:43"	376.0	-4.85	6.33	480	33.9	1.69	6	1	2.84	33.42	32.94	33.38	499.72	488.01	0.049	32.858	0.10	64.70	600.0	-0	311	101.8	6.05	0.0032	1.0	111115
138	"08:33:44"	377.0	-4.77	6.29	479	33.9	1.69	6	1	2.84	33.42	32.94	33.38	499.73	487.96	0.049	32.837	0.10	64.66	600.0	-0	311	101.8	6.05	0.0032	1.0	111115
139	"08:33:45"	378.5	-4.89	6.24	480	33.9	1.69	6	1	2.84	33.42	32.94	33.38	499.69	488.04	0.049	32.815	0.10	64.61	600.0	-0	311	101.8	6.05	0.0032	1.0	111115
140	"08:33:46"	379.5	-4.95	6.22	480	33.9	1.7	6	1	2.84	33.42	32.94	33.38	499.65	488.08	0.049	32.799	0.10	64.58	600.0	-0	311	101.8	6.05	0.0032	1.0	111115
141	"08:33:48"	381.0	-5.09	6.18	480	33.8	1.7	6	1	2.84	33.42	32.94	33.38	499.54	488.11	0.048	32.775	0.09	64.53	600.0	-0	312	101.8	6.05	0.0032	1.0	111115
142	"08:33:49"	382.0	-4.98	6.14	480	33.8	1.7	6	1	2.84	33.42	32.94	33.38	499.58	488.05	0.049	32.754	0.10	64.49	600.0	0	312	101.8	6.05	0.0032	1.0	111115
143	"08:33:50"	383.5	-5.05	6.1	480	33.8	1.7	6	1	2.84	33.42	32.94	33.38	499.50	488.07	0.048	32.727	0.10	64.44	600.0	-0	313	101.8	6.05	0.0032	1.0	111115
144	"08:33:51"	384.5	-5.04	6.07	480	33.8	1.7	6	1	2.84	33.42	32.94	33.38	499.51	488.07	0.048	32.709	0.09	64.40	600.0	-0	313	101.8	6.05	0.0032	1.0	111115
145	"08:33:53"	386.0	-4.97	6.04	480	33.7	1.71	6	1	2.84	33.42	32.94	33.38	499.56	488.06	0.048	32.688	0.10	64.37	600.0	-0	314	101.8	6.05	0.0032	1.0	111115
146	"08:33:54"	387.0	-4.91	6.01	479	33.7	1.71	6	1	2.84	33.42	32.94	33.38	499.58	488.03	0.049	32.670	0.10	64.33	600.0	-0	314	101.8	6.05	0.0032	0.7	111115
147	"08:33:55"	388.5	-4.81	5.96	479	33.7	1.71	6	1	2.84	33.42	32.94	33.38	499.65	488.01	0.050	32.645	0.10	64.28	600.0	-0	315	101.8	6.05	0.0032	0.7	111115
148	"08:33:56"	389.5	-4.79	5.93	479	33.7	1.71	6	1	2.84	33.42	32.94	33.38	499.68	488.03	0.050	32.630	0.10	64.25	600.0	-0	316	101.8	6.05	0.0032	0.7	111115
149	"08:33:58"	391.0	-4.61	5.89	479	33.7	1.72	6	1	2.84	33.42	32.94	33.38	499.77	487.95	0.050	32.607	0.10	64.20	600.0	-0	318	101.8	6.05	0.0032	0.7	111115
150	"08:33:59"	392.0	-4.68	5.85	479	33.6	1.72	6	1	2.84	33.42	32.94	33.38	499.74	488.01	0.050	32.589	0.10	64.16	600.0	-0	319	101.8	6.05	0.0032	0.7	111115
151	"08:34:00"	393.5	-4.63	5.82	479	33.6	1.72	6	1	2.84	33.42	32.94	33.38	499.76	487.98	0.051	32.566	0.10	64.12	600.0	-0	324	101.8	6.05	0.0032	0.7	111115
152	"08:34:01"	394.5	-4.62	5.78	479	33.6	1.72	6	1	2.84	33.42	32.95	33.39	499.79	488.02	0.051	32.549	0.10	64.08	600.0	-0	329	101.8	6.05	0.0032	1.0	111115
153	"08:34:03"	396.0	-4.46	5.74	479	33.6	1.73	6	1	2.84	33.42	32.95	33.39	499.85	487.94	0.050	32.526	0.10	64.04	600.0	-0	341	101.8	6.05	0.0032	1.0	111115
154	"08:34:04"	396.5	-4.41	5.71	479	33.6	1.73	6	1	2.84	33.42	32.95	33.39	499.86	487.90	0.051	32.514	0.10	64.01	600.0	-0	347	101.8	6.05	0.0032	1.0	111115
155	"08:34:05"	398.0	-4.53	5.67	479	33.5	1.73	6	1	2.84	33.42	32.95	33.39	499.78	487.95	0.051	32.491	0.10	63.96	600.0	-0	365	101.8	6.05	0.0032	1.0	111115
156	"08:34:06"	399.5	-4.69	5.63	479	33.5	1.73	6	1	2.84	33.42	32.95	33.39	499.69	488.03	0.051	32.465	0.10	63.91	600.0	0	382	101.8	6.05	0.0032	1.0	111115
157	"08:34:07"	400.5	-4.76	5.61	479	33.5	1.73	6	1	2.84	33.42	32.95	33.39	499.65	488.07	0.051	32.453	0.10	63.88	600.0	-0	391	101.8	6.05	0.0032	1.0	111115
158	"08:34:09"	402.0	-4.76	5.58	479	33.5	1.74	6	1	2.84	33.42	32.96	33.39	499.64	488.06	0.051	32.435	0.10	63.85	600.0	-0	400	101.8	6.05	0.0032	1.0	111115
159	"08:34:10"	403.0	-4.85	5.56	479	33.5	1.74	6	1	2.84	33.42	32.96	33.39	499.59	488.10	0.051	32.420	0.10	63.82	600.0	-0	403	101.8	6.05	0.0032	1.0	111115
160	"08:34:11"	404.5	-4.85	5.54	479	33.4	1.74	6	1	2.84	33.42	32.96	33.39	499.57	488.10	0.050	32.405	0.10	63.78	600.0	-0	405	101.8	6.05	0.0032	1.0	111115
161	"08:34:12"	405.5	-4.87	5.51	479	33.4	1.74	6	1	2.84	33.42	32.96	33.39	499.57	488.13	0.050	32.391	0.10	63.76	600.0	-0	406	101.8	6.05	0.0032	1.0	111115
162	"08:34:14"	407.0	-4.68	5.48	479	33.4	1.74	6	1	2.84	33.42	32.96	33.39	499.64	488.03	0.050	32.371	0.10	63.72	600.0	-0	406	101.8	6.05	0.0032	1.0	111115
163	"08:34:15"	408.0	-4.66	5.46	479	33.4	1.75	6	1	2.84	33.42	32.96	33.39	499.64	488.01	0.050	32.355	0.10	63.68	600.0	0	406	101.8	6.05	0.0032	1.0	111115
164	"08:34:16"	409.5	-4.74	5.43	479	33.4	1.75	6	1	2.84	33.42	32.96	33.39	499.61	488.07	0.049	32.336	0.10	63.64	600.0	-0	405	101.8	6.05	0.0032	1.0	111115
165	"08:34:17"	410.5	-4.76	5.41	479	33.3	1.75	6	1	2.84	33.43	32.96	33.39	499.60	488.09	0.049	32.322	0.10	63.61	600.0	-0	404	101.8	6.05	0.0032	1.0	111115
166	"08:34:19"	412.0	-4.73	5.38	479	33.3	1.75	6	1	2.84	33.43	32.96	33.39	499.67	488.13	0.050	32.306	0.10	63.58	600.0	-0	403	101.8	6.05	0.0032	1.0	111115
167	"08:34:20"	413.0	-4.59	5.36	479	33.3	1.75	6	1	2.84	33.43	32.96	33.39	499.76	488.08	0.050	32.294	0.10	63.55	600.0	-0	402	101.8	6.05	0.0032	1.0	111115
168	"08:34:21"	414.5	-4.54	5.33	479	33.3	1.76	6	1	2.84	33.43	32.96	33.39	499.81	488.10	0.051	32.271	0.10	63.50	600.0	-0	398	101.8	6.05	0.0032	1.0	111115
169	"08:34:22"	415.5	-4.48	5.32	479	33.3	1.76	6	1	2.84	33.43	32.96	33.39	499.84	488.07	0.051	32.262	0.10	63.49	600.0	-0	396	101.8	6.05	0.0032	1.0	111115
170	"08:34:24"	417.0	-4.53	5.29	479	33.3	1.76	6	1	2.84	33.43	32.96	33.39	499.78	488.08	0.051	32.244	0.10	63.45	600.0	-0	391	101.8	6.05	0.0032	1.0	111115
171	"08:34:25"	418.0	-4.53	5.28	479	33.3	1.76	6	1	2.84	33.43	32.96	33.39	499.80	488.10	0.051	32.235	0.10	63.43	600.0	-0	387	101.8	6.05	0.0032	1.0	111115
172	"08:34:26"	419.5	-4.51	5.25	479	33.2	1.76	6	1	2.84	33.43	32.97	33.39	499.80	488.08	0.050	32.217	0.10	63.39	600.0	-0	379	101.8	6.05	0.0032	1.0	111115
173	"08:34:27"	420.5	-4.52	5.23	479	33.2	1.76	6	1	2.84	33.43	32.97	33.39	499.79	488.09	0.050	32.205	0.10	63.36	600.0	-0	373	101.8	6.05	0.0032	1.0	111115
174	"08:34:29"	422.0	-4.54	5.2	479	33.2	1.77	6	1	2.84	33.43	32.97	33.40	499.73	488.06	0.050	32.189	0.10	63.33	600.0	-0	365	101.8	6.05	0.0032	1.0	111115
175	"08:34:30"	423.0	-4.53	5.19	479	33.2	1.77	6	1	2.84	33.43	32.97	33.40	499.71	488.04	0.051	32.181	0.10	63.31	600.0	-0	362	101.8	6.05	0.0032	1.0	111115
176	"08:34:31"	424.5	-4.54	5.16	479	33.2	1.77	6	1	2.84	33.43	32.97	33.40	499.74	488.09	0.051	32.163	0.10	63.27	600.0	0	355	101.8	6.05	0.0032	1.0	111115
177	"08:34:32"	425.5	-4.44	5.14	479	33.2	1.77	6	1	2.84	33.43	32.97	33.40	499.79	488.04	0.051	32.152	0.10	63.25	600.0	0	349	101.8	6.05	0.0032	1.0	111115
178	"08:34:34"	427.0	-4.53	5.11	479	33.1	1.77	6	1	2.84	33.43	32.97	33.40	499.74	488.10	0.051	32.125	0.10	63.20	600.0	0	341	101.8	6.05	0.0032	1.0	111115
179	"08:34:35"	428.0	-4.57	5.1	479	33.1	1.77	6	1	2.84	33.43	32.97	33.40	499.69	488.09	0.051	32.114	0.10	63.17	600.0	0	336	101.8	6.05	0.0032	1.0	111115
180	"08:34:36"	429.5	-4.74	5.07	479	33.1	1.78	6	1	2.84	33.44	32.97	33.40	499.61	488.19	0.051	32.095	0.10	63.13	600.0	-0	334	101.8	6.05	0.0032	1.0	111115
181	"08:34:37"	430.5	-4.7	5.06	479	33.1	1.78	6	1	2.84	33.44	32.97	33.40	499.63	488.17	0.051	32.089	0.10	63.12	600.0	-0	334	101.8	6.05	0.0032	1.0	111115
182	"08:34:39"	432.0	-4.64	5.03	479	33.1	1.78	6	1	2.84	33.44	32.98	33.40	499.69	488.18	0.051	32.071	0.10	63.08	600.0	-0	334	101.8	6.05	0.0032	1.0	111115
183	"08:34:40"	433.0	-4.51	5.01	479	33.1	1.78	6	1	2.84	33.44	32.98	33.40	499.74	488.11	0.052	32.060	0.10	63.06	600.0	-0	335	101.8	6.05	0.0032	1.0	111115
184	"08:34:41"	434.5	-4.52	4.98	479	33	1.78	6	1	2.84	33.44	32.98	33.40	499.71	488.10	0.051	32.039	0.10	63.01	600.0	-0	336	101.8	6.05	0.0032	1.0	111115
185	"08:34:42"	435.5	-4.6	4.97	479	33	1.79	6	1	2.84	33.44	32.98	33.40	499.66	488.13	0.051	32.030	0.10	62.99	600.0	-0	338	101.8	6.05	0.0032	1.0	111115
186	"08:34:44"	437.0	-4.57	4.94	479	33	1.79	6	1	2.84	33.44	32.99	33.40	499.71	488.17	0.051	32.006	0.10	62.94	600.0	-0	341	101.8	6.05	0.0032	1.0	111115
187	"08:34:45"	438.0	-4.61	4.92	479	33	1.79	6	1	2.84	33.44	32.99	33.40	499.70	488.20	0.051	31.996	0.10	62.92	600.0	-0	343	101.8	6.05	0.0032	1.0	111115
188	"08:34:46"	439.5	-4.47	4.89	479	33	1.79	6	1	2.84	33.44	32.99	33.40	499.79	488.16	0.052	31.974	0.10	62.88	600.0	-0	346	101.8	6.05	0.0032	1.0	111115
189	"08:34:47"	440.5	-4.53	4.88	479	33	1.79	6	1	2.84	33.44	32.99	33.40	499.71	488.14	0.052	31.964	0.10	62.86	600.0	-0	349	101.8	6.05	0.0032	1.0	111115
190	"08:34:49"	442.0	-4.5	4.85	479	32.9	1.8	6	1	2.84	33.44	32.99	33.40	499.69	488.11	0.053	31.944	0.10	62.81	600.0	0	352	101.8	6.05	0.0032	1.0	111115
191	"08:34:50"	443.0	-4.58	4.84	479	32.9	1.8	6	1	2.84	33.44	32.99	33.40	499.63	488.14	0.052	31.932	0.10	62.79	600.0	-0	356	101.8	6.05	0.0032	1.0	111115
192	"08:34:51"	444.5	-4.53	4.8	479	32.9	1.8	6	1	2.84	33.44	32.99	33.40	499.65	488.12	0.053	31.908	0.10	62.74	600.0	-0	367	101.8	6.05	0.0032	1.0	111115
193	"08:34:52"	445.5	-4.58	4.79	479	32.9	1.8	6	1	2.84	33.44	33.00	33.40	499.65	488.17	0.052	31.902	0.10	62.73	600.0	-0	379	101.8	6.05	0.0032	1.0	111115
194	"08:34:54"	447.0	-4.49	4.76	479	32.9	1.8	6	1	2.84	33.44	33.00	33.40	499.74	488.18	0.051	31.880	0.10	62.68	600.0	-0	398	101.8	6.05	0.0032	1.0	111115
195	"08:34:55"	448.0	-4.51	4.75	479	32.9	1.81	6	1	2.84	33.44	33.00	33.40	499.76	488.23	0.051	31.873	0.10	62.67	600.0	-0	408	101.8	6.05	0.0032	1.0	111115
196	"08:34:56"	449.5	-4.43	4.74	479	32.9	1.81	6	1	2.84	33.44	33.00	33.40	499.77	488.16	0.052	31.856	0.10	62.63	600.0	-0	415	101.8	6.05	0.0032	1.0	111115
197	"08:34:57"	450.5	-4.45	4.72	479	32.8	1.81	6	1	2.84	33.44	33.00	33.40	499.70	488.13	0.052	31.844	0.10	62.61	600.0	-0	417	101.8	6.05	0.0032	1.0	111115
198	"08:34:59"	452.0	-4.46	4.7	479	32.8	1.81	6	1	2.84	33.45	33.00	33.40	499.64	488.09	0.052	31.825	0.10	62.56	600.0	-0	417	101.8	6.05	0.0032	1.0	111115
199	"08:35:00"	453.0	-4.48	4.68	479	32.8	1.81	6	1	2.84	33.45	33.00	33.40	499.68	488.14	0.052	31.815	0.10	62.54	600.0	-0	417	101.8	6.05	0.0032	1.0	111115
200	"08:35:01"	454.5	-4.55	4.66	479	32.8	1.81	6	1	2.84	33.45	33.00	33.40	499.71	488.25	0.052	31.796	0.10	62.50	600.0	-0	416	101.8	6.05	0.0032	1.0	111115
201	"08:35:02"	455.5	-4.43	4.65	479	32.8	1.82	6	1	2.84	33.45	33.00	33.40	499.81	488.23	0.052	31.788	0.10	62.48	600.0	-0	416	101.8	6.05	0.0032	1.0	111115
202	"08:35:03"	456.0	-4.4	4.64	479	32.8	1.82	6	1	2.84	33.45	33.00	33.40	499.81	488.21	0.052	31.779	0.10	62.47	600.0	-0	416	101.8	6.05	0.0032	1.0	111115
203	"08:35:05"	458.0	-4.42	4.61	479	32.7	1.82	6	1	2.84	33.45	33.01	33.41	499.76	488.19	0.052	31.760	0.10	62.43	600.0	-0	415	101.8	6.05	0.0032	1.0	111115
204	"08:35:06"	459.0	-4.4	4.59	479	32.7	1.82	6	1	2.84	33.45	33.01	33.41	499.75	488.16	0.052	31.749	0.10	62.40	600.0	-0	415	101.8	6.05	0.0032	1.0	111115
205	"08:35:07"	460.5	-4.41	4.58	479	32.7	1.82	6	1	2.84	33.45	33.01	33.41	499.77	488.20	0.052	31.739	0.10	62.38	600.0	-0	415	101.8	6.05	0.0032	1.0	111115
206	"08:35:08"	461.5	-4.35	4.57	479	32.7	1.82	6	1	2.84	33.45	33.01	33.41	499.82	488.20	0.052	31.725	0.10	62.35	600.0	-0	415	101.8	6.05	0.0032	1.0	111115
207	"08:35:10"	463.0	-4.31	4.55	479	32.7	1.83	6	1	2.84	33.45	33.01	33.41	499.84	488.19	0.052	31.705	0.10	62.31	600.0	-0	415	101.8	6.05	0.0032	1.0	111115
208	"08:35:11"	464.0	-4.29	4.53	479	32.7	1.83	6	1	2.84	33.45	33.01	33.41	499.81	488.15	0.052	31.691	0.10	62.28	600.0	-0	415	101.8	6.05	0.0032	1.0	111115
209	"08:35:12"	465.5	-4.28	4.51	478	32.7	1.83	6	1	2.84	33.45	33.02	33.41	499.79	488.13	0.052	31.680	0.10	62.25	600.0	-0	415	101.8	6.05	0.0032	1.0	111115
210	"08:35:13"	466.5	-4.23	4.5	478	32.7	1.83	6	1	2.84	33.46	33.02	33.41	499.82	488.12	0.053	31.673	0.10	62.23	600.0	-0	415	101.8	6.05	0.0032	1.0	111115
211	"08:35:15"	468.0	-4.2	4.49	478	32.6	1.83	6	1	2.84	33.46	33.02	33.41	499.89	488.16	0.053	31.660	0.10	62.20	600.0	-0	415	101.8	6.05	0.0032	1.0	111115
212	"08:35:16"	469.0	-4.23	4.48	479	32.6	1.83	6	1	2.84	33.46	33.02	33.41	499.90	488.20	0.053	31.650	0.10	62.18	600.0	-0	415	101.8	6.05	0.0032	1.0	111115
213	"08:35:17"	470.5	-4.2	4.46	478	32.6	1.84	6	1	2.84	33.46	33.02	33.41	499.91	488.18	0.054	31.636	0.11	62.15	600.0	-0	415	101.8	6.05	0.0032	1.0	111115
214	"08:35:18"	471.5	-4.17	4.44	478	32.6	1.84	6	1	2.84	33.46	33.02	33.42	499.91	488.17	0.054	31.627	0.11	62.13	600.0	-0	415	101.8	6.05	0.0032	1.0	111115
215	"08:35:20"	473.0	-4.21	4.43	478	32.6	1.84	6	1	2.84	33.46	33.03	33.42	499.89	488.19	0.053	31.614	0.10	62.10	600.0	-0	415	101.8	6.05	0.0032	1.0	111115
216	"08:35:21"	474.0	-4.28	4.41	479	32.6	1.84	6	1	2.84	33.46	33.03	33.42	499.84	488.21	0.052	31.604	0.10	62.07	600.0	-0	416	101.8	6.05	0.0032	1.0	111115
217	"08:35:22"	475.5	-4.48	4.4	479	32.6	1.84	6	1	2.84	33.46	33.03	33.42	499.72	488.30	0.053	31.589	0.10	62.04	600.0	-0	416	101.8	6.05	0.0032	1.0	111115
218	"08:35:23"	476.5	-4.42	4.38	479	32.6	1.85	6	1	2.84	33.46	33.03	33.42	499.71	488.24	0.054	31.578	0.11	62.02	600.0	-0	416	101.8	6.05	0.0032	1.0	111115
219	"08:35:25"	478.0	-4.33	4.36	479	32.5	1.85	6	1	2.84	33.47	33.03	33.42	499.81	488.25	0.054	31.563	0.11	61.98	600.0	-0	417	101.8	6.05	0.0032	1.0	111115
220	"08:35:26"	479.0	-4.27	4.35	479	32.5	1.85	6	1	2.84	33.47	33.04	33.42	499.87	488.26	0.053	31.555	0.10	61.96	600.0	-0	417	101.8	6.05	0.0032	1.0	111115
221	"08:35:27"	480.5	-4.33	4.33	479	32.5	1.85	6	1	2.84	33.47	33.04	33.42	499.88	488.33	0.054	31.543	0.11	61.93	600.0	-0	417	101.8	6.05	0.0032	1.0	111115
222	"08:35:28"	481.5	-4.48	4.32	479	32.5	1.85	6	1	2.84	33.47	33.04	33.42	499.77	488.38	0.053	31.532	0.10	61.91	600.0	-0	417	101.8	6.05	0.0032	1.0	111115
223	"08:35:30"	483.0	-4.61	4.3	479	32.5	1.86	6	1	2.84	33.47	33.04	33.42	499.67	488.41	0.054	31.520	0.11	61.88	600.0	-0	417	101.8	6.05	0.0032	1.0	111115
224	"08:35:31"	484.0	-4.57	4.29	479	32.5	1.86	6	1	2.84	33.47	33.04	33.42	499.70	488.40	0.054	31.509	0.11	61.85	600.0	-0	417	101.8	6.05	0.0032	1.0	111115
225	"08:35:32"	485.5	-4.51	4.27	479	32.5	1.86	6	1	2.84	33.47	33.05	33.43	499.76	488.42	0.054	31.492	0.11	61.81	600.0	-0	418	101.8	6.05	0.0032	0.7	111115
226	"08:35:33"	486.5	-4.47	4.26	479	32.5	1.86	6	1	2.84	33.47	33.05	33.43	499.77	488.40	0.054	31.483	0.11	61.80	600.0	-0	418	101.8	6.05	0.0032	1.0	111115
227	"08:35:35"	488.0	-4.3	4.24	479	32.4	1.86	6	1	2.84	33.48	33.05	33.43	499.89	488.36	0.054	31.466	0.11	61.76	600.0	-0	418	101.8	6.05	0.0032	1.0	111115
228	"08:35:36"	489.0	-4.16	4.23	478	32.4	1.86	6	1	2.84	33.48	33.05	33.43	499.98	488.30	0.054	31.457	0.11	61.74	600.0	-0	418	101.8	6.05	0.0032	1.0	111115
229	"08:35:37"	490.5	-4.03	4.22	478	32.4	1.87	6	1	2.84	33.48	33.05	33.43	500.09	488.29	0.055	31.444	0.11	61.71	600.0	-0	419	101.8	6.05	0.0032	1.0	111115
230	"08:35:38"	491.5	-4.05	4.21	478	32.4	1.87	6	1	2.84	33.48	33.06	33.43	500.06	488.29	0.055	31.438	0.11	61.69	600.0	-0	419	101.8	6.05	0.0032	1.0	111115
231	"08:35:40"	493.0	-3.99	4.2	478	32.4	1.87	6	1	2.84	33.48	33.06	33.43	500.02	488.20	0.054	31.429	0.11	61.67	599.9	-0	419	101.8	6.05	0.0032	1.0	111115
232	"08:35:41"	493.5	-3.97	4.19	478	32.4	1.87	6	1	2.84	33.48	33.06	33.43	500.03	488.19	0.055	31.426	0.11	61.66	600.0	-0	419	101.8	6.05	0.0032	1.0	111115
233	"08:35:42"	495.5	-4.09	4.17	478	32.4	1.87	6	1	2.84	33.48	33.06	33.43	499.93	488.22	0.055	31.405	0.11	61.61	600.0	0	420	101.8	6.05	0.0032	1.0	111115
234	"08:35:43"	496.5	-4.13	4.16	478	32.4	1.87	6	1	2.84	33.48	33.06	33.43	499.92	488.25	0.056	31.394	0.11	61.59	600.0	0	420	101.8	6.05	0.0032	1.0	111115
235	"08:35:45"	498.0	-4.37	4.15	479	32.3	1.87	6	1	2.84	33.48	33.06	33.43	499.78	488.36	0.054	31.380	0.11	61.56	600.0	0	421	101.8	6.05	0.0032	1.0	111115
236	"08:35:46"	499.0	-4.33	4.13	479	32.3	1.88	6	1	2.84	33.48	33.06	33.43	499.82	488.37	0.055	31.365	0.11	61.53	600.0	0	421	101.8	6.05	0.0032	1.0	111115
237	"08:35:47"	500.5	-4.34	4.12	479	32.3	1.88	6	1	2.84	33.49	33.07	33.44	499.84	488.40	0.054	31.354	0.11	61.50	600.0	-0	422	101.8	6.05	0.0032	1.0	111115
238	"08:35:48"	501.5	-4.28	4.1	478	32.3	1.88	6	1	2.84	33.49	33.07	33.44	499.87	488.38	0.054	31.342	0.11	61.47	600.0	-0	421	101.8	6.05	0.0032	1.0	111115
239	"08:35:50"	503.0	-4.33	4.1	479	32.3	1.88	6	1	2.84	33.49	33.07	33.44	499.82	488.37	0.055	31.337	0.11	61.46	600.0	-0	420	101.8	6.05	0.0032	1.0	111115
240	"08:35:51"	504.0	-4.29	4.08	478	32.3	1.88	6	1	2.84	33.49	33.07	33.44	499.83	488.36	0.055	31.327	0.11	61.44	600.0	-0	418	101.8	6.05	0.0032	1.0	111115
241	"08:35:52"	505.5	-4.18	4.07	478	32.3	1.88	6	1	2.84	33.49	33.08	33.44	499.89	488.32	0.055	31.317	0.11	61.42	600.0	-0	411	101.8	6.05	0.0032	1.0	111115
242	"08:35:53"	506.5	-4.05	4.06	478	32.3	1.89	6	1	2.84	33.49	33.08	33.44	500.00	488.29	0.056	31.303	0.11	61.39	600.0	-0	403	101.8	6.05	0.0032	1.0	111115
