"OPEN 5.3.2"
"Thr Aug  2 2018 13:48:13"
"Unit="	"PSC-895"
"ComputeList="	"/User/Configs/Comps/Default"
"BLCTable="	"/Sys/Lib/StdBLCTable"
"LightSource="	"Sun+Sky"	1	0.19
"LogFormat="	"/User/Configs/LogFormats/Std Output"
"LogCodes="	-35	-21	-36	30	23	36	21	25	-33	-34	-32	-9	-10	-8	-1	-2	-4	-5	-14	-15	-7	-12	-13	-11	-65	-66	-72	-23
"PromptList="	"/User/Configs/Prompts/Default (none)"
"Stability= (CO2S 15s SLP<1)(H2OS 15s SLP<1)(Flow 15s SLP<1)"
"13:48:14 co2 500 flow 600"
$STARTOFDATA$
"Obs"	"HHMMSS"	"FTime"	"Photo"	"Cond"	"Ci"	"Trmmol"	"VpdL"	"Area"	"StmRat"	"BLCond"	"Tair"	"Tleaf"	"TBlk"	"CO2R"	"CO2S"	"H2OR"	"H2OS"	"RH_R"	"RH_S"	"Flow"	"PARi"	"PARo"	"Press"	"CsMch"	"HsMch"	"StableF"	"Status"
1	"13:50:20"	138.5	-7.08	0.533	490	18.3	3.96	6	1	2.84	37.43	36.61	37.50	499.29	497.28	3.895	21.780	6.12	34.24	599.9	0	38	101.5	10.8	0.0565	0.3	111115
2	"13:50:28"	147.0	-7.98	0.538	494	18.4	3.95	6	1	2.84	37.42	36.60	37.48	499.48	498.31	3.928	21.879	6.18	34.42	600.0	-0	38	101.5	10.8	0.0565	0.3	111115
3	"13:50:29"	148.0	-8.02	0.538	494	18.4	3.95	6	1	2.84	37.42	36.60	37.48	499.39	498.27	3.930	21.879	6.18	34.42	600.0	0	38	101.5	10.8	0.0565	0.7	111115
4	"13:50:30"	149.5	-8.1	0.538	495	18.3	3.95	6	1	2.84	37.42	36.60	37.48	499.39	498.34	3.932	21.876	6.19	34.42	600.0	-0	39	101.5	10.8	0.0565	1.0	111115
5	"13:50:31"	150.5	-8	0.538	495	18.3	3.95	6	1	2.84	37.41	36.60	37.48	499.50	498.36	3.935	21.876	6.19	34.42	600.0	-0	39	101.5	10.8	0.0565	1.0	111115
6	"13:50:33"	152.0	-7.97	0.537	495	18.3	3.95	6	1	2.84	37.41	36.60	37.47	499.70	498.53	3.939	21.871	6.20	34.42	600.0	-0	39	101.5	10.8	0.0565	0.7	111115
7	"13:50:34"	153.0	-7.82	0.536	494	18.3	3.95	6	1	2.84	37.41	36.60	37.47	499.89	498.58	3.942	21.865	6.20	34.41	600.0	-0	40	101.5	10.8	0.0565	0.7	111115
8	"13:50:35"	154.5	-7.77	0.535	494	18.3	3.95	6	1	2.84	37.41	36.60	37.47	500.07	498.72	3.948	21.852	6.21	34.39	600.0	-0	40	101.5	10.8	0.0565	0.7	111115
9	"13:50:36"	155.5	-7.77	0.535	494	18.3	3.95	6	1	2.84	37.41	36.60	37.47	500.15	498.79	3.952	21.841	6.22	34.38	600.0	-0	40	101.5	10.8	0.0565	0.7	111115
10	"13:50:38"	157.0	-7.83	0.534	495	18.3	3.95	6	1	2.84	37.40	36.60	37.46	500.16	498.88	3.957	21.830	6.23	34.37	600.0	-0	40	101.5	10.8	0.0565	0.7	111115
11	"13:50:39"	158.0	-7.87	0.534	495	18.3	3.95	6	1	2.84	37.40	36.60	37.46	500.16	498.92	3.961	21.825	6.24	34.36	600.0	-0	40	101.5	10.8	0.0565	0.7	111115
12	"13:50:40"	159.5	-7.87	0.533	495	18.2	3.96	6	1	2.84	37.40	36.60	37.46	500.26	499.03	3.966	21.810	6.24	34.34	600.0	-0	40	101.5	10.8	0.0565	0.7	111115
13	"13:50:41"	160.5	-7.87	0.532	495	18.2	3.96	6	1	2.84	37.40	36.60	37.46	500.31	499.08	3.970	21.802	6.25	34.33	600.0	-0	40	101.5	10.8	0.0565	0.7	111115
14	"13:50:43"	162.0	-7.91	0.532	495	18.2	3.96	6	1	2.84	37.40	36.59	37.46	500.35	499.17	3.975	21.792	6.26	34.32	600.0	-0	40	101.5	10.8	0.0565	0.7	111115
15	"13:50:44"	163.0	-7.95	0.531	495	18.2	3.96	6	1	2.84	37.40	36.59	37.46	500.31	499.18	3.979	21.784	6.27	34.31	600.0	-0	39	101.5	10.8	0.0565	0.7	111115
16	"13:50:45"	164.5	-8.11	0.53	496	18.2	3.96	6	1	2.84	37.39	36.59	37.45	500.24	499.27	3.983	21.770	6.27	34.29	599.9	0	39	101.5	10.8	0.0565	0.7	111115
17	"13:50:46"	165.5	-8.22	0.53	496	18.2	3.96	6	1	2.84	37.39	36.59	37.45	500.19	499.34	3.986	21.759	6.28	34.28	599.9	0	39	101.5	10.8	0.0565	0.7	111115
18	"13:50:48"	167.0	-8.31	0.529	497	18.1	3.96	6	1	2.84	37.39	36.58	37.45	500.20	499.45	3.991	21.740	6.29	34.25	599.9	-0	39	101.5	10.8	0.0565	0.7	111115
19	"13:50:49"	168.0	-8.35	0.528	497	18.1	3.96	6	1	2.84	37.39	36.58	37.45	500.24	499.54	3.995	21.728	6.29	34.24	599.9	-0	39	101.5	10.8	0.0565	0.7	111115
20	"13:50:50"	169.5	-8.46	0.528	498	18.1	3.96	6	1	2.84	37.39	36.58	37.45	500.20	499.62	4.001	21.712	6.30	34.22	599.9	-0	39	101.5	10.8	0.0565	0.7	111115
21	"13:50:51"	170.5	-8.5	0.527	498	18.1	3.96	6	1	2.84	37.38	36.58	37.44	500.16	499.62	4.004	21.700	6.31	34.20	600.0	-0	39	101.5	10.8	0.0565	0.7	111115
22	"13:50:53"	172.0	-8.48	0.526	498	18.1	3.96	6	1	2.84	37.38	36.58	37.44	500.17	499.62	4.010	21.680	6.32	34.17	600.0	-0	39	101.5	10.8	0.0565	0.7	111115
23	"13:50:54"	173.0	-8.55	0.525	498	18	3.96	6	1	2.84	37.38	36.58	37.44	500.18	499.71	4.015	21.667	6.33	34.15	600.0	-0	39	101.5	10.8	0.0565	0.7	111115
24	"13:50:55"	174.5	-8.37	0.524	498	18	3.96	6	1	2.84	37.38	36.57	37.44	500.30	499.67	4.020	21.650	6.34	34.13	600.0	-0	39	101.5	10.8	0.0565	0.7	111115
25	"13:50:56"	175.5	-8.49	0.523	498	18	3.96	6	1	2.84	37.38	36.58	37.44	500.25	499.74	4.024	21.640	6.34	34.12	600.0	-0	39	101.5	10.8	0.0565	0.7	111115
26	"13:50:58"	177.0	-8.51	0.522	498	18	3.97	6	1	2.84	37.38	36.58	37.43	500.24	499.76	4.028	21.624	6.35	34.10	599.9	-0	39	101.5	10.8	0.0565	0.7	111115
27	"13:50:59"	178.0	-8.61	0.521	499	18	3.97	6	1	2.84	37.37	36.58	37.43	500.19	499.82	4.033	21.610	6.36	34.08	599.9	-0	39	101.5	10.8	0.0565	0.7	111115
28	"13:51:00"	179.5	-8.64	0.52	499	17.9	3.97	6	1	2.84	37.37	36.58	37.43	500.19	499.85	4.038	21.597	6.37	34.06	600.0	-0	39	101.5	10.8	0.0565	0.7	111115
29	"13:51:01"	180.5	-8.59	0.519	499	17.9	3.97	6	1	2.84	37.37	36.58	37.43	500.23	499.86	4.042	21.583	6.37	34.04	600.0	-0	39	101.5	10.8	0.0565	0.7	111115
30	"13:51:03"	182.0	-8.61	0.519	499	17.9	3.97	6	1	2.84	37.37	36.59	37.43	500.24	499.89	4.048	21.574	6.38	34.03	600.0	0	39	101.5	10.8	0.0565	0.7	111115
31	"13:51:04"	183.0	-8.59	0.518	499	17.9	3.98	6	1	2.84	37.37	36.59	37.43	500.26	499.90	4.052	21.560	6.39	34.01	600.1	0	38	101.5	10.8	0.0565	0.7	111115
32	"13:51:05"	184.5	-8.77	0.517	499	17.9	3.98	6	1	2.84	37.37	36.58	37.42	500.18	500.01	4.057	21.544	6.40	33.99	600.0	0	38	101.5	10.8	0.0565	0.7	111115
33	"13:51:06"	185.5	-8.8	0.516	500	17.9	3.98	6	1	2.84	37.37	36.58	37.42	500.18	500.05	4.061	21.531	6.41	33.97	600.0	0	38	101.5	10.8	0.0565	0.7	111115
34	"13:51:08"	187.0	-8.8	0.515	500	17.8	3.98	6	1	2.84	37.36	36.57	37.42	500.20	500.09	4.066	21.512	6.42	33.94	600.0	0	38	101.5	10.8	0.0565	0.7	111115
35	"13:51:09"	188.0	-8.74	0.515	500	17.8	3.98	6	1	2.84	37.36	36.57	37.42	500.27	500.10	4.069	21.500	6.42	33.93	600.0	0	38	101.5	10.8	0.0565	0.7	111115
36	"13:51:10"	189.5	-8.72	0.514	499	17.8	3.98	6	1	2.84	37.36	36.56	37.42	500.27	500.10	4.075	21.483	6.43	33.90	600.0	-0	38	101.5	10.8	0.0565	0.7	111115
37	"13:51:11"	190.5	-8.67	0.514	499	17.8	3.98	6	1	2.84	37.36	36.56	37.42	500.27	500.05	4.080	21.473	6.44	33.89	600.0	-0	38	101.5	10.8	0.0565	0.7	111115
38	"13:51:13"	192.0	-8.71	0.513	500	17.8	3.98	6	1	2.84	37.36	36.56	37.41	500.25	500.09	4.086	21.458	6.45	33.87	599.9	0	38	101.5	10.8	0.0565	0.7	111115
39	"13:51:14"	193.0	-8.74	0.512	500	17.7	3.98	6	1	2.84	37.36	36.56	37.41	500.23	500.10	4.089	21.447	6.45	33.85	599.9	-0	38	101.5	10.8	0.0565	0.7	111115
40	"13:51:15"	194.5	-8.79	0.511	500	17.7	3.98	6	1	2.84	37.35	36.56	37.41	500.22	500.16	4.094	21.430	6.46	33.83	600.0	-0	38	101.5	10.8	0.0565	0.7	111115
41	"13:51:16"	195.5	-8.74	0.51	500	17.7	3.98	6	1	2.84	37.35	36.56	37.41	500.26	500.15	4.096	21.416	6.47	33.81	600.0	-0	37	101.5	10.8	0.0565	0.7	111115
42	"13:51:18"	197.0	-8.82	0.509	500	17.7	3.98	6	1	2.84	37.35	36.55	37.41	500.26	500.23	4.103	21.396	6.48	33.78	600.0	-0	37	101.5	10.8	0.0565	0.7	111115
43	"13:51:19"	198.0	-8.82	0.509	500	17.7	3.98	6	1	2.84	37.35	36.55	37.41	500.27	500.25	4.107	21.386	6.48	33.77	600.0	-0	37	101.5	10.8	0.0565	0.7	111115
44	"13:51:20"	199.5	-8.84	0.508	500	17.6	3.98	6	1	2.84	37.35	36.55	37.40	500.24	500.25	4.113	21.371	6.49	33.75	600.0	-0	37	101.5	10.8	0.0565	0.7	111115
45	"13:51:21"	200.5	-8.84	0.507	500	17.6	3.98	6	1	2.84	37.35	36.55	37.40	500.23	500.25	4.116	21.363	6.50	33.74	600.0	-0	37	101.5	10.8	0.0565	0.7	111115
46	"13:51:23"	202.0	-8.78	0.507	500	17.6	3.98	6	1	2.84	37.34	36.55	37.40	500.22	500.19	4.122	21.353	6.51	33.73	600.0	-0	37	101.5	10.8	0.0565	1.0	111115
47	"13:51:24"	203.0	-8.79	0.506	500	17.6	3.98	6	1	2.84	37.34	36.55	37.40	500.22	500.21	4.126	21.342	6.52	33.71	600.0	-0	37	101.5	10.8	0.0565	1.0	111115
48	"13:51:25"	204.5	-8.72	0.505	500	17.6	3.99	6	1	2.84	37.34	36.54	37.40	500.26	500.19	4.132	21.322	6.53	33.69	600.0	-0	37	101.5	10.8	0.0565	1.0	111115
49	"13:51:26"	205.5	-8.81	0.504	500	17.5	3.99	6	1	2.84	37.34	36.54	37.40	500.25	500.28	4.136	21.310	6.53	33.67	600.0	0	37	101.5	10.8	0.0565	1.0	111115
50	"13:51:28"	207.0	-8.71	0.504	500	17.5	3.99	6	1	2.84	37.34	36.54	37.39	500.31	500.25	4.140	21.296	6.54	33.65	600.0	-0	37	101.5	10.8	0.0565	1.0	111115
51	"13:51:29"	208.0	-8.77	0.503	500	17.5	3.99	6	1	2.84	37.33	36.54	37.39	500.28	500.30	4.144	21.286	6.55	33.64	600.0	0	37	101.5	10.8	0.0565	1.0	111115
52	"13:51:30"	209.5	-8.81	0.502	501	17.5	3.99	6	1	2.84	37.33	36.53	37.39	500.28	500.33	4.149	21.271	6.56	33.62	600.0	-0	36	101.5	10.8	0.0565	1.0	111115
53	"13:51:31"	210.0	-8.87	0.502	501	17.5	3.99	6	1	2.84	37.33	36.53	37.39	500.25	500.37	4.151	21.267	6.56	33.61	600.0	-0	36	101.5	10.8	0.0565	1.0	111115
54	"13:51:33"	212.0	-9.01	0.501	501	17.5	3.99	6	1	2.84	37.33	36.54	37.39	500.16	500.43	4.158	21.244	6.57	33.58	600.1	-0	36	101.5	10.8	0.0565	1.0	111115
55	"13:51:34"	213.0	-9.02	0.5	501	17.4	3.99	6	1	2.84	37.33	36.54	37.39	500.14	500.43	4.161	21.230	6.58	33.56	600.1	0	36	101.5	10.8	0.0565	1.0	111115
56	"13:51:35"	214.5	-8.89	0.499	501	17.4	3.99	6	1	2.84	37.33	36.54	37.38	500.19	500.36	4.167	21.211	6.59	33.54	600.1	-0	36	101.5	10.8	0.0565	1.0	111115
57	"13:51:36"	215.5	-8.79	0.498	501	17.4	4	6	1	2.84	37.32	36.54	37.38	500.26	500.34	4.171	21.202	6.60	33.52	600.0	0	36	101.5	10.8	0.0565	1.0	111115
58	"13:51:38"	217.0	-8.7	0.497	500	17.4	4	6	1	2.84	37.32	36.54	37.38	500.29	500.30	4.178	21.185	6.61	33.50	600.0	-0	36	101.5	10.8	0.0565	1.0	111115
59	"13:51:39"	218.0	-8.76	0.496	501	17.4	4	6	1	2.84	37.32	36.54	37.38	500.28	500.35	4.181	21.174	6.61	33.49	600.0	-0	36	101.5	10.8	0.0565	1.0	111115
60	"13:51:40"	219.5	-8.89	0.495	501	17.3	4	6	1	2.84	37.32	36.54	37.38	500.20	500.42	4.187	21.157	6.62	33.46	600.0	-0	36	101.5	10.8	0.0565	1.0	111115
61	"13:51:41"	220.5	-8.82	0.495	501	17.3	4	6	1	2.84	37.32	36.53	37.37	500.21	500.37	4.192	21.147	6.63	33.45	600.0	-0	36	101.5	10.8	0.0565	1.0	111115
62	"13:51:43"	222.0	-8.86	0.494	501	17.3	4	6	1	2.84	37.32	36.53	37.37	500.21	500.41	4.198	21.127	6.64	33.42	600.0	-0	35	101.5	10.8	0.0565	1.0	111115
63	"13:51:44"	223.0	-8.85	0.493	501	17.3	4	6	1	2.84	37.32	36.53	37.37	500.24	500.45	4.201	21.119	6.65	33.41	600.0	-0	35	101.5	10.8	0.0565	1.0	111115
64	"13:51:45"	224.5	-8.84	0.493	501	17.3	4	6	1	2.84	37.31	36.53	37.37	500.30	500.50	4.207	21.105	6.66	33.39	600.0	-0	35	101.5	10.8	0.0565	1.0	111115
65	"13:51:46"	225.5	-8.73	0.492	501	17.2	4	6	1	2.84	37.31	36.53	37.37	500.34	500.44	4.210	21.096	6.66	33.38	600.0	-0	35	101.5	10.8	0.0565	1.0	111115
66	"13:51:48"	227.0	-8.75	0.491	501	17.2	4.01	6	1	2.84	37.31	36.53	37.37	500.28	500.40	4.216	21.079	6.67	33.36	600.0	-0	35	101.5	10.8	0.0565	1.0	111115
67	"13:51:49"	228.0	-8.88	0.49	501	17.2	4.01	6	1	2.84	37.31	36.53	37.36	500.20	500.46	4.219	21.067	6.68	33.34	600.0	-0	35	101.5	10.8	0.0565	1.0	111115
68	"13:51:50"	229.5	-8.92	0.489	502	17.2	4.01	6	1	2.84	37.31	36.53	37.36	500.16	500.48	4.224	21.050	6.69	33.32	600.0	-0	34	101.5	10.8	0.0565	1.0	111115
69	"13:51:51"	230.5	-9.04	0.488	502	17.2	4.01	6	1	2.84	37.31	36.53	37.36	500.11	500.56	4.228	21.040	6.69	33.30	600.0	-0	33	101.5	10.8	0.0565	1.0	111115
70	"13:51:53"	232.0	-9.01	0.487	502	17.2	4.01	6	1	2.84	37.30	36.54	37.36	500.11	500.53	4.234	21.024	6.70	33.28	600.0	-0	31	101.5	10.8	0.0565	1.0	111115
71	"13:51:54"	233.0	-9.05	0.487	502	17.1	4.01	6	1	2.84	37.30	36.53	37.36	500.11	500.58	4.238	21.015	6.71	33.27	600.0	-0	29	101.5	10.8	0.0565	1.0	111115
72	"13:51:55"	234.5	-8.88	0.486	502	17.1	4.02	6	1	2.84	37.30	36.53	37.36	500.22	500.53	4.244	21.001	6.72	33.25	600.0	-0	28	101.5	10.8	0.0565	1.0	111115
73	"13:51:56"	235.5	-8.79	0.485	501	17.1	4.02	6	1	2.84	37.30	36.53	37.36	500.28	500.51	4.248	20.991	6.72	33.23	600.0	-0	28	101.5	10.8	0.0565	1.0	111115
74	"13:51:58"	237.0	-8.7	0.485	501	17.1	4.02	6	1	2.84	37.30	36.53	37.35	500.27	500.42	4.253	20.979	6.73	33.22	600.0	-0	29	101.5	10.8	0.0565	1.0	111115
75	"13:51:59"	238.0	-8.76	0.484	501	17.1	4.02	6	1	2.84	37.30	36.53	37.35	500.19	500.41	4.258	20.968	6.74	33.20	600.0	0	29	101.5	10.8	0.0565	1.0	111115
76	"13:52:00"	239.5	-8.81	0.483	501	17	4.02	6	1	2.84	37.30	36.52	37.35	500.14	500.42	4.263	20.955	6.75	33.18	600.0	-0	30	101.5	10.8	0.0565	1.0	111115
77	"13:52:01"	240.5	-8.88	0.483	502	17	4.02	6	1	2.84	37.30	36.52	37.35	500.12	500.47	4.266	20.945	6.76	33.17	600.0	-0	30	101.5	10.8	0.0565	1.0	111115
78	"13:52:03"	242.0	-8.87	0.483	502	17	4.02	6	1	2.84	37.29	36.52	37.35	500.18	500.53	4.272	20.938	6.77	33.16	599.9	-0	31	101.5	10.8	0.0565	1.0	111115
79	"13:52:04"	243.0	-8.78	0.482	501	17	4.02	6	1	2.84	37.29	36.52	37.35	500.21	500.48	4.276	20.928	6.77	33.15	600.0	-0	32	101.5	10.8	0.0565	1.0	111115
80	"13:52:05"	244.5	-8.67	0.481	501	17	4.02	6	1	2.84	37.29	36.52	37.35	500.28	500.45	4.283	20.920	6.78	33.14	600.0	-0	32	101.5	10.8	0.0565	1.0	111115
81	"13:52:06"	245.5	-8.77	0.481	502	17	4.02	6	1	2.84	37.29	36.52	37.35	500.25	500.52	4.287	20.911	6.79	33.12	600.0	0	32	101.5	10.8	0.0565	1.0	111115
82	"13:52:08"	247.0	-8.87	0.48	502	17	4.02	6	1	2.84	37.29	36.52	37.34	500.19	500.57	4.294	20.895	6.80	33.10	600.0	-0	31	101.5	10.8	0.0565	1.0	111115
83	"13:52:09"	248.0	-8.9	0.479	502	16.9	4.02	6	1	2.84	37.29	36.52	37.34	500.15	500.57	4.298	20.880	6.81	33.08	600.0	-0	31	101.5	10.8	0.0565	1.0	111115
84	"13:52:10"	249.5	-8.8	0.478	502	16.9	4.02	6	1	2.84	37.29	36.52	37.34	500.20	500.54	4.304	20.866	6.82	33.06	600.0	-0	31	101.5	10.8	0.0565	1.0	111115
85	"13:52:11"	250.5	-8.72	0.478	501	16.9	4.02	6	1	2.84	37.29	36.52	37.34	500.23	500.48	4.307	20.861	6.82	33.05	600.0	-0	31	101.5	10.8	0.0565	1.0	111115
86	"13:52:13"	252.0	-8.74	0.477	502	16.9	4.02	6	1	2.84	37.29	36.52	37.34	500.24	500.52	4.312	20.851	6.83	33.04	600.0	-0	31	101.5	10.8	0.0565	1.0	111115
87	"13:52:14"	253.0	-8.85	0.477	502	16.9	4.02	6	1	2.84	37.28	36.52	37.34	500.16	500.56	4.316	20.844	6.84	33.03	600.0	0	31	101.5	10.8	0.0565	1.0	111115
88	"13:52:15"	254.5	-8.93	0.476	502	16.9	4.02	6	1	2.84	37.28	36.51	37.34	500.15	500.64	4.322	20.830	6.85	33.01	600.0	-0	30	101.5	10.8	0.0565	1.0	111115
89	"13:52:16"	255.5	-8.89	0.476	502	16.8	4.02	6	1	2.84	37.28	36.51	37.33	500.19	500.64	4.326	20.823	6.86	33.00	600.0	0	30	101.5	10.8	0.0565	1.0	111115
90	"13:52:18"	257.0	-8.82	0.475	502	16.8	4.02	6	1	2.84	37.28	36.50	37.33	500.24	500.64	4.331	20.808	6.87	32.98	600.0	-0	30	101.5	10.8	0.0565	1.0	111115
91	"13:52:19"	258.0	-8.79	0.475	502	16.8	4.03	6	1	2.84	37.28	36.50	37.33	500.22	500.59	4.335	20.798	6.87	32.97	600.0	-0	30	101.5	10.8	0.0565	1.0	111115
92	"13:52:20"	259.5	-8.75	0.474	502	16.8	4.02	6	1	2.84	37.28	36.50	37.33	500.23	500.57	4.341	20.786	6.88	32.95	600.0	0	30	101.5	10.8	0.0565	1.0	111115
93	"13:52:21"	260.5	-8.71	0.474	502	16.8	4.02	6	1	2.84	37.28	36.49	37.33	500.21	500.53	4.344	20.781	6.89	32.94	600.0	-0	30	101.5	10.8	0.0565	1.0	111115
94	"13:52:23"	262.0	-8.74	0.473	502	16.8	4.02	6	1	2.84	37.28	36.49	37.33	500.20	500.54	4.350	20.768	6.90	32.92	600.0	0	30	101.5	10.8	0.0565	1.0	111115
95	"13:52:24"	263.0	-8.76	0.473	502	16.8	4.03	6	1	2.84	37.28	36.49	37.33	500.18	500.56	4.354	20.759	6.90	32.91	600.0	-0	30	101.5	10.8	0.0565	1.0	111115
96	"13:52:25"	263.5	-8.79	0.472	502	16.7	4.03	6	1	2.84	37.27	36.49	37.33	500.15	500.56	4.355	20.754	6.91	32.91	600.0	-0	30	101.5	10.8	0.0565	1.0	111115
97	"13:52:26"	265.5	-8.83	0.471	502	16.7	4.03	6	1	2.84	37.27	36.49	37.32	500.12	500.58	4.364	20.741	6.92	32.89	600.0	-0	30	101.5	10.8	0.0565	1.0	111115
98	"13:52:27"	266.5	-8.95	0.471	503	16.7	4.03	6	1	2.84	37.27	36.49	37.32	500.03	500.61	4.368	20.730	6.93	32.87	600.0	-0	30	101.5	10.8	0.0565	1.0	111115
99	"13:52:29"	268.0	-8.9	0.47	503	16.7	4.03	6	1	2.84	37.27	36.49	37.32	500.06	500.61	4.375	20.720	6.94	32.86	600.0	0	30	101.5	10.8	0.0565	1.0	111115
100	"13:52:30"	269.0	-8.9	0.469	503	16.7	4.03	6	1	2.84	37.27	36.49	37.32	500.04	500.59	4.379	20.710	6.95	32.85	600.0	0	29	101.5	10.8	0.0565	1.0	111115
101	"13:52:31"	269.5	-8.93	0.469	503	16.7	4.03	6	1	2.84	37.27	36.49	37.32	500.03	500.61	4.381	20.705	6.95	32.84	599.9	-0	29	101.5	10.8	0.0565	1.0	111115
102	"13:52:32"	270.5	-8.88	0.469	503	16.7	4.03	6	1	2.84	37.27	36.49	37.32	500.08	500.62	4.384	20.703	6.95	32.84	600.0	-0	29	101.5	10.8	0.0565	1.0	111115
103	"13:52:33"	272.5	-8.92	0.468	503	16.6	4.03	6	1	2.84	37.27	36.49	37.32	500.09	500.67	4.391	20.686	6.97	32.81	600.0	-0	29	101.5	10.8	0.0565	1.0	111115
104	"13:52:35"	274.0	-8.9	0.467	503	16.6	4.03	6	1	2.84	37.26	36.49	37.32	500.11	500.68	4.397	20.679	6.97	32.80	600.0	-0	29	101.5	10.8	0.0565	1.0	111115
105	"13:52:36"	275.0	-8.84	0.467	503	16.6	4.04	6	1	2.84	37.26	36.49	37.32	500.16	500.68	4.402	20.671	6.98	32.79	600.0	-0	29	101.5	10.8	0.0565	1.0	111115
106	"13:52:37"	276.5	-8.74	0.466	502	16.6	4.04	6	1	2.84	37.26	36.49	37.31	500.19	500.63	4.407	20.665	6.99	32.79	600.0	0	29	101.5	10.8	0.0565	1.0	111115
107	"13:52:38"	277.5	-8.76	0.466	502	16.6	4.04	6	1	2.84	37.26	36.49	37.31	500.17	500.63	4.412	20.656	7.00	32.77	600.0	0	29	101.5	10.8	0.0565	1.0	111115
108	"13:52:40"	279.0	-8.7	0.465	502	16.6	4.04	6	1	2.84	37.26	36.49	37.31	500.18	500.59	4.417	20.642	7.01	32.75	600.0	0	29	101.5	10.8	0.0565	1.0	111115
109	"13:52:41"	280.0	-8.8	0.465	503	16.6	4.04	6	1	2.84	37.26	36.48	37.31	500.12	500.63	4.421	20.632	7.01	32.74	600.0	0	29	101.5	10.8	0.0565	1.0	111115
110	"13:52:42"	281.5	-8.84	0.464	503	16.5	4.04	6	1	2.84	37.26	36.48	37.31	500.10	500.67	4.426	20.620	7.02	32.72	600.0	-0	29	101.5	10.8	0.0565	1.0	111115
111	"13:52:43"	282.5	-8.78	0.464	503	16.5	4.04	6	1	2.84	37.26	36.48	37.31	500.12	500.63	4.431	20.616	7.03	32.72	600.0	-0	29	101.5	10.8	0.0565	1.0	111115
112	"13:52:45"	284.0	-8.83	0.463	503	16.5	4.04	6	1	2.84	37.26	36.48	37.31	500.10	500.66	4.437	20.607	7.04	32.71	600.0	-0	29	101.5	10.8	0.0565	1.0	111115
113	"13:52:46"	284.5	-8.84	0.463	503	16.5	4.04	6	1	2.84	37.26	36.48	37.31	500.08	500.66	4.439	20.605	7.05	32.70	600.0	-0	29	101.5	10.8	0.0565	1.0	111115
114	"13:52:47"	285.5	-8.81	0.462	503	16.5	4.04	6	1	2.84	37.25	36.48	37.31	500.09	500.64	4.443	20.596	7.05	32.69	600.0	0	29	101.5	10.8	0.0565	1.0	111115
115	"13:52:48"	287.5	-8.68	0.461	502	16.5	4.04	6	1	2.84	37.25	36.48	37.30	500.19	500.63	4.452	20.573	7.07	32.66	600.0	0	29	101.5	10.8	0.0565	1.0	111115
116	"13:52:49"	288.0	-8.64	0.461	502	16.5	4.04	6	1	2.84	37.25	36.48	37.30	500.20	500.61	4.453	20.568	7.07	32.65	600.0	0	29	101.5	10.8	0.0565	1.0	111115
117	"13:52:50"	289.0	-8.69	0.46	502	16.4	4.04	6	1	2.84	37.25	36.48	37.30	500.16	500.62	4.457	20.560	7.08	32.64	600.0	0	29	101.5	10.8	0.0565	1.0	111115
118	"13:52:52"	291.0	-8.86	0.46	503	16.4	4.04	6	1	2.84	37.25	36.48	37.30	500.07	500.71	4.465	20.555	7.09	32.64	600.0	-0	29	101.5	10.8	0.0565	1.0	111115
119	"13:52:53"	291.5	-8.89	0.46	503	16.4	4.04	6	1	2.84	37.25	36.48	37.30	500.08	500.74	4.467	20.552	7.09	32.63	600.0	-0	29	101.5	10.8	0.0565	1.0	111115
120	"13:52:54"	293.0	-8.8	0.459	503	16.4	4.04	6	1	2.84	37.25	36.47	37.30	500.15	500.74	4.474	20.542	7.10	32.62	600.0	-0	29	101.5	10.8	0.0565	1.0	111115
121	"13:52:55"	294.5	-8.65	0.458	502	16.4	4.04	6	1	2.84	37.25	36.47	37.30	500.20	500.65	4.480	20.525	7.11	32.60	600.0	-0	29	101.5	10.8	0.0565	1.0	111115
122	"13:52:56"	295.5	-8.75	0.458	503	16.4	4.04	6	1	2.84	37.24	36.46	37.30	500.11	500.66	4.483	20.521	7.12	32.59	600.0	-0	29	101.5	10.8	0.0565	1.0	111115
123	"13:52:58"	297.0	-8.88	0.458	503	16.4	4.04	6	1	2.84	37.24	36.46	37.29	500.02	500.71	4.488	20.511	7.13	32.58	600.0	-0	29	101.5	10.8	0.0565	1.0	111115
124	"13:52:59"	298.0	-8.89	0.458	503	16.3	4.04	6	1	2.84	37.24	36.46	37.29	500.02	500.72	4.491	20.504	7.13	32.57	600.0	-0	29	101.5	10.8	0.0565	1.0	111115
125	"13:53:00"	299.5	-8.75	0.457	503	16.3	4.04	6	1	2.84	37.24	36.46	37.29	500.11	500.69	4.496	20.493	7.14	32.55	600.0	0	28	101.5	10.8	0.0565	1.0	111115
126	"13:53:01"	300.0	-8.64	0.457	502	16.3	4.04	6	1	2.84	37.24	36.46	37.29	500.18	500.64	4.499	20.490	7.15	32.55	600.0	0	28	101.5	10.8	0.0565	1.0	111115
127	"13:53:02"	301.5	-8.55	0.456	502	16.3	4.04	6	1	2.84	37.24	36.46	37.29	500.23	500.61	4.505	20.484	7.16	32.54	600.0	-0	28	101.5	10.8	0.0565	1.0	111115
128	"13:53:04"	303.0	-8.56	0.455	502	16.3	4.05	6	1	2.84	37.24	36.46	37.29	500.21	500.62	4.511	20.469	7.17	32.52	600.0	-0	28	101.5	10.8	0.0565	1.0	111115
129	"13:53:05"	304.0	-8.61	0.454	502	16.3	4.05	6	1	2.84	37.24	36.46	37.29	500.16	500.62	4.515	20.459	7.17	32.51	600.0	-0	28	101.5	10.8	0.0565	1.0	111115
130	"13:53:06"	305.5	-8.54	0.454	502	16.3	4.05	6	1	2.84	37.23	36.46	37.28	500.22	500.62	4.521	20.447	7.18	32.49	600.0	-0	28	101.5	10.8	0.0565	1.0	111115
131	"13:53:07"	306.5	-8.54	0.453	502	16.2	4.05	6	1	2.84	37.23	36.46	37.28	500.24	500.64	4.525	20.441	7.19	32.48	600.0	-0	28	101.5	10.8	0.0565	1.0	111115
132	"13:53:08"	307.0	-8.49	0.453	502	16.2	4.05	6	1	2.84	37.23	36.46	37.28	500.26	500.62	4.526	20.438	7.19	32.48	600.0	-0	28	101.5	10.8	0.0565	1.0	111115
133	"13:53:10"	309.0	-8.51	0.452	502	16.2	4.05	6	1	2.84	37.23	36.46	37.28	500.29	500.68	4.534	20.423	7.21	32.46	600.0	-0	28	101.5	10.8	0.0565	1.0	111115
134	"13:53:11"	310.0	-8.64	0.452	503	16.2	4.05	6	1	2.84	37.23	36.46	37.28	500.22	500.74	4.538	20.420	7.21	32.46	600.0	-0	28	101.5	10.8	0.0565	1.0	111115
135	"13:53:12"	311.5	-8.73	0.451	503	16.2	4.05	6	1	2.84	37.23	36.46	37.28	500.15	500.76	4.544	20.411	7.22	32.44	600.0	-0	28	101.5	10.8	0.0565	1.0	111115
136	"13:53:13"	312.5	-8.77	0.451	503	16.2	4.05	6	1	2.84	37.23	36.46	37.28	500.10	500.76	4.547	20.402	7.23	32.43	600.0	0	28	101.5	10.8	0.0565	1.0	111115
137	"13:53:15"	314.0	-8.71	0.45	503	16.2	4.05	6	1	2.84	37.23	36.46	37.28	500.13	500.75	4.552	20.387	7.24	32.41	600.0	0	27	101.5	10.8	0.0565	1.0	111115
138	"13:53:16"	315.0	-8.67	0.45	503	16.2	4.05	6	1	2.84	37.23	36.46	37.27	500.16	500.74	4.555	20.380	7.24	32.40	600.0	0	27	101.5	10.8	0.0565	1.0	111115
139	"13:53:17"	316.5	-8.66	0.449	503	16.1	4.05	6	1	2.84	37.22	36.45	37.27	500.21	500.79	4.561	20.369	7.25	32.39	600.0	0	27	101.5	10.8	0.0565	1.0	111115
140	"13:53:18"	317.5	-8.56	0.449	503	16.1	4.05	6	1	2.84	37.22	36.44	37.27	500.30	500.78	4.564	20.363	7.26	32.38	600.0	-0	27	101.5	10.8	0.0565	1.0	111115
141	"13:53:20"	319.0	-8.63	0.449	503	16.1	4.05	6	1	2.84	37.22	36.44	37.27	500.27	500.84	4.570	20.355	7.27	32.37	600.0	-0	27	101.5	10.8	0.0565	1.0	111115
142	"13:53:21"	320.0	-8.6	0.448	503	16.1	4.05	6	1	2.84	37.22	36.43	37.27	500.28	500.82	4.573	20.345	7.27	32.36	600.0	-0	27	101.5	10.8	0.0565	1.0	111115
143	"13:53:22"	321.5	-8.64	0.448	503	16.1	4.05	6	1	2.84	37.22	36.43	37.27	500.22	500.81	4.579	20.339	7.28	32.35	600.0	-0	27	101.5	10.8	0.0565	1.0	111115
144	"13:53:23"	322.5	-8.74	0.448	504	16.1	4.05	6	1	2.84	37.22	36.43	37.27	500.15	500.83	4.583	20.333	7.29	32.34	600.0	-0	27	101.5	10.8	0.0565	1.0	111115
145	"13:53:25"	324.0	-8.82	0.448	504	16.1	4.05	6	1	2.84	37.22	36.42	37.26	500.11	500.88	4.590	20.332	7.30	32.34	600.0	0	27	101.5	10.8	0.0565	1.0	111115
146	"13:53:26"	325.0	-8.88	0.448	504	16.1	4.05	6	1	2.84	37.21	36.42	37.26	500.06	500.90	4.593	20.328	7.31	32.34	600.0	0	26	101.5	10.8	0.0565	1.0	111115
147	"13:53:27"	326.5	-8.77	0.447	504	16	4.05	6	1	2.84	37.21	36.42	37.26	500.08	500.81	4.600	20.320	7.32	32.33	600.0	0	26	101.5	10.8	0.0565	1.0	111115
148	"13:53:29"	328.0	-8.66	0.446	503	16	4.05	6	1	2.84	37.21	36.42	37.26	500.11	500.74	4.606	20.311	7.33	32.32	600.0	-0	26	101.5	10.8	0.0565	1.0	111115
149	"13:53:30"	328.5	-8.66	0.446	503	16	4.05	6	1	2.84	37.21	36.42	37.26	500.13	500.76	4.607	20.306	7.33	32.31	600.0	-0	26	101.5	10.8	0.0565	1.0	111115
150	"13:53:31"	330.0	-8.66	0.446	503	16	4.05	6	1	2.84	37.21	36.42	37.26	500.14	500.79	4.613	20.297	7.34	32.30	600.0	0	26	101.5	10.8	0.0565	1.0	111115
151	"13:53:32"	331.5	-8.68	0.445	503	16	4.05	6	1	2.84	37.20	36.41	37.25	500.14	500.81	4.620	20.291	7.35	32.30	600.0	0	26	101.5	10.8	0.0565	1.0	111115
152	"13:53:33"	332.5	-8.66	0.445	503	16	4.05	6	1	2.84	37.20	36.41	37.25	500.13	500.79	4.624	20.289	7.36	32.30	599.9	0	26	101.5	10.8	0.0565	1.0	111115
153	"13:53:35"	334.0	-8.72	0.445	504	16	4.04	6	1	2.84	37.20	36.40	37.25	500.08	500.80	4.628	20.281	7.37	32.29	599.9	0	26	101.5	10.8	0.0565	1.0	111115
154	"13:53:36"	335.0	-8.72	0.445	504	16	4.04	6	1	2.84	37.20	36.40	37.25	500.08	500.81	4.632	20.276	7.38	32.28	599.8	0	26	101.5	10.8	0.0565	1.0	111115
155	"13:53:37"	336.5	-8.69	0.444	504	15.9	4.04	6	1	2.84	37.19	36.39	37.25	500.08	500.79	4.638	20.268	7.39	32.28	599.9	0	26	101.5	10.8	0.0565	1.0	111115
156	"13:53:38"	337.5	-8.72	0.444	504	15.9	4.04	6	1	2.84	37.19	36.39	37.24	500.07	500.80	4.643	20.266	7.39	32.28	600.0	0	25	101.5	10.8	0.0565	1.0	111115
157	"13:53:40"	339.0	-8.61	0.444	503	15.9	4.04	6	1	2.84	37.19	36.39	37.24	500.12	500.75	4.650	20.254	7.41	32.26	600.0	-0	25	101.5	10.8	0.0565	1.0	111115
158	"13:53:41"	340.0	-8.59	0.444	503	15.9	4.04	6	1	2.84	37.19	36.38	37.24	500.13	500.75	4.653	20.249	7.41	32.26	600.1	-0	25	101.5	10.8	0.0565	1.0	111115
159	"13:53:42"	341.5	-8.74	0.443	504	15.9	4.04	6	1	2.84	37.19	36.38	37.24	500.08	500.85	4.659	20.237	7.42	32.24	600.1	0	25	101.5	10.8	0.0565	1.0	111115
160	"13:53:43"	342.5	-8.77	0.442	504	15.9	4.04	6	1	2.84	37.18	36.38	37.24	500.05	500.87	4.662	20.230	7.43	32.23	600.1	0	25	101.5	10.8	0.0565	1.0	111115
161	"13:53:45"	344.0	-8.86	0.442	505	15.9	4.04	6	1	2.84	37.18	36.38	37.24	499.97	500.88	4.667	20.218	7.44	32.22	600.1	0	25	101.5	10.8	0.0565	1.0	111115
162	"13:53:46"	345.0	-8.82	0.442	504	15.9	4.04	6	1	2.84	37.18	36.38	37.23	499.95	500.83	4.670	20.213	7.44	32.22	600.1	-0	25	101.5	10.8	0.0565	1.0	111115
163	"13:53:47"	346.5	-8.79	0.441	504	15.8	4.04	6	1	2.84	37.18	36.38	37.23	499.96	500.81	4.675	20.203	7.45	32.21	600.0	-0	25	101.5	10.8	0.0565	1.0	111115
164	"13:53:48"	347.5	-8.68	0.441	504	15.8	4.04	6	1	2.84	37.17	36.37	37.23	500.04	500.78	4.680	20.199	7.46	32.20	600.0	-0	25	101.5	10.8	0.0565	1.0	111115
165	"13:53:50"	349.0	-8.49	0.441	503	15.8	4.04	6	1	2.84	37.17	36.37	37.23	500.25	500.81	4.686	20.190	7.47	32.19	600.0	-0	25	101.5	10.8	0.0565	1.0	111115
166	"13:53:51"	350.0	-8.46	0.44	503	15.8	4.04	6	1	2.84	37.17	36.36	37.23	500.31	500.85	4.690	20.182	7.48	32.18	599.9	-0	25	101.5	10.8	0.0565	1.0	111115
167	"13:53:52"	351.5	-8.48	0.44	503	15.8	4.04	6	1	2.84	37.17	36.35	37.22	500.31	500.88	4.697	20.170	7.49	32.17	599.9	-0	24	101.5	10.8	0.0565	1.0	111115
168	"13:53:53"	352.5	-8.5	0.44	503	15.8	4.03	6	1	2.84	37.16	36.33	37.22	500.24	500.84	4.700	20.164	7.50	32.16	599.9	-0	24	101.5	10.8	0.0565	1.0	111115
169	"13:53:55"	354.0	-8.52	0.44	503	15.8	4.03	6	1	2.84	37.16	36.32	37.22	500.18	500.81	4.706	20.159	7.51	32.16	599.9	-0	24	101.5	10.8	0.0565	1.0	111115
170	"13:53:56"	355.0	-8.6	0.44	504	15.8	4.03	6	1	2.84	37.16	36.31	37.22	500.10	500.80	4.709	20.150	7.51	32.16	600.0	-0	24	101.5	10.8	0.0565	1.0	111115
171	"13:53:57"	356.5	-8.91	0.44	505	15.7	4.03	6	1	2.84	37.15	36.31	37.21	499.93	500.96	4.713	20.141	7.52	32.15	600.0	0	24	101.5	10.8	0.0565	1.0	111115
172	"13:53:58"	357.0	-8.92	0.44	505	15.7	4.03	6	1	2.84	37.15	36.31	37.21	499.92	500.96	4.715	20.136	7.53	32.14	600.0	0	24	101.5	10.8	0.0565	1.0	111115
173	"13:54:00"	359.0	-8.99	0.44	505	15.7	4.02	6	1	2.84	37.14	36.30	37.21	499.92	501.03	4.721	20.130	7.54	32.14	600.0	0	24	101.5	10.8	0.0565	1.0	111115
174	"13:54:01"	360.0	-8.84	0.439	505	15.7	4.02	6	1	2.84	37.14	36.29	37.20	500.00	500.96	4.726	20.123	7.55	32.14	600.0	-0	24	101.5	10.8	0.0565	1.0	111115
175	"13:54:02"	360.5	-8.8	0.439	505	15.7	4.02	6	1	2.84	37.14	36.28	37.20	500.01	500.95	4.728	20.117	7.55	32.13	600.0	-0	24	101.5	10.8	0.0565	1.0	111115
176	"13:54:03"	362.5	-8.75	0.439	504	15.7	4.02	6	1	2.84	37.13	36.27	37.20	500.02	500.91	4.735	20.109	7.57	32.13	600.0	-0	24	101.5	10.8	0.0565	1.0	111115
177	"13:54:04"	363.5	-8.84	0.439	505	15.7	4.01	6	1	2.84	37.13	36.26	37.19	499.96	500.94	4.739	20.105	7.57	32.13	600.0	-0	24	101.5	10.8	0.0565	1.0	111115
178	"13:54:06"	365.0	-8.82	0.439	505	15.7	4.01	6	1	2.84	37.12	36.25	37.19	499.98	500.95	4.744	20.099	7.58	32.13	600.0	-0	24	101.5	10.8	0.0565	1.0	111115
179	"13:54:07"	366.0	-8.79	0.439	505	15.7	4.01	6	1	2.84	37.12	36.24	37.19	499.98	500.92	4.748	20.093	7.59	32.13	600.0	-0	24	101.5	10.8	0.0565	1.0	111115
180	"13:54:08"	367.5	-8.77	0.439	505	15.6	4.01	6	1	2.84	37.11	36.23	37.18	500.00	500.93	4.755	20.085	7.61	32.13	600.0	-0	23	101.5	10.8	0.0565	1.0	111115
181	"13:54:09"	368.5	-8.78	0.44	505	15.6	4	6	1	2.84	37.11	36.22	37.18	499.99	500.94	4.759	20.085	7.61	32.14	600.0	-0	24	101.5	10.8	0.0565	1.0	111115
182	"13:54:11"	370.0	-8.74	0.439	505	15.6	4	6	1	2.84	37.10	36.21	37.17	499.99	500.91	4.765	20.073	7.63	32.13	600.0	-0	23	101.5	10.8	0.0565	1.0	111115
183	"13:54:12"	371.0	-8.77	0.439	505	15.6	4	6	1	2.84	37.10	36.21	37.17	499.96	500.91	4.769	20.071	7.64	32.13	600.0	-0	23	101.5	10.8	0.0565	1.0	111115
184	"13:54:13"	372.5	-8.8	0.438	505	15.6	4	6	1	2.84	37.09	36.21	37.16	499.88	500.88	4.775	20.050	7.65	32.11	600.0	-0	23	101.5	10.8	0.0565	1.0	111115
185	"13:54:14"	373.5	-8.92	0.438	505	15.6	4	6	1	2.84	37.09	36.20	37.16	499.83	500.95	4.779	20.045	7.66	32.11	600.0	-0	23	101.5	10.8	0.0565	1.0	111115
186	"13:54:16"	375.0	-9.01	0.438	506	15.6	4	6	1	2.84	37.08	36.20	37.16	499.76	500.97	4.785	20.041	7.67	32.11	600.0	-0	23	101.5	10.8	0.0565	1.0	111115
187	"13:54:17"	375.5	-8.98	0.437	506	15.6	4	6	1	2.84	37.08	36.20	37.15	499.75	500.94	4.786	20.035	7.67	32.11	600.0	-0	23	101.5	10.8	0.0565	1.0	111115
188	"13:54:18"	377.5	-8.95	0.437	506	15.5	4	6	1	2.84	37.07	36.19	37.14	499.80	500.97	4.792	20.019	7.68	32.10	600.0	0	23	101.5	10.8	0.0565	1.0	111115
189	"13:54:19"	378.0	-8.93	0.436	506	15.5	4	6	1	2.84	37.07	36.19	37.14	499.84	500.99	4.794	20.011	7.69	32.09	600.0	0	23	101.5	10.8	0.0565	1.0	111115
190	"13:54:20"	379.5	-8.83	0.435	505	15.5	4	6	1	2.84	37.06	36.19	37.14	499.94	501.01	4.799	19.987	7.70	32.06	600.0	0	23	101.5	10.8	0.0565	1.0	111115
191	"13:54:22"	381.0	-8.82	0.435	505	15.5	4	6	1	2.84	37.06	36.18	37.13	499.94	501.01	4.805	19.971	7.71	32.05	600.0	0	22	101.5	10.8	0.0565	1.0	111115
192	"13:54:23"	382.0	-8.81	0.434	505	15.5	4	6	1	2.84	37.05	36.17	37.13	499.91	500.98	4.808	19.960	7.72	32.04	600.0	-0	21	101.5	10.8	0.0565	1.0	111115
193	"13:54:24"	383.5	-8.78	0.434	505	15.5	4	6	1	2.84	37.05	36.17	37.12	499.85	500.88	4.814	19.964	7.73	32.05	600.0	-0	20	101.5	10.8	0.0565	1.0	111115
194	"13:54:25"	384.5	-8.88	0.434	505	15.5	4	6	1	2.84	37.04	36.17	37.12	499.77	500.91	4.817	19.961	7.74	32.05	600.0	-0	20	101.5	10.8	0.0565	1.0	111115
195	"13:54:27"	386.0	-8.91	0.434	506	15.4	4	6	1	2.84	37.04	36.17	37.11	499.73	500.91	4.821	19.950	7.74	32.04	600.0	-0	21	101.5	10.8	0.0565	1.0	111115
196	"13:54:28"	386.5	-8.93	0.433	506	15.4	4	6	1	2.84	37.04	36.17	37.11	499.75	500.95	4.823	19.941	7.75	32.03	600.0	-0	21	101.5	10.8	0.0565	1.0	111115
197	"13:54:29"	388.0	-8.89	0.432	506	15.4	4	6	1	2.84	37.03	36.17	37.11	499.80	500.98	4.829	19.920	7.76	32.01	600.0	-0	22	101.5	10.8	0.0565	1.0	111115
198	"13:54:30"	389.5	-8.79	0.431	505	15.4	4	6	1	2.84	37.03	36.17	37.10	499.83	500.92	4.834	19.902	7.77	31.99	600.0	0	21	101.5	10.8	0.0565	1.0	111115
199	"13:54:31"	390.5	-8.77	0.431	505	15.4	4	6	1	2.84	37.02	36.16	37.10	499.83	500.91	4.838	19.889	7.78	31.97	600.0	-0	21	101.5	10.8	0.0565	1.0	111115
200	"13:54:33"	392.0	-8.77	0.43	505	15.3	4	6	1	2.84	37.02	36.15	37.09	499.85	500.93	4.842	19.880	7.79	31.97	600.0	-0	21	101.5	10.8	0.0565	1.0	111115
201	"13:54:34"	393.0	-8.62	0.43	505	15.3	4	6	1	2.84	37.01	36.15	37.09	499.95	500.89	4.845	19.876	7.79	31.97	600.0	-0	22	101.5	10.8	0.0565	1.0	111115
202	"13:54:35"	394.5	-8.59	0.43	505	15.3	4	6	1	2.84	37.01	36.14	37.09	500.00	500.91	4.849	19.868	7.80	31.96	599.9	-0	23	101.5	10.8	0.0565	1.0	111115
203	"13:54:36"	395.5	-8.58	0.43	505	15.3	4	6	1	2.84	37.01	36.14	37.08	500.02	500.93	4.853	19.862	7.81	31.95	599.9	-0	23	101.5	10.8	0.0565	1.0	111115
204	"13:54:38"	397.0	-8.71	0.429	505	15.3	4	6	1	2.84	37.00	36.13	37.08	499.93	500.99	4.859	19.841	7.82	31.93	600.0	-0	23	101.5	10.8	0.0565	1.0	111115
205	"13:54:39"	398.0	-8.89	0.429	506	15.3	4	6	1	2.84	37.00	36.13	37.07	499.83	501.07	4.863	19.841	7.83	31.94	600.1	-0	23	101.5	10.8	0.0565	1.0	111115
206	"13:54:40"	398.5	-8.93	0.429	506	15.3	4	6	1	2.84	37.00	36.13	37.07	499.80	501.08	4.865	19.839	7.83	31.94	600.1	-0	23	101.5	10.8	0.0565	1.0	111115
207	"13:54:41"	400.5	-8.9	0.427	506	15.2	4	6	1	2.84	36.99	36.12	37.07	499.81	501.08	4.871	19.812	7.84	31.90	600.0	0	23	101.5	10.8	0.0565	1.0	111115
208	"13:54:42"	401.5	-8.9	0.427	506	15.2	4	6	1	2.84	36.99	36.12	37.06	499.80	501.07	4.874	19.811	7.85	31.90	600.0	0	23	101.5	10.8	0.0565	1.0	111115
209	"13:54:44"	403.0	-8.77	0.427	506	15.2	4	6	1	2.84	36.99	36.11	37.06	499.87	501.01	4.880	19.801	7.86	31.90	600.0	-0	23	101.5	10.8	0.0565	1.0	111115
210	"13:54:45"	404.0	-8.79	0.427	506	15.2	4	6	1	2.84	36.98	36.11	37.06	499.86	501.03	4.884	19.798	7.87	31.90	600.0	-0	23	101.5	10.8	0.0565	1.0	111115
211	"13:54:46"	405.5	-8.82	0.427	506	15.2	3.99	6	1	2.84	36.98	36.11	37.05	499.83	501.02	4.889	19.796	7.88	31.90	600.0	-0	22	101.5	10.8	0.0565	1.0	111115
212	"13:54:47"	406.5	-8.85	0.426	506	15.2	4	6	1	2.84	36.98	36.11	37.05	499.82	501.06	4.892	19.791	7.88	31.90	600.0	-0	22	101.5	10.8	0.0565	1.0	111115
213	"13:54:49"	408.0	-8.82	0.426	506	15.2	3.99	6	1	2.84	36.97	36.10	37.05	499.83	501.04	4.898	19.782	7.90	31.89	600.0	-0	22	101.5	10.8	0.0565	1.0	111115
214	"13:54:50"	409.0	-8.72	0.425	506	15.2	4	6	1	2.84	36.97	36.10	37.04	499.90	501.02	4.901	19.772	7.90	31.88	600.0	0	22	101.5	10.8	0.0565	1.0	111115
215	"13:54:51"	410.5	-8.67	0.425	505	15.2	4	6	1	2.84	36.97	36.11	37.04	499.90	500.98	4.907	19.760	7.91	31.87	600.0	-0	22	101.5	10.8	0.0565	1.0	111115
216	"13:54:52"	411.5	-8.71	0.424	506	15.1	4	6	1	2.84	36.96	36.11	37.04	499.88	501.01	4.911	19.749	7.92	31.85	600.0	0	22	101.5	10.8	0.0565	1.0	111115
217	"13:54:54"	413.0	-8.81	0.424	506	15.1	4	6	1	2.84	36.96	36.10	37.03	499.82	501.05	4.917	19.743	7.93	31.85	600.0	0	22	101.5	10.8	0.0565	1.0	111115
218	"13:54:55"	414.0	-8.86	0.423	506	15.1	4	6	1	2.84	36.95	36.10	37.03	499.82	501.11	4.920	19.730	7.94	31.84	600.0	0	22	101.5	10.8	0.0565	1.0	111115
219	"13:54:56"	415.5	-8.87	0.423	507	15.1	4	6	1	2.84	36.95	36.09	37.02	499.80	501.11	4.925	19.723	7.95	31.83	600.0	-0	22	101.5	10.8	0.0565	1.0	111115
220	"13:54:57"	416.5	-8.91	0.423	507	15.1	4	6	1	2.84	36.95	36.09	37.02	499.78	501.13	4.928	19.716	7.95	31.82	600.0	-0	22	101.5	10.8	0.0565	1.0	111115
221	"13:54:59"	418.0	-9.09	0.422	508	15.1	4	6	1	2.84	36.94	36.09	37.02	499.67	501.20	4.931	19.707	7.96	31.82	600.0	0	22	101.5	10.8	0.0565	1.0	111115
222	"13:55:00"	418.5	-9.08	0.422	508	15.1	4	6	1	2.84	36.94	36.09	37.02	499.67	501.20	4.933	19.704	7.96	31.81	600.0	0	22	101.5	10.8	0.0565	1.0	111115
223	"13:55:01"	420.0	-9.18	0.422	508	15.1	4	6	1	2.84	36.94	36.08	37.01	499.66	501.29	4.937	19.695	7.97	31.81	600.0	0	22	101.5	10.8	0.0565	1.0	111115
224	"13:55:02"	420.5	-9.2	0.421	508	15	4	6	1	2.84	36.94	36.08	37.01	499.67	501.32	4.939	19.688	7.98	31.80	600.0	0	22	101.5	10.8	0.0565	1.0	111115
225	"13:55:03"	422.5	-8.89	0.421	507	15	4	6	1	2.84	36.93	36.08	37.01	499.84	501.20	4.947	19.677	7.99	31.79	600.0	-0	22	101.5	10.8	0.0565	1.0	111115
226	"13:55:04"	423.5	-8.69	0.42	506	15	4	6	1	2.84	36.93	36.08	37.00	499.93	501.10	4.952	19.673	8.00	31.78	600.0	-0	22	101.5	10.8	0.0565	1.0	111115
227	"13:55:06"	425.0	-8.56	0.42	505	15	4	6	1	2.84	36.93	36.08	37.00	499.96	501.00	4.957	19.663	8.01	31.77	600.0	0	22	101.5	10.8	0.0565	1.0	111115
228	"13:55:07"	426.0	-8.53	0.419	505	15	4	6	1	2.84	36.93	36.08	37.00	499.96	500.98	4.961	19.654	8.02	31.76	600.0	0	22	101.5	10.8	0.0565	1.0	111115
229	"13:55:08"	427.5	-8.78	0.419	506	15	4	6	1	2.84	36.92	36.07	36.99	499.81	501.08	4.965	19.650	8.03	31.76	600.0	0	22	101.5	10.8	0.0565	1.0	111115
230	"13:55:09"	428.5	-8.9	0.419	507	15	4	6	1	2.84	36.92	36.06	36.99	499.74	501.13	4.969	19.649	8.03	31.76	600.0	-0	22	101.5	10.8	0.0565	1.0	111115
231	"13:55:11"	430.0	-8.94	0.419	507	15	4	6	1	2.84	36.92	36.06	36.99	499.75	501.19	4.972	19.641	8.04	31.76	600.0	-0	22	101.5	10.8	0.0565	1.0	111115
232	"13:55:12"	431.0	-8.8	0.419	507	15	4	6	1	2.84	36.91	36.06	36.98	499.87	501.17	4.975	19.635	8.05	31.75	600.0	-0	22	101.5	10.8	0.0565	1.0	111115
233	"13:55:13"	432.5	-8.75	0.418	506	14.9	4	6	1	2.84	36.91	36.06	36.98	499.94	501.20	4.980	19.624	8.05	31.74	600.0	-0	21	101.5	10.8	0.0565	1.0	111115
234	"13:55:14"	433.5	-8.81	0.418	507	14.9	4	6	1	2.84	36.91	36.06	36.98	499.92	501.25	4.984	19.617	8.06	31.73	600.0	-0	21	101.5	10.8	0.0565	1.0	111115
235	"13:55:16"	435.0	-8.98	0.417	508	14.9	4	6	1	2.84	36.91	36.06	36.98	499.79	501.29	4.989	19.609	8.07	31.72	600.0	-0	22	101.5	10.8	0.0565	1.0	111115
236	"13:55:17"	436.0	-8.98	0.417	508	14.9	4	6	1	2.84	36.90	36.06	36.97	499.75	501.26	4.992	19.599	8.08	31.71	600.0	-0	22	101.5	10.8	0.0565	1.0	111115
237	"13:55:18"	437.5	-9.18	0.415	509	14.9	4	6	1	2.84	36.90	36.05	36.97	499.61	501.35	4.997	19.560	8.09	31.65	600.0	0	23	101.5	10.8	0.0565	1.0	111115
238	"13:55:19"	438.5	-9.09	0.413	508	14.8	4	6	1	2.84	36.90	36.04	36.97	499.65	501.32	5.001	19.516	8.09	31.59	600.0	0	23	101.5	10.8	0.0565	1.0	111115
239	"13:55:21"	440.0	-9.19	0.409	509	14.7	4.01	6	1	2.84	36.90	36.04	36.96	499.54	501.36	5.006	19.415	8.10	31.43	600.0	0	23	101.5	10.8	0.0565	1.0	111115
240	"13:55:22"	440.5	-9.15	0.407	509	14.7	4.01	6	1	2.84	36.89	36.04	36.96	499.56	501.36	5.008	19.378	8.11	31.37	600.0	0	23	101.5	10.8	0.0565	0.7	111115
241	"13:55:23"	442.0	-8.78	0.401	508	14.5	4.03	6	1	2.84	36.89	36.04	36.96	499.73	501.24	5.023	19.261	8.13	31.19	600.0	-0	23	101.5	10.8	0.0565	0.7	111115
242	"13:55:24"	443.5	-8.56	0.396	507	14.4	4.04	6	1	2.84	36.89	36.04	36.96	499.85	501.20	5.041	19.160	8.16	31.03	600.0	-0	23	101.5	10.8	0.0565	0.7	111115
243	"13:55:25"	444.0	-8.54	0.395	507	14.4	4.04	6	1	2.84	36.89	36.04	36.96	499.89	501.23	5.046	19.132	8.17	30.98	600.0	-0	23	101.5	10.8	0.0565	0.7	111115
244	"13:55:26"	445.5	-8.6	0.393	508	14.3	4.04	6	1	2.84	36.88	36.04	36.95	499.85	501.28	5.052	19.087	8.18	30.92	600.0	-0	23	101.5	10.8	0.0565	0.7	111115
