"OPEN 5.3.2"
"Thr Aug  2 2018 09:53:04"
"Unit="	"PSC-895"
"ComputeList="	"/User/Configs/Comps/Default"
"BLCTable="	"/Sys/Lib/StdBLCTable"
"LightSource="	"Sun+Sky"	1	0.19
"LogFormat="	"/User/Configs/LogFormats/Std Output"
"LogCodes="	-35	-21	-36	30	23	36	21	25	-33	-34	-32	-9	-10	-8	-1	-2	-4	-5	-14	-15	-7	-12	-13	-11	-65	-66	-72	-23
"PromptList="	"/User/Configs/Prompts/Default (none)"
"Stability= (CO2S 15s SLP<1)(H2OS 15s SLP<1)(Flow 15s SLP<1)"
"09:53:18 cut. matched before hand.tteststabe co2 at 500.flow 600. full scrub. match post"
$STARTOFDATA$
"Obs"	"HHMMSS"	"FTime"	"Photo"	"Cond"	"Ci"	"Trmmol"	"VpdL"	"Area"	"StmRat"	"BLCond"	"Tair"	"Tleaf"	"TBlk"	"CO2R"	"CO2S"	"H2OR"	"H2OS"	"RH_R"	"RH_S"	"Flow"	"PARi"	"PARo"	"Press"	"CsMch"	"HsMch"	"StableF"	"Status"
"09:53:59 cut. match post roots. tteststabe co2 at 500.flow 600. full scrub. match post "
1	"09:55:49"	177.0	-11.2	0.894	509	16.8	2.4	6	1	2.84	36.08	35.24	36.13	499.72	502.45	16.520	32.748	28.01	55.52	600.0	-0	115	101.6	16.7	0.114	0.0	111115
2	"09:55:50"	177.5	-11.1	0.894	508	16.8	2.4	6	1	2.84	36.08	35.24	36.13	499.73	502.39	16.519	32.749	28.01	55.53	600.1	-0	113	101.6	16.7	0.114	0.3	111115
3	"09:55:52"	179.5	-11.2	0.892	508	16.8	2.4	6	1	2.84	36.07	35.24	36.13	499.61	502.35	16.522	32.734	28.02	55.51	600.1	-0	120	101.6	16.7	0.114	0.3	111115
4	"09:55:53"	180.5	-11.3	0.892	509	16.7	2.4	6	1	2.84	36.07	35.24	36.13	499.56	502.43	16.524	32.721	28.03	55.50	600.1	-0	119	101.6	16.7	0.114	0.7	111115
5	"09:55:54"	182.0	-11.2	0.891	509	16.7	2.4	6	1	2.84	36.07	35.22	36.13	499.55	502.35	16.530	32.702	28.04	55.48	600.0	-0	118	101.6	16.7	0.114	0.7	111115
6	"09:55:56"	183.0	-11.3	0.89	509	16.7	2.39	6	1	2.84	36.07	35.22	36.12	499.52	502.41	16.532	32.693	28.05	55.47	600.0	-0	111	101.6	16.7	0.114	1.0	111115
7	"09:55:57"	184.5	-11.5	0.888	510	16.7	2.39	6	1	2.84	36.06	35.21	36.12	499.44	502.58	16.539	32.670	28.07	55.44	600.0	-0	96	101.6	16.7	0.114	0.7	111115
8	"09:55:58"	185.5	-11.6	0.886	510	16.7	2.4	6	1	2.84	36.06	35.21	36.12	499.44	502.70	16.543	32.655	28.08	55.43	600.0	-0	87	101.6	16.7	0.114	0.7	111115
9	"09:55:59"	187.0	-11.7	0.882	511	16.6	2.4	6	1	2.84	36.05	35.21	36.11	499.55	502.92	16.548	32.628	28.09	55.39	600.0	-0	78	101.6	16.7	0.114	0.7	111115
10	"09:56:01"	188.0	-11.6	0.879	510	16.6	2.4	6	1	2.84	36.05	35.21	36.11	499.63	502.83	16.550	32.611	28.10	55.37	600.0	-0	83	101.6	16.7	0.114	0.7	111115
11	"09:56:02"	189.5	-11.6	0.878	510	16.6	2.4	6	1	2.84	36.05	35.21	36.11	499.62	502.86	16.556	32.591	28.12	55.35	600.0	-0	93	101.6	16.7	0.114	0.7	111115
12	"09:56:03"	190.5	-11.6	0.877	510	16.6	2.4	6	1	2.84	36.05	35.20	36.10	499.58	502.88	16.560	32.577	28.13	55.33	600.0	-0	102	101.6	16.7	0.114	0.7	111115
13	"09:56:04"	192.0	-11.7	0.874	511	16.5	2.4	6	1	2.84	36.04	35.19	36.10	499.61	502.99	16.565	32.550	28.14	55.30	600.0	-0	107	101.6	16.7	0.114	0.7	111115
14	"09:56:06"	193.0	-11.9	0.872	511	16.5	2.4	6	1	2.84	36.04	35.19	36.10	499.58	503.14	16.567	32.528	28.15	55.28	600.0	-0	105	101.6	16.7	0.114	0.7	111115
15	"09:56:07"	194.5	-12	0.869	512	16.5	2.4	6	1	2.84	36.03	35.19	36.09	499.50	503.22	16.572	32.502	28.17	55.24	599.9	-0	79	101.6	16.7	0.114	0.7	111115
16	"09:56:08"	195.5	-11.9	0.867	512	16.4	2.4	6	1	2.84	36.03	35.18	36.09	499.48	503.14	16.577	32.488	28.18	55.23	599.9	-0	62	101.6	16.7	0.114	0.7	111115
17	"09:56:09"	197.0	-12	0.865	512	16.4	2.4	6	1	2.84	36.03	35.18	36.09	499.47	503.21	16.585	32.460	28.20	55.19	600.0	-0	52	101.6	16.7	0.114	0.7	111115
18	"09:56:11"	198.0	-12.2	0.862	512	16.4	2.41	6	1	2.84	36.02	35.18	36.08	499.43	503.36	16.590	32.435	28.21	55.16	600.1	-0	57	101.6	16.7	0.114	0.7	111115
19	"09:56:12"	199.5	-12.2	0.858	512	16.3	2.41	6	1	2.84	36.02	35.17	36.08	499.44	503.36	16.595	32.407	28.23	55.12	600.0	-0	70	101.6	16.7	0.114	0.3	111115
20	"09:56:13"	200.5	-12.1	0.856	512	16.3	2.41	6	1	2.84	36.02	35.17	36.08	499.46	503.32	16.597	32.391	28.24	55.11	600.0	-0	78	101.6	16.7	0.114	0.3	111115
21	"09:56:14"	202.0	-11.8	0.853	511	16.3	2.41	6	1	2.84	36.01	35.17	36.07	499.58	503.16	16.603	32.367	28.25	55.08	600.0	-0	92	101.6	16.7	0.114	0.3	111115
22	"09:56:16"	203.0	-12	0.852	512	16.3	2.41	6	1	2.84	36.01	35.16	36.07	499.53	503.32	16.605	32.349	28.26	55.06	599.9	-0	99	101.6	16.7	0.114	0.3	111115
23	"09:56:17"	204.5	-12.1	0.85	513	16.2	2.41	6	1	2.84	36.00	35.16	36.07	499.55	503.45	16.612	32.327	28.28	55.03	600.0	-0	103	101.6	16.7	0.114	0.3	111115
24	"09:56:18"	205.5	-12	0.848	512	16.2	2.41	6	1	2.84	36.00	35.15	36.06	499.54	503.42	16.615	32.311	28.29	55.02	600.0	-0	104	101.6	16.7	0.114	0.3	111115
25	"09:56:19"	207.0	-11.9	0.846	512	16.2	2.41	6	1	2.84	36.00	35.15	36.06	499.60	503.38	16.622	32.287	28.31	54.99	600.0	-0	118	101.6	16.7	0.114	0.3	111115
26	"09:56:21"	208.0	-12	0.844	512	16.2	2.41	6	1	2.84	35.99	35.15	36.06	499.55	503.43	16.625	32.274	28.32	54.97	600.1	-0	129	101.6	16.7	0.114	0.3	111115
27	"09:56:22"	209.5	-12.1	0.842	513	16.1	2.42	6	1	2.84	35.99	35.15	36.05	499.53	503.52	16.633	32.261	28.34	54.96	600.0	-0	151	101.6	16.7	0.114	0.3	111115
28	"09:56:23"	210.5	-12.2	0.841	513	16.1	2.41	6	1	2.84	35.99	35.14	36.05	499.43	503.51	16.638	32.251	28.35	54.96	600.0	-0	161	101.6	16.7	0.114	0.7	111115
29	"09:56:24"	212.0	-12.1	0.84	513	16.1	2.41	6	1	2.84	35.98	35.13	36.05	499.47	503.51	16.645	32.232	28.37	54.94	600.0	-0	170	101.6	16.7	0.114	0.7	111115
30	"09:56:26"	213.0	-12.2	0.839	513	16.1	2.41	6	1	2.84	35.98	35.12	36.04	499.48	503.56	16.649	32.218	28.38	54.92	599.9	-0	173	101.6	16.7	0.114	0.7	111115
31	"09:56:27"	214.5	-12.1	0.837	513	16.1	2.41	6	1	2.84	35.98	35.12	36.04	499.55	503.57	16.656	32.199	28.40	54.90	600.0	-0	173	101.6	16.7	0.114	0.7	111115
32	"09:56:28"	215.5	-12.1	0.837	513	16.1	2.41	6	1	2.84	35.97	35.12	36.04	499.49	503.51	16.659	32.197	28.41	54.90	600.0	-0	173	101.6	16.7	0.114	0.7	111115
33	"09:56:29"	217.0	-12	0.837	513	16	2.41	6	1	2.84	35.97	35.11	36.03	499.51	503.46	16.665	32.195	28.42	54.91	600.0	-0	173	101.6	16.7	0.114	1.0	111115
34	"09:56:31"	218.0	-12.1	0.837	513	16	2.41	6	1	2.84	35.97	35.11	36.03	499.49	503.55	16.669	32.189	28.43	54.91	600.0	-0	173	101.6	16.7	0.114	1.0	111115
35	"09:56:32"	219.5	-12	0.836	513	16	2.41	6	1	2.84	35.96	35.10	36.03	499.54	503.49	16.677	32.185	28.46	54.91	600.0	-0	174	101.6	16.7	0.114	1.0	111115
36	"09:56:33"	220.5	-12.2	0.836	513	16	2.41	6	1	2.84	35.96	35.10	36.02	499.51	503.64	16.682	32.173	28.47	54.90	600.0	-0	174	101.6	16.7	0.114	1.0	111115
37	"09:56:34"	222.0	-12.2	0.835	513	16	2.41	6	1	2.84	35.96	35.09	36.02	499.50	503.62	16.688	32.159	28.49	54.89	600.0	-0	174	101.6	16.7	0.114	1.0	111115
38	"09:56:36"	223.0	-12.2	0.834	513	16	2.41	6	1	2.84	35.95	35.08	36.02	499.53	503.65	16.691	32.150	28.50	54.89	600.0	-0	174	101.6	16.7	0.114	1.0	111115
39	"09:56:37"	223.5	-12.2	0.834	513	16	2.41	6	1	2.84	35.95	35.08	36.02	499.51	503.67	16.693	32.143	28.50	54.88	600.0	-0	174	101.6	16.7	0.114	1.0	111115
40	"09:56:38"	225.5	-12.1	0.833	513	15.9	2.41	6	1	2.84	35.95	35.08	36.01	499.50	503.61	16.699	32.137	28.52	54.89	600.0	-0	174	101.6	16.7	0.114	1.0	111115
41	"09:56:39"	226.5	-12.2	0.833	513	15.9	2.41	6	1	2.84	35.94	35.08	36.01	499.52	503.65	16.705	32.136	28.54	54.90	600.0	-0	174	101.6	16.7	0.114	1.0	111115
42	"09:56:40"	228.0	-12.3	0.832	514	15.9	2.41	6	1	2.84	35.94	35.07	36.00	499.45	503.76	16.712	32.128	28.55	54.89	600.0	-0	175	101.6	16.7	0.114	1.0	111115
43	"09:56:42"	229.0	-12.4	0.832	514	15.9	2.4	6	1	2.84	35.94	35.06	36.00	499.38	503.81	16.716	32.123	28.57	54.89	600.0	-0	175	101.6	16.7	0.114	1.0	111115
44	"09:56:43"	230.5	-12.5	0.832	514	15.9	2.4	6	1	2.84	35.93	35.06	36.00	499.37	503.84	16.723	32.120	28.58	54.90	600.0	-0	176	101.6	16.7	0.114	1.0	111115
45	"09:56:44"	231.5	-12.5	0.832	514	15.9	2.4	6	1	2.84	35.93	35.06	35.99	499.42	503.90	16.726	32.121	28.59	54.91	600.0	-0	176	101.6	16.7	0.114	0.7	111115
46	"09:56:45"	233.0	-12.1	0.831	513	15.9	2.4	6	1	2.84	35.92	35.06	35.99	499.58	503.71	16.733	32.114	28.61	54.92	600.0	-0	176	101.6	16.7	0.114	0.7	111115
47	"09:56:47"	234.0	-12.2	0.83	514	15.9	2.4	6	1	2.84	35.92	35.06	35.99	499.59	503.82	16.737	32.107	28.62	54.91	600.0	-0	177	101.6	16.7	0.114	0.7	111115
48	"09:56:48"	235.5	-12.3	0.829	514	15.9	2.4	6	1	2.84	35.92	35.06	35.98	499.58	503.88	16.744	32.103	28.64	54.91	599.9	-0	177	101.6	16.7	0.114	0.7	111115
49	"09:56:49"	236.5	-12.3	0.829	514	15.9	2.4	6	1	2.84	35.92	35.05	35.98	499.59	503.91	16.749	32.103	28.65	54.92	599.9	-0	177	101.6	16.7	0.114	0.7	111115
50	"09:56:50"	238.0	-12.3	0.83	514	15.9	2.4	6	1	2.84	35.91	35.04	35.98	499.51	503.81	16.755	32.101	28.67	54.93	600.0	0	178	101.6	16.7	0.114	0.7	111115
51	"09:56:52"	239.0	-12.3	0.83	514	15.8	2.4	6	1	2.84	35.91	35.03	35.98	499.45	503.73	16.759	32.095	28.68	54.93	600.0	0	178	101.6	16.7	0.114	1.0	111115
52	"09:56:53"	240.5	-12.3	0.831	514	15.8	2.39	6	1	2.84	35.91	35.02	35.97	499.35	503.72	16.764	32.090	28.69	54.93	600.0	-0	178	101.6	16.7	0.114	1.0	111115
53	"09:56:54"	241.5	-12.4	0.83	514	15.8	2.39	6	1	2.84	35.90	35.02	35.97	499.36	503.80	16.768	32.083	28.71	54.93	599.9	-0	179	101.6	16.7	0.114	1.0	111115
54	"09:56:55"	243.0	-12.3	0.828	514	15.8	2.39	6	1	2.84	35.90	35.02	35.96	499.49	503.84	16.775	32.071	28.73	54.92	599.9	-0	179	101.6	16.7	0.114	1.0	111115
55	"09:56:57"	244.0	-12.3	0.828	514	15.8	2.39	6	1	2.84	35.90	35.01	35.96	499.56	503.90	16.781	32.061	28.74	54.91	599.9	-0	179	101.6	16.7	0.114	1.0	111115
56	"09:56:58"	245.5	-12.2	0.826	514	15.8	2.39	6	1	2.84	35.89	35.01	35.96	499.58	503.81	16.788	32.052	28.76	54.90	599.9	-0	179	101.6	16.7	0.114	1.0	111115
57	"09:56:59"	246.5	-12.2	0.827	514	15.8	2.39	6	1	2.84	35.89	35.01	35.95	499.55	503.83	16.791	32.054	28.77	54.92	599.9	-0	179	101.6	16.7	0.114	1.0	111115
58	"09:57:00"	248.0	-12.2	0.825	514	15.7	2.39	6	1	2.84	35.89	35.01	35.95	499.57	503.83	16.798	32.042	28.78	54.90	599.9	-0	178	101.6	16.7	0.114	1.0	111115
59	"09:57:02"	249.0	-12.2	0.824	514	15.7	2.39	6	1	2.84	35.88	35.00	35.95	499.54	503.86	16.802	32.031	28.79	54.89	599.9	-0	179	101.6	16.7	0.114	1.0	111115
60	"09:57:03"	250.5	-12.4	0.822	515	15.7	2.39	6	1	2.84	35.88	35.00	35.94	499.39	503.90	16.809	32.018	28.81	54.88	599.8	-0	177	101.6	16.7	0.114	1.0	111115
61	"09:57:04"	251.5	-12.4	0.823	515	15.7	2.39	6	1	2.84	35.88	35.00	35.94	499.37	503.88	16.813	32.021	28.82	54.89	599.9	-0	172	101.6	16.7	0.114	1.0	111115
62	"09:57:05"	253.0	-12.3	0.822	514	15.7	2.39	6	1	2.84	35.88	34.99	35.94	499.43	503.82	16.821	32.013	28.84	54.89	599.9	-0	161	101.6	16.7	0.114	1.0	111115
63	"09:57:07"	254.0	-12	0.822	514	15.7	2.39	6	1	2.84	35.87	34.99	35.94	499.60	503.72	16.826	32.010	28.85	54.89	599.9	-0	154	101.6	16.7	0.114	1.0	111115
64	"09:57:08"	255.5	-12.1	0.82	514	15.7	2.39	6	1	2.84	35.87	34.99	35.93	499.65	503.83	16.832	31.997	28.87	54.87	599.9	-0	143	101.6	16.7	0.114	1.0	111115
65	"09:57:09"	256.5	-12.2	0.82	514	15.7	2.39	6	1	2.84	35.87	34.98	35.93	499.59	503.86	16.835	31.999	28.88	54.89	599.8	-0	123	101.6	16.7	0.114	1.0	111115
66	"09:57:10"	258.0	-12.3	0.818	515	15.6	2.39	6	1	2.84	35.86	34.99	35.93	499.55	503.98	16.839	31.977	28.89	54.86	599.9	-0	95	101.6	16.7	0.114	1.0	111115
67	"09:57:12"	259.0	-12.2	0.815	514	15.6	2.4	6	1	2.84	35.86	34.99	35.92	499.55	503.91	16.843	31.972	28.90	54.86	599.9	-0	93	101.6	16.7	0.114	1.0	111115
68	"09:57:13"	260.5	-12.1	0.811	514	15.6	2.4	6	1	2.84	35.86	35.01	35.92	499.55	503.85	16.850	31.950	28.91	54.82	600.0	-0	109	101.6	16.7	0.114	1.0	111115
69	"09:57:14"	261.5	-12.1	0.807	514	15.6	2.41	6	1	2.84	35.86	35.01	35.92	499.53	503.78	16.853	31.928	28.92	54.79	600.0	-0	122	101.6	16.7	0.114	1.0	111115
70	"09:57:15"	263.0	-12.1	0.803	514	15.5	2.41	6	1	2.84	35.86	35.01	35.92	499.50	503.74	16.861	31.887	28.94	54.72	600.0	-0	135	101.6	16.7	0.114	1.0	111115
71	"09:57:17"	264.0	-12	0.8	514	15.5	2.41	6	1	2.84	35.86	35.00	35.91	499.49	503.69	16.865	31.858	28.95	54.68	600.0	-0	145	101.6	16.7	0.114	1.0	111115
72	"09:57:18"	265.5	-12	0.798	514	15.5	2.41	6	1	2.84	35.85	35.00	35.91	499.48	503.73	16.871	31.830	28.96	54.64	600.0	-0	164	101.6	16.7	0.114	1.0	111115
73	"09:57:19"	266.5	-12.1	0.796	514	15.4	2.41	6	1	2.84	35.85	34.99	35.91	499.44	503.77	16.875	31.817	28.97	54.63	600.0	-0	173	101.6	16.7	0.114	1.0	111115
74	"09:57:20"	268.0	-12.3	0.794	515	15.4	2.41	6	1	2.84	35.85	34.99	35.91	499.38	503.88	16.880	31.797	28.99	54.60	600.0	-0	175	101.6	16.7	0.114	1.0	111115
75	"09:57:22"	269.0	-12.2	0.791	515	15.4	2.42	6	1	2.84	35.85	35.00	35.90	499.45	503.91	16.884	31.785	29.00	54.59	600.0	-0	175	101.6	16.7	0.114	1.0	111115
76	"09:57:23"	270.5	-12.1	0.787	515	15.4	2.42	6	1	2.84	35.84	35.01	35.90	499.48	503.87	16.890	31.762	29.01	54.55	599.9	-0	174	101.6	16.7	0.114	1.0	111115
77	"09:57:24"	271.5	-12	0.785	514	15.3	2.43	6	1	2.84	35.84	35.02	35.90	499.51	503.81	16.894	31.756	29.02	54.55	599.9	-0	174	101.6	16.7	0.114	1.0	111115
78	"09:57:25"	273.0	-12.1	0.782	515	15.3	2.43	6	1	2.84	35.84	35.03	35.90	499.51	503.89	16.900	31.740	29.03	54.53	600.0	-0	174	101.6	16.7	0.114	1.0	111115
79	"09:57:27"	274.0	-12	0.781	515	15.3	2.43	6	1	2.84	35.84	35.03	35.89	499.57	503.86	16.904	31.738	29.04	54.53	600.0	-0	174	101.6	16.7	0.114	1.0	111115
80	"09:57:28"	275.5	-12	0.78	515	15.3	2.43	6	1	2.84	35.84	35.03	35.89	499.63	503.92	16.910	31.730	29.06	54.52	600.0	-0	173	101.6	16.7	0.114	1.0	111115
81	"09:57:29"	276.5	-11.9	0.779	514	15.3	2.43	6	1	2.84	35.83	35.02	35.89	499.66	503.89	16.915	31.726	29.07	54.52	600.1	-0	172	101.6	16.7	0.114	1.0	111115
82	"09:57:30"	278.0	-12.1	0.779	515	15.3	2.43	6	1	2.84	35.83	35.02	35.89	499.58	503.95	16.922	31.722	29.08	54.51	600.0	-0	172	101.6	16.7	0.114	1.0	111115
83	"09:57:32"	279.0	-12.1	0.778	515	15.3	2.43	6	1	2.84	35.83	35.02	35.89	499.58	503.95	16.927	31.719	29.09	54.51	600.0	-0	171	101.6	16.7	0.114	1.0	111115
84	"09:57:33"	280.5	-12.2	0.778	515	15.3	2.43	6	1	2.84	35.83	35.02	35.88	499.52	504.05	16.933	31.720	29.10	54.52	599.9	-0	170	101.6	16.7	0.114	1.0	111115
85	"09:57:34"	281.5	-12.2	0.778	515	15.3	2.43	6	1	2.84	35.83	35.02	35.88	499.50	504.03	16.937	31.719	29.11	54.52	599.9	-0	170	101.6	16.7	0.114	1.0	111115
86	"09:57:35"	283.0	-12.2	0.777	515	15.3	2.43	6	1	2.84	35.83	35.02	35.88	499.50	504.05	16.943	31.713	29.13	54.52	600.0	-0	169	101.6	16.7	0.114	1.0	111115
87	"09:57:37"	284.0	-12.1	0.777	515	15.3	2.43	6	1	2.84	35.83	35.02	35.88	499.50	503.96	16.948	31.713	29.14	54.52	600.1	-0	169	101.6	16.7	0.114	1.0	111115
88	"09:57:38"	285.5	-12	0.777	515	15.3	2.43	6	1	2.84	35.82	35.02	35.88	499.57	503.88	16.954	31.723	29.15	54.54	600.0	-0	168	101.6	16.7	0.114	1.0	111115
89	"09:57:39"	286.5	-12	0.777	515	15.3	2.43	6	1	2.84	35.82	35.02	35.88	499.51	503.87	16.957	31.725	29.16	54.55	599.9	-0	167	101.6	16.7	0.114	1.0	111115
90	"09:57:40"	288.0	-12.1	0.778	515	15.3	2.43	6	1	2.84	35.82	35.02	35.87	499.45	503.90	16.962	31.733	29.17	54.56	599.9	-0	166	101.6	16.7	0.114	1.0	111115
91	"09:57:42"	289.0	-12.3	0.777	515	15.2	2.43	6	1	2.84	35.82	35.02	35.87	499.42	504.02	16.966	31.733	29.18	54.57	599.9	-0	166	101.6	16.7	0.114	1.0	111115
92	"09:57:43"	290.5	-12.2	0.777	515	15.2	2.43	6	1	2.84	35.82	35.02	35.87	499.46	504.01	16.971	31.733	29.19	54.57	600.0	-0	165	101.6	16.7	0.114	1.0	111115
93	"09:57:44"	291.5	-12.3	0.777	516	15.2	2.43	6	1	2.84	35.82	35.02	35.87	499.46	504.11	16.975	31.732	29.19	54.57	600.1	-0	165	101.6	16.7	0.114	1.0	111115
94	"09:57:45"	293.0	-12.4	0.775	516	15.2	2.43	6	1	2.84	35.82	35.02	35.87	499.42	504.10	16.980	31.726	29.21	54.57	600.1	-0	164	101.6	16.7	0.114	1.0	111115
95	"09:57:46"	293.5	-12.3	0.775	516	15.2	2.43	6	1	2.84	35.82	35.03	35.87	499.42	504.07	16.983	31.728	29.21	54.57	600.1	-0	163	101.6	16.7	0.114	1.0	111115
96	"09:57:47"	294.5	-12.5	0.774	516	15.2	2.43	6	1	2.84	35.82	35.03	35.86	499.43	504.22	16.987	31.732	29.22	54.59	600.1	-0	163	101.6	16.7	0.114	1.0	111115
97	"09:57:49"	296.0	-12.3	0.774	516	15.2	2.43	6	1	2.84	35.81	35.03	35.86	499.54	504.18	16.994	31.736	29.24	54.60	600.0	-0	161	101.6	16.7	0.114	1.0	111115
98	"09:57:50"	297.5	-12.6	0.774	517	15.2	2.43	6	1	2.84	35.81	35.03	35.86	499.49	504.38	17.001	31.735	29.25	54.60	599.9	-0	159	101.6	16.7	0.114	1.0	111115
99	"09:57:51"	298.5	-12.4	0.774	516	15.2	2.43	6	1	2.84	35.81	35.02	35.86	499.51	504.28	17.005	31.736	29.26	54.60	599.9	-0	158	101.6	16.7	0.114	0.7	111115
100	"09:57:52"	300.0	-12.6	0.775	517	15.2	2.43	6	1	2.84	35.81	35.02	35.86	499.42	504.32	17.010	31.733	29.27	54.60	599.9	-0	157	101.6	16.7	0.114	0.7	111115
101	"09:57:53"	300.5	-12.6	0.776	517	15.2	2.43	6	1	2.84	35.81	35.02	35.86	499.42	504.34	17.013	31.741	29.27	54.62	600.0	-0	157	101.6	16.7	0.114	0.7	111115
102	"09:57:55"	302.5	-12.5	0.775	516	15.2	2.43	6	1	2.84	35.81	35.01	35.86	499.43	504.24	17.022	31.731	29.29	54.60	600.0	-0	156	101.6	16.7	0.114	0.7	111115
103	"09:57:56"	303.5	-12.4	0.773	516	15.2	2.43	6	1	2.84	35.81	35.01	35.86	499.44	504.20	17.026	31.720	29.30	54.59	600.0	0	155	101.6	16.7	0.114	0.7	111115
104	"09:57:57"	305.0	-12.3	0.772	516	15.2	2.43	6	1	2.84	35.81	35.01	35.85	499.47	504.12	17.031	31.714	29.31	54.58	600.0	-0	154	101.6	16.7	0.114	0.7	111115
105	"09:57:59"	306.0	-12.3	0.771	516	15.2	2.43	6	1	2.84	35.81	35.01	35.85	499.52	504.14	17.037	31.713	29.32	54.58	600.0	-0	154	101.6	16.7	0.114	1.0	111115
106	"09:58:00"	307.5	-12.1	0.771	515	15.2	2.43	6	1	2.84	35.80	35.01	35.85	499.52	503.96	17.042	31.712	29.33	54.59	600.0	-0	153	101.6	16.7	0.114	1.0	111115
107	"09:58:01"	308.0	-12	0.771	515	15.1	2.43	6	1	2.84	35.80	35.01	35.85	499.52	503.93	17.045	31.714	29.34	54.59	600.0	-0	153	101.6	16.7	0.114	1.0	111115
108	"09:58:02"	309.0	-12.1	0.77	515	15.1	2.43	6	1	2.84	35.80	35.01	35.85	499.57	504.01	17.049	31.711	29.35	54.59	600.0	-0	152	101.6	16.7	0.114	1.0	111115
109	"09:58:03"	310.5	-12.3	0.77	516	15.1	2.43	6	1	2.84	35.80	35.01	35.85	499.51	504.13	17.054	31.709	29.36	54.59	599.9	-0	152	101.6	16.7	0.114	1.0	111115
110	"09:58:04"	312.0	-12.2	0.769	516	15.1	2.43	6	1	2.84	35.80	35.01	35.84	499.59	504.18	17.061	31.702	29.37	54.58	599.9	-0	151	101.6	16.7	0.114	1.0	111115
111	"09:58:06"	313.0	-12.1	0.768	515	15.1	2.43	6	1	2.84	35.80	35.01	35.84	499.54	504.03	17.066	31.690	29.38	54.56	600.0	-0	151	101.6	16.7	0.114	1.0	111115
112	"09:58:07"	314.5	-12.1	0.767	515	15.1	2.43	6	1	2.84	35.80	35.01	35.84	499.50	504.02	17.073	31.685	29.40	54.56	600.1	-0	150	101.6	16.7	0.114	1.0	111115
113	"09:58:08"	315.5	-12.2	0.765	516	15.1	2.43	6	1	2.84	35.80	35.01	35.84	499.42	504.02	17.077	31.676	29.41	54.55	600.1	-0	150	101.6	16.7	0.114	0.7	111115
114	"09:58:09"	316.0	-12.3	0.765	516	15.1	2.43	6	1	2.84	35.80	35.01	35.84	499.41	504.08	17.079	31.671	29.41	54.54	600.1	-0	149	101.6	16.7	0.114	0.7	111115
115	"09:58:10"	318.0	-12.3	0.764	516	15.1	2.43	6	1	2.84	35.79	35.00	35.84	499.46	504.19	17.087	31.668	29.43	54.54	600.0	-0	149	101.6	16.7	0.114	1.0	111115
116	"09:58:12"	319.0	-12.3	0.764	516	15.1	2.43	6	1	2.84	35.79	35.00	35.84	499.52	504.21	17.092	31.668	29.44	54.54	599.9	-0	148	101.6	16.7	0.114	1.0	111115
117	"09:58:13"	320.5	-12.3	0.763	516	15	2.43	6	1	2.84	35.79	35.00	35.84	499.56	504.28	17.096	31.662	29.45	54.53	599.9	-0	148	101.6	16.7	0.114	1.0	111115
118	"09:58:14"	321.5	-12.3	0.762	516	15	2.43	6	1	2.84	35.79	35.01	35.84	499.61	504.29	17.101	31.660	29.45	54.53	599.9	-0	148	101.6	16.7	0.114	1.0	111115
119	"09:58:15"	323.0	-12.2	0.761	516	15	2.43	6	1	2.84	35.79	35.01	35.84	499.59	504.25	17.107	31.652	29.47	54.52	600.0	-0	147	101.6	16.7	0.114	1.0	111115
120	"09:58:17"	324.0	-12.2	0.76	516	15	2.43	6	1	2.84	35.79	35.01	35.84	499.55	504.18	17.113	31.650	29.48	54.52	600.1	-0	147	101.6	16.7	0.114	1.0	111115
121	"09:58:18"	325.5	-12.3	0.759	516	15	2.43	6	1	2.84	35.79	35.01	35.83	499.50	504.20	17.119	31.646	29.49	54.51	600.1	-0	147	101.6	16.7	0.114	1.0	111115
122	"09:58:19"	326.0	-12.3	0.759	516	15	2.44	6	1	2.84	35.79	35.01	35.83	499.51	504.21	17.122	31.645	29.49	54.51	600.1	-0	146	101.6	16.7	0.114	1.0	111115
123	"09:58:20"	327.5	-12.3	0.757	516	15	2.44	6	1	2.84	35.79	35.01	35.83	499.51	504.26	17.127	31.636	29.51	54.50	600.0	-0	146	101.6	16.7	0.114	1.0	111115
124	"09:58:21"	329.0	-12.3	0.755	516	15	2.44	6	1	2.84	35.79	35.01	35.83	499.51	504.24	17.134	31.627	29.52	54.49	600.0	-0	146	101.6	16.7	0.114	1.0	111115
125	"09:58:23"	330.0	-12.4	0.755	517	15	2.44	6	1	2.84	35.79	35.01	35.83	499.45	504.33	17.138	31.628	29.53	54.49	599.9	-0	145	101.6	16.7	0.114	1.0	111115
126	"09:58:24"	331.5	-12.5	0.754	517	15	2.44	6	1	2.84	35.79	35.02	35.83	499.44	504.39	17.143	31.623	29.54	54.49	600.0	-0	145	101.6	16.7	0.114	1.0	111115
127	"09:58:25"	332.0	-12.5	0.754	517	14.9	2.44	6	1	2.84	35.79	35.01	35.83	499.46	504.40	17.145	31.620	29.54	54.48	600.0	-0	145	101.6	16.7	0.114	1.0	111115
128	"09:58:26"	333.5	-12.6	0.752	517	14.9	2.44	6	1	2.84	35.79	35.01	35.83	499.41	504.48	17.151	31.606	29.55	54.46	600.0	-0	145	101.6	16.7	0.114	0.7	111115
129	"09:58:27"	335.0	-12.6	0.75	518	14.9	2.44	6	1	2.84	35.79	35.01	35.83	499.41	504.52	17.157	31.589	29.56	54.43	600.0	-0	145	101.6	16.7	0.114	0.7	111115
130	"09:58:29"	336.0	-12.6	0.75	518	14.9	2.44	6	1	2.84	35.79	35.01	35.83	499.41	504.53	17.162	31.584	29.57	54.42	600.0	-0	145	101.6	16.7	0.114	0.7	111115
131	"09:58:30"	337.5	-12.4	0.749	517	14.9	2.44	6	1	2.84	35.78	35.01	35.83	499.50	504.41	17.170	31.584	29.59	54.42	599.9	-0	145	101.6	16.7	0.114	0.7	111115
132	"09:58:31"	338.5	-12.4	0.748	517	14.9	2.44	6	1	2.84	35.78	35.01	35.83	499.46	504.34	17.175	31.584	29.60	54.43	600.0	-0	145	101.6	16.7	0.114	1.0	111115
133	"09:58:32"	340.0	-12.1	0.746	516	14.9	2.44	6	1	2.84	35.78	35.01	35.82	499.55	504.20	17.182	31.567	29.61	54.40	600.0	-0	146	101.6	16.7	0.114	1.0	111115
134	"09:58:34"	341.0	-12.1	0.744	516	14.8	2.45	6	1	2.84	35.78	35.02	35.82	499.57	504.22	17.187	31.556	29.62	54.38	600.0	0	146	101.6	16.7	0.114	1.0	111115
135	"09:58:35"	342.5	-12.1	0.743	516	14.8	2.45	6	1	2.84	35.78	35.01	35.82	499.63	504.25	17.193	31.546	29.63	54.37	600.0	-0	146	101.6	16.7	0.114	1.0	111115
136	"09:58:36"	343.0	-12.1	0.742	516	14.8	2.45	6	1	2.84	35.78	35.02	35.82	499.64	504.25	17.196	31.542	29.63	54.36	600.0	-0	147	101.6	16.7	0.114	1.0	111115
137	"09:58:37"	344.5	-12.1	0.741	516	14.8	2.45	6	1	2.84	35.78	35.02	35.82	499.56	504.21	17.204	31.532	29.65	54.34	600.0	-0	147	101.6	16.7	0.114	1.0	111115
138	"09:58:38"	346.0	-12.3	0.739	517	14.8	2.45	6	1	2.84	35.78	35.02	35.82	499.49	504.32	17.210	31.524	29.66	54.33	600.0	-0	147	101.6	16.7	0.114	1.0	111115
139	"09:58:40"	347.0	-12.2	0.739	517	14.8	2.45	6	1	2.84	35.78	35.02	35.82	499.50	504.30	17.215	31.522	29.67	54.33	600.0	-0	148	101.6	16.7	0.114	1.0	111115
140	"09:58:41"	348.5	-12.3	0.738	517	14.8	2.45	6	1	2.84	35.78	35.01	35.82	499.51	504.34	17.219	31.515	29.68	54.32	600.0	-0	148	101.6	16.7	0.114	1.0	111115
141	"09:58:42"	349.5	-12.2	0.737	517	14.8	2.45	6	1	2.84	35.78	35.01	35.82	499.57	504.34	17.223	31.509	29.69	54.31	600.0	-0	148	101.6	16.7	0.114	1.0	111115
142	"09:58:43"	351.0	-12.1	0.735	516	14.7	2.45	6	1	2.84	35.78	35.01	35.82	499.52	504.18	17.229	31.495	29.70	54.29	599.9	-0	149	101.6	16.7	0.114	1.0	111115
143	"09:58:45"	352.0	-12	0.734	516	14.7	2.45	6	1	2.84	35.78	35.02	35.82	499.57	504.17	17.235	31.489	29.71	54.28	599.9	-0	149	101.6	16.7	0.114	1.0	111115
144	"09:58:46"	353.5	-12.2	0.733	517	14.7	2.45	6	1	2.84	35.78	35.02	35.82	499.46	504.24	17.243	31.486	29.72	54.28	600.0	-0	149	101.6	16.7	0.114	1.0	111115
145	"09:58:47"	354.5	-12.2	0.732	517	14.7	2.46	6	1	2.84	35.78	35.02	35.82	499.50	504.26	17.248	31.487	29.73	54.27	600.1	-0	150	101.6	16.7	0.114	1.0	111115
146	"09:58:48"	356.0	-12.3	0.732	517	14.7	2.45	6	1	2.84	35.78	35.02	35.82	499.52	504.40	17.254	31.484	29.74	54.27	600.0	-0	150	101.6	16.7	0.114	1.0	111115
147	"09:58:50"	357.0	-12.1	0.731	517	14.7	2.46	6	1	2.84	35.78	35.02	35.82	499.59	504.33	17.257	31.474	29.75	54.25	600.0	-0	150	101.6	16.7	0.114	1.0	111115
148	"09:58:51"	358.5	-12.4	0.731	518	14.7	2.45	6	1	2.84	35.78	35.01	35.81	499.57	504.56	17.263	31.471	29.76	54.25	600.0	-0	150	101.6	16.7	0.114	1.0	111115
149	"09:58:52"	359.5	-12.2	0.73	517	14.7	2.45	6	1	2.84	35.78	35.01	35.81	499.59	504.38	17.268	31.460	29.77	54.23	600.0	-0	150	101.6	16.7	0.114	1.0	111115
150	"09:58:53"	361.0	-12.3	0.729	517	14.6	2.45	6	1	2.84	35.78	35.01	35.81	499.48	504.38	17.275	31.452	29.78	54.22	600.0	0	151	101.6	16.7	0.114	1.0	111115
151	"09:58:55"	362.0	-12.1	0.728	517	14.6	2.45	6	1	2.84	35.78	35.01	35.81	499.49	504.21	17.278	31.447	29.79	54.22	600.0	-0	151	101.6	16.7	0.114	1.0	111115
152	"09:58:56"	363.5	-12.2	0.727	517	14.6	2.45	6	1	2.84	35.77	35.01	35.81	499.49	504.30	17.285	31.446	29.80	54.22	600.0	-0	152	101.6	16.7	0.114	1.0	111115
153	"09:58:57"	364.5	-12.2	0.727	517	14.6	2.45	6	1	2.84	35.77	35.01	35.81	499.50	504.29	17.288	31.441	29.81	54.21	600.0	-0	152	101.6	16.7	0.114	1.0	111115
154	"09:58:58"	366.0	-12.2	0.725	517	14.6	2.46	6	1	2.84	35.77	35.00	35.81	499.56	504.43	17.295	31.426	29.82	54.19	600.1	-0	153	101.6	16.7	0.114	1.0	111115
155	"09:59:00"	367.0	-12.2	0.724	517	14.6	2.46	6	1	2.84	35.77	35.00	35.81	499.59	504.40	17.:59:33"	400.5	-12.2	0.705	518	14.2	2.45	6	1	2.84	35.71	34.93	35.77	499.58	504.60	17.462	31.251	30.21	54.06	600.0	-0	171	101.6	16.7	0.114	1.0	111115
183	"09:59:34"	401.5	-12.2	0.706	518	14.2	2.45	6	1	2.84	35.71	34.92	35.76	499.55	504.58	17.466	31.252	30.22	54.07	600.0	-0	171	101.6	16.7	0.114	1.0	111115
184	"09:59:35"	403.0	-12.2	0.705	518	14.2	2.45	6	1	2.84	35.71	34.91	35.76	499.52	504.59	17.472	31.238	30.23	54.05	600.0	-0	172	101.6	16.7	0.114	1.0	111115
185	"09:59:37"	404.0	-12.2	0.705	518	14.2	2.45	6	1	2.84	35.71	34.91	35.76	499.57	504.64	17.478	31.232	30.24	54.04	600.0	-0	172	101.6	16.7	0.114	1.0	111115
186	"09:59:38"	405.5	-12.2	0.702	518	14.2	2.45	6	1	2.84	35.71	34.92	35.76	499.49	504.52	17.487	31.224	30.26	54.04	600.0	-0	173	101.6	16.7	0.114	1.0	111115
187	"09:59:39"	406.5	-12.2	0.7	518	14.2	2.45	6	1	2.84	35.70	34.93	35.76	499.47	504.56	17.491	31.217	30.27	54.03	600.0	-0	173	101.6	16.7	0.114	1.0	111115
188	"09:59:40"	408.0	-12.1	0.7	518	14.2	2.45	6	1	2.84	35.70	34.93	35.75	499.52	504.50	17.496	31.215	30.29	54.03	600.0	-0	174	101.6	16.7	0.114	1.0	111115
189	"09:59:42"	409.0	-12.2	0.699	518	14.2	2.45	6	1	2.84	35.70	34.93	35.75	499.52	504.59	17.500	31.215	30.29	54.04	600.0	-0	174	101.6	16.7	0.114	0.7	111115
190	"09:59:43"	410.5	-12	0.699	518	14.1	2.45	6	1	2.84	35.70	34.92	35.75	499.60	504.50	17.507	31.210	30.31	54.03	600.0	-0	175	101.6	16.7	0.114	0.7	111115
191	"09:59:44"	411.5	-12.1	0.699	518	14.1	2.45	6	1	2.84	35.70	34.92	35.75	499.51	504.53	17.512	31.204	30.32	54.03	600.0	-0	175	101.6	16.7	0.114	0.7	111115
192	"09:59:45"	413.0	-12.1	0.698	518	14.1	2.45	6	1	2.84	35.70	34.92	35.75	499.51	504.49	17.520	31.196	30.34	54.02	600.0	-0	175	101.6	16.7	0.114	1.0	111115
193	"09:59:47"	414.0	-12.2	0.696	519	14.1	2.45	6	1	2.84	35.69	34.92	35.74	499.46	504.57	17.526	31.189	30.35	54.01	599.9	-0	176	101.6	16.7	0.114	1.0	111115
194	"09:59:48"	415.5	-12.4	0.695	519	14.1	2.45	6	1	2.84	35.69	34.91	35.74	499.39	504.70	17.534	31.181	30.37	54.00	599.9	-0	176	101.6	16.7	0.114	1.0	111115
195	"09:59:49"	416.5	-12.5	0.695	519	14.1	2.45	6	1	2.84	35.69	34.91	35.74	499.32	504.70	17.537	31.176	30.37	54.00	600.0	-0	176	101.6	16.7	0.114	1.0	111115
196	"09:59:50"	418.0	-12.4	0.695	519	14.1	2.45	6	1	2.84	35.69	34.91	35.74	499.34	504.68	17.544	31.175	30.39	54.00	600.0	-0	177	101.6	16.7	0.114	1.0	111115
197	"09:59:52"	419.0	-12.5	0.694	519	14.1	2.45	6	1	2.84	35.69	34.91	35.74	499.38	504.74	17.548	31.174	30.40	54.00	600.0	-0	177	101.6	16.7	0.114	1.0	111115
198	"09:59:53"	420.5	-12.2	0.694	518	14.1	2.45	6	1	2.84	35.69	34.91	35.74	499.51	504.57	17.557	31.172	30.42	54.00	600.0	-0	177	101.6	16.7	0.114	1.0	111115
199	"09:59:54"	421.5	-12.3	0.693	519	14	2.45	6	1	2.84	35.69	34.91	35.73	499.51	504.67	17.562	31.168	30.43	54.00	600.0	-0	178	101.6	16.7	0.114	1.0	111115
200	"09:59:55"	423.0	-12.2	0.692	519	14	2.45	6	1	2.84	35.69	34.91	35.73	499.53	504.61	17.569	31.162	30.44	53.99	600.0	-0	178	101.6	16.7	0.114	1.0	111115
201	"09:59:57"	424.0	-12.1	0.691	518	14	2.45	6	1	2.84	35.68	34.91	35.73	499.55	504.61	17.573	31.159	30.45	53.99	600.1	-0	178	101.6	16.7	0.114	1.0	111115
202	"09:59:58"	425.5	-12.1	0.69	518	14	2.45	6	1	2.84	35.68	34.91	35.73	499.53	504.56	17.580	31.152	30.46	53.98	600.1	-0	179	101.6	16.7	0.114	1.0	111115
203	"09:59:59"	426.5	-12.2	0.689	519	14	2.45	6	1	2.84	35.68	34.91	35.73	499.45	504.61	17.586	31.144	30.47	53.97	600.0	-0	178	101.6	16.7	0.114	1.0	111115
204	"10:00:00"	428.0	-12.2	0.688	519	14	2.45	6	1	2.84	35.68	34.91	35.72	499.43	504.63	17.593	31.139	30.49	53.97	600.0	-0	172	101.6	16.7	0.114	1.0	111115
205	"10:00:02"	429.0	-12.4	0.687	519	14	2.46	6	1	2.84	35.68	34.91	35.72	499.41	504.72	17.598	31.136	30.50	53.96	600.0	-0	172	101.6	16.7	0.114	1.0	111115
206	"10:00:03"	430.5	-12.2	0.687	519	14	2.46	6	1	2.84	35.68	34.91	35.72	499.46	504.65	17.604	31.137	30.51	53.97	600.0	-0	168	101.6	16.7	0.114	1.0	111115
207	"10:00:04"	431.5	-12.2	0.686	519	14	2.46	6	1	2.84	35.68	34.91	35.72	499.51	504.66	17.608	31.137	30.52	53.97	600.0	-0	170	101.6	16.7	0.114	1.0	111115
208	"10:00:05"	432.0	-12.2	0.686	519	14	2.46	6	1	2.84	35.68	34.91	35.72	499.50	504.68	17.611	31.134	30.53	53.97	600.0	-0	171	101.6	16.7	0.114	1.0	111115
209	"10:00:06"	434.0	-12	0.685	518	13.9	2.46	6	1	2.84	35.67	34.91	35.72	499.59	504.59	17.619	31.132	30.55	53.97	600.0	-0	175	101.6	16.7	0.114	1.0	111115
210	"10:00:08"	435.0	-12.1	0.685	518	13.9	2.46	6	1	2.84	35.67	34.91	35.71	499.54	504.56	17.623	31.128	30.55	53.97	600.0	-0	182	101.6	16.7	0.114	1.0	111115
211	"10:00:09"	436.5	-12	0.684	518	13.9	2.46	6	1	2.84	35.67	34.92	35.71	499.57	504.53	17.629	31.131	30.56	53.97	600.0	-0	183	101.6	16.7	0.114	1.0	111115
212	"10:00:10"	437.5	-12.1	0.683	519	13.9	2.46	6	1	2.84	35.67	34.92	35.71	499.53	504.64	17.633	31.123	30.57	53.96	600.0	-0	183	101.6	16.7	0.114	1.0	111115
213	"10:00:11"	439.0	-12.3	0.682	520	13.9	2.46	6	1	2.84	35.67	34.91	35.71	499.45	504.77	17.640	31.113	30.59	53.95	600.0	-0	184	101.6	16.7	0.114	1.0	111115
214	"10:00:13"	440.0	-12.3	0.682	519	13.9	2.46	6	1	2.84	35.67	34.91	35.71	499.46	504.74	17.645	31.113	30.60	53.96	599.9	-0	184	101.6	16.7	0.114	1.0	111115
215	"10:00:14"	441.5	-12.2	0.681	519	13.9	2.46	6	1	2.84	35.67	34.91	35.71	499.45	504.66	17.652	31.105	30.61	53.95	599.9	-0	185	101.6	16.7	0.114	1.0	111115
216	"10:00:15"	442.5	-12	0.68	518	13.9	2.46	6	1	2.84	35.67	34.90	35.70	499.51	504.53	17.657	31.098	30.62	53.94	599.9	-0	185	101.6	16.7	0.114	1.0	111115
217	"10:00:16"	444.0	-12.2	0.678	519	13.8	2.46	6	1	2.84	35.67	34.90	35.70	499.50	504.68	17.663	31.079	30.64	53.91	600.0	-0	185	101.6	16.7	0.114	1.0	111115
218	"10:00:18"	445.0	-12.2	0.677	519	13.8	2.46	6	1	2.84	35.66	34.90	35.70	499.57	504.76	17.667	31.071	30.65	53.90	600.1	-0	185	101.6	16.7	0.114	1.0	111115
219	"10:00:19"	446.5	-12.2	0.677	519	13.8	2.46	6	1	2.84	35.66	34.91	35.70	499.58	504.77	17.672	31.072	30.66	53.90	600.1	-0	186	101.6	16.7	0.114	1.0	111115
220	"10:00:20"	447.5	-12.1	0.677	519	13.8	2.46	6	1	2.84	35.66	34.91	35.70	499.54	504.68	17.674	31.076	30.66	53.91	600.1	-0	186	101.6	16.7	0.114	1.0	111115
221	"10:00:21"	448.0	-12.2	0.677	519	13.8	2.46	6	1	2.84	35.66	34.91	35.70	499.53	504.74	17.675	31.077	30.66	53.91	600.0	-0	186	101.6	16.7	0.114	1.0	111115
222	"10:00:22"	450.0	-12.4	0.674	520	13.8	2.47	6	1	2.84	35.66	34.92	35.70	499.37	504.79	17.683	31.071	30.68	53.90	600.0	-0	186	101.6	16.7	0.114	1.0	111115
223	"10:00:24"	451.0	-12.3	0.673	520	13.8	2.47	6	1	2.84	35.66	34.93	35.70	499.37	504.74	17.688	31.070	30.69	53.91	600.0	-0	186	101.6	16.7	0.114	1.0	111115
224	"10:00:25"	451.5	-12.3	0.673	520	13.8	2.47	6	1	2.84	35.66	34.93	35.70	499.38	504.72	17.691	31.063	30.69	53.89	600.0	-0	186	101.6	16.7	0.114	1.0	111115
225	"10:00:26"	453.5	-12.1	0.672	519	13.8	2.47	6	1	2.84	35.66	34.92	35.69	499.48	504.67	17.701	31.059	30.71	53.89	600.0	-0	186	101.6	16.7	0.114	1.0	111115
226	"10:00:27"	455.0	-12	0.672	519	13.8	2.47	6	1	2.84	35.66	34.92	35.69	499.55	504.62	17.707	31.059	30.72	53.89	600.0	-0	187	101.6	16.7	0.114	1.0	111115
227	"10:00:29"	456.0	-12.1	0.672	519	13.8	2.47	6	1	2.84	35.66	34.92	35.69	499.58	504.74	17.710	31.058	30.73	53.89	599.9	-0	187	101.6	16.7	0.114	1.0	111115
228	"10:00:30"	457.5	-12.1	0.67	519	13.8	2.47	6	1	2.84	35.66	34.92	35.69	499.60	504.74	17.716	31.052	30.74	53.88	600.0	-0	187	101.6	16.7	0.114	1.0	111115
229	"10:00:31"	458.5	-12.3	0.67	520	13.8	2.47	6	1	2.84	35.66	34.92	35.69	499.54	504.86	17.720	31.053	30.75	53.89	600.0	-0	187	101.6	16.7	0.114	1.0	111115
230	"10:00:32"	460.0	-12.2	0.67	519	13.8	2.47	6	1	2.84	35.66	34.92	35.69	499.53	504.76	17.726	31.052	30.76	53.89	600.1	-0	187	101.6	16.7	0.114	1.0	111115
231	"10:00:34"	461.0	-12.2	0.67	520	13.8	2.47	6	1	2.84	35.66	34.92	35.69	499.52	504.77	17.729	31.050	30.77	53.89	600.1	-0	187	101.6	16.7	0.114	1.0	111115
232	"10:00:35"	462.5	-12	0.669	519	13.7	2.47	6	1	2.84	35.66	34.92	35.69	499.58	504.67	17.734	31.048	30.78	53.88	600.0	-0	187	101.6	16.7	0.114	1.0	111115
233	"10:00:36"	463.5	-12.1	0.668	519	13.7	2.47	6	1	2.84	35.66	34.92	35.69	499.55	504.71	17.739	31.044	30.79	53.88	600.0	-0	183	101.6	16.7	0.114	1.0	111115
234	"10:00:37"	465.0	-11.9	0.667	519	13.7	2.47	6	1	2.84	35.65	34.92	35.69	499.59	504.59	17.746	31.038	30.80	53.87	600.0	-0	164	101.6	16.7	0.114	1.0	111115
235	"10:00:39"	466.0	-12	0.666	519	13.7	2.47	6	1	2.84	35.65	34.92	35.68	499.57	504.62	17.750	31.029	30.81	53.86	600.0	-0	146	101.6	16.7	0.114	1.0	111115
236	"10:00:40"	467.5	-12	0.666	519	13.7	2.47	6	1	2.84	35.65	34.92	35.68	499.61	504.65	17.754	31.026	30.82	53.86	599.9	-0	124	101.6	16.7	0.114	1.0	111115
237	"10:00:41"	468.5	-12.1	0.666	519	13.7	2.47	6	1	2.84	35.65	34.92	35.68	499.55	504.73	17.756	31.023	30.82	53.85	600.0	-0	117	101.6	16.7	0.114	1.0	111115
238	"10:00:42"	470.0	-12.1	0.666	519	13.7	2.47	6	1	2.84	35.65	34.92	35.68	499.58	504.75	17.761	31.025	30.83	53.86	600.0	-0	116	101.6	16.7	0.114	1.0	111115
239	"10:00:44"	471.0	-12	0.665	519	13.7	2.47	6	1	2.84	35.65	34.92	35.68	499.62	504.75	17.766	31.025	30.84	53.86	600.1	-0	115	101.6	16.7	0.114	1.0	111115
240	"10:00:45"	472.5	-12	0.664	519	13.7	2.47	6	1	2.84	35.65	34.92	35.68	499.63	504.75	17.772	31.010	30.85	53.83	600.1	-0	115	101.6	16.7	0.114	1.0	111115
241	"10:00:46"	473.5	-12.2	0.663	520	13.6	2.47	6	1	2.84	35.65	34.91	35.68	499.63	504.92	17.775	31.001	30.86	53.82	600.0	-0	115	101.6	16.7	0.114	1.0	111115
242	"10:00:47"	475.0	-12.3	0.662	520	13.6	2.47	6	1	2.84	35.65	34.91	35.68	499.48	504.92	17.781	30.999	30.87	53.82	600.0	-0	116	101.6	16.7	0.114	1.0	111115
243	"10:00:49"	476.0	-12.3	0.662	520	13.6	2.47	6	1	2.84	35.65	34.91	35.68	499.48	504.91	17.786	31.000	30.88	53.82	599.9	-0	116	101.6	16.7	0.114	1.0	111115
244	"10:00:50"	477.5	-12.2	0.662	520	13.6	2.47	6	1	2.84	35.65	34.91	35.68	499.46	504.75	17.793	31.000	30.89	53.82	600.0	-0	117	101.6	16.7	0.114	1.0	111115
245	"10:00:51"	478.5	-12.2	0.661	520	13.6	2.47	6	1	2.84	35.65	34.91	35.68	499.50	504.81	17.795	30.996	30.90	53.81	600.0	-0	117	101.6	16.7	0.114	1.0	111115
246	"10:00:52"	480.0	-12	0.661	519	13.6	2.47	6	1	2.84	35.65	34.91	35.68	499.53	504.70	17.801	30.999	30.91	53.82	600.0	-0	117	101.6	16.7	0.114	1.0	111115
247	"10:00:54"	481.0	-12	0.66	519	13.6	2.47	6	1	2.84	35.65	34.92	35.68	499.54	504.67	17.805	30.998	30.91	53.82	600.0	-0	117	101.6	16.7	0.114	1.0	111115
248	"10:00:55"	482.5	-12.1	0.661	520	13.6	2.47	6	1	2.84	35.65	34.91	35.68	499.53	504.74	17.809	30.998	30.92	53.82	600.1	-0	118	101.6	16.7	0.114	1.0	111115
249	"10:00:56"	483.5	-12.1	0.659	520	13.6	2.47	6	1	2.84	35.65	34.91	35.68	499.47	504.69	17.814	30.985	30.93	53.80	600.1	-0	118	101.6	16.7	0.114	1.0	111115
250	"10:00:57"	485.0	-12.2	0.658	520	13.6	2.47	6	1	2.84	35.65	34.91	35.68	499.44	504.78	17.820	30.977	30.94	53.79	600.0	-0	118	101.6	16.7	0.114	1.0	111115
251	"10:00:58"	485.5	-12.1	0.658	520	13.6	2.47	6	1	2.84	35.65	34.91	35.68	499.49	504.77	17.822	30.974	30.94	53.78	600.0	-0	119	101.6	16.7	0.114	1.0	111115
252	"10:01:00"	487.0	-12.1	0.657	520	13.6	2.47	6	1	2.84	35.65	34.91	35.68	499.56	504.78	17.830	30.973	30.96	53.78	599.9	-0	136	101.6	16.7	0.114	1.0	111115
253	"10:01:01"	488.5	-12.1	0.657	520	13.6	2.47	6	1	2.84	35.65	34.91	35.68	499.56	504.85	17.836	30.973	30.97	53.78	600.0	-0	161	101.6	16.7	0.114	1.0	111115
254	"10:01:02"	489.5	-12.3	0.656	520	13.5	2.47	6	1	2.84	35.65	34.91	35.68	499.48	504.90	17.838	30.968	30.97	53.77	600.0	-0	176	101.6	16.7	0.114	1.0	111115
255	"10:01:03"	491.0	-12	0.654	520	13.5	2.47	6	1	2.84	35.65	34.91	35.67	499.53	504.71	17.846	30.952	30.99	53.75	600.0	-0	183	101.6	16.7	0.114	1.0	111115
256	"10:01:05"	492.0	-11.9	0.653	519	13.5	2.48	6	1	2.84	35.65	34.91	35.67	499.54	504.62	17.852	30.945	31.00	53.73	600.0	-0	182	101.6	16.7	0.114	1.0	111115
257	"10:01:06"	493.5	-11.9	0.651	519	13.5	2.48	6	1	2.84	35.64	34.92	35.67	499.62	504.68	17.860	30.941	31.01	53.73	600.0	-0	181	101.6	16.7	0.114	1.0	111115
258	"10:01:07"	494.5	-12.1	0.651	520	13.5	2.48	6	1	2.84	35.64	34.92	35.67	499.56	504.84	17.864	30.942	31.02	53.73	600.0	-0	181	101.6	16.7	0.114	1.0	111115
259	"10:01:08"	496.0	-12.3	0.65	521	13.5	2.48	6	1	2.84	35.64	34.92	35.67	499.51	504.96	17.870	30.941	31.03	53.73	600.1	-0	182	101.6	16.7	0.114	1.0	111115
260	"10:01:10"	497.0	-12.3	0.649	521	13.5	2.48	6	1	2.84	35.64	34.92	35.67	499.51	505.03	17.874	30.929	31.04	53.71	600.1	-0	182	101.6	16.7	0.114	1.0	111115
261	"10:01:11"	497.5	-12.3	0.649	521	13.5	2.48	6	1	2.84	35.64	34.92	35.67	499.50	504.95	17.875	30.930	31.04	53.71	600.0	-0	180	101.6	16.7	0.114	1.0	111115
262	"10:01:12"	499.5	-12.1	0.647	520	13.5	2.48	6	1	2.84	35.64	34.93	35.67	499.53	504.82	17.885	30.925	31.06	53.70	600.0	-0	167	101.6	16.7	0.114	1.0	111115
263	"10:01:13"	501.0	-11.9	0.647	519	13.4	2.48	6	1	2.84	35.64	34.93	35.67	499.53	504.61	17.892	30.925	31.07	53.71	600.0	-0	158	101.6	16.7	0.114	1.0	111115
264	"10:01:15"	502.0	-11.9	0.646	519	13.4	2.48	6	1	2.84	35.64	34.93	35.67	499.51	504.60	17.897	30.925	31.08	53.71	600.0	-0	157	101.6	16.7	0.114	1.0	111115
265	"10:01:16"	503.5	-12	0.646	520	13.4	2.48	6	1	2.84	35.64	34.93	35.67	499.49	504.70	17.903	30.921	31.09	53.70	600.0	-0	157	101.6	16.7	0.114	1.0	111115
266	"10:01:17"	504.5	-11.9	0.646	520	13.4	2.48	6	1	2.84	35.64	34.93	35.67	499.51	504.69	17.909	30.922	31.10	53.70	600.0	-0	157	101.6	16.7	0.114	1.0	111115
267	"10:01:18"	506.0	-12	0.645	520	13.4	2.48	6	1	2.84	35.64	34.93	35.67	499.50	504.74	17.915	30.916	31.11	53.69	600.0	-0	158	101.6	16.7	0.114	1.0	111115
268	"10:01:20"	507.0	-12	0.645	520	13.4	2.48	6	1	2.84	35.64	34.93	35.67	499.52	504.78	17.919	30.920	31.12	53.70	600.0	-0	158	101.6	16.7	0.114	1.0	111115
269	"10:01:21"	508.5	-12.4	0.644	521	13.4	2.48	6	1	2.84	35.64	34.93	35.67	499.41	505.03	17.926	30.919	31.13	53.70	600.1	-0	160	101.6	16.7	0.114	1.0	111115
270	"10:01:22"	509.0	-12.4	0.644	521	13.4	2.48	6	1	2.84	35.64	34.93	35.67	499.39	505.00	17.928	30.919	31.14	53.70	600.1	-0	162	101.6	16.7	0.114	1.0	111115
271	"10:01:23"	510.5	-12.4	0.643	522	13.4	2.48	6	1	2.84	35.64	34.93	35.67	499.38	505.06	17.935	30.917	31.15	53.69	600.1	-0	170	101.6	16.7	0.114	1.0	111115
272	"10:01:24"	512.0	-12.3	0.643	521	13.4	2.48	6	1	2.84	35.64	34.93	35.67	499.39	504.96	17.942	30.915	31.16	53.69	599.9	-0	165	101.6	16.7	0.114	1.0	111115
273	"10:01:26"	513.0	-12.3	0.643	521	13.4	2.48	6	1	2.84	35.64	34.93	35.67	499.37	504.92	17.946	30.921	31.17	53.70	599.9	-0	148	101.6	16.7	0.114	1.0	111115
274	"10:01:27"	514.5	-12.2	0.648	521	13.4	2.48	6	1	2.84	35.64	34.94	35.67	499.43	504.87	17.954	30.982	31.18	53.81	600.0	-0	117	101.6	16.7	0.114	1.0	111115
275	"10:01:28"	515.5	-12.2	0.655	520	13.5	2.47	6	1	2.84	35.64	34.94	35.67	499.45	504.80	17.960	31.061	31.19	53.94	600.0	-0	103	101.6	16.7	0.114	1.0	111115
276	"10:01:29"	517.0	-12.4	0.678	520	13.8	2.45	6	1	2.84	35.64	34.94	35.67	499.38	504.82	17.966	31.304	31.20	54.36	600.0	-0	97	101.6	16.7	0.114	1.0	111115
277	"10:01:31"	518.0	-12.5	0.694	520	13.9	2.43	6	1	2.84	35.64	34.94	35.67	499.34	504.83	17.970	31.475	31.21	54.66	600.0	-0	107	101.6	16.7	0.114	1.0	111115
278	"10:01:32"	519.5	-12.6	0.713	519	14.1	2.41	6	1	2.84	35.65	34.94	35.67	499.33	504.81	17.975	31.662	31.21	54.98	600.0	-0	125	101.6	16.7	0.114	0.7	111115
279	"10:01:33"	520.5	-12.5	0.712	519	14.1	2.41	6	1	2.84	35.65	34.94	35.67	499.39	504.77	17.979	31.654	31.22	54.97	600.0	-0	138	101.6	16.7	0.114	0.7	111115
280	"10:01:34"	522.0	-12.5	0.693	520	13.9	2.43	6	1	2.84	35.65	34.93	35.67	499.46	504.97	17.986	31.459	31.23	54.63	600.0	-0	148	101.6	16.7	0.114	0.7	111115
281	"10:01:35"	522.5	-12.6	0.683	521	13.8	2.44	6	1	2.84	35.65	34.93	35.67	499.42	505.05	17.987	31.368	31.24	54.47	600.0	-0	148	101.6	16.7	0.114	0.7	111115
282	"10:01:37"	524.0	-12.4	0.655	521	13.5	2.47	6	1	2.84	35.64	34.93	35.67	499.42	504.96	17.994	31.082	31.25	53.98	600.0	-0	148	101.6	16.7	0.114	0.7	111115
283	"10:01:38"	525.5	-12	0.632	520	13.2	2.49	6	1	2.84	35.64	34.93	35.67	499.42	504.71	18.000	30.836	31.26	53.56	600.0	-0	150	101.6	16.7	0.114	0.7	111115
284	"10:01:39"	526.5	-11.8	0.62	520	13.1	2.5	6	1	2.84	35.64	34.93	35.67	499.45	504.66	18.005	30.712	31.27	53.34	600.0	-0	148	101.6	16.7	0.114	1.0	111115
285	"10:01:40"	528.0	-11.8	0.605	521	12.9	2.52	6	1	2.84	35.64	34.93	35.67	499.45	504.69	18.012	30.554	31.29	53.07	600.0	-0	140	101.6	16.7	0.114	1.0	111115
286	"10:01:42"	529.0	-11.7	0.598	521	12.8	2.53	6	1	2.84	35.64	34.93	35.67	499.51	504.68	18.018	30.473	31.30	52.93	600.0	-0	134	101.6	16.7	0.114	0.7	111115
287	"10:01:43"	530.5	-11.5	0.588	521	12.7	2.54	6	1	2.84	35.64	34.93	35.67	499.57	504.68	18.023	30.367	31.31	52.75	600.0	-0	136	101.6	16.7	0.114	0.7	111115
288	"10:01:44"	531.5	-11.4	0.584	521	12.7	2.55	6	1	2.84	35.64	34.93	35.67	499.60	504.65	18.027	30.317	31.31	52.66	600.0	-0	143	101.6	16.7	0.114	0.7	111115
289	"10:01:45"	533.0	-11.4	0.579	521	12.6	2.55	6	1	2.84	35.64	34.93	35.67	499.57	504.64	18.031	30.258	31.32	52.57	600.0	-0	149	101.6	16.7	0.114	0.7	111115
290	"10:01:47"	534.0	-11.4	0.576	521	12.6	2.56	6	1	2.84	35.64	34.93	35.67	499.55	504.62	18.034	30.228	31.33	52.52	600.0	-0	152	101.6	16.7	0.114	0.7	111115
291	"10:01:48"	534.5	-11.6	0.575	522	12.6	2.56	6	1	2.84	35.64	34.93	35.67	499.46	504.74	18.036	30.223	31.33	52.51	600.0	-0	153	101.6	16.7	0.114	0.7	111115
292	"10:01:49"	536.5	-11.8	0.571	523	12.5	2.56	6	1	2.84	35.64	34.93	35.67	499.42	504.94	18.044	30.181	31.35	52.43	600.0	-0	161	101.6	16.7	0.114	0.7	111115
293	"10:01:50"	538.0	-12	0.569	524	12.5	2.56	6	1	2.84	35.64	34.94	35.67	499.37	505.11	18.051	30.161	31.36	52.40	600.0	-0	166	101.6	16.7	0.114	0.7	111115
294	"10:01:52"	539.0	-12	0.568	523	12.5	2.56	6	1	2.84	35.64	34.94	35.67	499.44	505.11	18.055	30.149	31.37	52.38	600.0	-0	168	101.6	16.7	0.114	0.7	111115
295	"10:01:53"	540.5	-12	0.567	524	12.5	2.56	6	1	2.84	35.64	34.94	35.66	499.40	505.14	18.062	30.148	31.38	52.37	600.0	-0	168	101.6	16.7	0.114	0.7	111115
296	"10:01:54"	541.5	-11.9	0.567	523	12.5	2.56	6	1	2.84	35.64	34.94	35.67	499.47	505.05	18.065	30.142	31.38	52.36	600.0	-0	168	101.6	16.7	0.114	0.7	111115
297	"10:01:55"	543.0	-11.8	0.567	523	12.5	2.56	6	1	2.84	35.64	34.94	35.66	499.46	505.01	18.072	30.147	31.39	52.37	600.0	-0	168	101.6	16.7	0.114	0.3	111115
298	"10:01:57"	544.0	-12	0.567	524	12.5	2.56	6	1	2.84	35.64	34.94	35.66	499.44	505.15	18.074	30.153	31.40	52.38	600.0	-0	168	101.6	16.7	0.114	0.3	111115
299	"10:01:58"	545.5	-12	0.567	524	12.5	2.56	6	1	2.84	35.64	34.93	35.66	499.42	505.14	18.080	30.157	31.41	52.39	600.0	-0	167	101.6	16.7	0.114	0.3	111115
300	"10:01:59"	546.5	-12.3	0.567	525	12.4	2.56	6	1	2.84	35.64	34.93	35.66	499.31	505.28	18.083	30.154	31.41	52.38	599.9	-0	167	101.6	16.7	0.114	0.3	111115
301	"10:02:00"	548.0	-12	0.566	524	12.4	2.56	6	1	2.84	35.64	34.93	35.66	499.38	505.15	18.089	30.145	31.42	52.37	600.0	-0	167	101.6	16.7	0.114	0.7	111115
302	"10:02:02"	549.0	-12.2	0.566	524	12.4	2.56	6	1	2.84	35.64	34.93	35.66	499.34	505.22	18.095	30.146	31.43	52.37	600.0	-0	167	101.6	16.7	0.114	0.7	111115
303	"10:02:03"	550.5	-11.9	0.565	523	12.4	2.56	6	1	2.84	35.64	34.93	35.66	499.50	505.08	18.104	30.147	31.45	52.37	600.1	-0	167	101.6	16.7	0.114	0.7	111115
304	"10:02:04"	551.5	-11.8	0.565	523	12.4	2.56	6	1	2.84	35.64	34.93	35.66	499.48	504.99	18.109	30.153	31.46	52.38	600.0	-0	167	101.6	16.7	0.114	0.7	111115
305	"10:02:05"	553.0	-11.8	0.565	523	12.4	2.56	6	1	2.84	35.64	34.93	35.66	499.43	505.01	18.114	30.153	31.47	52.39	600.0	-0	168	101.6	16.7	0.114	1.0	111115
306	"10:02:07"	554.0	-12.1	0.566	524	12.4	2.56	6	1	2.84	35.64	34.93	35.66	499.35	505.17	18.118	30.157	31.48	52.40	600.0	-0	168	101.6	16.7	0.114	1.0	111115
307	"10:02:08"	555.5	-12.2	0.566	524	12.4	2.56	6	1	2.84	35.64	34.93	35.66	499.34	505.22	18.124	30.164	31.49	52.41	600.0	-0	167	101.6	16.7	0.114	1.0	111115
308	"10:02:09"	556.5	-12.1	0.566	524	12.4	2.56	6	1	2.84	35.64	34.92	35.66	499.37	505.15	18.128	30.162	31.50	52.41	600.0	-0	167	101.6	16.7	0.114	1.0	111115
309	"10:02:10"	558.0	-11.8	0.566	523	12.4	2.56	6	1	2.84	35.63	34.92	35.66	499.45	505.02	18.135	30.165	31.51	52.41	600.0	-0	166	101.6	16.7	0.114	1.0	111115
310	"10:02:12"	559.0	-11.9	0.566	523	12.4	2.56	6	1	2.84	35.63	34.92	35.66	499.43	505.04	18.140	30.166	31.52	52.42	600.0	-0	166	101.6	16.7	0.114	1.0	111115
311	"10:02:13"	560.5	-12	0.565	524	12.4	2.56	6	1	2.84	35.63	34.93	35.66	499.37	505.10	18.146	30.164	31.53	52.42	600.0	-0	167	101.6	16.7	0.114	1.0	111115
312	"10:02:14"	561.5	-12	0.564	524	12.4	2.56	6	1	2.84	35.63	34.93	35.66	499.39	505.14	18.151	30.166	31.54	52.42	600.0	-0	167	101.6	16.7	0.114	1.0	111115
313	"10:02:15"	563.0	-12	0.563	524	12.4	2.56	6	1	2.84	35.63	34.94	35.66	499.45	505.21	18.157	30.160	31.55	52.41	600.0	-0	166	101.6	16.7	0.114	1.0	111115
314	"10:02:17"	564.0	-11.9	0.563	524	12.4	2.56	6	1	2.84	35.63	34.94	35.66	499.53	505.20	18.161	30.166	31.56	52.43	600.0	-0	165	101.6	16.7	0.114	1.0	111115
315	"10:02:18"	565.5	-11.9	0.563	523	12.4	2.56	6	1	2.84	35.63	34.93	35.66	499.52	505.15	18.168	30.170	31.58	52.43	600.0	-0	162	101.6	16.7	0.114	1.0	111115
316	"10:02:19"	566.5	-11.9	0.564	524	12.4	2.56	6	1	2.84	35.63	34.93	35.66	499.55	505.20	18.175	30.172	31.59	52.44	600.0	-0	162	101.6	16.7	0.114	1.0	111115
317	"10:02:20"	568.0	-11.9	0.563	524	12.4	2.56	6	1	2.84	35.63	34.92	35.66	499.50	505.18	18.182	30.167	31.60	52.43	600.0	-0	164	101.6	16.7	0.114	1.0	111115
318	"10:02:22"	569.0	-11.9	0.563	524	12.4	2.56	6	1	2.84	35.63	34.92	35.66	499.48	505.18	18.185	30.165	31.61	52.43	600.0	-0	165	101.6	16.7	0.114	1.0	111115
319	"10:02:23"	570.5	-12	0.562	524	12.3	2.56	6	1	2.84	35.63	34.92	35.66	499.49	505.20	18.189	30.162	31.61	52.42	600.1	-0	166	101.6	16.7	0.114	1.0	111115
320	"10:02:24"	571.5	-11.9	0.562	524	12.3	2.56	6	1	2.84	35.63	34.93	35.66	499.55	505.19	18.195	30.166	31.62	52.43	600.0	-0	166	101.6	16.7	0.114	1.0	111115
321	"10:02:25"	573.0	-11.9	0.561	524	12.3	2.56	6	1	2.84	35.63	34.94	35.66	499.56	505.26	18.201	30.166	31.63	52.43	600.0	-0	166	101.6	16.7	0.114	1.0	111115
322	"10:02:27"	574.0	-12	0.561	524	12.3	2.56	6	1	2.84	35.63	34.94	35.66	499.50	505.26	18.204	30.168	31.64	52.43	600.0	-0	167	101.6	16.7	0.114	1.0	111115
323	"10:02:28"	575.5	-12.1	0.56	525	12.3	2.56	6	1	2.84	35.63	34.93	35.65	499.43	505.31	18.211	30.165	31.65	52.43	600.0	-0	168	101.6	16.7	0.114	1.0	111115
324	"10:02:29"	576.5	-12.2	0.561	525	12.3	2.56	6	1	2.84	35.63	34.93	35.65	499.42	505.36	18.215	30.162	31.66	52.43	600.0	-0	169	101.6	16.7	0.114	1.0	111115
325	"10:02:30"	578.0	-12.3	0.561	525	12.3	2.56	6	1	2.84	35.63	34.92	35.65	499.40	505.47	18.222	30.163	31.67	52.43	600.0	-0	170	101.6	16.7	0.114	1.0	111115
326	"10:02:31"	578.5	-12.2	0.56	525	12.3	2.56	6	1	2.84	35.63	34.92	35.65	499.39	505.38	18.222	30.162	31.68	52.43	600.0	-0	170	101.6	16.7	0.114	1.0	111115
327	"10:02:33"	580.0	-11.9	0.559	524	12.3	2.56	6	1	2.84	35.63	34.93	35.65	499.45	505.15	18.228	30.155	31.68	52.42	600.0	-0	170	101.6	16.7	0.114	1.0	111115
328	"10:02:34"	581.5	-11.8	0.559	524	12.3	2.56	6	1	2.84	35.63	34.93	35.65	499.52	505.16	18.237	30.154	31.70	52.42	600.0	-0	169	101.6	16.7	0.114	1.0	111115
329	"10:02:35"	582.5	-11.8	0.559	524	12.3	2.56	6	1	2.84	35.63	34.92	35.65	499.51	505.14	18.242	30.156	31.71	52.42	600.0	-0	170	101.6	16.7	0.114	1.0	111115
330	"10:02:36"	584.0	-12.1	0.559	524	12.3	2.56	6	1	2.84	35.63	34.92	35.65	499.41	505.27	18.249	30.156	31.72	52.42	600.0	-0	171	101.6	16.7	0.114	1.0	111115
331	"10:02:38"	585.0	-11.9	0.558	524	12.3	2.56	6	1	2.84	35.63	34.93	35.65	499.38	505.12	18.252	30.150	31.73	52.41	600.0	-0	168	101.6	16.7	0.114	1.0	111115
332	"10:02:39"	586.5	-12	0.558	524	12.3	2.56	6	1	2.84	35.63	34.93	35.65	499.34	505.17	18.257	30.155	31.74	52.42	600.0	-0	157	101.6	16.7	0.114	1.0	111115
333	"10:02:40"	587.5	-11.9	0.558	524	12.3	2.56	6	1	2.84	35.63	34.92	35.65	499.41	505.09	18.261	30.159	31.74	52.43	600.0	-0	146	101.6	16.7	0.114	1.0	111115
334	"10:02:41"	589.0	-12	0.558	524	12.3	2.56	6	1	2.84	35.63	34.93	35.65	499.43	505.21	18.266	30.160	31.75	52.43	600.0	-0	136	101.6	16.7	0.114	1.0	111115
335	"10:02:43"	590.0	-12	0.557	524	12.3	2.56	6	1	2.84	35.63	34.93	35.65	499.49	505.27	18.267	30.158	31.76	52.43	600.0	-0	133	101.6	16.7	0.114	1.0	111115
336	"10:02:44"	591.5	-12.1	0.557	525	12.3	2.56	6	1	2.84	35.63	34.93	35.65	499.47	505.36	18.273	30.157	31.77	52.43	600.0	-0	134	101.6	16.7	0.114	1.0	111115
337	"10:02:45"	592.0	-12	0.556	524	12.2	2.56	6	1	2.84	35.63	34.93	35.65	499.48	505.29	18.275	30.152	31.77	52.42	600.0	-0	133	101.6	16.7	0.114	1.0	111115
338	"10:02:46"	593.5	-11.8	0.556	524	12.2	2.56	6	1	2.84	35.63	34.93	35.65	499.61	505.22	18.282	30.157	31.78	52.43	600.0	-0	131	101.6	16.7	0.114	1.0	111115
339	"10:02:47"	595.0	-11.7	0.555	523	12.2	2.56	6	1	2.84	35.62	34.93	35.65	499.65	505.12	18.289	30.152	31.80	52.42	600.0	-0	130	101.6	16.7	0.114	1.0	111115
340	"10:02:49"	596.0	-11.8	0.555	524	12.2	2.56	6	1	2.84	35.62	34.93	35.65	499.54	505.17	18.293	30.152	31.80	52.42	600.0	-0	126	101.6	16.7	0.114	1.0	111115
341	"10:02:50"	597.5	-12.1	0.554	525	12.2	2.56	6	1	2.84	35.62	34.93	35.65	499.31	505.24	18.298	30.143	31.81	52.41	600.0	-0	108	101.6	16.7	0.114	1.0	111115
342	"10:02:51"	598.5	-12.4	0.555	526	12.2	2.56	6	1	2.84	35.62	34.93	35.65	499.18	505.44	18.302	30.156	31.82	52.43	600.0	-0	96	101.6	16.7	0.114	1.0	111115
343	"10:02:52"	599.0	-12.4	0.557	526	12.3	2.56	6	1	2.84	35.62	34.93	35.65	499.20	505.43	18.303	30.184	31.82	52.48	600.0	-0	90	101.6	16.7	0.114	1.0	111115
344	"10:02:53"	601.0	-12.3	0.576	525	12.5	2.54	6	1	2.84	35.62	34.93	35.65	499.30	505.31	18.310	30.411	31.83	52.87	600.0	-0	89	101.6	16.7	0.114	1.0	111115
345	"10:02:55"	602.0	-12.4	0.591	524	12.7	2.52	6	1	2.84	35.62	34.94	35.65	499.33	505.30	18.313	30.594	31.84	53.19	600.0	-0	110	101.6	16.7	0.114	1.0	111115
346	"10:02:56"	603.5	-12.4	0.61	523	12.9	2.5	6	1	2.84	35.63	34.94	35.65	499.41	505.27	18.318	30.810	31.84	53.56	600.0	-0	147	101.6	16.7	0.114	0.7	111115
347	"10:02:57"	604.5	-12.2	0.614	522	12.9	2.49	6	1	2.84	35.63	34.94	35.64	499.46	505.15	18.321	30.861	31.85	53.65	600.0	-0	175	101.6	16.7	0.114	0.7	111115
348	"10:02:58"	606.0	-12.3	0.61	523	12.9	2.5	6	1	2.84	35.62	34.93	35.64	499.44	505.28	18.327	30.811	31.86	53.56	600.0	-0	194	101.6	16.7	0.114	0.7	111115
349	"10:03:00"	607.0	-12.2	0.601	523	12.8	2.5	6	1	2.84	35.62	34.93	35.64	499.49	505.19	18.330	30.713	31.87	53.40	600.0	-0	200	101.6	16.7	0.114	0.7	111115
350	"10:03:01"	608.5	-12.1	0.588	523	12.6	2.52	6	1	2.84	35.62	34.93	35.64	499.53	505.23	18.336	30.567	31.88	53.15	600.0	-0	203	101.6	16.7	0.114	0.7	111115
351	"10:03:02"	609.5	-11.9	0.581	523	12.5	2.53	6	1	2.84	35.62	34.93	35.64	499.55	505.16	18.340	30.483	31.89	53.00	600.0	-0	203	101.6	16.7	0.114	0.7	111115
352	"10:03:03"	611.0	-11.9	0.572	523	12.4	2.54	6	1	2.84	35.62	34.93	35.64	499.57	505.18	18.346	30.389	31.90	52.84	600.0	-0	205	101.6	16.7	0.114	0.7	111115
353	"10:03:05"	612.0	-11.8	0.568	523	12.4	2.54	6	1	2.84	35.62	34.93	35.64	499.63	505.17	18.350	30.337	31.91	52.76	600.0	-0	205	101.6	16.7	0.114	0.7	111115
354	"10:03:06"	613.5	-11.6	0.561	523	12.3	2.55	6	1	2.84	35.62	34.93	35.64	499.57	505.01	18.354	30.267	31.92	52.64	600.0	-0	206	101.6	16.7	0.114	0.7	111115
355	"10:03:07"	614.5	-11.7	0.557	523	12.2	2.56	6	1	2.84	35.62	34.94	35.64	499.45	504.97	18.357	30.228	31.93	52.57	600.0	-0	207	101.6	16.7	0.114	1.0	111115
356	"10:03:08"	616.0	-11.9	0.554	524	12.2	2.56	6	1	2.84	35.62	34.94	35.64	499.27	504.98	18.363	30.185	31.94	52.50	600.0	-0	208	101.6	16.7	0.114	0.7	111115
357	"10:03:10"	617.0	-12	0.552	524	12.2	2.56	6	1	2.84	35.61	34.93	35.64	499.25	505.07	18.367	30.164	31.95	52.47	600.0	-0	209	101.6	16.7	0.114	0.3	111115
358	"10:03:11"	618.5	-12.1	0.55	525	12.1	2.56	6	1	2.84	35.61	34.93	35.64	499.26	505.20	18.372	30.142	31.96	52.43	600.0	-0	210	101.6	16.7	0.114	0.7	111115
359	"10:03:12"	619.5	-12.2	0.549	525	12.1	2.56	6	1	2.84	35.61	34.93	35.63	499.29	505.32	18.375	30.130	31.96	52.41	600.0	-0	211	101.6	16.7	0.114	0.7	111115
360	"10:03:13"	621.0	-12.1	0.547	525	12.1	2.57	6	1	2.84	35.61	34.93	35.63	499.35	505.29	18.380	30.115	31.97	52.39	600.0	-0	212	101.6	16.7	0.114	0.7	111115
361	"10:03:15"	622.0	-11.8	0.547	524	12.1	2.57	6	1	2.84	35.61	34.93	35.63	499.46	505.20	18.384	30.110	31.98	52.38	600.0	-0	213	101.6	16.7	0.114	0.7	111115
362	"10:03:16"	623.5	-11.7	0.545	524	12.1	2.57	6	1	2.84	35.61	34.93	35.63	499.48	505.07	18.388	30.097	31.99	52.36	600.0	-0	215	101.6	16.7	0.114	0.7	111115
363	"10:03:17"	624.5	-11.8	0.545	524	12.1	2.57	6	1	2.84	35.61	34.93	35.63	499.45	505.11	18.391	30.092	31.99	52.35	600.0	-0	216	101.6	16.7	0.114	0.7	111115
364	"10:03:18"	626.0	-11.9	0.545	525	12.1	2.57	6	1	2.84	35.61	34.93	35.63	499.39	505.18	18.396	30.098	32.00	52.36	600.0	-0	217	101.6	16.7	0.114	0.7	111115
365	"10:03:20"	627.0	-11.9	0.545	525	12.1	2.57	6	1	2.84	35.61	34.93	35.63	499.39	505.19	18.400	30.100	32.01	52.37	600.0	-0	218	101.6	16.7	0.114	0.7	111115
366	"10:03:21"	628.5	-11.8	0.545	524	12.1	2.57	6	1	2.84	35.61	34.93	35.63	499.35	505.06	18.408	30.102	32.02	52.37	600.0	-0	219	101.6	16.7	0.114	1.0	111115
367	"10:03:22"	629.5	-11.7	0.544	524	12	2.57	6	1	2.84	35.61	34.93	35.63	499.41	505.01	18.411	30.091	32.03	52.35	600.0	-0	220	101.6	16.7	0.114	1.0	111115
368	"10:03:23"	631.0	-11.6	0.544	524	12	2.57	6	1	2.84	35.61	34.93	35.63	499.50	505.06	18.417	30.097	32.04	52.36	600.0	-0	222	101.6	16.7	0.114	1.0	111115
369	"10:03:25"	632.0	-11.6	0.544	523	12	2.57	6	1	2.84	35.61	34.93	35.63	499.60	505.08	18.418	30.100	32.04	52.37	600.0	-0	223	101.6	16.7	0.114	1.0	111115
370	"10:03:26"	633.5	-11.8	0.544	525	12	2.57	6	1	2.84	35.61	34.93	35.63	499.45	505.21	18.424	30.108	32.06	52.38	600.0	-0	224	101.6	16.7	0.114	1.0	111115
371	"10:03:27"	634.5	-12	0.544	525	12	2.57	6	1	2.84	35.61	34.93	35.63	499.40	505.29	18.427	30.110	32.06	52.39	600.0	-0	225	101.6	16.7	0.114	1.0	111115
372	"10:03:28"	636.0	-12	0.544	525	12	2.56	6	1	2.84	35.61	34.93	35.63	499.30	505.22	18.433	30.110	32.07	52.39	600.0	-0	226	101.6	16.7	0.114	1.0	111115
373	"10:03:30"	637.0	-11.9	0.544	525	12	2.56	6	1	2.84	35.61	34.93	35.63	499.34	505.14	18.436	30.113	32.08	52.40	600.0	-0	227	101.6	16.7	0.114	1.0	111115
374	"10:03:31"	638.5	-11.8	0.544	524	12	2.56	6	1	2.84	35.61	34.93	35.63	499.38	505.14	18.440	30.116	32.09	52.40	600.0	-0	228	101.6	16.7	0.114	1.0	111115
375	"10:03:32"	639.5	-11.7	0.544	524	12	2.56	6	1	2.84	35.61	34.93	35.63	499.43	505.04	18.443	30.114	32.09	52.40	600.0	-0	229	101.6	16.7	0.114	1.0	111115
376	"10:03:33"	641.0	-11.8	0.544	524	12	2.56	6	1	2.84	35.61	34.93	35.63	499.44	505.19	18.449	30.120	32.10	52.41	600.0	-0	230	101.6	16.7	0.114	1.0	111115
377	"10:03:35"	642.0	-11.8	0.544	524	12	2.56	6	1	2.84	35.61	34.93	35.63	499.47	505.21	18.453	30.121	32.11	52.41	600.0	-0	230	101.6	16.7	0.114	1.0	111115
378	"10:03:36"	643.5	-12	0.544	525	12	2.56	6	1	2.84	35.61	34.93	35.63	499.44	505.34	18.458	30.127	32.12	52.42	600.0	-0	231	101.6	16.7	0.114	1.0	111115
379	"10:03:37"	644.5	-12	0.544	525	12	2.56	6	1	2.84	35.61	34.93	35.63	499.40	505.29	18.462	30.131	32.13	52.43	600.0	-0	231	101.6	16.7	0.114	1.0	111115
380	"10:03:38"	645.0	-11.9	0.543	525	12	2.56	6	1	2.84	35.61	34.93	35.63	499.41	505.23	18.465	30.127	32.13	52.42	600.0	-0	231	101.6	16.7	0.114	1.0	111115
381	"10:03:39"	647.0	-11.9	0.544	525	12	2.56	6	1	2.84	35.61	34.93	35.63	499.29	505.12	18.472	30.131	32.14	52.43	600.0	-0	232	101.6	16.7	0.114	1.0	111115
382	"10:03:41"	648.0	-11.9	0.544	525	12	2.56	6	1	2.84	35.61	34.93	35.63	499.30	505.14	18.476	30.132	32.15	52.44	600.0	-0	232	101.6	16.7	0.114	1.0	111115
383	"10:03:42"	649.5	-12.1	0.543	525	12	2.56	6	1	2.84	35.61	34.93	35.63	499.27	505.26	18.481	30.124	32.16	52.42	600.1	-0	233	101.6	16.7	0.114	1.0	111115
384	"10:03:43"	650.5	-12.1	0.543	526	12	2.56	6	1	2.84	35.61	34.93	35.63	499.34	505.34	18.487	30.128	32.17	52.43	600.1	-0	233	101.6	16.7	0.114	1.0	111115
385	"10:03:44"	652.0	-11.8	0.542	525	12	2.56	6	1	2.84	35.61	34.93	35.63	499.39	505.15	18.493	30.128	32.18	52.43	600.0	-0	233	101.6	16.7	0.114	1.0	111115
386	"10:03:46"	653.0	-11.8	0.542	524	12	2.56	6	1	2.84	35.61	34.93	35.63	499.34	505.09	18.496	30.132	32.19	52.44	600.0	-0	234	101.6	16.7	0.114	1.0	111115
387	"10:03:47"	654.5	-11.8	0.542	524	12	2.56	6	1	2.84	35.61	34.93	35.63	499.34	505.08	18.503	30.136	32.20	52.44	600.0	-0	234	101.6	16.7	0.114	1.0	111115
388	"10:03:48"	655.5	-11.8	0.542	525	12	2.56	6	1	2.84	35.61	34.93	35.63	499.33	505.11	18.507	30.142	32.21	52.45	600.0	-0	234	101.6	16.7	0.114	1.0	111115
389	"10:03:49"	657.0	-11.8	0.542	525	12	2.56	6	1	2.84	35.61	34.93	35.63	499.38	505.16	18.514	30.148	32.22	52.46	600.0	-0	234	101.6	16.7	0.114	1.0	111115
390	"10:03:51"	658.0	-11.8	0.542	525	12	2.56	6	1	2.84	35.61	34.93	35.63	499.39	505.16	18.519	30.146	32.23	52.46	600.0	-0	234	101.6	16.7	0.114	1.0	111115
391	"10:03:52"	658.5	-11.9	0.542	525	12	2.56	6	1	2.84	35.61	34.94	35.63	499.41	505.22	18.520	30.146	32.23	52.46	600.0	-0	234	101.6	16.7	0.114	1.0	111115
392	"10:03:53"	659.5	-12	0.541	525	12	2.56	6	1	2.84	35.61	34.93	35.63	499.40	505.34	18.525	30.147	32.24	52.46	599.9	-0	234	101.6	16.7	0.114	1.0	111115
393	"10:03:54"	661.5	-11.9	0.542	525	12	2.56	6	1	2.84	35.61	34.94	35.63	499.34	505.14	18.533	30.157	32.25	52.48	600.0	-0	232	101.6	16.7	0.114	1.0	111115
394	"10:03:55"	663.0	-11.7	0.542	524	12	2.56	6	1	2.84	35.61	34.94	35.63	499.38	505.07	18.541	30.161	32.26	52.49	600.0	-0	232	101.6	16.7	0.114	1.0	111115
395	"10:03:57"	664.0	-11.6	0.541	524	12	2.56	6	1	2.84	35.61	34.94	35.63	499.39	504.98	18.544	30.162	32.27	52.49	600.0	-0	232	101.6	16.7	0.114	1.0	111115
396	"10:03:58"	665.5	-11.8	0.541	524	12	2.56	6	1	2.84	35.61	34.94	35.63	499.40	505.14	18.551	30.162	32.28	52.49	600.0	-0	234	101.6	16.7	0.114	1.0	111115
397	"10:03:59"	666.5	-11.7	0.541	524	12	2.56	6	1	2.84	35.61	34.94	35.63	499.42	505.04	18.554	30.166	32.29	52.49	600.0	-0	234	101.6	16.7	0.114	1.0	111115
398	"10:04:00"	668.0	-11.6	0.54	524	12	2.56	6	1	2.84	35.61	34.94	35.63	499.50	505.01	18.562	30.164	32.30	52.49	600.0	-0	235	101.6	16.7	0.114	1.0	111115
399	"10:04:02"	669.0	-11.5	0.54	524	12	2.56	6	1	2.84	35.61	34.94	35.63	499.49	504.99	18.567	30.165	32.31	52.49	600.0	-0	235	101.6	16.7	0.114	1.0	111115
400	"10:04:03"	670.5	-11.7	0.54	524	11.9	2.56	6	1	2.84	35.61	34.94	35.63	499.44	505.06	18.573	30.162	32.32	52.49	600.0	-0	235	101.6	16.7	0.114	1.0	111115
401	"10:04:04"	671.5	-11.8	0.541	525	12	2.56	6	1	2.84	35.61	34.94	35.63	499.41	505.20	18.576	30.172	32.33	52.51	600.0	-0	235	101.6	16.7	0.114	1.0	111115
402	"10:04:05"	673.0	-12	0.54	525	12	2.56	6	1	2.84	35.61	34.94	35.63	499.43	505.36	18.583	30.175	32.34	52.51	600.0	-0	218	101.6	16.7	0.114	1.0	111115
403	"10:04:07"	674.0	-11.9	0.54	525	11.9	2.56	6	1	2.84	35.61	34.93	35.63	499.48	505.37	18.589	30.174	32.35	52.51	600.0	0	208	101.6	16.7	0.114	1.0	111115
404	"10:04:08"	674.5	-12	0.54	525	11.9	2.56	6	1	2.84	35.61	34.93	35.63	499.48	505.41	18.590	30.173	32.35	52.50	600.0	-0	203	101.6	16.7	0.114	1.0	111115
405	"10:04:09"	676.5	-11.9	0.539	525	11.9	2.56	6	1	2.84	35.61	34.93	35.63	499.43	505.27	18.600	30.169	32.37	52.50	600.0	-0	195	101.6	16.7	0.114	1.0	111115
406	"10:04:10"	677.5	-12	0.539	526	11.9	2.56	6	1	2.84	35.61	34.93	35.63	499.34	505.32	18.605	30.168	32.37	52.49	600.0	-0	198	101.6	16.7	0.114	1.0	111115
407	"10:04:11"	679.0	-12.1	0.538	526	11.9	2.56	6	1	2.84	35.61	34.94	35.63	499.23	505.35	18.612	30.168	32.38	52.49	600.0	-0	200	101.6	16.7	0.114	1.0	111115
408	"10:04:13"	680.0	-12.3	0.538	527	11.9	2.56	6	1	2.84	35.61	34.94	35.63	499.13	505.43	18.617	30.167	32.39	52.49	600.0	-0	205	101.6	16.7	0.114	0.7	111115
409	"10:04:14"	681.5	-12.1	0.537	526	11.9	2.56	6	1	2.84	35.61	34.94	35.63	499.18	505.27	18.624	30.158	32.41	52.47	600.0	-0	214	101.6	16.7	0.114	0.7	111115
410	"10:04:15"	682.5	-11.9	0.537	525	11.9	2.56	6	1	2.84	35.61	34.93	35.63	499.25	505.17	18.629	30.161	32.41	52.48	600.0	-0	213	101.6	16.7	0.114	0.7	111115
411	"10:04:16"	684.0	-11.7	0.537	524	11.9	2.56	6	1	2.84	35.61	34.93	35.63	499.40	505.06	18.635	30.162	32.43	52.48	600.0	-0	217	101.6	16.7	0.114	1.0	111115
412	"10:04:18"	685.0	-11.6	0.537	524	11.9	2.56	6	1	2.84	35.61	34.93	35.63	499.45	505.05	18.640	30.168	32.43	52.49	600.0	-0	217	101.6	16.7	0.114	1.0	111115
413	"10:04:19"	686.5	-11.6	0.537	524	11.9	2.56	6	1	2.84	35.61	34.93	35.63	499.52	505.10	18.650	30.171	32.45	52.49	599.9	-0	228	101.6	16.7	0.114	1.0	111115
414	"10:04:20"	687.5	-11.6	0.536	524	11.9	2.56	6	1	2.84	35.61	34.93	35.63	499.56	505.20	18.655	30.174	32.46	52.50	599.9	-0	231	101.6	16.7	0.114	1.0	111115
415	"10:04:21"	689.0	-11.8	0.536	525	11.9	2.56	6	1	2.84	35.61	34.93	35.63	499.52	505.29	18.662	30.171	32.47	52.50	600.0	-0	231	101.6	16.7	0.114	1.0	111115
416	"10:04:23"	690.0	-11.7	0.536	524	11.9	2.56	6	1	2.84	35.61	34.93	35.63	499.54	505.20	18.668	30.171	32.48	52.49	600.1	-0	231	101.6	16.7	0.114	1.0	111115
417	"10:04:24"	691.5	-11.7	0.537	525	11.9	2.56	6	1	2.84	35.61	34.92	35.63	499.50	505.25	18.674	30.173	32.49	52.50	600.0	-0	231	101.6	16.7	0.114	1.0	111115
418	"10:04:25"	692.5	-11.8	0.537	525	11.9	2.56	6	1	2.84	35.61	34.92	35.63	499.49	505.25	18.680	30.174	32.50	52.50	600.0	-0	231	101.6	16.7	0.114	1.0	111115
419	"10:04:26"	694.0	-12.1	0.536	526	11.8	2.56	6	1	2.84	35.61	34.92	35.63	499.37	505.52	18.685	30.173	32.51	52.50	599.9	-0	230	101.6	16.7	0.114	1.0	111115
420	"10:04:28"	695.0	-12.1	0.536	526	11.8	2.56	6	1	2.84	35.61	34.92	35.63	499.34	505.49	18.689	30.177	32.52	52.51	599.9	-0	230	101.6	16.7	0.114	1.0	111115
421	"10:04:29"	696.5	-12	0.535	526	11.8	2.56	6	1	2.84	35.61	34.93	35.62	499.37	505.42	18.696	30.184	32.53	52.52	600.0	-0	230	101.6	16.7	0.114	1.0	111115
422	"10:04:30"	697.5	-11.8	0.535	525	11.8	2.56	6	1	2.84	35.61	34.94	35.62	499.41	505.26	18.701	30.193	32.54	52.53	600.0	-0	230	101.6	16.7	0.114	1.0	111115
423	"10:04:31"	699.0	-11.7	0.534	525	11.8	2.56	6	1	2.84	35.61	34.94	35.62	499.37	505.13	18.707	30.183	32.55	52.52	600.0	-0	230	101.6	16.7	0.114	1.0	111115
424	"10:04:33"	700.0	-11.9	0.533	525	11.8	2.56	6	1	2.84	35.61	34.95	35.62	499.29	505.20	18.709	30.183	32.55	52.52	600.0	-0	229	101.6	16.7	0.114	1.0	111115
425	"10:04:34"	701.5	-11.9	0.533	525	11.8	2.56	6	1	2.84	35.61	34.95	35.62	499.27	505.18	18.713	30.179	32.56	52.51	600.1	-0	229	101.6	16.7	0.114	1.0	111115
426	"10:04:35"	702.5	-11.9	0.533	526	11.8	2.56	6	1	2.84	35.61	34.94	35.62	499.31	505.25	18.717	30.178	32.57	52.51	600.1	-0	229	101.6	16.7	0.114	1.0	111115
427	"10:04:36"	704.0	-11.7	0.532	525	11.8	2.56	6	1	2.84	35.61	34.94	35.62	499.42	505.14	18.725	30.175	32.58	52.50	600.0	-0	229	101.6	16.7	0.114	1.0	111115
428	"10:04:38"	705.0	-11.6	0.532	524	11.8	2.56	6	1	2.84	35.61	34.95	35.62	499.42	505.09	18.729	30.176	32.59	52.51	600.0	-0	229	101.6	16.7	0.114	1.0	111115
429	"10:04:39"	706.5	-11.7	0.531	525	11.8	2.57	6	1	2.84	35.61	34.96	35.62	499.38	505.15	18.735	30.183	32.60	52.52	600.0	-0	229	101.6	16.7	0.114	1.0	111115
430	"10:04:40"	707.5	-11.9	0.53	526	11.8	2.57	6	1	2.84	35.61	34.96	35.62	499.27	505.21	18.738	30.179	32.61	52.52	600.0	-0	229	101.6	16.7	0.114	1.0	111115
431	"10:04:41"	709.0	-12	0.53	526	11.8	2.57	6	1	2.84	35.61	34.96	35.62	499.25	505.28	18.742	30.177	32.62	52.51	600.0	-0	229	101.6	16.7	0.114	1.0	111115
432	"10:04:43"	710.0	-11.9	0.529	526	11.8	2.57	6	1	2.84	35.61	34.96	35.62	499.28	505.22	18.746	30.173	32.62	52.51	600.0	-0	228	101.6	16.7	0.114	1.0	111115
433	"10:04:44"	711.5	-11.7	0.529	525	11.8	2.57	6	1	2.84	35.61	34.96	35.62	499.43	505.19	18.751	30.172	32.63	52.51	599.9	-0	228	101.6	16.7	0.114	1.0	111115
434	"10:04:45"	712.5	-11.7	0.529	525	11.8	2.57	6	1	2.84	35.61	34.96	35.62	499.45	505.21	18.755	30.176	32.64	52.51	600.0	-0	228	101.6	16.7	0.114	1.0	111115
435	"10:04:46"	714.0	-11.7	0.53	525	11.8	2.57	6	1	2.84	35.61	34.96	35.62	499.37	505.14	18.760	30.187	32.65	52.53	600.0	-0	228	101.6	16.7	0.114	1.0	111115
436	"10:04:48"	715.0	-11.7	0.529	525	11.8	2.57	6	1	2.84	35.61	34.97	35.62	499.42	505.19	18.764	30.189	32.65	52.54	600.0	-0	228	101.6	16.7	0.114	1.0	111115
437	"10:04:49"	716.5	-11.9	0.529	526	11.8	2.57	6	1	2.84	35.61	34.97	35.61	499.36	505.27	18.769	30.194	32.66	52.55	600.0	-0	228	101.6	16.7	0.114	1.0	111115
438	"10:04:50"	717.5	-11.9	0.528	526	11.8	2.57	6	1	2.84	35.61	34.97	35.61	499.39	505.30	18.775	30.181	32.67	52.52	600.0	-0	228	101.6	16.7	0.114	1.0	111115
439	"10:04:51"	719.0	-11.6	0.527	525	11.8	2.57	6	1	2.84	35.61	34.97	35.61	499.43	505.14	18.778	30.181	32.68	52.52	600.0	-0	228	101.6	16.7	0.114	1.0	111115
440	"10:04:53"	720.0	-11.7	0.527	525	11.8	2.57	6	1	2.84	35.61	34.97	35.61	499.47	505.24	18.783	30.183	32.69	52.52	600.0	-0	229	101.6	16.7	0.114	1.0	111115
441	"10:04:54"	721.5	-11.7	0.528	525	11.8	2.57	6	1	2.84	35.61	34.97	35.61	499.39	505.19	18.788	30.194	32.69	52.54	600.0	-0	228	101.6	16.7	0.114	1.0	111115
442	"10:04:55"	722.5	-11.7	0.528	525	11.8	2.57	6	1	2.84	35.61	34.97	35.61	499.40	505.20	18.791	30.197	32.70	52.55	600.0	-0	228	101.6	16.7	0.114	1.0	111115
443	"10:04:56"	724.0	-11.7	0.528	525	11.8	2.57	6	1	2.84	35.61	34.97	35.61	499.40	505.16	18.796	30.200	32.71	52.55	600.0	-0	228	101.6	16.7	0.114	1.0	111115
444	"10:04:58"	725.0	-11.8	0.528	525	11.8	2.57	6	1	2.84	35.61	34.97	35.61	499.39	505.25	18.799	30.200	32.71	52.55	600.0	-0	227	101.6	16.7	0.114	1.0	111115
445	"10:04:59"	726.5	-11.8	0.527	525	11.7	2.57	6	1	2.84	35.61	34.97	35.61	499.32	505.19	18.807	30.202	32.73	52.56	600.0	-0	220	101.6	16.7	0.114	1.0	111115
446	"10:05:00"	727.5	-11.9	0.527	526	11.7	2.57	6	1	2.84	35.61	34.98	35.61	499.31	505.23	18.811	30.203	32.73	52.56	600.0	-0	193	101.6	16.7	0.114	1.0	111115
447	"10:05:01"	729.0	-11.7	0.527	525	11.7	2.57	6	1	2.84	35.61	34.98	35.61	499.31	505.05	18.817	30.204	32.74	52.56	600.0	-0	158	101.6	16.7	0.114	1.0	111115
448	"10:05:03"	730.0	-11.9	0.527	526	11.7	2.57	6	1	2.84	35.61	34.98	35.61	499.29	505.25	18.822	30.208	32.75	52.57	600.0	-0	150	101.7	16.7	0.114	1.0	111115
449	"10:05:04"	731.5	-12	0.527	526	11.7	2.57	6	1	2.84	35.61	34.98	35.61	499.24	505.27	18.828	30.210	32.76	52.57	600.0	-0	174	101.6	16.7	0.114	1.0	111115
450	"10:05:05"	732.5	-12	0.527	526	11.7	2.57	6	1	2.84	35.61	34.98	35.61	499.22	505.25	18.833	30.214	32.77	52.57	600.0	-0	197	101.6	16.7	0.114	1.0	111115
451	"10:05:06"	734.0	-11.7	0.526	525	11.7	2.57	6	1	2.84	35.61	34.98	35.61	499.34	505.10	18.840	30.216	32.78	52.58	600.0	-0	210	101.6	16.7	0.114	1.0	111115
452	"10:05:08"	735.0	-11.6	0.526	525	11.7	2.57	6	1	2.84	35.61	34.98	35.62	499.39	505.04	18.845	30.212	32.79	52.57	600.0	-0	211	101.6	16.7	0.114	1.0	111115
453	"10:05:09"	736.5	-11.6	0.525	525	11.7	2.57	6	1	2.84	35.61	34.98	35.62	499.33	505.03	18.851	30.210	32.80	52.56	600.0	-0	208	101.6	16.7	0.114	1.0	111115
454	"10:05:10"	737.5	-11.7	0.525	525	11.7	2.57	6	1	2.84	35.61	34.98	35.62	499.28	505.06	18.854	30.206	32.80	52.56	600.0	-0	200	101.6	16.7	0.114	1.0	111115
455	"10:05:11"	738.0	-11.8	0.525	525	11.7	2.57	6	1	2.84	35.61	34.98	35.62	499.24	505.09	18.857	30.207	32.81	52.56	600.0	-0	196	101.6	16.7	0.114	1.0	111115
456	"10:05:12"	740.0	-11.9	0.525	526	11.7	2.57	6	1	2.84	35.61	34.98	35.62	499.26	505.27	18.864	30.214	32.82	52.57	600.0	-0	180	101.7	16.7	0.114	1.0	111115
457	"10:05:14"	741.0	-11.9	0.525	526	11.7	2.57	6	1	2.84	35.61	34.98	35.62	499.32	505.26	18.869	30.222	32.83	52.58	600.0	-0	180	101.7	16.7	0.114	1.0	111115
458	"10:05:15"	742.5	-11.8	0.525	525	11.7	2.57	6	1	2.84	35.61	34.97	35.62	499.24	505.12	18.875	30.222	32.84	52.58	600.0	-0	181	101.7	16.7	0.114	1.0	111115
459	"10:05:16"	743.5	-11.7	0.526	525	11.7	2.57	6	1	2.84	35.61	34.97	35.62	499.26	505.07	18.879	30.228	32.85	52.59	600.0	-0	181	101.7	16.7	0.114	1.0	111115
460	"10:05:17"	745.0	-11.6	0.525	525	11.7	2.57	6	1	2.84	35.61	34.97	35.62	499.40	505.06	18.885	30.222	32.86	52.58	600.0	-0	181	101.6	16.7	0.114	1.0	111115
461	"10:05:19"	746.0	-11.6	0.524	525	11.7	2.57	6	1	2.84	35.61	34.98	35.62	499.45	505.13	18.890	30.224	32.86	52.58	600.0	-0	180	101.6	16.7	0.114	1.0	111115
462	"10:05:20"	747.5	-11.5	0.524	525	11.7	2.57	6	1	2.84	35.61	34.98	35.62	499.44	505.06	18.896	30.227	32.88	52.59	600.0	-0	180	101.6	16.7	0.114	1.0	111115
463	"10:05:21"	748.5	-11.6	0.524	525	11.7	2.57	6	1	2.84	35.61	34.98	35.62	499.35	505.05	18.901	30.230	32.88	52.59	600.0	-0	180	101.7	16.7	0.114	1.0	111115
464	"10:05:22"	750.0	-11.6	0.523	525	11.7	2.57	6	1	2.84	35.61	34.98	35.62	499.36	505.07	18.906	30.229	32.89	52.59	600.0	-0	179	101.7	16.7	0.114	1.0	111115
465	"10:05:24"	751.0	-11.7	0.524	525	11.7	2.57	6	1	2.84	35.61	34.98	35.62	499.35	505.10	18.910	30.234	32.90	52.60	600.0	-0	179	101.7	16.7	0.114	1.0	111115
466	"10:05:25"	752.5	-11.7	0.523	525	11.7	2.57	6	1	2.84	35.61	34.98	35.62	499.32	505.11	18.917	30.228	32.91	52.59	600.0	-0	177	101.7	16.7	0.114	1.0	111115
467	"10:05:26"	753.5	-11.8	0.523	526	11.7	2.57	6	1	2.84	35.61	34.98	35.61	499.26	505.19	18.921	30.227	32.92	52.59	600.0	-0	175	101.6	16.7	0.114	1.0	111115
468	"10:05:27"	755.0	-11.9	0.522	526	11.6	2.57	6	1	2.84	35.61	34.98	35.61	499.24	505.27	18.928	30.224	32.93	52.59	600.0	-0	173	101.6	16.7	0.114	1.0	111115
469	"10:05:29"	756.0	-11.9	0.522	526	11.6	2.57	6	1	2.84	35.61	34.98	35.61	499.24	505.29	18.933	30.226	32.94	52.59	600.1	-0	169	101.6	16.7	0.114	1.0	111115
470	"10:05:30"	757.5	-11.9	0.522	526	11.6	2.57	6	1	2.84	35.61	34.98	35.61	499.26	505.26	18.939	30.232	32.95	52.60	600.1	-0	156	101.6	16.7	0.114	1.0	111115
471	"10:05:31"	758.5	-11.8	0.522	526	11.6	2.57	6	1	2.84	35.61	34.99	35.61	499.27	505.23	18.942	30.232	32.96	52.60	600.0	-0	155	101.6	16.7	0.114	1.0	111115
472	"10:05:32"	760.0	-11.8	0.521	526	11.6	2.57	6	1	2.84	35.61	34.99	35.61	499.30	505.26	18.947	30.226	32.97	52.59	600.0	-0	169	101.7	16.7	0.114	1.0	111115
473	"10:05:34"	761.0	-11.8	0.52	526	11.6	2.57	6	1	2.84	35.61	34.98	35.61	499.34	505.28	18.950	30.221	32.97	52.58	600.0	-0	186	101.6	16.7	0.114	1.0	111115
474	"10:05:35"	762.5	-11.7	0.52	526	11.6	2.57	6	1	2.84	35.61	34.98	35.61	499.45	505.28	18.956	30.219	32.98	52.59	600.0	-0	203	101.7	16.7	0.114	1.0	111115
475	"10:05:36"	763.5	-11.5	0.52	525	11.6	2.57	6	1	2.84	35.61	34.98	35.61	499.50	505.17	18.958	30.223	32.99	52.59	600.1	-0	205	101.7	16.7	0.114	1.0	111115
476	"10:05:37"	765.0	-11.3	0.52	524	11.6	2.57	6	1	2.84	35.61	34.98	35.61	499.55	505.02	18.965	30.226	33.00	52.60	600.0	-0	204	101.7	16.7	0.114	1.0	111115
477	"10:05:39"	766.0	-11.5	0.52	525	11.6	2.57	6	1	2.84	35.61	34.98	35.61	499.43	505.03	18.967	30.231	33.01	52.61	600.0	-0	204	101.7	16.7	0.114	1.0	111115
478	"10:05:40"	767.5	-11.7	0.519	525	11.6	2.57	6	1	2.84	35.61	34.98	35.60	499.25	505.05	18.975	30.222	33.02	52.60	600.0	-0	203	101.7	16.7	0.114	1.0	111115
479	"10:05:41"	768.5	-11.9	0.519	526	11.6	2.57	6	1	2.84	35.61	34.98	35.60	499.14	505.20	18.977	30.218	33.03	52.59	600.0	-0	203	101.7	16.7	0.114	1.0	111115
480	"10:05:42"	770.0	-11.8	0.519	526	11.6	2.57	6	1	2.84	35.60	34.98	35.60	499.16	505.06	18.985	30.222	33.04	52.60	600.0	-0	202	101.7	16.7	0.114	1.0	111115
481	"10:05:44"	771.0	-11.7	0.519	526	11.6	2.57	6	1	2.84	35.60	34.98	35.60	499.16	505.03	18.986	30.230	33.05	52.62	600.0	-0	201	101.7	16.7	0.114	1.0	111115
482	"10:05:45"	772.5	-11.8	0.519	526	11.6	2.57	6	1	2.84	35.60	34.98	35.60	499.18	505.14	18.989	30.232	33.05	52.62	600.0	-0	200	101.7	16.7	0.114	1.0	111115
483	"10:05:46"	773.5	-11.9	0.519	526	11.6	2.57	6	1	2.84	35.60	34.98	35.60	499.18	505.23	18.992	30.226	33.06	52.61	600.0	-0	199	101.7	16.7	0.114	1.0	111115
484	"10:05:47"	775.0	-12	0.518	527	11.6	2.57	6	1	2.84	35.60	34.98	35.60	499.23	505.36	18.996	30.218	33.07	52.60	600.0	-0	198	101.7	16.7	0.114	1.0	111115
485	"10:05:49"	776.0	-11.9	0.518	527	11.6	2.57	6	1	2.84	35.60	34.98	35.60	499.26	505.34	19.001	30.221	33.08	52.61	600.0	-0	197	101.7	16.7	0.114	1.0	111115
