"OPEN 5.3.2"
"Fri Aug  3 2018 07:44:04"
"Unit="	"PSC-895"
"ComputeList="	"/User/Configs/Comps/Default"
"BLCTable="	"/Sys/Lib/StdBLCTable"
"LightSource="	"Sun+Sky"	1	0.19
"LogFormat="	"/User/Configs/LogFormats/Std Output"
"LogCodes="	-35	-21	-36	30	23	36	21	25	-33	-34	-32	-9	-10	-8	-1	-2	-4	-5	-14	-15	-7	-12	-13	-11	-65	-66	-72	-23
"PromptList="	"/User/Configs/Prompts/Default (none)"
"Stability= (CO2S 15s SLP<1)(H2OS 15s SLP<1)(Flow 15s SLP<1)"
"07:44:13 co2 500 flow 600. note; fineroots-15 is fineroot-16"
$STARTOFDATA$
"Obs"	"HHMMSS"	"FTime"	"Photo"	"Cond"	"Ci"	"Trmmol"	"VpdL"	"Area"	"StmRat"	"BLCond"	"Tair"	"Tleaf"	"TBlk"	"CO2R"	"CO2S"	"H2OR"	"H2OS"	"RH_R"	"RH_S"	"Flow"	"PARi"	"PARo"	"Press"	"CsMch"	"HsMch"	"StableF"	"Status"
1	"07:47:04"	199.0	-10.3	-30.9	494	30.5	0.958	6	1	2.84	29.28	28.77	29.26	500.74	495.98	0.008	29.577	0.02	73.67	599.9	0	119	101.8	1.97	-0.101	0.3	111115
2	"07:47:05"	200.0	-10.4	-31.2	494	30.5	0.959	6	1	2.84	29.28	28.77	29.26	500.69	495.97	0.005	29.574	0.01	73.66	599.9	0	126	101.8	1.97	-0.101	0.3	111115
3	"07:47:06"	201.5	-10.3	-31.2	494	30.5	0.959	6	1	2.84	29.28	28.77	29.26	500.70	495.93	0.005	29.573	0.01	73.66	599.9	0	129	101.8	1.97	-0.101	1.0	111115
4	"07:47:08"	202.5	-10.5	-31.2	494	30.5	0.959	6	1	2.84	29.28	28.77	29.26	500.58	495.94	0.004	29.573	0.01	73.66	599.9	0	132	101.8	1.97	-0.101	1.0	111115
5	"07:47:09"	204.0	-10.8	-31.4	494	30.5	0.959	6	1	2.84	29.28	28.77	29.26	500.28	495.95	0.003	29.566	0.01	73.65	600.0	-0	132	101.8	1.97	-0.101	1.0	111115
6	"07:47:10"	205.0	-11	-31.6	494	30.5	0.96	6	1	2.84	29.28	28.77	29.26	500.03	495.93	0.002	29.559	0.00	73.64	600.0	-0	133	101.8	1.97	-0.101	1.0	111115
7	"07:47:11"	205.5	-11.1	-31.8	494	30.5	0.96	6	1	2.84	29.28	28.77	29.26	499.95	495.93	0.002	29.555	0.00	73.63	600.0	-0	134	101.8	1.97	-0.101	1.0	111115
8	"07:47:12"	207.5	-11.1	-33.1	494	30.4	0.963	6	1	2.84	29.28	28.78	29.26	499.89	495.86	0.002	29.534	0.00	73.57	600.0	0	139	101.8	1.97	-0.101	1.0	111115
9	"07:47:14"	208.5	-11	-34.2	494	30.4	0.965	6	1	2.84	29.28	28.77	29.26	499.88	495.76	0.002	29.508	0.00	73.51	600.0	0	143	101.8	1.97	-0.101	1.0	111115
10	"07:47:15"	210.0	-11	-35.7	494	30.4	0.968	6	1	2.84	29.28	28.77	29.26	499.83	495.74	0.001	29.478	0.00	73.43	600.1	-0	144	101.8	1.97	-0.101	0.7	111115
11	"07:47:16"	211.0	-11	-36.2	494	30.4	0.969	6	1	2.84	29.28	28.77	29.26	499.84	495.74	0.000	29.470	0.00	73.41	600.1	-0	145	101.8	1.97	-0.101	0.7	111115
12	"07:47:17"	212.5	-10.9	-35.3	494	30.4	0.967	6	1	2.84	29.28	28.78	29.26	499.93	495.77	0.000	29.490	0.00	73.46	600.0	-0	143	101.8	1.97	-0.101	0.7	111115
13	"07:47:19"	213.5	-10.9	-34.2	494	30.4	0.965	6	1	2.84	29.28	28.78	29.26	499.95	495.78	-0.000	29.514	-0.00	73.52	600.0	-0	144	101.8	1.97	-0.101	0.7	111115
14	"07:47:20"	215.0	-11	-33.6	494	30.4	0.964	6	1	2.84	29.28	28.78	29.26	499.86	495.75	-0.000	29.532	-0.00	73.56	600.0	-0	143	101.8	1.97	-0.101	0.7	111115
15	"07:47:21"	216.0	-11	-33.5	494	30.4	0.965	6	1	2.84	29.28	28.78	29.27	499.84	495.73	-0.001	29.538	-0.00	73.57	600.1	-0	143	101.8	1.97	-0.101	1.0	111115
16	"07:47:22"	217.5	-10.9	-33.3	494	30.4	0.964	6	1	2.84	29.28	28.79	29.27	499.82	495.63	-0.001	29.545	-0.00	73.59	600.0	-0	143	101.8	1.97	-0.101	0.7	111115
17	"07:47:24"	218.5	-10.9	-32.8	494	30.4	0.963	6	1	2.84	29.28	28.78	29.27	499.81	495.57	-0.001	29.550	-0.00	73.60	600.0	-0	143	101.8	1.97	-0.101	0.7	111115
18	"07:47:25"	219.0	-10.8	-32.8	494	30.4	0.963	6	1	2.84	29.28	28.78	29.27	499.83	495.51	-0.001	29.549	-0.00	73.60	600.0	-0	143	101.8	1.97	-0.101	0.7	111115
19	"07:47:26"	221.0	-10.7	-32.5	493	30.5	0.962	6	1	2.84	29.28	28.78	29.27	499.73	495.37	-0.002	29.551	-0.00	73.60	600.0	-0	144	101.8	1.97	-0.101	0.7	111115
20	"07:47:27"	222.0	-10.6	-32.7	493	30.5	0.963	6	1	2.84	29.28	28.78	29.27	499.76	495.31	-0.002	29.551	-0.01	73.60	600.0	-0	144	101.8	1.97	-0.101	0.7	111115
21	"07:47:28"	223.5	-10.4	-32.6	493	30.5	0.963	6	1	2.84	29.28	28.78	29.27	499.83	495.16	-0.001	29.556	-0.00	73.61	600.0	-0	144	101.8	1.97	-0.101	0.7	111115
22	"07:47:30"	224.5	-10.3	-32.7	493	30.5	0.963	6	1	2.84	29.28	28.79	29.27	499.86	495.09	-0.002	29.556	-0.00	73.61	600.0	-0	144	101.8	1.97	-0.101	0.7	111115
23	"07:47:31"	226.0	-10.2	-32.8	493	30.5	0.963	6	1	2.84	29.28	28.79	29.27	499.82	494.99	-0.002	29.556	-0.00	73.61	600.0	-0	144	101.8	1.97	-0.101	0.7	111115
24	"07:47:32"	226.5	-10.3	-32.9	493	30.5	0.963	6	1	2.84	29.28	28.79	29.27	499.81	494.98	-0.003	29.556	-0.01	73.61	600.0	-0	144	101.8	1.97	-0.101	0.7	111115
25	"07:47:33"	228.0	-10.3	-33.6	493	30.4	0.965	6	1	2.84	29.28	28.79	29.27	499.75	494.96	-0.003	29.546	-0.01	73.58	600.0	0	144	101.8	1.97	-0.101	0.7	111115
26	"07:47:34"	229.5	-10.1	-34.2	493	30.4	0.966	6	1	2.84	29.28	28.79	29.27	499.85	494.86	-0.003	29.537	-0.01	73.56	600.0	-0	144	101.8	1.97	-0.101	0.7	111115
27	"07:47:36"	230.5	-10.1	-34.6	493	30.4	0.967	6	1	2.84	29.28	28.79	29.27	499.81	494.89	-0.003	29.531	-0.01	73.54	599.9	-0	145	101.8	1.97	-0.101	0.7	111115
28	"07:47:37"	232.0	-10	-34.8	493	30.4	0.967	6	1	2.84	29.28	28.79	29.27	499.86	494.82	-0.003	29.526	-0.01	73.53	599.9	-0	145	101.8	1.97	-0.101	0.7	111115
29	"07:47:38"	233.0	-10	-35	493	30.4	0.968	6	1	2.84	29.28	28.79	29.27	499.81	494.80	-0.004	29.518	-0.01	73.51	599.9	-0	145	101.8	1.97	-0.101	0.7	111115
30	"07:47:39"	234.5	-10	-35.1	493	30.4	0.968	6	1	2.84	29.28	28.79	29.27	499.78	494.73	-0.004	29.513	-0.01	73.49	599.9	-0	145	101.8	1.97	-0.101	0.7	111115
31	"07:47:41"	235.5	-9.86	-35	492	30.4	0.967	6	1	2.84	29.29	28.78	29.27	499.81	494.64	-0.003	29.507	-0.01	73.48	600.0	-0	145	101.8	1.97	-0.101	0.7	111115
32	"07:47:42"	237.0	-9.83	-34.9	492	30.4	0.967	6	1	2.84	29.29	28.78	29.27	499.82	494.61	-0.003	29.507	-0.01	73.47	599.9	-0	146	101.8	1.97	-0.101	0.7	111115
33	"07:47:43"	238.0	-9.77	-35.4	492	30.4	0.968	6	1	2.84	29.29	28.78	29.27	499.86	494.60	-0.004	29.499	-0.01	73.45	599.9	-0	146	101.8	1.97	-0.101	0.7	111115
34	"07:47:44"	239.5	-9.84	-36.5	492	30.4	0.97	6	1	2.84	29.29	28.79	29.27	499.82	494.63	-0.005	29.488	-0.01	73.42	599.9	-0	147	101.8	1.97	-0.101	0.7	111115
35	"07:47:46"	240.5	-9.76	-37.6	492	30.4	0.972	6	1	2.84	29.29	28.79	29.27	499.82	494.56	-0.005	29.477	-0.01	73.39	599.9	-0	147	101.8	1.97	-0.101	0.7	111115
36	"07:47:47"	242.0	-9.59	-38.7	492	30.4	0.974	6	1	2.84	29.29	28.79	29.27	499.89	494.46	-0.004	29.465	-0.01	73.36	600.0	-0	148	101.8	1.97	-0.101	0.7	111115
37	"07:47:48"	243.0	-9.49	-39.4	492	30.3	0.975	6	1	2.84	29.29	28.79	29.27	499.94	494.42	-0.004	29.454	-0.01	73.33	599.9	-0	148	101.8	1.97	-0.101	0.7	111115
38	"07:47:49"	244.5	-9.5	-39.7	492	30.3	0.975	6	1	2.84	29.29	28.79	29.27	499.97	494.47	-0.004	29.447	-0.01	73.31	600.0	-0	148	101.8	1.97	-0.101	0.7	111115
39	"07:47:50"	245.0	-9.48	-40.1	492	30.3	0.976	6	1	2.84	29.29	28.79	29.27	499.96	494.44	-0.004	29.442	-0.01	73.30	600.0	-0	148	101.8	1.97	-0.101	0.7	111115
40	"07:47:52"	246.5	-9.64	-41.2	492	30.3	0.978	6	1	2.84	29.29	28.79	29.27	499.81	494.46	-0.005	29.429	-0.01	73.26	599.9	-0	147	101.8	1.97	-0.101	0.7	111115
41	"07:47:53"	248.0	-9.75	-42.5	492	30.3	0.979	6	1	2.84	29.29	28.79	29.28	499.73	494.49	-0.006	29.411	-0.01	73.21	600.0	-0	147	101.8	1.97	-0.101	0.7	111115
42	"07:47:54"	249.0	-9.82	-43.6	492	30.3	0.98	6	1	2.84	29.29	28.79	29.28	499.69	494.53	-0.005	29.397	-0.01	73.18	600.0	-0	147	101.8	1.97	-0.101	0.7	111115
43	"07:47:55"	250.5	-9.65	-45.1	492	30.3	0.982	6	1	2.84	29.29	28.79	29.28	499.81	494.49	-0.005	29.378	-0.01	73.13	600.0	-0	146	101.8	1.97	-0.101	0.7	111115
44	"07:47:57"	251.5	-9.51	-46.5	492	30.3	0.984	6	1	2.84	29.29	28.79	29.28	499.90	494.45	-0.005	29.366	-0.01	73.10	600.0	-0	146	101.8	1.97	-0.101	1.0	111115
45	"07:47:58"	253.0	-9.47	-49	492	30.2	0.986	6	1	2.84	29.29	28.79	29.28	499.89	494.42	-0.005	29.346	-0.01	73.05	600.0	-0	147	101.8	1.97	-0.101	1.0	111115
46	"07:47:59"	254.0	-9.52	-50.5	492	30.2	0.988	6	1	2.84	29.29	28.80	29.28	499.86	494.43	-0.005	29.335	-0.01	73.02	600.0	0	147	101.8	1.97	-0.101	1.0	111115
47	"07:48:00"	255.5	-9.66	-53	492	30.2	0.99	6	1	2.84	29.29	28.80	29.28	499.73	494.45	-0.005	29.318	-0.01	72.97	600.0	0	147	101.8	1.97	-0.101	1.0	111115
48	"07:48:02"	256.5	-9.63	-54.6	492	30.2	0.991	6	1	2.84	29.29	28.80	29.28	499.74	494.44	-0.005	29.303	-0.01	72.93	600.0	-0	147	101.8	1.97	-0.101	1.0	111115
49	"07:48:03"	258.0	-9.46	-57.9	492	30.2	0.993	6	1	2.84	29.29	28.80	29.28	499.81	494.36	-0.005	29.280	-0.01	72.87	600.0	-0	146	101.8	1.97	-0.101	1.0	111115
50	"07:48:04"	259.0	-9.39	-60.5	492	30.2	0.995	6	1	2.84	29.29	28.79	29.28	499.83	494.32	-0.005	29.262	-0.01	72.82	600.0	-0	146	101.8	1.97	-0.101	1.0	111115
51	"07:48:05"	260.5	-9.29	-65.9	492	30.1	0.998	6	1	2.84	29.30	28.79	29.28	499.87	494.28	-0.005	29.233	-0.01	72.75	600.0	-0	146	101.8	1.97	-0.101	1.0	111115
52	"07:48:07"	261.5	-9.3	-70.4	492	30.1	1	6	1	2.84	29.30	28.80	29.28	499.86	494.28	-0.005	29.213	-0.01	72.70	600.0	-0	146	101.8	1.97	-0.101	1.0	111115
53	"07:48:08"	263.0	-9.26	-76.8	492	30.1	1	6	1	2.84	29.30	28.80	29.28	499.87	494.27	-0.005	29.188	-0.01	72.64	600.0	-0	146	101.8	1.97	-0.101	1.0	111115
54	"07:48:09"	264.0	-9.23	-84.9	492	30	1.01	6	1	2.84	29.30	28.80	29.28	499.85	494.23	-0.006	29.166	-0.01	72.58	600.0	-0	146	101.8	1.97	-0.101	1.0	111115
55	"07:48:10"	265.5	-9.21	-96.4	492	30	1.01	6	1	2.84	29.30	28.80	29.28	499.83	494.20	-0.005	29.139	-0.01	72.51	600.0	-0	147	101.8	1.97	-0.101	0.7	111115
56	"07:48:12"	266.5	-9.24	-106	492	30	1.01	6	1	2.84	29.30	28.80	29.28	499.80	494.21	-0.006	29.116	-0.01	72.45	600.0	-0	147	101.8	1.97	-0.101	0.7	111115
57	"07:48:13"	268.0	-9.17	-125	492	30	1.01	6	1	2.84	29.30	28.80	29.29	499.87	494.23	-0.005	29.085	-0.01	72.37	600.0	-0	147	101.8	1.97	-0.101	0.7	111115
58	"07:48:14"	269.0	-9.21	-151	492	29.9	1.02	6	1	2.84	29.30	28.80	29.29	499.87	494.28	-0.005	29.060	-0.01	72.30	599.9	-0	147	101.8	1.97	-0.101	0.7	111115
59	"07:48:15"	270.5	-9.18	-207	492	29.9	1.02	6	1	2.84	29.30	28.80	29.29	499.86	494.26	-0.006	29.027	-0.01	72.22	600.0	-0	148	101.8	1.97	-0.101	0.7	111115
60	"07:48:17"	271.5	-9.14	-263	492	29.9	1.02	6	1	2.84	29.30	28.81	29.29	499.88	494.26	-0.006	29.007	-0.01	72.17	600.0	-0	148	101.8	1.97	-0.101	0.7	111115
61	"07:48:18"	273.0	-9.1	-391	492	29.8	1.03	6	1	2.84	29.30	28.80	29.29	499.92	494.26	-0.007	28.971	-0.02	72.07	600.0	-0	148	101.8	1.97	-0.101	0.7	111115
62	"07:48:19"	274.0	-9.1	-573	492	29.8	1.03	6	1	2.84	29.30	28.80	29.29	499.94	494.30	-0.006	28.948	-0.02	72.01	600.0	-0	148	101.8	1.97	-0.101	0.7	111115
63	"07:48:20"	275.5	-9.3	3.7E+03	492	29.8	1.03	6	1	2.84	29.30	28.80	29.29	499.78	494.36	-0.007	28.904	-0.02	71.90	600.0	-0	148	101.8	1.97	-0.101	0.7	111115
64	"07:48:22"	276.5	-9.33	638	492	29.7	1.03	6	1	2.84	29.30	28.80	29.29	499.76	494.39	-0.006	28.877	-0.02	71.84	600.0	-0	148	101.8	1.97	-0.101	0.7	111115
65	"07:48:23"	278.0	-9.24	268	492	29.7	1.04	6	1	2.84	29.30	28.80	29.29	499.82	494.38	-0.007	28.837	-0.02	71.74	600.0	-0	148	101.8	1.97	-0.101	0.7	111115
66	"07:48:24"	279.0	-9.1	213	492	29.7	1.04	6	1	2.84	29.30	28.80	29.29	499.88	494.31	-0.008	28.818	-0.02	71.69	600.0	-0	148	101.8	1.97	-0.101	0.7	111115
67	"07:48:25"	280.5	-9.01	158	491	29.6	1.05	6	1	2.84	29.30	28.80	29.29	499.89	494.24	-0.008	28.785	-0.02	71.60	600.0	-0	149	101.8	1.97	-0.101	0.7	111115
68	"07:48:27"	281.5	-9.12	135	492	29.6	1.05	6	1	2.84	29.30	28.80	29.29	499.81	494.28	-0.007	28.765	-0.02	71.55	599.9	-0	149	101.8	1.97	-0.101	0.7	111115
69	"07:48:28"	283.0	-9.2	109	492	29.6	1.05	6	1	2.84	29.30	28.80	29.29	499.77	494.35	-0.006	28.729	-0.02	71.46	599.9	-0	149	101.8	1.97	-0.101	0.7	111115
70	"07:48:29"	284.0	-9.2	96.5	492	29.6	1.05	6	1	2.84	29.31	28.80	29.29	499.74	494.33	-0.007	28.704	-0.02	71.40	599.9	-0	150	101.8	1.97	-0.101	0.7	111115
71	"07:48:30"	285.5	-9.08	81.2	492	29.5	1.06	6	1	2.84	29.31	28.80	29.29	499.80	494.29	-0.007	28.665	-0.02	71.29	600.0	-0	149	101.8	1.97	-0.101	0.7	111115
72	"07:48:32"	286.5	-9.01	74.3	491	29.5	1.06	6	1	2.84	29.31	28.80	29.29	499.84	494.27	-0.006	28.642	-0.02	71.23	600.0	-0	149	101.8	1.97	-0.101	0.7	111115
73	"07:48:33"	288.0	-9.07	63.2	492	29.4	1.07	6	1	2.84	29.31	28.81	29.30	499.82	494.33	-0.006	28.604	-0.02	71.14	599.9	-0	149	101.8	1.97	-0.101	0.7	111115
74	"07:48:34"	289.0	-9.12	59	492	29.4	1.07	6	1	2.84	29.31	28.81	29.30	499.77	494.34	-0.006	28.584	-0.01	71.09	599.9	-0	149	101.8	1.97	-0.101	0.7	111115
75	"07:48:35"	290.5	-9.09	51.8	492	29.4	1.07	6	1	2.84	29.31	28.82	29.30	499.77	494.34	-0.007	28.543	-0.02	70.98	599.9	-0	148	101.8	1.97	-0.101	0.7	111115
76	"07:48:37"	291.5	-9.01	48.5	491	29.4	1.08	6	1	2.84	29.31	28.82	29.30	499.80	494.29	-0.006	28.516	-0.02	70.91	599.9	-0	148	101.8	1.97	-0.101	0.7	111115
77	"07:48:38"	293.0	-8.88	44.4	491	29.3	1.08	6	1	2.84	29.31	28.82	29.30	499.86	494.25	-0.007	28.479	-0.02	70.81	599.9	-0	148	101.8	1.97	-0.101	0.7	111115
78	"07:48:39"	294.0	-8.91	42.2	491	29.3	1.08	6	1	2.84	29.31	28.82	29.30	499.86	494.29	-0.007	28.460	-0.02	70.76	599.9	-0	148	101.8	1.97	-0.101	0.7	111115
79	"07:48:40"	295.5	-9.02	39.4	492	29.3	1.09	6	1	2.84	29.31	28.83	29.30	499.81	494.36	-0.007	28.431	-0.02	70.68	600.0	-0	149	101.8	1.97	-0.101	0.7	111115
80	"07:48:42"	296.5	-9.05	38	492	29.2	1.09	6	1	2.84	29.31	28.83	29.30	499.79	494.38	-0.007	28.411	-0.02	70.63	600.0	-0	149	101.8	1.97	-0.101	0.7	111115
81	"07:48:43"	298.0	-9.04	36.2	492	29.2	1.09	6	1	2.84	29.31	28.82	29.30	499.78	494.38	-0.007	28.381	-0.02	70.55	600.0	-0	149	101.8	1.97	-0.101	0.7	111115
82	"07:48:44"	299.0	-9.03	35.2	492	29.2	1.09	6	1	2.84	29.31	28.82	29.30	499.81	494.40	-0.008	28.361	-0.02	70.50	600.0	-0	149	101.8	1.97	-0.101	0.7	111115
83	"07:48:45"	300.5	-8.92	33.3	491	29.2	1.1	6	1	2.84	29.32	28.82	29.30	499.87	494.37	-0.007	28.329	-0.02	70.42	599.9	-0	149	101.8	1.97	-0.101	0.7	111115
84	"07:48:47"	301.5	-8.91	32.1	491	29.1	1.1	6	1	2.84	29.32	28.82	29.30	499.89	494.39	-0.008	28.311	-0.02	70.37	599.9	-0	149	101.8	1.97	-0.101	0.7	111115
85	"07:48:48"	303.0	-8.96	30.5	492	29.1	1.1	6	1	2.84	29.32	28.83	29.30	499.83	494.40	-0.008	28.282	-0.02	70.29	599.9	-0	149	101.8	1.97	-0.101	0.7	111115
86	"07:48:49"	304.0	-9	29.9	492	29.1	1.1	6	1	2.84	29.32	28.83	29.30	499.80	494.42	-0.008	28.267	-0.02	70.25	600.0	-0	149	101.8	1.97	-0.101	0.7	111115
87	"07:48:50"	305.5	-8.94	28.7	492	29.1	1.11	6	1	2.84	29.32	28.82	29.31	499.86	494.43	-0.007	28.234	-0.02	70.17	600.0	-0	149	101.8	1.97	-0.101	0.7	111115
88	"07:48:52"	306.5	-8.84	28.1	491	29	1.11	6	1	2.84	29.32	28.82	29.31	499.93	494.41	-0.006	28.221	-0.02	70.13	599.9	-0	150	101.8	1.97	-0.101	0.7	111115
89	"07:48:53"	308.0	-8.78	26.9	491	29	1.11	6	1	2.84	29.32	28.83	29.31	499.98	494.41	-0.006	28.193	-0.01	70.07	599.9	-0	150	101.8	1.97	-0.101	0.7	111115
90	"07:48:54"	309.0	-8.75	26.2	491	29	1.11	6	1	2.84	29.32	28.83	29.31	499.94	494.36	-0.005	28.180	-0.01	70.03	599.9	-0	150	101.8	1.97	-0.101	0.7	111115
91	"07:48:55"	310.5	-8.84	25.2	491	29	1.12	6	1	2.84	29.32	28.83	29.31	499.84	494.36	-0.006	28.151	-0.01	69.95	599.9	-0	150	101.8	1.97	-0.101	0.7	111115
92	"07:48:57"	311.5	-8.84	24.8	491	29	1.12	6	1	2.84	29.32	28.83	29.31	499.83	494.36	-0.006	28.137	-0.02	69.92	599.9	-0	150	101.8	1.97	-0.101	0.7	111115
93	"07:48:58"	313.0	-8.7	24.1	491	28.9	1.12	6	1	2.84	29.32	28.83	29.31	499.94	494.34	-0.007	28.113	-0.02	69.85	600.0	-0	150	101.8	1.97	-0.101	0.7	111115
94	"07:48:59"	314.0	-8.61	23.5	491	28.9	1.12	6	1	2.84	29.32	28.83	29.31	500.01	494.33	-0.007	28.095	-0.02	69.80	600.0	-0	151	101.8	1.97	-0.101	0.7	111115
95	"07:49:00"	315.5	-8.56	22.9	491	28.9	1.13	6	1	2.84	29.32	28.84	29.31	500.05	494.32	-0.006	28.078	-0.01	69.76	600.0	-0	151	101.8	1.97	-0.101	0.7	111115
96	"07:49:02"	316.5	-8.6	22.5	491	28.9	1.13	6	1	2.84	29.33	28.84	29.31	500.01	494.33	-0.006	28.063	-0.02	69.71	600.0	-0	151	101.8	1.97	-0.101	0.7	111115
97	"07:49:03"	318.0	-8.66	22	491	28.9	1.13	6	1	2.84	29.33	28.84	29.31	499.98	494.38	-0.006	28.043	-0.02	69.66	600.0	-0	151	101.8	1.97	-0.101	0.7	111115
98	"07:49:04"	319.0	-8.69	21.5	491	28.8	1.13	6	1	2.84	29.33	28.84	29.31	499.95	494.38	-0.007	28.026	-0.02	69.62	600.0	-0	152	101.8	1.97	-0.101	1.0	111115
99	"07:49:05"	320.5	-8.74	21	491	28.8	1.13	6	1	2.84	29.33	28.84	29.31	499.90	494.39	-0.007	28.010	-0.02	69.57	600.0	-0	152	101.8	1.97	-0.101	1.0	111115
100	"07:49:07"	321.5	-8.72	20.7	491	28.8	1.14	6	1	2.84	29.33	28.85	29.31	499.89	494.36	-0.006	27.999	-0.01	69.54	600.0	-0	152	101.8	1.97	-0.101	1.0	111115
101	"07:49:08"	322.0	-8.68	20.5	491	28.8	1.14	6	1	2.84	29.33	28.85	29.32	499.91	494.36	-0.005	27.991	-0.01	69.52	600.0	-0	152	101.8	1.97	-0.101	1.0	111115
102	"07:49:09"	324.0	-8.69	19.9	491	28.8	1.14	6	1	2.84	29.33	28.85	29.32	499.92	494.37	-0.005	27.973	-0.01	69.47	600.0	-0	153	101.8	1.97	-0.101	1.0	111115
103	"07:49:10"	325.5	-8.71	19.6	491	28.8	1.14	6	1	2.84	29.33	28.85	29.32	499.87	494.35	-0.006	27.961	-0.02	69.43	600.0	-0	154	101.8	1.97	-0.101	1.0	111115
104	"07:49:12"	326.5	-8.75	19.4	491	28.8	1.14	6	1	2.84	29.33	28.85	29.32	499.86	494.39	-0.007	27.954	-0.02	69.41	600.0	-0	155	101.8	1.97	-0.101	1.0	111115
105	"07:49:13"	328.0	-8.67	19.1	491	28.7	1.14	6	1	2.84	29.34	28.85	29.32	499.89	494.35	-0.007	27.935	-0.02	69.36	600.0	-0	156	101.8	1.97	-0.101	1.0	111115
106	"07:49:14"	329.0	-8.62	18.8	491	28.7	1.15	6	1	2.84	29.34	28.86	29.32	499.92	494.34	-0.006	27.919	-0.02	69.32	600.0	-0	156	101.8	1.97	-0.101	1.0	111115
107	"07:49:15"	330.5	-8.62	18.6	491	28.7	1.15	6	1	2.84	29.34	28.85	29.32	499.91	494.34	-0.007	27.905	-0.02	69.28	600.0	-0	157	101.8	1.97	-0.101	1.0	111115
108	"07:49:17"	331.5	-8.64	18.5	491	28.7	1.15	6	1	2.84	29.34	28.86	29.32	499.89	494.35	-0.007	27.901	-0.02	69.26	600.0	-0	157	101.8	1.97	-0.101	1.0	111115
109	"07:49:18"	332.0	-8.68	18.4	491	28.7	1.15	6	1	2.84	29.34	28.86	29.32	499.90	494.38	-0.007	27.896	-0.02	69.25	600.0	-0	156	101.8	1.97	-0.101	1.0	111115
110	"07:49:19"	334.0	-8.81	17.9	491	28.7	1.15	6	1	2.84	29.34	28.86	29.32	499.80	494.43	-0.006	27.879	-0.02	69.20	599.9	-0	136	101.8	1.97	-0.101	1.0	111115
111	"07:49:20"	335.0	-8.94	17.8	491	28.7	1.15	6	1	2.84	29.34	28.87	29.32	499.72	494.48	-0.007	27.876	-0.02	69.19	599.9	-0	129	101.8	1.97	-0.101	1.0	111115
112	"07:49:21"	336.5	-8.9	17.6	491	28.7	1.15	6	1	2.84	29.34	28.87	29.33	499.73	494.45	-0.007	27.864	-0.02	69.15	600.0	-0	127	101.8	1.97	-0.101	1.0	111115
113	"07:49:23"	337.5	-8.86	17.5	491	28.7	1.15	6	1	2.84	29.34	28.87	29.33	499.78	494.47	-0.007	27.859	-0.02	69.14	600.0	-0	138	101.8	1.97	-0.101	1.0	111115
114	"07:49:24"	339.0	-8.66	17.3	491	28.6	1.16	6	1	2.84	29.35	28.87	29.33	499.86	494.35	-0.006	27.845	-0.02	69.10	600.0	-0	148	101.8	1.97	-0.101	1.0	111115
115	"07:49:25"	340.0	-8.69	17.2	491	28.6	1.16	6	1	2.84	29.35	28.87	29.33	499.83	494.37	-0.006	27.841	-0.01	69.08	599.9	-0	150	101.8	1.97	-0.101	1.0	111115
116	"07:49:26"	341.5	-8.74	16.9	491	28.6	1.16	6	1	2.84	29.35	28.87	29.33	499.77	494.36	-0.007	27.826	-0.02	69.04	599.9	-0	148	101.8	1.97	-0.101	1.0	111115
117	"07:49:28"	342.5	-8.65	16.7	491	28.6	1.16	6	1	2.84	29.35	28.87	29.33	499.83	494.34	-0.007	27.815	-0.02	69.01	600.0	-0	149	101.8	1.97	-0.101	1.0	111115
118	"07:49:29"	344.0	-8.65	16.6	491	28.6	1.16	6	1	2.84	29.35	28.87	29.33	499.85	494.35	-0.007	27.808	-0.02	68.99	600.0	-0	150	101.8	1.97	-0.101	1.0	111115
119	"07:49:30"	345.0	-8.6	16.6	491	28.6	1.16	6	1	2.84	29.35	28.87	29.33	499.85	494.31	-0.007	27.807	-0.02	68.98	600.0	-0	153	101.8	1.97	-0.101	1.0	111115
120	"07:49:31"	346.5	-8.68	16.5	491	28.6	1.16	6	1	2.84	29.35	28.87	29.33	499.82	494.36	-0.008	27.800	-0.02	68.96	599.9	-0	157	101.8	1.97	-0.101	1.0	111115
121	"07:49:33"	347.5	-8.58	16.4	491	28.6	1.16	6	1	2.84	29.35	28.87	29.33	499.86	494.30	-0.007	27.791	-0.02	68.93	599.9	-0	161	101.8	1.97	-0.101	1.0	111115
122	"07:49:34"	349.0	-8.54	16.2	491	28.6	1.16	6	1	2.84	29.35	28.87	29.33	499.89	494.30	-0.007	27.782	-0.02	68.90	600.0	-0	163	101.8	1.97	-0.101	1.0	111115
123	"07:49:35"	349.5	-8.52	16.2	491	28.6	1.16	6	1	2.84	29.35	28.87	29.33	499.89	494.29	-0.007	27.783	-0.02	68.91	600.0	-0	163	101.8	1.97	-0.101	1.0	111115
124	"07:49:36"	351.0	-8.63	16.2	491	28.6	1.16	6	1	2.84	29.36	28.88	29.34	499.84	494.33	-0.007	27.784	-0.02	68.90	600.1	-0	165	101.8	1.97	-0.101	1.0	111115
125	"07:49:37"	352.5	-8.66	16.2	491	28.6	1.16	6	1	2.84	29.36	28.88	29.34	499.85	494.38	-0.007	27.785	-0.02	68.90	600.1	-0	167	101.8	1.97	-0.101	1.0	111115
126	"07:49:39"	353.5	-8.69	16.1	491	28.6	1.17	6	1	2.84	29.36	28.88	29.34	499.89	494.44	-0.007	27.783	-0.02	68.89	600.0	-0	167	101.8	1.97	-0.101	1.0	111115
127	"07:49:40"	355.0	-8.48	16	491	28.6	1.17	6	1	2.84	29.36	28.88	29.34	500.00	494.35	-0.006	27.779	-0.01	68.88	600.0	-0	168	101.8	1.97	-0.101	1.0	111115
128	"07:49:41"	356.0	-8.49	15.9	491	28.6	1.17	6	1	2.84	29.36	28.89	29.34	499.98	494.35	-0.006	27.782	-0.02	68.88	600.0	-0	168	101.8	1.97	-0.101	1.0	111115
129	"07:49:42"	357.5	-8.48	15.9	491	28.6	1.17	6	1	2.84	29.36	28.89	29.34	499.98	494.32	-0.006	27.786	-0.01	68.88	600.0	-0	167	101.8	1.97	-0.101	1.0	111115
130	"07:49:43"	358.0	-8.5	15.9	491	28.6	1.17	6	1	2.84	29.36	28.89	29.34	499.96	494.33	-0.006	27.784	-0.02	68.87	599.9	-0	167	101.8	1.97	-0.101	1.0	111115
131	"07:49:45"	360.0	-8.67	15.9	491	28.6	1.17	6	1	2.84	29.37	28.89	29.34	499.85	494.39	-0.006	27.794	-0.02	68.89	599.9	-0	166	101.8	1.97	-0.101	1.0	111115
132	"07:49:46"	361.0	-8.67	16	491	28.6	1.17	6	1	2.84	29.37	28.90	29.34	499.83	494.36	-0.007	27.805	-0.02	68.91	599.9	-0	165	101.8	1.97	-0.101	1.0	111115
133	"07:49:47"	362.5	-8.69	16.2	491	28.6	1.17	6	1	2.84	29.37	28.90	29.35	499.86	494.39	-0.008	27.821	-0.02	68.94	600.0	-0	164	101.8	1.97	-0.101	1.0	111115
134	"07:49:49"	363.5	-8.58	16.2	491	28.6	1.17	6	1	2.84	29.37	28.90	29.35	499.94	494.37	-0.008	27.823	-0.02	68.95	599.9	-0	164	101.8	1.97	-0.101	1.0	111115
135	"07:49:50"	365.0	-8.52	16.2	491	28.6	1.17	6	1	2.84	29.37	28.90	29.35	500.00	494.36	-0.007	27.828	-0.02	68.95	599.9	-0	165	101.8	1.97	-0.101	1.0	111115
136	"07:49:51"	366.0	-8.52	16.2	491	28.6	1.17	6	1	2.84	29.37	28.90	29.35	500.00	494.37	-0.007	27.828	-0.02	68.94	600.0	-0	166	101.8	1.97	-0.101	1.0	111115
137	"07:49:52"	367.5	-8.55	16.2	491	28.6	1.17	6	1	2.84	29.37	28.90	29.35	499.98	494.37	-0.006	27.834	-0.01	68.95	600.0	-0	167	101.8	1.97	-0.101	1.0	111115
138	"07:49:54"	368.5	-8.47	16.3	491	28.6	1.17	6	1	2.84	29.38	28.90	29.35	500.02	494.33	-0.005	27.838	-0.01	68.96	600.0	-0	168	101.8	1.97	-0.101	1.0	111115
139	"07:49:55"	370.0	-8.41	16.4	491	28.7	1.16	6	1	2.84	29.38	28.91	29.35	500.03	494.27	-0.006	27.854	-0.01	68.99	600.0	-0	170	101.8	1.97	-0.101	1.0	111115
140	"07:49:56"	370.5	-8.42	16.5	491	28.7	1.16	6	1	2.84	29.38	28.91	29.35	500.03	494.28	-0.006	27.858	-0.01	69.00	599.9	-0	170	101.8	1.97	-0.101	1.0	111115
141	"07:49:57"	372.0	-8.51	16.5	491	28.7	1.16	6	1	2.84	29.38	28.91	29.35	499.97	494.32	-0.006	27.862	-0.02	69.00	600.0	-0	172	101.8	1.97	-0.101	1.0	111115
142	"07:49:58"	373.5	-8.59	16.5	491	28.7	1.16	6	1	2.84	29.38	28.91	29.36	499.93	494.35	-0.007	27.871	-0.02	69.02	599.9	-0	174	101.8	1.97	-0.101	1.0	111115
143	"07:50:00"	374.5	-8.61	16.5	491	28.7	1.16	6	1	2.84	29.38	28.92	29.36	499.89	494.33	-0.007	27.875	-0.02	69.02	600.0	-0	175	101.8	1.97	-0.101	1.0	111115
144	"07:50:01"	376.0	-8.57	16.5	491	28.7	1.16	6	1	2.84	29.39	28.92	29.36	499.91	494.30	-0.007	27.890	-0.02	69.05	599.9	-0	176	101.8	1.97	-0.101	1.0	111115
145	"07:50:02"	377.0	-8.58	16.6	491	28.7	1.16	6	1	2.84	29.39	28.93	29.36	499.92	494.32	-0.006	27.896	-0.01	69.06	599.9	-0	177	101.8	1.97	-0.101	1.0	111115
146	"07:50:03"	378.5	-8.59	16.7	491	28.7	1.16	6	1	2.84	29.39	28.93	29.36	499.94	494.34	-0.006	27.911	-0.02	69.09	599.9	-0	179	101.8	1.97	-0.101	1.0	111115
147	"07:50:04"	379.0	-8.55	16.8	491	28.7	1.16	6	1	2.84	29.39	28.93	29.36	499.96	494.32	-0.006	27.916	-0.02	69.10	599.9	-0	179	101.8	1.97	-0.101	1.0	111115
148	"07:50:06"	380.5	-8.53	16.9	491	28.7	1.16	6	1	2.84	29.39	28.93	29.36	500.00	494.32	-0.007	27.930	-0.02	69.12	599.9	-0	179	101.8	1.97	-0.101	1.0	111115
149	"07:50:07"	381.0	-8.55	16.9	491	28.7	1.16	6	1	2.84	29.39	28.94	29.36	499.97	494.32	-0.007	27.933	-0.02	69.13	599.9	-0	178	101.8	1.97	-0.101	1.0	111115
150	"07:50:08"	383.0	-8.44	17.1	491	28.8	1.16	6	1	2.84	29.39	28.94	29.37	500.00	494.22	-0.007	27.952	-0.02	69.17	599.9	-0	177	101.8	1.97	-0.101	1.0	111115
151	"07:50:09"	384.0	-8.58	17.2	491	28.8	1.16	6	1	2.84	29.40	28.94	29.37	499.91	494.27	-0.007	27.963	-0.02	69.19	599.9	-0	177	101.8	1.97	-0.101	1.0	111115
152	"07:50:10"	385.5	-8.53	17.3	491	28.8	1.16	6	1	2.84	29.40	28.95	29.37	499.99	494.29	-0.007	27.977	-0.02	69.21	599.9	-0	176	101.8	1.97	-0.101	1.0	111115
153	"07:50:12"	386.5	-8.5	17.4	491	28.8	1.16	6	1	2.84	29.40	28.95	29.37	500.00	494.27	-0.006	27.988	-0.02	69.23	600.0	-0	175	101.8	1.97	-0.101	1.0	111115
154	"07:50:13"	388.0	-8.44	17.6	491	28.8	1.16	6	1	2.84	29.40	28.95	29.37	500.02	494.22	-0.006	28.004	-0.01	69.26	599.9	-0	174	101.8	1.97	-0.101	1.0	111115
155	"07:50:14"	389.0	-8.4	17.7	491	28.8	1.16	6	1	2.84	29.40	28.95	29.37	500.06	494.21	-0.005	28.016	-0.01	69.29	599.9	-0	172	101.8	1.97	-0.101	1.0	111115
156	"07:50:15"	390.5	-8.52	17.9	491	28.8	1.16	6	1	2.84	29.41	28.96	29.37	499.98	494.25	-0.006	28.029	-0.01	69.31	600.0	-0	170	101.8	1.97	-0.101	1.0	111115
157	"07:50:17"	391.5	-8.42	17.9	491	28.9	1.16	6	1	2.84	29.41	28.96	29.38	500.04	494.20	-0.006	28.038	-0.01	69.32	600.0	-0	169	101.8	1.97	-0.101	1.0	111115
158	"07:50:18"	393.0	-8.53	17.9	491	28.9	1.16	6	1	2.84	29.41	28.96	29.38	499.95	494.22	-0.006	28.041	-0.02	69.32	600.0	-0	168	101.8	1.97	-0.101	1.0	111115
159	"07:50:19"	394.0	-8.56	17.9	491	28.9	1.16	6	1	2.84	29.41	28.96	29.38	499.94	494.24	-0.006	28.041	-0.01	69.31	600.0	-0	168	101.8	1.97	-0.101	1.0	111115
160	"07:50:20"	395.5	-8.54	17.8	491	28.9	1.16	6	1	2.84	29.41	28.97	29.38	499.98	494.26	-0.005	28.039	-0.01	69.30	600.0	-0	168	101.8	1.97	-0.101	1.0	111115
161	"07:50:22"	396.5	-8.58	17.7	491	28.9	1.16	6	1	2.84	29.42	28.97	29.38	499.94	494.26	-0.005	28.038	-0.01	69.29	600.0	-0	168	101.8	1.97	-0.101	1.0	111115
162	"07:50:23"	398.0	-8.5	17.6	491	28.8	1.16	6	1	2.84	29.42	28.97	29.38	499.93	494.17	-0.005	28.035	-0.01	69.28	599.9	-0	169	101.8	1.97	-0.101	1.0	111115
163	"07:50:24"	399.0	-8.54	17.6	491	28.9	1.16	6	1	2.84	29.42	28.97	29.39	499.90	494.19	-0.006	28.038	-0.01	69.28	600.0	-0	169	101.8	1.97	-0.101	1.0	111115
164	"07:50:25"	400.5	-8.42	17.5	491	28.8	1.16	6	1	2.84	29.42	28.98	29.39	499.96	494.12	-0.007	28.035	-0.02	69.26	600.0	-0	169	101.8	1.97	-0.101	1.0	111115
165	"07:50:27"	401.5	-8.55	17.4	491	28.8	1.16	6	1	2.84	29.42	28.98	29.39	499.91	494.21	-0.007	28.031	-0.02	69.25	600.0	-0	170	101.8	1.97	-0.101	1.0	111115
166	"07:50:28"	403.0	-8.56	17.2	491	28.8	1.16	6	1	2.84	29.42	28.98	29.39	499.92	494.23	-0.008	28.021	-0.02	69.21	600.0	-0	170	101.8	1.97	-0.101	1.0	111115
167	"07:50:29"	404.0	-8.5	17.1	491	28.8	1.16	6	1	2.84	29.43	28.98	29.39	499.94	494.19	-0.007	28.018	-0.02	69.20	600.0	-0	170	101.8	1.97	-0.101	1.0	111115
168	"07:50:30"	405.5	-8.34	17	491	28.8	1.17	6	1	2.84	29.43	28.98	29.39	500.00	494.10	-0.007	28.006	-0.02	69.16	600.0	-0	171	101.8	1.97	-0.101	1.0	111115
169	"07:50:32"	406.5	-8.35	16.8	491	28.8	1.17	6	1	2.84	29.43	28.98	29.40	500.00	494.12	-0.007	28.000	-0.02	69.14	600.0	-0	171	101.8	1.97	-0.101	1.0	111115
170	"07:50:33"	408.0	-8.49	16.5	491	28.8	1.17	6	1	2.84	29.43	28.98	29.40	499.94	494.20	-0.006	27.986	-0.01	69.10	600.0	-0	172	101.8	1.97	-0.101	1.0	111115
171	"07:50:34"	409.0	-8.44	16.4	491	28.8	1.17	6	1	2.84	29.43	28.99	29.40	499.96	494.16	-0.006	27.983	-0.02	69.09	599.9	-0	172	101.8	1.97	-0.101	1.0	111115
172	"07:50:35"	410.5	-8.34	16.2	491	28.8	1.17	6	1	2.84	29.43	28.99	29.40	500.00	494.12	-0.006	27.972	-0.01	69.05	599.9	-0	173	101.8	1.97	-0.101	1.0	111115
173	"07:50:37"	411.5	-8.21	16.1	491	28.8	1.17	6	1	2.84	29.44	28.99	29.40	500.04	494.04	-0.006	27.967	-0.01	69.03	599.9	-0	174	101.8	1.97	-0.101	1.0	111115
174	"07:50:38"	413.0	-8.17	15.8	491	28.8	1.18	6	1	2.84	29.44	29.00	29.40	500.07	494.03	-0.006	27.953	-0.01	68.99	599.9	-0	176	101.8	1.97	-0.101	1.0	111115
175	"07:50:39"	414.0	-8.19	15.6	491	28.8	1.18	6	1	2.84	29.44	29.00	29.41	500.05	494.03	-0.006	27.945	-0.01	68.96	600.0	-0	177	101.8	1.97	-0.101	1.0	111115
176	"07:50:40"	415.5	-8.4	15.4	491	28.7	1.18	6	1	2.84	29.44	29.00	29.41	499.99	494.18	-0.007	27.934	-0.02	68.93	600.0	-0	180	101.8	1.97	-0.101	1.0	111115
177	"07:50:42"	416.5	-8.33	15.3	491	28.7	1.18	6	1	2.84	29.44	29.01	29.41	499.99	494.12	-0.006	27.926	-0.02	68.90	600.0	-0	183	101.8	1.97	-0.101	1.0	111115
178	"07:50:43"	418.0	-8.36	15.2	491	28.7	1.18	6	1	2.84	29.45	29.00	29.41	499.97	494.14	-0.006	27.916	-0.02	68.87	600.0	-0	185	101.8	1.97	-0.101	1.0	111115
179	"07:50:44"	419.0	-8.27	15.1	491	28.7	1.18	6	1	2.84	29.45	29.01	29.41	500.00	494.08	-0.006	27.912	-0.01	68.86	599.9	-0	187	101.8	1.97	-0.101	1.0	111115
180	"07:50:45"	420.5	-8.23	14.9	491	28.7	1.18	6	1	2.84	29.45	29.01	29.41	500.02	494.07	-0.006	27.903	-0.02	68.83	599.9	-0	188	101.8	1.97	-0.101	1.0	111115
181	"07:50:47"	421.5	-8.22	14.8	491	28.7	1.18	6	1	2.84	29.45	29.02	29.42	500.01	494.05	-0.007	27.902	-0.02	68.82	599.9	-0	188	101.8	1.97	-0.101	1.0	111115
182	"07:50:48"	423.0	-8.31	14.8	491	28.7	1.19	6	1	2.84	29.45	29.02	29.42	500.01	494.13	-0.006	27.903	-0.01	68.81	600.0	-0	189	101.8	1.97	-0.101	1.0	111115
183	"07:50:49"	424.0	-8.27	14.7	491	28.7	1.19	6	1	2.84	29.45	29.02	29.42	500.02	494.10	-0.005	27.900	-0.01	68.80	600.0	-0	189	101.8	1.97	-0.101	1.0	111115
184	"07:50:50"	425.5	-8.29	14.7	491	28.7	1.19	6	1	2.84	29.46	29.02	29.42	499.99	494.10	-0.005	27.899	-0.01	68.79	600.1	-0	190	101.8	1.97	-0.101	1.0	111115
185	"07:50:52"	426.5	-8.3	14.6	491	28.7	1.19	6	1	2.84	29.46	29.03	29.42	499.97	494.08	-0.006	27.897	-0.01	68.77	600.2	-0	191	101.8	1.97	-0.101	1.0	111115
186	"07:50:53"	428.0	-8.27	14.6	491	28.7	1.19	6	1	2.84	29.46	29.03	29.42	499.98	494.07	-0.006	27.895	-0.01	68.76	600.1	-0	191	101.8	1.97	-0.101	1.0	111115
187	"07:50:54"	428.5	-8.22	14.5	491	28.7	1.19	6	1	2.84	29.46	29.03	29.42	500.02	494.06	-0.006	27.891	-0.01	68.75	600.1	-0	191	101.8	1.97	-0.101	1.0	111115
188	"07:50:55"	430.5	-8.12	14.5	490	28.7	1.19	6	1	2.84	29.46	29.03	29.43	500.08	494.02	-0.006	27.894	-0.01	68.75	599.9	-0	191	101.8	1.97	-0.101	1.0	111115
189	"07:50:57"	431.5	-8.13	14.5	490	28.7	1.19	6	1	2.84	29.46	29.03	29.43	500.06	494.02	-0.006	27.900	-0.02	68.76	599.8	-0	191	101.8	1.97	-0.101	1.0	111115
190	"07:50:58"	433.0	-8.03	14.6	490	28.7	1.19	6	1	2.84	29.47	29.03	29.43	500.11	493.96	-0.006	27.909	-0.02	68.77	599.8	-0	190	101.8	1.97	-0.101	1.0	111115
191	"07:50:59"	434.0	-8	14.6	490	28.7	1.19	6	1	2.84	29.47	29.04	29.43	500.12	493.93	-0.006	27.917	-0.02	68.78	599.9	-0	190	101.8	1.97	-0.101	1.0	111115
192	"07:51:00"	434.5	-8.04	14.6	490	28.7	1.19	6	1	2.84	29.47	29.04	29.43	500.11	493.96	-0.006	27.916	-0.02	68.78	599.9	-0	190	101.8	1.97	-0.101	1.0	111115
193	"07:51:01"	436.5	-8.04	14.6	490	28.7	1.19	6	1	2.84	29.47	29.04	29.44	500.09	493.94	-0.006	27.919	-0.02	68.77	600.0	-0	190	101.8	1.97	-0.101	1.0	111115
194	"07:51:03"	437.5	-8.06	14.7	490	28.7	1.19	6	1	2.84	29.47	29.04	29.44	500.08	493.95	-0.006	27.929	-0.01	68.79	600.0	-0	190	101.8	1.97	-0.101	1.0	111115
195	"07:51:04"	439.0	-8.04	14.8	490	28.7	1.19	6	1	2.84	29.48	29.04	29.44	500.10	493.94	-0.005	27.939	-0.01	68.81	600.0	-0	190	101.8	1.97	-0.101	1.0	111115
196	"07:51:05"	440.0	-8.13	14.8	490	28.7	1.19	6	1	2.84	29.48	29.05	29.44	500.04	493.97	-0.005	27.943	-0.01	68.81	600.0	-0	190	101.8	1.97	-0.101	1.0	111115
197	"07:51:06"	441.5	-8.21	14.7	491	28.8	1.19	6	1	2.84	29.48	29.05	29.44	500.01	494.02	-0.006	27.948	-0.01	68.81	600.0	-0	192	101.8	1.97	-0.101	1.0	111115
198	"07:51:08"	442.5	-8.29	14.8	491	28.8	1.19	6	1	2.84	29.48	29.05	29.44	499.97	494.05	-0.005	27.954	-0.01	68.82	600.0	-0	193	101.8	1.97	-0.101	1.0	111115
199	"07:51:09"	444.0	-8.25	14.8	491	28.8	1.19	6	1	2.84	29.48	29.05	29.45	500.02	494.06	-0.005	27.958	-0.01	68.82	600.0	-0	196	101.8	1.97	-0.101	1.0	111115
200	"07:51:10"	445.0	-8.25	14.8	491	28.8	1.19	6	1	2.84	29.49	29.06	29.45	500.01	494.04	-0.006	27.963	-0.01	68.83	600.0	-0	198	101.8	1.97	-0.101	1.0	111115
201	"07:51:11"	446.5	-8.25	14.8	491	28.8	1.19	6	1	2.84	29.49	29.06	29.45	499.97	494.00	-0.006	27.966	-0.02	68.83	599.9	-0	202	101.8	1.97	-0.101	1.0	111115
202	"07:51:13"	447.5	-8.14	14.9	490	28.8	1.19	6	1	2.84	29.49	29.06	29.45	500.02	493.94	-0.006	27.973	-0.01	68.84	599.9	-0	204	101.8	1.97	-0.101	1.0	111115
203	"07:51:14"	449.0	-8.09	14.8	490	28.8	1.19	6	1	2.84	29.49	29.06	29.45	500.01	493.89	-0.006	27.975	-0.01	68.84	600.0	-0	208	101.8	1.97	-0.101	1.0	111115
204	"07:51:15"	450.0	-8.06	14.8	490	28.8	1.19	6	1	2.84	29.49	29.06	29.45	500.05	493.90	-0.005	27.980	-0.01	68.84	600.0	-0	210	101.8	1.97	-0.101	1.0	111115
205	"07:51:16"	451.5	-8.04	14.8	490	28.8	1.19	6	1	2.84	29.50	29.07	29.46	500.07	493.90	-0.005	27.986	-0.01	68.85	600.0	-0	211	101.8	1.97	-0.101	1.0	111115
206	"07:51:18"	452.5	-8.08	14.9	490	28.8	1.19	6	1	2.84	29.50	29.07	29.46	500.07	493.93	-0.005	27.997	-0.01	68.87	599.9	-0	212	101.8	1.97	-0.101	1.0	111115
207	"07:51:19"	454.0	-8.13	15	490	28.8	1.19	6	1	2.84	29.50	29.08	29.46	500.04	493.94	-0.005	28.010	-0.01	68.89	599.9	-0	211	101.8	1.97	-0.101	1.0	111115
208	"07:51:20"	455.0	-8.23	15	490	28.8	1.19	6	1	2.84	29.50	29.08	29.46	499.98	493.98	-0.006	28.015	-0.01	68.89	600.0	-0	210	101.8	1.97	-0.101	1.0	111115
209	"07:51:21"	456.5	-8.23	15	490	28.8	1.19	6	1	2.84	29.50	29.08	29.46	500.01	493.98	-0.006	28.027	-0.01	68.91	600.0	-0	208	101.8	1.97	-0.101	1.0	111115
210	"07:51:23"	457.5	-8.2	15	490	28.9	1.19	6	1	2.84	29.51	29.09	29.47	500.07	494.02	-0.006	28.037	-0.01	68.93	600.0	-0	206	101.8	1.97	-0.101	1.0	111115
211	"07:51:24"	459.0	-8.07	15.1	490	28.9	1.19	6	1	2.84	29.51	29.10	29.47	500.17	493.99	-0.005	28.052	-0.01	68.96	600.0	-0	203	101.8	1.97	-0.101	1.0	111115
212	"07:51:25"	460.0	-8.04	15.1	490	28.9	1.19	6	1	2.84	29.51	29.10	29.47	500.18	493.95	-0.005	28.063	-0.01	68.97	599.9	-0	201	101.8	1.97	-0.101	1.0	111115
213	"07:51:26"	461.5	-8.11	15.3	490	28.9	1.19	6	1	2.84	29.51	29.10	29.47	500.09	493.93	-0.005	28.078	-0.01	69.00	599.9	-0	198	101.8	1.97	-0.101	1.0	111115
214	"07:51:28"	462.5	-8.12	15.4	490	28.9	1.19	6	1	2.84	29.52	29.10	29.47	500.05	493.90	-0.006	28.083	-0.01	69.01	600.0	-0	196	101.8	1.97	-0.101	1.0	111115
215	"07:51:29"	464.0	-8.14	15.6	490	28.9	1.18	6	1	2.84	29.52	29.10	29.47	500.06	493.92	-0.005	28.103	-0.01	69.04	600.0	-0	193	101.8	1.97	-0.101	1.0	111115
216	"07:51:30"	465.0	-8.2	15.7	490	28.9	1.18	6	1	2.84	29.52	29.10	29.48	500.05	493.96	-0.006	28.110	-0.01	69.06	600.0	-0	191	101.8	1.97	-0.101	1.0	111115
217	"07:51:31"	466.5	-8.08	15.6	490	28.9	1.18	6	1	2.84	29.52	29.11	29.48	500.13	493.92	-0.005	28.118	-0.01	69.07	599.9	-0	189	101.8	1.97	-0.101	1.0	111115
218	"07:51:33"	467.5	-8.14	15.6	490	28.9	1.18	6	1	2.84	29.52	29.11	29.48	500.10	493.95	-0.006	28.122	-0.01	69.07	600.0	-0	189	101.8	1.97	-0.101	1.0	111115
219	"07:51:34"	469.0	-8.13	15.5	490	28.9	1.19	6	1	2.84	29.53	29.12	29.48	500.12	493.96	-0.006	28.125	-0.01	69.06	600.0	-0	189	101.8	1.97	-0.101	1.0	111115
220	"07:51:35"	470.0	-8.21	15.6	490	28.9	1.19	6	1	2.84	29.53	29.12	29.48	500.10	494.01	-0.005	28.128	-0.01	69.06	600.0	-0	189	101.8	1.97	-0.101	1.0	111115
221	"07:51:36"	471.5	-8.21	15.5	490	28.9	1.19	6	1	2.84	29.53	29.12	29.49	500.08	493.99	-0.005	28.129	-0.01	69.05	600.0	-0	191	101.8	1.97	-0.101	1.0	111115
222	"07:51:38"	472.5	-8.14	15.4	490	28.9	1.19	6	1	2.84	29.53	29.12	29.49	500.11	493.95	-0.006	28.127	-0.01	69.04	599.9	-0	192	101.8	1.97	-0.101	1.0	111115
223	"07:51:39"	474.0	-8.07	15.3	490	28.9	1.19	6	1	2.84	29.54	29.13	29.49	500.14	493.92	-0.006	28.117	-0.01	69.01	599.9	-0	194	101.8	1.97	-0.101	1.0	111115
224	"07:51:40"	475.0	-8.04	15	490	28.9	1.19	6	1	2.84	29.54	29.13	29.49	500.14	493.90	-0.006	28.103	-0.02	68.97	599.9	-0	195	101.8	1.97	-0.101	1.0	111115
225	"07:51:41"	476.5	-8.1	14.8	490	28.9	1.19	6	1	2.84	29.54	29.13	29.49	500.09	493.91	-0.006	28.087	-0.01	68.92	600.0	-0	195	101.8	1.97	-0.101	1.0	111115
226	"07:51:43"	477.5	-8.12	14.6	490	28.9	1.19	6	1	2.84	29.54	29.14	29.50	500.05	493.90	-0.006	28.077	-0.01	68.89	600.0	-0	196	101.8	1.97	-0.101	1.0	111115
227	"07:51:44"	479.0	-8.04	14.4	490	28.9	1.2	6	1	2.84	29.54	29.14	29.50	500.10	493.88	-0.006	28.063	-0.01	68.85	600.0	-0	197	101.8	1.97	-0.101	1.0	111115
228	"07:51:45"	480.0	-7.99	14.3	490	28.9	1.2	6	1	2.84	29.55	29.14	29.50	500.13	493.86	-0.006	28.051	-0.01	68.81	599.9	-0	198	101.8	1.97	-0.101	1.0	111115
229	"07:51:46"	481.5	-7.95	14.1	490	28.9	1.2	6	1	2.84	29.55	29.14	29.50	500.18	493.88	-0.006	28.038	-0.01	68.77	600.0	-0	201	101.8	1.97	-0.101	1.0	111115
230	"07:51:48"	482.5	-8	13.9	490	28.8	1.2	6	1	2.84	29.55	29.15	29.50	500.16	493.92	-0.006	28.027	-0.01	68.73	600.1	-0	203	101.8	1.97	-0.101	1.0	111115
231	"07:51:49"	484.0	-8.07	13.8	490	28.8	1.2	6	1	2.84	29.55	29.15	29.51	500.14	493.98	-0.005	28.014	-0.01	68.69	600.2	-0	206	101.8	1.97	-0.101	1.0	111115
232	"07:51:50"	485.0	-8.04	13.7	490	28.8	1.21	6	1	2.84	29.55	29.15	29.51	500.15	493.94	-0.005	28.007	-0.01	68.66	600.2	-0	208	101.8	1.97	-0.101	1.0	111115
233	"07:51:51"	486.5	-7.99	13.5	490	28.8	1.21	6	1	2.84	29.56	29.15	29.51	500.18	493.94	-0.005	27.992	-0.01	68.62	600.1	-0	210	101.8	1.97	-0.101	1.0	111115
234	"07:51:53"	487.5	-8	13.4	490	28.8	1.21	6	1	2.84	29.56	29.16	29.51	500.17	493.95	-0.006	27.986	-0.01	68.59	600.0	-0	212	101.8	1.97	-0.101	1.0	111115
235	"07:51:54"	489.0	-7.97	13.2	490	28.8	1.21	6	1	2.84	29.56	29.16	29.51	500.20	493.95	-0.005	27.978	-0.01	68.56	599.9	-0	213	101.8	1.97	-0.101	1.0	111115
236	"07:51:55"	490.0	-7.92	13.2	490	28.8	1.21	6	1	2.84	29.56	29.16	29.52	500.21	493.91	-0.006	27.980	-0.01	68.56	599.9	-0	213	101.8	1.97	-0.101	1.0	111115
237	"07:51:56"	491.5	-7.89	13.2	490	28.8	1.21	6	1	2.84	29.57	29.17	29.52	500.22	493.90	-0.006	27.978	-0.01	68.55	599.9	-0	214	101.8	1.97	-0.101	1.0	111115
238	"07:51:58"	492.5	-7.89	13.2	490	28.8	1.21	6	1	2.84	29.57	29.17	29.52	500.19	493.87	-0.006	27.980	-0.01	68.54	599.9	-0	214	101.8	1.97	-0.101	1.0	111115
239	"07:51:59"	494.0	-7.94	13.1	490	28.8	1.21	6	1	2.84	29.57	29.17	29.52	500.19	493.91	-0.005	27.984	-0.01	68.54	599.9	-0	215	101.8	1.97	-0.101	1.0	111115
240	"07:52:00"	495.0	-7.93	13.1	490	28.8	1.21	6	1	2.84	29.57	29.18	29.52	500.19	493.89	-0.005	27.987	-0.01	68.54	600.0	-0	215	101.8	1.97	-0.101	1.0	111115
241	"07:52:01"	496.5	-7.99	13.1	490	28.8	1.21	6	1	2.84	29.58	29.18	29.53	500.17	493.94	-0.005	27.998	-0.01	68.55	600.0	-0	216	101.8	1.97	-0.101	1.0	111115
242	"07:52:03"	497.5	-8.05	13	490	28.8	1.22	6	1	2.84	29.58	29.19	29.53	500.11	493.93	-0.005	28.003	-0.01	68.55	600.0	-0	217	101.8	1.97	-0.101	1.0	111115
243	"07:52:04"	499.0	-8.04	13.1	490	28.8	1.21	6	1	2.84	29.58	29.20	29.53	500.11	493.90	-0.005	28.022	-0.01	68.59	600.0	-0	219	101.8	1.97	-0.101	1.0	111115
