"OPEN 5.3.2"
"Fri Aug  3 2018 11:43:10"
"Unit="	"PSC-895"
"ComputeList="	"/User/Configs/Comps/Default"
"BLCTable="	"/Sys/Lib/StdBLCTable"
"LightSource="	"Sun+Sky"	1	0.19
"LogFormat="	"/User/Configs/LogFormats/Std Output"
"LogCodes="	-35	-21	-36	30	23	36	21	25	-33	-34	-32	-9	-10	-8	-1	-2	-4	-5	-14	-15	-7	-12	-13	-11	-65	-66	-72	-23
"PromptList="	"/User/Configs/Prompts/Default (none)"
"Stability= (CO2S 15s SLP<1)(H2OS 15s SLP<1)(Flow 15s SLP<1)"
"11:44:04 "
$STARTOFDATA$
"Obs"	"HHMMSS"	"FTime"	"Photo"	"Cond"	"Ci"	"Trmmol"	"VpdL"	"Area"	"StmRat"	"BLCond"	"Tair"	"Tleaf"	"TBlk"	"CO2R"	"CO2S"	"H2OR"	"H2OS"	"RH_R"	"RH_S"	"Flow"	"PARi"	"PARo"	"Press"	"CsMch"	"HsMch"	"StableF"	"Status"
1	"11:45:27"	204.5	-5.53	0.28	505	9.44	3.55	6	1	2.84	41.40	40.70	41.40	499.45	500.26	31.657	40.712	40.36	51.90	600.0	0	356	101.8	16.9	0.0615	0.3	111115
2	"11:45:28"	205.5	-5.6	0.28	506	9.44	3.55	6	1	2.84	41.40	40.70	41.40	499.43	500.31	31.658	40.715	40.36	51.91	600.0	-0	915	101.8	16.9	0.0615	0.3	111115
3	"11:45:29"	207.0	-5.47	0.28	505	9.44	3.55	6	1	2.84	41.40	40.70	41.40	499.47	500.22	31.665	40.717	40.37	51.91	599.9	-0	872	101.8	16.9	0.0615	1.0	111115
4	"11:45:30"	208.0	-5.49	0.28	505	9.44	3.55	6	1	2.84	41.40	40.71	41.40	499.47	500.24	31.669	40.720	40.37	51.91	600.0	-0	1089	101.8	16.9	0.0615	1.0	111115
5	"11:45:32"	209.5	-5.53	0.28	505	9.43	3.55	6	1	2.84	41.40	40.71	41.40	499.43	500.24	31.678	40.724	40.38	51.91	600.0	-0	963	101.8	16.9	0.0615	1.0	111115
6	"11:45:33"	210.5	-5.61	0.28	506	9.43	3.55	6	1	2.84	41.40	40.71	41.40	499.44	500.33	31.681	40.727	40.39	51.92	600.0	-0	869	101.8	16.9	0.0615	1.0	111115
7	"11:45:34"	212.0	-5.46	0.28	505	9.43	3.55	6	1	2.84	41.40	40.71	41.40	499.56	500.31	31.690	40.735	40.40	51.93	600.0	-0	421	101.8	16.9	0.0615	1.0	111115
8	"11:45:35"	213.0	-5.37	0.28	504	9.43	3.55	6	1	2.84	41.40	40.71	41.40	499.65	500.31	31.696	40.739	40.40	51.93	600.0	-0	529	101.8	16.9	0.0615	1.0	111115
9	"11:45:37"	214.5	-5.38	0.279	504	9.42	3.55	6	1	2.84	41.40	40.72	41.40	499.64	500.30	31.705	40.742	40.41	51.93	600.0	-0	866	101.8	16.9	0.0615	1.0	111115
10	"11:45:38"	215.5	-5.54	0.279	505	9.42	3.55	6	1	2.84	41.41	40.72	41.40	499.55	500.38	31.709	40.748	40.42	51.94	600.0	-0	1152	101.8	16.9	0.0615	1.0	111115
11	"11:45:39"	217.0	-5.69	0.28	506	9.43	3.55	6	1	2.84	41.41	40.72	41.41	499.47	500.44	31.717	40.762	40.42	51.95	600.0	-0	1292	101.8	16.9	0.0615	1.0	111115
12	"11:45:40"	218.0	-5.73	0.28	507	9.44	3.55	6	1	2.84	41.41	40.72	41.41	499.45	500.46	31.723	40.776	40.43	51.97	600.0	-0	1285	101.8	16.9	0.0615	1.0	111115
13	"11:45:42"	219.5	-5.75	0.281	507	9.46	3.55	6	1	2.84	41.41	40.72	41.41	499.47	500.49	31.729	40.800	40.43	51.99	600.1	-0	1061	101.8	16.9	0.0615	1.0	111115
14	"11:45:43"	220.5	-5.91	0.282	508	9.48	3.55	6	1	2.84	41.41	40.72	41.41	499.41	500.58	31.732	40.825	40.44	52.02	600.1	-0	810	101.8	16.9	0.0615	0.7	111115
15	"11:45:44"	222.0	-5.87	0.283	507	9.5	3.55	6	1	2.84	41.41	40.72	41.41	499.45	500.56	31.738	40.854	40.44	52.06	600.0	-0	385	101.8	16.9	0.0615	0.7	111115
16	"11:45:45"	223.0	-5.77	0.283	507	9.51	3.55	6	1	2.84	41.41	40.73	41.41	499.51	500.52	31.743	40.861	40.44	52.06	600.0	-0	237	101.8	16.9	0.0615	0.7	111115
17	"11:45:47"	224.5	-5.59	0.282	505	9.48	3.55	6	1	2.84	41.41	40.73	41.41	499.58	500.43	31.751	40.848	40.45	52.04	599.9	-0	159	101.8	16.9	0.0615	0.7	111115
18	"11:45:48"	225.5	-5.53	0.281	505	9.47	3.55	6	1	2.84	41.41	40.73	41.41	499.61	500.40	31.757	40.841	40.46	52.03	600.0	-0	159	101.8	16.9	0.0615	1.0	111115
19	"11:45:49"	227.0	-5.54	0.28	505	9.44	3.55	6	1	2.84	41.42	40.74	41.41	499.59	500.41	31.770	40.823	40.47	52.00	600.0	-0	160	101.8	16.9	0.0615	1.0	111115
20	"11:45:50"	228.0	-5.57	0.28	506	9.43	3.55	6	1	2.84	41.42	40.74	41.42	499.60	500.44	31.780	40.826	40.48	52.00	600.0	-0	160	101.8	16.9	0.0615	1.0	111115
21	"11:45:52"	229.5	-5.61	0.279	506	9.42	3.55	6	1	2.84	41.42	40.74	41.42	499.60	500.49	31.799	40.834	40.50	52.00	600.1	-0	159	101.8	16.9	0.0615	1.0	111115
22	"11:45:53"	230.5	-5.6	0.279	506	9.42	3.55	6	1	2.84	41.42	40.74	41.42	499.61	500.50	31.813	40.847	40.51	52.02	600.1	-0	159	101.8	16.9	0.0615	1.0	111115
23	"11:45:54"	232.0	-5.54	0.279	505	9.43	3.55	6	1	2.84	41.42	40.75	41.42	499.67	500.50	31.834	40.874	40.53	52.04	600.0	-0	159	101.8	16.9	0.0615	1.0	111115
24	"11:45:55"	233.0	-5.47	0.28	505	9.43	3.55	6	1	2.84	41.43	40.75	41.42	499.71	500.45	31.848	40.893	40.55	52.06	600.0	-0	159	101.8	16.9	0.0615	1.0	111115
25	"11:45:57"	234.5	-5.56	0.28	506	9.45	3.55	6	1	2.84	41.43	40.75	41.43	499.66	500.50	31.863	40.924	40.56	52.09	600.0	-0	159	101.8	16.9	0.0615	1.0	111115
26	"11:45:58"	235.5	-5.66	0.281	506	9.45	3.55	6	1	2.84	41.43	40.75	41.43	499.60	500.53	31.873	40.938	40.57	52.11	600.0	-0	158	101.8	16.9	0.0615	1.0	111115
27	"11:45:59"	237.0	-5.7	0.281	506	9.47	3.55	6	1	2.84	41.43	40.75	41.43	499.58	500.54	31.887	40.965	40.58	52.14	600.1	-0	156	101.8	16.9	0.0615	1.0	111115
28	"11:46:00"	238.0	-5.77	0.282	507	9.48	3.55	6	1	2.84	41.44	40.76	41.43	499.54	500.57	31.895	40.982	40.59	52.15	600.1	-0	157	101.8	16.9	0.0615	1.0	111115
29	"11:46:02"	239.5	-5.68	0.282	506	9.49	3.54	6	1	2.84	41.44	40.76	41.43	499.60	500.53	31.908	41.013	40.60	52.18	600.0	-0	158	101.8	16.9	0.0615	1.0	111115
30	"11:46:03"	240.5	-5.62	0.283	506	9.5	3.54	6	1	2.84	41.44	40.76	41.43	499.65	500.51	31.916	41.028	40.61	52.20	600.0	-0	161	101.8	16.9	0.0615	1.0	111115
31	"11:46:04"	242.0	-5.58	0.283	505	9.51	3.54	6	1	2.84	41.44	40.76	41.44	499.63	500.45	31.928	41.051	40.61	52.22	600.0	-0	162	101.8	16.9	0.0615	1.0	111115
32	"11:46:05"	243.0	-5.55	0.284	505	9.52	3.54	6	1	2.84	41.44	40.77	41.44	499.70	500.49	31.939	41.069	40.62	52.24	600.0	-0	163	101.8	16.9	0.0615	1.0	111115
33	"11:46:07"	244.5	-5.77	0.284	507	9.53	3.54	6	1	2.84	41.45	40.77	41.44	499.62	500.61	31.953	41.095	40.64	52.26	600.0	-0	163	101.8	16.9	0.0615	1.0	111115
34	"11:46:08"	245.5	-5.68	0.285	506	9.55	3.54	6	1	2.84	41.45	40.77	41.44	499.70	500.59	31.962	41.118	40.64	52.29	600.0	-0	164	101.8	16.9	0.0615	0.7	111115
35	"11:46:09"	247.0	-5.63	0.285	506	9.56	3.54	6	1	2.84	41.45	40.78	41.45	499.76	500.60	31.974	41.139	40.65	52.31	600.0	-0	164	101.8	16.9	0.0615	0.7	111115
36	"11:46:10"	248.0	-5.49	0.285	505	9.56	3.54	6	1	2.84	41.45	40.78	41.45	499.82	500.53	31.984	41.156	40.66	52.32	600.0	-0	164	101.8	16.9	0.0615	0.7	111115
37	"11:46:12"	249.5	-5.47	0.286	505	9.57	3.54	6	1	2.84	41.46	40.78	41.45	499.87	500.55	32.001	41.179	40.68	52.34	600.0	-0	164	101.8	16.9	0.0615	0.7	111115
38	"11:46:13"	250.5	-5.47	0.286	505	9.58	3.54	6	1	2.84	41.46	40.78	41.45	499.86	500.53	32.012	41.196	40.68	52.36	600.0	-0	164	101.8	16.9	0.0615	0.7	111115
39	"11:46:14"	252.0	-5.5	0.286	505	9.59	3.54	6	1	2.84	41.46	40.79	41.46	499.86	500.56	32.023	41.219	40.69	52.38	600.0	-0	164	101.8	16.9	0.0615	0.7	111115
40	"11:46:15"	253.0	-5.52	0.287	505	9.6	3.54	6	1	2.84	41.47	40.79	41.46	499.86	500.58	32.031	41.234	40.69	52.39	600.0	-0	164	101.8	16.9	0.0615	0.7	111115
41	"11:46:17"	254.5	-5.5	0.287	505	9.61	3.53	6	1	2.84	41.47	40.80	41.46	499.86	500.56	32.042	41.254	40.70	52.40	600.0	-0	165	101.8	16.9	0.0615	0.7	111115
42	"11:46:18"	255.5	-5.59	0.287	505	9.61	3.53	6	1	2.84	41.47	40.80	41.47	499.82	500.60	32.053	41.268	40.71	52.41	600.0	-0	165	101.8	16.9	0.0615	1.0	111115
43	"11:46:19"	257.0	-5.72	0.287	506	9.62	3.53	6	1	2.84	41.47	40.80	41.47	499.77	500.67	32.068	41.289	40.72	52.43	600.0	-0	165	101.8	16.9	0.0615	1.0	111115
44	"11:46:20"	258.0	-5.87	0.287	507	9.62	3.53	6	1	2.84	41.48	40.81	41.47	499.69	500.74	32.077	41.300	40.73	52.44	600.0	-0	166	101.8	16.9	0.0615	1.0	111115
45	"11:46:22"	259.5	-5.82	0.288	507	9.63	3.53	6	1	2.84	41.48	40.81	41.48	499.71	500.72	32.089	41.317	40.74	52.45	600.1	-0	166	101.8	16.9	0.0615	1.0	111115
46	"11:46:23"	260.5	-5.76	0.288	506	9.63	3.53	6	1	2.84	41.48	40.82	41.48	499.72	500.66	32.099	41.330	40.74	52.46	600.1	-0	166	101.8	16.9	0.0615	1.0	111115
47	"11:46:24"	262.0	-5.63	0.288	505	9.64	3.54	6	1	2.84	41.49	40.82	41.48	499.79	500.59	32.111	41.348	40.75	52.47	600.1	-0	167	101.8	16.9	0.0615	1.0	111115
48	"11:46:25"	263.0	-5.58	0.288	505	9.64	3.54	6	1	2.84	41.49	40.83	41.48	499.81	500.56	32.120	41.362	40.76	52.48	600.1	-0	167	101.8	16.9	0.0615	1.0	111115
49	"11:46:27"	264.5	-5.61	0.288	505	9.65	3.54	6	1	2.84	41.49	40.83	41.49	499.79	500.57	32.132	41.378	40.76	52.49	600.0	-0	168	101.8	16.9	0.0615	1.0	111115
50	"11:46:28"	265.5	-5.65	0.288	505	9.65	3.54	6	1	2.84	41.50	40.83	41.49	499.78	500.60	32.141	41.389	40.77	52.50	600.0	-0	168	101.8	16.9	0.0615	1.0	111115
51	"11:46:29"	267.0	-5.78	0.288	506	9.65	3.54	6	1	2.84	41.50	40.84	41.49	499.70	500.65	32.153	41.403	40.78	52.51	600.0	-0	168	101.8	16.9	0.0615	1.0	111115
52	"11:46:30"	268.0	-5.82	0.288	506	9.66	3.54	6	1	2.84	41.50	40.84	41.50	499.72	500.71	32.160	41.418	40.78	52.52	599.9	-0	168	101.8	16.9	0.0615	1.0	111115
53	"11:46:32"	269.5	-5.68	0.289	506	9.67	3.53	6	1	2.84	41.51	40.84	41.50	499.82	500.67	32.173	41.440	40.79	52.53	599.9	-0	169	101.8	16.9	0.0615	1.0	111115
54	"11:46:33"	270.5	-5.64	0.289	505	9.67	3.53	6	1	2.84	41.51	40.85	41.50	499.85	500.65	32.183	41.455	40.79	52.55	599.9	-0	169	101.8	16.9	0.0615	1.0	111115
55	"11:46:34"	272.0	-5.74	0.289	506	9.68	3.54	6	1	2.84	41.51	40.85	41.51	499.77	500.66	32.197	41.473	40.80	52.56	600.0	-0	169	101.8	16.9	0.0615	1.0	111115
56	"11:46:35"	273.0	-5.8	0.289	506	9.68	3.54	6	1	2.84	41.52	40.86	41.51	499.72	500.67	32.206	41.486	40.81	52.57	600.1	-0	168	101.8	16.9	0.0615	1.0	111115
57	"11:46:37"	274.5	-5.74	0.289	506	9.69	3.54	6	1	2.84	41.52	40.86	41.51	499.77	500.67	32.217	41.504	40.81	52.58	600.1	-0	168	101.8	16.9	0.0615	1.0	111115
58	"11:46:38"	275.5	-5.63	0.289	505	9.69	3.54	6	1	2.84	41.52	40.86	41.52	499.85	500.63	32.225	41.513	40.82	52.58	600.1	-0	168	101.8	16.9	0.0615	1.0	111115
59	"11:46:39"	277.0	-5.68	0.289	505	9.69	3.54	6	1	2.84	41.53	40.87	41.52	499.79	500.62	32.237	41.528	40.82	52.59	600.0	-0	167	101.8	16.9	0.0615	1.0	111115
60	"11:46:40"	278.0	-5.73	0.29	506	9.7	3.54	6	1	2.84	41.53	40.87	41.52	499.71	500.58	32.244	41.541	40.83	52.60	600.0	-0	167	101.8	16.9	0.0615	1.0	111115
61	"11:46:42"	279.5	-5.75	0.29	506	9.71	3.54	6	1	2.84	41.53	40.88	41.53	499.67	500.57	32.253	41.559	40.83	52.61	600.0	-0	167	101.8	16.9	0.0615	1.0	111115
62	"11:46:43"	280.5	-5.8	0.29	506	9.71	3.54	6	1	2.84	41.54	40.88	41.53	499.67	500.61	32.262	41.569	40.84	52.61	600.0	-0	168	101.8	16.9	0.0615	1.0	111115
63	"11:46:44"	282.0	-5.73	0.29	506	9.71	3.54	6	1	2.84	41.54	40.88	41.53	499.78	500.65	32.275	41.584	40.84	52.62	600.1	-0	167	101.8	16.9	0.0615	1.0	111115
64	"11:46:45"	283.0	-5.66	0.29	505	9.71	3.54	6	1	2.84	41.54	40.89	41.54	499.81	500.60	32.285	41.595	40.85	52.63	600.1	-0	167	101.8	16.9	0.0615	1.0	111115
65	"11:46:47"	284.5	-5.55	0.29	505	9.72	3.54	6	1	2.84	41.55	40.89	41.54	499.87	500.55	32.300	41.612	40.86	52.64	600.0	-0	167	101.8	16.9	0.0615	1.0	111115
66	"11:46:48"	285.5	-5.52	0.29	504	9.72	3.54	6	1	2.84	41.55	40.89	41.54	499.85	500.51	32.308	41.623	40.86	52.64	600.0	-0	167	101.8	16.9	0.0615	1.0	111115
67	"11:46:49"	287.0	-5.6	0.291	505	9.73	3.53	6	1	2.84	41.55	40.89	41.55	499.80	500.54	32.320	41.643	40.87	52.66	600.0	-0	167	101.8	16.9	0.0615	1.0	111115
68	"11:46:50"	288.0	-5.66	0.291	505	9.73	3.53	6	1	2.84	41.56	40.90	41.55	499.78	500.56	32.326	41.654	40.87	52.66	600.0	-0	167	101.8	16.9	0.0615	1.0	111115
69	"11:46:52"	289.5	-5.72	0.291	505	9.75	3.53	6	1	2.84	41.56	40.90	41.56	499.74	500.58	32.337	41.677	40.87	52.68	600.0	-0	167	101.8	16.9	0.0615	1.0	111115
70	"11:46:53"	290.5	-5.75	0.291	506	9.75	3.53	6	1	2.84	41.56	40.90	41.56	499.73	500.61	32.347	41.689	40.88	52.69	600.0	-0	167	101.8	16.9	0.0615	1.0	111115
71	"11:46:54"	292.0	-5.74	0.291	506	9.74	3.53	6	1	2.84	41.57	40.91	41.56	499.76	500.62	32.362	41.699	40.89	52.69	600.0	-0	167	101.8	16.9	0.0615	1.0	111115
72	"11:46:55"	293.0	-5.71	0.291	505	9.74	3.54	6	1	2.84	41.57	40.91	41.57	499.78	500.62	32.371	41.704	40.90	52.69	600.0	-0	167	101.8	16.9	0.0615	1.0	111115
73	"11:46:57"	294.5	-5.62	0.291	505	9.74	3.54	6	1	2.84	41.58	40.92	41.57	499.85	500.60	32.383	41.722	40.90	52.70	600.0	-0	167	101.8	16.9	0.0615	1.0	111115
74	"11:46:58"	295.5	-5.69	0.291	505	9.75	3.54	6	1	2.84	41.58	40.92	41.57	499.77	500.58	32.390	41.734	40.90	52.70	600.0	-0	167	101.8	16.9	0.0615	1.0	111115
75	"11:46:59"	297.0	-5.67	0.291	505	9.76	3.54	6	1	2.84	41.58	40.93	41.58	499.77	500.56	32.401	41.750	40.91	52.71	600.0	-0	167	101.8	16.9	0.0615	1.0	111115
76	"11:47:00"	298.0	-5.75	0.291	506	9.75	3.54	6	1	2.84	41.59	40.93	41.58	499.72	500.59	32.410	41.752	40.91	52.71	600.0	-0	167	101.8	16.9	0.0615	1.0	111115
77	"11:47:02"	299.5	-5.66	0.291	505	9.75	3.54	6	1	2.84	41.59	40.93	41.58	499.82	500.60	32.423	41.764	40.92	52.71	600.0	-0	167	101.8	16.9	0.0615	1.0	111115
78	"11:47:03"	300.5	-5.72	0.291	506	9.75	3.54	6	1	2.84	41.59	40.93	41.59	499.81	500.65	32.432	41.773	40.92	52.71	600.0	-0	167	101.8	16.9	0.0615	1.0	111115
79	"11:47:04"	302.0	-5.51	0.291	504	9.76	3.54	6	1	2.84	41.60	40.94	41.59	499.91	500.54	32.446	41.794	40.93	52.73	600.0	-0	167	101.8	16.9	0.0615	1.0	111115
80	"11:47:05"	303.0	-5.4	0.291	503	9.76	3.54	6	1	2.84	41.60	40.95	41.59	499.97	500.48	32.456	41.807	40.94	52.73	600.0	-0	167	101.8	16.9	0.0615	1.0	111115
81	"11:47:06"	303.5	-5.43	0.291	504	9.76	3.54	6	1	2.84	41.60	40.95	41.60	499.97	500.51	32.459	41.808	40.94	52.73	600.0	-0	166	101.8	16.9	0.0615	1.0	111115
82	"11:47:08"	305.5	-5.42	0.291	504	9.77	3.54	6	1	2.84	41.61	40.96	41.60	499.96	500.49	32.476	41.833	40.95	52.74	600.0	-0	166	101.8	16.9	0.0615	1.0	111115
83	"11:47:09"	306.5	-5.54	0.291	504	9.77	3.54	6	1	2.84	41.61	40.96	41.61	499.89	500.54	32.484	41.841	40.95	52.74	600.0	-0	166	101.8	16.9	0.0615	1.0	111115
84	"11:47:10"	308.0	-5.44	0.291	504	9.77	3.54	6	1	2.84	41.62	40.96	41.61	499.89	500.44	32.497	41.854	40.96	52.75	600.1	-0	166	101.8	16.9	0.0615	1.0	111115
85	"11:47:11"	309.0	-5.43	0.291	504	9.77	3.54	6	1	2.84	41.62	40.97	41.61	499.90	500.44	32.502	41.863	40.96	52.75	600.1	-0	166	101.8	16.9	0.0615	1.0	111115
86	"11:47:13"	310.5	-5.26	0.291	503	9.76	3.55	6	1	2.84	41.63	40.98	41.62	500.00	500.38	32.515	41.871	40.96	52.75	600.0	-0	165	101.8	16.9	0.0615	1.0	111115
87	"11:47:14"	311.0	-5.24	0.291	502	9.77	3.55	6	1	2.84	41.63	40.98	41.62	500.02	500.37	32.521	41.879	40.97	52.75	600.0	-0	165	101.8	16.9	0.0615	1.0	111115
88	"11:47:15"	312.5	-5.27	0.291	503	9.76	3.55	6	1	2.84	41.63	40.99	41.62	500.00	500.39	32.533	41.890	40.97	52.75	599.9	-0	165	101.8	16.9	0.0615	1.0	111115
89	"11:47:16"	314.0	-5.45	0.291	504	9.77	3.55	6	1	2.84	41.64	40.99	41.63	499.92	500.48	32.544	41.907	40.97	52.76	599.9	-0	165	101.8	16.9	0.0615	1.0	111115
90	"11:47:17"	315.0	-5.49	0.291	504	9.77	3.55	6	1	2.84	41.64	41.00	41.63	499.92	500.52	32.552	41.917	40.97	52.76	600.0	-0	165	101.8	16.9	0.0615	1.0	111115
91	"11:47:19"	316.5	-5.48	0.291	504	9.78	3.55	6	1	2.84	41.65	41.00	41.64	499.92	500.51	32.566	41.931	40.98	52.77	600.0	-0	165	101.8	16.9	0.0615	1.0	111115
92	"11:47:20"	317.0	-5.46	0.291	504	9.77	3.55	6	1	2.84	41.65	41.00	41.64	499.95	500.52	32.571	41.934	40.98	52.77	600.0	-0	165	101.8	16.9	0.0615	1.0	111115
93	"11:47:21"	317.5	-5.42	0.291	504	9.78	3.55	6	1	2.84	41.65	41.01	41.64	499.96	500.49	32.573	41.941	40.98	52.77	600.0	-0	165	101.8	16.9	0.0615	1.0	111115
94	"11:47:22"	319.0	-5.35	0.291	503	9.77	3.55	6	1	2.84	41.65	41.01	41.64	499.95	500.41	32.589	41.952	40.99	52.77	600.1	-0	165	101.8	16.9	0.0615	1.0	111115
95	"11:47:23"	320.0	-5.39	0.29	503	9.77	3.55	6	1	2.84	41.66	41.02	41.65	499.89	500.39	32.596	41.959	41.00	52.77	600.1	-0	161	101.8	16.9	0.0615	1.0	111115
96	"11:47:24"	322.0	-5.38	0.29	503	9.77	3.56	6	1	2.84	41.66	41.03	41.65	499.91	500.40	32.612	41.974	41.00	52.77	600.0	-0	142	101.8	16.9	0.0615	1.0	111115
97	"11:47:25"	323.0	-5.23	0.29	502	9.78	3.56	6	1	2.84	41.67	41.03	41.66	499.99	500.32	32.620	41.985	41.00	52.77	600.0	-0	137	101.8	16.9	0.0615	1.0	111115
98	"11:47:27"	324.5	-5.31	0.29	503	9.78	3.56	6	1	2.84	41.67	41.04	41.66	499.97	500.38	32.632	42.002	41.01	52.78	600.0	-0	148	101.8	16.9	0.0615	1.0	111115
99	"11:47:28"	325.5	-5.29	0.29	503	9.78	3.56	6	1	2.84	41.68	41.04	41.66	499.94	500.33	32.641	42.008	41.01	52.78	600.1	-0	161	101.8	16.9	0.0615	1.0	111115
100	"11:47:29"	327.0	-5.27	0.29	503	9.77	3.56	6	1	2.84	41.68	41.04	41.67	499.96	500.35	32.653	42.013	41.01	52.77	600.1	-0	178	101.8	16.9	0.0615	1.0	111115
101	"11:47:30"	327.5	-5.3	0.29	503	9.77	3.56	6	1	2.84	41.68	41.05	41.67	499.96	500.37	32.656	42.014	41.02	52.77	600.1	-0	178	101.8	16.9	0.0615	1.0	111115
102	"11:47:31"	328.5	-5.13	0.289	502	9.76	3.56	6	1	2.84	41.69	41.05	41.67	500.05	500.29	32.665	42.016	41.02	52.76	600.1	-0	180	101.8	16.9	0.0615	1.0	111115
103	"11:47:32"	329.5	-5.28	0.289	503	9.75	3.56	6	1	2.84	41.69	41.05	41.68	500.02	500.42	32.672	42.016	41.02	52.75	600.1	-0	182	101.8	16.9	0.0615	1.0	111115
104	"11:47:34"	331.5	-5.22	0.288	502	9.75	3.57	6	1	2.84	41.70	41.06	41.69	500.08	500.42	32.685	42.026	41.02	52.74	600.0	-0	183	101.8	16.9	0.0615	1.0	111115
105	"11:47:35"	332.5	-5.16	0.288	502	9.75	3.57	6	1	2.84	41.70	41.07	41.69	500.14	500.42	32.692	42.038	41.02	52.75	599.9	-0	183	101.8	16.9	0.0615	1.0	111115
106	"11:47:36"	334.0	-5.01	0.288	501	9.75	3.57	6	1	2.84	41.71	41.08	41.69	500.18	500.30	32.705	42.051	41.03	52.75	599.9	-0	183	101.8	16.9	0.0615	1.0	111115
107	"11:47:37"	335.0	-5.08	0.289	501	9.76	3.57	6	1	2.84	41.71	41.08	41.70	500.11	500.30	32.713	42.068	41.03	52.76	599.9	-0	182	101.8	16.9	0.0615	1.0	111115
108	"11:47:39"	336.5	-5.19	0.288	502	9.76	3.57	6	1	2.84	41.71	41.08	41.70	500.02	500.33	32.726	42.073	41.04	52.76	600.0	-0	182	101.8	16.9	0.0615	1.0	111115
109	"11:47:40"	337.5	-5.23	0.288	502	9.76	3.57	6	1	2.84	41.72	41.09	41.70	499.97	500.32	32.735	42.086	41.04	52.77	600.0	-0	182	101.8	16.9	0.0615	1.0	111115
110	"11:47:41"	339.0	-5.24	0.289	502	9.77	3.57	6	1	2.84	41.72	41.09	41.71	499.97	500.32	32.746	42.105	41.05	52.78	600.0	-0	183	101.8	16.9	0.0615	1.0	111115
111	"11:47:42"	340.0	-5.16	0.289	502	9.78	3.57	6	1	2.84	41.72	41.10	41.71	500.01	500.28	32.754	42.123	41.05	52.79	600.0	-0	183	101.8	16.9	0.0615	1.0	111115
112	"11:47:44"	341.5	-5.19	0.289	502	9.79	3.57	6	1	2.84	41.73	41.10	41.72	499.99	500.29	32.767	42.144	41.05	52.80	600.0	-0	182	101.8	16.9	0.0615	1.0	111115
113	"11:47:45"	342.5	-5.11	0.289	501	9.79	3.57	6	1	2.84	41.73	41.11	41.72	500.03	500.24	32.774	42.154	41.05	52.80	600.0	-0	182	101.8	16.9	0.0615	1.0	111115
114	"11:47:46"	344.0	-5.11	0.289	501	9.8	3.57	6	1	2.84	41.74	41.11	41.72	500.02	500.23	32.790	42.172	41.06	52.81	600.1	-0	182	101.8	16.9	0.0615	1.0	111115
115	"11:47:47"	345.0	-5.11	0.289	501	9.8	3.57	6	1	2.84	41.74	41.12	41.73	500.05	500.26	32.797	42.184	41.07	52.82	600.1	-0	182	101.8	16.9	0.0615	1.0	111115
116	"11:47:48"	345.5	-5.12	0.29	502	9.8	3.57	6	1	2.84	41.74	41.12	41.73	500.06	500.27	32.801	42.190	41.07	52.82	600.0	-0	182	101.8	16.9	0.0615	1.0	111115
117	"11:47:50"	347.5	-5.15	0.29	502	9.81	3.57	6	1	2.84	41.75	41.12	41.73	500.07	500.31	32.818	42.213	41.07	52.83	600.0	-0	182	101.8	16.9	0.0615	1.0	111115
118	"11:47:51"	348.5	-5.16	0.29	502	9.82	3.57	6	1	2.84	41.75	41.13	41.74	500.03	500.28	32.824	42.224	41.07	52.84	600.0	-0	182	101.8	16.9	0.0615	1.0	111115
119	"11:47:52"	350.0	-5.16	0.29	502	9.82	3.57	6	1	2.84	41.76	41.13	41.74	499.97	500.21	32.835	42.236	41.08	52.84	600.1	-0	182	101.8	16.9	0.0615	1.0	111115
120	"11:47:53"	351.0	-5.18	0.29	502	9.82	3.57	6	1	2.84	41.76	41.14	41.75	499.91	500.17	32.840	42.248	41.08	52.84	600.0	-0	182	101.8	16.9	0.0615	1.0	111115
121	"11:47:55"	352.5	-5.27	0.29	502	9.83	3.57	6	1	2.84	41.77	41.14	41.75	499.88	500.23	32.852	42.268	41.08	52.86	600.0	-0	182	101.8	16.9	0.0615	1.0	111115
122	"11:47:56"	353.5	-5.36	0.29	503	9.84	3.57	6	1	2.84	41.77	41.15	41.75	499.85	500.29	32.860	42.282	41.08	52.86	600.0	-0	182	101.8	16.9	0.0615	1.0	111115
123	"11:47:57"	355.0	-5.41	0.291	503	9.84	3.58	6	1	2.84	41.77	41.15	41.76	499.85	500.34	32.873	42.300	41.09	52.87	600.0	-0	182	101.8	16.9	0.0615	1.0	111115
124	"11:47:58"	356.0	-5.45	0.291	503	9.85	3.58	6	1	2.84	41.78	41.15	41.76	499.84	500.37	32.881	42.311	41.09	52.87	600.0	-0	182	101.8	16.9	0.0615	1.0	111115
125	"11:48:00"	357.5	-5.39	0.291	503	9.85	3.58	6	1	2.84	41.78	41.16	41.77	499.91	500.37	32.893	42.327	41.10	52.88	600.0	-0	182	101.8	16.9	0.0615	1.0	111115
126	"11:48:01"	358.5	-5.33	0.291	503	9.85	3.58	6	1	2.84	41.79	41.16	41.77	499.95	500.35	32.901	42.337	41.10	52.89	600.0	-0	182	101.8	16.9	0.0615	1.0	111115
127	"11:48:02"	360.0	-5.18	0.291	502	9.86	3.58	6	1	2.84	41.79	41.17	41.77	499.97	500.22	32.912	42.356	41.10	52.89	600.0	-0	182	101.8	16.9	0.0615	1.0	111115
128	"11:48:03"	361.0	-5.29	0.291	502	9.86	3.58	6	1	2.84	41.79	41.17	41.78	499.87	500.22	32.921	42.366	41.11	52.90	600.0	-0	182	101.8	16.9	0.0615	1.0	111115
129	"11:48:05"	362.5	-5.23	0.291	502	9.87	3.58	6	1	2.84	41.80	41.18	41.78	499.84	500.13	32.933	42.387	41.11	52.91	600.0	-0	182	101.8	16.9	0.0615	1.0	111115
130	"11:48:06"	363.5	-5.23	0.291	502	9.87	3.58	6	1	2.84	41.80	41.19	41.79	499.85	500.14	32.940	42.396	41.11	52.91	600.0	-0	182	101.8	16.9	0.0615	1.0	111115
131	"11:48:07"	365.0	-5.06	0.291	501	9.88	3.58	6	1	2.84	41.81	41.19	41.79	499.97	500.09	32.953	42.410	41.12	52.92	600.0	-0	182	101.8	16.9	0.0615	1.0	111115
132	"11:48:08"	365.5	-5.02	0.291	501	9.88	3.58	6	1	2.84	41.81	41.20	41.79	500.00	500.09	32.956	42.414	41.12	52.92	600.0	-0	182	101.8	16.9	0.0615	1.0	111115
133	"11:48:09"	367.0	-4.96	0.291	500	9.88	3.58	6	1	2.84	41.81	41.20	41.80	500.05	500.07	32.968	42.427	41.12	52.92	600.0	-0	182	101.8	16.9	0.0615	1.0	111115
134	"11:48:10"	367.5	-4.94	0.291	500	9.89	3.58	6	1	2.84	41.82	41.21	41.80	500.08	500.08	32.971	42.437	41.12	52.92	600.0	-0	182	101.8	16.9	0.0615	1.0	111115
135	"11:48:12"	369.5	-4.93	0.291	500	9.89	3.59	6	1	2.84	41.82	41.21	41.81	500.09	500.06	32.984	42.459	41.12	52.93	600.0	-0	182	101.8	16.9	0.0615	1.0	111115
136	"11:48:13"	370.0	-4.96	0.291	500	9.9	3.59	6	1	2.84	41.83	41.22	41.81	500.07	500.08	32.988	42.466	41.12	52.93	600.0	-0	182	101.8	16.9	0.0615	1.0	111115
137	"11:48:14"	372.0	-4.97	0.291	500	9.9	3.59	6	1	2.84	41.83	41.22	41.81	500.07	500.09	33.003	42.481	41.12	52.93	600.0	-0	182	101.8	16.9	0.0615	1.0	111115
138	"11:48:15"	373.0	-4.93	0.291	500	9.9	3.59	6	1	2.84	41.84	41.22	41.82	500.10	500.08	33.011	42.492	41.13	52.94	600.0	-0	182	101.8	16.9	0.0615	0.7	111115
139	"11:48:17"	374.5	-4.88	0.292	500	9.91	3.58	6	1	2.84	41.84	41.23	41.82	500.12	500.05	33.024	42.511	41.13	52.95	600.0	-0	182	101.8	16.9	0.0615	0.7	111115
140	"11:48:18"	375.5	-4.9	0.292	500	9.91	3.58	6	1	2.84	41.84	41.23	41.83	500.10	500.04	33.033	42.522	41.14	52.95	600.1	-0	182	101.8	16.9	0.0615	1.0	111115
141	"11:48:19"	377.0	-4.98	0.292	500	9.92	3.58	6	1	2.84	41.85	41.23	41.83	500.04	500.06	33.044	42.538	41.14	52.96	600.0	-0	182	101.8	16.9	0.0615	1.0	111115
142	"11:48:20"	378.0	-5.03	0.292	500	9.92	3.58	6	1	2.84	41.85	41.24	41.83	499.98	500.05	33.052	42.552	41.14	52.97	600.1	-0	182	101.8	16.9	0.0615	1.0	111115
143	"11:48:22"	379.5	-5.19	0.292	501	9.93	3.59	6	1	2.84	41.86	41.24	41.84	499.88	500.11	33.062	42.566	41.14	52.97	600.1	-0	182	101.8	16.9	0.0615	1.0	111115
144	"11:48:23"	380.5	-5.17	0.292	501	9.94	3.59	6	1	2.84	41.86	41.25	41.84	499.90	500.10	33.068	42.579	41.14	52.98	600.1	-0	182	101.8	16.9	0.0615	1.0	111115
145	"11:48:24"	382.0	-5	0.292	500	9.93	3.59	6	1	2.84	41.87	41.25	41.85	500.01	500.04	33.082	42.593	41.15	52.98	600.1	-0	182	101.8	16.9	0.0615	1.0	111115
146	"11:48:25"	383.0	-4.77	0.292	499	9.94	3.59	6	1	2.84	41.87	41.26	41.85	500.11	499.91	33.093	42.609	41.16	52.99	600.0	-0	182	101.8	16.9	0.0615	1.0	111115
147	"11:48:26"	383.5	-4.77	0.292	499	9.94	3.59	6	1	2.84	41.87	41.26	41.85	500.10	499.91	33.096	42.616	41.16	52.99	600.0	-0	182	101.8	16.9	0.0615	1.0	111115
148	"11:48:28"	385.5	-4.82	0.293	499	9.96	3.59	6	1	2.84	41.88	41.26	41.86	500.04	499.89	33.109	42.642	41.16	53.01	600.0	-0	182	101.8	16.9	0.0615	1.0	111115
149	"11:48:29"	386.5	-4.91	0.293	500	9.96	3.59	6	1	2.84	41.88	41.27	41.86	499.99	499.93	33.115	42.648	41.16	53.01	600.0	-0	183	101.8	16.9	0.0615	1.0	111115
150	"11:48:30"	388.0	-4.8	0.293	499	9.96	3.59	6	1	2.84	41.89	41.27	41.87	500.10	499.92	33.126	42.657	41.16	53.01	600.0	-0	183	101.8	16.9	0.0615	1.0	111115
151	"11:48:31"	389.0	-4.81	0.293	499	9.96	3.59	6	1	2.84	41.89	41.27	41.87	500.12	499.95	33.134	42.666	41.17	53.01	600.0	-0	183	101.8	16.9	0.0615	1.0	111115
152	"11:48:33"	390.5	-4.82	0.293	499	9.96	3.59	6	1	2.84	41.89	41.28	41.87	500.13	499.97	33.147	42.684	41.17	53.01	600.0	-0	183	101.8	16.9	0.0615	1.0	111115
153	"11:48:34"	391.5	-4.91	0.293	500	9.97	3.59	6	1	2.84	41.90	41.28	41.88	500.06	499.99	33.155	42.696	41.17	53.02	600.0	-0	184	101.8	16.9	0.0615	1.0	111115
154	"11:48:35"	393.0	-5.08	0.293	501	9.98	3.59	6	1	2.84	41.90	41.29	41.88	499.92	500.00	33.165	42.714	41.17	53.03	600.1	-0	182	101.8	16.9	0.0615	1.0	111115
155	"11:48:36"	394.0	-5.04	0.293	500	9.98	3.59	6	1	2.84	41.91	41.29	41.89	499.89	499.93	33.173	42.726	41.17	53.03	600.1	-0	181	101.8	16.9	0.0615	1.0	111115
156	"11:48:38"	395.5	-5.11	0.293	501	9.99	3.59	6	1	2.84	41.91	41.30	41.89	499.80	499.93	33.183	42.742	41.18	53.04	600.0	-0	162	101.8	16.9	0.0615	1.0	111115
157	"11:48:39"	396.5	-4.97	0.293	500	9.99	3.59	6	1	2.84	41.92	41.31	41.89	499.87	499.85	33.192	42.754	41.18	53.04	599.9	-0	124	101.8	16.9	0.0615	1.0	111115
158	"11:48:40"	398.0	-4.94	0.293	500	9.99	3.6	6	1	2.84	41.92	41.31	41.90	499.92	499.87	33.203	42.767	41.18	53.04	599.9	-0	68	101.8	16.9	0.0615	1.0	111115
159	"11:48:41"	399.0	-4.79	0.293	499	9.99	3.6	6	1	2.84	41.92	41.32	41.90	500.03	499.83	33.210	42.772	41.18	53.04	600.0	-0	52	101.8	16.9	0.0615	1.0	111115
160	"11:48:43"	400.5	-4.76	0.293	499	9.98	3.6	6	1	2.84	41.93	41.32	41.91	500.07	499.85	33.223	42.772	41.19	53.03	600.1	-0	106	101.8	16.9	0.0615	1.0	111115
161	"11:48:44"	401.5	-4.66	0.292	498	9.96	3.6	6	1	2.84	41.93	41.32	41.91	500.09	499.77	33.230	42.768	41.19	53.01	600.1	-0	128	101.8	16.9	0.0615	1.0	111115
162	"11:48:45"	402.0	-4.69	0.292	498	9.97	3.6	6	1	2.84	41.93	41.33	41.91	500.08	499.78	33.233	42.771	41.19	53.01	600.1	-0	128	101.8	16.9	0.0615	1.0	111115
163	"11:48:46"	403.0	-4.71	0.292	498	9.96	3.6	6	1	2.84	41.94	41.33	41.92	500.00	499.73	33.237	42.770	41.19	53.00	600.1	-0	140	101.8	16.9	0.0615	1.0	111115
164	"11:48:47"	405.0	-4.9	0.291	499	9.95	3.61	6	1	2.84	41.94	41.35	41.92	499.92	499.84	33.244	42.771	41.18	52.98	600.1	-0	139	101.8	16.9	0.0615	1.0	111115
165	"11:48:48"	406.0	-4.92	0.291	500	9.95	3.61	6	1	2.84	41.95	41.35	41.93	499.91	499.87	33.249	42.773	41.18	52.98	600.0	-0	170	101.8	16.9	0.0615	1.0	111115
166	"11:48:50"	407.5	-4.91	0.29	500	9.93	3.61	6	1	2.84	41.95	41.35	41.93	499.90	499.85	33.259	42.769	41.18	52.96	600.0	-0	155	101.8	16.9	0.0615	1.0	111115
167	"11:48:51"	408.5	-4.77	0.289	499	9.92	3.61	6	1	2.84	41.96	41.36	41.93	499.96	499.77	33.268	42.767	41.19	52.95	600.0	-0	155	101.8	16.9	0.0615	1.0	111115
168	"11:48:52"	410.0	-4.75	0.289	499	9.92	3.62	6	1	2.84	41.96	41.36	41.94	499.97	499.77	33.281	42.772	41.19	52.94	600.0	-0	160	101.8	16.9	0.0615	1.0	111115
169	"11:48:53"	411.0	-4.75	0.289	499	9.91	3.62	6	1	2.84	41.96	41.37	41.94	499.98	499.78	33.287	42.770	41.19	52.92	600.0	-0	180	101.8	16.9	0.0615	1.0	111115
170	"11:48:55"	412.5	-4.81	0.288	499	9.9	3.62	6	1	2.84	41.97	41.37	41.95	499.97	499.83	33.301	42.780	41.20	52.92	600.0	-0	181	101.8	16.9	0.0615	1.0	111115
171	"11:48:56"	413.5	-4.76	0.288	499	9.9	3.62	6	1	2.84	41.97	41.37	41.95	499.97	499.78	33.311	42.784	41.20	52.92	600.0	-0	181	101.8	16.9	0.0615	1.0	111115
172	"11:48:57"	415.0	-4.76	0.288	499	9.9	3.62	6	1	2.84	41.98	41.38	41.95	499.95	499.76	33.323	42.801	41.21	52.93	600.0	-0	181	101.8	16.9	0.0615	1.0	111115
173	"11:48:58"	416.0	-4.72	0.288	498	9.9	3.62	6	1	2.84	41.98	41.38	41.96	499.98	499.75	33.332	42.812	41.21	52.93	600.0	-0	181	101.8	16.9	0.0615	1.0	111115
174	"11:49:00"	417.5	-4.7	0.288	498	9.91	3.62	6	1	2.84	41.99	41.39	41.96	500.01	499.76	33.342	42.826	41.21	52.94	600.0	-0	181	101.8	16.9	0.0615	1.0	111115
175	"11:49:01"	418.5	-4.72	0.288	498	9.91	3.62	6	1	2.84	41.99	41.39	41.97	499.99	499.76	33.351	42.838	41.22	52.94	600.0	-0	181	101.8	16.9	0.0615	1.0	111115
176	"11:49:02"	420.0	-4.73	0.289	498	9.92	3.62	6	1	2.84	42.00	41.40	41.97	499.98	499.76	33.363	42.858	41.22	52.95	600.0	-0	181	101.8	16.9	0.0615	1.0	111115
177	"11:49:03"	421.0	-4.75	0.289	499	9.92	3.62	6	1	2.84	42.00	41.40	41.98	499.96	499.75	33.371	42.870	41.22	52.95	600.0	-0	181	101.8	16.9	0.0615	1.0	111115
178	"11:49:05"	422.5	-4.81	0.289	499	9.93	3.62	6	1	2.84	42.00	41.41	41.98	499.90	499.75	33.382	42.892	41.22	52.96	600.0	-0	181	101.8	16.9	0.0615	1.0	111115
179	"11:49:06"	423.0	-4.76	0.289	499	9.94	3.62	6	1	2.84	42.01	41.41	41.98	499.93	499.72	33.388	42.901	41.22	52.97	600.0	-0	181	101.8	16.9	0.0615	1.0	111115
180	"11:49:07"	424.5	-4.76	0.289	498	9.94	3.62	6	1	2.84	42.01	41.42	41.99	499.93	499.72	33.401	42.918	41.23	52.98	600.0	-0	181	101.8	16.9	0.0615	1.0	111115
181	"11:49:08"	426.0	-4.73	0.289	498	9.95	3.62	6	1	2.84	42.02	41.42	41.99	499.96	499.72	33.415	42.937	41.23	52.99	600.0	-0	182	101.8	16.9	0.0615	1.0	111115
182	"11:49:09"	427.0	-4.88	0.289	499	9.95	3.62	6	1	2.84	42.02	41.43	42.00	499.89	499.80	33.422	42.947	41.24	52.99	600.0	-0	182	101.8	16.9	0.0615	1.0	111115
183	"11:49:11"	428.5	-4.8	0.29	499	9.96	3.62	6	1	2.84	42.03	41.43	42.00	499.93	499.74	33.434	42.969	41.24	53.00	600.0	-0	182	101.8	16.9	0.0615	1.0	111115
184	"11:49:12"	429.0	-4.74	0.29	498	9.96	3.62	6	1	2.84	42.03	41.43	42.00	499.94	499.71	33.437	42.972	41.24	53.00	600.0	-0	182	101.8	16.9	0.0615	1.0	111115
185	"11:49:13"	430.5	-4.6	0.29	497	9.97	3.63	6	1	2.84	42.03	41.44	42.01	499.98	499.60	33.450	42.990	41.24	53.01	600.0	-0	181	101.8	16.9	0.0615	1.0	111115
186	"11:49:14"	432.0	-4.58	0.29	497	9.97	3.63	6	1	2.84	42.04	41.44	42.02	499.95	499.56	33.459	43.002	41.24	53.01	600.0	-0	181	101.8	16.9	0.0615	1.0	111115
187	"11:49:15"	432.5	-4.55	0.29	497	9.97	3.63	6	1	2.84	42.04	41.44	42.02	499.98	499.55	33.462	43.007	41.24	53.01	600.0	-0	182	101.8	16.9	0.0615	1.0	111115
188	"11:49:16"	434.0	-4.59	0.29	497	9.98	3.63	6	1	2.84	42.05	41.45	42.02	499.96	499.56	33.474	43.028	41.25	53.02	600.0	-0	183	101.8	16.9	0.0615	1.0	111115
189	"11:49:17"	434.5	-4.57	0.29	497	9.99	3.63	6	1	2.84	42.05	41.45	42.02	499.97	499.55	33.477	43.034	41.25	53.02	600.0	-0	184	101.8	16.9	0.0615	1.0	111115
190	"11:49:19"	436.5	-4.59	0.29	497	10	3.63	6	1	2.84	42.05	41.46	42.03	499.98	499.57	33.498	43.061	41.25	53.03	600.1	-0	183	101.8	16.9	0.0615	1.0	111115
191	"11:49:20"	438.0	-4.48	0.291	497	10	3.63	6	1	2.84	42.06	41.47	42.04	500.07	499.55	33.510	43.080	41.26	53.04	600.1	-0	183	101.8	16.9	0.0615	1.0	111115
192	"11:49:21"	438.5	-4.48	0.291	497	10	3.63	6	1	2.84	42.06	41.47	42.04	500.09	499.58	33.515	43.087	41.26	53.04	600.1	-0	183	101.8	16.9	0.0615	1.0	111115
193	"11:49:22"	440.0	-4.4	0.291	496	10	3.63	6	1	2.84	42.07	41.48	42.04	500.15	499.55	33.527	43.107	41.26	53.05	600.1	-0	183	101.8	16.9	0.0615	1.0	111115
194	"11:49:23"	440.5	-4.43	0.291	496	10	3.63	6	1	2.84	42.07	41.48	42.05	500.14	499.57	33.530	43.113	41.26	53.06	600.1	-0	183	101.8	16.9	0.0615	1.0	111115
195	"11:49:25"	442.5	-4.55	0.291	497	10	3.63	6	1	2.84	42.08	41.49	42.05	500.01	499.56	33.544	43.133	41.26	53.06	600.0	-0	183	101.8	16.9	0.0615	1.0	111115
196	"11:49:26"	443.5	-4.51	0.291	497	10	3.63	6	1	2.84	42.08	41.49	42.06	500.02	499.52	33.554	43.141	41.27	53.06	600.0	-0	183	101.8	16.9	0.0615	1.0	111115
197	"11:49:27"	445.0	-4.46	0.291	496	10	3.63	6	1	2.84	42.09	41.50	42.06	500.03	499.48	33.567	43.154	41.27	53.06	600.0	-0	182	101.8	16.9	0.0615	1.0	111115
198	"11:49:28"	446.0	-4.36	0.291	496	10	3.63	6	1	2.84	42.09	41.50	42.06	500.10	499.46	33.577	43.165	41.28	53.06	600.0	-0	182	101.8	16.9	0.0615	1.0	111115
199	"11:49:29"	446.5	-4.35	0.291	496	10	3.63	6	1	2.84	42.09	41.50	42.07	500.12	499.47	33.582	43.171	41.28	53.06	600.0	-0	182	101.8	16.9	0.0615	1.0	111115
200	"11:49:31"	448.5	-4.45	0.291	496	10	3.63	6	1	2.84	42.10	41.50	42.07	500.12	499.56	33.598	43.199	41.28	53.08	600.0	-0	182	101.8	16.9	0.0615	1.0	111115
201	"11:49:32"	449.5	-4.63	0.291	497	10	3.63	6	1	2.84	42.10	41.50	42.08	500.01	499.62	33.605	43.209	41.28	53.08	600.0	-0	182	101.8	16.9	0.0615	1.0	111115
202	"11:49:33"	451.0	-4.57	0.291	497	10	3.63	6	1	2.84	42.11	41.51	42.08	500.02	499.58	33.617	43.224	41.29	53.08	600.0	-0	182	101.8	16.9	0.0615	1.0	111115
203	"11:49:34"	452.0	-4.52	0.291	497	10	3.63	6	1	2.84	42.11	41.51	42.09	500.02	499.53	33.625	43.233	41.29	53.08	600.0	-0	182	101.8	16.9	0.0615	1.0	111115
204	"11:49:36"	453.5	-4.41	0.291	496	10	3.63	6	1	2.84	42.12	41.52	42.09	500.07	499.46	33.638	43.247	41.29	53.09	600.0	-0	182	101.8	16.9	0.0615	1.0	111115
205	"11:49:37"	454.5	-4.43	0.291	496	10	3.63	6	1	2.84	42.12	41.52	42.09	500.04	499.45	33.647	43.258	41.30	53.09	600.0	-0	181	101.8	16.9	0.0615	1.0	111115
206	"11:49:38"	456.0	-4.34	0.291	495	10	3.64	6	1	2.84	42.12	41.53	42.10	500.08	499.40	33.659	43.272	41.30	53.10	600.0	-0	181	101.8	16.9	0.0615	1.0	111115
207	"11:49:39"	457.0	-4.24	0.291	495	10.1	3.64	6	1	2.84	42.13	41.54	42.10	500.16	499.38	33.667	43.284	41.31	53.10	600.0	-0	181	101.8	16.9	0.0615	1.0	111115
208	"11:49:40"	457.5	-4.21	0.291	495	10.1	3.64	6	1	2.84	42.13	41.54	42.10	500.18	499.37	33.671	43.287	41.31	53.10	600.0	-0	181	101.8	16.9	0.0615	1.0	111115
209	"11:49:42"	459.5	-4.41	0.292	496	10.1	3.64	6	1	2.84	42.13	41.55	42.11	500.04	499.43	33.687	43.314	41.31	53.12	600.0	-0	181	101.8	16.9	0.0615	1.0	111115
210	"11:49:43"	460.5	-4.46	0.292	496	10.1	3.64	6	1	2.84	42.14	41.55	42.11	500.01	499.45	33.696	43.327	41.32	53.13	600.0	-0	181	101.8	16.9	0.0615	1.0	111115
211	"11:49:44"	462.0	-4.6	0.292	497	10.1	3.64	6	1	2.84	42.14	41.55	42.12	499.91	499.48	33.708	43.338	41.32	53.12	600.0	-0	180	101.8	16.9	0.0615	1.0	111115
212	"11:49:45"	463.0	-4.66	0.291	497	10.1	3.64	6	1	2.84	42.15	41.56	42.12	499.85	499.49	33.716	43.343	41.32	53.12	600.0	-0	180	101.8	16.9	0.0615	1.0	111115
213	"11:49:47"	464.5	-4.65	0.291	497	10.1	3.64	6	1	2.84	42.15	41.56	42.12	499.82	499.44	33.726	43.357	41.32	53.12	600.0	-0	180	101.8	16.9	0.0615	1.0	111115
214	"11:49:48"	465.5	-4.66	0.292	497	10.1	3.64	6	1	2.84	42.16	41.57	42.13	499.80	499.43	33.734	43.372	41.32	53.13	600.0	-0	180	101.8	16.9	0.0615	1.0	111115
215	"11:49:49"	467.0	-4.64	0.292	497	10.1	3.64	6	1	2.84	42.16	41.57	42.13	499.84	499.45	33.743	43.391	41.32	53.14	600.0	-0	180	101.8	16.9	0.0615	1.0	111115
216	"11:49:50"	468.0	-4.56	0.292	497	10.1	3.64	6	1	2.84	42.16	41.57	42.14	499.89	499.41	33.749	43.400	41.32	53.14	600.1	-0	180	101.8	16.9	0.0615	1.0	111115
217	"11:49:52"	469.5	-4.38	0.292	495	10.1	3.64	6	1	2.84	42.17	41.58	42.14	499.95	499.29	33.759	43.419	41.32	53.15	600.2	-0	180	101.8	16.9	0.0615	1.0	111115
218	"11:49:53"	470.5	-4.34	0.292	495	10.1	3.64	6	1	2.84	42.17	41.58	42.14	499.97	499.27	33.766	43.429	41.33	53.15	600.2	-0	180	101.8	16.9	0.0615	1.0	111115
219	"11:49:54"	472.0	-4.44	0.292	496	10.1	3.64	6	1	2.84	42.18	41.59	42.15	499.93	499.32	33.778	43.446	41.33	53.16	600.0	-0	180	101.8	16.9	0.0615	1.0	111115
220	"11:49:55"	473.0	-4.46	0.292	496	10.1	3.64	6	1	2.84	42.18	41.59	42.15	499.93	499.34	33.786	43.455	41.33	53.16	599.9	-0	179	101.8	16.9	0.0615	1.0	111115
221	"11:49:57"	474.5	-4.33	0.292	495	10.1	3.65	6	1	2.84	42.19	41.60	42.16	499.97	499.25	33.796	43.469	41.33	53.16	599.9	-0	179	101.8	16.9	0.0615	1.0	111115
222	"11:49:58"	475.5	-4.26	0.292	495	10.1	3.65	6	1	2.84	42.19	41.61	42.16	499.95	499.17	33.806	43.476	41.34	53.16	599.9	-0	179	101.8	16.9	0.0615	1.0	111115
223	"11:49:59"	477.0	-4.27	0.292	495	10.1	3.65	6	1	2.84	42.19	41.61	42.17	499.92	499.15	33.816	43.488	41.34	53.17	600.0	-0	179	101.8	16.9	0.0615	0.7	111115
224	"11:50:00"	478.0	-4.36	0.292	495	10.1	3.65	6	1	2.84	42.20	41.61	42.17	499.92	499.22	33.824	43.500	41.34	53.17	600.0	-0	179	101.8	16.9	0.0615	0.7	111115
225	"11:50:02"	479.5	-4.44	0.293	496	10.1	3.65	6	1	2.84	42.20	41.62	42.17	499.98	499.36	33.833	43.516	41.34	53.18	600.0	-0	179	101.8	16.9	0.0615	0.7	111115
226	"11:50:03"	480.0	-4.38	0.293	495	10.1	3.65	6	1	2.84	42.20	41.62	42.18	500.04	499.36	33.838	43.521	41.34	53.18	600.0	-0	179	101.8	16.9	0.0615	1.0	111115
227	"11:50:04"	481.5	-4.32	0.293	495	10.1	3.65	6	1	2.84	42.21	41.62	42.18	500.07	499.33	33.850	43.540	41.35	53.18	600.0	-0	179	101.8	16.9	0.0615	1.0	111115
228	"11:50:05"	483.0	-4.28	0.293	495	10.1	3.65	6	1	2.84	42.21	41.63	42.19	500.04	499.27	33.865	43.551	41.35	53.18	600.0	-0	179	101.8	16.9	0.0615	1.0	111115
229	"11:50:06"	483.5	-4.25	0.292	495	10.1	3.65	6	1	2.84	42.22	41.63	42.19	500.06	499.25	33.869	43.554	41.36	53.18	600.0	-0	179	101.8	16.9	0.0615	1.0	111115
230	"11:50:07"	485.0	-4.36	0.292	495	10.1	3.65	6	1	2.84	42.22	41.63	42.19	500.01	499.32	33.883	43.563	41.36	53.18	600.0	-0	179	101.8	16.9	0.0615	1.0	111115
231	"11:50:09"	486.5	-4.33	0.292	495	10.1	3.65	6	1	2.84	42.23	41.64	42.20	499.98	499.26	33.893	43.573	41.37	53.18	600.0	-0	179	101.8	16.9	0.0615	1.0	111115
232	"11:50:10"	487.5	-4.4	0.292	495	10.1	3.65	6	1	2.84	42.23	41.64	42.20	499.91	499.26	33.900	43.582	41.37	53.18	600.0	-0	179	101.8	16.9	0.0615	1.0	111115
233	"11:50:11"	489.0	-4.31	0.292	495	10.1	3.65	6	1	2.84	42.23	41.65	42.21	499.91	499.16	33.912	43.599	41.37	53.19	600.1	-0	179	101.8	16.9	0.0615	1.0	111115
234	"11:50:12"	490.0	-4.3	0.292	495	10.1	3.65	6	1	2.84	42.24	41.65	42.21	499.89	499.13	33.919	43.608	41.37	53.19	600.1	-0	179	101.8	16.9	0.0615	1.0	111115
235	"11:50:14"	491.5	-4.1	0.292	494	10.1	3.65	6	1	2.84	42.24	41.66	42.22	500.01	499.05	33.930	43.624	41.37	53.19	600.1	-0	179	101.8	16.9	0.0615	1.0	111115
236	"11:50:15"	492.0	-4.1	0.292	494	10.1	3.65	6	1	2.84	42.25	41.66	42.22	500.03	499.07	33.933	43.626	41.37	53.19	600.1	-0	179	101.8	16.9	0.0615	1.0	111115
237	"11:50:16"	493.5	-4.07	0.292	493	10.1	3.66	6	1	2.84	42.25	41.66	42.22	500.04	499.05	33.945	43.640	41.37	53.19	600.1	-0	179	101.8	16.9	0.0615	1.0	111115
238	"11:50:17"	495.0	-4.17	0.292	494	10.1	3.66	6	1	2.84	42.26	41.67	42.23	499.99	499.10	33.954	43.645	41.38	53.18	600.1	-0	179	101.8	16.9	0.0615	1.0	111115
239	"11:50:18"	496.0	-4.31	0.292	495	10.1	3.66	6	1	2.84	42.26	41.67	42.23	499.87	499.12	33.962	43.656	41.38	53.19	600.0	-0	179	101.8	16.9	0.0615	1.0	111115
240	"11:50:20"	497.5	-4.33	0.292	495	10.1	3.66	6	1	2.84	42.26	41.68	42.24	499.87	499.14	33.971	43.664	41.38	53.18	600.0	-0	179	101.8	16.9	0.0615	1.0	111115
241	"11:50:21"	498.5	-4.18	0.292	494	10.1	3.66	6	1	2.84	42.27	41.68	42.24	499.93	499.06	33.979	43.670	41.38	53.18	600.0	-0	179	101.8	16.9	0.0615	1.0	111115
242	"11:50:22"	500.0	-4.18	0.292	494	10.1	3.66	6	1	2.84	42.27	41.69	42.24	499.97	499.09	33.991	43.687	41.38	53.19	600.0	-0	179	101.8	16.9	0.0615	1.0	111115
243	"11:50:23"	501.0	-4.19	0.292	494	10.1	3.66	6	1	2.84	42.28	41.69	42.25	499.97	499.10	33.999	43.702	41.39	53.20	600.0	-0	179	101.8	16.9	0.0615	1.0	111115
244	"11:50:25"	502.5	-4.26	0.292	494	10.2	3.66	6	1	2.84	42.28	41.69	42.25	499.96	499.15	34.010	43.721	41.39	53.21	600.0	-0	179	101.8	16.9	0.0615	1.0	111115
245	"11:50:26"	503.0	-4.16	0.292	494	10.2	3.66	6	1	2.84	42.28	41.70	42.25	500.01	499.10	34.014	43.726	41.39	53.21	600.0	-0	179	101.8	16.9	0.0615	1.0	111115
