"OPEN 5.3.2"
"Thr Aug  2 2018 11:34:58"
"Unit="	"PSC-895"
"ComputeList="	"/User/Configs/Comps/Default"
"BLCTable="	"/Sys/Lib/StdBLCTable"
"LightSource="	"Sun+Sky"	1	0.19
"LogFormat="	"/User/Configs/LogFormats/Std Output"
"LogCodes="	-35	-21	-36	30	23	36	21	25	-33	-34	-32	-9	-10	-8	-1	-2	-4	-5	-14	-15	-7	-12	-13	-11	-65	-66	-72	-23
"PromptList="	"/User/Configs/Prompts/Default (none)"
"Stability= (CO2S 15s SLP<1)(H2OS 15s SLP<1)(Flow 15s SLP<1)"
"11:35:00 cos 500 flow 600 match post roots"
$STARTOFDATA$
"Obs"	"HHMMSS"	"FTime"	"Photo"	"Cond"	"Ci"	"Trmmol"	"VpdL"	"Area"	"StmRat"	"BLCond"	"Tair"	"Tleaf"	"TBlk"	"CO2R"	"CO2S"	"H2OR"	"H2OS"	"RH_R"	"RH_S"	"Flow"	"PARi"	"PARo"	"Press"	"CsMch"	"HsMch"	"StableF"	"Status"
1	"11:47:27"	768.5	6.82	0.144	388	5.11	3.56	6	1	2.84	41.66	40.60	41.77	501.86	492.53	35.396	40.305	44.41	50.56	599.8	-0	1	101.6	5.83	-0.0915	0.0	111115
2	"11:47:28"	769.0	6.89	0.145	387	5.14	3.56	6	1	2.84	41.66	40.59	41.77	501.91	492.49	35.371	40.300	44.38	50.56	599.9	-0	1	101.6	5.83	-0.0915	0.0	111115
3	"11:47:29"	770.5	6.92	0.146	388	5.18	3.56	6	1	2.84	41.66	40.59	41.76	502.01	492.54	35.290	40.261	44.28	50.52	600.0	-0	1	101.6	5.83	-0.0915	0.3	111115
4	"11:47:30"	771.0	6.93	0.147	388	5.19	3.56	6	1	2.84	41.65	40.58	41.76	502.02	492.53	35.264	40.249	44.25	50.51	600.0	-0	1	101.6	5.83	-0.0915	0.3	111115
5	"11:47:32"	773.0	6.72	0.15	391	5.29	3.56	6	1	2.84	41.64	40.57	41.75	501.85	492.52	35.082	40.162	44.05	50.43	600.1	-0	1	101.6	5.83	-0.0915	0.3	111115
6	"11:47:33"	773.5	6.58	0.15	393	5.32	3.56	6	1	2.84	41.64	40.57	41.75	501.75	492.55	35.032	40.138	43.99	50.41	600.0	-0	1	101.6	5.83	-0.0915	0.3	111115
7	"11:47:34"	774.5	6.43	0.152	395	5.37	3.57	6	1	2.84	41.64	40.56	41.74	501.62	492.54	34.936	40.092	43.89	50.36	600.0	-0	1	101.6	5.83	-0.0915	0.3	111115
8	"11:47:35"	775.5	6.22	0.153	398	5.42	3.57	6	1	2.84	41.63	40.56	41.74	501.45	492.57	34.846	40.049	43.79	50.33	600.0	-0	1	101.6	5.83	-0.0915	0.3	111115
9	"11:47:36"	777.0	6.11	0.155	400	5.47	3.57	6	1	2.84	41.62	40.55	41.73	501.38	492.58	34.723	39.976	43.65	50.26	600.0	-0	1	101.6	5.83	-0.0915	0.3	111115
10	"11:47:37"	778.0	6.15	0.155	400	5.5	3.58	6	1	2.84	41.61	40.55	41.72	501.39	492.53	34.649	39.928	43.57	50.21	600.0	-0	1	101.6	5.83	-0.0915	0.3	111115
11	"11:47:38"	780.0	5.94	0.157	403	5.55	3.58	6	1	2.84	41.60	40.53	41.71	501.31	492.64	34.504	39.835	43.42	50.13	600.0	-0	1	101.6	5.83	-0.0915	0.7	111115
12	"11:47:39"	780.5	5.92	0.157	403	5.56	3.58	6	1	2.84	41.60	40.52	41.71	501.31	492.65	34.468	39.811	43.38	50.11	600.0	-0	1	101.6	5.83	-0.0915	0.7	111115
13	"11:47:41"	782.5	6.05	0.158	402	5.61	3.58	6	1	2.84	41.59	40.51	41.70	501.39	492.58	34.333	39.717	43.24	50.02	600.0	-0	1	101.6	5.83	-0.0915	0.7	111115
14	"11:47:42"	784.0	6.15	0.159	401	5.63	3.59	6	1	2.84	41.58	40.50	41.69	501.43	492.50	34.238	39.648	43.14	49.96	600.0	-0	1	101.6	5.83	-0.0915	0.7	111115
15	"11:47:43"	785.0	6.2	0.159	401	5.64	3.59	6	1	2.84	41.57	40.49	41.68	501.45	492.47	34.182	39.602	43.08	49.92	600.0	-0	1	101.6	5.83	-0.0915	0.7	111115
16	"11:47:45"	786.5	6.27	0.159	400	5.66	3.59	6	1	2.84	41.56	40.49	41.67	501.50	492.45	34.102	39.537	43.00	49.86	600.0	-0	1	101.6	5.83	-0.0915	0.7	111115
17	"11:47:46"	787.5	6.31	0.159	399	5.66	3.59	6	1	2.84	41.56	40.47	41.67	501.51	492.41	34.054	39.488	42.96	49.81	600.0	-0	1	101.6	5.83	-0.0915	0.7	111115
18	"11:47:47"	789.0	6.42	0.159	398	5.66	3.59	6	1	2.84	41.55	40.46	41.66	501.58	492.36	33.976	39.416	42.88	49.74	600.1	-0	1	101.6	5.83	-0.0915	0.7	111115
19	"11:47:49"	790.5	6.37	0.16	399	5.68	3.6	6	1	2.84	41.54	40.45	41.65	501.55	492.39	33.894	39.350	42.79	49.68	600.0	-0	1	101.6	5.83	-0.0915	0.7	111115
20	"11:47:50"	791.5	6.18	0.16	401	5.69	3.6	6	1	2.84	41.53	40.45	41.64	501.45	492.47	33.835	39.302	42.73	49.64	600.0	-0	1	101.6	5.83	-0.0915	0.7	111115
21	"11:47:51"	793.0	5.87	0.16	404	5.7	3.61	6	1	2.84	41.52	40.44	41.64	501.19	492.51	33.752	39.232	42.65	49.57	600.0	-0	1	101.6	5.83	-0.0915	0.7	111115
22	"11:47:52"	793.5	5.75	0.16	405	5.7	3.61	6	1	2.84	41.52	40.44	41.63	501.08	492.51	33.725	39.205	42.62	49.55	600.0	-0	1	101.6	5.83	-0.0915	0.7	111115
23	"11:47:53"	794.5	5.44	0.16	408	5.7	3.61	6	1	2.84	41.51	40.44	41.63	500.76	492.51	33.671	39.151	42.57	49.50	600.0	-0	1	101.6	5.83	-0.0915	0.7	111115
24	"11:47:54"	795.5	5.26	0.16	410	5.71	3.62	6	1	2.84	41.51	40.44	41.62	500.49	492.42	33.620	39.106	42.52	49.46	600.0	-0	1	101.6	5.83	-0.0915	0.7	111115
25	"11:47:55"	796.5	5.06	0.16	412	5.71	3.62	6	1	2.84	41.50	40.43	41.62	500.21	492.34	33.569	39.058	42.47	49.41	600.0	-0	1	101.6	5.83	-0.0915	0.7	111115
26	"11:47:57"	797.5	4.9	0.16	414	5.72	3.62	6	1	2.84	41.50	40.42	41.61	499.99	492.27	33.521	39.016	42.42	49.37	600.0	-0	1	101.6	5.83	-0.0915	0.7	111115
27	"11:47:58"	798.5	4.8	0.16	415	5.72	3.62	6	1	2.84	41.49	40.42	41.60	499.85	492.23	33.479	38.975	42.38	49.34	600.0	-0	1	101.6	5.83	-0.0915	0.7	111115
28	"11:47:59"	800.0	4.65	0.16	416	5.72	3.62	6	1	2.84	41.48	40.40	41.60	499.71	492.24	33.417	38.917	42.32	49.29	600.0	-0	1	101.6	5.83	-0.0915	0.7	111115
29	"11:48:00"	801.0	4.73	0.16	415	5.72	3.62	6	1	2.84	41.48	40.39	41.59	499.74	492.19	33.381	38.877	42.29	49.25	600.0	-0	1	101.6	5.83	-0.0915	0.7	111115
30	"11:48:01"	803.0	4.84	0.159	414	5.71	3.63	6	1	2.84	41.46	40.38	41.58	499.73	492.08	33.310	38.798	42.23	49.18	600.1	-0	1	101.6	5.83	-0.0915	0.3	111115
31	"11:48:03"	804.5	5.01	0.159	412	5.7	3.63	6	1	2.84	41.45	40.38	41.57	499.74	491.93	33.265	38.740	42.19	49.13	600.0	-0	1	101.6	5.83	-0.0915	0.3	111115
32	"11:48:04"	805.5	5.07	0.159	411	5.69	3.63	6	1	2.84	41.45	40.37	41.56	499.77	491.90	33.236	38.705	42.17	49.10	600.0	-0	1	101.6	5.83	-0.0915	0.3	111115
33	"11:48:05"	807.0	5.35	0.159	408	5.69	3.63	6	1	2.84	41.44	40.36	41.56	499.87	491.72	33.188	38.655	42.12	49.06	600.0	-0	1	101.6	5.83	-0.0915	0.3	111115
34	"11:48:06"	808.0	5.51	0.159	406	5.69	3.63	6	1	2.84	41.43	40.35	41.55	499.91	491.61	33.153	38.623	42.09	49.04	600.0	-0	1	101.6	5.83	-0.0915	0.3	111115
35	"11:48:08"	809.5	5.56	0.159	406	5.69	3.63	6	1	2.84	41.43	40.34	41.54	499.87	491.51	33.096	38.571	42.04	48.99	600.0	-0	1	101.6	5.83	-0.0915	0.3	111115
36	"11:48:09"	811.0	5.54	0.159	406	5.7	3.63	6	1	2.84	41.42	40.32	41.53	499.79	491.44	33.039	38.521	41.99	48.95	600.0	-0	1	101.6	5.83	-0.0915	0.3	111115
37	"11:48:10"	812.0	5.58	0.159	406	5.7	3.63	6	1	2.84	41.41	40.32	41.53	499.79	491.41	33.000	38.484	41.95	48.92	600.0	-0	1	101.6	5.83	-0.0915	0.3	111115
38	"11:48:12"	813.5	5.74	0.159	404	5.71	3.63	6	1	2.84	41.40	40.31	41.52	499.87	491.33	32.944	38.432	41.90	48.88	600.0	-0	1	101.6	5.83	-0.0915	0.3	111115
39	"11:48:13"	814.5	5.81	0.159	403	5.7	3.63	6	1	2.84	41.39	40.30	41.51	499.92	491.31	32.908	38.393	41.87	48.85	600.0	-0	1	101.6	5.83	-0.0915	0.3	111115
40	"11:48:14"	816.0	5.85	0.159	403	5.71	3.63	6	1	2.84	41.39	40.29	41.50	499.90	491.25	32.857	38.345	41.82	48.81	600.0	-0	1	101.6	5.83	-0.0915	0.3	111115
41	"11:48:15"	817.0	5.73	0.159	404	5.71	3.64	6	1	2.84	41.38	40.29	41.50	499.81	491.27	32.825	38.316	41.80	48.79	600.0	-0	1	101.6	5.83	-0.0915	0.3	111115
42	"11:48:17"	818.5	5.8	0.159	403	5.71	3.64	6	1	2.84	41.37	40.28	41.49	499.79	491.19	32.781	38.270	41.76	48.75	600.0	-0	1	101.6	5.83	-0.0915	0.3	111115
43	"11:48:18"	820.0	5.82	0.159	403	5.71	3.64	6	1	2.84	41.36	40.27	41.48	499.75	491.13	32.730	38.221	41.71	48.71	600.0	-0	1	101.6	5.83	-0.0915	0.3	111115
44	"11:48:19"	821.0	5.98	0.159	401	5.7	3.64	6	1	2.84	41.36	40.27	41.48	499.84	491.07	32.699	38.185	41.68	48.68	600.0	-0	1	101.6	5.83	-0.0915	0.3	111115
45	"11:48:21"	822.5	5.95	0.159	401	5.72	3.64	6	1	2.84	41.35	40.26	41.47	499.85	491.10	32.647	38.145	41.64	48.65	600.0	-0	1	101.6	5.83	-0.0915	0.3	111115
46	"11:48:22"	823.5	6.1	0.159	400	5.71	3.64	6	1	2.84	41.34	40.25	41.46	499.93	491.02	32.616	38.110	41.61	48.62	600.0	-0	1	101.6	5.83	-0.0915	0.3	111115
47	"11:48:23"	825.0	6.09	0.159	400	5.71	3.64	6	1	2.84	41.33	40.24	41.45	499.90	491.00	32.574	38.063	41.58	48.58	600.0	-0	1	101.6	5.83	-0.0915	0.3	111115
48	"11:48:24"	826.0	6.17	0.159	399	5.7	3.64	6	1	2.84	41.33	40.22	41.45	499.90	490.94	32.563	38.045	41.58	48.58	600.0	-0	1	101.6	5.83	-0.0915	0.3	111115
49	"11:48:26"	827.5	6.02	0.158	400	5.68	3.64	6	1	2.84	41.32	40.22	41.44	499.78	490.97	32.519	37.983	41.54	48.52	600.0	-0	1	101.6	5.83	-0.0915	0.3	111115
50	"11:48:27"	829.0	5.91	0.157	401	5.67	3.64	6	1	2.84	41.31	40.21	41.43	499.71	491.03	32.484	37.936	41.52	48.48	600.0	-0	1	101.6	5.83	-0.0915	0.3	111115
51	"11:48:28"	830.0	5.92	0.157	401	5.66	3.65	6	1	2.84	41.30	40.21	41.43	499.71	491.02	32.455	37.898	41.49	48.45	600.0	-0	1	101.6	5.83	-0.0915	0.3	111115
52	"11:48:30"	831.5	5.97	0.157	400	5.65	3.65	6	1	2.84	41.30	40.20	41.42	499.78	491.03	32.408	37.846	41.45	48.40	600.0	-0	1	101.6	5.83	-0.0915	0.3	111115
53	"11:48:31"	832.5	6.08	0.157	399	5.65	3.65	6	1	2.84	41.29	40.19	41.41	499.85	490.99	32.374	37.811	41.42	48.38	600.0	-0	1	101.6	5.83	-0.0915	0.3	111115
54	"11:48:32"	834.0	6.18	0.157	398	5.65	3.65	6	1	2.84	41.28	40.18	41.40	499.85	490.90	32.323	37.756	41.37	48.33	600.0	-0	1	101.6	5.83	-0.0915	0.7	111115
55	"11:48:33"	835.0	6.21	0.156	397	5.64	3.65	6	1	2.84	41.27	40.17	41.40	499.87	490.90	32.289	37.714	41.34	48.29	600.0	-0	1	101.6	5.83	-0.0915	0.7	111115
56	"11:48:35"	836.5	6.2	0.156	397	5.63	3.65	6	1	2.84	41.27	40.16	41.39	499.88	490.91	32.238	37.657	41.30	48.24	599.9	-0	1	101.6	5.83	-0.0915	0.7	111115
57	"11:48:36"	837.5	6.21	0.156	397	5.62	3.65	6	1	2.84	41.26	40.16	41.38	499.88	490.91	32.223	37.631	41.29	48.22	600.0	-0	1	101.6	5.83	-0.0915	0.7	111115
58	"11:48:37"	839.0	6.11	0.155	398	5.6	3.66	6	1	2.84	41.25	40.14	41.37	499.84	490.99	32.167	37.553	41.24	48.15	600.1	-0	1	101.6	5.83	-0.0915	0.7	111115
59	"11:48:39"	840.5	6.16	0.154	397	5.57	3.66	6	1	2.84	41.24	40.13	41.36	499.83	490.94	32.135	37.495	41.22	48.10	600.1	-0	1	101.6	5.83	-0.0915	0.7	111115
60	"11:48:40"	841.5	6.04	0.154	398	5.55	3.66	6	1	2.84	41.23	40.12	41.36	499.76	491.00	32.117	37.460	41.21	48.07	600.0	-0	1	101.6	5.83	-0.0915	0.7	111115
61	"11:48:41"	843.0	6.11	0.153	397	5.52	3.66	6	1	2.84	41.22	40.11	41.35	499.79	490.97	32.088	37.404	41.19	48.02	600.0	-0	1	101.6	5.83	-0.0915	0.7	111115
62	"11:48:42"	844.0	6.08	0.152	397	5.5	3.66	6	1	2.84	41.22	40.11	41.34	499.78	491.00	32.069	37.367	41.18	47.99	600.0	-0	1	101.6	5.83	-0.0915	0.7	111115
63	"11:48:44"	845.5	6.12	0.152	396	5.49	3.66	6	1	2.84	41.21	40.10	41.33	499.80	490.99	32.034	37.317	41.16	47.95	600.0	-0	1	101.6	5.83	-0.0915	0.7	111115
64	"11:48:45"	846.5	6.1	0.151	397	5.48	3.66	6	1	2.84	41.20	40.09	41.33	499.79	490.99	32.009	37.282	41.14	47.92	600.1	-0	1	101.6	5.83	-0.0915	0.7	111115
65	"11:48:46"	848.0	6.18	0.15	395	5.46	3.66	6	1	2.84	41.19	40.08	41.32	499.84	490.99	31.971	37.225	41.11	47.87	600.0	-0	1	101.6	5.83	-0.0915	0.7	111115
66	"11:48:48"	849.5	6.1	0.15	396	5.45	3.67	6	1	2.84	41.18	40.08	41.31	499.81	491.04	31.931	37.176	41.08	47.83	600.0	-0	1	101.6	5.83	-0.0915	0.7	111115
67	"11:48:49"	850.5	6.1	0.15	396	5.44	3.67	6	1	2.84	41.18	40.08	41.30	499.81	491.04	31.905	37.141	41.06	47.80	600.0	-0	1	101.6	5.83	-0.0915	0.7	111115
68	"11:48:50"	852.0	6.11	0.149	396	5.43	3.67	6	1	2.84	41.17	40.07	41.29	499.79	491.01	31.866	37.091	41.03	47.76	600.0	0	1	101.6	5.83	-0.0915	0.7	111115
69	"11:48:51"	852.5	6.08	0.149	396	5.42	3.67	6	1	2.84	41.16	40.06	41.29	499.77	491.03	31.855	37.072	41.03	47.75	600.0	0	1	101.6	5.83	-0.0915	0.7	111115
70	"11:48:53"	854.5	6.13	0.148	395	5.39	3.67	6	1	2.84	41.15	40.04	41.28	499.76	490.98	31.819	37.006	41.01	47.69	599.9	-0	1	101.6	5.83	-0.0915	0.7	111115
71	"11:48:54"	855.5	6.11	0.148	395	5.37	3.67	6	1	2.84	41.15	40.02	41.27	499.76	491.01	31.805	36.976	41.00	47.67	599.9	-0	1	101.6	5.83	-0.0915	0.7	111115
72	"11:48:55"	857.0	6.22	0.147	393	5.34	3.67	6	1	2.84	41.14	40.02	41.27	499.81	490.97	31.787	36.932	41.00	47.64	600.0	-0	1	101.6	5.83	-0.0915	0.7	111115
73	"11:48:56"	858.0	6.19	0.147	394	5.33	3.67	6	1	2.84	41.13	40.01	41.26	499.80	490.99	31.772	36.905	40.99	47.62	600.1	-0	1	101.6	5.83	-0.0915	0.7	111115
74	"11:48:58"	859.5	6.23	0.146	393	5.3	3.67	6	1	2.84	41.12	40.01	41.25	499.86	491.02	31.750	36.856	40.99	47.58	600.1	-0	1	101.6	5.83	-0.0915	0.7	111115
75	"11:48:59"	861.0	6.18	0.145	393	5.29	3.68	6	1	2.84	41.11	40.00	41.24	499.85	491.07	31.722	36.815	40.97	47.55	600.0	-0	1	101.6	5.83	-0.0915	0.7	111115
76	"11:49:00"	862.0	6.14	0.145	393	5.27	3.67	6	1	2.84	41.11	39.99	41.23	499.82	491.09	31.704	36.784	40.96	47.52	600.0	-0	1	101.6	5.83	-0.0915	0.7	111115
77	"11:49:02"	863.5	6.1	0.144	394	5.26	3.67	6	1	2.84	41.10	39.98	41.22	499.73	491.05	31.678	36.743	40.95	47.49	600.0	-0	1	101.6	5.83	-0.0915	0.7	111115
78	"11:49:03"	864.5	6.1	0.144	394	5.25	3.67	6	1	2.84	41.09	39.96	41.22	499.72	491.04	31.665	36.719	40.94	47.48	600.0	-0	1	101.6	5.83	-0.0915	0.7	111115
79	"11:49:04"	866.0	6.09	0.144	393	5.23	3.67	6	1	2.84	41.08	39.95	41.21	499.72	491.06	31.645	36.683	40.94	47.46	600.0	-0	2	101.6	5.83	-0.0915	0.7	111115
80	"11:49:05"	867.0	6.11	0.144	393	5.22	3.67	6	1	2.84	41.07	39.95	41.20	499.72	491.04	31.635	36.666	40.94	47.45	600.0	-0	2	101.6	5.83	-0.0915	0.7	111115
81	"11:49:07"	868.5	5.9	0.143	395	5.21	3.67	6	1	2.84	41.06	39.95	41.20	499.61	491.15	31.619	36.635	40.94	47.43	600.0	-0	2	101.6	5.83	-0.0915	0.7	111115
82	"11:49:08"	870.0	5.95	0.143	395	5.19	3.67	6	1	2.84	41.05	39.94	41.19	499.62	491.12	31.607	36.603	40.94	47.42	600.0	-0	2	101.6	5.83	-0.0915	0.7	111115
83	"11:49:09"	871.0	5.99	0.142	394	5.17	3.67	6	1	2.84	41.05	39.93	41.18	499.63	491.10	31.598	36.579	40.95	47.40	600.0	-0	2	101.6	5.83	-0.0915	0.7	111115
84	"11:49:11"	872.5	6.13	0.142	392	5.15	3.67	6	1	2.84	41.04	39.92	41.17	499.71	491.06	31.586	36.549	40.95	47.38	600.0	-0	2	101.6	5.83	-0.0915	0.7	111115
85	"11:49:12"	873.5	6.1	0.141	392	5.14	3.67	6	1	2.84	41.03	39.91	41.17	499.70	491.08	31.578	36.532	40.95	47.38	600.1	-0	2	101.6	5.83	-0.0915	0.7	111115
86	"11:49:13"	875.0	6.03	0.141	393	5.13	3.66	6	1	2.84	41.02	39.90	41.16	499.70	491.15	31.562	36.505	40.95	47.37	600.1	-0	2	101.6	5.83	-0.0915	0.7	111115
87	"11:49:14"	876.0	5.99	0.141	394	5.13	3.66	6	1	2.84	41.02	39.89	41.15	499.66	491.16	31.549	36.487	40.95	47.36	600.1	-0	2	101.6	5.83	-0.0915	0.7	111115
88	"11:49:16"	877.5	6.01	0.141	393	5.12	3.66	6	1	2.84	41.01	39.88	41.14	499.65	491.13	31.522	36.457	40.94	47.35	600.1	-0	2	101.6	5.83	-0.0915	0.7	111115
89	"11:49:17"	878.5	5.98	0.141	394	5.12	3.66	6	1	2.84	41.00	39.87	41.13	499.59	491.10	31.504	36.433	40.93	47.33	600.0	-0	2	101.6	5.83	-0.0915	0.7	111115
90	"11:49:18"	880.0	5.91	0.141	394	5.11	3.66	6	1	2.84	40.99	39.86	41.12	499.54	491.11	31.473	36.401	40.91	47.31	600.0	-0	2	101.6	5.83	-0.0915	0.7	111115
91	"11:49:20"	881.5	5.91	0.141	394	5.11	3.66	6	1	2.84	40.98	39.84	41.12	499.56	491.15	31.438	36.362	40.88	47.29	600.0	-0	2	101.6	5.83	-0.0915	0.7	111115
92	"11:49:21"	882.5	5.83	0.141	395	5.11	3.66	6	1	2.84	40.98	39.84	41.11	499.54	491.19	31.410	36.339	40.86	47.27	600.0	-0	2	101.6	5.83	-0.0915	0.7	111115
93	"11:49:22"	884.0	5.93	0.14	394	5.11	3.67	6	1	2.84	40.97	39.84	41.10	499.58	491.14	31.369	36.290	40.83	47.23	600.0	-0	2	101.6	5.83	-0.0915	0.7	111115
94	"11:49:23"	885.0	5.93	0.14	394	5.11	3.67	6	1	2.84	40.96	39.84	41.09	499.58	491.14	31.342	36.263	40.81	47.21	600.0	-0	2	101.6	5.83	-0.0915	0.7	111115
95	"11:49:25"	886.5	5.85	0.14	395	5.09	3.66	6	1	2.84	40.95	39.82	41.08	499.52	491.17	31.306	36.215	40.78	47.18	600.0	-0	2	101.6	5.83	-0.0915	0.7	111115
96	"11:49:26"	887.5	5.78	0.14	396	5.09	3.66	6	1	2.84	40.94	39.81	41.08	499.48	491.20	31.285	36.188	40.77	47.16	600.0	-0	2	101.6	5.83	-0.0915	0.7	111115
97	"11:49:27"	889.0	5.72	0.139	396	5.07	3.66	6	1	2.84	40.93	39.80	41.07	499.44	491.23	31.259	36.142	40.75	47.12	600.0	-0	1	101.6	5.83	-0.0915	0.7	111115
98	"11:49:29"	890.5	5.74	0.139	395	5.05	3.66	6	1	2.84	40.92	39.79	41.06	499.45	491.23	31.240	36.103	40.75	47.09	599.9	-0	2	101.6	5.83	-0.0915	0.7	111115
99	"11:49:30"	891.5	5.72	0.138	396	5.03	3.66	6	1	2.84	40.92	39.78	41.05	499.46	491.27	31.229	36.080	40.75	47.08	599.9	-0	2	101.6	5.83	-0.0915	0.7	111115
100	"11:49:31"	893.0	5.74	0.138	395	5.01	3.66	6	1	2.84	40.91	39.77	41.04	499.46	491.25	31.213	36.041	40.75	47.05	600.0	-0	2	101.6	5.83	-0.0915	0.7	111115
101	"11:49:32"	893.5	5.72	0.137	395	5	3.66	6	1	2.84	40.90	39.77	41.04	499.47	491.29	31.208	36.027	40.75	47.04	600.0	-0	2	101.6	5.83	-0.0915	0.7	111115
102	"11:49:34"	895.5	5.68	0.137	395	4.97	3.66	6	1	2.84	40.89	39.76	41.03	499.39	491.28	31.180	35.968	40.74	47.00	600.0	-0	2	101.6	5.83	-0.0915	0.7	111115
103	"11:49:35"	896.5	5.65	0.136	395	4.95	3.67	6	1	2.84	40.89	39.75	41.02	499.34	491.26	31.165	35.940	40.74	46.98	600.0	-0	2	101.6	5.83	-0.0915	0.7	111115
104	"11:49:36"	897.0	5.69	0.136	395	4.95	3.67	6	1	2.84	40.88	39.75	41.02	499.36	491.24	31.157	35.930	40.73	46.97	600.0	-0	2	101.6	5.83	-0.0915	0.7	111115
105	"11:49:37"	898.0	5.68	0.136	395	4.94	3.67	6	1	2.84	40.88	39.75	41.01	499.33	491.23	31.146	35.909	40.73	46.96	600.0	-0	2	101.6	5.83	-0.0915	0.7	111115
106	"11:49:38"	899.0	5.7	0.135	394	4.92	3.67	6	1	2.84	40.87	39.74	41.01	499.36	491.24	31.136	35.883	40.73	46.94	600.0	-0	2	101.6	5.83	-0.0915	0.7	111115
107	"11:49:39"	901.0	5.81	0.134	392	4.88	3.67	6	1	2.84	40.86	39.73	40.99	499.46	491.26	31.116	35.819	40.73	46.89	600.0	-0	2	101.6	5.83	-0.0915	0.7	111115
108	"11:49:41"	902.5	5.84	0.133	391	4.85	3.67	6	1	2.84	40.85	39.72	40.99	499.51	491.29	31.096	35.772	40.73	46.85	600.0	-0	2	101.6	5.83	-0.0915	0.7	111115
109	"11:49:42"	903.5	5.89	0.133	391	4.84	3.67	6	1	2.84	40.84	39.71	40.98	499.54	491.27	31.081	35.748	40.72	46.83	600.0	-0	2	101.6	5.83	-0.0915	0.7	111115
110	"11:49:43"	904.0	5.88	0.133	391	4.84	3.67	6	1	2.84	40.84	39.71	40.98	499.54	491.29	31.074	35.738	40.72	46.83	600.0	-0	2	101.6	5.83	-0.0915	0.7	111115
111	"11:49:44"	906.0	5.69	0.132	393	4.81	3.67	6	1	2.84	40.83	39.69	40.96	499.41	491.35	31.048	35.688	40.71	46.79	600.0	-0	2	101.6	5.83	-0.0915	0.7	111115
112	"11:49:46"	907.5	5.65	0.131	393	4.79	3.67	6	1	2.84	40.82	39.68	40.95	499.36	491.37	31.035	35.652	40.71	46.77	600.0	-0	2	101.6	5.83	-0.0915	0.7	111115
113	"11:49:47"	908.5	5.66	0.131	393	4.78	3.67	6	1	2.84	40.81	39.67	40.95	499.36	491.35	31.023	35.631	40.71	46.76	600.0	-0	2	101.6	5.83	-0.0915	0.7	111115
114	"11:49:48"	910.0	5.79	0.131	391	4.77	3.66	6	1	2.84	40.80	39.65	40.94	499.42	491.30	31.006	35.602	40.71	46.74	600.1	-0	2	101.6	5.83	-0.0915	0.7	111115
115	"11:49:49"	911.0	5.76	0.131	391	4.76	3.66	6	1	2.84	40.79	39.64	40.93	499.41	491.32	30.992	35.578	40.71	46.73	600.1	-0	2	101.6	5.83	-0.0915	0.7	111115
116	"11:49:51"	912.5	5.72	0.13	392	4.75	3.66	6	1	2.84	40.78	39.63	40.92	499.40	491.36	30.963	35.540	40.69	46.70	600.1	-0	2	101.6	5.83	-0.0915	0.7	111115
117	"11:49:52"	913.5	5.73	0.13	391	4.74	3.66	6	1	2.84	40.78	39.63	40.92	499.42	491.35	30.938	35.512	40.67	46.68	600.1	-0	1	101.6	5.83	-0.0915	0.7	111115
118	"11:49:53"	915.0	5.73	0.13	391	4.75	3.66	6	1	2.84	40.77	39.63	40.91	499.46	491.40	30.895	35.473	40.63	46.65	600.0	-0	1	101.6	5.83	-0.0915	0.7	111115
119	"11:49:54"	916.0	5.77	0.13	391	4.75	3.66	6	1	2.84	40.76	39.62	40.90	499.49	491.38	30.864	35.449	40.61	46.64	600.0	-0	1	101.6	5.83	-0.0915	0.7	111115
120	"11:49:56"	917.5	5.7	0.131	392	4.76	3.66	6	1	2.84	40.75	39.61	40.89	499.41	491.38	30.826	35.415	40.58	46.62	599.9	-0	1	101.6	5.83	-0.0915	0.7	111115
121	"11:49:57"	919.0	5.82	0.131	391	4.75	3.66	6	1	2.84	40.74	39.60	40.88	499.45	491.30	30.799	35.385	40.56	46.60	600.0	-0	1	101.6	5.83	-0.0915	0.7	111115
122	"11:49:58"	920.0	5.77	0.13	391	4.74	3.66	6	1	2.84	40.74	39.59	40.88	499.42	491.32	30.789	35.365	40.56	46.59	600.0	-0	2	101.6	5.83	-0.0915	0.7	111115
123	"11:50:00"	921.5	5.76	0.13	391	4.72	3.66	6	1	2.84	40.73	39.58	40.87	499.43	491.35	30.778	35.334	40.57	46.58	600.0	-0	2	101.6	5.83	-0.0915	0.7	111115
124	"11:50:01"	922.5	5.7	0.129	391	4.7	3.66	6	1	2.84	40.72	39.57	40.86	499.39	491.38	30.771	35.307	40.58	46.56	600.1	-0	2	101.6	5.83	-0.0915	0.7	111115
125	"11:50:02"	924.0	5.56	0.129	393	4.69	3.66	6	1	2.84	40.71	39.56	40.85	499.26	491.40	30.751	35.273	40.57	46.54	600.0	-0	1	101.6	5.83	-0.0915	0.7	111115
126	"11:50:03"	925.0	5.45	0.128	394	4.68	3.66	6	1	2.84	40.70	39.56	40.84	499.20	491.46	30.738	35.249	40.57	46.52	600.0	-0	1	101.6	5.83	-0.0915	0.7	111115
127	"11:50:05"	926.5	5.29	0.128	396	4.67	3.66	6	1	2.84	40.69	39.55	40.83	499.15	491.56	30.715	35.216	40.56	46.50	600.0	-0	1	101.6	5.83	-0.0915	0.7	111115
128	"11:50:06"	927.5	5.31	0.128	396	4.66	3.66	6	1	2.84	40.69	39.55	40.83	499.16	491.56	30.698	35.194	40.55	46.49	599.9	-0	1	101.6	5.83	-0.0915	0.7	111115
129	"11:50:07"	928.0	5.27	0.128	396	4.66	3.66	6	1	2.84	40.68	39.54	40.82	499.16	491.60	30.688	35.183	40.54	46.48	600.0	-0	1	101.6	5.83	-0.0915	0.7	111115
130	"11:50:08"	929.0	5.3	0.128	396	4.66	3.66	6	1	2.84	40.68	39.54	40.82	499.16	491.57	30.669	35.161	40.53	46.47	600.0	-0	1	101.6	5.83	-0.0915	0.7	111115
131	"11:50:09"	930.0	5.43	0.128	394	4.65	3.66	6	1	2.84	40.67	39.54	40.81	499.21	491.50	30.653	35.139	40.52	46.45	600.0	-0	1	101.6	5.83	-0.0915	0.7	111115
132	"11:50:11"	932.5	5.59	0.127	391	4.62	3.66	6	1	2.84	40.65	39.52	40.79	499.27	491.40	30.622	35.078	40.52	46.42	600.0	-0	2	101.6	5.83	-0.0915	0.7	111115
133	"11:50:12"	933.0	5.55	0.127	392	4.62	3.66	6	1	2.84	40.65	39.51	40.79	499.26	491.44	30.616	35.069	40.52	46.41	600.0	-0	2	101.6	5.83	-0.0915	0.7	111115
134	"11:50:13"	934.0	5.48	0.126	393	4.6	3.66	6	1	2.84	40.64	39.50	40.78	499.18	491.44	30.605	35.042	40.52	46.39	600.0	-0	2	101.6	5.83	-0.0915	0.7	111115
135	"11:50:14"	936.0	5.29	0.126	395	4.58	3.66	6	1	2.84	40.63	39.49	40.77	499.07	491.53	30.580	34.997	40.51	46.37	600.1	-0	3	101.6	5.83	-0.0915	0.7	111115
136	"11:50:15"	937.0	5.32	0.125	394	4.56	3.66	6	1	2.84	40.62	39.49	40.77	499.07	491.51	30.571	34.975	40.52	46.35	600.0	-0	3	101.6	5.83	-0.0915	0.7	111115
137	"11:50:16"	937.5	5.35	0.125	394	4.56	3.66	6	1	2.84	40.62	39.49	40.76	499.07	491.48	30.568	34.964	40.52	46.35	600.0	-0	3	101.6	5.83	-0.0915	0.7	111115
138	"11:50:17"	938.5	5.1	0.125	397	4.54	3.66	6	1	2.84	40.61	39.48	40.76	498.90	491.57	30.561	34.942	40.52	46.33	600.0	-0	3	101.6	5.83	-0.0915	0.7	111115
139	"11:50:19"	940.5	5.09	0.123	396	4.5	3.66	6	1	2.84	40.60	39.46	40.74	498.81	491.51	30.557	34.899	40.55	46.31	600.0	-0	3	101.6	5.83	-0.0915	0.7	111115
140	"11:50:20"	942.0	5.22	0.123	394	4.47	3.65	6	1	2.84	40.59	39.45	40.73	498.92	491.50	30.561	34.876	40.58	46.30	600.1	-0	2	101.6	5.83	-0.0915	0.7	111115
141	"11:50:21"	943.0	5.43	0.123	391	4.46	3.65	6	1	2.84	40.58	39.43	40.73	499.03	491.40	30.566	34.870	40.60	46.31	600.0	-0	2	101.6	5.83	-0.0915	0.7	111115
142	"11:50:23"	944.5	5.65	0.122	388	4.44	3.65	6	1	2.84	40.57	39.42	40.72	499.16	491.32	30.579	34.863	40.64	46.33	600.0	-0	2	101.6	5.83	-0.0915	0.7	111115
143	"11:50:24"	945.0	5.63	0.122	388	4.43	3.64	6	1	2.84	40.57	39.41	40.71	499.14	491.33	30.584	34.861	40.65	46.33	600.0	-0	2	101.6	5.83	-0.0915	0.7	111115
144	"11:50:25"	946.0	5.63	0.122	388	4.42	3.64	6	1	2.84	40.56	39.40	40.71	499.12	491.32	30.598	34.862	40.68	46.35	600.0	-0	1	101.6	5.83	-0.0915	0.7	111115
145	"11:50:26"	948.0	5.5	0.121	390	4.39	3.63	6	1	2.84	40.55	39.40	40.69	499.00	491.34	30.640	34.879	40.76	46.40	600.0	-0	1	101.6	5.83	-0.0915	0.7	111115
146	"11:50:27"	949.0	5.46	0.121	390	4.38	3.63	6	1	2.84	40.55	39.39	40.69	498.98	491.37	30.667	34.890	40.81	46.43	600.0	-0	1	101.6	5.83	-0.0915	0.7	111115
147	"11:50:29"	950.5	5.47	0.121	390	4.36	3.63	6	1	2.84	40.54	39.38	40.68	498.95	491.33	30.713	34.920	40.89	46.50	599.9	-0	1	101.6	5.83	-0.0915	1.0	111115
148	"11:50:30"	951.5	5.35	0.12	391	4.34	3.62	6	1	2.84	40.53	39.38	40.67	498.86	491.38	30.744	34.938	40.95	46.53	600.0	-0	2	101.6	5.83	-0.0915	1.0	111115
149	"11:50:31"	953.0	5.35	0.12	391	4.34	3.61	6	1	2.84	40.52	39.37	40.66	498.84	491.36	30.791	34.975	41.03	46.60	600.0	-0	2	101.6	5.83	-0.0915	1.0	111115
150	"11:50:32"	954.0	5.4	0.12	390	4.33	3.61	6	1	2.84	40.52	39.36	40.65	498.85	491.33	30.822	34.995	41.08	46.65	600.1	-0	2	101.6	5.83	-0.0915	1.0	111115
151	"11:50:33"	954.5	5.44	0.12	390	4.32	3.61	6	1	2.84	40.51	39.36	40.65	498.87	491.30	30.837	35.007	41.11	46.67	600.1	-0	2	101.6	5.83	-0.0915	1.0	111115
152	"11:50:35"	956.5	5.55	0.12	388	4.3	3.6	6	1	2.84	40.50	39.34	40.64	498.92	491.25	30.898	35.048	41.22	46.76	600.0	-0	2	101.6	5.83	-0.0915	1.0	111115
153	"11:50:36"	957.0	5.48	0.12	389	4.3	3.6	6	1	2.84	40.50	39.34	40.63	498.85	491.26	30.912	35.061	41.24	46.78	600.0	-0	2	101.6	5.83	-0.0915	1.0	111115
154	"11:50:37"	958.0	5.44	0.12	390	4.29	3.59	6	1	2.84	40.49	39.34	40.63	498.80	491.25	30.943	35.079	41.30	46.82	600.0	-0	2	101.6	5.83	-0.0915	1.0	111115
155	"11:50:38"	960.0	5.37	0.119	390	4.26	3.59	6	1	2.84	40.48	39.34	40.62	498.70	491.23	31.003	35.115	41.41	46.90	600.0	-0	1	101.6	5.83	-0.0915	1.0	111115
156	"11:50:39"	961.0	5.35	0.119	391	4.25	3.58	6	1	2.84	40.47	39.33	40.61	498.66	491.22	31.033	35.134	41.46	46.94	600.0	-0	1	101.6	5.83	-0.0915	1.0	111115
157	"11:50:41"	962.5	5.29	0.119	391	4.23	3.58	6	1	2.84	40.46	39.32	40.60	498.61	491.24	31.079	35.164	41.54	47.00	600.0	-0	2	101.6	5.83	-0.0915	1.0	111115
158	"11:50:42"	963.5	5.36	0.118	390	4.22	3.57	6	1	2.84	40.46	39.32	40.59	498.60	491.17	31.108	35.181	41.59	47.04	600.0	-0	1	101.6	5.83	-0.0915	0.7	111115
159	"11:50:43"	965.0	5.32	0.118	390	4.2	3.57	6	1	2.84	40.45	39.31	40.59	498.59	491.20	31.154	35.207	41.67	47.09	600.0	-0	2	101.6	5.83	-0.0915	0.7	111115
160	"11:50:44"	966.0	5.35	0.118	390	4.19	3.56	6	1	2.84	40.44	39.30	40.58	498.56	491.15	31.184	35.224	41.73	47.13	600.0	-0	1	101.6	5.83	-0.0915	0.7	111115
161	"11:50:45"	966.5	5.33	0.118	390	4.18	3.56	6	1	2.84	40.44	39.30	40.58	498.54	491.15	31.198	35.231	41.75	47.15	600.0	-0	1	101.6	5.83	-0.0915	0.7	111115
162	"11:50:47"	968.5	5.34	0.117	390	4.17	3.55	6	1	2.84	40.43	39.29	40.56	498.46	491.07	31.255	35.273	41.86	47.24	600.0	-0	1	101.6	5.83	-0.0915	0.7	111115
163	"11:50:48"	969.0	5.32	0.117	390	4.16	3.55	6	1	2.84	40.43	39.29	40.56	498.42	491.06	31.270	35.287	41.88	47.26	600.1	-0	1	101.6	5.83	-0.0915	0.7	111115
164	"11:50:49"	971.0	5.22	0.118	392	4.16	3.54	6	1	2.84	40.41	39.28	40.55	498.36	491.10	31.323	35.332	41.98	47.35	600.1	-0	1	101.6	5.83	-0.0915	0.7	111115
165	"11:50:50"	972.0	5.17	0.117	392	4.15	3.54	6	1	2.84	40.41	39.27	40.54	498.32	491.10	31.349	35.351	42.02	47.39	600.0	-0	1	101.6	5.83	-0.0915	0.7	111115
166	"11:50:52"	973.5	5.23	0.117	391	4.13	3.53	6	1	2.84	40.40	39.26	40.54	498.34	491.08	31.390	35.374	42.10	47.44	600.0	-0	1	101.6	5.83	-0.0915	0.7	111115
167	"11:50:53"	974.5	5.38	0.117	389	4.12	3.53	6	1	2.84	40.40	39.26	40.53	498.37	490.97	31.418	35.389	42.15	47.47	600.0	-0	1	101.6	5.83	-0.0915	0.7	111115
168	"11:50:54"	976.0	5.53	0.116	387	4.1	3.53	6	1	2.84	40.39	39.26	40.52	498.43	490.89	31.457	35.413	42.22	47.53	600.0	-0	1	101.6	5.83	-0.0915	0.7	111115
169	"11:50:55"	976.5	5.46	0.116	388	4.09	3.53	6	1	2.84	40.39	39.26	40.52	498.39	490.92	31.470	35.418	42.24	47.54	600.0	-0	1	101.6	5.83	-0.0915	0.3	111115
170	"11:50:56"	977.5	5.47	0.116	387	4.09	3.52	6	1	2.84	40.38	39.26	40.51	498.39	490.91	31.493	35.438	42.28	47.58	600.0	-0	1	101.6	5.83	-0.0915	0.3	111115
171	"11:50:58"	979.5	5.22	0.116	391	4.08	3.51	6	1	2.84	40.37	39.24	40.50	498.26	491.04	31.541	35.474	42.38	47.66	600.0	-0	1	101.6	5.83	-0.0915	0.3	111115
172	"11:50:59"	980.5	5.21	0.116	391	4.08	3.51	6	1	2.84	40.36	39.23	40.50	498.23	491.02	31.563	35.495	42.42	47.70	600.0	-0	1	101.6	5.83	-0.0915	0.7	111115
173	"11:51:00"	982.0	5.23	0.116	391	4.07	3.5	6	1	2.84	40.35	39.23	40.49	498.22	490.99	31.601	35.521	42.49	47.76	600.1	-0	1	101.6	5.83	-0.0915	0.7	111115
174	"11:51:01"	983.0	5.43	0.116	388	4.05	3.5	6	1	2.84	40.35	39.22	40.48	498.36	490.94	31.626	35.534	42.53	47.79	600.1	-0	1	101.6	5.83	-0.0915	0.7	111115
175	"11:51:03"	984.5	5.72	0.116	384	4.04	3.5	6	1	2.84	40.34	39.22	40.47	498.67	490.98	31.663	35.558	42.60	47.85	600.1	-0	1	101.6	5.83	-0.0915	0.7	111115
176	"11:51:04"	985.0	5.87	0.116	382	4.04	3.5	6	1	2.84	40.34	39.22	40.47	498.82	490.97	31.675	35.567	42.63	47.86	600.1	-0	1	101.6	5.83	-0.0915	0.7	111115
177	"11:51:05"	986.0	6.24	0.115	376	4.03	3.5	6	1	2.84	40.33	39.22	40.46	499.15	490.94	31.699	35.584	42.67	47.90	600.1	-0	1	101.6	5.83	-0.0915	0.7	111115
178	"11:51:06"	987.0	6.49	0.115	373	4.02	3.49	6	1	2.84	40.33	39.21	40.46	499.41	490.95	31.723	35.600	42.72	47.94	600.0	-0	1	101.6	5.83	-0.0915	0.7	111115
179	"11:51:07"	988.0	6.65	0.115	371	4.01	3.49	6	1	2.84	40.32	39.21	40.45	499.55	490.93	31.746	35.617	42.76	47.97	600.0	-0	1	101.6	5.83	-0.0915	0.7	111115
180	"11:51:08"	989.0	6.87	0.115	367	4.01	3.48	6	1	2.84	40.32	39.20	40.45	499.69	490.85	31.772	35.634	42.81	48.01	600.0	-0	1	101.6	5.83	-0.0915	0.7	111115
181	"11:51:09"	990.0	6.86	0.115	368	4	3.48	6	1	2.84	40.31	39.19	40.44	499.71	490.88	31.797	35.653	42.85	48.05	600.0	-0	1	101.6	5.83	-0.0915	0.7	111115
182	"11:51:10"	992.0	6.66	0.115	371	4	3.47	6	1	2.84	40.30	39.18	40.43	499.64	491.01	31.849	35.705	42.95	48.15	600.0	-0	1	101.6	5.83	-0.0915	0.7	111115
183	"11:51:12"	993.5	6.59	0.115	372	3.99	3.46	6	1	2.84	40.29	39.17	40.42	499.67	491.12	31.890	35.736	43.02	48.21	600.0	-0	1	101.6	5.83	-0.0915	0.7	111115
184	"11:51:13"	994.5	6.49	0.115	373	3.98	3.46	6	1	2.84	40.28	39.16	40.41	499.61	491.17	31.915	35.753	43.07	48.25	600.0	-0	1	101.6	5.83	-0.0915	0.7	111115
185	"11:51:14"	996.0	6.53	0.115	373	3.97	3.45	6	1	2.84	40.28	39.15	40.41	499.71	491.24	31.956	35.779	43.14	48.31	600.0	-0	1	101.6	5.83	-0.0915	0.7	111115
186	"11:51:15"	997.0	6.37	0.115	375	3.96	3.44	6	1	2.84	40.27	39.14	40.40	499.64	491.32	31.980	35.801	43.19	48.35	600.0	-0	1	101.6	5.83	-0.0915	0.7	111115
187	"11:51:17"	998.5	6.41	0.115	375	3.95	3.44	6	1	2.84	40.26	39.13	40.39	499.69	491.34	32.016	35.828	43.26	48.41	600.0	-0	1	101.6	5.83	-0.0915	0.7	111115
188	"11:51:18"	999.0	6.39	0.115	375	3.95	3.44	6	1	2.84	40.26	39.13	40.39	499.67	491.34	32.027	35.835	43.28	48.43	600.0	-0	1	101.6	5.83	-0.0915	0.3	111115
189	"11:51:19"	1000.5	6.35	0.115	376	3.95	3.43	6	1	2.84	40.25	39.13	40.38	499.69	491.40	32.062	35.868	43.34	48.49	600.0	-0	1	101.6	5.83	-0.0915	0.3	111115
190	"11:51:20"	1002.0	6.28	0.115	377	3.94	3.43	6	1	2.84	40.24	39.12	40.37	499.70	491.49	32.098	35.897	43.41	48.55	600.1	-0	1	101.6	5.83	-0.0915	0.3	111115
191	"11:51:21"	1003.0	6.26	0.115	377	3.93	3.42	6	1	2.84	40.24	39.12	40.37	499.71	491.52	32.121	35.914	43.45	48.58	600.0	-0	1	101.6	5.83	-0.0915	0.3	111115
192	"11:51:23"	1004.5	5.98	0.115	381	3.92	3.42	6	1	2.84	40.23	39.11	40.36	499.57	491.67	32.153	35.937	43.51	48.63	600.0	-0	1	101.6	5.83	-0.0915	0.3	111115
193	"11:51:24"	1005.5	5.9	0.115	382	3.92	3.42	6	1	2.84	40.23	39.11	40.35	499.52	491.69	32.175	35.952	43.55	48.67	599.9	-0	1	101.6	5.83	-0.0915	0.3	111115
194	"11:51:25"	1007.0	5.59	0.115	386	3.91	3.41	6	1	2.84	40.22	39.11	40.35	499.35	491.83	32.203	35.976	43.61	48.72	600.0	-0	1	101.6	5.83	-0.0915	0.3	111115
195	"11:51:26"	1008.0	5.53	0.115	387	3.91	3.41	6	1	2.84	40.21	39.10	40.34	499.30	491.85	32.220	35.990	43.65	48.75	600.0	-0	1	101.6	5.83	-0.0915	0.3	111115
196	"11:51:28"	1009.5	5.49	0.115	388	3.9	3.4	6	1	2.84	40.20	39.09	40.33	499.31	491.89	32.248	36.008	43.70	48.80	600.1	-0	1	101.6	5.83	-0.0915	0.3	111115
197	"11:51:29"	1010.5	5.49	0.115	388	3.89	3.4	6	1	2.84	40.20	39.09	40.33	499.35	491.94	32.267	36.020	43.74	48.83	600.1	-0	1	101.6	5.83	-0.0915	0.3	111115
198	"11:51:30"	1012.0	5.53	0.115	387	3.89	3.39	6	1	2.84	40.19	39.08	40.32	499.38	491.94	32.298	36.043	43.80	48.88	600.0	-0	1	101.6	5.83	-0.0915	0.3	111115
199	"11:51:31"	1013.0	5.54	0.115	387	3.88	3.39	6	1	2.84	40.19	39.07	40.31	499.39	491.94	32.318	36.062	43.84	48.92	600.0	-0	1	101.6	5.83	-0.0915	0.7	111115
200	"11:51:33"	1014.5	5.52	0.115	388	3.89	3.39	6	1	2.84	40.18	39.07	40.30	499.36	491.93	32.350	36.096	43.90	48.99	600.0	-0	1	101.6	5.83	-0.0915	0.7	111115
201	"11:51:34"	1015.5	5.48	0.115	388	3.88	3.39	6	1	2.84	40.17	39.07	40.30	499.30	491.92	32.371	36.109	43.94	49.02	600.0	-0	1	101.6	5.83	-0.0915	0.7	111115
202	"11:51:35"	1017.0	5.49	0.115	388	3.88	3.38	6	1	2.84	40.17	39.06	40.29	499.31	491.91	32.402	36.137	44.00	49.08	599.9	-0	1	101.6	5.83	-0.0915	0.7	111115
203	"11:51:36"	1018.0	5.42	0.115	389	3.87	3.37	6	1	2.84	40.16	39.05	40.29	499.24	491.92	32.421	36.156	44.04	49.11	600.0	-0	1	101.6	5.83	-0.0915	0.7	111115
204	"11:51:38"	1019.5	5.2	0.115	393	3.88	3.37	6	1	2.84	40.15	39.05	40.28	499.12	492.00	32.450	36.191	44.10	49.18	600.0	-0	1	101.6	5.83	-0.0915	0.7	111115
205	"11:51:39"	1020.5	5.05	0.116	395	3.88	3.36	6	1	2.84	40.15	39.04	40.27	499.00	492.05	32.469	36.209	44.14	49.22	600.0	-0	1	101.6	5.83	-0.0915	0.7	111115
206	"11:51:40"	1022.0	5.1	0.116	394	3.88	3.36	6	1	2.84	40.14	39.03	40.26	498.99	491.99	32.498	36.235	44.20	49.28	600.0	-0	1	101.6	5.83	-0.0915	0.3	111115
207	"11:51:41"	1023.0	5.22	0.116	393	3.88	3.35	6	1	2.84	40.13	39.02	40.26	499.04	491.91	32.520	36.254	44.24	49.32	600.0	-0	1	101.6	5.83	-0.0915	0.7	111115
208	"11:51:43"	1024.5	5.18	0.116	393	3.87	3.35	6	1	2.84	40.13	39.01	40.25	499.00	491.91	32.550	36.283	44.30	49.38	600.0	-0	1	101.6	5.83	-0.0915	0.7	111115
209	"11:51:44"	1025.5	5.2	0.116	393	3.87	3.34	6	1	2.84	40.12	39.01	40.25	499.02	491.92	32.571	36.301	44.34	49.42	600.0	-0	1	101.6	5.83	-0.0915	0.7	111115
210	"11:51:45"	1027.0	5.14	0.116	394	3.87	3.33	6	1	2.84	40.11	39.00	40.24	498.99	491.94	32.600	36.333	44.40	49.48	600.0	-0	1	101.6	5.83	-0.0915	0.7	111115
211	"11:51:46"	1028.0	5.18	0.116	394	3.87	3.33	6	1	2.84	40.11	38.99	40.23	499.03	491.95	32.619	36.349	44.44	49.52	600.0	-0	1	101.6	5.83	-0.0915	0.7	111115
212	"11:51:48"	1029.5	5.21	0.117	394	3.87	3.33	6	1	2.84	40.10	38.99	40.22	499.00	491.89	32.648	36.379	44.49	49.58	600.0	-0	1	101.6	5.83	-0.0915	0.7	111115
213	"11:51:49"	1030.5	5.23	0.116	393	3.86	3.32	6	1	2.84	40.09	38.98	40.22	498.98	491.86	32.666	36.388	44.53	49.61	600.0	-0	1	101.6	5.83	-0.0915	0.7	111115
214	"11:51:50"	1032.0	5.28	0.116	392	3.86	3.32	6	1	2.84	40.09	38.98	40.21	498.98	491.81	32.696	36.414	44.59	49.66	600.0	0	1	101.6	5.83	-0.0915	0.7	111115
215	"11:51:52"	1033.5	5.26	0.117	393	3.86	3.32	6	1	2.84	40.08	38.97	40.20	498.94	491.79	32.721	36.439	44.64	49.72	600.0	-0	1	101.6	5.83	-0.0915	0.7	111115
216	"11:51:53"	1034.5	5.24	0.117	393	3.86	3.31	6	1	2.84	40.07	38.97	40.20	498.94	491.80	32.739	36.453	44.68	49.75	600.0	-0	1	101.6	5.83	-0.0915	0.7	111115
217	"11:51:54"	1036.0	5.31	0.117	392	3.85	3.31	6	1	2.84	40.07	38.97	40.19	498.98	491.78	32.765	36.474	44.74	49.80	600.0	-0	1	101.6	5.83	-0.0915	0.7	111115
218	"11:51:55"	1037.0	5.31	0.116	392	3.84	3.31	6	1	2.84	40.06	38.96	40.19	498.98	491.79	32.784	36.485	44.77	49.83	600.0	-0	1	101.6	5.83	-0.0915	0.7	111115
219	"11:51:57"	1038.5	5.35	0.116	391	3.83	3.3	6	1	2.84	40.05	38.96	40.18	499.00	491.76	32.812	36.505	44.83	49.87	600.0	-0	1	101.6	5.83	-0.0915	0.7	111115
220	"11:51:58"	1039.5	5.26	0.116	393	3.83	3.3	6	1	2.84	40.05	38.95	40.17	498.95	491.81	32.829	36.515	44.87	49.90	600.0	-0	1	101.6	5.83	-0.0915	1.0	111115
221	"11:51:59"	1041.0	5.25	0.116	393	3.83	3.29	6	1	2.84	40.04	38.94	40.16	498.93	491.80	32.851	36.536	44.91	49.95	600.1	-0	1	101.6	5.83	-0.0915	1.0	111115
222	"11:52:00"	1042.0	5.22	0.116	394	3.82	3.29	6	1	2.84	40.04	38.93	40.16	498.90	491.80	32.868	36.550	44.95	49.98	600.1	-0	1	101.6	5.83	-0.0915	1.0	111115
223	"11:52:02"	1043.5	5.24	0.116	393	3.81	3.28	6	1	2.84	40.03	38.91	40.15	498.84	491.74	32.893	36.559	45.00	50.02	600.1	-0	1	101.6	5.83	-0.0915	1.0	111115
224	"11:52:03"	1044.5	5.2	0.116	393	3.79	3.28	6	1	2.84	40.02	38.90	40.15	498.81	491.75	32.909	36.563	45.03	50.03	600.0	-0	1	101.6	5.83	-0.0915	1.0	111115
225	"11:52:04"	1046.0	5.25	0.116	393	3.78	3.27	6	1	2.84	40.01	38.89	40.14	498.82	491.72	32.934	36.573	45.09	50.07	600.0	-0	1	101.6	5.83	-0.0915	1.0	111115
226	"11:52:05"	1047.0	5.24	0.116	393	3.78	3.27	6	1	2.84	40.01	38.90	40.13	498.81	491.72	32.946	36.584	45.12	50.10	600.0	-0	1	101.6	5.83	-0.0915	1.0	111115
227	"11:52:07"	1048.5	5.09	0.115	395	3.77	3.27	6	1	2.84	40.00	38.90	40.13	498.71	491.77	32.965	36.595	45.16	50.14	600.0	-0	1	101.6	5.83	-0.0915	1.0	111115
228	"11:52:08"	1049.5	4.99	0.115	396	3.77	3.27	6	1	2.84	40.00	38.90	40.12	498.63	491.79	32.975	36.604	45.19	50.16	600.0	-0	1	101.6	5.83	-0.0915	1.0	111115
229	"11:52:09"	1050.0	4.98	0.115	396	3.76	3.27	6	1	2.84	39.99	38.90	40.12	498.59	491.76	32.981	36.606	45.20	50.17	600.0	-0	1	101.6	5.83	-0.0915	1.0	111115
230	"11:52:10"	1052.0	5.18	0.115	394	3.76	3.26	6	1	2.84	39.98	38.88	40.11	498.72	491.70	33.010	36.630	45.27	50.23	600.0	-0	1	101.6	5.83	-0.0915	1.0	111115
231	"11:52:12"	1053.5	5.29	0.116	392	3.75	3.25	6	1	2.84	39.98	38.87	40.10	498.79	491.65	33.030	36.647	45.31	50.27	600.0	-0	1	101.6	5.83	-0.0915	1.0	111115
232	"11:52:13"	1054.5	5.24	0.116	393	3.75	3.25	6	1	2.84	39.97	38.86	40.10	498.73	491.64	33.040	36.654	45.34	50.30	599.9	-0	1	101.6	5.83	-0.0915	1.0	111115
233	"11:52:14"	1056.0	4.98	0.116	397	3.76	3.24	6	1	2.84	39.96	38.84	40.09	498.58	491.75	33.053	36.673	45.37	50.34	599.9	0	1	101.6	5.83	-0.0915	1.0	111115
234	"11:52:15"	1057.0	4.87	0.116	398	3.75	3.24	6	1	2.84	39.96	38.84	40.08	498.53	491.81	33.063	36.680	45.40	50.36	599.9	-0	1	101.6	5.83	-0.0915	1.0	111115
235	"11:52:17"	1058.5	4.77	0.116	400	3.76	3.24	6	1	2.84	39.95	38.84	40.08	498.47	491.86	33.075	36.696	45.43	50.41	600.0	-0	1	101.6	5.83	-0.0915	1.0	111115
236	"11:52:18"	1060.0	4.82	0.116	399	3.76	3.24	6	1	2.84	39.94	38.84	40.07	498.48	491.81	33.088	36.706	45.47	50.44	600.1	-0	1	101.6	5.83	-0.0915	1.0	111115
237	"11:52:19"	1061.0	4.88	0.116	399	3.76	3.24	6	1	2.84	39.94	38.84	40.06	498.47	491.74	33.096	36.719	45.49	50.47	600.1	-0	1	101.6	5.83	-0.0915	1.0	111115
238	"11:52:21"	1062.5	5.08	0.116	396	3.75	3.23	6	1	2.84	39.93	38.83	40.06	498.55	491.63	33.116	36.725	45.54	50.50	600.1	-0	1	101.6	5.83	-0.0915	1.0	111115
239	"11:52:22"	1063.5	5.2	0.116	394	3.75	3.23	6	1	2.84	39.93	38.82	40.05	498.61	491.57	33.126	36.734	45.57	50.53	600.0	-0	1	101.6	5.83	-0.0915	1.0	111115
240	"11:52:23"	1065.0	5.23	0.116	393	3.74	3.22	6	1	2.84	39.92	38.81	40.04	498.63	491.57	33.142	36.741	45.61	50.56	600.1	-0	1	101.6	5.83	-0.0915	1.0	111115
241	"11:52:24"	1066.0	5.18	0.116	394	3.74	3.22	6	1	2.84	39.91	38.80	40.04	498.62	491.61	33.151	36.752	45.63	50.59	600.1	-0	1	101.6	5.83	-0.0915	1.0	111115
242	"11:52:26"	1067.5	5.13	0.117	395	3.74	3.21	6	1	2.84	39.91	38.79	40.03	498.57	491.61	33.164	36.764	45.67	50.62	600.0	-0	1	101.6	5.83	-0.0915	1.0	111115
243	"11:52:27"	1068.5	5.14	0.117	395	3.73	3.21	6	1	2.84	39.90	38.78	40.03	498.57	491.59	33.172	36.770	45.69	50.65	600.0	-0	1	101.6	5.83	-0.0915	1.0	111115
244	"11:52:28"	1070.0	5.14	0.117	395	3.74	3.21	6	1	2.84	39.89	38.78	40.02	498.52	491.55	33.183	36.784	45.73	50.69	600.0	-0	1	101.6	5.83	-0.0915	1.0	111115
245	"11:52:29"	1071.0	5.06	0.117	396	3.74	3.21	6	1	2.84	39.89	38.78	40.01	498.53	491.63	33.192	36.792	45.75	50.71	600.0	-0	1	101.6	5.83	-0.0915	1.0	111115
246	"11:52:31"	1072.5	4.94	0.117	398	3.73	3.2	6	1	2.84	39.88	38.77	40.01	498.43	491.66	33.210	36.803	45.79	50.75	600.0	-0	1	101.6	5.83	-0.0915	1.0	111115
247	"11:52:32"	1073.5	4.84	0.117	399	3.73	3.2	6	1	2.84	39.88	38.77	40.00	498.37	491.70	33.222	36.812	45.82	50.77	600.0	-0	1	101.6	5.83	-0.0915	1.0	111115
248	"11:52:33"	1075.0	4.78	0.116	400	3.72	3.2	6	1	2.84	39.87	38.77	39.99	498.29	491.68	33.240	36.818	45.87	50.80	600.1	-0	1	101.6	5.83	-0.0915	1.0	111115
249	"11:52:34"	1076.0	4.79	0.116	400	3.72	3.2	6	1	2.84	39.86	38.76	39.99	498.26	491.64	33.249	36.829	45.89	50.83	600.1	0	1	101.6	5.83	-0.0915	1.0	111115
250	"11:52:36"	1077.5	4.87	0.116	399	3.71	3.19	6	1	2.84	39.86	38.75	39.98	498.29	491.59	33.262	36.837	45.93	50.86	600.0	-0	1	101.6	5.83	-0.0915	1.0	111115
251	"11:52:37"	1078.5	4.95	0.117	398	3.71	3.19	6	1	2.84	39.85	38.74	39.98	498.33	491.55	33.268	36.844	45.95	50.89	600.0	-0	1	101.6	5.83	-0.0915	1.0	111115
252	"11:52:38"	1079.0	5.02	0.117	397	3.71	3.18	6	1	2.84	39.85	38.74	39.97	498.37	491.53	33.272	36.846	45.96	50.90	600.0	-0	1	101.6	5.83	-0.0915	1.0	111115
253	"11:52:39"	1081.0	5.14	0.117	395	3.71	3.18	6	1	2.84	39.84	38.72	39.96	498.49	491.53	33.284	36.854	46.00	50.94	600.1	-0	1	101.6	5.83	-0.0915	1.0	111115
254	"11:52:40"	1082.0	5.11	0.117	396	3.71	3.18	6	1	2.84	39.83	38.71	39.96	498.44	491.51	33.289	36.858	46.02	50.95	600.1	-0	1	101.6	5.83	-0.0915	1.0	111115
255	"11:52:42"	1083.5	5.3	0.117	393	3.71	3.17	6	1	2.84	39.82	38.71	39.95	498.62	491.50	33.295	36.865	46.05	50.99	600.1	-0	1	101.6	5.83	-0.0915	1.0	111115
256	"11:52:43"	1084.5	5.48	0.117	391	3.71	3.17	6	1	2.84	39.82	38.71	39.95	498.83	491.53	33.298	36.867	46.06	51.00	600.0	-0	1	101.6	5.83	-0.0915	1.0	111115
257	"11:52:44"	1086.0	5.96	0.117	384	3.71	3.17	6	1	2.84	39.81	38.71	39.94	499.32	491.53	33.304	36.878	46.09	51.04	599.9	-0	1	101.6	5.83	-0.0915	1.0	111115
258	"11:52:45"	1087.0	6.17	0.118	382	3.72	3.17	6	1	2.84	39.81	38.71	39.93	499.52	491.53	33.305	36.885	46.10	51.06	599.9	-0	1	101.6	5.83	-0.0915	1.0	111115
259	"11:52:47"	1088.5	6.36	0.117	379	3.71	3.17	6	1	2.84	39.80	38.70	39.93	499.75	491.56	33.312	36.884	46.13	51.08	600.0	-0	1	101.6	5.83	-0.0915	1.0	111115
260	"11:52:48"	1089.5	6.35	0.117	379	3.71	3.17	6	1	2.84	39.79	38.70	39.92	499.79	491.61	33.315	36.885	46.15	51.09	600.1	-0	1	101.6	5.83	-0.0915	1.0	111115
261	"11:52:49"	1091.0	6.32	0.117	380	3.7	3.16	6	1	2.84	39.79	38.69	39.91	499.90	491.76	33.324	36.888	46.18	51.12	600.1	-0	1	101.6	5.83	-0.0915	1.0	111115
262	"11:52:50"	1092.0	6.28	0.117	380	3.7	3.16	6	1	2.84	39.78	38.69	39.91	499.90	491.80	33.329	36.893	46.20	51.14	600.1	-0	1	101.6	5.83	-0.0915	1.0	111115
263	"11:52:52"	1093.5	6.2	0.117	381	3.69	3.16	6	1	2.84	39.78	38.68	39.90	499.88	491.87	33.338	36.893	46.23	51.16	600.1	-0	1	101.6	5.83	-0.0915	1.0	111115
264	"11:52:53"	1094.5	6.17	0.117	382	3.69	3.16	6	1	2.84	39.77	38.67	39.90	499.88	491.89	33.346	36.895	46.25	51.18	600.0	-0	1	101.6	5.83	-0.0915	1.0	111115
265	"11:52:54"	1096.0	6.17	0.117	382	3.68	3.15	6	1	2.84	39.76	38.66	39.89	499.92	491.94	33.356	36.903	46.28	51.21	600.0	-0	1	101.6	5.83	-0.0915	0.7	111115
266	"11:52:55"	1097.0	6.09	0.117	383	3.68	3.15	6	1	2.84	39.76	38.66	39.88	499.91	492.02	33.363	36.907	46.30	51.22	599.9	-0	1	101.6	5.83	-0.0915	0.7	111115
267	"11:52:57"	1098.5	5.94	0.117	386	3.68	3.14	6	1	2.84	39.75	38.65	39.88	499.89	492.13	33.368	36.915	46.33	51.25	599.9	-0	1	101.6	5.83	-0.0915	0.7	111115
268	"11:52:58"	1099.5	5.87	0.117	386	3.68	3.14	6	1	2.84	39.75	38.64	39.87	499.88	492.20	33.375	36.917	46.35	51.27	600.0	-0	1	101.6	5.83	-0.0915	0.7	111115
269	"11:52:59"	1100.0	5.87	0.117	387	3.68	3.14	6	1	2.84	39.74	38.64	39.87	499.88	492.21	33.376	36.917	46.36	51.28	600.0	-0	1	101.6	5.83	-0.0915	0.7	111115
270	"11:53:00"	1102.0	5.67	0.117	389	3.68	3.14	6	1	2.84	39.74	38.63	39.86	499.83	492.35	33.391	36.930	46.40	51.32	600.0	-0	1	101.6	5.83	-0.0915	0.7	111115
271	"11:53:01"	1103.0	5.51	0.118	392	3.68	3.13	6	1	2.84	39.73	38.62	39.85	499.77	492.45	33.396	36.937	46.42	51.34	600.0	-0	1	101.6	5.83	-0.0915	0.7	111115
272	"11:53:03"	1104.5	5.4	0.118	394	3.68	3.13	6	1	2.84	39.72	38.62	39.85	499.77	492.56	33.405	36.949	46.45	51.38	600.1	-0	1	101.6	5.83	-0.0915	0.7	111115
273	"11:53:04"	1105.5	5.43	0.118	394	3.69	3.13	6	1	2.84	39.72	38.62	39.84	499.83	492.58	33.411	36.961	46.47	51.41	600.0	-0	1	101.6	5.83	-0.0915	0.7	111115
274	"11:53:05"	1107.0	5.49	0.118	393	3.69	3.13	6	1	2.84	39.71	38.61	39.84	499.89	492.58	33.419	36.975	46.51	51.45	600.0	0	1	101.6	5.83	-0.0915	0.7	111115
275	"11:53:06"	1108.0	5.36	0.118	395	3.69	3.12	6	1	2.84	39.70	38.61	39.83	499.81	492.63	33.424	36.978	46.52	51.47	600.0	-0	1	101.6	5.83	-0.0915	0.7	111115
276	"11:53:08"	1109.5	5.28	0.118	396	3.68	3.12	6	1	2.84	39.70	38.60	39.82	499.74	492.65	33.432	36.978	46.55	51.49	599.9	-0	1	101.6	5.83	-0.0915	0.7	111115
277	"11:53:09"	1110.5	5.22	0.118	397	3.68	3.12	6	1	2.84	39.69	38.60	39.82	499.72	492.68	33.437	36.982	46.57	51.51	600.0	-0	1	101.6	5.83	-0.0915	0.7	111115
278	"11:53:10"	1112.0	5.22	0.119	397	3.68	3.12	6	1	2.84	39.68	38.59	39.81	499.71	492.67	33.443	36.990	46.60	51.54	600.0	-0	1	101.6	5.83	-0.0915	0.7	111115
279	"11:53:11"	1113.0	5.08	0.119	399	3.68	3.11	6	1	2.84	39.68	38.58	39.80	499.63	492.73	33.446	36.991	46.62	51.56	600.1	-0	1	101.6	5.83	-0.0915	0.7	111115
280	"11:53:13"	1114.5	4.95	0.119	401	3.68	3.11	6	1	2.84	39.67	38.57	39.80	499.58	492.81	33.453	36.998	46.64	51.59	600.1	-0	1	101.6	5.83	-0.0915	0.7	111115
281	"11:53:14"	1115.5	5	0.119	400	3.68	3.11	6	1	2.84	39.67	38.57	39.79	499.62	492.81	33.458	37.003	46.66	51.61	600.1	-0	1	101.6	5.83	-0.0915	0.7	111115
282	"11:53:15"	1116.0	5.04	0.119	400	3.68	3.1	6	1	2.84	39.67	38.56	39.79	499.65	492.80	33.461	37.005	46.67	51.61	600.1	-0	1	101.6	5.83	-0.0915	0.7	111115
283	"11:53:16"	1117.0	5.04	0.119	400	3.68	3.1	6	1	2.84	39.66	38.56	39.79	499.65	492.80	33.467	37.013	46.69	51.64	600.1	-0	1	101.6	5.83	-0.0915	0.7	111115
284	"11:53:17"	1118.0	5.09	0.119	399	3.68	3.1	6	1	2.84	39.66	38.56	39.78	499.70	492.80	33.471	37.016	46.71	51.66	600.0	-0	1	101.6	5.83	-0.0915	0.7	111115
285	"11:53:18"	1120.0	4.95	0.119	401	3.68	3.1	6	1	2.84	39.65	38.55	39.77	499.60	492.84	33.475	37.021	46.74	51.69	599.9	-0	1	101.6	5.83	-0.0915	0.7	111115
286	"11:53:19"	1120.5	4.92	0.119	402	3.68	3.1	6	1	2.84	39.64	38.55	39.77	499.58	492.84	33.478	37.025	46.75	51.71	599.9	-0	1	101.6	5.83	-0.0915	0.7	111115
287	"11:53:21"	1122.5	4.92	0.119	402	3.68	3.09	6	1	2.84	39.63	38.53	39.76	499.56	492.83	33.488	37.031	46.79	51.74	600.0	-0	1	101.6	5.83	-0.0915	0.7	111115
288	"11:53:22"	1123.5	4.99	0.12	401	3.68	3.09	6	1	2.84	39.63	38.53	39.75	499.59	492.78	33.495	37.041	46.81	51.77	600.1	-0	1	101.6	5.83	-0.0915	1.0	111115
289	"11:53:23"	1124.0	5.01	0.12	401	3.68	3.09	6	1	2.84	39.63	38.53	39.75	499.61	492.79	33.497	37.042	46.82	51.77	600.1	-0	1	101.6	5.83	-0.0915	1.0	111115
290	"11:53:24"	1125.0	5.07	0.12	400	3.68	3.08	6	1	2.84	39.62	38.52	39.75	499.68	492.79	33.502	37.043	46.84	51.79	600.1	-0	1	101.6	5.83	-0.0915	1.0	111115
291	"11:53:25"	1127.0	4.99	0.12	401	3.69	3.08	6	1	2.84	39.61	38.51	39.74	499.64	492.83	33.506	37.062	46.87	51.84	600.0	-0	1	101.6	5.83	-0.0915	1.0	111115
292	"11:53:26"	1127.5	4.97	0.12	402	3.7	3.08	6	1	2.84	39.61	38.51	39.74	499.65	492.86	33.507	37.066	46.87	51.85	600.0	-0	1	101.6	5.83	-0.0915	1.0	111115
293	"11:53:28"	1129.5	4.94	0.121	403	3.72	3.08	6	1	2.84	39.60	38.51	39.73	499.65	492.88	33.510	37.090	46.90	51.91	600.0	-0	1	101.6	5.83	-0.0915	1.0	111115
294	"11:53:29"	1130.0	4.96	0.122	402	3.72	3.07	6	1	2.84	39.60	38.51	39.72	499.65	492.86	33.512	37.096	46.91	51.93	600.0	-0	1	101.6	5.83	-0.0915	1.0	111115
295	"11:53:30"	1131.5	4.9	0.122	403	3.73	3.07	6	1	2.84	39.59	38.50	39.71	499.59	492.85	33.515	37.106	46.93	51.96	600.0	-0	1	101.6	5.83	-0.0915	1.0	111115
296	"11:53:31"	1133.0	4.78	0.122	405	3.72	3.07	6	1	2.84	39.58	38.50	39.71	499.49	492.88	33.523	37.108	46.96	51.98	600.0	-0	1	101.6	5.83	-0.0915	1.0	111115
297	"11:53:33"	1134.5	4.74	0.122	405	3.72	3.07	6	1	2.84	39.58	38.50	39.70	499.44	492.86	33.527	37.110	46.99	52.01	600.0	-0	1	101.6	5.83	-0.0915	1.0	111115
298	"11:53:34"	1136.0	4.68	0.122	406	3.72	3.07	6	1	2.84	39.57	38.49	39.69	499.43	492.91	33.531	37.113	47.01	52.03	600.0	-0	1	101.6	5.83	-0.0915	1.0	111115
299	"11:53:35"	1137.0	4.65	0.122	407	3.72	3.06	6	1	2.84	39.57	38.48	39.69	499.41	492.92	33.534	37.115	47.03	52.05	600.1	-0	1	101.6	5.83	-0.0915	1.0	111115
300	"11:53:37"	1138.5	4.6	0.122	408	3.71	3.06	6	1	2.84	39.56	38.47	39.68	499.39	492.96	33.543	37.114	47.06	52.07	600.2	-0	1	101.6	5.83	-0.0915	1.0	111115
301	"11:53:38"	1139.0	4.64	0.122	407	3.71	3.06	6	1	2.84	39.56	38.47	39.68	499.38	492.91	33.543	37.117	47.06	52.08	600.1	-0	1	101.6	5.83	-0.0915	1.0	111115
302	"11:53:39"	1140.5	4.56	0.122	408	3.71	3.06	6	1	2.84	39.55	38.46	39.67	499.32	492.93	33.543	37.117	47.08	52.10	600.1	-0	1	101.6	5.83	-0.0915	1.0	111115
303	"11:53:40"	1141.0	4.65	0.122	407	3.71	3.05	6	1	2.84	39.55	38.46	39.67	499.36	492.88	33.543	37.115	47.09	52.10	600.1	-0	1	101.6	5.83	-0.0915	1.0	111115
304	"11:53:41"	1143.0	4.69	0.122	406	3.71	3.05	6	1	2.84	39.54	38.45	39.66	499.37	492.86	33.541	37.110	47.11	52.12	600.1	-0	1	101.6	5.83	-0.0915	1.0	111115
305	"11:53:42"	1144.0	4.63	0.122	407	3.71	3.05	6	1	2.84	39.53	38.44	39.66	499.37	492.92	33.542	37.113	47.12	52.14	600.0	-0	1	101.6	5.83	-0.0915	1.0	111115
306	"11:53:44"	1145.5	4.56	0.122	408	3.71	3.05	6	1	2.84	39.52	38.44	39.65	499.32	492.93	33.545	37.115	47.15	52.16	600.0	-0	1	101.6	5.83	-0.0915	1.0	111115
307	"11:53:45"	1146.5	4.64	0.122	407	3.71	3.05	6	1	2.84	39.52	38.44	39.64	499.34	492.88	33.545	37.121	47.16	52.19	600.0	-0	1	101.6	5.83	-0.0915	1.0	111115
308	"11:53:46"	1148.0	4.7	0.123	407	3.72	3.04	6	1	2.84	39.51	38.43	39.64	499.35	492.83	33.545	37.125	47.18	52.21	600.0	-0	1	101.6	5.83	-0.0915	1.0	111115
309	"11:53:47"	1149.0	4.72	0.123	407	3.71	3.04	6	1	2.84	39.51	38.42	39.63	499.35	492.81	33.547	37.123	47.19	52.22	600.0	-0	1	101.6	5.83	-0.0915	1.0	111115
310	"11:53:49"	1150.5	4.67	0.123	407	3.72	3.03	6	1	2.84	39.50	38.41	39.62	499.31	492.80	33.545	37.128	47.21	52.25	600.0	-0	1	101.6	5.83	-0.0915	1.0	111115
311	"11:53:50"	1151.5	4.61	0.124	408	3.73	3.03	6	1	2.84	39.49	38.40	39.62	499.29	492.84	33.545	37.134	47.22	52.27	600.0	-0	1	101.6	5.83	-0.0915	1.0	111115
312	"11:53:51"	1153.0	4.65	0.124	408	3.74	3.02	6	1	2.84	39.49	38.39	39.61	499.30	492.80	33.544	37.146	47.24	52.31	600.0	-0	1	101.6	5.83	-0.0915	1.0	111115
313	"11:53:52"	1154.0	4.5	0.125	410	3.74	3.02	6	1	2.84	39.48	38.38	39.61	499.24	492.89	33.545	37.150	47.25	52.33	600.0	-0	1	101.6	5.83	-0.0915	1.0	111115
314	"11:53:53"	1154.5	4.52	0.125	410	3.74	3.02	6	1	2.84	39.48	38.38	39.61	499.25	492.89	33.546	37.150	47.26	52.34	599.9	-0	1	101.6	5.83	-0.0915	1.0	111115
315	"11:53:55"	1156.5	4.4	0.125	412	3.75	3.02	6	1	2.84	39.47	38.37	39.60	499.12	492.87	33.542	37.152	47.28	52.37	599.9	-0	1	101.6	5.83	-0.0915	1.0	111115
316	"11:53:56"	1157.0	4.39	0.125	412	3.75	3.02	6	1	2.84	39.47	38.37	39.59	499.12	492.88	33.541	37.150	47.28	52.37	599.9	-0	1	101.6	5.83	-0.0915	1.0	111115
317	"11:53:57"	1159.0	4.45	0.125	411	3.76	3.01	6	1	2.84	39.46	38.36	39.58	499.16	492.86	33.536	37.155	47.30	52.41	600.0	-0	1	101.6	5.83	-0.0915	1.0	111115
318	"11:53:58"	1160.0	4.55	0.126	410	3.76	3.01	6	1	2.84	39.45	38.35	39.58	499.24	492.84	33.536	37.154	47.31	52.42	600.0	-0	1	101.6	5.83	-0.0915	1.0	111115
319	"11:54:00"	1161.5	4.59	0.126	410	3.76	3.01	6	1	2.84	39.45	38.34	39.57	499.24	492.80	33.536	37.160	47.33	52.45	600.0	-0	1	101.6	5.83	-0.0915	1.0	111115
320	"11:54:01"	1162.5	4.65	0.126	409	3.77	3.01	6	1	2.84	39.44	38.34	39.57	499.27	492.77	33.535	37.163	47.34	52.47	600.0	-0	1	101.6	5.83	-0.0915	1.0	111115
321	"11:54:02"	1164.0	4.65	0.126	409	3.78	3	6	1	2.84	39.43	38.33	39.56	499.28	492.77	33.531	37.167	47.35	52.49	600.0	-0	1	101.6	5.83	-0.0915	1.0	111115
322	"11:54:03"	1165.0	4.65	0.127	409	3.78	3	6	1	2.84	39.43	38.33	39.55	499.30	492.79	33.528	37.166	47.36	52.50	600.0	-0	1	101.6	5.83	-0.0915	1.0	111115
323	"11:54:05"	1166.5	4.71	0.127	409	3.79	3	6	1	2.84	39.42	38.32	39.55	499.33	492.76	33.526	37.171	47.38	52.53	600.0	-0	1	101.6	5.83	-0.0915	1.0	111115
324	"11:54:06"	1167.5	4.69	0.127	409	3.79	3	6	1	2.84	39.42	38.32	39.54	499.31	492.75	33.523	37.174	47.39	52.55	600.0	-0	1	101.6	5.83	-0.0915	1.0	111115
325	"11:54:07"	1169.0	4.72	0.128	409	3.8	2.99	6	1	2.84	39.41	38.31	39.54	499.29	492.69	33.520	37.181	47.40	52.58	600.1	-0	1	101.6	5.83	-0.0915	1.0	111115
326	"11:54:08"	1170.0	4.66	0.128	410	3.81	2.99	6	1	2.84	39.40	38.31	39.53	499.25	492.71	33.518	37.183	47.41	52.60	600.1	-0	1	101.6	5.83	-0.0915	1.0	111115
327	"11:54:10"	1171.5	4.57	0.129	411	3.82	2.99	6	1	2.84	39.40	38.30	39.52	499.17	492.72	33.512	37.188	47.42	52.62	600.0	-0	1	101.6	5.83	-0.0915	1.0	111115
328	"11:54:11"	1172.5	4.49	0.129	413	3.83	2.99	6	1	2.84	39.39	38.29	39.52	499.15	492.77	33.508	37.193	47.43	52.64	600.0	-0	1	101.6	5.83	-0.0915	1.0	111115
329	"11:54:12"	1173.0	4.51	0.129	413	3.83	2.98	6	1	2.84	39.39	38.29	39.52	499.14	492.75	33.505	37.194	47.43	52.65	600.0	-0	1	101.6	5.83	-0.0915	1.0	111115
330	"11:54:13"	1175.0	4.59	0.13	412	3.85	2.98	6	1	2.84	39.38	38.28	39.51	499.19	492.70	33.496	37.207	47.44	52.70	600.0	-0	1	101.6	5.83	-0.0915	1.0	111115
331	"11:54:14"	1176.0	4.62	0.131	412	3.86	2.98	6	1	2.84	39.38	38.28	39.50	499.23	492.71	33.492	37.212	47.45	52.72	600.0	-0	1	101.6	5.83	-0.0915	1.0	111115
332	"11:54:16"	1177.5	4.64	0.131	412	3.87	2.97	6	1	2.84	39.37	38.27	39.50	499.21	492.66	33.486	37.215	47.46	52.74	600.0	-0	1	101.6	5.83	-0.0915	1.0	111115
333	"11:54:17"	1178.5	4.49	0.132	414	3.88	2.97	6	1	2.84	39.36	38.26	39.49	499.15	492.74	33.481	37.218	47.46	52.76	600.0	-0	1	101.6	5.83	-0.0915	1.0	111115
334	"11:54:18"	1180.0	4.47	0.132	414	3.9	2.97	6	1	2.84	39.35	38.25	39.48	499.09	492.70	33.473	37.224	47.47	52.79	600.1	-0	1	101.6	5.83	-0.0915	1.0	111115
335	"11:54:20"	1181.5	4.46	0.133	415	3.92	2.97	6	1	2.84	39.35	38.25	39.47	499.13	492.75	33.462	37.231	47.48	52.83	600.2	-0	1	101.6	5.83	-0.0915	1.0	111115
336	"11:54:21"	1182.0	4.52	0.133	414	3.92	2.97	6	1	2.84	39.35	38.25	39.47	499.15	492.69	33.460	37.234	47.48	52.84	600.2	-0	1	101.6	5.83	-0.0915	1.0	111115
337	"11:54:22"	1184.0	4.5	0.134	415	3.94	2.96	6	1	2.84	39.34	38.24	39.46	499.11	492.67	33.453	37.248	47.50	52.88	600.1	0	1	101.6	5.83	-0.0915	1.0	111115
338	"11:54:23"	1185.0	4.52	0.135	414	3.95	2.96	6	1	2.84	39.33	38.24	39.46	499.11	492.64	33.452	37.252	47.51	52.90	600.0	0	1	101.6	5.83	-0.0915	1.0	111115
339	"11:54:25"	1186.5	4.41	0.135	416	3.96	2.96	6	1	2.84	39.32	38.23	39.45	499.04	492.69	33.447	37.258	47.52	52.93	599.9	0	1	101.6	5.83	-0.0915	1.0	111115
340	"11:54:26"	1187.0	4.4	0.135	416	3.96	2.96	6	1	2.84	39.32	38.23	39.45	499.05	492.70	33.446	37.260	47.52	52.94	599.9	0	1	101.6	5.83	-0.0915	1.0	111115
341	"11:54:27"	1188.5	4.45	0.136	416	3.97	2.95	6	1	2.84	39.31	38.22	39.44	499.09	492.69	33.440	37.264	47.53	52.97	599.9	-0	1	101.6	5.83	-0.0915	1.0	111115
342	"11:54:28"	1190.0	4.39	0.136	417	3.98	2.95	6	1	2.84	39.31	38.22	39.43	499.05	492.70	33.433	37.266	47.54	52.99	600.0	-0	1	101.6	5.83	-0.0915	1.0	111115
343	"11:54:29"	1191.0	4.41	0.136	417	3.99	2.95	6	1	2.84	39.30	38.21	39.43	499.08	492.71	33.429	37.266	47.55	53.01	600.0	-0	1	101.6	5.83	-0.0915	1.0	111115
344	"11:54:31"	1192.5	4.48	0.137	416	3.99	2.95	6	1	2.84	39.29	38.21	39.42	499.12	492.67	33.422	37.266	47.56	53.02	600.0	-0	1	101.6	5.83	-0.0915	1.0	111115
345	"11:54:32"	1193.5	4.53	0.137	416	4	2.95	6	1	2.84	39.29	38.20	39.42	499.13	492.63	33.414	37.266	47.56	53.04	600.0	-0	1	101.6	5.83	-0.0915	1.0	111115
346	"11:54:33"	1195.0	4.63	0.138	415	4.01	2.94	6	1	2.84	39.28	38.20	39.41	499.19	492.58	33.404	37.268	47.56	53.06	600.0	-0	1	101.6	5.83	-0.0915	1.0	111115
347	"11:54:34"	1196.0	4.65	0.138	414	4.02	2.94	6	1	2.84	39.28	38.19	39.40	499.19	492.56	33.396	37.266	47.56	53.07	600.0	-0	1	101.6	5.83	-0.0915	1.0	111115
348	"11:54:36"	1197.5	4.64	0.139	415	4.04	2.94	6	1	2.84	39.27	38.19	39.40	499.17	492.54	33.382	37.267	47.56	53.09	600.0	-0	1	101.6	5.83	-0.0915	1.0	111115
349	"11:54:37"	1198.5	4.64	0.139	415	4.05	2.94	6	1	2.84	39.27	38.18	39.39	499.15	492.53	33.371	37.269	47.56	53.11	600.0	-0	1	101.6	5.83	-0.0915	1.0	111115
350	"11:54:38"	1200.0	4.61	0.14	416	4.06	2.93	6	1	2.84	39.26	38.17	39.39	499.15	492.53	33.358	37.267	47.56	53.13	600.0	-0	1	101.6	5.83	-0.0915	1.0	111115
351	"11:54:39"	1201.0	4.6	0.14	416	4.07	2.93	6	1	2.84	39.25	38.16	39.38	499.15	492.55	33.349	37.267	47.56	53.14	600.0	-0	1	101.6	5.83	-0.0915	1.0	111115
352	"11:54:41"	1202.5	4.37	0.141	419	4.08	2.93	6	1	2.84	39.25	38.16	39.37	499.07	492.69	33.337	37.265	47.56	53.16	600.0	-0	1	101.6	5.83	-0.0915	1.0	111115
353	"11:54:42"	1203.0	4.33	0.141	420	4.09	2.93	6	1	2.84	39.24	38.15	39.37	499.06	492.71	33.331	37.269	47.55	53.17	600.0	-0	1	101.6	5.83	-0.0915	1.0	111115
354	"11:54:43"	1204.0	4.32	0.142	420	4.1	2.93	6	1	2.84	39.24	38.15	39.37	499.05	492.71	33.323	37.268	47.55	53.18	600.0	-0	1	101.6	5.83	-0.0915	1.0	111115
355	"11:54:44"	1206.0	4.41	0.142	419	4.11	2.92	6	1	2.84	39.23	38.14	39.36	499.06	492.63	33.307	37.261	47.56	53.20	600.1	-0	1	101.6	5.83	-0.0915	1.0	111115
356	"11:54:45"	1206.5	4.47	0.142	418	4.11	2.92	6	1	2.84	39.23	38.13	39.36	499.07	492.57	33.301	37.261	47.55	53.21	600.1	-0	1	101.6	5.83	-0.0915	1.0	111115
357	"11:54:46"	1208.0	4.44	0.143	419	4.13	2.92	6	1	2.84	39.22	38.13	39.35	499.04	492.57	33.289	37.260	47.55	53.23	600.1	-0	1	101.6	5.83	-0.0915	1.0	111115
358	"11:54:48"	1209.5	4.45	0.144	419	4.14	2.91	6	1	2.84	39.21	38.12	39.34	499.05	492.56	33.276	37.259	47.55	53.25	600.1	-0	1	101.6	5.83	-0.0915	1.0	111115
359	"11:54:49"	1210.5	4.23	0.144	422	4.14	2.91	6	1	2.84	39.21	38.11	39.34	498.97	492.70	33.269	37.255	47.56	53.25	600.0	-0	1	101.6	5.83	-0.0915	1.0	111115
360	"11:54:50"	1211.0	4.26	0.144	421	4.14	2.91	6	1	2.84	39.21	38.11	39.33	498.98	492.68	33.265	37.251	47.56	53.26	600.0	-0	1	101.6	5.83	-0.0915	1.0	111115
361	"11:54:51"	1213.0	4.21	0.144	422	4.15	2.91	6	1	2.84	39.20	38.10	39.32	498.94	492.68	33.250	37.245	47.56	53.27	599.9	-0	1	101.6	5.83	-0.0915	1.0	111115
362	"11:54:52"	1213.5	4.18	0.144	422	4.15	2.91	6	1	2.84	39.19	38.10	39.32	498.92	492.70	33.248	37.246	47.56	53.28	599.9	-0	1	101.6	5.83	-0.0915	1.0	111115
363	"11:54:53"	1214.5	4.23	0.145	422	4.17	2.91	6	1	2.84	39.19	38.10	39.32	498.94	492.65	33.237	37.252	47.56	53.30	599.9	-0	1	101.6	5.83	-0.0915	1.0	111115
364	"11:54:55"	1216.5	4.29	0.146	422	4.18	2.91	6	1	2.84	39.18	38.09	39.31	498.98	492.63	33.220	37.245	47.56	53.32	600.0	-0	1	101.6	5.83	-0.0915	1.0	111115
365	"11:54:56"	1217.5	4.33	0.146	421	4.18	2.91	6	1	2.84	39.18	38.09	39.30	498.99	492.60	33.213	37.239	47.56	53.32	600.0	-0	1	101.6	5.83	-0.0915	1.0	111115
366	"11:54:57"	1218.0	4.37	0.146	421	4.18	2.91	6	1	2.84	39.17	38.08	39.30	498.99	492.57	33.211	37.234	47.56	53.32	600.0	-0	1	101.6	5.83	-0.0915	1.0	111115
367	"11:54:58"	1219.0	4.35	0.146	421	4.17	2.9	6	1	2.84	39.17	38.08	39.30	499.00	492.60	33.207	37.226	47.57	53.32	600.0	-0	1	101.6	5.83	-0.0915	1.0	111115
368	"11:54:59"	1220.0	4.27	0.146	422	4.18	2.9	6	1	2.84	39.17	38.07	39.29	498.97	492.63	33.202	37.228	47.57	53.34	600.0	-0	1	101.6	5.83	-0.0915	1.0	111115
369	"11:55:00"	1222.0	4.13	0.147	424	4.2	2.9	6	1	2.84	39.16	38.06	39.28	498.93	492.73	33.188	37.233	47.58	53.38	600.1	-0	1	101.6	5.83	-0.0915	1.0	111115
370	"11:55:01"	1222.5	4.16	0.147	424	4.21	2.9	6	1	2.84	39.15	38.06	39.28	498.93	492.69	33.185	37.235	47.58	53.39	600.2	-0	1	101.6	5.83	-0.0915	1.0	111115
371	"11:55:03"	1223.5	4.19	0.148	423	4.22	2.89	6	1	2.84	39.15	38.06	39.28	498.94	492.68	33.178	37.240	47.58	53.41	600.2	0	1	101.6	5.83	-0.0915	1.0	111115
372	"11:55:04"	1224.5	4.29	0.148	422	4.23	2.89	6	1	2.84	39.14	38.05	39.27	498.99	492.63	33.172	37.241	47.58	53.42	600.2	-0	1	101.6	5.83	-0.0915	1.0	111115
373	"11:55:05"	1226.5	4.31	0.149	422	4.24	2.89	6	1	2.84	39.13	38.04	39.26	499.01	492.61	33.161	37.239	47.59	53.45	600.0	-0	1	101.6	5.83	-0.0915	1.0	111115
374	"11:55:06"	1228.0	4.27	0.149	423	4.24	2.89	6	1	2.84	39.13	38.03	39.25	498.98	492.62	33.151	37.238	47.60	53.46	600.0	-0	1	101.6	5.83	-0.0915	1.0	111115
375	"11:55:07"	1228.5	4.23	0.149	423	4.25	2.89	6	1	2.84	39.13	38.03	39.25	498.98	492.65	33.149	37.237	47.60	53.47	600.0	-0	1	101.6	5.83	-0.0915	1.0	111115
376	"11:55:08"	1229.5	4.19	0.149	424	4.25	2.89	6	1	2.84	39.12	38.03	39.25	498.96	492.67	33.141	37.234	47.60	53.48	600.0	-0	1	101.6	5.83	-0.0915	1.0	111115
377	"11:55:09"	1230.5	4.26	0.15	423	4.26	2.88	6	1	2.84	39.12	38.03	39.24	499.00	492.64	33.137	37.234	47.60	53.49	600.0	-0	1	101.6	5.83	-0.0915	1.0	111115
378	"11:55:11"	1232.5	4.29	0.15	423	4.27	2.88	6	1	2.84	39.11	38.01	39.23	498.96	492.57	33.126	37.234	47.61	53.52	600.1	-0	1	101.6	5.83	-0.0915	1.0	111115
379	"11:55:12"	1233.0	4.27	0.151	423	4.27	2.88	6	1	2.84	39.10	38.01	39.23	498.95	492.57	33.124	37.237	47.62	53.53	600.0	-0	1	101.6	5.83	-0.0915	1.0	111115
380	"11:55:13"	1234.0	4.23	0.151	424	4.28	2.88	6	1	2.84	39.10	38.01	39.23	498.91	492.58	33.117	37.235	47.62	53.54	600.0	-0	1	101.6	5.83	-0.0915	1.0	111115
381	"11:55:14"	1236.0	4.21	0.151	424	4.29	2.88	6	1	2.84	39.09	38.00	39.22	498.92	492.59	33.105	37.234	47.63	53.57	600.0	-0	1	101.6	5.83	-0.0915	1.0	111115
382	"11:55:15"	1237.0	4.26	0.152	424	4.29	2.87	6	1	2.84	39.08	37.99	39.21	498.94	492.56	33.099	37.234	47.63	53.58	600.0	-0	1	101.6	5.83	-0.0915	1.0	111115
383	"11:55:17"	1238.5	4.27	0.152	424	4.3	2.87	6	1	2.84	39.08	37.98	39.21	498.91	492.52	33.091	37.231	47.64	53.60	600.0	-0	1	101.6	5.83	-0.0915	1.0	111115
384	"11:55:18"	1239.5	4.27	0.153	424	4.31	2.86	6	1	2.84	39.07	37.97	39.20	498.91	492.53	33.084	37.230	47.64	53.61	600.0	-0	1	101.6	5.83	-0.0915	1.0	111115
385	"11:55:19"	1241.0	4.23	0.153	425	4.31	2.86	6	1	2.84	39.06	37.96	39.19	498.88	492.52	33.074	37.225	47.65	53.62	600.0	-0	1	101.6	5.83	-0.0915	1.0	111115
386	"11:55:20"	1242.0	4.26	0.153	424	4.32	2.86	6	1	2.84	39.06	37.95	39.19	498.91	492.52	33.070	37.229	47.65	53.64	600.0	-0	1	101.6	5.83	-0.0915	1.0	111115
387	"11:55:22"	1243.5	4.26	0.154	425	4.33	2.86	6	1	2.84	39.05	37.96	39.18	498.92	492.52	33.064	37.233	47.66	53.67	600.0	-0	1	101.6	5.83	-0.0915	1.0	111115
388	"11:55:23"	1244.5	4.33	0.154	424	4.34	2.86	6	1	2.84	39.05	37.96	39.18	498.96	492.50	33.057	37.235	47.66	53.69	600.0	-0	1	101.6	5.83	-0.0915	1.0	111115
389	"11:55:24"	1246.0	4.36	0.155	424	4.36	2.86	6	1	2.84	39.04	37.95	39.17	498.98	492.47	33.046	37.239	47.66	53.71	600.0	-0	1	101.6	5.83	-0.0915	1.0	111115
390	"11:55:25"	1247.0	4.4	0.155	423	4.36	2.85	6	1	2.84	39.04	37.94	39.16	498.99	492.44	33.039	37.237	47.67	53.72	600.0	-0	1	101.6	5.83	-0.0915	1.0	111115
391	"11:55:26"	1247.5	4.4	0.156	424	4.37	2.85	6	1	2.84	39.03	37.94	39.16	498.96	492.41	33.034	37.238	47.67	53.73	600.1	-0	1	101.6	5.83	-0.0915	1.0	111115
392	"11:55:28"	1249.5	4.28	0.157	425	4.38	2.84	6	1	2.84	39.02	37.92	39.15	498.87	492.44	33.022	37.241	47.67	53.76	600.1	-0	1	101.6	5.83	-0.0915	1.0	111115
393	"11:55:29"	1250.0	4.21	0.157	426	4.39	2.84	6	1	2.84	39.02	37.91	39.15	498.83	492.46	33.020	37.242	47.68	53.77	600.0	-0	1	101.6	5.83	-0.0915	1.0	111115
394	"11:55:30"	1252.0	4.08	0.158	428	4.41	2.84	6	1	2.84	39.01	37.90	39.14	498.76	492.51	33.005	37.248	47.68	53.81	600.0	-0	1	101.6	5.83	-0.0915	1.0	111115
395	"11:55:31"	1252.5	4.08	0.158	428	4.41	2.84	6	1	2.84	39.01	37.90	39.14	498.76	492.51	33.002	37.247	47.68	53.81	600.0	-0	1	101.6	5.83	-0.0915	1.0	111115
396	"11:55:32"	1253.5	4.11	0.159	428	4.42	2.84	6	1	2.84	39.01	37.89	39.13	498.76	492.47	32.995	37.249	47.68	53.83	600.0	0	1	101.6	5.83	-0.0915	1.0	111115
397	"11:55:33"	1254.5	4.1	0.159	428	4.42	2.84	6	1	2.84	39.00	37.89	39.13	498.75	492.47	32.986	37.243	47.68	53.84	600.0	0	1	101.6	5.83	-0.0915	1.0	111115
398	"11:55:34"	1255.5	4.1	0.159	428	4.43	2.84	6	1	2.84	39.00	37.89	39.12	498.79	492.50	32.978	37.241	47.68	53.85	600.0	-0	1	101.6	5.83	-0.0915	1.0	111115
399	"11:55:36"	1257.5	4	0.159	429	4.44	2.83	6	1	2.84	38.99	37.89	39.12	498.75	492.56	32.965	37.238	47.69	53.87	600.0	-0	1	101.6	5.83	-0.0915	1.0	111115
400	"11:55:37"	1259.0	4.08	0.16	428	4.45	2.83	6	1	2.84	38.98	37.88	39.11	498.80	492.53	32.958	37.241	47.70	53.90	600.0	-0	1	101.6	5.83	-0.0915	1.0	111115
401	"11:55:38"	1260.0	4.21	0.16	427	4.46	2.83	6	1	2.84	38.97	37.88	39.10	498.86	492.46	32.953	37.243	47.70	53.91	600.1	-0	1	101.6	5.83	-0.0915	1.0	111115
402	"11:55:40"	1261.5	4.18	0.161	427	4.46	2.83	6	1	2.84	38.97	37.87	39.10	498.87	492.50	32.943	37.240	47.70	53.93	600.1	-0	1	101.6	5.83	-0.0915	1.0	111115
403	"11:55:41"	1262.5	4.2	0.161	427	4.47	2.83	6	1	2.84	38.96	37.86	39.09	498.85	492.46	32.936	37.237	47.71	53.94	600.1	-0	1	101.6	5.83	-0.0915	1.0	111115
404	"11:55:42"	1264.0	4.15	0.162	428	4.48	2.82	6	1	2.84	38.96	37.85	39.08	498.79	492.44	32.926	37.236	47.71	53.96	600.1	-0	1	101.6	5.83	-0.0915	1.0	111115
405	"11:55:43"	1265.0	4.12	0.162	428	4.49	2.82	6	1	2.84	38.95	37.85	39.08	498.75	492.42	32.918	37.239	47.71	53.97	600.0	-0	1	101.6	5.83	-0.0915	1.0	111115
406	"11:55:45"	1266.5	4.19	0.163	428	4.5	2.82	6	1	2.84	38.94	37.84	39.07	498.76	492.36	32.912	37.240	47.72	53.99	600.0	-0	1	101.6	5.83	-0.0915	1.0	111115
407	"11:55:46"	1267.5	4.13	0.163	428	4.5	2.82	6	1	2.84	38.94	37.84	39.07	498.75	492.40	32.904	37.238	47.72	54.01	600.0	-0	1	101.6	5.83	-0.0915	1.0	111115
408	"11:55:47"	1269.0	4.2	0.164	428	4.51	2.81	6	1	2.84	38.93	37.82	39.06	498.77	492.35	32.893	37.235	47.72	54.02	600.0	-0	1	101.6	5.83	-0.0915	1.0	111115
409	"11:55:48"	1270.0	4.15	0.164	429	4.52	2.81	6	1	2.84	38.93	37.82	39.06	498.74	492.36	32.886	37.235	47.72	54.04	600.0	-0	1	101.6	5.83	-0.0915	1.0	111115
410	"11:55:49"	1270.5	4.11	0.164	429	4.52	2.81	6	1	2.84	38.93	37.81	39.05	498.71	492.37	32.882	37.234	47.72	54.04	600.0	-0	1	101.6	5.83	-0.0915	1.0	111115
411	"11:55:50"	1271.5	4.05	0.165	430	4.53	2.81	6	1	2.84	38.92	37.81	39.05	498.67	492.38	32.875	37.237	47.73	54.06	600.0	-0	1	101.6	5.83	-0.0915	1.0	111115
412	"11:55:52"	1273.5	4.04	0.165	430	4.55	2.8	6	1	2.84	38.91	37.80	39.04	498.67	492.39	32.860	37.236	47.73	54.09	600.0	-0	1	101.6	5.83	-0.0915	1.0	111115
413	"11:55:53"	1274.0	4.05	0.165	430	4.55	2.8	6	1	2.84	38.91	37.80	39.04	498.71	492.42	32.856	37.236	47.73	54.09	600.0	-0	1	101.6	5.83	-0.0915	1.0	111115
414	"11:55:54"	1276.0	4.2	0.166	429	4.56	2.8	6	1	2.84	38.90	37.79	39.03	498.78	492.34	32.838	37.232	47.73	54.12	600.0	-0	1	101.6	5.83	-0.0915	1.0	111115
415	"11:55:56"	1277.5	4.18	0.167	429	4.57	2.8	6	1	2.84	38.89	37.79	39.02	498.76	492.33	32.825	37.227	47.73	54.13	600.0	0	1	101.6	5.83	-0.0915	1.0	111115
416	"11:55:57"	1278.5	4.04	0.167	430	4.58	2.8	6	1	2.84	38.89	37.79	39.02	498.68	492.39	32.814	37.225	47.73	54.14	600.0	-0	1	101.6	5.83	-0.0915	1.0	111115
417	"11:55:58"	1280.0	3.92	0.167	432	4.59	2.8	6	1	2.84	38.88	37.79	39.01	498.60	492.42	32.799	37.219	47.72	54.15	600.0	-0	1	101.6	5.83	-0.0915	1.0	111115
418	"11:56:00"	1281.5	3.91	0.168	432	4.6	2.8	6	1	2.84	38.87	37.78	39.00	498.60	492.43	32.787	37.213	47.72	54.17	600.1	-0	1	101.6	5.83	-0.0915	1.0	111115
419	"11:56:01"	1282.0	3.89	0.168	432	4.6	2.8	6	1	2.84	38.87	37.77	39.00	498.57	492.42	32.784	37.209	47.72	54.17	600.1	-0	1	101.6	5.83	-0.0915	1.0	111115
420	"11:56:02"	1283.5	3.93	0.168	432	4.6	2.79	6	1	2.84	38.86	37.76	38.99	498.60	492.40	32.772	37.203	47.73	54.18	600.2	0	1	101.6	5.83	-0.0915	1.0	111115
421	"11:56:03"	1285.0	3.77	0.169	434	4.6	2.79	6	1	2.84	38.86	37.75	38.99	498.53	492.50	32.762	37.193	47.73	54.19	600.2	0	1	101.6	5.83	-0.0915	1.0	111115
422	"11:56:04"	1285.5	3.76	0.169	434	4.6	2.79	6	1	2.84	38.85	37.74	38.98	498.51	492.48	32.757	37.190	47.73	54.19	600.2	0	1	101.6	5.83	-0.0915	1.0	111115
423	"11:56:05"	1287.0	3.94	0.169	432	4.6	2.79	6	1	2.84	38.85	37.74	38.98	498.66	492.45	32.749	37.181	47.74	54.20	600.1	-0	1	101.6	5.83	-0.0915	1.0	111115
424	"11:56:06"	1287.5	3.88	0.169	433	4.6	2.79	6	1	2.84	38.84	37.74	38.97	498.65	492.50	32.745	37.176	47.74	54.20	600.1	-0	1	101.6	5.83	-0.0915	1.0	111115
425	"11:56:08"	1289.5	4.06	0.169	431	4.61	2.79	6	1	2.84	38.83	37.73	38.96	498.76	492.43	32.732	37.174	47.74	54.22	600.0	-0	1	101.6	5.83	-0.0915	1.0	111115
426	"11:56:09"	1290.5	4.02	0.17	431	4.62	2.78	6	1	2.84	38.83	37.73	38.96	498.72	492.43	32.724	37.172	47.74	54.23	600.0	-0	1	101.6	5.83	-0.0915	1.0	111115
427	"11:56:10"	1291.0	4.06	0.17	431	4.62	2.78	6	1	2.84	38.83	37.72	38.96	498.74	492.40	32.720	37.171	47.74	54.24	600.0	-0	1	101.6	5.83	-0.0915	1.0	111115
428	"11:56:11"	1293.0	4.03	0.17	431	4.63	2.78	6	1	2.84	38.82	37.71	38.95	498.70	492.39	32.701	37.156	47.74	54.24	600.0	-0	1	101.6	5.83	-0.0915	1.0	111115
429	"11:56:12"	1294.0	4.01	0.17	432	4.63	2.78	6	1	2.84	38.81	37.70	38.94	498.66	492.38	32.695	37.156	47.75	54.26	600.0	-0	1	101.6	5.83	-0.0915	1.0	111115
430	"11:56:14"	1295.5	3.93	0.172	433	4.66	2.77	6	1	2.84	38.80	37.70	38.93	498.60	492.38	32.676	37.160	47.74	54.29	600.0	-0	1	101.6	5.83	-0.0915	1.0	111115
431	"11:56:15"	1296.5	3.94	0.172	433	4.66	2.77	6	1	2.84	38.80	37.70	38.93	498.62	492.38	32.668	37.157	47.74	54.30	600.0	0	1	101.6	5.83	-0.0915	1.0	111115
432	"11:56:16"	1298.0	4.08	0.172	431	4.67	2.77	6	1	2.84	38.79	37.69	38.92	498.74	492.36	32.656	37.155	47.74	54.32	600.0	0	1	101.6	5.83	-0.0915	1.0	111115
433	"11:56:17"	1298.5	4.02	0.172	432	4.67	2.77	6	1	2.84	38.79	37.69	38.92	498.71	492.39	32.652	37.152	47.74	54.32	600.0	-0	1	101.6	5.83	-0.0915	1.0	111115
434	"11:56:18"	1299.5	4.04	0.173	432	4.68	2.77	6	1	2.84	38.78	37.69	38.91	498.73	492.39	32.645	37.148	47.74	54.33	600.0	-0	1	101.6	5.83	-0.0915	1.0	111115
435	"11:56:20"	1301.5	4.01	0.173	432	4.69	2.77	6	1	2.84	38.77	37.68	38.90	498.67	492.34	32.630	37.149	47.75	54.36	600.0	-0	1	101.6	5.83	-0.0915	1.0	111115
436	"11:56:21"	1302.5	3.95	0.174	433	4.7	2.77	6	1	2.84	38.77	37.67	38.90	498.61	492.35	32.623	37.148	47.75	54.37	599.9	-0	1	101.6	5.83	-0.0915	1.0	111115
437	"11:56:22"	1304.0	3.8	0.175	435	4.72	2.76	6	1	2.84	38.76	37.66	38.89	498.52	492.40	32.611	37.151	47.75	54.39	600.0	-0	1	101.6	5.83	-0.0915	1.0	111115
438	"11:56:23"	1305.0	3.77	0.175	435	4.72	2.76	6	1	2.84	38.76	37.66	38.89	498.51	492.42	32.602	37.145	47.75	54.40	600.0	-0	1	101.6	5.83	-0.0915	1.0	111115
439	"11:56:24"	1305.5	3.77	0.175	435	4.72	2.76	6	1	2.84	38.76	37.65	38.88	498.51	492.41	32.596	37.144	47.75	54.41	600.0	-0	1	101.6	5.83	-0.0915	1.0	111115
440	"11:56:26"	1307.5	3.83	0.177	435	4.75	2.75	6	1	2.84	38.75	37.64	38.88	498.53	492.37	32.577	37.147	47.74	54.44	600.1	-0	1	101.6	5.83	-0.0915	1.0	111115
441	"11:56:27"	1308.5	3.83	0.177	435	4.76	2.75	6	1	2.84	38.74	37.63	38.87	498.52	492.35	32.565	37.147	47.74	54.45	600.0	-0	1	101.6	5.83	-0.0915	1.0	111115
442	"11:56:28"	1310.0	3.68	0.178	437	4.77	2.75	6	1	2.84	38.73	37.62	38.86	498.45	492.42	32.552	37.148	47.74	54.48	600.1	-0	1	101.6	5.83	-0.0915	1.0	111115
443	"11:56:29"	1310.5	3.67	0.178	437	4.78	2.75	6	1	2.84	38.73	37.62	38.86	498.47	492.44	32.547	37.147	47.74	54.48	600.1	-0	1	101.6	5.83	-0.0915	1.0	111115
444	"11:56:30"	1312.0	3.71	0.179	436	4.79	2.75	6	1	2.84	38.72	37.62	38.86	498.50	492.43	32.534	37.143	47.74	54.50	600.0	-0	1	101.6	5.83	-0.0915	1.0	111115
445	"11:56:32"	1313.5	3.8	0.179	436	4.8	2.75	6	1	2.84	38.72	37.61	38.85	498.52	492.36	32.520	37.142	47.74	54.52	600.0	-0	1	101.6	5.83	-0.0915	1.0	111115
446	"11:56:33"	1314.5	3.95	0.18	434	4.81	2.74	6	1	2.84	38.71	37.60	38.84	498.58	492.26	32.510	37.138	47.73	54.53	599.9	-0	1	101.6	5.83	-0.0915	1.0	111115
447	"11:56:34"	1316.0	4.04	0.18	434	4.81	2.74	6	1	2.84	38.70	37.59	38.84	498.65	492.24	32.496	37.128	47.73	54.54	600.0	-0	1	101.6	5.83	-0.0915	1.0	111115
448	"11:56:35"	1317.0	4.02	0.18	434	4.82	2.74	6	1	2.84	38.70	37.59	38.83	498.59	492.20	32.484	37.123	47.73	54.54	600.0	-0	1	101.6	5.83	-0.0915	1.0	111115
449	"11:56:36"	1317.5	4	0.181	434	4.82	2.74	6	1	2.84	38.70	37.59	38.83	498.58	492.20	32.478	37.123	47.72	54.55	600.0	-0	1	101.6	5.83	-0.0915	1.0	111115
450	"11:56:38"	1319.5	3.8	0.182	436	4.85	2.74	6	1	2.84	38.69	37.58	38.82	498.48	492.29	32.449	37.121	47.70	54.57	600.1	-0	1	101.6	5.83	-0.0915	1.0	111115
451	"11:56:39"	1320.5	3.7	0.182	437	4.86	2.73	6	1	2.84	38.68	37.57	38.81	498.44	492.34	32.438	37.115	47.70	54.58	600.1	-0	1	101.6	5.83	-0.0915	1.0	111115
452	"11:56:40"	1321.0	3.65	0.182	438	4.86	2.73	6	1	2.84	38.68	37.57	38.81	498.42	492.38	32.431	37.111	47.70	54.58	600.2	-0	1	101.6	5.83	-0.0915	1.0	111115
453	"11:56:41"	1323.0	3.73	0.183	437	4.87	2.73	6	1	2.84	38.67	37.56	38.80	498.47	492.35	32.413	37.102	47.70	54.59	600.1	-0	1	101.6	5.83	-0.0915	1.0	111115
454	"11:56:42"	1324.0	3.74	0.183	437	4.87	2.73	6	1	2.84	38.67	37.56	38.80	498.46	492.32	32.406	37.100	47.70	54.60	600.0	-0	1	101.6	5.83	-0.0915	1.0	111115
455	"11:56:44"	1325.5	3.77	0.184	437	4.88	2.73	6	1	2.84	38.66	37.55	38.79	498.50	492.32	32.397	37.098	47.70	54.62	599.9	-0	1	101.6	5.83	-0.0915	1.0	111115
456	"11:56:45"	1326.5	3.81	0.184	437	4.89	2.73	6	1	2.84	38.65	37.55	38.79	498.55	492.33	32.391	37.098	47.70	54.64	599.9	-0	1	101.6	5.83	-0.0915	1.0	111115
457	"11:56:46"	1328.0	3.87	0.185	436	4.9	2.73	6	1	2.84	38.65	37.54	38.78	498.61	492.33	32.382	37.098	47.71	54.66	600.0	-0	1	101.6	5.83	-0.0915	1.0	111115
458	"11:56:47"	1329.0	3.86	0.185	436	4.9	2.72	6	1	2.84	38.64	37.54	38.78	498.59	492.32	32.372	37.094	47.71	54.67	600.0	-0	1	101.6	5.83	-0.0915	1.0	111115
459	"11:56:48"	1329.5	3.81	0.185	437	4.91	2.72	6	1	2.84	38.64	37.53	38.77	498.56	492.33	32.369	37.093	47.71	54.67	600.0	-0	1	101.6	5.83	-0.0915	1.0	111115
460	"11:56:50"	1331.5	3.63	0.186	438	4.91	2.72	6	1	2.84	38.63	37.52	38.76	498.39	492.34	32.352	37.082	47.71	54.68	600.0	-0	1	101.6	5.83	-0.0915	1.0	111115
461	"11:56:51"	1332.0	3.61	0.186	439	4.92	2.72	6	1	2.84	38.63	37.52	38.76	498.38	492.36	32.348	37.082	47.71	54.69	600.0	-0	1	101.6	5.83	-0.0915	1.0	111115
462	"11:56:52"	1333.5	3.67	0.186	438	4.92	2.72	6	1	2.84	38.62	37.51	38.75	498.42	492.33	32.339	37.079	47.71	54.71	600.0	-0	1	101.6	5.83	-0.0915	1.0	111115
463	"11:56:53"	1335.0	3.61	0.187	439	4.94	2.71	6	1	2.84	38.61	37.49	38.75	498.44	492.39	32.326	37.080	47.71	54.73	600.0	-0	1	101.6	5.83	-0.0915	1.0	111115
464	"11:56:54"	1335.5	3.68	0.188	438	4.94	2.71	6	1	2.84	38.61	37.49	38.74	498.47	492.36	32.322	37.081	47.72	54.74	600.0	-0	1	101.6	5.83	-0.0915	1.0	111115
465	"11:56:55"	1337.0	3.63	0.188	439	4.95	2.71	6	1	2.84	38.60	37.48	38.74	498.45	492.38	32.308	37.077	47.71	54.76	600.0	-0	1	101.6	5.83	-0.0915	1.0	111115
466	"11:56:57"	1338.5	3.6	0.189	439	4.97	2.71	6	1	2.84	38.60	37.48	38.73	498.43	492.39	32.292	37.073	47.71	54.77	600.0	-0	1	101.6	5.83	-0.0915	1.0	111115
467	"11:56:58"	1339.5	3.67	0.189	439	4.98	2.71	6	1	2.84	38.59	37.48	38.72	498.46	492.33	32.280	37.072	47.70	54.78	600.0	-0	1	101.6	5.83	-0.0915	1.0	111115
468	"11:56:59"	1340.0	3.6	0.19	440	4.98	2.7	6	1	2.84	38.59	37.47	38.72	498.41	492.36	32.274	37.073	47.70	54.79	600.0	-0	1	101.6	5.83	-0.0915	1.0	111115
469	"11:57:00"	1341.0	3.62	0.19	439	4.99	2.7	6	1	2.84	38.58	37.47	38.72	498.42	492.35	32.264	37.067	47.70	54.80	600.0	-0	1	101.6	5.83	-0.0915	1.0	111115
470	"11:57:01"	1343.0	3.89	0.191	437	5	2.7	6	1	2.84	38.57	37.45	38.71	498.70	492.35	32.246	37.060	47.70	54.82	600.1	-0	1	101.6	5.83	-0.0915	1.0	111115
471	"11:57:03"	1344.5	4.4	0.192	433	5.01	2.69	6	1	2.84	38.57	37.44	38.70	499.20	492.34	32.231	37.058	47.69	54.84	600.1	-0	1	101.6	5.83	-0.0915	1.0	111115
472	"11:57:04"	1345.5	4.68	0.192	431	5.02	2.69	6	1	2.84	38.56	37.44	38.70	499.50	492.35	32.220	37.054	47.69	54.84	600.1	-0	1	101.6	5.83	-0.0915	1.0	111115
473	"11:57:05"	1347.0	4.91	0.192	429	5.03	2.69	6	1	2.84	38.55	37.44	38.69	499.80	492.42	32.204	37.050	47.68	54.86	600.1	-0	1	101.6	5.83	-0.0915	1.0	111115
474	"11:57:06"	1348.0	4.95	0.193	429	5.04	2.69	6	1	2.84	38.55	37.43	38.68	499.93	492.49	32.192	37.045	47.68	54.86	600.1	-0	1	101.6	5.83	-0.0915	1.0	111115
475	"11:57:07"	1348.5	5.05	0.193	428	5.04	2.69	6	1	2.84	38.55	37.43	38.68	499.99	492.46	32.187	37.041	47.68	54.86	600.0	-0	1	101.6	5.83	-0.0915	1.0	111115
476	"11:57:08"	1349.5	5.18	0.194	427	5.05	2.69	6	1	2.84	38.54	37.41	38.68	500.11	492.44	32.179	37.038	47.68	54.87	600.0	-0	1	101.6	5.83	-0.0915	1.0	111115
477	"11:57:10"	1351.5	5.38	0.194	425	5.06	2.68	6	1	2.84	38.53	37.41	38.67	500.29	492.42	32.159	37.030	47.67	54.89	600.0	-0	1	101.6	5.83	-0.0915	1.0	111115
478	"11:57:11"	1353.0	5.25	0.195	427	5.07	2.68	6	1	2.84	38.53	37.40	38.66	500.28	492.53	32.141	37.024	47.66	54.91	600.0	-0	1	101.6	5.83	-0.0915	1.0	111115
479	"11:57:12"	1354.0	5.2	0.195	427	5.08	2.68	6	1	2.84	38.52	37.40	38.65	500.31	492.61	32.132	37.019	47.66	54.91	600.0	-0	1	101.6	5.83	-0.0915	1.0	111115
480	"11:57:14"	1355.5	5.05	0.195	429	5.08	2.68	6	1	2.84	38.51	37.39	38.65	500.32	492.77	32.117	37.010	47.66	54.92	600.0	-0	1	101.6	5.83	-0.0915	1.0	111115
481	"11:57:15"	1356.5	4.93	0.196	430	5.08	2.68	6	1	2.84	38.51	37.38	38.64	500.30	492.87	32.107	37.004	47.66	54.93	600.0	-0	1	101.6	5.83	-0.0915	0.7	111115
482	"11:57:16"	1358.0	4.74	0.196	432	5.09	2.68	6	1	2.84	38.50	37.37	38.64	500.23	492.99	32.094	36.993	47.66	54.93	600.0	-0	1	101.6	5.83	-0.0915	0.7	111115
483	"11:57:17"	1359.0	4.62	0.196	433	5.09	2.67	6	1	2.84	38.50	37.36	38.63	500.18	493.05	32.087	36.984	47.66	54.93	600.0	-0	1	101.6	5.83	-0.0915	0.7	111115
484	"11:57:19"	1360.5	4.43	0.196	435	5.09	2.67	6	1	2.84	38.49	37.35	38.62	500.10	493.16	32.074	36.973	47.66	54.94	600.0	-0	1	101.6	5.83	-0.0915	0.7	111115
485	"11:57:20"	1361.5	4.44	0.197	435	5.09	2.67	6	1	2.84	38.48	37.35	38.62	500.16	493.21	32.067	36.970	47.66	54.95	600.0	-0	1	101.6	5.83	-0.0915	0.7	111115
486	"11:57:21"	1363.0	4.34	0.197	436	5.1	2.67	6	1	2.84	38.48	37.34	38.61	500.17	493.31	32.057	36.964	47.67	54.96	599.9	-0	1	101.6	5.83	-0.0915	0.7	111115
487	"11:57:22"	1364.0	4.39	0.197	435	5.1	2.67	6	1	2.84	38.47	37.34	38.61	500.22	493.32	32.051	36.966	47.67	54.98	599.9	-0	1	101.6	5.83	-0.0915	0.7	111115
488	"11:57:24"	1365.5	4.29	0.197	436	5.1	2.67	6	1	2.84	38.46	37.34	38.60	500.19	493.39	32.040	36.956	47.67	54.99	600.0	-0	1	101.6	5.83	-0.0915	0.7	111115
489	"11:57:25"	1366.5	4.16	0.198	437	5.11	2.67	6	1	2.84	38.46	37.33	38.60	500.15	493.47	32.030	36.954	47.67	55.00	600.0	-0	1	101.6	5.83	-0.0915	0.7	111115
490	"11:57:26"	1368.0	4.07	0.198	438	5.12	2.67	6	1	2.84	38.45	37.33	38.59	500.12	493.53	32.017	36.948	47.67	55.01	600.0	-0	1	101.6	5.83	-0.0915	0.7	111115
