"OPEN 5.3.2"
"Wed Aug  1 2018 13:27:58"
"Unit="	"PSC-895"
"ComputeList="	"/User/Configs/Comps/Default"
"BLCTable="	"/Sys/Lib/StdBLCTable"
"LightSource="	"Sun+Sky"	1	0.19
"LogFormat="	"/User/Configs/LogFormats/Std Output"
"LogCodes="	-35	-21	-36	30	23	36	21	25	-33	-34	-32	-9	-10	-8	-1	-2	-4	-5	-14	-15	-7	-12	-13	-11	-65	-66	-72	-23
"PromptList="	"/User/Configs/Prompts/Default (none)"
"Stability= (CO2S 15s SLP<1)(H2OS 15s SLP<1)(Flow 15s SLP<1)"
"13:28:25 atttachedhizt.matched pre.jar on."
$STARTOFDATA$
"Obs"	"HHMMSS"	"FTime"	"Photo"	"Cond"	"Ci"	"Trmmol"	"VpdL"	"Area"	"StmRat"	"BLCond"	"Tair"	"Tleaf"	"TBlk"	"CO2R"	"CO2S"	"H2OR"	"H2OS"	"RH_R"	"RH_S"	"Flow"	"PARi"	"PARo"	"Press"	"CsMch"	"HsMch"	"StableF"	"Status"
1	"13:30:22"	157.5	-2.41	0.0581	289	1.55	2.67	6	1	2.84	32.65	32.32	32.57	230.63	233.09	19.814	21.633	40.60	44.33	500.1	-0	74	101.5	2.8	-0.0235	0.3	111105
2	"13:30:23"	157.5	-2.41	0.0581	289	1.55	2.67	6	1	2.84	32.65	32.32	32.57	230.63	233.09	19.814	21.633	40.60	44.33	500.1	-0	74	101.5	2.8	-0.0235	0.3	111105
3	"13:30:24"	158.0	-2.23	0.061	281	1.62	2.66	6	1	2.84	32.65	32.32	32.57	230.77	233.00	19.819	21.721	40.61	44.51	500.1	-0	75	101.5	2.8	-0.0235	0.3	111105
4	"13:30:57"	192.5	4.02	0.096	155	2.42	2.55	6	1	2.84	32.69	32.35	32.61	237.78	232.28	20.064	22.898	41.03	46.82	500.0	-0	74	101.5	2.8	-0.0235	0.3	111105
5	"13:30:58"	193.5	4.97	0.0951	139	2.39	2.55	6	1	2.84	32.69	32.35	32.61	238.99	232.36	20.080	22.888	41.06	46.80	500.0	-0	75	101.5	2.8	-0.0235	0.7	111105
6	"13:31:00"	195.0	6.71	0.0932	107	2.35	2.55	6	1	2.84	32.69	32.35	32.61	241.20	232.49	20.133	22.888	41.17	46.80	500.0	-0	77	101.5	2.8	-0.0235	0.7	111105
7	"13:31:01"	196.0	8.05	0.0914	81.2	2.3	2.55	6	1	2.84	32.69	32.36	32.61	242.94	232.64	20.187	22.888	41.27	46.80	500.0	-0	77	101.5	2.8	-0.0235	0.7	111105
8	"13:31:02"	196.5	8.92	0.0901	63.9	2.27	2.55	6	1	2.84	32.69	32.36	32.61	244.09	232.75	20.222	22.888	41.34	46.79	500.0	-0	77	101.5	2.8	-0.0235	0.7	111105
9	"13:31:03"	197.5	10.1	0.0878	39.2	2.22	2.55	6	1	2.84	32.69	32.36	32.61	245.71	233.02	20.292	22.893	41.48	46.80	499.9	-0	78	101.5	2.8	-0.0235	0.7	111105
10	"13:31:04"	198.5	10.1	0.0865	36.4	2.19	2.55	6	1	2.84	32.69	32.36	32.61	246.07	233.35	20.337	22.900	41.57	46.81	499.9	-0	78	101.5	2.8	-0.0235	0.7	111105
11	"13:31:05"	199.5	9.33	0.0862	50.2	2.18	2.55	6	1	2.84	32.69	32.36	32.61	245.50	233.70	20.348	22.901	41.59	46.81	500.0	-0	77	101.5	2.8	-0.0235	0.7	111105
12	"13:31:07"	201.5	6.14	0.0897	115	2.26	2.55	6	1	2.84	32.70	32.36	32.62	242.42	234.40	20.256	22.910	41.40	46.83	500.0	-0	77	101.5	2.8	-0.0235	0.7	111105
13	"13:31:08"	203.0	3.71	0.0942	162	2.37	2.55	6	1	2.84	32.70	32.36	32.62	240.06	234.94	20.132	22.915	41.15	46.83	500.0	-0	78	101.5	2.8	-0.0235	0.7	111105
14	"13:31:09"	204.0	2.57	0.097	183	2.44	2.55	6	1	2.84	32.70	32.36	32.62	239.06	235.28	20.057	22.921	40.99	46.84	500.0	-0	78	101.5	2.8	-0.0235	0.7	111105
15	"13:31:10"	205.5	1.98	0.0995	194	2.5	2.55	6	1	2.84	32.70	32.37	32.62	238.76	235.68	19.990	22.924	40.85	46.85	500.0	-0	75	101.5	2.8	-0.0235	0.7	111105
16	"13:31:11"	206.5	2.18	0.1	191	2.51	2.55	6	1	2.84	32.70	32.36	32.62	239.21	235.88	19.976	22.923	40.82	46.84	500.0	-0	71	101.5	2.8	-0.0235	0.7	111105
17	"13:31:13"	208.0	2.84	0.0993	180	2.5	2.55	6	1	2.84	32.70	32.36	32.62	240.28	236.16	19.988	22.917	40.84	46.83	500.0	-0	68	101.5	2.8	-0.0235	0.7	111105
18	"13:31:14"	209.0	3.39	0.0984	171	2.48	2.55	6	1	2.84	32.70	32.36	32.62	241.08	236.31	20.007	22.910	40.88	46.81	499.9	-0	70	101.5	2.8	-0.0235	0.7	111105
19	"13:31:15"	210.5	4.23	0.0968	156	2.44	2.55	6	1	2.84	32.70	32.37	32.62	242.28	236.51	20.044	22.903	40.95	46.79	499.9	-0	76	101.5	2.8	-0.0235	0.7	111105
20	"13:31:16"	211.5	4.9	0.0956	144	2.41	2.55	6	1	2.84	32.70	32.37	32.63	243.16	236.59	20.073	22.897	41.01	46.78	499.9	-0	78	101.5	2.8	-0.0235	0.7	111105
21	"13:31:18"	213.0	5.41	0.0939	134	2.37	2.55	6	1	2.84	32.71	32.37	32.63	244.02	236.85	20.114	22.890	41.09	46.76	499.9	-0	78	101.5	2.8	-0.0235	0.7	111105
22	"13:31:19"	214.0	5.42	0.0928	133	2.34	2.55	6	1	2.84	32.71	32.37	32.63	244.19	237.02	20.135	22.882	41.13	46.74	500.0	-0	78	101.5	2.8	-0.0235	0.7	111105
23	"13:31:20"	215.5	4.3	0.0921	153	2.33	2.55	6	1	2.84	32.71	32.37	32.63	243.19	237.37	20.139	22.868	41.13	46.71	500.0	-0	78	101.5	2.8	-0.0235	0.7	111105
24	"13:31:21"	216.5	3.27	0.0922	171	2.33	2.55	6	1	2.84	32.71	32.37	32.63	242.16	237.57	20.128	22.860	41.11	46.69	500.0	-0	78	101.5	2.8	-0.0235	0.7	111105
25	"13:31:23"	218.0	2.18	0.0923	190	2.33	2.56	6	1	2.84	32.71	32.36	32.63	241.11	237.83	20.112	22.848	41.08	46.66	500.0	-0	78	101.5	2.8	-0.0235	0.7	111105
26	"13:31:24"	219.0	2.03	0.092	193	2.33	2.56	6	1	2.84	32.71	32.37	32.63	241.08	237.98	20.114	22.842	41.08	46.65	500.0	-0	78	101.5	2.8	-0.0235	0.7	111105
27	"13:31:25"	220.5	2.63	0.0909	182	2.3	2.56	6	1	2.84	32.71	32.37	32.63	242.00	238.19	20.140	22.836	41.13	46.63	500.0	-0	78	101.5	2.8	-0.0235	0.7	111105
28	"13:31:26"	221.5	3.51	0.0896	166	2.27	2.56	6	1	2.84	32.71	32.37	32.63	243.13	238.28	20.171	22.831	41.19	46.62	500.0	-0	78	101.5	2.8	-0.0235	0.7	111105
29	"13:31:28"	223.0	4.89	0.0875	139	2.22	2.56	6	1	2.84	32.71	32.37	32.64	244.91	238.41	20.222	22.823	41.29	46.60	500.0	-0	79	101.5	2.8	-0.0235	0.7	111105
30	"13:31:29"	224.0	5.44	0.0864	128	2.19	2.56	6	1	2.84	32.71	32.37	32.64	245.68	238.53	20.250	22.819	41.35	46.59	500.0	-0	79	101.5	2.8	-0.0235	0.7	111105
31	"13:31:30"	225.5	5.09	0.0853	133	2.17	2.56	6	1	2.84	32.71	32.37	32.64	245.52	238.79	20.272	22.812	41.39	46.58	500.0	-0	79	101.5	2.8	-0.0235	0.7	111105
32	"13:31:31"	226.5	3.85	0.0856	157	2.17	2.56	6	1	2.84	32.72	32.37	32.64	244.20	238.95	20.256	22.806	41.36	46.56	500.0	-0	79	101.5	2.8	-0.0235	0.7	111105
33	"13:31:33"	228.0	1.77	0.0876	197	2.22	2.56	6	1	2.84	32.72	32.37	32.64	241.92	239.17	20.199	22.807	41.24	46.56	500.0	-0	80	101.5	2.8	-0.0235	0.7	111105
34	"13:31:34"	229.0	0.124	0.0893	227	2.27	2.56	6	1	2.84	32.72	32.37	32.64	240.15	239.36	20.145	22.802	41.13	46.55	500.0	-0	80	101.5	2.8	-0.0235	0.7	111105
35	"13:31:35"	230.5	-1.37	0.0915	254	2.32	2.56	6	1	2.84	32.72	32.37	32.64	238.57	239.55	20.081	22.802	40.99	46.55	500.0	-0	80	101.5	2.8	-0.0235	0.7	111105
36	"13:31:36"	231.5	-1.98	0.0919	265	2.33	2.56	6	1	2.84	32.72	32.37	32.64	237.98	239.68	20.062	22.796	40.95	46.53	500.0	-0	80	101.5	2.8	-0.0235	0.7	111105
37	"13:31:38"	233.0	-2.41	0.0918	272	2.33	2.56	6	1	2.84	32.72	32.37	32.64	237.46	239.69	20.059	22.789	40.94	46.52	500.0	-0	80	101.5	2.8	-0.0235	0.7	111105
38	"13:31:39"	234.0	-2.6	0.0916	276	2.32	2.56	6	1	2.84	32.72	32.37	32.64	237.18	239.63	20.057	22.782	40.94	46.50	500.0	-0	80	101.5	2.8	-0.0235	0.7	111105
39	"13:31:40"	235.5	-2.94	0.0922	281	2.34	2.57	6	1	2.84	32.72	32.38	32.65	236.67	239.52	20.028	22.772	40.88	46.48	500.0	-0	79	101.5	2.8	-0.0235	0.7	111105
40	"13:31:41"	236.5	-3.11	0.0935	283	2.37	2.57	6	1	2.84	32.72	32.38	32.65	236.36	239.41	19.984	22.766	40.79	46.46	500.0	-0	79	101.5	2.8	-0.0235	0.7	111105
41	"13:31:43"	238.0	-3.35	0.096	286	2.44	2.57	6	1	2.84	32.72	32.38	32.65	235.94	239.25	19.899	22.756	40.61	46.44	500.0	-0	79	101.5	2.8	-0.0235	0.7	111105
42	"13:31:44"	239.0	-3.31	0.0974	284	2.47	2.57	6	1	2.84	32.72	32.38	32.65	235.83	239.09	19.853	22.750	40.51	46.42	500.0	-0	79	101.5	2.8	-0.0235	0.7	111105
43	"13:31:45"	240.5	-3.28	0.0977	283	2.48	2.57	6	1	2.84	32.73	32.38	32.65	235.63	238.85	19.819	22.727	40.44	46.37	500.0	-0	79	101.5	2.8	-0.0235	0.7	111105
44	"13:31:46"	241.5	-3.33	0.0973	284	2.47	2.57	6	1	2.84	32.73	32.38	32.65	235.39	238.68	19.814	22.712	40.43	46.34	500.0	-0	79	101.5	2.8	-0.0235	1.0	111105
45	"13:31:48"	243.0	-4	0.097	295	2.47	2.58	6	1	2.84	32.73	32.38	32.65	234.31	238.41	19.792	22.687	40.38	46.29	500.0	-0	79	101.5	2.8	-0.0235	1.0	111105
46	"13:31:49"	244.0	-4.61	0.0978	305	2.49	2.58	6	1	2.84	32.73	32.38	32.65	233.39	238.21	19.759	22.676	40.31	46.26	500.0	-0	79	101.5	2.8	-0.0235	0.7	111105
47	"13:31:50"	245.5	-5.36	0.0991	316	2.52	2.58	6	1	2.84	32.73	32.38	32.65	232.19	237.91	19.698	22.656	40.19	46.22	500.0	-0	79	101.5	2.8	-0.0235	0.7	111105
48	"13:31:51"	246.0	-5.43	0.0993	316	2.53	2.58	6	1	2.84	32.73	32.38	32.65	232.00	237.79	19.684	22.650	40.16	46.21	500.0	-0	79	101.5	2.8	-0.0235	0.7	111105
49	"13:31:53"	248.0	-5.11	0.0981	312	2.5	2.58	6	1	2.84	32.73	32.38	32.66	231.94	237.36	19.679	22.615	40.14	46.13	500.0	-0	79	101.5	2.8	-0.0235	0.7	111105
50	"13:31:54"	249.0	-4.78	0.0968	307	2.47	2.59	6	1	2.84	32.73	32.38	32.66	232.07	237.10	19.696	22.597	40.18	46.09	500.0	-0	79	101.5	2.8	-0.0235	0.7	111105
51	"13:31:55"	250.5	-4.49	0.0949	303	2.43	2.59	6	1	2.84	32.73	32.39	32.66	232.05	236.75	19.725	22.574	40.23	46.04	500.0	-0	79	101.5	2.8	-0.0235	0.7	111105
52	"13:31:56"	251.5	-4.35	0.0937	301	2.4	2.59	6	1	2.84	32.73	32.39	32.66	231.94	236.48	19.738	22.554	40.26	46.00	500.0	-0	79	101.5	2.8	-0.0235	0.7	111105
53	"13:31:58"	253.0	-4.18	0.0922	299	2.37	2.59	6	1	2.84	32.73	32.39	32.66	231.81	236.15	19.756	22.532	40.29	45.95	499.9	-0	78	101.5	2.8	-0.0235	0.7	111105
54	"13:31:59"	254.0	-3.93	0.0913	295	2.34	2.6	6	1	2.84	32.74	32.39	32.66	231.85	235.91	19.768	22.517	40.31	45.92	499.9	-0	78	101.5	2.8	-0.0235	0.7	111105
55	"13:32:00"	255.5	-3.2	0.0891	284	2.29	2.6	6	1	2.84	32.74	32.39	32.66	232.39	235.58	19.803	22.493	40.38	45.87	499.9	-0	78	101.5	2.8	-0.0235	0.7	111105
56	"13:32:01"	256.5	-2.46	0.0873	271	2.25	2.6	6	1	2.84	32.74	32.39	32.66	233.01	235.33	19.839	22.478	40.45	45.83	499.9	-0	78	101.5	2.8	-0.0235	0.7	111105
57	"13:32:03"	258.0	-1.29	0.0842	250	2.17	2.6	6	1	2.84	32.74	32.39	32.67	234.09	235.02	19.910	22.460	40.59	45.79	500.0	-0	78	101.5	2.8	-0.0235	0.7	111105
58	"13:32:04"	258.5	-0.967	0.0832	244	2.15	2.6	6	1	2.84	32.74	32.39	32.67	234.37	234.93	19.934	22.455	40.64	45.78	500.0	-0	78	101.5	2.8	-0.0235	0.7	111105
59	"13:32:05"	260.5	-0.472	0.0805	234	2.08	2.61	6	1	2.84	32.74	32.40	32.67	234.61	234.59	19.996	22.440	40.76	45.74	500.0	-0	78	101.5	2.8	-0.0235	0.7	111105
60	"13:32:06"	261.5	-0.544	0.08	236	2.07	2.61	6	1	2.84	32.74	32.40	32.67	234.39	234.46	20.003	22.433	40.77	45.73	500.0	-0	78	101.5	2.8	-0.0235	0.7	111105
61	"13:32:08"	263.0	-0.645	0.0799	238	2.07	2.61	6	1	2.84	32.74	32.40	32.67	234.16	234.35	19.999	22.427	40.76	45.71	499.9	-0	78	101.5	2.8	-0.0235	0.7	111105
62	"13:32:09"	264.0	-0.619	0.0795	237	2.06	2.61	6	1	2.84	32.75	32.40	32.67	234.14	234.30	20.003	22.421	40.77	45.70	500.0	-0	78	101.5	2.8	-0.0235	0.7	111105
63	"13:32:10"	265.5	-0.798	0.0793	241	2.06	2.61	6	1	2.84	32.75	32.40	32.67	233.88	234.26	20.004	22.417	40.77	45.69	499.9	-0	78	101.5	2.8	-0.0235	0.7	111105
64	"13:32:11"	266.5	-0.888	0.0792	242	2.05	2.61	6	1	2.84	32.75	32.40	32.67	233.70	234.19	19.999	22.410	40.75	45.67	500.0	-0	78	101.5	2.8	-0.0235	0.7	111105
65	"13:32:13"	268.0	-1.03	0.0797	245	2.07	2.61	6	1	2.84	32.75	32.40	32.68	233.50	234.15	19.977	22.403	40.71	45.65	500.0	-0	78	101.5	2.8	-0.0235	0.7	111105
66	"13:32:14"	269.0	-0.797	0.0799	240	2.07	2.61	6	1	2.84	32.75	32.40	32.68	233.67	234.04	19.967	22.399	40.68	45.64	500.0	-0	78	101.5	2.8	-0.0235	0.7	111105
67	"13:32:15"	270.5	-0.475	0.0797	234	2.07	2.61	6	1	2.84	32.75	32.41	32.68	234.04	234.03	19.970	22.396	40.69	45.63	500.0	-0	78	101.5	2.8	-0.0235	0.7	111105
68	"13:32:16"	271.5	-0.23	0.0792	229	2.06	2.61	6	1	2.84	32.75	32.41	32.68	234.24	233.94	19.981	22.394	40.71	45.62	500.0	-0	78	101.5	2.8	-0.0235	0.7	111105
69	"13:32:18"	273.0	-0.202	0.0786	228	2.04	2.61	6	1	2.84	32.76	32.41	32.68	234.25	233.92	19.996	22.392	40.73	45.61	500.0	-0	79	101.5	2.8	-0.0235	0.7	111105
70	"13:32:19"	274.0	-0.308	0.0783	230	2.03	2.62	6	1	2.84	32.76	32.41	32.68	234.06	233.85	19.998	22.385	40.73	45.60	500.0	-0	79	101.5	2.8	-0.0235	0.7	111105
71	"13:32:20"	275.5	-0.908	0.0788	243	2.05	2.62	6	1	2.84	32.76	32.41	32.68	233.37	233.88	19.977	22.381	40.69	45.58	499.9	-0	76	101.5	2.8	-0.0235	0.7	111105
72	"13:32:21"	276.5	-1.4	0.0797	252	2.07	2.62	6	1	2.84	32.76	32.42	32.68	232.75	233.85	19.944	22.375	40.62	45.57	500.0	-0	74	101.5	2.8	-0.0235	0.7	111105
73	"13:32:23"	278.0	-2.03	0.0812	264	2.11	2.62	6	1	2.84	32.76	32.42	32.69	231.93	233.77	19.891	22.367	40.50	45.55	500.0	-0	73	101.5	2.8	-0.0235	0.7	111105
74	"13:32:24"	279.0	-2.21	0.0819	267	2.13	2.62	6	1	2.84	32.76	32.42	32.69	231.69	233.74	19.865	22.364	40.45	45.54	500.0	-0	74	101.5	2.8	-0.0235	0.7	111105
75	"13:32:25"	280.5	-1.69	0.0815	257	2.12	2.62	6	1	2.84	32.76	32.42	32.69	232.23	233.66	19.866	22.354	40.45	45.51	500.0	-0	76	101.5	2.8	-0.0235	0.7	111105
76	"13:32:26"	281.5	-1.19	0.0804	248	2.1	2.62	6	1	2.84	32.77	32.43	32.69	232.82	233.67	19.890	22.348	40.49	45.50	500.0	-0	76	101.5	2.8	-0.0235	0.7	111105
77	"13:32:28"	283.0	-0.775	0.0788	240	2.06	2.62	6	1	2.84	32.77	32.43	32.69	233.24	233.59	19.928	22.340	40.57	45.48	500.0	-0	75	101.5	2.8	-0.0235	0.7	111105
78	"13:32:29"	284.0	-0.906	0.0782	242	2.04	2.62	6	1	2.84	32.77	32.43	32.69	232.98	233.49	19.939	22.331	40.59	45.46	500.0	-0	74	101.5	2.8	-0.0235	0.7	111105
79	"13:32:30"	285.5	-1.54	0.0784	255	2.04	2.63	6	1	2.84	32.77	32.43	32.70	232.05	233.32	19.921	22.319	40.55	45.43	500.0	-0	74	101.5	2.8	-0.0235	0.7	111105
80	"13:32:31"	286.5	-1.97	0.0789	264	2.06	2.63	6	1	2.84	32.77	32.43	32.70	231.41	233.20	19.895	22.311	40.49	45.41	500.0	-0	74	101.5	2.8	-0.0235	0.7	111105
81	"13:32:33"	288.0	-2.32	0.0799	270	2.08	2.63	6	1	2.84	32.77	32.43	32.70	230.91	233.11	19.854	22.300	40.40	45.38	500.0	-0	76	101.5	2.8	-0.0235	0.7	111105
82	"13:32:34"	289.0	-2.2	0.08	267	2.09	2.63	6	1	2.84	32.77	32.43	32.70	230.98	233.03	19.844	22.295	40.38	45.37	500.0	-0	77	101.5	2.8	-0.0235	0.7	111105
83	"13:32:35"	290.5	-1.66	0.0783	257	2.05	2.63	6	1	2.84	32.78	32.43	32.70	231.47	232.89	19.884	22.285	40.46	45.34	500.0	-0	79	101.5	2.8	-0.0235	0.7	111105
84	"13:32:36"	291.5	-1.39	0.0759	252	1.99	2.63	6	1	2.84	32.78	32.43	32.70	231.64	232.75	19.947	22.279	40.58	45.33	500.0	-0	79	101.5	2.8	-0.0235	0.7	111105
85	"13:32:38"	293.0	-1.54	0.072	257	1.89	2.63	6	1	2.84	32.78	32.43	32.70	231.34	232.67	20.056	22.269	40.80	45.30	499.9	-0	80	101.5	2.8	-0.0235	0.7	111105
86	"13:32:39"	294.0	-1.62	0.0696	260	1.83	2.63	6	1	2.84	32.78	32.43	32.70	231.13	232.57	20.115	22.258	40.92	45.28	499.9	-0	80	101.5	2.8	-0.0235	0.7	111105
87	"13:32:40"	295.5	-1.33	0.0673	254	1.77	2.63	6	1	2.84	32.78	32.43	32.71	231.34	232.44	20.178	22.252	41.04	45.26	500.0	-0	80	101.5	2.8	-0.0235	0.7	111105
88	"13:32:41"	296.5	-0.78	0.0661	241	1.74	2.63	6	1	2.84	32.78	32.43	32.71	231.87	232.33	20.212	22.251	41.11	45.26	500.1	-0	80	101.5	2.8	-0.0235	0.7	111105
89	"13:32:43"	298.0	0.123	0.0648	219	1.7	2.63	6	1	2.84	32.78	32.44	32.71	232.82	232.20	20.259	22.258	41.20	45.27	500.1	-0	80	101.5	2.8	-0.0235	0.7	111105
90	"13:32:44"	299.0	0.591	0.0639	208	1.68	2.63	6	1	2.84	32.78	32.44	32.71	233.30	232.12	20.286	22.259	41.26	45.27	500.1	-0	80	101.5	2.8	-0.0235	0.7	111105
91	"13:32:45"	300.5	0.69	0.0633	205	1.66	2.63	6	1	2.84	32.79	32.44	32.71	233.39	232.10	20.308	22.262	41.30	45.27	500.0	-0	80	101.5	2.8	-0.0235	0.7	111105
92	"13:32:46"	301.5	0.589	0.0632	207	1.66	2.63	6	1	2.84	32.79	32.44	32.71	233.23	232.06	20.311	22.263	41.30	45.27	500.0	-0	79	101.5	2.8	-0.0235	0.7	111105
93	"13:32:48"	303.0	0.323	0.0635	214	1.67	2.64	6	1	2.84	32.79	32.44	32.71	232.92	232.06	20.305	22.267	41.28	45.27	500.0	-0	77	101.5	2.8	-0.0235	0.7	111105
94	"13:32:49"	304.0	0.436	0.0638	211	1.68	2.64	6	1	2.84	32.79	32.44	32.72	232.98	231.99	20.301	22.271	41.27	45.28	500.0	-0	77	101.5	2.8	-0.0235	0.7	111105
95	"13:32:50"	305.5	0.847	0.0637	201	1.68	2.64	6	1	2.84	32.79	32.44	32.72	233.53	232.04	20.312	22.277	41.29	45.29	500.0	-0	78	101.5	2.8	-0.0235	0.7	111105
96	"13:32:51"	306.5	1.33	0.0631	189	1.66	2.63	6	1	2.84	32.79	32.44	32.72	234.11	232.05	20.332	22.281	41.33	45.29	500.0	-0	79	101.5	2.8	-0.0235	0.7	111105
97	"13:32:53"	308.0	2.29	0.0614	163	1.62	2.63	6	1	2.84	32.79	32.45	32.72	235.27	232.07	20.391	22.288	41.45	45.30	499.9	-0	80	101.5	2.8	-0.0235	0.7	111105
98	"13:32:54"	309.0	2.82	0.0599	147	1.58	2.63	6	1	2.84	32.80	32.45	32.72	235.91	232.08	20.445	22.296	41.55	45.32	499.9	-0	79	101.5	2.8	-0.0235	0.7	111105
99	"13:32:55"	310.5	3.29	0.0574	131	1.51	2.63	6	1	2.84	32.80	32.45	32.72	236.49	232.12	20.528	22.303	41.72	45.32	499.9	-0	80	101.5	2.8	-0.0235	0.7	111105
100	"13:32:56"	311.5	3.46	0.056	124	1.48	2.63	6	1	2.84	32.80	32.45	32.72	236.77	232.21	20.572	22.304	41.80	45.32	500.0	-0	80	101.5	2.8	-0.0235	0.7	111105
101	"13:32:58"	312.0	3.61	0.0556	119	1.46	2.63	6	1	2.84	32.80	32.45	32.72	237.01	232.26	20.590	22.309	41.84	45.33	500.0	-0	80	101.5	2.8	-0.0235	1.0	111105
102	"13:32:59"	314.0	4.01	0.055	107	1.45	2.63	6	1	2.84	32.80	32.45	32.73	237.73	232.51	20.621	22.324	41.90	45.36	500.0	-0	80	101.5	2.8	-0.0235	1.0	111105
103	"13:33:00"	315.0	3.84	0.0555	113	1.46	2.63	6	1	2.84	32.80	32.45	32.73	237.66	232.63	20.615	22.333	41.88	45.37	500.0	-0	80	101.5	2.8	-0.0235	1.0	111105
104	"13:33:01"	316.5	2.56	0.0573	152	1.51	2.63	6	1	2.84	32.80	32.45	32.73	236.36	232.87	20.576	22.347	41.80	45.40	500.0	-0	81	101.5	2.8	-0.0235	0.7	111105
105	"13:33:02"	317.5	1.48	0.0587	183	1.54	2.63	6	1	2.84	32.80	32.45	32.73	235.23	233.03	20.545	22.356	41.73	45.41	500.0	-0	81	101.5	2.8	-0.0235	0.7	111105
106	"13:33:04"	319.0	0.3	0.0599	215	1.58	2.63	6	1	2.84	32.81	32.46	32.73	234.03	233.23	20.516	22.365	41.67	45.43	500.0	-0	81	101.5	2.8	-0.0235	0.7	111105
107	"13:33:05"	320.0	-0.0229	0.0602	224	1.58	2.63	6	1	2.84	32.81	32.46	32.73	233.75	233.34	20.516	22.372	41.67	45.44	500.0	-0	81	101.5	2.8	-0.0235	0.7	111105
108	"13:33:06"	321.5	0.129	0.0606	220	1.59	2.63	6	1	2.84	32.81	32.46	32.73	233.99	233.39	20.512	22.380	41.66	45.45	500.0	-0	81	101.5	2.8	-0.0235	0.7	111105
109	"13:33:07"	322.5	0.751	0.0615	204	1.62	2.63	6	1	2.84	32.81	32.46	32.74	234.77	233.41	20.489	22.386	41.61	45.46	499.9	-0	81	101.5	2.8	-0.0235	0.7	111105
110	"13:33:09"	324.0	1.88	0.0635	176	1.67	2.63	6	1	2.84	32.81	32.46	32.74	236.20	233.48	20.438	22.395	41.50	45.47	499.9	-0	81	101.5	2.8	-0.0235	0.7	111105
111	"13:33:10"	324.5	2.25	0.0642	168	1.69	2.63	6	1	2.84	32.81	32.46	32.74	236.66	233.49	20.420	22.398	41.46	45.47	500.0	-0	82	101.5	2.8	-0.0235	0.7	111105
112	"13:33:11"	325.5	2.71	0.0653	158	1.71	2.63	6	1	2.84	32.82	32.47	32.74	237.25	233.53	20.390	22.402	41.39	45.48	500.0	-0	82	101.5	2.8	-0.0235	0.7	111105
113	"13:33:12"	326.5	2.8	0.0661	156	1.73	2.63	6	1	2.84	32.82	32.46	32.74	237.42	233.57	20.367	22.401	41.35	45.48	500.0	-0	82	101.5	2.8	-0.0235	0.7	111105
114	"13:33:13"	328.5	2.86	0.0669	156	1.75	2.63	6	1	2.84	32.82	32.46	32.74	237.62	233.69	20.347	22.405	41.30	45.48	500.0	-0	82	101.5	2.8	-0.0235	0.7	111105
115	"13:33:15"	330.0	3	0.067	153	1.76	2.63	6	1	2.84	32.82	32.46	32.74	237.91	233.82	20.346	22.406	41.30	45.48	499.9	-0	82	101.5	2.8	-0.0235	0.7	111105
116	"13:33:16"	331.0	3.03	0.0669	152	1.75	2.63	6	1	2.84	32.82	32.46	32.74	238.05	233.92	20.347	22.405	41.30	45.47	499.9	-0	82	101.5	2.8	-0.0235	0.7	111105
117	"13:33:17"	332.5	2.99	0.0668	153	1.75	2.63	6	1	2.84	32.82	32.47	32.75	238.15	234.07	20.343	22.398	41.29	45.46	499.9	-0	81	101.5	2.8	-0.0235	0.7	111105
118	"13:33:18"	333.5	2.89	0.0668	155	1.75	2.63	6	1	2.84	32.82	32.47	32.75	238.15	234.19	20.336	22.394	41.27	45.44	499.9	-0	81	101.5	2.8	-0.0235	0.7	111105
119	"13:33:20"	335.0	2.56	0.067	164	1.76	2.63	6	1	2.84	32.82	32.47	32.75	237.96	234.39	20.326	22.390	41.25	45.43	499.9	-0	82	101.5	2.8	-0.0235	0.7	111105
120	"13:33:21"	336.0	2.4	0.0672	168	1.76	2.63	6	1	2.84	32.82	32.47	32.75	237.92	234.54	20.317	22.387	41.23	45.43	500.0	-0	82	101.5	2.8	-0.0235	0.7	111105
121	"13:33:22"	337.5	2.52	0.0675	165	1.77	2.63	6	1	2.84	32.83	32.47	32.75	238.17	234.64	20.303	22.381	41.19	45.41	500.0	-0	82	101.5	2.8	-0.0235	0.7	111105
122	"13:33:23"	338.5	2.57	0.0676	164	1.78	2.63	6	1	2.84	32.83	32.47	32.75	238.30	234.72	20.294	22.377	41.17	45.40	500.0	-0	82	101.5	2.8	-0.0235	0.7	111105
123	"13:33:25"	340.0	2.09	0.0684	176	1.79	2.63	6	1	2.84	32.83	32.47	32.75	237.86	234.85	20.268	22.374	41.12	45.39	500.0	-0	82	101.5	2.8	-0.0235	0.7	111105
124	"13:33:26"	341.0	1.53	0.0691	190	1.81	2.63	6	1	2.84	32.83	32.47	32.75	237.33	234.98	20.243	22.372	41.07	45.39	500.0	-0	82	101.5	2.8	-0.0235	0.7	111105
125	"13:33:27"	342.5	0.873	0.0703	205	1.85	2.64	6	1	2.84	32.83	32.48	32.76	236.68	235.12	20.202	22.368	40.98	45.38	500.0	-0	82	101.5	2.8	-0.0235	0.7	111105
126	"13:33:28"	343.5	0.605	0.0709	212	1.86	2.64	6	1	2.84	32.83	32.48	32.76	236.41	235.16	20.177	22.361	40.93	45.36	500.0	-0	82	101.5	2.8	-0.0235	0.7	111105
127	"13:33:30"	345.0	0.391	0.0713	217	1.87	2.64	6	1	2.84	32.83	32.48	32.76	236.23	235.23	20.150	22.348	40.87	45.33	499.9	-0	82	101.5	2.8	-0.0235	0.7	111105
128	"13:33:31"	346.0	0.385	0.0712	217	1.87	2.64	6	1	2.84	32.83	32.48	32.76	236.27	235.28	20.144	22.341	40.86	45.31	500.0	-0	82	101.5	2.8	-0.0235	0.7	111105
129	"13:33:32"	347.5	0.408	0.0703	216	1.85	2.64	6	1	2.84	32.83	32.48	32.76	236.33	235.31	20.159	22.328	40.88	45.28	499.9	-0	82	101.5	2.8	-0.0235	0.7	111105
130	"13:33:33"	348.5	0.272	0.0697	219	1.83	2.64	6	1	2.84	32.83	32.48	32.76	236.13	235.28	20.168	22.321	40.90	45.26	499.9	-0	82	101.5	2.8	-0.0235	0.7	111105
131	"13:33:35"	350.0	-0.326	0.0692	233	1.82	2.64	6	1	2.84	32.84	32.49	32.76	235.44	235.31	20.173	22.313	40.91	45.25	500.0	-0	82	101.5	2.8	-0.0235	0.7	111105
132	"13:33:36"	350.5	-0.586	0.0692	239	1.82	2.64	6	1	2.84	32.84	32.49	32.76	235.14	235.33	20.171	22.310	40.90	45.24	500.0	-0	82	101.5	2.8	-0.0235	0.7	111105
133	"13:33:37"	352.5	-1.59	0.0691	262	1.82	2.64	6	1	2.84	32.84	32.48	32.77	233.93	235.33	20.159	22.298	40.87	45.21	500.0	-0	82	101.5	2.8	-0.0235	0.7	111105
134	"13:33:38"	353.5	-2.13	0.0691	275	1.82	2.64	6	1	2.84	32.84	32.48	32.77	233.24	235.28	20.153	22.291	40.86	45.19	500.0	-0	82	101.5	2.8	-0.0235	0.7	111105
135	"13:33:40"	355.0	-2.8	0.069	290	1.82	2.65	6	1	2.84	32.84	32.49	32.77	232.37	235.22	20.146	22.282	40.84	45.17	500.0	-0	81	101.5	2.8	-0.0235	0.7	111105
136	"13:33:41"	356.0	-2.61	0.0684	286	1.81	2.65	6	1	2.84	32.84	32.49	32.77	232.49	235.11	20.151	22.272	40.85	45.15	499.9	-0	81	101.5	2.8	-0.0235	0.7	111105
137	"13:33:42"	357.5	-1.88	0.0669	270	1.77	2.65	6	1	2.84	32.84	32.49	32.77	233.21	234.96	20.189	22.264	40.92	45.13	499.9	-0	81	101.5	2.8	-0.0235	1.0	111105
138	"13:33:43"	358.5	-1.42	0.0652	260	1.73	2.65	6	1	2.84	32.84	32.49	32.77	233.62	234.83	20.231	22.256	41.00	45.11	500.0	-0	82	101.5	2.8	-0.0235	1.0	111105
139	"13:33:45"	360.0	-1.33	0.0625	259	1.66	2.65	6	1	2.84	32.85	32.49	32.77	233.52	234.65	20.303	22.246	41.15	45.08	500.0	-0	82	101.5	2.8	-0.0235	1.0	111105
140	"13:33:46"	361.0	-1.66	0.0611	268	1.62	2.65	6	1	2.84	32.85	32.49	32.77	232.98	234.53	20.345	22.245	41.23	45.08	500.0	-0	81	101.5	2.8	-0.0235	0.7	111105
141	"13:33:47"	362.5	-2.33	0.0599	287	1.59	2.65	6	1	2.84	32.85	32.50	32.78	232.09	234.44	20.374	22.238	41.28	45.06	500.0	-0	81	101.5	2.8	-0.0235	0.7	111105
142	"13:33:48"	363.5	-2.78	0.0601	298	1.6	2.65	6	1	2.84	32.85	32.50	32.78	231.49	234.38	20.361	22.234	41.25	45.05	500.0	-0	81	101.5	2.8	-0.0235	0.7	111105
143	"13:33:50"	365.0	-3.33	0.0621	310	1.65	2.66	6	1	2.84	32.85	32.50	32.78	230.70	234.23	20.296	22.229	41.12	45.04	500.0	-0	81	101.5	2.8	-0.0235	0.7	111105
144	"13:33:51"	366.0	-3.46	0.0642	310	1.7	2.65	6	1	2.84	32.85	32.50	32.78	230.37	234.05	20.235	22.231	40.99	45.04	500.0	-0	81	101.5	2.8	-0.0235	0.7	111105
145	"13:33:52"	367.5	-3.45	0.0667	307	1.77	2.65	6	1	2.84	32.86	32.50	32.78	230.17	233.82	20.159	22.232	40.83	45.03	500.0	-0	81	101.5	2.8	-0.0235	0.7	111105
146	"13:33:53"	368.5	-3.24	0.0673	301	1.78	2.66	6	1	2.84	32.86	32.50	32.78	230.26	233.65	20.135	22.228	40.78	45.02	500.0	-0	82	101.5	2.8	-0.0235	0.7	111105
147	"13:33:55"	370.0	-2.92	0.0668	293	1.77	2.66	6	1	2.84	32.86	32.50	32.78	230.45	233.46	20.147	22.226	40.81	45.02	500.0	-0	82	101.5	2.8	-0.0235	0.7	111105
148	"13:33:56"	371.0	-2.77	0.066	291	1.75	2.66	6	1	2.84	32.86	32.51	32.79	230.43	233.27	20.171	22.224	40.85	45.01	500.0	-0	82	101.5	2.8	-0.0235	0.7	111105
149	"13:33:57"	371.5	-2.78	0.0655	291	1.74	2.66	6	1	2.84	32.86	32.51	32.79	230.33	233.18	20.182	22.221	40.87	45.00	500.0	-0	82	101.5	2.8	-0.0235	0.7	111105
