"OPEN 5.3.2"
"Fri Aug  3 2018 08:02:25"
"Unit="	"PSC-895"
"ComputeList="	"/User/Configs/Comps/Default"
"BLCTable="	"/Sys/Lib/StdBLCTable"
"LightSource="	"Sun+Sky"	1	0.19
"LogFormat="	"/User/Configs/LogFormats/Std Output"
"LogCodes="	-35	-21	-36	30	23	36	21	25	-33	-34	-32	-9	-10	-8	-1	-2	-4	-5	-14	-15	-7	-12	-13	-11	-65	-66	-72	-23
"PromptList="	"/User/Configs/Prompts/Default (none)"
"Stability= (CO2S 15s SLP<1)(H2OS 15s SLP<1)(Flow 15s SLP<1)"
"08:02:28 co2 500 flow 600. note; fineroots-15 is fineroot-16"
$STARTOFDATA$
"Obs"	"HHMMSS"	"FTime"	"Photo"	"Cond"	"Ci"	"Trmmol"	"VpdL"	"Area"	"StmRat"	"BLCond"	"Tair"	"Tleaf"	"TBlk"	"CO2R"	"CO2S"	"H2OR"	"H2OS"	"RH_R"	"RH_S"	"Flow"	"PARi"	"PARo"	"Press"	"CsMch"	"HsMch"	"StableF"	"Status"
1	"08:05:44"	234.0	-24.2	1.35	537	20.3	2.19	6	1	2.84	30.10	29.85	30.00	501.08	514.77	0.052	19.994	0.12	47.50	599.9	0	51	101.8	1.97	-0.101	0.0	111115
2	"08:05:45"	235.0	-24.5	1.35	538	20.3	2.19	6	1	2.84	30.10	29.86	30.00	500.90	514.90	0.051	19.989	0.12	47.49	599.9	0	67	101.8	1.97	-0.101	0.7	111115
3	"08:05:46"	236.0	-24.5	1.35	538	20.3	2.19	6	1	2.84	30.10	29.86	30.00	500.90	514.90	0.051	19.979	0.12	47.47	599.9	0	85	101.8	1.97	-0.101	1.0	111115
4	"08:05:48"	237.5	-24.4	1.35	538	20.3	2.19	6	1	2.84	30.10	29.86	30.00	500.94	514.87	0.051	19.958	0.12	47.41	599.9	-0	108	101.8	1.97	-0.101	1.0	111115
5	"08:05:49"	238.5	-24.3	1.34	538	20.3	2.2	6	1	2.84	30.10	29.86	30.00	501.02	514.90	0.050	19.938	0.12	47.36	599.9	-0	127	101.8	1.97	-0.101	1.0	111115
6	"08:05:50"	239.5	-24.3	1.34	538	20.3	2.2	6	1	2.84	30.11	29.86	30.01	501.07	514.90	0.050	19.918	0.12	47.31	599.9	-0	135	101.8	1.97	-0.101	1.0	111115
7	"08:05:51"	241.0	-24.2	1.33	538	20.2	2.2	6	1	2.84	30.11	29.86	30.01	501.11	514.91	0.048	19.887	0.12	47.23	600.0	-0	136	101.8	1.97	-0.101	1.0	111115
8	"08:05:52"	242.0	-24.3	1.33	538	20.2	2.2	6	1	2.84	30.11	29.86	30.01	501.09	514.95	0.048	19.868	0.11	47.18	599.9	-0	136	101.8	1.97	-0.101	1.0	111115
9	"08:05:54"	243.0	-24.2	1.32	538	20.2	2.21	6	1	2.84	30.11	29.86	30.01	501.08	514.93	0.047	19.847	0.11	47.13	599.9	-0	137	101.8	1.97	-0.101	0.7	111115
10	"08:05:55"	244.5	-24.2	1.32	538	20.2	2.21	6	1	2.84	30.11	29.86	30.02	501.09	514.91	0.047	19.817	0.11	47.05	600.0	-0	139	101.8	1.97	-0.101	0.7	111115
11	"08:05:56"	245.5	-24.2	1.32	538	20.2	2.21	6	1	2.84	30.11	29.86	30.02	501.06	514.90	0.046	19.801	0.11	47.00	600.0	-0	140	101.8	1.97	-0.101	0.7	111115
12	"08:05:57"	247.0	-24.1	1.31	538	20.1	2.21	6	1	2.84	30.12	29.86	30.02	501.16	514.92	0.046	19.773	0.11	46.93	599.9	-0	140	101.8	1.97	-0.101	0.7	111115
13	"08:05:58"	248.0	-24.1	1.31	538	20.1	2.22	6	1	2.84	30.12	29.87	30.02	501.18	514.94	0.045	19.751	0.11	46.87	599.9	-0	139	101.8	1.97	-0.101	0.7	111115
14	"08:06:00"	249.0	-24.1	1.3	538	20.1	2.22	6	1	2.84	30.12	29.87	30.02	501.19	514.95	0.044	19.734	0.11	46.83	599.9	-0	138	101.8	1.97	-0.101	0.7	111115
15	"08:06:01"	250.5	-24.1	1.3	538	20.1	2.22	6	1	2.84	30.12	29.87	30.03	501.20	515.01	0.043	19.707	0.10	46.76	599.9	-0	137	101.8	1.97	-0.101	0.7	111115
16	"08:06:02"	251.5	-24.2	1.29	538	20	2.22	6	1	2.84	30.12	29.87	30.03	501.16	515.03	0.043	19.690	0.10	46.72	599.9	-0	136	101.8	1.97	-0.101	0.7	111115
17	"08:06:03"	252.5	-24.1	1.29	538	20	2.23	6	1	2.84	30.13	29.87	30.03	501.20	514.99	0.043	19.670	0.10	46.66	599.9	-0	135	101.8	1.97	-0.101	0.7	111115
18	"08:06:04"	254.0	-24	1.29	538	20	2.23	6	1	2.84	30.13	29.88	30.03	501.23	514.91	0.042	19.649	0.10	46.60	599.9	-0	133	101.8	1.97	-0.101	0.7	111115
19	"08:06:05"	255.0	-24	1.28	538	20	2.23	6	1	2.84	30.13	29.88	30.03	501.24	514.91	0.042	19.633	0.10	46.56	599.9	-0	132	101.8	1.97	-0.101	0.7	111115
20	"08:06:07"	256.5	-23.9	1.28	538	20	2.24	6	1	2.84	30.13	29.88	30.04	501.29	514.92	0.042	19.609	0.10	46.50	599.9	-0	132	101.8	1.97	-0.101	0.7	111115
21	"08:06:08"	257.5	-23.9	1.27	538	19.9	2.24	6	1	2.84	30.14	29.88	30.04	501.28	514.92	0.041	19.593	0.10	46.46	599.9	-0	132	101.8	1.97	-0.101	0.7	111115
22	"08:06:09"	258.5	-23.9	1.27	538	19.9	2.24	6	1	2.84	30.14	29.89	30.04	501.34	514.96	0.041	19.576	0.10	46.41	599.9	-0	133	101.8	1.97	-0.101	0.7	111115
23	"08:06:10"	260.0	-24	1.27	539	19.9	2.24	6	1	2.84	30.14	29.89	30.04	501.33	515.04	0.041	19.556	0.10	46.35	599.9	-0	133	101.8	1.97	-0.101	0.7	111115
24	"08:06:11"	261.0	-23.9	1.26	539	19.9	2.24	6	1	2.84	30.14	29.89	30.05	501.37	515.05	0.041	19.538	0.10	46.31	599.9	-0	133	101.8	1.97	-0.101	0.7	111115
25	"08:06:13"	262.0	-23.9	1.26	539	19.9	2.25	6	1	2.84	30.14	29.89	30.05	501.37	515.07	0.041	19.522	0.10	46.26	599.9	-0	133	101.8	1.97	-0.101	0.7	111115
26	"08:06:14"	263.5	-23.9	1.26	539	19.8	2.25	6	1	2.84	30.15	29.89	30.05	501.37	515.02	0.041	19.499	0.10	46.20	599.9	-0	132	101.8	1.97	-0.101	1.0	111115
27	"08:06:15"	264.5	-24	1.25	539	19.8	2.25	6	1	2.84	30.15	29.89	30.05	501.31	515.11	0.040	19.483	0.09	46.16	599.9	-0	131	101.8	1.97	-0.101	1.0	111115
28	"08:06:16"	265.5	-24	1.25	539	19.8	2.25	6	1	2.84	30.15	29.90	30.06	501.32	515.11	0.039	19.472	0.09	46.13	599.9	-0	131	101.8	1.97	-0.101	1.0	111115
29	"08:06:17"	267.0	-23.9	1.25	539	19.8	2.26	6	1	2.84	30.15	29.90	30.06	501.41	515.10	0.039	19.452	0.09	46.07	599.9	-0	131	101.8	1.97	-0.101	1.0	111115
30	"08:06:19"	268.0	-24	1.24	539	19.8	2.26	6	1	2.84	30.16	29.90	30.06	501.41	515.17	0.038	19.438	0.09	46.04	599.9	-0	132	101.8	1.97	-0.101	1.0	111115
31	"08:06:20"	269.5	-23.8	1.24	539	19.8	2.26	6	1	2.84	30.16	29.90	30.06	501.47	515.14	0.039	19.411	0.09	45.96	599.9	-0	136	101.8	1.97	-0.101	1.0	111115
32	"08:06:21"	270.5	-23.9	1.23	539	19.7	2.26	6	1	2.84	30.16	29.91	30.06	501.43	515.19	0.039	19.393	0.09	45.92	600.0	-0	140	101.8	1.97	-0.101	1.0	111115
33	"08:06:22"	272.0	-23.8	1.23	539	19.7	2.27	6	1	2.84	30.16	29.91	30.07	501.46	515.16	0.039	19.370	0.09	45.85	599.9	-0	146	101.8	1.97	-0.101	0.7	111115
34	"08:06:23"	273.0	-24	1.23	539	19.7	2.27	6	1	2.84	30.17	29.91	30.07	501.43	515.23	0.039	19.359	0.09	45.82	599.9	-0	151	101.8	1.97	-0.101	0.7	111115
35	"08:06:25"	274.0	-24	1.23	539	19.7	2.27	6	1	2.84	30.17	29.91	30.07	501.43	515.24	0.038	19.348	0.09	45.79	599.9	-0	155	101.8	1.97	-0.101	1.0	111115
36	"08:06:26"	275.5	-23.9	1.22	539	19.7	2.27	6	1	2.84	30.17	29.92	30.07	501.49	515.24	0.038	19.327	0.09	45.73	599.9	-0	158	101.8	1.97	-0.101	1.0	111115
37	"08:06:27"	276.5	-23.7	1.22	539	19.7	2.27	6	1	2.84	30.17	29.92	30.08	501.57	515.19	0.038	19.314	0.09	45.69	599.9	-0	158	101.8	1.97	-0.101	1.0	111115
38	"08:06:28"	277.5	-23.7	1.22	539	19.6	2.28	6	1	2.84	30.18	29.92	30.08	501.61	515.18	0.037	19.298	0.09	45.65	599.9	-0	156	101.8	1.97	-0.101	1.0	111115
39	"08:06:29"	279.0	-23.7	1.21	539	19.6	2.28	6	1	2.84	30.18	29.93	30.08	501.60	515.17	0.036	19.286	0.08	45.61	599.9	-0	153	101.8	1.97	-0.101	1.0	111115
40	"08:06:30"	280.0	-23.7	1.21	539	19.6	2.28	6	1	2.84	30.18	29.93	30.08	501.58	515.16	0.036	19.273	0.09	45.58	599.9	-0	150	101.8	1.97	-0.101	1.0	111115
41	"08:06:32"	281.0	-23.8	1.21	540	19.6	2.28	6	1	2.84	30.18	29.93	30.09	501.53	515.22	0.036	19.265	0.09	45.55	599.9	-0	148	101.8	1.97	-0.101	1.0	111115
42	"08:06:33"	282.5	-23.8	1.2	540	19.6	2.29	6	1	2.84	30.19	29.94	30.09	501.52	515.26	0.037	19.246	0.09	45.50	599.9	-0	147	101.8	1.97	-0.101	1.0	111115
43	"08:06:34"	283.5	-23.8	1.2	540	19.6	2.29	6	1	2.84	30.19	29.94	30.09	501.53	515.29	0.037	19.237	0.09	45.47	599.9	-0	146	101.8	1.97	-0.101	1.0	111115
44	"08:06:35"	285.0	-23.7	1.2	540	19.6	2.29	6	1	2.84	30.19	29.95	30.10	501.64	515.27	0.037	19.222	0.09	45.42	599.9	-0	147	101.8	1.97	-0.101	1.0	111115
45	"08:06:36"	286.0	-23.7	1.2	540	19.5	2.29	6	1	2.84	30.20	29.95	30.10	501.68	515.30	0.037	19.211	0.09	45.39	599.9	-0	149	101.8	1.97	-0.101	1.0	111115
46	"08:06:38"	287.0	-23.7	1.19	540	19.5	2.29	6	1	2.84	30.20	29.95	30.10	501.69	515.31	0.036	19.203	0.08	45.36	599.9	-0	151	101.8	1.97	-0.101	1.0	111115
47	"08:06:39"	288.5	-24	1.19	540	19.5	2.3	6	1	2.84	30.20	29.96	30.10	501.41	515.35	0.036	19.185	0.09	45.31	600.0	-0	154	101.8	1.97	-0.101	1.0	111115
48	"08:06:40"	289.5	-24.4	1.19	541	19.5	2.3	6	1	2.84	30.21	29.96	30.11	501.00	515.35	0.035	19.179	0.08	45.29	600.0	-0	155	101.8	1.97	-0.101	1.0	111115
49	"08:06:41"	291.0	-24.9	1.19	542	19.5	2.3	6	1	2.84	30.21	29.96	30.11	500.48	515.29	0.036	19.167	0.08	45.26	599.9	-0	154	101.8	1.97	-0.101	1.0	111115
50	"08:06:43"	292.0	-25.1	1.18	542	19.5	2.3	6	1	2.84	30.21	29.97	30.11	500.23	515.29	0.035	19.158	0.08	45.22	599.9	-0	153	101.8	1.97	-0.101	1.0	111115
51	"08:06:44"	293.5	-25.2	1.18	543	19.5	2.3	6	1	2.84	30.22	29.97	30.12	500.09	515.27	0.035	19.145	0.08	45.18	599.9	-0	152	101.8	1.97	-0.101	1.0	111115
52	"08:06:45"	294.5	-25.4	1.18	543	19.5	2.31	6	1	2.84	30.22	29.98	30.12	499.97	515.34	0.035	19.136	0.08	45.16	599.9	-0	151	101.8	1.97	-0.101	1.0	111115
53	"08:06:46"	296.0	-25.4	1.18	543	19.5	2.31	6	1	2.84	30.22	29.98	30.12	499.91	515.31	0.034	19.127	0.08	45.13	600.0	-0	151	101.8	1.97	-0.101	1.0	111115
54	"08:06:47"	297.0	-25.4	1.18	543	19.5	2.31	6	1	2.84	30.23	29.98	30.12	499.89	515.30	0.034	19.117	0.08	45.09	600.0	-0	151	101.8	1.97	-0.101	1.0	111115
55	"08:06:49"	298.5	-25.2	1.17	543	19.4	2.31	6	1	2.84	30.23	29.99	30.13	499.97	515.18	0.034	19.106	0.08	45.06	600.0	-0	151	101.8	1.97	-0.101	1.0	111115
56	"08:06:50"	299.5	-25.1	1.17	543	19.4	2.31	6	1	2.84	30.23	29.99	30.13	499.99	515.10	0.034	19.100	0.08	45.03	600.0	-0	150	101.8	1.97	-0.101	1.0	111115
57	"08:06:51"	301.0	-25	1.17	542	19.4	2.32	6	1	2.84	30.24	29.99	30.13	499.96	514.96	0.034	19.091	0.08	45.00	600.0	-0	150	101.8	1.97	-0.101	1.0	111115
58	"08:06:52"	302.0	-25	1.17	542	19.4	2.32	6	1	2.84	30.24	30.00	30.14	499.91	514.87	0.034	19.084	0.08	44.98	600.0	-0	150	101.8	1.97	-0.101	0.7	111115
59	"08:06:54"	303.0	-24.9	1.17	542	19.4	2.32	6	1	2.84	30.24	30.00	30.14	499.90	514.82	0.034	19.075	0.08	44.95	600.0	-0	151	101.8	1.97	-0.101	0.7	111115
60	"08:06:55"	304.5	-24.9	1.16	542	19.4	2.32	6	1	2.84	30.25	30.01	30.14	499.90	514.82	0.034	19.061	0.08	44.91	599.9	-0	154	101.8	1.97	-0.101	0.7	111115
61	"08:06:56"	305.5	-24.8	1.16	542	19.4	2.32	6	1	2.84	30.25	30.01	30.14	499.98	514.78	0.034	19.054	0.08	44.88	600.0	-0	156	101.8	1.97	-0.101	0.7	111115
62	"08:06:57"	307.0	-24.7	1.16	542	19.4	2.33	6	1	2.84	30.25	30.02	30.15	499.98	514.73	0.034	19.042	0.08	44.84	599.9	-0	157	101.8	1.97	-0.101	0.7	111115
63	"08:06:58"	308.0	-24.7	1.15	542	19.4	2.33	6	1	2.84	30.26	30.02	30.15	499.93	514.70	0.034	19.033	0.08	44.82	599.9	-0	158	101.8	1.97	-0.101	0.7	111115
64	"08:07:00"	309.0	-24.6	1.15	541	19.4	2.33	6	1	2.84	30.26	30.03	30.15	499.96	514.60	0.033	19.029	0.08	44.80	599.9	-0	157	101.8	1.97	-0.101	0.7	111115
65	"08:07:01"	310.5	-24.5	1.15	541	19.3	2.33	6	1	2.84	30.26	30.03	30.16	499.97	514.47	0.033	19.016	0.08	44.76	599.9	-0	156	101.8	1.97	-0.101	0.7	111115
66	"08:07:02"	311.5	-24.4	1.15	541	19.3	2.33	6	1	2.84	30.27	30.04	30.16	499.97	514.39	0.033	19.011	0.08	44.74	600.0	-0	155	101.8	1.97	-0.101	0.7	111115
67	"08:07:03"	313.0	-24.3	1.15	541	19.3	2.34	6	1	2.84	30.27	30.04	30.17	499.96	514.36	0.032	19.000	0.08	44.70	600.0	-0	153	101.8	1.97	-0.101	0.7	111115
68	"08:07:04"	314.0	-24.3	1.15	541	19.3	2.34	6	1	2.84	30.27	30.04	30.17	500.02	514.34	0.033	18.995	0.08	44.68	600.0	-0	151	101.8	1.97	-0.101	0.7	111115
69	"08:07:06"	315.5	-24.2	1.14	541	19.3	2.34	6	1	2.84	30.28	30.05	30.17	500.11	514.36	0.032	18.982	0.08	44.64	600.0	-0	149	101.8	1.97	-0.101	0.7	111115
70	"08:07:07"	316.5	-24.1	1.14	540	19.3	2.34	6	1	2.84	30.28	30.05	30.17	500.18	514.31	0.032	18.972	0.08	44.61	600.0	-0	148	101.8	1.97	-0.101	0.7	111115
71	"08:07:08"	318.0	-24.1	1.14	541	19.3	2.34	6	1	2.84	30.29	30.06	30.18	500.12	514.30	0.032	18.962	0.08	44.58	599.9	-0	148	101.8	1.97	-0.101	0.7	111115
72	"08:07:09"	319.0	-24.1	1.14	541	19.3	2.35	6	1	2.84	30.29	30.06	30.18	500.10	514.27	0.032	18.956	0.08	44.55	599.9	-0	149	101.8	1.97	-0.101	0.7	111115
73	"08:07:11"	320.5	-24.1	1.14	541	19.3	2.35	6	1	2.84	30.29	30.07	30.18	500.07	514.26	0.031	18.951	0.07	44.53	599.9	-0	150	101.8	1.97	-0.101	0.7	111115
74	"08:07:12"	321.5	-24	1.13	540	19.3	2.35	6	1	2.84	30.30	30.07	30.19	500.09	514.20	0.031	18.945	0.07	44.51	599.9	-0	151	101.8	1.97	-0.101	0.7	111115
75	"08:07:13"	323.0	-24	1.13	541	19.3	2.35	6	1	2.84	30.30	30.07	30.19	500.07	514.20	0.030	18.932	0.07	44.47	599.9	-0	152	101.8	1.97	-0.101	0.7	111115
76	"08:07:14"	324.0	-24	1.13	540	19.3	2.35	6	1	2.84	30.30	30.08	30.20	500.08	514.16	0.030	18.924	0.07	44.44	599.9	-0	151	101.8	1.97	-0.101	0.7	111115
77	"08:07:16"	325.5	-23.9	1.13	540	19.2	2.36	6	1	2.84	30.31	30.08	30.20	500.12	514.16	0.031	18.908	0.07	44.39	599.9	-0	151	101.8	1.97	-0.101	0.7	111115
78	"08:07:17"	326.5	-23.9	1.12	540	19.2	2.36	6	1	2.84	30.31	30.08	30.20	500.14	514.11	0.031	18.897	0.07	44.36	599.9	-0	151	101.8	1.97	-0.101	0.7	111115
79	"08:07:18"	328.0	-23.9	1.12	540	19.2	2.36	6	1	2.84	30.32	30.09	30.21	500.14	514.12	0.031	18.881	0.07	44.31	599.9	-0	151	101.8	1.97	-0.101	0.7	111115
80	"08:07:19"	329.0	-23.9	1.12	541	19.2	2.36	6	1	2.84	30.32	30.09	30.21	500.12	514.16	0.031	18.869	0.07	44.27	599.9	-0	152	101.8	1.97	-0.101	0.7	111115
81	"08:07:21"	330.5	-23.8	1.12	540	19.2	2.36	6	1	2.84	30.32	30.10	30.21	500.21	514.17	0.031	18.857	0.07	44.23	599.9	-0	155	101.8	1.97	-0.101	1.0	111115
82	"08:07:22"	331.5	-23.7	1.11	540	19.2	2.37	6	1	2.84	30.33	30.10	30.22	500.28	514.11	0.032	18.848	0.07	44.20	599.9	-0	157	101.8	1.97	-0.101	1.0	111115
83	"08:07:23"	333.0	-23.6	1.11	540	19.2	2.37	6	1	2.84	30.33	30.11	30.22	500.30	514.02	0.032	18.841	0.07	44.18	599.9	-0	160	101.8	1.97	-0.101	1.0	111115
84	"08:07:24"	334.0	-23.6	1.11	540	19.2	2.37	6	1	2.84	30.33	30.11	30.22	500.25	514.02	0.031	18.835	0.07	44.15	599.9	-0	161	101.8	1.97	-0.101	1.0	111115
85	"08:07:26"	335.5	-23.8	1.11	540	19.1	2.37	6	1	2.84	30.34	30.11	30.23	500.16	514.08	0.031	18.822	0.07	44.11	599.9	-0	162	101.8	1.97	-0.101	1.0	111115
86	"08:07:27"	336.5	-23.8	1.11	541	19.1	2.37	6	1	2.84	30.34	30.12	30.23	500.16	514.10	0.031	18.810	0.07	44.08	599.9	-0	162	101.8	1.97	-0.101	1.0	111115
87	"08:07:28"	338.0	-23.8	1.1	541	19.1	2.38	6	1	2.84	30.35	30.12	30.24	500.21	514.16	0.030	18.798	0.07	44.04	600.0	-0	162	101.8	1.97	-0.101	1.0	111115
88	"08:07:29"	339.0	-23.7	1.1	541	19.1	2.38	6	1	2.84	30.35	30.12	30.24	500.25	514.14	0.030	18.793	0.07	44.02	600.0	-0	163	101.8	1.97	-0.101	1.0	111115
89	"08:07:31"	340.5	-23.8	1.1	541	19.1	2.38	6	1	2.84	30.35	30.13	30.24	500.19	514.21	0.029	18.788	0.07	43.99	600.0	-0	164	101.8	1.97	-0.101	1.0	111115
90	"08:07:32"	341.5	-23.8	1.1	541	19.1	2.38	6	1	2.84	30.36	30.14	30.25	500.19	514.16	0.029	18.784	0.07	43.98	599.9	-0	165	101.8	1.97	-0.101	1.0	111115
91	"08:07:33"	343.0	-23.9	1.1	541	19.1	2.38	6	1	2.84	30.36	30.14	30.25	500.11	514.20	0.029	18.779	0.07	43.95	599.9	-0	166	101.8	1.97	-0.101	1.0	111115
92	"08:07:34"	344.0	-23.9	1.1	541	19.1	2.38	6	1	2.84	30.37	30.14	30.25	500.12	514.16	0.029	18.770	0.07	43.92	599.9	-0	166	101.8	1.97	-0.101	1.0	111115
93	"08:07:36"	345.5	-23.8	1.09	541	19.1	2.39	6	1	2.84	30.37	30.15	30.26	500.21	514.16	0.029	18.760	0.07	43.89	599.9	-0	166	101.8	1.97	-0.101	1.0	111115
94	"08:07:37"	346.5	-23.7	1.09	541	19.1	2.39	6	1	2.84	30.37	30.15	30.26	500.26	514.17	0.029	18.749	0.07	43.85	600.0	-0	166	101.8	1.97	-0.101	1.0	111115
95	"08:07:38"	348.0	-23.7	1.09	541	19.1	2.39	6	1	2.84	30.38	30.15	30.27	500.26	514.15	0.029	18.740	0.07	43.82	600.0	-0	164	101.8	1.97	-0.101	1.0	111115
96	"08:07:39"	349.0	-23.7	1.09	541	19.1	2.39	6	1	2.84	30.38	30.16	30.27	500.26	514.16	0.030	18.734	0.07	43.80	599.9	-0	163	101.8	1.97	-0.101	1.0	111115
97	"08:07:41"	350.5	-23.6	1.09	541	19.1	2.39	6	1	2.84	30.39	30.16	30.27	500.23	514.09	0.029	18.731	0.07	43.78	599.9	-0	160	101.8	1.97	-0.101	1.0	111115
98	"08:07:42"	351.5	-23.6	1.09	541	19.1	2.39	6	1	2.84	30.39	30.17	30.28	500.29	514.06	0.030	18.727	0.07	43.76	599.9	-0	158	101.8	1.97	-0.101	1.0	111115
99	"08:07:43"	352.0	-23.6	1.08	541	19.1	2.4	6	1	2.84	30.39	30.17	30.28	500.28	514.10	0.030	18.726	0.07	43.75	599.9	-0	157	101.8	1.97	-0.101	1.0	111115
100	"08:07:44"	354.0	-23.5	1.08	541	19	2.4	6	1	2.84	30.40	30.17	30.29	500.40	514.12	0.030	18.717	0.07	43.71	599.9	-0	156	101.8	1.97	-0.101	1.0	111115
101	"08:07:45"	354.5	-23.5	1.08	541	19	2.4	6	1	2.84	30.40	30.18	30.29	500.41	514.13	0.030	18.714	0.07	43.70	599.9	-0	156	101.8	1.97	-0.101	1.0	111115
102	"08:07:47"	356.0	-23.6	1.08	541	19	2.4	6	1	2.84	30.41	30.18	30.29	500.40	514.19	0.030	18.707	0.07	43.67	599.9	-0	155	101.8	1.97	-0.101	1.0	111115
103	"08:07:48"	357.5	-23.6	1.08	541	19	2.4	6	1	2.84	30.41	30.18	30.30	500.36	514.15	0.029	18.701	0.07	43.65	600.0	-0	154	101.8	1.97	-0.101	1.0	111115
104	"08:07:49"	358.5	-23.6	1.08	541	19	2.4	6	1	2.84	30.41	30.19	30.30	500.33	514.15	0.028	18.693	0.07	43.62	600.0	-0	153	101.8	1.97	-0.101	1.0	111115
105	"08:07:50"	360.0	-23.6	1.08	541	19	2.41	6	1	2.84	30.42	30.19	30.31	500.38	514.16	0.029	18.686	0.07	43.59	600.0	-0	151	101.8	1.97	-0.101	1.0	111115
106	"08:07:51"	361.0	-23.5	1.07	541	19	2.41	6	1	2.84	30.42	30.20	30.31	500.41	514.16	0.029	18.680	0.07	43.57	599.9	-0	151	101.8	1.97	-0.101	1.0	111115
107	"08:07:53"	362.5	-23.6	1.07	541	19	2.41	6	1	2.84	30.43	30.20	30.31	500.42	514.21	0.029	18.680	0.07	43.56	600.0	-0	152	101.8	1.97	-0.101	1.0	111115
108	"08:07:54"	363.5	-23.5	1.07	541	19	2.41	6	1	2.84	30.43	30.20	30.32	500.40	514.17	0.029	18.678	0.07	43.54	600.0	-0	153	101.8	1.97	-0.101	1.0	111115
109	"08:07:55"	365.0	-23.7	1.07	541	19	2.41	6	1	2.84	30.44	30.21	30.32	500.32	514.21	0.028	18.674	0.07	43.52	600.0	-0	156	101.8	1.97	-0.101	1.0	111115
110	"08:07:56"	366.0	-23.7	1.07	541	19	2.41	6	1	2.84	30.44	30.21	30.32	500.27	514.22	0.028	18.667	0.07	43.50	599.9	-0	158	101.8	1.97	-0.101	1.0	111115
111	"08:07:58"	367.5	-23.7	1.07	541	19	2.41	6	1	2.84	30.44	30.22	30.33	500.28	514.26	0.028	18.657	0.06	43.46	599.9	-0	161	101.8	1.97	-0.101	1.0	111115
112	"08:07:59"	368.5	-23.8	1.07	542	19	2.42	6	1	2.84	30.45	30.22	30.33	500.24	514.29	0.027	18.649	0.06	43.44	599.9	-0	163	101.8	1.97	-0.101	1.0	111115
113	"08:08:00"	369.0	-23.8	1.07	542	19	2.42	6	1	2.84	30.45	30.22	30.34	500.26	514.29	0.028	18.647	0.06	43.43	599.9	-0	163	101.8	1.97	-0.101	1.0	111115
114	"08:08:01"	371.0	-23.8	1.06	542	19	2.42	6	1	2.84	30.46	30.23	30.34	500.24	514.27	0.028	18.633	0.07	43.38	599.9	-0	164	101.8	1.97	-0.101	1.0	111115
115	"08:08:02"	372.0	-23.8	1.06	542	19	2.42	6	1	2.84	30.46	30.23	30.35	500.19	514.29	0.028	18.629	0.07	43.36	599.9	-0	163	101.8	1.97	-0.101	1.0	111115
116	"08:08:04"	373.5	-23.8	1.06	542	18.9	2.42	6	1	2.84	30.46	30.24	30.35	500.25	514.26	0.028	18.621	0.06	43.33	599.9	-0	164	101.8	1.97	-0.101	1.0	111115
117	"08:08:05"	374.5	-23.7	1.06	542	18.9	2.43	6	1	2.84	30.47	30.24	30.35	500.27	514.25	0.028	18.614	0.07	43.31	599.9	-0	165	101.8	1.97	-0.101	1.0	111115
118	"08:08:06"	376.0	-23.6	1.05	541	18.9	2.43	6	1	2.84	30.47	30.25	30.36	500.35	514.21	0.028	18.602	0.07	43.26	599.9	-0	166	101.8	1.97	-0.101	1.0	111115
119	"08:08:07"	377.0	-23.6	1.05	541	18.9	2.43	6	1	2.84	30.48	30.25	30.36	500.35	514.23	0.027	18.595	0.06	43.24	599.9	-0	167	101.8	1.97	-0.101	1.0	111115
120	"08:08:09"	378.5	-23.5	1.05	541	18.9	2.43	6	1	2.84	30.48	30.25	30.37	500.42	514.24	0.027	18.588	0.06	43.21	600.0	-0	169	101.8	1.97	-0.101	1.0	111115
121	"08:08:10"	379.5	-23.5	1.05	541	18.9	2.43	6	1	2.84	30.48	30.26	30.37	500.51	514.25	0.027	18.584	0.06	43.19	600.0	-0	169	101.8	1.97	-0.101	1.0	111115
122	"08:08:11"	381.0	-23.5	1.05	541	18.9	2.43	6	1	2.84	30.49	30.26	30.37	500.50	514.28	0.028	18.578	0.06	43.17	599.9	-0	170	101.8	1.97	-0.101	1.0	111115
123	"08:08:12"	382.0	-23.5	1.05	542	18.9	2.44	6	1	2.84	30.49	30.27	30.38	500.48	514.30	0.027	18.573	0.06	43.15	599.9	-0	170	101.8	1.97	-0.101	1.0	111115
124	"08:08:14"	383.5	-23.8	1.05	542	18.9	2.44	6	1	2.84	30.50	30.28	30.38	500.34	514.38	0.028	18.568	0.06	43.12	600.0	-0	169	101.8	1.97	-0.101	1.0	111115
125	"08:08:15"	384.5	-23.8	1.05	542	18.9	2.44	6	1	2.84	30.50	30.28	30.39	500.33	514.41	0.028	18.564	0.06	43.10	600.0	-0	168	101.8	1.97	-0.101	1.0	111115
126	"08:08:16"	386.0	-23.6	1.04	542	18.9	2.44	6	1	2.84	30.51	30.28	30.39	500.39	514.28	0.029	18.556	0.07	43.07	599.9	-0	166	101.8	1.97	-0.101	1.0	111115
127	"08:08:17"	387.0	-23.5	1.04	542	18.9	2.44	6	1	2.84	30.51	30.29	30.39	500.40	514.23	0.028	18.549	0.07	43.05	599.9	-0	166	101.8	1.97	-0.101	1.0	111115
128	"08:08:19"	388.5	-23.5	1.04	542	18.9	2.45	6	1	2.84	30.52	30.29	30.40	500.40	514.20	0.028	18.536	0.06	43.01	599.9	-0	165	101.8	1.97	-0.101	1.0	111115
129	"08:08:20"	389.5	-23.5	1.04	542	18.8	2.45	6	1	2.84	30.52	30.30	30.40	500.36	514.21	0.027	18.526	0.06	42.97	599.9	-0	166	101.8	1.97	-0.101	1.0	111115
130	"08:08:21"	391.0	-23.4	1.04	542	18.8	2.45	6	1	2.84	30.52	30.30	30.41	500.47	514.23	0.028	18.512	0.06	42.93	599.9	-0	166	101.8	1.97	-0.101	1.0	111115
131	"08:08:22"	392.0	-23.4	1.03	542	18.8	2.45	6	1	2.84	30.53	30.30	30.41	500.51	514.22	0.028	18.502	0.07	42.89	599.9	-0	166	101.8	1.97	-0.101	1.0	111115
132	"08:08:23"	392.5	-23.4	1.03	542	18.8	2.45	6	1	2.84	30.53	30.31	30.41	500.49	514.22	0.028	18.498	0.06	42.88	599.9	-0	167	101.8	1.97	-0.101	1.0	111115
133	"08:08:25"	394.5	-23.5	1.03	542	18.8	2.46	6	1	2.84	30.54	30.32	30.42	500.44	514.26	0.028	18.479	0.06	42.82	599.9	-0	168	101.8	1.97	-0.101	1.0	111115
134	"08:08:26"	395.5	-23.5	1.03	542	18.8	2.46	6	1	2.84	30.54	30.32	30.43	500.42	514.24	0.028	18.472	0.06	42.79	600.0	-0	169	101.8	1.97	-0.101	1.0	111115
135	"08:08:27"	397.0	-23.5	1.03	542	18.8	2.46	6	1	2.84	30.55	30.33	30.43	500.41	514.23	0.028	18.468	0.07	42.77	600.0	-0	171	101.8	1.97	-0.101	1.0	111115
136	"08:08:28"	398.0	-23.4	1.02	542	18.8	2.46	6	1	2.84	30.55	30.33	30.43	500.43	514.21	0.028	18.464	0.07	42.75	599.9	-0	172	101.8	1.97	-0.101	1.0	111115
137	"08:08:30"	399.5	-23.5	1.02	542	18.8	2.46	6	1	2.84	30.56	30.34	30.44	500.39	514.25	0.027	18.458	0.06	42.73	599.9	-0	174	101.8	1.97	-0.101	1.0	111115
138	"08:08:31"	400.5	-23.4	1.02	542	18.8	2.47	6	1	2.84	30.56	30.34	30.44	500.44	514.23	0.027	18.451	0.06	42.70	599.9	-0	174	101.8	1.97	-0.101	1.0	111115
139	"08:08:32"	402.0	-23.4	1.02	542	18.8	2.47	6	1	2.84	30.57	30.34	30.45	500.48	514.25	0.026	18.447	0.06	42.68	599.9	-0	175	101.8	1.97	-0.101	1.0	111115
140	"08:08:33"	403.0	-23.4	1.02	542	18.8	2.47	6	1	2.84	30.57	30.35	30.45	500.51	514.27	0.027	18.444	0.06	42.66	599.9	-0	176	101.8	1.97	-0.101	1.0	111115
141	"08:08:35"	404.5	-23.5	1.02	542	18.8	2.47	6	1	2.84	30.57	30.35	30.46	500.45	514.29	0.027	18.444	0.06	42.65	599.9	-0	176	101.8	1.97	-0.101	1.0	111115
142	"08:08:36"	405.5	-23.4	1.02	542	18.8	2.47	6	1	2.84	30.58	30.36	30.46	500.46	514.24	0.027	18.439	0.06	42.63	599.9	-0	176	101.8	1.97	-0.101	1.0	111115
143	"08:08:37"	407.0	-23.4	1.02	542	18.8	2.47	6	1	2.84	30.58	30.37	30.47	500.44	514.23	0.027	18.438	0.06	42.61	600.0	-0	175	101.8	1.97	-0.101	1.0	111115
144	"08:08:38"	408.0	-23.4	1.02	542	18.8	2.47	6	1	2.84	30.59	30.37	30.47	500.47	514.21	0.027	18.436	0.06	42.59	600.0	-0	175	101.8	1.97	-0.101	1.0	111115
145	"08:08:40"	409.5	-23.3	1.01	542	18.8	2.48	6	1	2.84	30.59	30.38	30.48	500.51	514.18	0.028	18.435	0.06	42.58	600.0	-0	175	101.8	1.97	-0.101	1.0	111115
146	"08:08:41"	410.5	-23.3	1.01	542	18.7	2.48	6	1	2.84	30.60	30.38	30.48	500.54	514.19	0.027	18.431	0.06	42.56	599.9	-0	175	101.8	1.97	-0.101	1.0	111115
147	"08:08:42"	412.0	-23.3	1.01	542	18.7	2.48	6	1	2.84	30.60	30.39	30.49	500.52	514.18	0.027	18.423	0.06	42.53	599.9	-0	175	101.8	1.97	-0.101	1.0	111115
148	"08:08:43"	413.0	-23.3	1.01	542	18.7	2.48	6	1	2.84	30.61	30.39	30.49	500.53	514.20	0.027	18.418	0.06	42.51	599.9	-0	175	101.8	1.97	-0.101	1.0	111115
149	"08:08:45"	414.5	-23.4	1.01	542	18.7	2.48	6	1	2.84	30.61	30.40	30.50	500.51	514.23	0.027	18.413	0.06	42.48	599.9	-0	174	101.8	1.97	-0.101	1.0	111115
150	"08:08:46"	415.5	-23.4	1.01	542	18.7	2.49	6	1	2.84	30.62	30.40	30.50	500.53	514.29	0.026	18.408	0.06	42.46	599.9	-0	174	101.8	1.97	-0.101	1.0	111115
151	"08:08:47"	417.0	-23.4	1.01	542	18.7	2.49	6	1	2.84	30.62	30.41	30.51	500.55	514.34	0.025	18.405	0.06	42.43	599.9	-0	174	101.8	1.97	-0.101	1.0	111115
152	"08:08:48"	418.0	-23.3	1	542	18.7	2.49	6	1	2.84	30.63	30.41	30.51	500.58	514.30	0.026	18.400	0.06	42.41	600.0	-0	174	101.8	1.97	-0.101	1.0	111115
153	"08:08:50"	419.5	-23.3	1	542	18.7	2.49	6	1	2.84	30.63	30.42	30.51	500.61	514.25	0.027	18.399	0.06	42.40	600.0	-0	174	101.8	1.97	-0.101	1.0	111115
154	"08:08:51"	420.5	-23.4	1	542	18.7	2.49	6	1	2.84	30.64	30.42	30.52	500.55	514.31	0.026	18.397	0.06	42.38	600.0	-0	174	101.8	1.97	-0.101	1.0	111115
155	"08:08:52"	421.0	-23.4	1	542	18.7	2.49	6	1	2.84	30.64	30.43	30.52	500.53	514.31	0.027	18.395	0.06	42.37	600.0	-0	174	101.8	1.97	-0.101	1.0	111115
156	"08:08:53"	423.0	-23.5	0.999	543	18.7	2.5	6	1	2.84	30.65	30.44	30.53	500.47	514.40	0.025	18.386	0.06	42.33	599.9	-0	174	101.8	1.97	-0.101	1.0	111115
157	"08:08:54"	424.0	-23.4	0.999	542	18.7	2.5	6	1	2.84	30.65	30.44	30.53	500.54	514.31	0.026	18.385	0.06	42.32	599.9	-0	174	101.8	1.97	-0.101	1.0	111115
158	"08:08:56"	424.5	-23.3	0.998	542	18.7	2.5	6	1	2.84	30.66	30.44	30.53	500.58	514.29	0.026	18.384	0.06	42.31	599.9	-0	174	101.8	1.97	-0.101	1.0	111115
159	"08:08:57"	426.5	-23.3	0.997	542	18.7	2.5	6	1	2.84	30.66	30.45	30.54	500.61	514.26	0.027	18.386	0.06	42.30	600.0	-0	175	101.8	1.97	-0.101	1.0	111115
160	"08:08:58"	427.5	-23.3	0.996	542	18.7	2.5	6	1	2.84	30.67	30.46	30.55	500.56	514.29	0.027	18.382	0.06	42.28	600.0	-0	175	101.8	1.97	-0.101	1.0	111115
161	"08:08:59"	429.0	-23.4	0.994	543	18.7	2.5	6	1	2.84	30.67	30.46	30.55	500.54	514.30	0.027	18.376	0.06	42.25	599.9	-0	175	101.8	1.97	-0.101	1.0	111115
162	"08:09:00"	430.0	-23.4	0.994	543	18.7	2.51	6	1	2.84	30.68	30.47	30.56	500.55	514.33	0.027	18.376	0.06	42.24	600.0	-0	175	101.8	1.97	-0.101	1.0	111115
163	"08:09:02"	431.5	-23.5	0.993	543	18.7	2.51	6	1	2.84	30.68	30.48	30.56	500.57	514.40	0.027	18.376	0.06	42.22	599.9	-0	175	101.8	1.97	-0.101	1.0	111115
164	"08:09:03"	432.5	-23.5	0.992	543	18.7	2.51	6	1	2.84	30.69	30.48	30.57	500.55	514.40	0.027	18.376	0.06	42.21	600.0	-0	175	101.8	1.97	-0.101	1.0	111115
165	"08:09:04"	434.0	-23.4	0.992	543	18.7	2.51	6	1	2.84	30.70	30.49	30.57	500.58	514.41	0.027	18.379	0.06	42.20	599.9	-0	175	101.8	1.97	-0.101	1.0	111115
166	"08:09:05"	435.0	-23.5	0.991	543	18.7	2.51	6	1	2.84	30.70	30.49	30.58	500.56	514.41	0.027	18.380	0.06	42.20	600.0	-0	175	101.8	1.97	-0.101	1.0	111115
167	"08:09:07"	436.5	-23.4	0.991	543	18.7	2.51	6	1	2.84	30.71	30.50	30.58	500.63	514.40	0.026	18.383	0.06	42.19	600.0	-0	175	101.8	1.97	-0.101	1.0	111115
168	"08:09:08"	437.5	-23.4	0.991	543	18.7	2.51	6	1	2.84	30.71	30.50	30.59	500.60	514.40	0.026	18.384	0.06	42.18	600.0	-0	175	101.8	1.97	-0.101	1.0	111115
169	"08:09:09"	439.0	-23.3	0.989	543	18.7	2.51	6	1	2.84	30.72	30.51	30.59	500.66	514.36	0.026	18.380	0.06	42.16	599.9	-0	175	101.8	1.97	-0.101	1.0	111115
170	"08:09:10"	440.0	-23.3	0.989	543	18.7	2.52	6	1	2.84	30.72	30.51	30.60	500.67	514.38	0.026	18.380	0.06	42.15	600.0	-0	175	101.8	1.97	-0.101	1.0	111115
171	"08:09:12"	441.5	-23.4	0.987	543	18.7	2.52	6	1	2.84	30.73	30.52	30.60	500.63	514.45	0.026	18.372	0.06	42.11	600.0	-0	175	101.8	1.97	-0.101	1.0	111115
172	"08:09:13"	442.5	-23.4	0.986	543	18.7	2.52	6	1	2.84	30.73	30.52	30.61	500.61	514.43	0.026	18.368	0.06	42.09	600.0	-0	175	101.8	1.97	-0.101	1.0	111115
173	"08:09:14"	444.0	-23.5	0.985	543	18.7	2.52	6	1	2.84	30.74	30.52	30.61	500.57	514.49	0.026	18.366	0.06	42.08	599.9	-0	175	101.8	1.97	-0.101	1.0	111115
174	"08:09:15"	445.0	-23.5	0.985	543	18.7	2.52	6	1	2.84	30.74	30.53	30.62	500.60	514.47	0.027	18.365	0.06	42.07	599.9	-0	175	101.8	1.97	-0.101	1.0	111115
175	"08:09:17"	446.5	-23.5	0.984	543	18.7	2.52	6	1	2.84	30.75	30.53	30.62	500.63	514.50	0.027	18.364	0.06	42.05	599.9	-0	175	101.8	1.97	-0.101	1.0	111115
176	"08:09:18"	447.0	-23.6	0.984	544	18.7	2.52	6	1	2.84	30.75	30.53	30.63	500.54	514.58	0.027	18.365	0.06	42.05	599.9	-0	175	101.8	1.97	-0.101	1.0	111115
177	"08:09:19"	449.0	-23.7	0.983	544	18.7	2.52	6	1	2.84	30.76	30.54	30.63	500.49	514.61	0.026	18.361	0.06	42.02	599.9	-0	175	101.8	1.97	-0.101	1.0	111115
178	"08:09:20"	450.0	-23.7	0.982	544	18.7	2.53	6	1	2.84	30.76	30.54	30.64	500.42	514.55	0.026	18.361	0.06	42.01	599.9	-0	175	101.8	1.97	-0.101	1.0	111115
179	"08:09:22"	451.5	-23.5	0.981	543	18.7	2.53	6	1	2.84	30.77	30.55	30.64	500.57	514.49	0.027	18.358	0.06	41.99	599.9	-0	175	101.8	1.97	-0.101	1.0	111115
180	"08:09:23"	452.5	-23.4	0.98	543	18.7	2.53	6	1	2.84	30.77	30.55	30.65	500.60	514.42	0.027	18.354	0.06	41.97	599.9	-0	175	101.8	1.97	-0.101	1.0	111115
181	"08:09:24"	454.0	-23.3	0.979	543	18.7	2.53	6	1	2.84	30.78	30.55	30.65	500.69	514.43	0.026	18.352	0.06	41.95	599.9	-0	176	101.8	1.97	-0.101	1.0	111115
182	"08:09:25"	455.0	-23.4	0.979	543	18.7	2.53	6	1	2.84	30.78	30.56	30.66	500.67	514.45	0.026	18.350	0.06	41.94	599.9	-0	176	101.8	1.97	-0.101	1.0	111115
183	"08:09:27"	456.5	-23.6	0.978	544	18.7	2.53	6	1	2.84	30.79	30.56	30.66	500.59	514.54	0.026	18.350	0.06	41.92	599.9	-0	176	101.8	1.97	-0.101	1.0	111115
184	"08:09:28"	457.0	-23.6	0.978	544	18.7	2.53	6	1	2.84	30.79	30.57	30.67	500.60	514.55	0.027	18.350	0.06	41.92	599.9	-0	176	101.8	1.97	-0.101	1.0	111115
185	"08:09:29"	458.5	-23.6	0.977	544	18.7	2.53	6	1	2.84	30.79	30.57	30.67	500.58	514.58	0.026	18.349	0.06	41.90	599.9	-0	176	101.8	1.97	-0.101	1.0	111115
186	"08:09:30"	460.0	-23.5	0.977	543	18.7	2.53	6	1	2.84	30.80	30.57	30.68	500.56	514.49	0.025	18.349	0.06	41.89	599.9	-0	176	101.8	1.97	-0.101	1.0	111115
187	"08:09:31"	461.0	-23.5	0.976	543	18.7	2.54	6	1	2.84	30.80	30.58	30.68	500.60	514.48	0.025	18.345	0.06	41.87	599.9	-0	176	101.8	1.97	-0.101	1.0	111115
188	"08:09:33"	462.5	-23.4	0.975	543	18.7	2.54	6	1	2.84	30.81	30.58	30.69	500.63	514.43	0.025	18.343	0.06	41.85	600.0	-0	176	101.8	1.97	-0.101	1.0	111115
189	"08:09:34"	463.5	-23.4	0.974	543	18.7	2.54	6	1	2.84	30.81	30.58	30.69	500.68	514.46	0.025	18.341	0.06	41.84	599.9	-0	176	101.8	1.97	-0.101	1.0	111115
190	"08:09:35"	465.0	-23.3	0.973	543	18.7	2.54	6	1	2.84	30.82	30.59	30.70	500.73	514.44	0.025	18.341	0.06	41.83	599.9	-0	176	101.8	1.97	-0.101	1.0	111115
191	"08:09:36"	466.0	-23.3	0.973	543	18.7	2.54	6	1	2.84	30.82	30.59	30.70	500.72	514.46	0.026	18.339	0.06	41.81	599.9	-0	176	101.8	1.97	-0.101	1.0	111115
192	"08:09:38"	467.5	-23.5	0.972	543	18.7	2.54	6	1	2.84	30.83	30.60	30.71	500.67	514.53	0.025	18.337	0.06	41.80	599.9	-0	176	101.8	1.97	-0.101	1.0	111115
193	"08:09:39"	468.5	-23.5	0.971	543	18.6	2.54	6	1	2.84	30.83	30.60	30.71	500.68	514.53	0.026	18.334	0.06	41.78	599.9	-0	176	101.8	1.97	-0.101	1.0	111115
194	"08:09:40"	470.0	-23.6	0.969	544	18.6	2.55	6	1	2.84	30.84	30.61	30.72	500.62	514.58	0.026	18.326	0.06	41.75	599.9	-0	176	101.8	1.97	-0.101	1.0	111115
195	"08:09:41"	471.0	-23.6	0.968	544	18.6	2.55	6	1	2.84	30.84	30.61	30.72	500.61	514.59	0.026	18.321	0.06	41.73	600.0	-0	177	101.8	1.97	-0.101	1.0	111115
196	"08:09:43"	472.5	-23.5	0.966	544	18.6	2.55	6	1	2.84	30.85	30.62	30.73	500.61	514.56	0.026	18.312	0.06	41.69	600.0	-0	177	101.8	1.97	-0.101	1.0	111115
197	"08:09:44"	473.5	-23.6	0.965	544	18.6	2.55	6	1	2.84	30.85	30.63	30.73	500.61	514.58	0.026	18.310	0.06	41.68	600.0	-0	177	101.8	1.97	-0.101	1.0	111115
198	"08:09:45"	475.0	-23.5	0.963	544	18.6	2.55	6	1	2.84	30.86	30.63	30.73	500.60	514.54	0.025	18.302	0.06	41.65	600.0	-0	177	101.8	1.97	-0.101	1.0	111115
199	"08:09:46"	476.0	-23.5	0.962	544	18.6	2.56	6	1	2.84	30.86	30.64	30.74	500.61	514.53	0.025	18.301	0.06	41.64	600.0	-0	177	101.8	1.97	-0.101	1.0	111115
200	"08:09:48"	477.5	-23.5	0.961	544	18.6	2.56	6	1	2.84	30.86	30.64	30.74	500.58	514.55	0.025	18.296	0.06	41.61	599.9	-0	177	101.8	1.97	-0.101	1.0	111115
201	"08:09:49"	478.5	-23.5	0.96	544	18.6	2.56	6	1	2.84	30.87	30.65	30.75	500.61	514.53	0.026	18.291	0.06	41.59	599.9	-0	178	101.8	1.97	-0.101	1.0	111115
202	"08:09:50"	480.0	-23.6	0.958	544	18.6	2.56	6	1	2.84	30.88	30.65	30.75	500.58	514.62	0.026	18.286	0.06	41.56	600.0	-0	178	101.8	1.97	-0.101	1.0	111115
203	"08:09:51"	480.5	-23.6	0.958	544	18.6	2.56	6	1	2.84	30.88	30.66	30.75	500.57	514.63	0.025	18.283	0.06	41.55	600.0	-0	178	101.8	1.97	-0.101	1.0	111115
204	"08:09:52"	482.0	-23.6	0.956	544	18.6	2.56	6	1	2.84	30.88	30.66	30.76	500.57	514.62	0.025	18.277	0.06	41.52	600.0	-0	178	101.8	1.97	-0.101	1.0	111115
205	"08:09:54"	483.5	-23.7	0.955	545	18.6	2.57	6	1	2.84	30.89	30.67	30.77	500.44	514.62	0.025	18.274	0.06	41.51	600.0	-0	179	101.8	1.97	-0.101	1.0	111115
206	"08:09:55"	484.5	-23.8	0.954	545	18.6	2.57	6	1	2.84	30.89	30.67	30.77	500.39	514.63	0.024	18.269	0.05	41.48	600.0	-0	179	101.8	1.97	-0.101	1.0	111115
207	"08:09:56"	486.0	-23.7	0.953	545	18.6	2.57	6	1	2.84	30.90	30.68	30.78	500.47	514.62	0.024	18.264	0.05	41.46	600.0	-0	177	101.8	1.97	-0.101	1.0	111115
208	"08:09:57"	487.0	-23.6	0.952	544	18.6	2.57	6	1	2.84	30.90	30.68	30.78	500.57	514.63	0.023	18.260	0.05	41.44	600.0	-0	169	101.8	1.97	-0.101	1.0	111115
209	"08:09:58"	487.5	-23.6	0.951	544	18.6	2.57	6	1	2.84	30.91	30.68	30.78	500.61	514.62	0.023	18.256	0.05	41.43	599.9	-0	164	101.8	1.97	-0.101	1.0	111115
210	"08:10:00"	489.5	-23.5	0.95	544	18.6	2.57	6	1	2.84	30.91	30.69	30.79	500.64	514.58	0.024	18.252	0.06	41.39	599.9	-0	143	101.8	1.97	-0.101	1.0	111115
211	"08:10:01"	490.5	-23.6	0.949	544	18.6	2.57	6	1	2.84	30.92	30.69	30.79	500.58	514.64	0.025	18.251	0.06	41.38	599.9	-0	136	101.8	1.97	-0.101	1.0	111115
212	"08:10:02"	492.0	-23.5	0.948	544	18.6	2.58	6	1	2.84	30.92	30.70	30.80	500.63	514.59	0.025	18.248	0.06	41.36	599.9	-0	136	101.8	1.97	-0.101	1.0	111115
213	"08:10:03"	493.0	-23.5	0.947	544	18.6	2.58	6	1	2.84	30.93	30.70	30.81	500.67	514.58	0.026	18.248	0.06	41.35	599.9	-0	135	101.8	1.97	-0.101	1.0	111115
214	"08:10:05"	494.5	-23.4	0.947	544	18.6	2.58	6	1	2.84	30.93	30.71	30.81	500.72	514.54	0.025	18.250	0.06	41.34	599.9	-0	129	101.8	1.97	-0.101	1.0	111115
215	"08:10:06"	495.5	-23.4	0.946	544	18.6	2.58	6	1	2.84	30.94	30.72	30.81	500.72	514.59	0.024	18.251	0.05	41.33	599.9	-0	123	101.8	1.97	-0.101	1.0	111115
216	"08:10:07"	497.0	-23.5	0.946	544	18.6	2.58	6	1	2.84	30.94	30.72	30.82	500.71	514.64	0.024	18.252	0.05	41.32	600.0	-0	125	101.8	1.97	-0.101	1.0	111115
217	"08:10:08"	498.0	-23.5	0.945	545	18.6	2.58	6	1	2.84	30.95	30.73	30.83	500.69	514.68	0.025	18.248	0.06	41.31	600.0	-0	130	101.8	1.97	-0.101	1.0	111115
218	"08:10:10"	499.5	-23.5	0.944	545	18.6	2.58	6	1	2.84	30.95	30.73	30.83	500.70	514.69	0.026	18.246	0.06	41.28	600.0	-0	133	101.8	1.97	-0.101	1.0	111115
219	"08:10:11"	500.5	-23.7	0.943	545	18.6	2.59	6	1	2.84	30.96	30.73	30.84	500.61	514.80	0.025	18.240	0.06	41.26	600.0	-0	121	101.8	1.97	-0.101	1.0	111115
220	"08:10:12"	501.0	-23.7	0.942	545	18.5	2.59	6	1	2.84	30.96	30.74	30.84	500.60	514.81	0.025	18.236	0.06	41.25	599.9	-0	119	101.8	1.97	-0.101	1.0	111115
221	"08:10:13"	503.0	-24	0.939	546	18.5	2.59	6	1	2.84	30.97	30.75	30.85	500.48	514.92	0.024	18.221	0.05	41.20	599.9	-0	88	101.8	1.97	-0.101	1.0	111115
222	"08:10:14"	504.0	-23.9	0.937	546	18.5	2.59	6	1	2.84	30.97	30.75	30.85	500.51	514.90	0.024	18.213	0.05	41.17	599.9	-0	106	101.8	1.97	-0.101	1.0	111115
223	"08:10:16"	505.5	-23.8	0.936	545	18.5	2.59	6	1	2.84	30.98	30.75	30.86	500.57	514.83	0.024	18.202	0.06	41.13	599.9	-0	134	101.8	1.97	-0.101	0.7	111115
224	"08:10:17"	506.5	-23.8	0.935	545	18.5	2.6	6	1	2.84	30.98	30.76	30.86	500.58	514.82	0.024	18.194	0.06	41.11	599.9	-0	162	101.8	1.97	-0.101	0.7	111115
225	"08:10:18"	508.0	-23.7	0.933	545	18.5	2.6	6	1	2.84	30.99	30.76	30.87	500.61	514.79	0.025	18.188	0.06	41.08	600.0	-0	179	101.8	1.97	-0.101	0.7	111115
226	"08:10:19"	509.0	-23.7	0.932	545	18.5	2.6	6	1	2.84	30.99	30.76	30.87	500.63	514.82	0.025	18.180	0.06	41.05	600.0	-0	179	101.8	1.97	-0.101	0.7	111115
227	"08:10:21"	510.5	-23.6	0.93	545	18.5	2.6	6	1	2.84	31.00	30.77	30.88	500.70	514.82	0.025	18.166	0.06	41.01	600.0	-0	179	101.8	1.97	-0.101	0.7	111115
228	"08:10:22"	511.5	-23.6	0.928	545	18.5	2.61	6	1	2.84	31.00	30.77	30.88	500.70	514.81	0.024	18.155	0.06	40.97	599.9	-0	179	101.8	1.97	-0.101	1.0	111115
229	"08:10:23"	513.0	-23.6	0.925	545	18.4	2.61	6	1	2.84	31.00	30.78	30.89	500.69	514.79	0.025	18.138	0.06	40.92	600.0	-0	179	101.8	1.97	-0.101	1.0	111115
230	"08:10:24"	514.0	-23.5	0.922	545	18.4	2.61	6	1	2.84	31.01	30.79	30.89	500.71	514.76	0.026	18.123	0.06	40.88	600.0	-0	179	101.8	1.97	-0.101	1.0	111115
231	"08:10:26"	515.5	-23.5	0.92	545	18.4	2.62	6	1	2.84	31.01	30.79	30.89	500.70	514.76	0.026	18.104	0.06	40.83	600.0	-0	180	101.8	1.97	-0.101	1.0	111115
232	"08:10:27"	516.5	-23.5	0.918	545	18.4	2.62	6	1	2.84	31.02	30.80	30.90	500.67	514.74	0.025	18.093	0.06	40.79	600.0	-0	180	101.8	1.97	-0.101	1.0	111115
233	"08:10:28"	518.0	-23.6	0.916	546	18.4	2.62	6	1	2.84	31.02	30.80	30.90	500.59	514.76	0.024	18.086	0.06	40.76	599.9	-0	180	101.8	1.97	-0.101	1.0	111115
234	"08:10:29"	519.0	-23.6	0.915	546	18.4	2.62	6	1	2.84	31.03	30.80	30.91	500.60	514.73	0.024	18.075	0.05	40.73	599.9	-0	180	101.8	1.97	-0.101	1.0	111115
235	"08:10:31"	520.5	-23.5	0.913	545	18.4	2.62	6	1	2.84	31.03	30.81	30.91	500.63	514.64	0.024	18.063	0.05	40.68	600.0	-0	180	101.8	1.97	-0.101	1.0	111115
236	"08:10:32"	521.5	-23.4	0.911	545	18.4	2.63	6	1	2.84	31.04	30.82	30.92	500.68	514.63	0.024	18.053	0.05	40.65	600.0	-0	181	101.8	1.97	-0.101	1.0	111115
237	"08:10:33"	523.0	-23.3	0.91	545	18.4	2.63	6	1	2.84	31.05	30.82	30.92	500.72	514.58	0.024	18.049	0.05	40.63	600.0	-0	181	101.8	1.97	-0.101	1.0	111115
238	"08:10:34"	524.0	-23.3	0.909	545	18.4	2.63	6	1	2.84	31.05	30.83	30.93	500.71	514.57	0.023	18.050	0.05	40.62	599.9	-0	181	101.8	1.97	-0.101	1.0	111115
239	"08:10:36"	525.5	-23.4	0.908	545	18.3	2.63	6	1	2.84	31.06	30.83	30.93	500.64	514.62	0.023	18.044	0.05	40.60	599.9	-0	181	101.8	1.97	-0.101	1.0	111115
240	"08:10:37"	526.5	-23.4	0.907	545	18.3	2.63	6	1	2.84	31.06	30.84	30.94	500.69	514.62	0.023	18.037	0.05	40.57	599.9	-0	181	101.8	1.97	-0.101	1.0	111115
241	"08:10:38"	528.0	-23.4	0.905	545	18.3	2.64	6	1	2.84	31.07	30.84	30.94	500.66	514.63	0.024	18.030	0.05	40.54	599.9	-0	181	101.8	1.97	-0.101	1.0	111115
242	"08:10:39"	529.0	-23.4	0.904	545	18.3	2.64	6	1	2.84	31.07	30.85	30.95	500.68	514.63	0.024	18.026	0.05	40.52	599.9	-0	181	101.8	1.97	-0.101	1.0	111115
243	"08:10:41"	530.5	-23.3	0.903	545	18.3	2.64	6	1	2.84	31.08	30.86	30.95	500.72	514.61	0.024	18.021	0.05	40.49	600.0	-0	181	101.8	1.97	-0.101	1.0	111115
244	"08:10:42"	531.5	-23.3	0.902	545	18.3	2.64	6	1	2.84	31.08	30.86	30.96	500.80	514.66	0.024	18.018	0.05	40.48	599.9	-0	181	101.8	1.97	-0.101	1.0	111115
245	"08:10:43"	533.0	-23.2	0.901	545	18.3	2.64	6	1	2.84	31.09	30.86	30.96	500.85	514.67	0.024	18.012	0.05	40.45	599.9	-0	182	101.8	1.97	-0.101	1.0	111115
