"OPEN 5.3.2"
"Thr Aug  2 2018 13:40:33"
"Unit="	"PSC-895"
"ComputeList="	"/User/Configs/Comps/Default"
"BLCTable="	"/Sys/Lib/StdBLCTable"
"LightSource="	"Sun+Sky"	1	0.19
"LogFormat="	"/User/Configs/LogFormats/Std Output"
"LogCodes="	-35	-21	-36	30	23	36	21	25	-33	-34	-32	-9	-10	-8	-1	-2	-4	-5	-14	-15	-7	-12	-13	-11	-65	-66	-72	-23
"PromptList="	"/User/Configs/Prompts/Default (none)"
"Stability= (CO2S 15s SLP<1)(H2OS 15s SLP<1)(Flow 15s SLP<1)"
"13:40:35 co2 500 flow 600"
$STARTOFDATA$
"Obs"	"HHMMSS"	"FTime"	"Photo"	"Cond"	"Ci"	"Trmmol"	"VpdL"	"Area"	"StmRat"	"BLCond"	"Tair"	"Tleaf"	"TBlk"	"CO2R"	"CO2S"	"H2OR"	"H2OS"	"RH_R"	"RH_S"	"Flow"	"PARi"	"PARo"	"Press"	"CsMch"	"HsMch"	"StableF"	"Status"
1	"13:42:32"	149.5	-9.78	0.957	490	26.2	3.54	6	1	2.84	37.88	37.15	37.89	500.27	497.04	2.297	27.734	3.52	42.54	600.0	-0	114	101.5	11.3	-0.731	0.3	111115
2	"13:42:42"	160.0	-11.2	0.916	495	25.7	3.59	6	1	2.84	37.87	37.15	37.88	500.12	498.55	2.326	27.282	3.57	41.87	600.0	-0	106	101.5	11.3	-0.731	0.3	111115
3	"13:42:43"	161.0	-11.3	0.915	495	25.6	3.59	6	1	2.84	37.87	37.15	37.88	500.09	498.59	2.327	27.263	3.57	41.84	600.0	-0	113	101.5	11.3	-0.731	0.3	111115
4	"13:42:44"	162.5	-11.1	0.913	495	25.6	3.59	6	1	2.84	37.87	37.15	37.88	500.20	498.58	2.329	27.238	3.57	41.80	600.0	-0	114	101.5	11.3	-0.731	0.3	111115
5	"13:42:45"	163.5	-11.2	0.91	495	25.6	3.6	6	1	2.84	37.87	37.15	37.88	500.20	498.60	2.331	27.214	3.58	41.76	600.0	-0	117	101.5	11.3	-0.731	0.7	111115
6	"13:42:47"	165.0	-11.2	0.907	495	25.5	3.6	6	1	2.84	37.87	37.15	37.88	500.25	498.67	2.335	27.169	3.58	41.70	600.0	-0	116	101.5	11.3	-0.731	0.3	111115
7	"13:42:48"	166.0	-11.3	0.904	496	25.5	3.6	6	1	2.84	37.87	37.15	37.88	500.20	498.75	2.338	27.142	3.59	41.66	599.9	0	116	101.5	11.3	-0.731	0.3	111115
8	"13:42:49"	167.5	-11.4	0.902	496	25.4	3.6	6	1	2.84	37.87	37.14	37.88	500.20	498.94	2.342	27.104	3.59	41.60	599.9	-0	114	101.5	11.3	-0.731	0.3	111115
9	"13:42:50"	168.5	-11.5	0.9	496	25.4	3.61	6	1	2.84	37.87	37.14	37.88	500.19	499.03	2.345	27.074	3.60	41.56	599.9	-0	114	101.5	11.3	-0.731	0.3	111115
10	"13:42:52"	170.0	-11.7	0.897	497	25.4	3.61	6	1	2.84	37.87	37.13	37.88	500.12	499.20	2.348	27.036	3.60	41.50	600.0	-0	115	101.5	11.3	-0.731	0.3	111115
11	"13:42:53"	171.0	-11.8	0.895	497	25.3	3.61	6	1	2.84	37.87	37.14	37.88	500.08	499.23	2.350	27.012	3.61	41.47	600.0	-0	116	101.5	11.3	-0.731	0.3	111115
12	"13:42:54"	172.5	-12	0.891	498	25.3	3.62	6	1	2.84	37.87	37.14	37.88	499.98	499.29	2.355	26.977	3.62	41.41	600.1	0	115	101.5	11.3	-0.731	0.3	111115
13	"13:42:55"	173.5	-11.9	0.889	498	25.3	3.62	6	1	2.84	37.87	37.14	37.88	500.02	499.29	2.358	26.954	3.62	41.38	600.1	-0	114	101.5	11.3	-0.731	0.3	111115
14	"13:42:57"	175.0	-11.9	0.885	498	25.2	3.62	6	1	2.84	37.87	37.14	37.88	500.05	499.35	2.363	26.916	3.63	41.32	600.0	-0	114	101.5	11.3	-0.731	0.3	111115
15	"13:42:58"	176.0	-12	0.884	498	25.2	3.62	6	1	2.84	37.87	37.14	37.88	500.08	499.47	2.365	26.896	3.63	41.29	599.9	-0	114	101.5	11.3	-0.731	0.3	111115
16	"13:42:59"	177.5	-12	0.881	498	25.2	3.63	6	1	2.84	37.87	37.14	37.88	500.12	499.57	2.370	26.861	3.64	41.24	599.9	-0	114	101.5	11.3	-0.731	0.3	111115
17	"13:43:01"	179.0	-12	0.879	498	25.1	3.63	6	1	2.84	37.87	37.14	37.88	500.20	499.61	2.374	26.833	3.64	41.20	600.0	-0	114	101.5	11.3	-0.731	0.3	111115
18	"13:43:02"	180.0	-11.9	0.877	498	25.1	3.63	6	1	2.84	37.87	37.14	37.88	500.22	499.58	2.377	26.813	3.65	41.16	600.0	-0	114	101.5	11.3	-0.731	0.3	111115
19	"13:43:03"	181.5	-11.8	0.875	498	25.1	3.64	6	1	2.84	37.86	37.14	37.88	500.31	499.61	2.381	26.789	3.66	41.13	600.0	0	114	101.5	11.3	-0.731	0.3	111115
20	"13:43:04"	182.5	-11.8	0.873	498	25.1	3.64	6	1	2.84	37.86	37.14	37.88	500.31	499.63	2.385	26.769	3.66	41.10	600.0	-0	114	101.5	11.3	-0.731	0.3	111115
21	"13:43:06"	184.0	-11.8	0.87	498	25	3.64	6	1	2.84	37.86	37.14	37.88	500.37	499.65	2.390	26.741	3.67	41.06	600.0	-0	115	101.5	11.3	-0.731	0.3	111115
22	"13:43:07"	185.0	-11.9	0.869	498	25	3.64	6	1	2.84	37.86	37.14	37.88	500.34	499.71	2.393	26.721	3.67	41.03	600.0	-0	115	101.5	11.3	-0.731	0.3	111115
23	"13:43:08"	186.5	-12.1	0.866	499	25	3.64	6	1	2.84	37.86	37.14	37.88	500.20	499.82	2.397	26.689	3.68	40.98	600.0	-0	115	101.5	11.3	-0.731	0.3	111115
24	"13:43:09"	187.5	-12.2	0.865	499	24.9	3.65	6	1	2.84	37.86	37.14	37.88	500.12	499.90	2.401	26.668	3.69	40.94	600.0	-0	115	101.5	11.3	-0.731	0.3	111115
25	"13:43:11"	189.0	-12.3	0.863	500	24.9	3.65	6	1	2.84	37.86	37.13	37.88	500.12	499.99	2.405	26.641	3.69	40.90	600.0	-0	116	101.5	11.3	-0.731	0.3	111115
26	"13:43:12"	190.0	-12.2	0.861	499	24.9	3.65	6	1	2.84	37.86	37.13	37.88	500.23	499.95	2.408	26.623	3.70	40.88	600.0	-0	119	101.5	11.3	-0.731	0.3	111115
27	"13:43:13"	191.5	-12	0.859	499	24.8	3.65	6	1	2.84	37.86	37.13	37.88	500.36	499.95	2.411	26.599	3.70	40.84	600.0	-0	123	101.5	11.3	-0.731	0.3	111115
28	"13:43:14"	192.5	-12	0.858	499	24.8	3.65	6	1	2.84	37.86	37.13	37.88	500.35	499.93	2.414	26.581	3.71	40.82	600.0	-0	127	101.5	11.3	-0.731	0.3	111115
29	"13:43:16"	194.0	-12.2	0.855	499	24.8	3.66	6	1	2.84	37.86	37.13	37.87	500.25	500.01	2.418	26.554	3.71	40.78	600.0	-0	129	101.5	11.3	-0.731	0.3	111115
30	"13:43:17"	195.0	-12.3	0.853	500	24.8	3.66	6	1	2.84	37.86	37.14	37.87	500.17	500.10	2.422	26.536	3.72	40.75	600.0	-0	130	101.5	11.3	-0.731	0.3	111115
31	"13:43:18"	196.5	-12.4	0.851	500	24.7	3.66	6	1	2.84	37.86	37.14	37.87	500.14	500.17	2.427	26.512	3.73	40.72	600.0	-0	131	101.5	11.3	-0.731	0.3	111115
32	"13:43:19"	197.5	-12.5	0.85	501	24.7	3.66	6	1	2.84	37.86	37.14	37.87	500.11	500.28	2.430	26.497	3.73	40.69	600.0	-0	131	101.5	11.3	-0.731	0.3	111115
33	"13:43:21"	199.0	-12.4	0.848	500	24.7	3.67	6	1	2.84	37.86	37.14	37.87	500.18	500.24	2.436	26.473	3.74	40.66	600.0	-0	131	101.5	11.3	-0.731	0.3	111115
34	"13:43:22"	200.0	-12.3	0.846	500	24.7	3.67	6	1	2.84	37.86	37.14	37.87	500.26	500.22	2.439	26.460	3.75	40.64	600.0	-0	131	101.5	11.3	-0.731	0.3	111115
35	"13:43:23"	201.5	-12.2	0.845	500	24.6	3.67	6	1	2.84	37.86	37.14	37.87	500.31	500.19	2.443	26.441	3.75	40.61	599.9	-0	131	101.5	11.3	-0.731	0.3	111115
36	"13:43:24"	202.5	-12.3	0.844	500	24.6	3.67	6	1	2.84	37.86	37.13	37.87	500.27	500.24	2.446	26.431	3.76	40.59	600.0	-0	131	101.5	11.3	-0.731	0.3	111115
37	"13:43:26"	204.0	-12.3	0.843	500	24.6	3.67	6	1	2.84	37.86	37.13	37.87	500.22	500.24	2.450	26.411	3.76	40.56	600.1	-0	131	101.5	11.3	-0.731	0.7	111115
38	"13:43:27"	205.0	-12.4	0.842	501	24.6	3.67	6	1	2.84	37.86	37.13	37.87	500.20	500.32	2.454	26.395	3.77	40.54	600.1	-0	131	101.5	11.3	-0.731	0.7	111115
39	"13:43:28"	206.5	-12.4	0.84	501	24.6	3.67	6	1	2.84	37.86	37.13	37.87	500.23	500.31	2.458	26.375	3.78	40.51	600.1	-0	131	101.5	11.3	-0.731	0.7	111115
40	"13:43:29"	207.5	-12.6	0.838	501	24.5	3.68	6	1	2.84	37.86	37.14	37.87	500.17	500.46	2.461	26.358	3.78	40.48	600.1	-0	131	101.5	11.3	-0.731	0.7	111115
41	"13:43:31"	209.0	-12.5	0.836	501	24.5	3.68	6	1	2.84	37.86	37.14	37.87	500.21	500.45	2.466	26.336	3.79	40.45	600.0	-0	131	101.5	11.3	-0.731	0.7	111115
42	"13:43:32"	210.0	-12.5	0.835	501	24.5	3.68	6	1	2.84	37.86	37.14	37.87	500.26	500.47	2.469	26.322	3.79	40.43	599.9	-0	131	101.5	11.3	-0.731	0.7	111115
43	"13:43:33"	211.5	-12.3	0.834	500	24.5	3.68	6	1	2.84	37.86	37.13	37.87	500.33	500.38	2.474	26.308	3.80	40.41	599.9	-0	131	101.5	11.3	-0.731	0.7	111115
44	"13:43:34"	212.5	-12.3	0.833	500	24.5	3.68	6	1	2.84	37.86	37.13	37.87	500.31	500.36	2.477	26.293	3.80	40.39	600.0	-0	131	101.5	11.3	-0.731	0.7	111115
45	"13:43:36"	214.0	-12.5	0.831	501	24.4	3.68	6	1	2.84	37.86	37.13	37.87	500.19	500.42	2.480	26.272	3.81	40.35	600.0	-0	131	101.5	11.3	-0.731	1.0	111115
46	"13:43:37"	215.0	-12.5	0.829	501	24.4	3.69	6	1	2.84	37.86	37.13	37.87	500.18	500.45	2.484	26.259	3.82	40.33	600.0	-0	130	101.5	11.3	-0.731	1.0	111115
47	"13:43:38"	216.5	-12.4	0.828	501	24.4	3.69	6	1	2.84	37.86	37.14	37.87	500.27	500.46	2.489	26.244	3.82	40.31	599.9	-0	129	101.5	11.3	-0.731	1.0	111115
48	"13:43:39"	217.5	-12.3	0.827	501	24.4	3.69	6	1	2.84	37.86	37.13	37.87	500.36	500.43	2.493	26.233	3.83	40.30	599.9	-0	129	101.5	11.3	-0.731	1.0	111115
49	"13:43:41"	219.0	-12.2	0.826	501	24.4	3.69	6	1	2.84	37.85	37.13	37.87	500.38	500.44	2.498	26.216	3.84	40.27	600.0	-0	128	101.5	11.3	-0.731	1.0	111115
50	"13:43:42"	220.0	-12.2	0.825	500	24.3	3.69	6	1	2.84	37.85	37.13	37.87	500.39	500.40	2.501	26.206	3.84	40.26	600.0	-0	129	101.5	11.3	-0.731	1.0	111115
51	"13:43:43"	221.5	-12.3	0.824	501	24.3	3.69	6	1	2.84	37.85	37.13	37.87	500.30	500.45	2.505	26.188	3.85	40.23	600.1	-0	129	101.5	11.3	-0.731	1.0	111115
52	"13:43:44"	222.5	-12.4	0.823	501	24.3	3.7	6	1	2.84	37.85	37.13	37.87	500.29	500.50	2.508	26.174	3.85	40.21	600.1	-0	130	101.5	11.3	-0.731	1.0	111115
53	"13:43:46"	224.0	-12.4	0.821	501	24.3	3.7	6	1	2.84	37.85	37.13	37.87	500.29	500.54	2.514	26.154	3.86	40.17	600.0	0	130	101.5	11.3	-0.731	1.0	111115
54	"13:43:47"	225.0	-12.4	0.82	501	24.3	3.7	6	1	2.84	37.85	37.13	37.87	500.28	500.56	2.517	26.142	3.87	40.16	599.9	0	130	101.5	11.3	-0.731	1.0	111115
55	"13:43:48"	226.5	-12.4	0.818	501	24.2	3.7	6	1	2.84	37.85	37.13	37.87	500.23	500.53	2.522	26.127	3.87	40.14	599.9	0	131	101.5	11.3	-0.731	1.0	111115
56	"13:43:49"	227.5	-12.4	0.817	501	24.2	3.7	6	1	2.84	37.85	37.13	37.87	500.26	500.50	2.525	26.115	3.88	40.12	599.9	-0	131	101.5	11.3	-0.731	1.0	111115
57	"13:43:51"	229.0	-12.4	0.816	501	24.2	3.7	6	1	2.84	37.85	37.13	37.87	500.28	500.52	2.530	26.099	3.89	40.09	599.9	-0	131	101.5	11.3	-0.731	1.0	111115
58	"13:43:52"	230.0	-12.3	0.815	501	24.2	3.7	6	1	2.84	37.85	37.12	37.87	500.30	500.55	2.533	26.085	3.89	40.07	600.0	-0	130	101.5	11.3	-0.731	1.0	111115
59	"13:43:53"	231.5	-12.4	0.814	501	24.2	3.7	6	1	2.84	37.85	37.13	37.87	500.25	500.57	2.537	26.071	3.90	40.05	600.0	-0	131	101.5	11.3	-0.731	1.0	111115
60	"13:43:54"	232.5	-12.5	0.813	501	24.1	3.71	6	1	2.84	37.85	37.13	37.87	500.25	500.61	2.539	26.059	3.90	40.03	600.0	-0	134	101.5	11.3	-0.731	1.0	111115
61	"13:43:56"	234.0	-12.3	0.811	501	24.1	3.71	6	1	2.84	37.85	37.13	37.87	500.29	500.55	2.543	26.043	3.91	40.01	600.0	-0	136	101.5	11.3	-0.731	1.0	111115
62	"13:43:57"	235.0	-12.4	0.81	501	24.1	3.71	6	1	2.84	37.85	37.13	37.87	500.28	500.60	2.547	26.032	3.91	39.99	600.0	0	135	101.5	11.3	-0.731	1.0	111115
63	"13:43:58"	236.5	-12.3	0.809	501	24.1	3.71	6	1	2.84	37.85	37.13	37.87	500.34	500.61	2.552	26.014	3.92	39.96	600.1	0	131	101.5	11.3	-0.731	1.0	111115
64	"13:43:59"	237.5	-12.3	0.808	501	24.1	3.71	6	1	2.84	37.85	37.13	37.87	500.41	500.62	2.555	26.004	3.93	39.95	600.1	-0	130	101.5	11.3	-0.731	1.0	111115
65	"13:44:01"	239.0	-12.1	0.801	501	24	3.72	6	1	2.84	37.85	37.13	37.87	500.49	500.61	2.560	25.914	3.93	39.81	600.1	-0	134	101.5	11.3	-0.731	1.0	111115
66	"13:44:02"	240.0	-12.1	0.801	501	24	3.72	6	1	2.84	37.85	37.13	37.87	500.51	500.65	2.563	25.909	3.94	39.80	600.0	-0	136	101.5	11.3	-0.731	1.0	111115
67	"13:44:03"	241.5	-12.5	0.815	502	24.2	3.7	6	1	2.84	37.85	37.12	37.87	500.37	500.79	2.568	26.106	3.94	40.11	599.9	-0	132	101.5	11.3	-0.731	1.0	111115
68	"13:44:04"	242.5	-12.8	0.826	502	24.3	3.68	6	1	2.84	37.85	37.12	37.87	500.24	500.86	2.572	26.244	3.95	40.32	600.0	-0	121	101.5	11.3	-0.731	1.0	111115
69	"13:44:06"	244.0	-13.4	0.849	504	24.6	3.65	6	1	2.84	37.85	37.13	37.87	500.07	501.12	2.576	26.561	3.96	40.80	600.0	0	103	101.5	11.3	-0.731	0.7	111115
70	"13:44:07"	245.5	-13.5	0.866	504	24.9	3.63	6	1	2.84	37.85	37.12	37.87	500.11	501.19	2.574	26.762	3.95	41.11	600.0	-0	90	101.5	11.3	-0.731	0.3	111115
71	"13:44:08"	246.5	-13.9	0.878	504	25	3.62	6	1	2.84	37.85	37.12	37.87	500.03	501.33	2.571	26.922	3.95	41.36	600.0	-0	91	101.5	11.3	-0.731	0.3	111115
72	"13:44:10"	248.0	-14	0.886	504	25.1	3.61	6	1	2.84	37.85	37.12	37.87	499.93	501.33	2.569	27.008	3.95	41.49	600.0	-0	94	101.5	11.3	-0.731	0.3	111115
73	"13:44:11"	249.0	-14.1	0.881	505	25	3.61	6	1	2.84	37.85	37.12	37.87	499.85	501.41	2.571	26.941	3.95	41.39	600.0	0	97	101.5	11.3	-0.731	0.3	111115
74	"13:44:12"	250.5	-14	0.864	505	24.8	3.63	6	1	2.84	37.85	37.11	37.87	499.85	501.43	2.578	26.737	3.96	41.08	600.0	0	101	101.5	11.3	-0.731	0.3	111115
75	"13:44:14"	252.0	-13.6	0.846	504	24.6	3.65	6	1	2.84	37.85	37.11	37.87	500.02	501.30	2.585	26.511	3.97	40.73	600.0	0	103	101.5	11.3	-0.731	0.3	111115
76	"13:44:15"	253.0	-13.4	0.836	504	24.4	3.67	6	1	2.84	37.85	37.11	37.87	500.06	501.21	2.590	26.382	3.98	40.54	600.0	-0	105	101.5	11.3	-0.731	0.3	111115
77	"13:44:16"	254.5	-13.1	0.826	503	24.3	3.68	6	1	2.84	37.85	37.12	37.87	500.13	501.01	2.601	26.260	4.00	40.35	600.0	-0	107	101.5	11.3	-0.731	0.3	111115
78	"13:44:17"	255.5	-12.8	0.821	503	24.2	3.69	6	1	2.84	37.85	37.11	37.87	500.19	500.89	2.609	26.187	4.01	40.24	600.0	-0	109	101.5	11.3	-0.731	0.3	111115
79	"13:44:19"	257.0	-12.7	0.813	502	24.1	3.7	6	1	2.84	37.85	37.11	37.86	500.19	500.83	2.619	26.089	4.02	40.09	600.0	-0	113	101.5	11.3	-0.731	0.7	111115
80	"13:44:20"	258.0	-12.5	0.808	502	24	3.7	6	1	2.84	37.84	37.11	37.86	500.30	500.76	2.624	26.016	4.03	39.98	600.0	-0	115	101.5	11.3	-0.731	1.0	111115
81	"13:44:21"	259.5	-12.4	0.801	502	23.9	3.71	6	1	2.84	37.84	37.10	37.86	500.31	500.75	2.626	25.921	4.04	39.84	600.0	0	118	101.5	11.3	-0.731	0.7	111115
82	"13:44:22"	260.5	-12.5	0.796	502	23.8	3.72	6	1	2.84	37.84	37.10	37.86	500.26	500.81	2.629	25.847	4.04	39.73	600.0	-0	117	101.5	11.3	-0.731	0.3	111115
83	"13:44:24"	262.0	-12.4	0.788	502	23.7	3.73	6	1	2.84	37.84	37.10	37.86	500.23	500.74	2.632	25.742	4.05	39.57	600.0	-0	114	101.5	11.3	-0.731	0.3	111115
84	"13:44:25"	263.0	-12.3	0.786	502	23.7	3.73	6	1	2.84	37.84	37.10	37.86	500.25	500.66	2.635	25.716	4.05	39.53	600.0	-0	112	101.5	11.3	-0.731	0.3	111115
85	"13:44:26"	264.5	-12.2	0.788	501	23.7	3.73	6	1	2.84	37.84	37.10	37.86	500.28	500.63	2.640	25.751	4.06	39.59	600.0	-0	108	101.5	11.3	-0.731	0.3	111115
86	"13:44:27"	265.0	-12.2	0.79	502	23.7	3.72	6	1	2.84	37.84	37.10	37.86	500.27	500.63	2.642	25.775	4.06	39.62	600.0	-0	107	101.5	11.3	-0.731	0.3	111115
87	"13:44:29"	267.0	-12.5	0.796	502	23.8	3.72	6	1	2.84	37.84	37.10	37.86	500.19	500.74	2.651	25.852	4.07	39.74	600.1	-0	107	101.5	11.3	-0.731	0.3	111115
88	"13:44:30"	267.5	-12.5	0.796	502	23.8	3.72	6	1	2.84	37.84	37.10	37.86	500.15	500.75	2.652	25.852	4.08	39.74	600.0	-0	108	101.5	11.3	-0.731	0.3	111115
89	"13:44:31"	269.0	-12.5	0.794	502	23.8	3.72	6	1	2.84	37.84	37.10	37.86	500.16	500.74	2.657	25.839	4.08	39.72	600.0	-0	109	101.5	11.3	-0.731	0.3	111115
90	"13:44:32"	270.5	-12.4	0.792	502	23.8	3.72	6	1	2.84	37.84	37.10	37.86	500.22	500.72	2.661	25.813	4.09	39.69	599.9	-0	109	101.5	11.3	-0.731	0.3	111115
91	"13:44:33"	271.5	-12.3	0.791	502	23.7	3.72	6	1	2.84	37.84	37.10	37.86	500.28	500.69	2.665	25.800	4.10	39.67	600.0	-0	109	101.5	11.3	-0.731	0.3	111115
92	"13:44:35"	273.0	-12.4	0.789	502	23.7	3.72	6	1	2.84	37.84	37.10	37.86	500.25	500.73	2.673	25.776	4.11	39.63	600.0	-0	109	101.5	11.3	-0.731	0.7	111115
93	"13:44:36"	274.0	-12.5	0.789	502	23.7	3.72	6	1	2.84	37.83	37.09	37.86	500.19	500.80	2.678	25.766	4.12	39.62	600.0	-0	109	101.5	11.3	-0.731	0.7	111115
94	"13:44:37"	275.5	-12.5	0.787	502	23.7	3.72	6	1	2.84	37.83	37.09	37.86	500.19	500.80	2.684	25.747	4.13	39.59	600.0	-0	109	101.5	11.3	-0.731	1.0	111115
95	"13:44:38"	276.5	-12.4	0.787	502	23.7	3.72	6	1	2.84	37.83	37.09	37.86	500.20	500.80	2.688	25.739	4.13	39.58	599.9	-0	109	101.5	11.3	-0.731	1.0	111115
96	"13:44:40"	278.0	-12.4	0.785	502	23.6	3.73	6	1	2.84	37.83	37.09	37.85	500.24	500.81	2.691	25.721	4.14	39.56	599.9	-0	110	101.5	11.3	-0.731	1.0	111115
97	"13:44:41"	279.0	-12.3	0.784	502	23.6	3.73	6	1	2.84	37.83	37.09	37.85	500.28	500.76	2.694	25.710	4.14	39.54	599.9	0	110	101.5	11.3	-0.731	1.0	111115
98	"13:44:42"	279.5	-12.2	0.784	502	23.6	3.73	6	1	2.84	37.83	37.09	37.85	500.32	500.74	2.696	25.705	4.15	39.54	599.9	0	111	101.5	11.3	-0.731	1.0	111115
99	"13:44:43"	281.5	-12.2	0.783	502	23.6	3.73	6	1	2.84	37.83	37.08	37.85	500.33	500.72	2.702	25.688	4.16	39.51	600.0	0	112	101.5	11.3	-0.731	1.0	111115
100	"13:44:44"	282.5	-12.2	0.783	502	23.6	3.73	6	1	2.84	37.83	37.08	37.85	500.31	500.73	2.705	25.677	4.16	39.50	600.0	-0	112	101.5	11.3	-0.731	1.0	111115
101	"13:44:46"	283.0	-12.3	0.783	502	23.6	3.73	6	1	2.84	37.83	37.08	37.85	500.29	500.74	2.707	25.674	4.16	39.50	600.0	-0	112	101.5	11.3	-0.731	1.0	111115
102	"13:44:47"	284.0	-12.3	0.782	502	23.6	3.73	6	1	2.84	37.83	37.08	37.85	500.25	500.75	2.710	25.665	4.17	39.48	600.0	-0	112	101.5	11.3	-0.731	1.0	111115
103	"13:44:48"	286.5	-12.2	0.78	502	23.5	3.73	6	1	2.84	37.82	37.08	37.84	500.27	500.71	2.719	25.640	4.18	39.45	600.0	-0	113	101.5	11.3	-0.731	1.0	111115
104	"13:44:49"	287.5	-12.3	0.779	502	23.5	3.73	6	1	2.84	37.82	37.08	37.84	500.27	500.76	2.722	25.630	4.19	39.44	600.0	0	113	101.5	11.3	-0.731	1.0	111115
105	"13:44:51"	289.0	-12.2	0.778	502	23.5	3.73	6	1	2.84	37.82	37.08	37.84	500.31	500.76	2.726	25.619	4.20	39.42	600.0	-0	113	101.5	11.3	-0.731	1.0	111115
106	"13:44:52"	290.0	-12.2	0.777	502	23.5	3.73	6	1	2.84	37.82	37.07	37.84	500.35	500.78	2.730	25.610	4.20	39.41	600.0	-0	114	101.5	11.3	-0.731	1.0	111115
107	"13:44:53"	291.5	-12.2	0.776	502	23.5	3.73	6	1	2.84	37.82	37.07	37.84	500.31	500.74	2.735	25.597	4.21	39.39	600.0	-0	114	101.5	11.3	-0.731	1.0	111115
108	"13:44:54"	292.0	-12.1	0.776	502	23.5	3.73	6	1	2.84	37.82	37.07	37.84	500.35	500.74	2.737	25.592	4.21	39.39	600.0	-0	114	101.5	11.3	-0.731	1.0	111115
109	"13:44:55"	293.5	-12.1	0.775	502	23.4	3.73	6	1	2.84	37.82	37.07	37.84	500.32	500.71	2.742	25.577	4.22	39.37	600.0	-0	114	101.5	11.3	-0.731	1.0	111115
110	"13:44:56"	294.0	-12.1	0.774	502	23.4	3.73	6	1	2.84	37.82	37.07	37.84	500.32	500.73	2.744	25.572	4.22	39.36	599.9	-0	114	101.5	11.3	-0.731	1.0	111115
111	"13:44:58"	296.0	-12	0.773	501	23.4	3.74	6	1	2.84	37.82	37.07	37.84	500.39	500.70	2.751	25.550	4.24	39.33	600.0	-0	114	101.5	11.3	-0.731	1.0	111115
112	"13:44:59"	297.0	-12.1	0.771	502	23.4	3.74	6	1	2.84	37.81	37.07	37.84	500.36	500.70	2.755	25.542	4.24	39.32	600.0	-0	114	101.5	11.3	-0.731	1.0	111115
113	"13:45:00"	298.5	-12.1	0.77	502	23.4	3.74	6	1	2.84	37.81	37.08	37.84	500.36	500.72	2.759	25.527	4.25	39.30	600.0	-0	114	101.5	11.3	-0.731	1.0	111115
114	"13:45:01"	299.5	-12.1	0.769	502	23.3	3.74	6	1	2.84	37.81	37.07	37.84	500.35	500.71	2.762	25.517	4.25	39.28	600.0	-0	114	101.5	11.3	-0.731	1.0	111115
115	"13:45:02"	300.0	-12.1	0.769	502	23.3	3.74	6	1	2.84	37.81	37.07	37.84	500.32	500.78	2.763	25.511	4.25	39.27	600.0	-0	114	101.5	11.3	-0.731	1.0	111115
116	"13:45:04"	302.0	-12.2	0.768	502	23.3	3.74	6	1	2.84	37.81	37.07	37.83	500.32	500.86	2.770	25.496	4.26	39.25	600.0	-0	114	101.5	11.3	-0.731	1.0	111115
117	"13:45:05"	303.0	-12.2	0.768	502	23.3	3.74	6	1	2.84	37.81	37.07	37.83	500.35	500.86	2.773	25.493	4.27	39.25	600.0	-0	114	101.5	11.3	-0.731	1.0	111115
118	"13:45:06"	304.5	-12	0.767	502	23.3	3.74	6	1	2.84	37.81	37.07	37.83	500.42	500.79	2.778	25.484	4.28	39.24	600.0	-0	114	101.5	11.3	-0.731	1.0	111115
119	"13:45:07"	305.5	-12	0.766	502	23.3	3.74	6	1	2.84	37.81	37.07	37.83	500.41	500.76	2.782	25.475	4.28	39.23	599.9	-0	114	101.5	11.3	-0.731	1.0	111115
120	"13:45:09"	307.0	-12.2	0.765	502	23.3	3.75	6	1	2.84	37.81	37.07	37.83	500.31	500.84	2.786	25.456	4.29	39.20	600.0	0	114	101.5	11.3	-0.731	1.0	111115
121	"13:45:10"	308.0	-12.3	0.764	503	23.3	3.75	6	1	2.84	37.81	37.07	37.83	500.24	500.92	2.789	25.449	4.29	39.19	600.0	0	113	101.5	11.3	-0.731	1.0	111115
122	"13:45:11"	309.5	-12.4	0.763	503	23.2	3.75	6	1	2.84	37.81	37.07	37.83	500.20	500.98	2.793	25.437	4.30	39.17	600.0	-0	113	101.5	11.3	-0.731	1.0	111115
123	"13:45:12"	310.5	-12.3	0.763	503	23.2	3.75	6	1	2.84	37.81	37.06	37.83	500.22	500.91	2.796	25.430	4.31	39.16	600.0	-0	113	101.5	11.3	-0.731	1.0	111115
124	"13:45:14"	312.0	-12.2	0.762	502	23.2	3.75	6	1	2.84	37.81	37.06	37.83	500.34	500.89	2.802	25.417	4.32	39.14	600.0	-0	113	101.5	11.3	-0.731	1.0	111115
125	"13:45:15"	313.0	-12.1	0.761	502	23.2	3.75	6	1	2.84	37.81	37.06	37.83	500.38	500.83	2.806	25.405	4.32	39.13	600.0	-0	112	101.5	11.3	-0.731	1.0	111115
126	"13:45:16"	314.5	-12.1	0.76	502	23.2	3.75	6	1	2.84	37.81	37.06	37.83	500.39	500.85	2.811	25.389	4.33	39.10	600.0	-0	112	101.5	11.3	-0.731	1.0	111115
127	"13:45:17"	315.5	-12.1	0.759	502	23.2	3.75	6	1	2.84	37.81	37.06	37.83	500.39	500.85	2.814	25.379	4.33	39.09	600.0	-0	112	101.5	11.3	-0.731	1.0	111115
128	"13:45:19"	317.0	-12.1	0.758	502	23.1	3.75	6	1	2.84	37.81	37.06	37.83	500.39	500.86	2.819	25.368	4.34	39.07	600.0	0	111	101.5	11.3	-0.731	1.0	111115
129	"13:45:20"	317.5	-12	0.758	502	23.1	3.75	6	1	2.84	37.80	37.06	37.83	500.38	500.84	2.821	25.365	4.35	39.07	600.0	0	111	101.5	11.3	-0.731	1.0	111115
130	"13:45:21"	319.5	-12.1	0.756	502	23.1	3.75	6	1	2.84	37.80	37.06	37.83	500.33	500.86	2.829	25.346	4.36	39.04	600.0	0	110	101.5	11.3	-0.731	1.0	111115
131	"13:45:22"	320.5	-12.2	0.755	502	23.1	3.76	6	1	2.84	37.80	37.06	37.83	500.30	500.89	2.832	25.343	4.36	39.04	600.0	-0	110	101.5	11.3	-0.731	1.0	111115
132	"13:45:24"	322.0	-12.2	0.754	503	23.1	3.76	6	1	2.84	37.80	37.07	37.83	500.28	500.92	2.837	25.328	4.37	39.01	600.0	-0	109	101.5	11.3	-0.731	1.0	111115
133	"13:45:25"	323.0	-12.1	0.753	502	23.1	3.76	6	1	2.84	37.80	37.07	37.83	500.31	500.84	2.841	25.321	4.38	39.00	600.0	-0	109	101.5	11.3	-0.731	1.0	111115
134	"13:45:26"	324.5	-11.9	0.752	502	23	3.76	6	1	2.84	37.80	37.06	37.83	500.38	500.77	2.846	25.302	4.38	38.98	599.9	-0	109	101.5	11.3	-0.731	1.0	111115
135	"13:45:27"	325.0	-11.9	0.751	502	23	3.76	6	1	2.84	37.80	37.06	37.83	500.40	500.78	2.848	25.296	4.39	38.97	599.9	-0	108	101.5	11.3	-0.731	1.0	111115
136	"13:45:28"	326.0	-11.9	0.751	502	23	3.76	6	1	2.84	37.80	37.06	37.83	500.43	500.76	2.851	25.286	4.39	38.95	599.9	-0	108	101.5	11.3	-0.731	1.0	111115
137	"13:45:30"	328.0	-12	0.749	502	23	3.76	6	1	2.84	37.80	37.06	37.83	500.37	500.86	2.858	25.270	4.40	38.93	600.0	-0	108	101.5	11.3	-0.731	1.0	111115
138	"13:45:31"	329.0	-12.1	0.749	502	23	3.76	6	1	2.84	37.80	37.06	37.83	500.31	500.92	2.860	25.263	4.41	38.92	600.0	-0	107	101.5	11.3	-0.731	1.0	111115
139	"13:45:32"	330.5	-12.2	0.748	503	23	3.76	6	1	2.84	37.80	37.06	37.83	500.26	500.95	2.865	25.253	4.41	38.90	600.0	-0	107	101.5	11.3	-0.731	1.0	111115
140	"13:45:33"	331.5	-12.2	0.748	503	23	3.76	6	1	2.84	37.80	37.05	37.83	500.28	500.93	2.868	25.243	4.42	38.89	600.0	0	106	101.5	11.3	-0.731	1.0	111115
141	"13:45:35"	333.0	-12.1	0.747	503	22.9	3.76	6	1	2.84	37.80	37.05	37.83	500.32	500.98	2.874	25.231	4.43	38.87	600.0	0	105	101.5	11.3	-0.731	1.0	111115
142	"13:45:36"	334.0	-12.1	0.746	503	22.9	3.76	6	1	2.84	37.80	37.05	37.83	500.33	500.97	2.878	25.221	4.43	38.86	600.0	0	100	101.5	11.3	-0.731	1.0	111115
143	"13:45:37"	335.5	-12.1	0.745	503	22.9	3.76	6	1	2.84	37.80	37.05	37.82	500.29	500.97	2.882	25.207	4.44	38.84	600.0	-0	89	101.5	11.3	-0.731	1.0	111115
144	"13:45:38"	336.5	-12.1	0.745	503	22.9	3.76	6	1	2.84	37.80	37.05	37.82	500.33	500.94	2.887	25.197	4.45	38.82	600.1	-0	85	101.5	11.3	-0.731	1.0	111115
145	"13:45:40"	338.0	-12	0.744	502	22.9	3.77	6	1	2.84	37.80	37.05	37.82	500.38	500.91	2.892	25.183	4.46	38.81	600.1	-0	89	101.5	11.3	-0.731	1.0	111115
146	"13:45:41"	339.0	-12	0.743	502	22.9	3.76	6	1	2.84	37.80	37.04	37.82	500.39	500.96	2.896	25.173	4.46	38.79	600.1	-0	95	101.5	11.3	-0.731	1.0	111115
147	"13:45:42"	340.5	-12	0.743	502	22.8	3.76	6	1	2.84	37.79	37.03	37.82	500.36	500.95	2.901	25.158	4.47	38.77	600.1	-0	102	101.5	11.3	-0.731	1.0	111115
148	"13:45:43"	341.5	-12	0.742	502	22.8	3.76	6	1	2.84	37.79	37.03	37.82	500.34	500.92	2.904	25.147	4.48	38.76	600.1	-0	103	101.5	11.3	-0.731	1.0	111115
149	"13:45:45"	343.0	-12	0.741	502	22.8	3.77	6	1	2.84	37.79	37.03	37.82	500.33	500.89	2.909	25.134	4.48	38.74	600.0	-0	103	101.5	11.3	-0.731	1.0	111115
150	"13:45:46"	344.0	-12	0.74	502	22.8	3.77	6	1	2.84	37.79	37.03	37.82	500.35	500.89	2.912	25.119	4.49	38.72	600.0	-0	102	101.5	11.3	-0.731	1.0	111115
151	"13:45:47"	345.5	-11.9	0.738	502	22.8	3.77	6	1	2.84	37.79	37.03	37.82	500.34	500.87	2.917	25.104	4.50	38.70	599.9	-0	102	101.5	11.3	-0.731	1.0	111115
152	"13:45:48"	346.5	-11.9	0.737	502	22.7	3.77	6	1	2.84	37.79	37.03	37.82	500.38	500.90	2.921	25.098	4.50	38.69	599.8	-0	101	101.5	11.3	-0.731	1.0	111115
153	"13:45:50"	348.0	-11.9	0.736	502	22.7	3.77	6	1	2.84	37.79	37.04	37.82	500.39	500.94	2.927	25.087	4.51	38.68	599.8	-0	100	101.5	11.3	-0.731	1.0	111115
154	"13:45:51"	349.0	-11.9	0.735	502	22.7	3.77	6	1	2.84	37.79	37.04	37.82	500.41	500.94	2.931	25.079	4.52	38.66	599.9	-0	100	101.5	11.3	-0.731	1.0	111115
155	"13:45:52"	350.5	-11.9	0.735	502	22.7	3.77	6	1	2.84	37.79	37.03	37.82	500.40	500.89	2.936	25.062	4.53	38.64	600.1	-0	99	101.5	11.3	-0.731	1.0	111115
156	"13:45:53"	351.5	-11.9	0.734	502	22.7	3.77	6	1	2.84	37.79	37.03	37.82	500.41	500.95	2.939	25.051	4.53	38.62	600.1	-0	99	101.5	11.3	-0.731	1.0	111115
157	"13:45:55"	353.0	-11.9	0.733	502	22.7	3.77	6	1	2.84	37.79	37.03	37.81	500.40	500.92	2.944	25.040	4.54	38.61	600.1	-0	98	101.5	11.3	-0.731	1.0	111115
158	"13:45:56"	354.0	-12	0.732	503	22.7	3.78	6	1	2.84	37.78	37.03	37.81	500.35	501.00	2.947	25.034	4.54	38.60	600.0	-0	98	101.5	11.3	-0.731	1.0	111115
159	"13:45:57"	355.5	-12	0.731	503	22.6	3.78	6	1	2.84	37.78	37.04	37.81	500.32	501.01	2.952	25.016	4.55	38.58	600.1	0	97	101.5	11.3	-0.731	1.0	111115
160	"13:45:58"	356.5	-12.1	0.73	503	22.6	3.78	6	1	2.84	37.78	37.04	37.81	500.26	501.06	2.956	25.008	4.56	38.56	600.1	0	97	101.5	11.3	-0.731	1.0	111115
161	"13:46:00"	358.0	-12.1	0.729	503	22.6	3.78	6	1	2.84	37.78	37.03	37.81	500.27	501.00	2.960	24.991	4.57	38.54	600.0	0	96	101.5	11.3	-0.731	1.0	111115
162	"13:46:01"	359.0	-12.1	0.728	503	22.6	3.78	6	1	2.84	37.78	37.03	37.81	500.26	501.01	2.964	24.984	4.57	38.53	600.0	0	96	101.5	11.3	-0.731	1.0	111115
163	"13:46:02"	360.5	-12	0.727	503	22.6	3.78	6	1	2.84	37.78	37.03	37.81	500.34	501.00	2.969	24.972	4.58	38.51	600.0	-0	95	101.5	11.3	-0.731	1.0	111115
164	"13:46:03"	361.5	-11.9	0.726	503	22.6	3.78	6	1	2.84	37.78	37.04	37.81	500.39	501.02	2.973	24.963	4.59	38.50	600.0	0	94	101.5	11.3	-0.731	1.0	111115
165	"13:46:05"	363.0	-11.9	0.725	503	22.5	3.79	6	1	2.84	37.78	37.04	37.81	500.44	501.01	2.979	24.952	4.59	38.48	599.9	-0	93	101.5	11.3	-0.731	1.0	111115
166	"13:46:06"	364.0	-11.9	0.724	503	22.5	3.79	6	1	2.84	37.78	37.04	37.81	500.43	501.05	2.982	24.940	4.60	38.46	599.9	-0	93	101.5	11.3	-0.731	1.0	111115
167	"13:46:07"	364.5	-11.9	0.724	503	22.5	3.79	6	1	2.84	37.78	37.04	37.81	500.43	501.08	2.984	24.937	4.60	38.46	599.9	-0	92	101.5	11.3	-0.731	1.0	111115
168	"13:46:08"	366.5	-11.8	0.723	503	22.5	3.79	6	1	2.84	37.78	37.03	37.81	500.50	501.08	2.990	24.923	4.61	38.44	600.0	-0	92	101.5	11.3	-0.731	1.0	111115
169	"13:46:09"	367.5	-11.7	0.723	502	22.5	3.79	6	1	2.84	37.78	37.03	37.81	500.53	501.01	2.995	24.919	4.62	38.43	600.0	-0	91	101.5	11.3	-0.731	1.0	111115
170	"13:46:11"	369.0	-11.7	0.722	502	22.5	3.79	6	1	2.84	37.78	37.03	37.81	500.55	500.98	3.000	24.909	4.63	38.42	600.0	-0	90	101.5	11.3	-0.731	1.0	111115
171	"13:46:12"	370.0	-11.7	0.721	502	22.5	3.79	6	1	2.84	37.78	37.03	37.81	500.51	500.97	3.003	24.899	4.63	38.41	600.0	0	90	101.5	11.3	-0.731	1.0	111115
172	"13:46:13"	371.5	-11.8	0.72	503	22.4	3.79	6	1	2.84	37.78	37.03	37.81	500.44	501.01	3.008	24.883	4.64	38.39	599.9	0	89	101.5	11.3	-0.731	1.0	111115
173	"13:46:14"	372.5	-11.9	0.72	503	22.4	3.79	6	1	2.84	37.78	37.02	37.81	500.43	501.08	3.011	24.875	4.65	38.38	600.0	0	88	101.5	11.3	-0.731	1.0	111115
174	"13:46:16"	374.0	-12.1	0.719	503	22.4	3.79	6	1	2.84	37.77	37.02	37.81	500.34	501.19	3.016	24.858	4.65	38.35	600.0	-0	86	101.5	11.3	-0.731	1.0	111115
175	"13:46:17"	374.5	-12.1	0.719	503	22.4	3.79	6	1	2.84	37.77	37.02	37.81	500.34	501.20	3.017	24.854	4.66	38.35	600.0	0	85	101.5	11.3	-0.731	1.0	111115
176	"13:46:18"	375.5	-12	0.718	503	22.4	3.79	6	1	2.84	37.77	37.02	37.80	500.37	501.16	3.021	24.847	4.66	38.34	600.0	-0	84	101.5	11.3	-0.731	1.0	111115
177	"13:46:19"	377.5	-11.8	0.717	503	22.4	3.79	6	1	2.84	37.77	37.02	37.80	500.48	501.04	3.029	24.835	4.67	38.32	600.0	-0	82	101.5	11.3	-0.731	1.0	111115
178	"13:46:20"	378.0	-11.8	0.717	502	22.4	3.79	6	1	2.84	37.77	37.02	37.80	500.48	501.03	3.031	24.830	4.68	38.31	600.1	-0	82	101.5	11.3	-0.731	1.0	111115
179	"13:46:22"	380.0	-12	0.716	503	22.3	3.79	6	1	2.84	37.77	37.01	37.80	500.40	501.20	3.038	24.815	4.69	38.29	600.1	-0	82	101.5	11.3	-0.731	1.0	111115
180	"13:46:23"	381.0	-12	0.715	503	22.3	3.79	6	1	2.84	37.77	37.01	37.80	500.39	501.19	3.042	24.804	4.69	38.28	600.1	-0	82	101.5	11.3	-0.731	1.0	111115
181	"13:46:24"	382.5	-12	0.715	503	22.3	3.79	6	1	2.84	37.77	37.00	37.80	500.41	501.20	3.047	24.792	4.70	38.27	600.0	-0	81	101.5	11.3	-0.731	1.0	111115
182	"13:46:25"	383.5	-11.8	0.714	503	22.3	3.79	6	1	2.84	37.77	37.00	37.80	500.46	501.10	3.050	24.782	4.71	38.25	600.0	-0	80	101.5	11.3	-0.731	1.0	111115
183	"13:46:27"	385.0	-11.8	0.713	503	22.3	3.79	6	1	2.84	37.76	37.00	37.80	500.41	501.10	3.056	24.772	4.72	38.24	600.0	-0	80	101.5	11.3	-0.731	1.0	111115
184	"13:46:28"	386.0	-11.8	0.712	503	22.3	3.79	6	1	2.84	37.76	37.00	37.80	500.44	501.10	3.060	24.765	4.72	38.23	600.0	-0	78	101.5	11.3	-0.731	1.0	111115
185	"13:46:29"	387.5	-11.7	0.711	503	22.2	3.8	6	1	2.84	37.76	37.01	37.80	500.50	501.10	3.065	24.749	4.73	38.21	600.0	0	74	101.5	11.3	-0.731	1.0	111115
186	"13:46:30"	388.5	-11.7	0.71	503	22.2	3.8	6	1	2.84	37.76	37.01	37.80	500.52	501.11	3.069	24.738	4.74	38.19	600.0	-0	71	101.5	11.3	-0.731	1.0	111115
187	"13:46:32"	390.0	-11.7	0.709	503	22.2	3.8	6	1	2.84	37.76	37.01	37.80	500.50	501.12	3.073	24.721	4.75	38.17	600.0	-0	68	101.5	11.3	-0.731	1.0	111115
188	"13:46:33"	391.0	-11.7	0.708	503	22.2	3.8	6	1	2.84	37.76	37.01	37.79	500.51	501.11	3.078	24.714	4.75	38.16	600.0	-0	66	101.5	11.3	-0.731	1.0	111115
189	"13:46:34"	392.5	-11.7	0.707	503	22.2	3.8	6	1	2.84	37.76	37.00	37.79	500.51	501.09	3.082	24.702	4.76	38.15	600.0	-0	66	101.5	11.3	-0.731	1.0	111115
190	"13:46:35"	393.5	-11.7	0.707	503	22.2	3.8	6	1	2.84	37.76	37.00	37.79	500.53	501.10	3.086	24.696	4.77	38.14	600.0	-0	67	101.5	11.3	-0.731	1.0	111115
191	"13:46:37"	395.0	-11.7	0.706	503	22.1	3.8	6	1	2.84	37.76	37.00	37.79	500.53	501.10	3.090	24.684	4.77	38.12	600.0	-0	71	101.5	11.3	-0.731	1.0	111115
192	"13:46:38"	396.0	-11.7	0.705	503	22.1	3.8	6	1	2.84	37.76	37.00	37.79	500.51	501.14	3.094	24.675	4.78	38.11	600.0	-0	73	101.5	11.3	-0.731	1.0	111115
193	"13:46:39"	397.5	-11.8	0.704	503	22.1	3.8	6	1	2.84	37.76	37.00	37.79	500.47	501.21	3.099	24.661	4.79	38.09	600.0	-0	75	101.5	11.3	-0.731	1.0	111115
194	"13:46:40"	398.5	-11.9	0.703	503	22.1	3.8	6	1	2.84	37.75	37.00	37.79	500.40	501.24	3.103	24.652	4.79	38.08	600.0	-0	75	101.5	11.3	-0.731	1.0	111115
195	"13:46:42"	400.0	-12	0.702	504	22.1	3.81	6	1	2.84	37.75	37.00	37.79	500.29	501.23	3.109	24.641	4.80	38.06	600.0	-0	74	101.5	11.3	-0.731	1.0	111115
196	"13:46:43"	401.0	-12	0.702	504	22.1	3.81	6	1	2.84	37.75	37.00	37.79	500.29	501.21	3.112	24.635	4.81	38.05	600.0	-0	73	101.5	11.3	-0.731	1.0	111115
197	"13:46:44"	402.5	-11.9	0.701	503	22.1	3.81	6	1	2.84	37.75	37.00	37.79	500.37	501.20	3.117	24.627	4.81	38.04	600.0	-0	73	101.5	11.3	-0.731	1.0	111115
198	"13:46:45"	403.5	-11.7	0.701	503	22	3.81	6	1	2.84	37.75	36.99	37.79	500.51	501.18	3.121	24.616	4.82	38.02	599.9	-0	72	101.5	11.3	-0.731	1.0	111115
199	"13:46:47"	405.0	-11.7	0.7	503	22	3.81	6	1	2.84	37.75	36.99	37.79	500.56	501.23	3.127	24.606	4.83	38.01	600.0	0	71	101.5	11.3	-0.731	1.0	111115
200	"13:46:48"	406.0	-11.7	0.699	503	22	3.81	6	1	2.84	37.75	36.99	37.78	500.54	501.26	3.130	24.598	4.84	38.00	600.0	-0	71	101.5	11.3	-0.731	1.0	111115
201	"13:46:49"	407.5	-11.9	0.698	504	22	3.81	6	1	2.84	37.75	37.00	37.78	500.44	501.31	3.135	24.588	4.84	37.99	600.0	-0	70	101.5	11.3	-0.731	1.0	111115
202	"13:46:50"	408.5	-11.9	0.697	504	22	3.81	6	1	2.84	37.75	37.00	37.78	500.42	501.28	3.139	24.581	4.85	37.98	600.0	-0	70	101.5	11.3	-0.731	1.0	111115
203	"13:46:52"	410.0	-11.8	0.696	503	22	3.81	6	1	2.84	37.75	37.01	37.78	500.44	501.26	3.145	24.571	4.86	37.96	600.0	-0	69	101.5	11.3	-0.731	1.0	111115
204	"13:46:53"	411.0	-11.7	0.695	503	22	3.82	6	1	2.84	37.75	37.01	37.78	500.50	501.24	3.149	24.560	4.86	37.95	600.0	-0	68	101.5	11.3	-0.731	1.0	111115
205	"13:46:54"	412.5	-11.6	0.694	503	21.9	3.82	6	1	2.84	37.75	37.01	37.78	500.57	501.20	3.154	24.545	4.87	37.92	600.0	-0	67	101.5	11.3	-0.731	1.0	111115
206	"13:46:55"	413.5	-11.7	0.694	503	21.9	3.82	6	1	2.84	37.75	37.00	37.78	500.53	501.24	3.158	24.533	4.88	37.91	600.0	-0	67	101.5	11.3	-0.731	1.0	111115
207	"13:46:57"	415.0	-11.6	0.692	503	21.9	3.82	6	1	2.84	37.75	37.00	37.78	500.59	501.19	3.164	24.519	4.89	37.89	600.0	0	66	101.5	11.3	-0.731	1.0	111115
208	"13:46:58"	416.0	-11.6	0.692	503	21.9	3.82	6	1	2.84	37.75	36.99	37.78	500.60	501.21	3.168	24.512	4.90	37.88	600.0	-0	66	101.5	11.3	-0.731	1.0	111115
209	"13:46:59"	417.5	-11.6	0.692	503	21.9	3.82	6	1	2.84	37.75	36.99	37.78	500.62	501.22	3.173	24.502	4.90	37.86	600.1	-0	65	101.5	11.3	-0.731	1.0	111115
210	"13:47:00"	418.5	-11.7	0.691	503	21.9	3.82	6	1	2.84	37.75	36.99	37.78	500.56	501.27	3.176	24.493	4.91	37.85	600.1	0	65	101.5	11.3	-0.731	1.0	111115
211	"13:47:02"	420.0	-11.8	0.69	504	21.8	3.82	6	1	2.84	37.74	36.99	37.78	500.51	501.32	3.180	24.482	4.91	37.83	600.2	-0	64	101.5	11.3	-0.731	1.0	111115
212	"13:47:03"	421.0	-11.8	0.689	504	21.8	3.82	6	1	2.84	37.74	37.00	37.78	500.48	501.30	3.184	24.474	4.92	37.82	600.2	-0	64	101.5	11.3	-0.731	1.0	111115
213	"13:47:04"	422.5	-11.8	0.688	504	21.8	3.82	6	1	2.84	37.74	37.00	37.78	500.49	501.31	3.190	24.464	4.93	37.81	600.1	-0	63	101.5	11.3	-0.731	1.0	111115
214	"13:47:05"	423.5	-11.8	0.687	504	21.8	3.82	6	1	2.84	37.74	37.00	37.78	500.47	501.29	3.195	24.454	4.94	37.79	600.0	-0	63	101.5	11.3	-0.731	1.0	111115
215	"13:47:07"	425.0	-11.6	0.687	503	21.8	3.82	6	1	2.84	37.74	37.00	37.78	500.56	501.22	3.201	24.445	4.95	37.78	600.0	-0	62	101.5	11.3	-0.731	1.0	111115
216	"13:47:08"	426.0	-11.6	0.686	503	21.8	3.82	6	1	2.84	37.74	36.99	37.78	500.55	501.23	3.204	24.440	4.95	37.77	600.0	-0	62	101.5	11.3	-0.731	1.0	111115
217	"13:47:09"	427.5	-11.6	0.685	503	21.8	3.82	6	1	2.84	37.74	37.00	37.78	500.52	501.24	3.209	24.432	4.96	37.76	600.0	-0	61	101.5	11.3	-0.731	1.0	111115
218	"13:47:10"	428.5	-11.7	0.685	503	21.7	3.83	6	1	2.84	37.74	37.00	37.78	500.50	501.28	3.214	24.425	4.97	37.75	599.9	-0	60	101.5	11.3	-0.731	1.0	111115
219	"13:47:12"	430.0	-11.6	0.684	503	21.7	3.83	6	1	2.84	37.74	37.00	37.77	500.51	501.21	3.219	24.410	4.98	37.73	600.0	-0	60	101.5	11.3	-0.731	1.0	111115
220	"13:47:13"	431.0	-11.6	0.683	503	21.7	3.83	6	1	2.84	37.74	36.99	37.77	500.57	501.24	3.223	24.402	4.98	37.72	600.0	-0	59	101.5	11.3	-0.731	1.0	111115
221	"13:47:14"	432.5	-11.8	0.682	504	21.7	3.83	6	1	2.84	37.74	36.99	37.77	500.44	501.35	3.227	24.388	4.99	37.70	600.0	-0	58	101.5	11.3	-0.731	1.0	111115
222	"13:47:15"	433.5	-11.8	0.682	504	21.7	3.83	6	1	2.84	37.74	36.99	37.77	500.40	501.37	3.229	24.381	4.99	37.69	600.0	-0	58	101.5	11.3	-0.731	1.0	111115
223	"13:47:16"	434.0	-11.9	0.682	504	21.7	3.83	6	1	2.84	37.74	36.99	37.77	500.35	501.37	3.231	24.378	4.99	37.68	600.0	-0	57	101.5	11.3	-0.731	1.0	111115
224	"13:47:18"	436.0	-11.8	0.68	504	21.7	3.83	6	1	2.84	37.74	36.99	37.77	500.41	501.32	3.240	24.363	5.01	37.66	600.0	-0	57	101.5	11.3	-0.731	1.0	111115
225	"13:47:19"	437.0	-11.8	0.679	504	21.6	3.83	6	1	2.84	37.74	36.99	37.77	500.41	501.32	3.242	24.353	5.01	37.65	600.0	-0	57	101.5	11.3	-0.731	1.0	111115
226	"13:47:20"	438.5	-11.6	0.679	503	21.6	3.83	6	1	2.84	37.74	36.99	37.77	500.51	501.28	3.248	24.341	5.02	37.63	600.0	-0	56	101.5	11.3	-0.731	1.0	111115
227	"13:47:21"	439.5	-11.6	0.678	503	21.6	3.83	6	1	2.84	37.73	36.98	37.77	500.53	501.26	3.252	24.327	5.03	37.61	600.0	-0	56	101.5	11.3	-0.731	1.0	111115
228	"13:47:23"	441.0	-11.5	0.677	503	21.6	3.83	6	1	2.84	37.73	36.98	37.77	500.56	501.20	3.258	24.312	5.04	37.59	600.0	-0	55	101.5	11.3	-0.731	1.0	111115
229	"13:47:24"	442.0	-11.6	0.677	503	21.6	3.83	6	1	2.84	37.73	36.98	37.77	500.54	501.30	3.262	24.306	5.04	37.59	600.0	-0	55	101.5	11.3	-0.731	1.0	111115
230	"13:47:25"	443.5	-11.7	0.676	504	21.6	3.83	6	1	2.84	37.73	36.98	37.77	500.43	501.37	3.268	24.295	5.05	37.57	600.0	-0	54	101.5	11.3	-0.731	1.0	111115
231	"13:47:26"	444.5	-11.8	0.675	504	21.5	3.83	6	1	2.84	37.73	36.98	37.77	500.38	501.39	3.271	24.293	5.06	37.57	600.0	-0	54	101.5	11.3	-0.731	1.0	111115
232	"13:47:28"	446.0	-11.8	0.675	504	21.5	3.83	6	1	2.84	37.73	36.98	37.77	500.33	501.38	3.276	24.283	5.07	37.55	600.0	-0	53	101.5	11.3	-0.731	1.0	111115
233	"13:47:29"	447.0	-11.9	0.674	504	21.5	3.84	6	1	2.84	37.73	36.98	37.77	500.34	501.41	3.280	24.277	5.07	37.54	600.0	-0	53	101.5	11.3	-0.731	1.0	111115
234	"13:47:30"	448.5	-11.8	0.673	504	21.5	3.84	6	1	2.84	37.73	36.98	37.77	500.35	501.41	3.286	24.270	5.08	37.54	600.0	0	52	101.5	11.3	-0.731	1.0	111115
235	"13:47:31"	449.5	-11.9	0.673	505	21.5	3.84	6	1	2.84	37.73	36.98	37.76	500.34	501.45	3.291	24.259	5.09	37.52	600.0	0	52	101.5	11.3	-0.731	1.0	111115
236	"13:47:33"	451.0	-11.9	0.672	505	21.5	3.84	6	1	2.84	37.73	36.98	37.76	500.30	501.48	3.296	24.245	5.10	37.50	600.0	0	51	101.5	11.3	-0.731	1.0	111115
237	"13:47:34"	451.5	-11.9	0.671	505	21.5	3.84	6	1	2.84	37.73	36.98	37.76	500.34	501.48	3.298	24.242	5.10	37.50	600.0	0	51	101.5	11.3	-0.731	1.0	111115
238	"13:47:35"	453.0	-11.8	0.671	505	21.4	3.84	6	1	2.84	37.73	36.97	37.76	500.43	501.51	3.302	24.229	5.11	37.48	600.0	0	51	101.5	11.3	-0.731	1.0	111115
239	"13:47:36"	454.5	-11.6	0.67	504	21.4	3.84	6	1	2.84	37.73	36.97	37.76	500.58	501.39	3.307	24.213	5.11	37.45	600.0	-0	50	101.5	11.3	-0.731	1.0	111115
240	"13:47:37"	455.5	-11.5	0.669	504	21.4	3.84	6	1	2.84	37.73	36.97	37.76	500.58	501.36	3.310	24.203	5.12	37.44	600.0	-0	50	101.5	11.3	-0.731	1.0	111115
241	"13:47:39"	457.0	-11.5	0.668	504	21.4	3.84	6	1	2.84	37.73	36.97	37.76	500.54	501.34	3.315	24.192	5.13	37.42	600.0	-0	50	101.5	11.3	-0.731	1.0	111115
242	"13:47:40"	458.0	-11.6	0.668	504	21.4	3.84	6	1	2.84	37.73	36.97	37.76	500.52	501.37	3.320	24.187	5.14	37.42	600.0	-0	49	101.5	11.3	-0.731	1.0	111115
243	"13:47:41"	459.5	-11.5	0.667	504	21.4	3.84	6	1	2.84	37.72	36.97	37.76	500.54	501.37	3.325	24.176	5.14	37.40	600.0	-0	49	101.5	11.3	-0.731	1.0	111115
