"OPEN 5.3.2"
"Thr Aug  2 2018 10:36:05"
"Unit="	"PSC-895"
"ComputeList="	"/User/Configs/Comps/Default"
"BLCTable="	"/Sys/Lib/StdBLCTable"
"LightSource="	"Sun+Sky"	1	0.19
"LogFormat="	"/User/Configs/LogFormats/Std Output"
"LogCodes="	-35	-21	-36	30	23	36	21	25	-33	-34	-32	-9	-10	-8	-1	-2	-4	-5	-14	-15	-7	-12	-13	-11	-65	-66	-72	-23
"PromptList="	"/User/Configs/Prompts/Default (none)"
"Stability= (CO2S 15s SLP<1)(H2OS 15s SLP<1)(Flow 15s SLP<1)"
"10:36:37 cos 500 flow 600 match post roots"
$STARTOFDATA$
"Obs"	"HHMMSS"	"FTime"	"Photo"	"Cond"	"Ci"	"Trmmol"	"VpdL"	"Area"	"StmRat"	"BLCond"	"Tair"	"Tleaf"	"TBlk"	"CO2R"	"CO2S"	"H2OR"	"H2OS"	"RH_R"	"RH_S"	"Flow"	"PARi"	"PARo"	"Press"	"CsMch"	"HsMch"	"StableF"	"Status"
1	"10:37:31"	103.5	-9.48	2.88	500	17.6	1.19	6	1	2.84	34.87	34.31	34.86	498.63	499.32	24.906	41.777	45.14	75.72	600.0	-0	204	101.6	5.83	-0.0915	0.0	111115
2	"10:37:32"	104.0	-9.45	2.88	500	17.6	1.19	6	1	2.84	34.87	34.31	34.86	498.66	499.32	24.903	41.776	45.13	75.71	600.0	-0	203	101.6	5.83	-0.0915	0.3	111115
3	"10:37:33"	105.5	-9.47	2.88	500	17.6	1.19	6	1	2.84	34.87	34.31	34.86	498.69	499.38	24.907	41.772	45.14	75.71	600.0	-0	183	101.6	5.83	-0.0915	0.3	111115
4	"10:37:35"	107.0	-9.33	2.88	500	17.6	1.19	6	1	2.84	34.87	34.31	34.86	498.85	499.39	24.907	41.771	45.14	75.71	600.0	-0	187	101.6	5.83	-0.0915	0.3	111115
5	"10:37:36"	107.5	-9.3	2.87	500	17.6	1.19	6	1	2.84	34.87	34.32	34.86	498.91	499.42	24.908	41.767	45.14	75.70	600.0	-0	189	101.6	5.83	-0.0915	0.3	111115
6	"10:37:37"	109.5	-8.92	2.86	500	17.6	1.19	6	1	2.84	34.87	34.32	34.86	499.29	499.43	24.909	41.761	45.15	75.69	599.9	-0	202	101.6	5.83	-0.0915	0.3	111115
7	"10:37:38"	110.5	-8.79	2.87	499	17.6	1.19	6	1	2.84	34.87	34.32	34.86	499.43	499.43	24.909	41.763	45.15	75.69	600.0	-0	210	101.6	5.83	-0.0915	0.7	111115
8	"10:37:40"	112.0	-8.62	2.86	499	17.6	1.19	6	1	2.84	34.87	34.32	34.86	499.55	499.39	24.910	41.753	45.15	75.67	600.0	-0	223	101.6	5.83	-0.0915	0.7	111115
9	"10:37:41"	112.5	-8.58	2.86	499	17.6	1.19	6	1	2.84	34.87	34.32	34.86	499.56	499.37	24.910	41.751	45.15	75.67	600.0	-0	231	101.6	5.83	-0.0915	1.0	111115
10	"10:37:42"	114.0	-8.51	2.85	499	17.6	1.2	6	1	2.84	34.87	34.32	34.86	499.63	499.36	24.912	41.743	45.15	75.65	599.9	-0	244	101.6	5.83	-0.0915	1.0	111115
11	"10:37:43"	115.5	-8.42	2.84	499	17.6	1.2	6	1	2.84	34.87	34.32	34.86	499.67	499.33	24.915	41.744	45.15	75.64	600.0	-0	265	101.6	5.83	-0.0915	1.0	111115
12	"10:37:44"	116.0	-8.4	2.84	499	17.6	1.2	6	1	2.84	34.87	34.32	34.86	499.70	499.33	24.916	41.743	45.15	75.64	600.0	-0	286	101.6	5.83	-0.0915	1.0	111115
13	"10:37:46"	118.0	-8.49	2.85	499	17.6	1.2	6	1	2.84	34.88	34.32	34.86	499.68	499.40	24.917	41.751	45.15	75.65	600.1	-0	658	101.6	5.83	-0.0915	1.0	111115
14	"10:37:47"	119.0	-8.42	2.85	499	17.6	1.2	6	1	2.84	34.88	34.32	34.86	499.72	499.36	24.918	41.751	45.15	75.65	600.1	-0	930	101.6	5.83	-0.0915	1.0	111115
15	"10:37:48"	120.5	-8.39	2.84	499	17.6	1.2	6	1	2.84	34.88	34.32	34.86	499.73	499.35	24.921	41.747	45.15	75.64	600.0	-0	1188	101.6	5.83	-0.0915	1.0	111115
16	"10:37:49"	121.5	-8.44	2.84	499	17.6	1.2	6	1	2.84	34.88	34.33	34.86	499.70	499.38	24.922	41.747	45.15	75.64	600.0	-0	1173	101.6	5.83	-0.0915	1.0	111115
17	"10:37:51"	123.0	-8.69	2.83	499	17.6	1.2	6	1	2.84	34.88	34.33	34.86	499.60	499.52	24.924	41.750	45.15	75.64	600.0	-0	1198	101.6	5.83	-0.0915	1.0	111115
18	"10:37:52"	124.0	-8.77	2.83	500	17.6	1.2	6	1	2.84	34.88	34.34	34.86	499.59	499.58	24.928	41.761	45.16	75.65	600.0	-0	1263	101.6	5.83	-0.0915	1.0	111115
19	"10:37:53"	125.5	-8.9	2.83	500	17.6	1.2	6	1	2.84	34.88	34.34	34.87	499.59	499.71	24.934	41.768	45.16	75.66	600.0	-0	1453	101.6	5.83	-0.0915	1.0	111115
20	"10:37:54"	126.5	-8.82	2.82	500	17.6	1.2	6	1	2.84	34.88	34.34	34.87	499.63	499.68	24.939	41.767	45.17	75.65	600.0	-0	1466	101.6	5.83	-0.0915	1.0	111115
21	"10:37:56"	128.0	-8.82	2.82	500	17.6	1.2	6	1	2.84	34.88	34.35	34.87	499.69	499.73	24.947	41.776	45.18	75.66	600.0	-0	1376	101.6	5.83	-0.0915	1.0	111115
22	"10:37:57"	129.0	-8.65	2.83	499	17.6	1.2	6	1	2.84	34.89	34.35	34.87	499.75	499.62	24.954	41.794	45.19	75.68	600.0	-0	1310	101.6	5.83	-0.0915	0.7	111115
23	"10:37:58"	130.5	-8.52	2.84	499	17.6	1.2	6	1	2.84	34.89	34.36	34.87	499.86	499.59	24.962	41.821	45.19	75.72	600.0	-0	1253	101.6	5.83	-0.0915	0.7	111115
24	"10:37:59"	131.5	-8.49	2.85	499	17.6	1.2	6	1	2.84	34.89	34.36	34.87	499.90	499.59	24.966	41.842	45.20	75.75	600.0	-0	1309	101.6	5.83	-0.0915	0.7	111115
25	"10:38:01"	133.0	-8.55	2.85	499	17.6	1.2	6	1	2.84	34.90	34.37	34.87	499.83	499.58	24.973	41.861	45.20	75.77	599.9	-0	1299	101.6	5.83	-0.0915	0.7	111115
26	"10:38:02"	134.0	-8.48	2.86	499	17.6	1.2	6	1	2.84	34.90	34.37	34.88	499.79	499.46	24.976	41.882	45.20	75.80	599.9	-0	1219	101.6	5.83	-0.0915	1.0	111115
27	"10:38:03"	135.5	-8.96	2.88	500	17.7	1.2	6	1	2.84	34.90	34.37	34.88	499.63	499.76	24.983	41.910	45.21	75.84	599.9	-0	990	101.6	5.83	-0.0915	1.0	111115
28	"10:38:04"	136.5	-9.04	2.89	500	17.7	1.19	6	1	2.84	34.90	34.38	34.88	499.68	499.88	24.987	41.936	45.21	75.87	600.0	-0	922	101.6	5.83	-0.0915	0.7	111115
29	"10:38:06"	138.0	-9.07	2.9	500	17.7	1.19	6	1	2.84	34.91	34.39	34.88	499.75	499.97	24.994	41.967	45.21	75.91	600.0	-0	911	101.6	5.83	-0.0915	0.7	111115
30	"10:38:07"	139.0	-8.79	2.92	500	17.7	1.19	6	1	2.84	34.91	34.40	34.88	499.83	499.75	24.998	41.994	45.21	75.95	600.0	-0	998	101.6	5.83	-0.0915	0.7	111115
31	"10:38:08"	140.5	-8.78	2.93	500	17.8	1.19	6	1	2.84	34.91	34.40	34.88	499.82	499.72	25.001	42.016	45.21	75.97	600.1	-0	1131	101.6	5.83	-0.0915	1.0	111115
32	"10:38:09"	141.5	-8.82	2.94	500	17.8	1.19	6	1	2.84	34.91	34.40	34.89	499.76	499.69	25.004	42.040	45.21	76.01	600.1	-0	1255	101.6	5.83	-0.0915	0.7	111115
33	"10:38:11"	143.0	-8.82	2.96	500	17.8	1.19	6	1	2.84	34.92	34.41	34.89	499.73	499.65	25.007	42.077	45.20	76.06	600.1	-0	1387	101.6	5.83	-0.0915	0.7	111115
34	"10:38:12"	144.0	-8.86	2.98	500	17.8	1.19	6	1	2.84	34.92	34.41	34.89	499.73	499.68	25.010	42.103	45.20	76.10	600.0	-0	1370	101.6	5.83	-0.0915	0.7	111115
35	"10:38:13"	145.5	-8.88	2.99	500	17.9	1.19	6	1	2.84	34.92	34.42	34.89	499.76	499.71	25.014	42.134	45.20	76.14	599.9	-0	1214	101.6	5.83	-0.0915	0.7	111115
36	"10:38:14"	146.5	-9.07	3	500	17.9	1.19	6	1	2.84	34.93	34.42	34.90	499.72	499.85	25.017	42.154	45.20	76.16	599.9	-0	963	101.6	5.83	-0.0915	0.7	111115
37	"10:38:16"	148.0	-9.22	3.02	500	17.9	1.18	6	1	2.84	34.93	34.43	34.90	499.59	499.85	25.023	42.190	45.20	76.21	599.9	-0	632	101.6	5.83	-0.0915	0.7	111115
38	"10:38:17"	149.0	-9.15	3.04	500	17.9	1.18	6	1	2.84	34.93	34.43	34.90	499.63	499.82	25.028	42.214	45.20	76.24	599.9	-0	506	101.6	5.83	-0.0915	0.7	111115
39	"10:38:18"	150.5	-8.94	3.06	500	18	1.18	6	1	2.84	34.94	34.43	34.90	499.74	499.70	25.036	42.246	45.21	76.28	600.0	-0	663	101.6	5.83	-0.0915	0.7	111115
40	"10:38:19"	151.5	-8.79	3.07	499	18	1.18	6	1	2.84	34.94	34.44	34.90	499.87	499.68	25.040	42.262	45.21	76.30	600.0	-0	913	101.6	5.83	-0.0915	0.7	111115
41	"10:38:21"	153.0	-8.89	3.08	500	18	1.18	6	1	2.84	34.94	34.44	34.91	499.84	499.74	25.043	42.282	45.21	76.33	600.0	-0	1256	101.6	5.83	-0.0915	0.7	111115
42	"10:38:22"	154.0	-8.84	3.09	499	18	1.18	6	1	2.84	34.95	34.45	34.91	499.83	499.66	25.044	42.296	45.20	76.34	600.0	-0	1394	101.6	5.83	-0.0915	0.7	111115
43	"10:38:23"	155.5	-8.86	3.1	499	18	1.18	6	1	2.84	34.95	34.46	34.91	499.78	499.63	25.044	42.327	45.19	76.38	600.0	-0	1390	101.6	5.83	-0.0915	0.7	111115
44	"10:38:24"	156.5	-8.99	3.12	500	18.1	1.18	6	1	2.84	34.95	34.46	34.91	499.76	499.72	25.045	42.349	45.19	76.41	600.0	-0	1359	101.6	5.83	-0.0915	0.7	111115
45	"10:38:26"	158.0	-9.08	3.14	500	18.1	1.17	6	1	2.84	34.96	34.46	34.92	499.79	499.82	25.050	42.387	45.19	76.46	600.0	-0	1331	101.6	5.83	-0.0915	0.7	111115
46	"10:38:27"	159.0	-9.02	3.15	500	18.1	1.17	6	1	2.84	34.96	34.47	34.92	499.79	499.76	25.055	42.404	45.19	76.49	600.0	-0	1354	101.6	5.83	-0.0915	0.7	111115
47	"10:38:28"	160.5	-8.9	3.17	500	18.1	1.17	6	1	2.84	34.96	34.47	34.92	499.90	499.74	25.065	42.433	45.20	76.52	600.0	-0	1382	101.6	5.83	-0.0915	0.7	111115
48	"10:38:29"	161.5	-8.9	3.17	500	18.1	1.17	6	1	2.84	34.96	34.47	34.92	499.87	499.71	25.069	42.441	45.20	76.52	600.1	-0	1403	101.6	5.83	-0.0915	0.7	111115
49	"10:38:31"	163.0	-8.82	3.18	499	18.2	1.17	6	1	2.84	34.97	34.48	34.93	499.82	499.57	25.076	42.460	45.20	76.54	600.0	-0	1416	101.6	5.83	-0.0915	0.7	111115
50	"10:38:32"	164.0	-8.69	3.18	499	18.2	1.17	6	1	2.84	34.97	34.48	34.93	499.81	499.43	25.080	42.466	45.20	76.54	600.0	-0	1423	101.6	5.83	-0.0915	0.7	111115
51	"10:38:33"	165.5	-8.7	3.18	499	18.2	1.17	6	1	2.84	34.97	34.48	34.93	499.79	499.43	25.088	42.482	45.21	76.56	600.0	-0	1421	101.6	5.83	-0.0915	0.7	111115
52	"10:38:34"	166.5	-8.63	3.19	499	18.2	1.17	6	1	2.84	34.98	34.48	34.94	499.84	499.40	25.094	42.491	45.22	76.56	600.0	-0	1420	101.6	5.83	-0.0915	0.3	111115
53	"10:38:36"	168.0	-8.81	3.19	499	18.2	1.17	6	1	2.84	34.98	34.49	34.94	499.82	499.56	25.100	42.496	45.22	76.55	600.0	-0	1420	101.6	5.83	-0.0915	0.7	111115
54	"10:38:37"	169.0	-8.77	3.19	499	18.2	1.17	6	1	2.84	34.98	34.49	34.94	499.80	499.50	25.106	42.501	45.22	76.55	600.0	-0	1420	101.6	5.83	-0.0915	1.0	111115
55	"10:38:38"	170.5	-8.7	3.2	499	18.2	1.17	6	1	2.84	34.99	34.49	34.95	499.87	499.49	25.113	42.523	45.22	76.58	599.9	-0	1419	101.6	5.83	-0.0915	0.7	111115
56	"10:38:39"	171.5	-8.66	3.21	499	18.2	1.17	6	1	2.84	34.99	34.49	34.95	499.87	499.45	25.118	42.542	45.23	76.60	599.9	-0	1420	101.6	5.83	-0.0915	0.7	111115
57	"10:38:41"	173.0	-8.47	3.23	499	18.2	1.17	6	1	2.84	34.99	34.49	34.95	499.94	499.31	25.124	42.561	45.24	76.63	600.0	-0	1417	101.6	5.83	-0.0915	0.7	111115
58	"10:38:42"	174.0	-8.62	3.24	499	18.2	1.16	6	1	2.84	34.99	34.49	34.95	499.89	499.41	25.129	42.567	45.24	76.63	600.1	-0	1404	101.6	5.83	-0.0915	0.7	111115
59	"10:38:43"	175.5	-8.77	3.25	499	18.2	1.16	6	1	2.84	35.00	34.49	34.96	499.87	499.53	25.136	42.582	45.24	76.64	600.1	-0	1372	101.6	5.83	-0.0915	0.7	111115
60	"10:38:44"	176.5	-8.95	3.26	499	18.2	1.16	6	1	2.84	35.00	34.49	34.96	499.78	499.62	25.141	42.598	45.25	76.67	600.1	-0	1357	101.6	5.83	-0.0915	1.0	111115
61	"10:38:46"	178.0	-8.82	3.28	499	18.3	1.16	6	1	2.84	35.00	34.50	34.96	499.75	499.45	25.148	42.626	45.25	76.70	600.0	-0	1297	101.6	5.83	-0.0915	1.0	111115
62	"10:38:47"	179.0	-8.78	3.28	499	18.3	1.16	6	1	2.84	35.00	34.50	34.96	499.77	499.44	25.153	42.635	45.26	76.71	600.0	-0	1287	101.6	5.83	-0.0915	1.0	111115
63	"10:38:48"	180.5	-8.64	3.28	499	18.3	1.16	6	1	2.84	35.01	34.50	34.97	499.79	499.31	25.159	42.643	45.26	76.71	600.0	-0	1303	101.6	5.83	-0.0915	1.0	111115
64	"10:38:49"	181.5	-8.62	3.28	499	18.3	1.16	6	1	2.84	35.01	34.51	34.97	499.84	499.33	25.163	42.644	45.26	76.70	600.0	-0	1353	101.6	5.83	-0.0915	1.0	111115
65	"10:38:51"	183.0	-8.65	3.29	499	18.3	1.16	6	1	2.84	35.01	34.51	34.97	499.83	499.35	25.169	42.660	45.26	76.72	600.0	-0	1392	101.6	5.83	-0.0915	1.0	111115
66	"10:38:52"	184.0	-8.61	3.3	499	18.3	1.16	6	1	2.84	35.01	34.51	34.97	499.85	499.33	25.174	42.677	45.27	76.74	600.0	-0	1326	101.6	5.83	-0.0915	1.0	111115
67	"10:38:53"	185.5	-8.59	3.31	499	18.3	1.16	6	1	2.84	35.02	34.51	34.98	499.85	499.30	25.180	42.695	45.27	76.77	600.0	-0	1182	101.6	5.83	-0.0915	1.0	111115
68	"10:38:54"	186.5	-8.5	3.32	499	18.3	1.16	6	1	2.84	35.02	34.51	34.98	499.86	499.22	25.185	42.709	45.28	76.78	600.0	-0	1032	101.6	5.83	-0.0915	1.0	111115
69	"10:38:56"	188.0	-8.46	3.34	499	18.3	1.16	6	1	2.84	35.02	34.52	34.98	499.92	499.24	25.190	42.731	45.28	76.81	600.0	-0	836	101.6	5.83	-0.0915	1.0	111115
70	"10:38:57"	189.0	-8.49	3.35	499	18.3	1.15	6	1	2.84	35.02	34.52	34.98	499.94	499.28	25.195	42.749	45.28	76.83	600.0	-0	732	101.6	5.83	-0.0915	1.0	111115
71	"10:38:58"	190.5	-8.34	3.36	498	18.3	1.15	6	1	2.84	35.03	34.52	34.99	499.98	499.16	25.201	42.759	45.29	76.84	600.0	-0	630	101.6	5.83	-0.0915	1.0	111115
72	"10:38:59"	191.5	-8.42	3.36	498	18.3	1.15	6	1	2.84	35.03	34.52	34.99	499.92	499.18	25.204	42.768	45.29	76.85	600.0	-0	616	101.6	5.83	-0.0915	0.7	111115
73	"10:39:01"	193.0	-8.54	3.37	499	18.4	1.15	6	1	2.84	35.03	34.52	34.99	499.87	499.24	25.208	42.776	45.29	76.85	600.0	-0	640	101.6	5.83	-0.0915	0.7	111115
74	"10:39:02"	194.0	-8.65	3.38	499	18.4	1.15	6	1	2.84	35.03	34.52	34.99	499.87	499.36	25.210	42.784	45.29	76.86	600.0	-0	625	101.6	5.83	-0.0915	0.7	111115
75	"10:39:03"	195.5	-8.58	3.39	499	18.4	1.15	6	1	2.84	35.03	34.52	35.00	499.89	499.30	25.212	42.795	45.29	76.87	599.9	-0	564	101.6	5.83	-0.0915	1.0	111115
76	"10:39:04"	196.5	-8.6	3.4	499	18.4	1.15	6	1	2.84	35.03	34.52	35.00	499.81	499.24	25.214	42.802	45.29	76.87	599.9	-0	465	101.6	5.83	-0.0915	1.0	111115
77	"10:39:06"	198.0	-8.52	3.4	499	18.4	1.15	6	1	2.84	35.04	34.52	35.00	499.77	499.12	25.214	42.810	45.28	76.88	600.0	-0	346	101.6	5.83	-0.0915	1.0	111115
78	"10:39:07"	199.0	-8.55	3.4	499	18.4	1.15	6	1	2.84	35.04	34.52	35.00	499.81	499.18	25.217	42.817	45.28	76.88	600.0	-0	289	101.6	5.83	-0.0915	1.0	111115
79	"10:39:08"	200.5	-8.48	3.4	498	18.4	1.15	6	1	2.84	35.04	34.53	35.01	499.80	499.10	25.219	42.830	45.28	76.89	600.1	-0	228	101.6	5.83	-0.0915	1.0	111115
80	"10:39:09"	201.5	-8.47	3.42	498	18.4	1.15	6	1	2.84	35.04	34.53	35.01	499.83	499.11	25.220	42.843	45.28	76.91	600.1	-0	200	101.6	5.83	-0.0915	1.0	111115
81	"10:39:11"	203.0	-8.3	3.42	498	18.4	1.15	6	1	2.84	35.04	34.53	35.01	499.90	499.00	25.220	42.851	45.27	76.92	600.1	-0	174	101.6	5.83	-0.0915	1.0	111115
82	"10:39:12"	204.0	-8.26	3.42	498	18.4	1.15	6	1	2.84	35.05	34.53	35.01	499.94	499.00	25.223	42.854	45.27	76.92	600.0	-0	165	101.6	5.83	-0.0915	1.0	111115
83	"10:39:13"	204.5	-8.27	3.42	498	18.4	1.15	6	1	2.84	35.05	34.53	35.01	499.93	499.00	25.224	42.855	45.27	76.92	600.0	-0	161	101.6	5.83	-0.0915	1.0	111115
84	"10:39:14"	206.5	-8.54	3.43	498	18.4	1.15	6	1	2.84	35.05	34.53	35.02	499.76	499.10	25.227	42.869	45.27	76.93	599.9	-0	150	101.6	5.83	-0.0915	1.0	111115
85	"10:39:16"	208.0	-8.49	3.44	498	18.4	1.15	6	1	2.84	35.05	34.53	35.02	499.74	499.03	25.228	42.878	45.27	76.94	600.0	-0	145	101.6	5.83	-0.0915	1.0	111115
86	"10:39:17"	209.0	-8.44	3.44	498	18.4	1.15	6	1	2.84	35.05	34.53	35.02	499.74	498.98	25.229	42.875	45.27	76.93	600.0	-0	143	101.6	5.83	-0.0915	1.0	111115
87	"10:39:18"	209.5	-8.39	3.43	498	18.4	1.15	6	1	2.84	35.05	34.53	35.02	499.77	498.96	25.230	42.872	45.27	76.92	600.0	-0	143	101.6	5.83	-0.0915	0.7	111115
88	"10:39:19"	211.5	-8.56	3.42	498	18.4	1.15	6	1	2.84	35.06	34.54	35.02	499.70	499.06	25.233	42.863	45.26	76.89	600.0	-0	115	101.6	5.83	-0.0915	0.7	111115
89	"10:39:20"	212.5	-8.66	3.42	499	18.4	1.15	6	1	2.84	35.06	34.54	35.03	499.62	499.09	25.233	42.869	45.26	76.90	600.0	-0	108	101.6	5.83	-0.0915	0.7	111115
90	"10:39:22"	214.0	-8.58	3.42	498	18.4	1.15	6	1	2.84	35.06	34.54	35.03	499.64	499.02	25.237	42.873	45.26	76.89	600.0	-0	105	101.6	5.83	-0.0915	1.0	111115
91	"10:39:23"	215.0	-8.51	3.43	498	18.4	1.15	6	1	2.84	35.06	34.54	35.03	499.73	499.04	25.236	42.877	45.26	76.89	600.0	-0	119	101.6	5.83	-0.0915	1.0	111115
92	"10:39:24"	216.5	-8.4	3.42	498	18.4	1.15	6	1	2.84	35.06	34.54	35.03	499.80	499.00	25.239	42.876	45.26	76.88	600.1	-0	108	101.6	5.83	-0.0915	1.0	111115
93	"10:39:25"	217.5	-8.38	3.41	498	18.4	1.15	6	1	2.84	35.06	34.54	35.03	499.83	499.01	25.239	42.873	45.26	76.88	600.1	-0	93	101.6	5.83	-0.0915	1.0	111115
94	"10:39:27"	219.0	-8.23	3.4	498	18.4	1.15	6	1	2.84	35.07	34.55	35.04	499.86	498.90	25.244	42.871	45.26	76.87	600.1	-0	73	101.6	5.83	-0.0915	1.0	111115
95	"10:39:28"	219.5	-8.17	3.4	498	18.4	1.15	6	1	2.84	35.07	34.55	35.04	499.87	498.85	25.244	42.872	45.26	76.86	600.0	0	72	101.6	5.83	-0.0915	1.0	111115
96	"10:39:29"	220.5	-7.98	3.39	498	18.4	1.15	6	1	2.84	35.07	34.55	35.04	499.96	498.75	25.247	42.872	45.26	76.86	600.0	-0	74	101.6	5.83	-0.0915	1.0	111115
97	"10:39:30"	222.5	-7.99	3.4	498	18.4	1.15	6	1	2.84	35.07	34.55	35.04	499.89	498.69	25.249	42.883	45.26	76.87	600.0	0	87	101.6	5.83	-0.0915	1.0	111115
98	"10:39:31"	223.5	-8	3.39	498	18.4	1.15	6	1	2.84	35.07	34.55	35.04	499.87	498.68	25.250	42.880	45.26	76.86	599.9	0	99	101.6	5.83	-0.0915	1.0	111115
99	"10:39:33"	225.0	-8.07	3.38	498	18.4	1.15	6	1	2.84	35.07	34.56	35.05	499.80	498.68	25.253	42.875	45.26	76.84	600.0	-0	108	101.6	5.83	-0.0915	0.7	111115
100	"10:39:34"	226.0	-8.16	3.37	498	18.4	1.15	6	1	2.84	35.08	34.56	35.05	499.78	498.76	25.254	42.870	45.26	76.82	600.0	-0	101	101.6	5.83	-0.0915	0.7	111115
101	"10:39:35"	226.5	-8.16	3.37	498	18.4	1.15	6	1	2.84	35.08	34.56	35.05	499.79	498.77	25.256	42.869	45.26	76.82	600.0	-0	100	101.6	5.83	-0.0915	0.7	111115
102	"10:39:36"	228.5	-8.16	3.35	498	18.4	1.16	6	1	2.84	35.08	34.56	35.05	499.78	498.77	25.260	42.858	45.26	76.79	600.0	-0	106	101.6	5.83	-0.0915	0.7	111115
103	"10:39:38"	230.0	-8.24	3.33	498	18.4	1.16	6	1	2.84	35.08	34.56	35.05	499.72	498.80	25.262	42.841	45.26	76.75	600.0	0	127	101.6	5.83	-0.0915	0.7	111115
104	"10:39:39"	231.0	-8.05	3.33	498	18.4	1.16	6	1	2.84	35.08	34.56	35.05	499.72	498.62	25.264	42.838	45.26	76.74	600.0	-0	134	101.6	5.83	-0.0915	0.7	111115
105	"10:39:40"	232.5	-8.08	3.31	498	18.3	1.16	6	1	2.84	35.08	34.56	35.06	499.73	498.67	25.266	42.818	45.26	76.70	600.0	-0	140	101.6	5.83	-0.0915	0.7	111115
106	"10:39:41"	233.5	-8.04	3.3	498	18.3	1.16	6	1	2.84	35.08	34.56	35.06	499.75	498.65	25.267	42.806	45.26	76.67	600.0	-0	143	101.6	5.83	-0.0915	0.7	111115
107	"10:39:43"	235.0	-8.12	3.27	498	18.3	1.16	6	1	2.84	35.09	34.56	35.06	499.74	498.74	25.271	42.781	45.26	76.62	600.0	-0	144	101.6	5.83	-0.0915	1.0	111115
108	"10:39:44"	236.0	-8.17	3.26	498	18.3	1.17	6	1	2.84	35.09	34.56	35.06	499.74	498.79	25.273	42.769	45.26	76.59	600.0	-0	144	101.6	5.83	-0.0915	1.0	111115
109	"10:39:45"	237.5	-7.97	3.24	498	18.3	1.17	6	1	2.84	35.09	34.56	35.06	499.80	498.66	25.278	42.751	45.27	76.56	600.0	-0	146	101.6	5.83	-0.0915	1.0	111115
110	"10:39:46"	238.5	-7.92	3.22	497	18.2	1.17	6	1	2.84	35.09	34.55	35.06	499.80	498.63	25.279	42.729	45.27	76.51	600.0	-0	147	101.6	5.83	-0.0915	1.0	111115
111	"10:39:48"	240.0	-7.8	3.19	497	18.2	1.17	6	1	2.84	35.09	34.55	35.07	499.80	498.54	25.282	42.691	45.27	76.45	600.1	-0	148	101.6	5.83	-0.0915	1.0	111115
112	"10:39:49"	241.0	-7.87	3.16	497	18.2	1.17	6	1	2.84	35.09	34.55	35.07	499.71	498.53	25.282	42.661	45.27	76.39	600.1	-0	149	101.6	5.83	-0.0915	1.0	111115
113	"10:39:50"	242.5	-7.99	3.12	498	18.1	1.18	6	1	2.84	35.09	34.55	35.07	499.65	498.61	25.285	42.621	45.27	76.31	600.1	-0	151	101.6	5.83	-0.0915	1.0	111115
114	"10:39:51"	243.5	-7.93	3.09	497	18.1	1.18	6	1	2.84	35.09	34.55	35.07	499.63	498.54	25.287	42.594	45.27	76.26	600.0	-0	152	101.6	5.83	-0.0915	1.0	111115
115	"10:39:53"	245.0	-7.89	3.07	497	18	1.18	6	1	2.84	35.09	34.55	35.07	499.65	498.54	25.292	42.565	45.28	76.20	600.0	-0	153	101.6	5.83	-0.0915	1.0	111115
116	"10:39:54"	246.0	-7.92	3.06	498	18	1.18	6	1	2.84	35.09	34.54	35.07	499.62	498.56	25.295	42.549	45.28	76.17	600.0	-0	154	101.6	5.83	-0.0915	0.7	111115
117	"10:39:55"	247.5	-8	3.03	498	18	1.19	6	1	2.84	35.09	34.54	35.07	499.57	498.61	25.298	42.507	45.29	76.10	600.0	-0	156	101.6	5.83	-0.0915	0.7	111115
118	"10:39:56"	248.5	-7.94	3.01	498	17.9	1.19	6	1	2.84	35.09	34.54	35.07	499.58	498.58	25.300	42.485	45.29	76.05	600.0	-0	157	101.6	5.83	-0.0915	0.7	111115
119	"10:39:58"	250.0	-7.88	2.97	498	17.9	1.19	6	1	2.84	35.09	34.54	35.08	499.63	498.59	25.304	42.451	45.30	75.99	599.9	-0	160	101.6	5.83	-0.0915	0.7	111115
120	"10:39:59"	251.0	-7.96	2.96	498	17.9	1.19	6	1	2.84	35.09	34.54	35.08	499.65	498.69	25.307	42.438	45.30	75.97	599.9	-0	162	101.6	5.83	-0.0915	0.7	111115
121	"10:40:00"	252.5	-7.97	2.93	498	17.8	1.2	6	1	2.84	35.09	34.54	35.08	499.63	498.70	25.311	42.396	45.31	75.89	599.9	-0	165	101.6	5.83	-0.0915	0.7	111115
122	"10:40:01"	253.5	-8.04	2.9	498	17.8	1.2	6	1	2.84	35.09	34.54	35.08	499.58	498.74	25.313	42.371	45.31	75.85	600.0	-0	168	101.6	5.83	-0.0915	0.7	111115
123	"10:40:03"	255.0	-7.81	2.87	497	17.8	1.2	6	1	2.84	35.10	34.55	35.08	499.59	498.54	25.317	42.344	45.32	75.80	600.0	-0	173	101.6	5.83	-0.0915	0.7	111115
124	"10:40:04"	256.0	-7.83	2.86	498	17.8	1.21	6	1	2.84	35.10	34.55	35.08	499.62	498.59	25.318	42.328	45.32	75.77	600.0	-0	177	101.6	5.83	-0.0915	0.7	111115
125	"10:40:05"	257.5	-7.64	2.84	497	17.7	1.21	6	1	2.84	35.10	34.55	35.08	499.62	498.43	25.322	42.309	45.32	75.73	600.0	-0	185	101.6	5.83	-0.0915	0.7	111115
126	"10:40:06"	258.5	-7.68	2.83	497	17.7	1.21	6	1	2.84	35.10	34.55	35.08	499.64	498.49	25.325	42.292	45.33	75.69	600.0	-0	192	101.6	5.83	-0.0915	0.7	111115
127	"10:40:08"	260.0	-7.77	2.81	497	17.7	1.21	6	1	2.84	35.10	34.55	35.08	499.57	498.52	25.328	42.277	45.33	75.67	600.0	-0	205	101.6	5.83	-0.0915	0.7	111115
128	"10:40:09"	261.0	-7.83	2.8	498	17.7	1.21	6	1	2.84	35.10	34.54	35.08	499.50	498.53	25.333	42.262	45.34	75.64	600.0	-0	216	101.6	5.83	-0.0915	0.7	111115
129	"10:40:10"	262.5	-8	2.79	498	17.7	1.21	6	1	2.84	35.10	34.55	35.08	499.49	498.68	25.334	42.252	45.34	75.62	600.0	-0	244	101.6	5.83	-0.0915	0.7	111115
130	"10:40:11"	263.5	-7.86	2.79	498	17.7	1.21	6	1	2.84	35.10	34.55	35.08	499.49	498.55	25.338	42.246	45.34	75.60	600.0	-0	276	101.6	5.83	-0.0915	0.7	111115
131	"10:40:13"	265.0	-7.73	2.78	497	17.6	1.22	6	1	2.84	35.10	34.55	35.08	499.54	498.48	25.340	42.240	45.35	75.59	600.0	-0	377	101.6	5.83	-0.0915	1.0	111115
132	"10:40:14"	266.0	-7.66	2.76	497	17.6	1.22	6	1	2.84	35.10	34.55	35.08	499.55	498.43	25.342	42.225	45.35	75.56	600.0	-0	494	101.6	5.83	-0.0915	1.0	111115
133	"10:40:15"	267.5	-7.65	2.75	497	17.6	1.22	6	1	2.84	35.10	34.56	35.09	499.54	498.41	25.346	42.220	45.35	75.55	600.0	-0	663	101.6	5.83	-0.0915	1.0	111115
134	"10:40:16"	268.5	-7.62	2.75	497	17.6	1.22	6	1	2.84	35.10	34.56	35.09	499.55	498.39	25.351	42.220	45.36	75.55	600.0	-0	762	101.6	5.83	-0.0915	1.0	111115
135	"10:40:18"	270.0	-7.71	2.75	497	17.6	1.22	6	1	2.84	35.10	34.56	35.09	499.51	498.44	25.356	42.220	45.37	75.54	600.0	-0	817	101.6	5.83	-0.0915	1.0	111115
136	"10:40:19"	271.0	-7.69	2.75	497	17.6	1.22	6	1	2.84	35.10	34.56	35.09	499.51	498.42	25.359	42.221	45.37	75.54	600.0	-0	821	101.6	5.83	-0.0915	1.0	111115
137	"10:40:20"	272.5	-7.68	2.75	497	17.6	1.22	6	1	2.84	35.10	34.56	35.09	499.56	498.46	25.364	42.223	45.38	75.54	600.0	-0	882	101.6	5.83	-0.0915	1.0	111115
138	"10:40:21"	273.5	-7.72	2.75	497	17.6	1.22	6	1	2.84	35.11	34.56	35.09	499.56	498.51	25.369	42.230	45.39	75.55	600.0	-0	971	101.6	5.83	-0.0915	1.0	111115
139	"10:40:22"	274.0	-7.73	2.75	497	17.6	1.22	6	1	2.84	35.11	34.56	35.09	499.53	498.49	25.371	42.233	45.39	75.55	600.0	-0	1006	101.6	5.83	-0.0915	1.0	111115
140	"10:40:24"	276.0	-7.81	2.74	498	17.6	1.22	6	1	2.84	35.11	34.57	35.09	499.55	498.58	25.381	42.243	45.40	75.56	600.0	-0	1094	101.6	5.83	-0.0915	1.0	111115
141	"10:40:25"	277.0	-7.74	2.75	497	17.6	1.22	6	1	2.84	35.11	34.57	35.09	499.55	498.52	25.387	42.250	45.41	75.57	600.0	-0	1060	101.6	5.83	-0.0915	1.0	111115
142	"10:40:26"	278.5	-7.67	2.74	497	17.6	1.22	6	1	2.84	35.11	34.57	35.09	499.62	498.52	25.395	42.247	45.42	75.56	600.0	-0	988	101.6	5.83	-0.0915	1.0	111115
143	"10:40:27"	279.5	-7.5	2.74	497	17.6	1.22	6	1	2.84	35.11	34.57	35.09	499.63	498.36	25.401	42.248	45.43	75.55	600.1	-0	955	101.6	5.83	-0.0915	1.0	111115
144	"10:40:29"	281.0	-7.37	2.74	497	17.6	1.22	6	1	2.84	35.11	34.57	35.10	499.62	498.23	25.409	42.257	45.44	75.56	600.1	-0	897	101.6	5.83	-0.0915	1.0	111115
145	"10:40:30"	282.5	-7.34	2.73	497	17.6	1.22	6	1	2.84	35.12	34.58	35.10	499.58	498.16	25.418	42.261	45.45	75.56	600.1	-0	791	101.6	5.83	-0.0915	1.0	111115
146	"10:40:31"	283.5	-7.45	2.73	497	17.6	1.22	6	1	2.84	35.12	34.58	35.10	499.58	498.27	25.424	42.262	45.45	75.56	600.1	-0	762	101.6	5.83	-0.0915	1.0	111115
147	"10:40:32"	284.0	-7.5	2.72	497	17.6	1.22	6	1	2.84	35.12	34.58	35.10	499.60	498.34	25.429	42.262	45.46	75.55	600.0	-0	785	101.6	5.83	-0.0915	1.0	111115
148	"10:40:34"	286.0	-7.8	2.73	498	17.6	1.22	6	1	2.84	35.12	34.58	35.10	499.59	498.63	25.442	42.274	45.48	75.56	599.9	-0	1061	101.6	5.83	-0.0915	1.0	111115
149	"10:40:35"	287.5	-7.99	2.73	498	17.6	1.22	6	1	2.84	35.12	34.58	35.10	499.50	498.73	25.448	42.276	45.49	75.57	599.9	-0	1285	101.6	5.83	-0.0915	1.0	111115
150	"10:40:36"	288.5	-7.94	2.72	498	17.6	1.22	6	1	2.84	35.12	34.58	35.10	499.51	498.70	25.451	42.264	45.49	75.54	599.9	-0	1327	101.6	5.83	-0.0915	1.0	111115
151	"10:40:38"	290.0	-7.79	2.72	498	17.5	1.22	6	1	2.84	35.12	34.58	35.11	499.49	498.54	25.454	42.259	45.49	75.53	599.9	-0	1316	101.6	5.83	-0.0915	1.0	111115
152	"10:40:39"	291.0	-7.8	2.71	498	17.5	1.22	6	1	2.84	35.12	34.58	35.11	499.52	498.58	25.461	42.254	45.50	75.52	599.9	-0	1319	101.6	5.83	-0.0915	1.0	111115
153	"10:40:40"	292.5	-7.8	2.71	497	17.5	1.22	6	1	2.84	35.13	34.58	35.11	499.42	498.48	25.469	42.257	45.51	75.51	600.0	-0	1310	101.6	5.83	-0.0915	1.0	111115
154	"10:40:41"	293.5	-7.76	2.7	497	17.5	1.22	6	1	2.84	35.13	34.58	35.11	499.42	498.44	25.475	42.252	45.52	75.50	600.0	-0	1285	101.6	5.83	-0.0915	1.0	111115
155	"10:40:43"	295.0	-7.67	2.7	497	17.5	1.22	6	1	2.84	35.13	34.58	35.11	499.40	498.35	25.482	42.252	45.53	75.49	600.0	-0	1216	101.6	5.83	-0.0915	1.0	111115
156	"10:40:44"	296.0	-7.56	2.69	497	17.5	1.22	6	1	2.84	35.13	34.58	35.11	499.52	498.36	25.489	42.247	45.54	75.48	600.0	-0	1137	101.6	5.83	-0.0915	1.0	111115
157	"10:40:45"	297.5	-7.52	2.69	497	17.5	1.22	6	1	2.84	35.13	34.58	35.11	499.56	498.36	25.498	42.252	45.56	75.49	600.0	-0	974	101.6	5.83	-0.0915	1.0	111115
158	"10:40:46"	298.5	-7.52	2.69	497	17.5	1.22	6	1	2.84	35.13	34.58	35.11	499.59	498.39	25.504	42.255	45.56	75.49	600.0	-0	873	101.6	5.83	-0.0915	1.0	111115
159	"10:40:48"	300.0	-7.68	2.7	497	17.5	1.22	6	1	2.84	35.13	34.58	35.11	499.56	498.52	25.512	42.260	45.57	75.49	600.0	-0	754	101.6	5.83	-0.0915	1.0	111115
160	"10:40:49"	301.0	-7.82	2.71	498	17.5	1.22	6	1	2.84	35.13	34.58	35.12	499.57	498.66	25.518	42.282	45.58	75.53	600.0	-0	706	101.6	5.83	-0.0915	1.0	111115
161	"10:40:50"	302.5	-7.63	2.7	497	17.5	1.22	6	1	2.84	35.13	34.59	35.12	499.60	498.50	25.527	42.284	45.59	75.52	600.1	-0	609	101.6	5.83	-0.0915	1.0	111115
162	"10:40:51"	303.5	-7.68	2.7	497	17.5	1.22	6	1	2.84	35.14	34.59	35.12	499.59	498.55	25.531	42.281	45.60	75.51	600.1	-0	532	101.6	5.83	-0.0915	1.0	111115
163	"10:40:52"	304.0	-7.65	2.7	497	17.5	1.22	6	1	2.84	35.14	34.59	35.12	499.60	498.52	25.532	42.287	45.60	75.52	600.0	-0	497	101.6	5.83	-0.0915	1.0	111115
164	"10:40:54"	306.0	-7.83	2.71	498	17.5	1.22	6	1	2.84	35.14	34.59	35.12	499.54	498.64	25.540	42.299	45.61	75.53	600.0	-0	406	101.6	5.83	-0.0915	1.0	111115
165	"10:40:55"	307.0	-7.85	2.72	498	17.5	1.22	6	1	2.84	35.14	34.59	35.12	499.54	498.66	25.545	42.316	45.61	75.56	600.0	-0	408	101.6	5.83	-0.0915	1.0	111115
166	"10:40:56"	308.5	-7.77	2.73	498	17.5	1.22	6	1	2.84	35.14	34.59	35.12	499.57	498.60	25.551	42.342	45.62	75.60	600.0	-0	497	101.6	5.83	-0.0915	1.0	111115
167	"10:40:57"	309.5	-7.73	2.73	497	17.5	1.22	6	1	2.84	35.14	34.60	35.12	499.55	498.53	25.553	42.356	45.62	75.62	600.0	-0	648	101.6	5.83	-0.0915	1.0	111115
168	"10:40:59"	311.0	-7.84	2.74	498	17.6	1.22	6	1	2.84	35.14	34.60	35.13	499.44	498.53	25.557	42.374	45.62	75.64	600.0	-0	961	101.6	5.83	-0.0915	1.0	111115
169	"10:41:00"	312.0	-8	2.74	498	17.6	1.22	6	1	2.84	35.15	34.61	35.13	499.36	498.60	25.558	42.384	45.62	75.65	600.0	-0	1151	101.6	5.83	-0.0915	1.0	111115
170	"10:41:01"	313.5	-7.92	2.75	498	17.6	1.22	6	1	2.84	35.15	34.61	35.13	499.38	498.53	25.563	42.404	45.62	75.68	599.9	-0	1294	101.6	5.83	-0.0915	1.0	111115
171	"10:41:02"	314.5	-7.92	2.75	498	17.6	1.22	6	1	2.84	35.15	34.61	35.13	499.42	498.57	25.568	42.415	45.63	75.69	599.9	-0	1285	101.6	5.83	-0.0915	1.0	111115
172	"10:41:04"	316.0	-7.72	2.76	497	17.6	1.22	6	1	2.84	35.15	34.62	35.13	499.52	498.46	25.574	42.435	45.63	75.72	600.0	-0	1182	101.6	5.83	-0.0915	1.0	111115
173	"10:41:05"	317.0	-7.72	2.77	497	17.6	1.22	6	1	2.84	35.15	34.62	35.13	499.49	498.43	25.582	42.457	45.64	75.75	600.0	-0	1083	101.6	5.83	-0.0915	1.0	111115
174	"10:41:06"	318.5	-7.65	2.78	497	17.6	1.22	6	1	2.84	35.16	34.63	35.13	499.50	498.36	25.589	42.483	45.65	75.78	600.0	-0	941	101.6	5.83	-0.0915	1.0	111115
175	"10:41:07"	319.5	-7.54	2.78	497	17.7	1.21	6	1	2.84	35.16	34.63	35.14	499.47	498.21	25.595	42.500	45.65	75.80	600.0	-0	891	101.6	5.83	-0.0915	1.0	111115
176	"10:41:09"	321.0	-7.44	2.78	497	17.7	1.21	6	1	2.84	35.16	34.64	35.14	499.47	498.12	25.604	42.513	45.66	75.81	600.0	-0	888	101.6	5.83	-0.0915	0.7	111115
177	"10:41:10"	322.0	-7.36	2.79	497	17.7	1.21	6	1	2.84	35.16	34.64	35.14	499.52	498.08	25.611	42.527	45.67	75.83	600.0	-0	924	101.6	5.83	-0.0915	0.7	111115
178	"10:41:11"	323.5	-7.5	2.79	497	17.7	1.21	6	1	2.84	35.17	34.65	35.14	499.53	498.23	25.619	42.542	45.68	75.85	600.0	-0	1015	101.6	5.83	-0.0915	0.7	111115
179	"10:41:12"	324.5	-7.58	2.79	497	17.7	1.21	6	1	2.84	35.17	34.65	35.14	499.50	498.27	25.624	42.552	45.68	75.86	600.0	-0	1096	101.6	5.83	-0.0915	0.7	111115
180	"10:41:14"	326.0	-7.49	2.8	497	17.7	1.21	6	1	2.84	35.17	34.65	35.15	499.52	498.19	25.632	42.569	45.69	75.87	600.0	-0	1216	101.6	5.83	-0.0915	0.7	111115
181	"10:41:15"	327.0	-7.35	2.8	497	17.7	1.21	6	1	2.84	35.17	34.66	35.15	499.54	498.08	25.636	42.576	45.69	75.88	600.0	-0	1290	101.6	5.83	-0.0915	0.7	111115
182	"10:41:16"	328.5	-7.16	2.81	496	17.7	1.21	6	1	2.84	35.18	34.66	35.15	499.62	497.96	25.644	42.593	45.70	75.90	600.0	-0	1361	101.6	5.83	-0.0915	0.7	111115
183	"10:41:17"	329.5	-7.14	2.81	496	17.7	1.21	6	1	2.84	35.18	34.66	35.15	499.58	497.90	25.650	42.600	45.70	75.90	600.0	-0	1388	101.6	5.83	-0.0915	0.7	111115
184	"10:41:19"	331.0	-7.49	2.8	497	17.7	1.21	6	1	2.84	35.18	34.66	35.16	499.49	498.17	25.660	42.602	45.71	75.89	600.0	-0	1413	101.6	5.83	-0.0915	0.7	111115
185	"10:41:20"	332.0	-7.52	2.8	497	17.7	1.21	6	1	2.84	35.18	34.67	35.16	499.49	498.19	25.666	42.608	45.72	75.89	600.1	-0	1418	101.6	5.83	-0.0915	0.7	111115
186	"10:41:21"	333.5	-7.43	2.79	497	17.7	1.22	6	1	2.84	35.19	34.68	35.16	499.52	498.14	25.674	42.619	45.72	75.90	600.0	-0	1413	101.6	5.83	-0.0915	0.7	111115
187	"10:41:22"	334.5	-7.14	2.79	496	17.7	1.22	6	1	2.84	35.19	34.68	35.16	499.58	497.91	25.680	42.630	45.73	75.91	600.0	-0	1408	101.6	5.83	-0.0915	0.7	111115
188	"10:41:24"	336.0	-7.03	2.79	496	17.7	1.22	6	1	2.84	35.19	34.69	35.17	499.65	497.86	25.691	42.650	45.74	75.93	600.0	-0	1396	101.6	5.83	-0.0915	0.7	111115
189	"10:41:25"	336.5	-7.03	2.8	496	17.7	1.22	6	1	2.84	35.19	34.69	35.17	499.65	497.85	25.696	42.664	45.74	75.95	600.0	-0	1390	101.6	5.83	-0.0915	1.0	111115
190	"10:41:26"	338.5	-7.17	2.8	496	17.7	1.22	6	1	2.84	35.20	34.70	35.17	499.62	497.95	25.712	42.697	45.76	75.99	599.9	-0	1361	101.6	5.83	-0.0915	1.0	111115
191	"10:41:28"	340.0	-7.43	2.81	497	17.8	1.22	6	1	2.84	35.21	34.71	35.17	499.56	498.15	25.722	42.718	45.76	76.00	599.9	-0	1341	101.6	5.83	-0.0915	1.0	111115
192	"10:41:29"	341.0	-7.57	2.82	497	17.8	1.21	6	1	2.84	35.21	34.71	35.18	499.58	498.30	25.728	42.738	45.77	76.02	599.9	-0	1342	101.6	5.83	-0.0915	1.0	111115
193	"10:41:30"	342.5	-7.54	2.83	497	17.8	1.21	6	1	2.84	35.21	34.72	35.18	499.61	498.29	25.736	42.768	45.77	76.06	600.0	-0	1348	101.6	5.83	-0.0915	1.0	111115
194	"10:41:31"	343.0	-7.52	2.83	497	17.8	1.21	6	1	2.84	35.21	34.72	35.18	499.61	498.26	25.739	42.781	45.77	76.08	600.0	-0	1348	101.6	5.83	-0.0915	1.0	111115
195	"10:41:32"	344.5	-7.49	2.84	497	17.8	1.21	6	1	2.84	35.22	34.73	35.18	499.64	498.24	25.743	42.812	45.77	76.11	600.0	-0	1348	101.6	5.83	-0.0915	1.0	111115
196	"10:41:34"	346.0	-7.4	2.86	497	17.9	1.21	6	1	2.84	35.22	34.74	35.19	499.59	498.10	25.756	42.856	45.78	76.17	600.0	-0	1353	101.6	5.83	-0.0915	1.0	111115
197	"10:41:35"	347.0	-7.57	2.88	497	17.9	1.21	6	1	2.84	35.23	34.74	35.19	499.57	498.22	25.764	42.889	45.78	76.21	600.0	-0	1366	101.6	5.83	-0.0915	1.0	111115
198	"10:41:36"	348.5	-7.59	2.91	497	17.9	1.21	6	1	2.84	35.23	34.75	35.19	499.57	498.23	25.775	42.936	45.79	76.27	600.1	-0	1386	101.6	5.83	-0.0915	0.7	111115
199	"10:41:37"	349.5	-7.64	2.92	497	18	1.21	6	1	2.84	35.24	34.76	35.20	499.53	498.23	25.780	42.969	45.79	76.32	600.0	-0	1326	101.6	5.83	-0.0915	0.7	111115
200	"10:41:39"	351.0	-7.67	2.94	497	18	1.2	6	1	2.84	35.24	34.76	35.20	499.51	498.21	25.789	43.006	45.79	76.36	600.0	-0	848	101.6	5.83	-0.0915	0.7	111115
201	"10:41:40"	352.0	-7.69	2.96	497	18	1.2	6	1	2.84	35.24	34.77	35.20	499.45	498.16	25.794	43.037	45.79	76.40	600.0	-0	522	101.6	5.83	-0.0915	0.7	111115
202	"10:41:41"	353.5	-7.65	2.98	497	18	1.2	6	1	2.84	35.25	34.77	35.21	499.47	498.13	25.806	43.071	45.80	76.44	600.0	-0	97	101.6	5.83	-0.0915	0.7	111115
203	"10:41:42"	354.5	-7.59	3	497	18.1	1.2	6	1	2.84	35.25	34.78	35.21	499.47	498.06	25.811	43.101	45.80	76.48	600.0	-0	89	101.6	5.83	-0.0915	0.7	111115
204	"10:41:43"	355.0	-7.61	3	497	18.1	1.2	6	1	2.84	35.26	34.78	35.21	499.46	498.06	25.813	43.112	45.80	76.49	600.0	-0	90	101.6	5.83	-0.0915	0.7	111115
205	"10:41:45"	357.0	-7.79	3.04	497	18.1	1.19	6	1	2.84	35.26	34.78	35.22	499.50	498.26	25.825	43.169	45.80	76.57	600.0	-0	488	101.6	5.83	-0.0915	0.7	111115
206	"10:41:46"	358.0	-7.81	3.05	497	18.1	1.19	6	1	2.84	35.26	34.79	35.22	499.51	498.28	25.828	43.187	45.80	76.59	600.0	-0	809	101.6	5.83	-0.0915	0.7	111115
207	"10:41:47"	359.5	-7.61	3.06	497	18.2	1.19	6	1	2.84	35.27	34.79	35.22	499.56	498.12	25.837	43.214	45.81	76.62	600.0	-0	1288	101.6	5.83	-0.0915	0.7	111115
208	"10:41:48"	360.5	-7.55	3.05	497	18.2	1.19	6	1	2.84	35.27	34.80	35.23	499.53	498.03	25.842	43.214	45.81	76.61	600.0	-0	1372	101.6	5.83	-0.0915	0.7	111115
209	"10:41:50"	362.0	-7.49	3.06	496	18.2	1.19	6	1	2.84	35.27	34.80	35.23	499.48	497.92	25.848	43.236	45.81	76.63	600.0	-0	1372	101.6	5.83	-0.0915	0.7	111115
210	"10:41:51"	363.0	-7.45	3.07	496	18.2	1.19	6	1	2.84	35.28	34.81	35.23	499.49	497.88	25.853	43.250	45.81	76.64	600.0	-0	1371	101.6	5.83	-0.0915	0.7	111115
211	"10:41:52"	364.5	-7.51	3.08	496	18.2	1.19	6	1	2.84	35.28	34.81	35.24	499.55	497.99	25.861	43.277	45.82	76.67	600.0	-0	1370	101.6	5.83	-0.0915	0.7	111115
212	"10:41:53"	365.5	-7.54	3.08	496	18.2	1.19	6	1	2.84	35.28	34.82	35.24	499.53	498.00	25.870	43.296	45.83	76.70	600.0	-0	1369	101.6	5.83	-0.0915	0.7	111115
213	"10:41:55"	367.0	-7.6	3.09	497	18.2	1.19	6	1	2.84	35.29	34.82	35.24	499.52	498.05	25.881	43.313	45.84	76.71	600.0	-0	1368	101.6	5.83	-0.0915	0.7	111115
214	"10:41:56"	368.0	-7.55	3.09	496	18.2	1.19	6	1	2.84	35.29	34.82	35.25	499.48	497.95	25.889	43.326	45.84	76.72	600.0	-0	1366	101.6	5.83	-0.0915	0.7	111115
215	"10:41:57"	369.5	-7.43	3.1	496	18.2	1.19	6	1	2.84	35.30	34.83	35.25	499.51	497.86	25.900	43.346	45.85	76.74	600.0	-0	1365	101.6	5.83	-0.0915	0.7	111115
216	"10:41:58"	370.5	-7.33	3.11	496	18.3	1.19	6	1	2.84	35.30	34.83	35.25	499.57	497.82	25.907	43.370	45.86	76.77	600.0	-0	1363	101.6	5.83	-0.0915	0.3	111115
217	"10:42:00"	372.0	-7.38	3.13	496	18.3	1.19	6	1	2.84	35.30	34.84	35.26	499.57	497.86	25.918	43.395	45.86	76.79	600.0	-0	1361	101.6	5.83	-0.0915	0.7	111115
218	"10:42:01"	373.0	-7.37	3.13	496	18.3	1.19	6	1	2.84	35.31	34.84	35.26	499.55	497.82	25.924	43.407	45.87	76.80	600.0	-0	1160	101.6	5.83	-0.0915	0.7	111115
219	"10:42:02"	374.5	-7.52	3.13	496	18.3	1.19	6	1	2.84	35.31	34.85	35.26	499.50	497.91	25.933	43.431	45.87	76.82	600.0	-0	678	101.6	5.83	-0.0915	0.7	111115
220	"10:42:03"	375.5	-7.6	3.14	496	18.3	1.19	6	1	2.84	35.31	34.85	35.27	499.48	497.96	25.939	43.448	45.88	76.84	600.0	-0	359	101.6	5.83	-0.0915	1.0	111115
221	"10:42:05"	377.0	-7.6	3.14	497	18.3	1.19	6	1	2.84	35.32	34.86	35.27	499.51	498.00	25.952	43.459	45.89	76.84	600.0	-0	77	101.6	5.83	-0.0915	1.0	111115
222	"10:42:06"	378.0	-7.61	3.14	496	18.3	1.19	6	1	2.84	35.32	34.86	35.27	499.48	497.98	25.959	43.473	45.89	76.85	600.0	-0	76	101.6	5.83	-0.0915	1.0	111115
223	"10:42:07"	378.5	-7.64	3.14	497	18.3	1.19	6	1	2.84	35.32	34.86	35.27	499.48	498.00	25.962	43.481	45.89	76.86	600.0	-0	80	101.6	5.83	-0.0915	1.0	111115
224	"10:42:08"	380.5	-7.69	3.15	497	18.3	1.19	6	1	2.84	35.33	34.87	35.28	499.42	497.99	25.972	43.503	45.90	76.88	600.0	-0	557	101.6	5.83	-0.0915	1.0	111115
225	"10:42:10"	382.0	-7.8	3.16	497	18.3	1.19	6	1	2.84	35.33	34.87	35.28	499.34	498.00	25.974	43.517	45.89	76.88	600.0	-0	1037	101.6	5.83	-0.0915	1.0	111115
226	"10:42:11"	383.0	-7.77	3.16	497	18.3	1.19	6	1	2.84	35.33	34.88	35.29	499.34	497.97	25.978	43.527	45.89	76.89	600.0	-0	1344	101.6	5.83	-0.0915	1.0	111115
227	"10:42:12"	384.5	-7.74	3.16	497	18.4	1.19	6	1	2.84	35.34	34.88	35.29	499.40	498.00	25.980	43.538	45.88	76.89	599.9	-0	1349	101.6	5.83	-0.0915	1.0	111115
228	"10:42:13"	385.5	-7.66	3.15	497	18.4	1.19	6	1	2.84	35.34	34.89	35.29	499.45	497.97	25.983	43.542	45.88	76.89	599.9	-0	1348	101.6	5.83	-0.0915	1.0	111115
229	"10:42:15"	387.0	-7.55	3.15	496	18.4	1.19	6	1	2.84	35.34	34.89	35.30	499.49	497.90	25.991	43.555	45.89	76.89	600.0	-0	1347	101.6	5.83	-0.0915	1.0	111115
230	"10:42:16"	388.0	-7.41	3.15	496	18.4	1.19	6	1	2.84	35.35	34.90	35.30	499.53	497.79	25.999	43.571	45.89	76.91	600.0	-0	1346	101.6	5.83	-0.0915	1.0	111115
231	"10:42:17"	389.5	-7.55	3.15	496	18.4	1.19	6	1	2.84	35.35	34.90	35.30	499.50	497.91	26.013	43.589	45.90	76.92	600.0	-0	1345	101.6	5.83	-0.0915	1.0	111115
232	"10:42:18"	390.5	-7.57	3.16	496	18.4	1.19	6	1	2.84	35.36	34.91	35.31	499.47	497.88	26.020	43.608	45.91	76.94	600.0	-0	1344	101.6	5.83	-0.0915	1.0	111115
233	"10:42:20"	392.0	-7.5	3.16	496	18.4	1.19	6	1	2.84	35.36	34.92	35.31	499.40	497.75	26.032	43.624	45.92	76.95	600.0	-0	1343	101.6	5.83	-0.0915	1.0	111115
234	"10:42:21"	393.0	-7.46	3.16	496	18.4	1.19	6	1	2.84	35.36	34.92	35.31	499.33	497.63	26.039	43.636	45.92	76.95	600.0	-0	1342	101.6	5.83	-0.0915	1.0	111115
235	"10:42:22"	394.5	-7.63	3.17	496	18.4	1.19	6	1	2.84	35.37	34.93	35.32	499.35	497.81	26.050	43.665	45.93	76.98	600.0	-0	1342	101.6	5.83	-0.0915	1.0	111115
236	"10:42:23"	395.5	-7.62	3.17	496	18.4	1.19	6	1	2.84	35.37	34.94	35.32	499.37	497.82	26.057	43.685	45.93	77.00	600.0	-0	1341	101.6	5.83	-0.0915	0.7	111115
237	"10:42:25"	397.0	-7.52	3.17	496	18.4	1.19	6	1	2.84	35.38	34.94	35.33	499.54	497.87	26.070	43.700	45.94	77.01	600.0	-0	1341	101.6	5.83	-0.0915	1.0	111115
238	"10:42:26"	398.0	-7.61	3.17	496	18.4	1.19	6	1	2.84	35.38	34.95	35.33	499.53	497.96	26.077	43.711	45.94	77.01	600.0	-0	1341	101.6	5.83	-0.0915	1.0	111115
239	"10:42:27"	399.5	-7.66	3.18	496	18.5	1.19	6	1	2.84	35.39	34.95	35.33	499.50	497.97	26.088	43.733	45.95	77.02	600.0	-0	1342	101.6	5.83	-0.0915	1.0	111115
240	"10:42:28"	400.5	-7.6	3.18	496	18.5	1.19	6	1	2.84	35.39	34.96	35.34	499.45	497.86	26.096	43.741	45.95	77.02	600.0	-0	1343	101.6	5.83	-0.0915	1.0	111115
241	"10:42:30"	402.0	-7.59	3.18	496	18.5	1.19	6	1	2.84	35.40	34.96	35.34	499.44	497.83	26.108	43.765	45.96	77.04	600.0	-0	1344	101.6	5.83	-0.0915	1.0	111115
242	"10:42:31"	403.0	-7.63	3.18	496	18.5	1.19	6	1	2.84	35.40	34.97	35.35	499.36	497.80	26.116	43.774	45.97	77.05	600.1	-0	1344	101.6	5.83	-0.0915	1.0	111115
243	"10:42:32"	404.5	-7.72	3.18	496	18.5	1.19	6	1	2.84	35.40	34.98	35.35	499.33	497.86	26.124	43.792	45.97	77.06	600.0	-0	1344	101.6	5.83	-0.0915	1.0	111115
244	"10:42:33"	405.5	-7.63	3.17	496	18.5	1.19	6	1	2.84	35.41	34.98	35.35	499.33	497.76	26.131	43.794	45.97	77.04	599.9	-0	1343	101.6	5.83	-0.0915	1.0	111115
245	"10:42:35"	407.0	-7.35	3.15	496	18.5	1.19	6	1	2.84	35.41	34.99	35.36	499.48	497.64	26.144	43.801	45.98	77.03	599.9	-0	1344	101.6	5.83	-0.0915	1.0	111115
246	"10:42:36"	408.0	-7.23	3.16	496	18.5	1.19	6	1	2.84	35.42	35.00	35.36	499.52	497.56	26.152	43.817	45.98	77.04	600.0	-0	1345	101.6	5.83	-0.0915	1.0	111115
247	"10:42:37"	409.5	-7.32	3.17	496	18.5	1.19	6	1	2.84	35.42	35.00	35.37	499.58	497.70	26.164	43.850	45.99	77.07	600.1	-0	1344	101.6	5.83	-0.0915	1.0	111115
248	"10:42:38"	410.5	-7.45	3.18	496	18.5	1.19	6	1	2.84	35.43	35.01	35.37	499.51	497.74	26.171	43.871	45.99	77.10	600.1	-0	1343	101.6	5.83	-0.0915	1.0	111115
249	"10:42:40"	412.0	-7.56	3.18	496	18.5	1.19	6	1	2.84	35.43	35.02	35.38	499.45	497.79	26.183	43.890	46.00	77.10	600.0	-0	1341	101.6	5.83	-0.0915	1.0	111115
250	"10:42:41"	413.0	-7.46	3.18	496	18.5	1.19	6	1	2.84	35.44	35.02	35.38	499.36	497.60	26.189	43.908	46.00	77.12	600.0	-0	1341	101.6	5.83	-0.0915	1.0	111115
251	"10:42:42"	414.5	-7.54	3.18	496	18.5	1.19	6	1	2.84	35.44	35.03	35.38	499.31	497.62	26.200	43.932	46.00	77.13	599.9	-0	1341	101.6	5.83	-0.0915	0.7	111115
252	"10:42:43"	415.5	-7.64	3.19	496	18.6	1.19	6	1	2.84	35.45	35.04	35.39	499.32	497.73	26.206	43.946	46.00	77.14	600.0	-0	1341	101.6	5.83	-0.0915	0.7	111115
253	"10:42:45"	417.0	-7.66	3.18	496	18.6	1.19	6	1	2.84	35.45	35.04	35.39	499.29	497.71	26.216	43.955	46.00	77.13	600.0	-0	1340	101.6	5.83	-0.0915	1.0	111115
254	"10:42:46"	418.0	-7.65	3.18	496	18.6	1.19	6	1	2.84	35.46	35.05	35.40	499.32	497.73	26.222	43.965	46.00	77.13	600.0	-0	1340	101.6	5.83	-0.0915	1.0	111115
255	"10:42:47"	419.5	-7.51	3.18	496	18.6	1.2	6	1	2.84	35.46	35.05	35.40	499.37	497.65	26.235	43.979	46.01	77.13	600.0	-0	1340	101.6	5.83	-0.0915	1.0	111115
256	"10:42:48"	420.5	-7.38	3.17	496	18.6	1.2	6	1	2.84	35.47	35.06	35.41	499.50	497.65	26.243	43.988	46.01	77.13	600.0	-0	1340	101.6	5.83	-0.0915	1.0	111115
257	"10:42:50"	422.0	-7.51	3.17	496	18.6	1.2	6	1	2.84	35.47	35.07	35.41	499.51	497.78	26.257	44.010	46.02	77.14	600.0	-0	1339	101.6	5.83	-0.0915	1.0	111115
258	"10:42:51"	423.0	-7.63	3.17	496	18.6	1.2	6	1	2.84	35.48	35.08	35.41	499.49	497.87	26.264	44.034	46.02	77.16	600.0	-0	1339	101.6	5.83	-0.0915	1.0	111115
259	"10:42:52"	424.5	-7.7	3.18	496	18.6	1.2	6	1	2.84	35.48	35.09	35.42	499.46	497.90	26.276	44.059	46.03	77.18	600.0	-0	1339	101.6	5.83	-0.0915	1.0	111115
260	"10:42:53"	425.5	-7.73	3.19	496	18.6	1.2	6	1	2.84	35.49	35.09	35.42	499.43	497.89	26.282	44.081	46.03	77.20	600.0	-0	1338	101.6	5.83	-0.0915	1.0	111115
261	"10:42:55"	427.0	-7.71	3.18	496	18.6	1.2	6	1	2.84	35.50	35.10	35.43	499.51	497.94	26.293	44.096	46.03	77.20	599.9	-0	1338	101.6	5.83	-0.0915	1.0	111115
262	"10:42:56"	428.0	-7.73	3.18	496	18.6	1.2	6	1	2.84	35.50	35.11	35.43	499.47	497.92	26.298	44.110	46.03	77.21	599.9	-0	1338	101.6	5.83	-0.0915	1.0	111115
263	"10:42:57"	429.5	-7.75	3.18	496	18.6	1.2	6	1	2.84	35.51	35.11	35.44	499.45	497.93	26.309	44.119	46.04	77.20	599.9	-0	1338	101.6	5.83	-0.0915	1.0	111115
264	"10:42:58"	430.5	-7.73	3.18	496	18.6	1.2	6	1	2.84	35.51	35.12	35.44	499.46	497.91	26.316	44.135	46.04	77.21	600.0	-0	1338	101.6	5.83	-0.0915	0.7	111115
265	"10:43:00"	432.0	-7.66	3.19	496	18.6	1.2	6	1	2.84	35.52	35.12	35.45	499.50	497.87	26.330	44.155	46.05	77.22	600.0	-0	1338	101.6	5.83	-0.0915	0.7	111115
266	"10:43:01"	433.0	-7.63	3.19	496	18.7	1.2	6	1	2.84	35.52	35.13	35.45	499.47	497.81	26.338	44.165	46.05	77.22	600.0	-0	1337	101.6	5.83	-0.0915	1.0	111115
267	"10:43:02"	434.5	-7.76	3.19	496	18.7	1.2	6	1	2.84	35.52	35.13	35.46	499.41	497.88	26.350	44.178	46.06	77.22	600.0	-0	1337	101.6	5.83	-0.0915	1.0	111115
268	"10:43:03"	435.5	-7.85	3.18	497	18.6	1.2	6	1	2.84	35.53	35.13	35.46	499.38	497.94	26.356	44.182	46.06	77.21	600.0	-0	1336	101.6	5.83	-0.0915	1.0	111115
269	"10:43:05"	437.0	-7.85	3.16	497	18.6	1.2	6	1	2.84	35.53	35.14	35.47	499.38	497.96	26.367	44.177	46.06	77.18	600.0	-0	1336	101.6	5.83	-0.0915	1.0	111115
270	"10:43:06"	438.0	-7.82	3.16	497	18.6	1.2	6	1	2.84	35.54	35.14	35.47	499.41	497.95	26.375	44.180	46.07	77.17	600.0	-0	1336	101.6	5.83	-0.0915	1.0	111115
271	"10:43:07"	439.5	-7.7	3.15	496	18.6	1.2	6	1	2.84	35.54	35.15	35.48	499.42	497.85	26.387	44.187	46.08	77.15	600.0	-0	1336	101.6	5.83	-0.0915	1.0	111115
272	"10:43:08"	440.5	-7.84	3.15	497	18.6	1.2	6	1	2.84	35.55	35.15	35.48	499.41	497.97	26.395	44.207	46.08	77.18	600.0	-0	1336	101.6	5.83	-0.0915	1.0	111115
273	"10:43:10"	442.0	-7.67	3.15	496	18.6	1.2	6	1	2.84	35.55	35.16	35.49	499.44	497.83	26.406	44.218	46.09	77.17	600.0	-0	1337	101.6	5.83	-0.0915	1.0	111115
274	"10:43:11"	443.0	-7.61	3.15	496	18.6	1.21	6	1	2.84	35.56	35.17	35.49	499.45	497.78	26.415	44.228	46.09	77.17	599.9	-0	1337	101.6	5.83	-0.0915	1.0	111115
275	"10:43:12"	444.5	-7.46	3.14	496	18.6	1.21	6	1	2.84	35.56	35.17	35.49	499.48	497.67	26.428	44.237	46.10	77.16	599.9	-0	1337	101.6	5.83	-0.0915	1.0	111115
276	"10:43:13"	445.5	-7.32	3.14	496	18.6	1.21	6	1	2.84	35.57	35.18	35.50	499.52	497.56	26.437	44.247	46.10	77.16	599.9	-0	1338	101.6	5.83	-0.0915	1.0	111115
277	"10:43:15"	447.0	-7.59	3.15	496	18.6	1.21	6	1	2.84	35.57	35.18	35.50	499.43	497.74	26.448	44.273	46.11	77.18	600.0	-0	1338	101.6	5.83	-0.0915	1.0	111115
278	"10:43:16"	448.0	-7.51	3.14	496	18.6	1.21	6	1	2.84	35.58	35.19	35.51	499.41	497.65	26.456	44.277	46.11	77.18	600.0	-0	1340	101.6	5.83	-0.0915	1.0	111115
279	"10:43:17"	449.5	-7.62	3.13	496	18.6	1.21	6	1	2.84	35.58	35.19	35.51	499.37	497.72	26.468	44.282	46.12	77.16	600.1	-0	1341	101.6	5.83	-0.0915	1.0	111115
280	"10:43:18"	450.5	-7.6	3.13	496	18.6	1.21	6	1	2.84	35.59	35.19	35.52	499.38	497.70	26.477	44.291	46.12	77.16	600.0	-0	1341	101.6	5.83	-0.0915	1.0	111115
281	"10:43:20"	452.0	-7.68	3.13	496	18.6	1.21	6	1	2.84	35.59	35.20	35.52	499.31	497.71	26.489	44.306	46.13	77.16	600.0	-0	1338	101.6	5.83	-0.0915	0.7	111115
282	"10:43:21"	453.0	-7.61	3.13	496	18.7	1.21	6	1	2.84	35.60	35.20	35.53	499.32	497.65	26.496	44.319	46.13	77.16	600.0	-0	1336	101.6	5.83	-0.0915	0.7	111115
283	"10:43:22"	454.5	-7.57	3.14	496	18.7	1.21	6	1	2.84	35.60	35.21	35.53	499.38	497.66	26.508	44.344	46.14	77.18	600.0	-0	1335	101.6	5.83	-0.0915	0.7	111115
284	"10:43:23"	455.5	-7.54	3.14	496	18.7	1.21	6	1	2.84	35.61	35.22	35.53	499.43	497.68	26.515	44.359	46.14	77.19	600.0	-0	1336	101.6	5.83	-0.0915	1.0	111115
285	"10:43:25"	457.0	-7.57	3.15	496	18.7	1.21	6	1	2.84	35.61	35.23	35.54	499.45	497.72	26.530	44.397	46.15	77.23	600.0	-0	1338	101.6	5.83	-0.0915	1.0	111115
286	"10:43:26"	458.0	-7.53	3.16	496	18.7	1.21	6	1	2.84	35.62	35.24	35.54	499.43	497.65	26.537	44.421	46.15	77.26	600.0	-0	1338	101.6	5.83	-0.0915	1.0	111115
287	"10:43:27"	459.5	-7.56	3.18	496	18.7	1.21	6	1	2.84	35.62	35.24	35.55	499.38	497.62	26.550	44.462	46.16	77.30	600.0	-0	1147	101.6	5.83	-0.0915	1.0	111115
288	"10:43:28"	460.5	-7.46	3.18	496	18.8	1.21	6	1	2.84	35.63	35.25	35.55	499.42	497.55	26.557	44.478	46.16	77.32	600.0	-0	828	101.6	5.83	-0.0915	1.0	111115
289	"10:43:30"	462.0	-7.41	3.19	496	18.8	1.21	6	1	2.84	35.63	35.26	35.56	499.43	497.51	26.568	44.505	46.17	77.33	600.0	-0	354	101.6	5.83	-0.0915	1.0	111115
290	"10:43:31"	463.0	-7.44	3.21	496	18.8	1.2	6	1	2.84	35.64	35.26	35.56	499.39	497.48	26.575	44.530	46.17	77.36	600.0	-0	86	101.6	5.83	-0.0915	1.0	111115
291	"10:43:32"	464.5	-7.36	3.23	495	18.8	1.2	6	1	2.84	35.64	35.26	35.57	499.40	497.41	26.589	44.563	46.18	77.39	600.1	-0	85	101.6	5.83	-0.0915	0.7	111115
292	"10:43:33"	465.5	-7.24	3.24	495	18.8	1.2	6	1	2.84	35.65	35.26	35.57	499.40	497.28	26.597	44.582	46.18	77.41	600.0	-0	91	101.6	5.83	-0.0915	0.3	111115
293	"10:43:35"	467.0	-7.32	3.25	495	18.8	1.2	6	1	2.84	35.65	35.27	35.58	499.33	497.28	26.606	44.604	46.18	77.43	600.0	-0	185	101.6	5.83	-0.0915	0.3	111115
294	"10:43:36"	468.0	-7.34	3.25	495	18.8	1.2	6	1	2.84	35.65	35.27	35.58	499.33	497.29	26.609	44.611	46.18	77.42	600.0	-0	496	101.6	5.83	-0.0915	0.3	111115
295	"10:43:37"	469.5	-7.6	3.26	496	18.9	1.2	6	1	2.84	35.66	35.28	35.59	499.26	497.48	26.616	44.637	46.18	77.45	599.9	-0	964	101.6	5.83	-0.0915	0.3	111115
296	"10:43:38"	470.5	-7.58	3.25	496	18.9	1.2	6	1	2.84	35.66	35.28	35.59	499.36	497.56	26.624	44.636	46.19	77.43	599.9	-0	1275	101.6	5.83	-0.0915	0.3	111115
297	"10:43:40"	472.0	-7.58	3.27	496	18.9	1.2	6	1	2.84	35.67	35.29	35.59	499.37	497.56	26.636	44.666	46.19	77.46	599.9	-0	1340	101.6	5.83	-0.0915	0.3	111115
298	"10:43:41"	473.0	-7.47	3.27	496	18.9	1.2	6	1	2.84	35.67	35.29	35.60	499.45	497.52	26.643	44.686	46.20	77.48	600.0	-0	1340	101.6	5.83	-0.0915	0.7	111115
299	"10:43:42"	474.5	-7.45	3.29	496	18.9	1.2	6	1	2.84	35.68	35.30	35.60	499.37	497.41	26.652	44.723	46.20	77.52	600.0	-0	1340	101.6	5.83	-0.0915	0.7	111115
300	"10:43:43"	475.5	-7.25	3.31	495	18.9	1.2	6	1	2.84	35.68	35.31	35.61	499.42	497.25	26.660	44.757	46.21	77.57	600.0	-0	1339	101.6	5.83	-0.0915	0.7	111115
301	"10:43:45"	477.0	-7.17	3.33	495	19	1.19	6	1	2.84	35.69	35.32	35.61	499.48	497.22	26.673	44.803	46.21	77.62	600.0	-0	1338	101.6	5.83	-0.0915	0.7	111115
302	"10:43:46"	478.0	-7.13	3.36	495	19	1.19	6	1	2.84	35.69	35.32	35.61	499.47	497.15	26.682	44.849	46.22	77.69	600.0	-0	1338	101.6	5.83	-0.0915	0.7	111115
303	"10:43:47"	479.5	-7.05	3.4	495	19.1	1.19	6	1	2.84	35.70	35.33	35.62	499.49	497.05	26.697	44.910	46.23	77.76	600.0	-0	1178	101.6	5.83	-0.0915	0.7	111115
304	"10:43:48"	480.5	-7.09	3.43	495	19.1	1.19	6	1	2.84	35.70	35.34	35.62	499.41	497.00	26.706	44.957	46.23	77.83	600.0	-0	1174	101.6	5.83	-0.0915	0.3	111115
305	"10:43:50"	482.0	-7.02	3.47	495	19.2	1.18	6	1	2.84	35.71	35.35	35.63	499.47	496.97	26.722	45.022	46.24	77.91	600.0	-0	1170	101.6	5.83	-0.0915	0.3	111115
306	"10:43:51"	482.5	-7.05	3.49	495	19.2	1.18	6	1	2.84	35.71	35.36	35.63	499.45	496.97	26.726	45.048	46.24	77.95	600.0	-0	1169	101.6	5.83	-0.0915	0.3	111115
307	"10:43:52"	483.5	-7.12	3.53	495	19.2	1.18	6	1	2.84	35.71	35.36	35.63	499.43	496.98	26.735	45.106	46.25	78.03	600.0	-0	1328	101.6	5.83	-0.0915	0.3	111115
308	"10:43:53"	485.5	-7.24	3.61	495	19.3	1.17	6	1	2.84	35.72	35.38	35.64	499.39	497.02	26.748	45.214	46.25	78.18	600.0	-0	1330	101.6	5.83	-0.0915	0.3	111115
309	"10:43:55"	487.0	-7.07	3.66	495	19.4	1.17	6	1	2.84	35.73	35.39	35.65	499.42	496.85	26.760	45.286	46.25	78.27	600.0	-0	1330	101.6	5.83	-0.0915	0.3	111115
310	"10:43:56"	488.0	-7.06	3.7	494	19.4	1.17	6	1	2.84	35.73	35.40	35.65	499.43	496.83	26.769	45.337	46.25	78.34	600.0	-0	1330	101.6	5.83	-0.0915	0.3	111115
311	"10:43:57"	489.5	-6.94	3.77	494	19.5	1.16	6	1	2.84	35.74	35.41	35.66	499.50	496.74	26.782	45.412	46.26	78.44	600.0	-0	1329	101.6	5.83	-0.0915	0.3	111115
312	"10:43:59"	491.0	-6.92	3.84	494	19.6	1.16	6	1	2.84	35.75	35.42	35.66	499.52	496.71	26.792	45.486	46.26	78.53	600.0	-0	1327	101.6	5.83	-0.0915	0.3	111115
313	"10:44:00"	492.0	-6.87	3.88	494	19.6	1.15	6	1	2.84	35.75	35.42	35.67	499.50	496.63	26.800	45.529	46.26	78.59	600.0	-0	1323	101.6	5.83	-0.0915	0.3	111115
314	"10:44:01"	493.5	-7.09	3.93	494	19.7	1.15	6	1	2.84	35.76	35.43	35.67	499.39	496.70	26.815	45.596	46.27	78.67	600.0	-0	1320	101.6	5.83	-0.0915	0.3	111115
315	"10:44:02"	494.5	-7.29	3.98	495	19.7	1.15	6	1	2.84	35.77	35.44	35.68	499.34	496.83	26.824	45.643	46.27	78.73	600.0	-0	1321	101.6	5.83	-0.0915	0.3	111115
316	"10:44:04"	496.0	-7.22	4.04	495	19.8	1.14	6	1	2.84	35.77	35.45	35.68	499.38	496.78	26.837	45.712	46.27	78.82	600.0	-0	1323	101.6	5.83	-0.0915	0.3	111115
317	"10:44:05"	497.0	-7.27	4.09	495	19.8	1.14	6	1	2.84	35.78	35.45	35.69	499.35	496.77	26.847	45.766	46.28	78.89	600.0	-0	1324	101.6	5.83	-0.0915	0.3	111115
318	"10:44:06"	498.5	-6.88	4.14	494	19.9	1.14	6	1	2.84	35.78	35.46	35.69	499.46	496.47	26.862	45.825	46.28	78.96	600.0	-0	1323	101.6	5.83	-0.0915	0.3	111115
319	"10:44:07"	499.0	-6.85	4.16	494	19.9	1.14	6	1	2.84	35.79	35.47	35.70	499.51	496.49	26.866	45.849	46.29	78.99	600.0	-0	1322	101.6	5.83	-0.0915	0.3	111115
320	"10:44:08"	500.5	-6.94	4.21	494	19.9	1.13	6	1	2.84	35.79	35.48	35.70	499.46	496.49	26.880	45.909	46.29	79.07	600.0	-0	1321	101.6	5.83	-0.0915	0.3	111115
321	"10:44:10"	502.0	-6.95	4.26	494	20	1.13	6	1	2.84	35.80	35.49	35.71	499.49	496.51	26.891	45.964	46.30	79.13	600.0	-0	1321	101.6	5.83	-0.0915	0.3	111115
322	"10:44:11"	503.0	-6.86	4.31	494	20	1.13	6	1	2.84	35.80	35.49	35.71	499.50	496.42	26.900	46.008	46.30	79.19	600.0	-0	1321	101.6	5.83	-0.0915	0.3	111115
323	"10:44:12"	504.5	-6.61	4.37	493	20.1	1.12	6	1	2.84	35.81	35.50	35.72	499.63	496.28	26.909	46.066	46.30	79.26	600.0	-0	1321	101.6	5.83	-0.0915	0.3	111115
324	"10:44:13"	505.5	-6.67	4.41	494	20.1	1.12	6	1	2.84	35.82	35.51	35.72	499.62	496.30	26.918	46.105	46.30	79.31	600.0	-0	1322	101.6	5.83	-0.0915	0.3	111115
325	"10:44:15"	507.0	-6.81	4.43	494	20.1	1.12	6	1	2.84	35.82	35.52	35.73	499.53	496.34	26.928	46.145	46.30	79.34	600.0	-0	1324	101.6	5.83	-0.0915	0.3	111115
326	"10:44:16"	508.0	-6.89	4.45	494	20.2	1.12	6	1	2.84	35.83	35.52	35.73	499.48	496.36	26.937	46.172	46.30	79.37	599.9	-0	1325	101.6	5.83	-0.0915	0.3	111115
327	"10:44:17"	509.5	-6.77	4.48	494	20.2	1.12	6	1	2.84	35.83	35.53	35.74	499.55	496.30	26.950	46.209	46.31	79.40	600.0	-0	1327	101.6	5.83	-0.0915	0.3	111115
328	"10:44:18"	510.5	-6.57	4.5	493	20.2	1.12	6	1	2.84	35.84	35.54	35.75	499.65	496.19	26.960	46.240	46.31	79.43	600.0	-0	1327	101.6	5.83	-0.0915	0.3	111115
329	"10:44:20"	512.0	-6.54	4.52	493	20.2	1.12	6	1	2.84	35.85	35.55	35.75	499.69	496.19	26.973	46.277	46.32	79.47	600.0	-0	1328	101.6	5.83	-0.0915	0.3	111115
330	"10:44:21"	513.0	-6.56	4.55	493	20.3	1.12	6	1	2.84	35.85	35.55	35.76	499.71	496.22	26.981	46.309	46.32	79.50	600.0	-0	1329	101.6	5.83	-0.0915	0.3	111115
331	"10:44:22"	514.5	-6.53	4.58	493	20.3	1.12	6	1	2.84	35.86	35.56	35.76	499.77	496.22	26.993	46.347	46.32	79.53	600.0	-0	1328	101.6	5.83	-0.0915	0.3	111115
332	"10:44:23"	515.5	-6.52	4.6	493	20.3	1.11	6	1	2.84	35.86	35.57	35.77	499.83	496.26	27.000	46.378	46.32	79.56	600.0	-0	1328	101.6	5.83	-0.0915	0.3	111115
333	"10:44:25"	517.0	-6.57	4.65	493	20.4	1.11	6	1	2.84	35.87	35.58	35.77	499.83	496.30	27.012	46.428	46.32	79.62	600.0	-0	1327	101.6	5.83	-0.0915	0.7	111115
334	"10:44:26"	518.0	-6.75	4.67	494	20.4	1.11	6	1	2.84	35.88	35.59	35.78	499.78	496.42	27.020	46.461	46.32	79.65	599.9	-0	1326	101.6	5.83	-0.0915	0.7	111115
335	"10:44:27"	519.5	-6.62	4.72	493	20.4	1.11	6	1	2.84	35.88	35.60	35.79	499.76	496.25	27.034	46.512	46.33	79.71	600.0	-0	1326	101.6	5.83	-0.0915	0.7	111115
336	"10:44:28"	520.5	-6.61	4.75	493	20.5	1.11	6	1	2.84	35.89	35.60	35.79	499.74	496.21	27.042	46.542	46.33	79.74	600.0	-0	1326	101.6	5.83	-0.0915	0.7	111115
337	"10:44:30"	522.0	-6.26	4.8	493	20.5	1.11	6	1	2.84	35.90	35.61	35.80	499.81	495.90	27.056	46.598	46.33	79.80	600.0	-0	1325	101.6	5.83	-0.0915	0.7	111115
338	"10:44:31"	522.5	-6.27	4.82	493	20.5	1.11	6	1	2.84	35.90	35.62	35.80	499.79	495.89	27.060	46.615	46.33	79.81	600.0	-0	1325	101.6	5.83	-0.0915	0.7	111115
339	"10:44:32"	524.0	-6.43	4.85	493	20.5	1.11	6	1	2.84	35.91	35.63	35.81	499.76	496.00	27.072	46.658	46.33	79.85	599.9	-0	1325	101.6	5.83	-0.0915	0.7	111115
340	"10:44:33"	525.5	-6.63	4.9	493	20.6	1.1	6	1	2.84	35.91	35.64	35.81	499.74	496.16	27.087	46.711	46.34	79.91	600.0	-0	1327	101.6	5.83	-0.0915	0.7	111115
341	"10:44:34"	526.5	-6.67	4.91	493	20.6	1.1	6	1	2.84	35.92	35.64	35.82	499.79	496.24	27.095	46.736	46.34	79.93	600.0	-0	1327	101.6	5.83	-0.0915	0.7	111115
342	"10:44:36"	528.0	-6.39	4.95	493	20.6	1.1	6	1	2.84	35.93	35.65	35.83	499.94	496.09	27.111	46.782	46.35	79.97	600.0	-0	1328	101.6	5.83	-0.0915	0.7	111115
343	"10:44:37"	529.0	-6.32	4.98	493	20.7	1.1	6	1	2.84	35.93	35.66	35.83	499.94	496.01	27.119	46.812	46.35	80.00	600.0	-0	1328	101.6	5.83	-0.0915	0.7	111115
344	"10:44:38"	530.5	-6.22	5.02	493	20.7	1.1	6	1	2.84	35.94	35.67	35.84	500.00	495.95	27.132	46.864	46.35	80.05	600.0	-0	1328	101.6	5.83	-0.0915	0.7	111115
345	"10:44:39"	531.5	-6.33	5.06	493	20.7	1.1	6	1	2.84	35.95	35.68	35.84	499.91	495.96	27.140	46.897	46.35	80.09	600.0	-0	1327	101.6	5.83	-0.0915	0.3	111115
346	"10:44:41"	533.0	-6.49	5.11	493	20.8	1.1	6	1	2.84	35.96	35.69	35.85	499.84	496.03	27.154	46.945	46.35	80.13	600.0	-0	1326	101.6	5.83	-0.0915	0.3	111115
347	"10:44:42"	534.0	-6.55	5.15	493	20.8	1.09	6	1	2.84	35.96	35.69	35.85	499.77	496.01	27.164	46.978	46.36	80.17	599.9	-0	1326	101.6	5.83	-0.0915	0.3	111115
348	"10:44:43"	535.5	-6.61	5.17	493	20.8	1.09	6	1	2.84	35.97	35.70	35.86	499.77	496.06	27.179	47.010	46.36	80.19	599.9	-0	1325	101.6	5.83	-0.0915	0.7	111115
349	"10:44:44"	536.5	-6.42	5.19	493	20.8	1.09	6	1	2.84	35.97	35.71	35.87	499.88	495.97	27.189	47.040	46.36	80.21	599.9	-0	1324	101.6	5.83	-0.0915	0.7	111115
350	"10:44:46"	538.0	-6.18	5.22	493	20.9	1.09	6	1	2.84	35.98	35.72	35.87	499.96	495.81	27.202	47.078	46.36	80.24	600.0	-0	1323	101.6	5.83	-0.0915	0.7	111115
351	"10:44:47"	539.0	-6.21	5.26	493	20.9	1.09	6	1	2.84	35.99	35.73	35.88	499.97	495.82	27.212	47.116	46.37	80.28	600.0	-0	1322	101.6	5.83	-0.0915	0.7	111115
352	"10:44:48"	540.5	-6.24	5.28	493	20.9	1.09	6	1	2.84	36.00	35.74	35.89	499.93	495.81	27.223	47.149	46.37	80.31	600.0	-0	1321	101.6	5.83	-0.0915	0.7	111115
353	"10:44:49"	541.5	-6.26	5.29	493	20.9	1.09	6	1	2.84	36.00	35.74	35.89	499.93	495.82	27.232	47.174	46.37	80.33	600.0	-0	1321	101.6	5.83	-0.0915	0.3	111115
354	"10:44:51"	543.0	-6.2	5.32	493	21	1.09	6	1	2.84	36.01	35.75	35.90	499.96	495.78	27.243	47.208	46.37	80.35	600.0	-0	1321	101.6	5.83	-0.0915	0.3	111115
355	"10:44:52"	544.0	-6.26	5.34	493	21	1.09	6	1	2.84	36.01	35.76	35.90	499.95	495.81	27.251	47.235	46.37	80.38	600.0	-0	1322	101.6	5.83	-0.0915	0.3	111115
356	"10:44:53"	545.5	-6.2	5.34	492	21	1.09	6	1	2.84	36.02	35.76	35.91	499.93	495.74	27.263	47.252	46.37	80.37	600.0	-0	1323	101.6	5.83	-0.0915	0.3	111115
357	"10:44:54"	546.5	-6.22	5.33	492	21	1.09	6	1	2.84	36.03	35.77	35.92	499.92	495.74	27.272	47.264	46.37	80.36	600.0	-0	1323	101.6	5.83	-0.0915	0.3	111115
358	"10:44:56"	548.0	-6.29	5.33	493	21	1.09	6	1	2.84	36.03	35.78	35.92	499.93	495.82	27.285	47.282	46.37	80.36	600.0	-0	1324	101.6	5.83	-0.0915	0.3	111115
359	"10:44:57"	549.0	-6.41	5.34	493	21	1.09	6	1	2.84	36.04	35.79	35.93	499.92	495.91	27.293	47.304	46.37	80.37	600.0	-0	1324	101.6	5.83	-0.0915	0.7	111115
360	"10:44:58"	550.5	-6.41	5.37	493	21	1.09	6	1	2.84	36.05	35.79	35.94	499.94	495.91	27.307	47.342	46.38	80.40	600.0	-0	1325	101.6	5.83	-0.0915	0.7	111115
361	"10:44:59"	551.5	-6.42	5.39	493	21	1.09	6	1	2.84	36.05	35.80	35.94	499.93	495.91	27.315	47.364	46.38	80.42	600.0	-0	1325	101.6	5.83	-0.0915	0.7	111115
362	"10:45:01"	553.0	-6.23	5.38	492	21.1	1.09	6	1	2.84	36.06	35.81	35.95	499.94	495.73	27.327	47.385	46.38	80.42	599.9	-0	1326	101.6	5.83	-0.0915	0.7	111115
363	"10:45:02"	554.0	-6.26	5.37	493	21.1	1.09	6	1	2.84	36.07	35.82	35.95	499.96	495.78	27.335	47.401	46.38	80.42	599.9	-0	1326	101.6	5.83	-0.0915	0.7	111115
364	"10:45:03"	555.5	-6.07	5.35	492	21.1	1.09	6	1	2.84	36.07	35.83	35.96	500.05	495.68	27.350	47.419	46.38	80.42	600.0	-0	1327	101.6	5.83	-0.0915	0.7	111115
365	"10:45:04"	556.5	-5.93	5.37	492	21.1	1.09	6	1	2.84	36.08	35.83	35.97	500.13	495.61	27.359	47.441	46.38	80.43	600.0	-0	1327	101.6	5.83	-0.0915	0.7	111115
366	"10:45:05"	557.0	-5.94	5.38	492	21.1	1.09	6	1	2.84	36.08	35.84	35.97	500.17	495.65	27.364	47.457	46.38	80.44	600.1	-0	1327	101.6	5.83	-0.0915	0.7	111115
367	"10:45:07"	559.0	-5.54	5.39	492	21.1	1.09	6	1	2.84	36.09	35.85	35.98	500.27	495.35	27.382	47.493	46.39	80.46	600.1	-0	1327	101.6	5.83	-0.0915	0.7	111115
368	"10:45:08"	560.5	-5.68	5.41	492	21.1	1.09	6	1	2.84	36.10	35.86	35.99	500.23	495.44	27.396	47.526	46.39	80.48	600.0	-0	1328	101.6	5.83	-0.0915	0.3	111115
369	"10:45:09"	561.5	-5.86	5.43	492	21.2	1.09	6	1	2.84	36.11	35.87	35.99	500.12	495.49	27.404	47.557	46.39	80.50	600.0	-0	1329	101.6	5.83	-0.0915	0.3	111115
370	"10:45:11"	563.0	-6.18	5.46	492	21.2	1.09	6	1	2.84	36.12	35.88	36.00	499.99	495.67	27.417	47.596	46.39	80.53	599.9	-0	1330	101.6	5.83	-0.0915	0.3	111115
371	"10:45:12"	564.0	-6.14	5.5	492	21.2	1.09	6	1	2.84	36.12	35.88	36.01	500.00	495.62	27.425	47.630	46.39	80.57	599.9	-0	1330	101.6	5.83	-0.0915	0.3	111115
372	"10:45:13"	565.5	-5.97	5.51	492	21.2	1.09	6	1	2.84	36.13	35.89	36.01	500.07	495.52	27.439	47.656	46.39	80.58	600.0	-0	1332	101.6	5.83	-0.0915	0.3	111115
373	"10:45:14"	566.5	-6.04	5.51	492	21.2	1.09	6	1	2.84	36.13	35.90	36.02	500.07	495.58	27.448	47.675	46.39	80.58	600.1	-0	1333	101.6	5.83	-0.0915	0.3	111115
374	"10:45:16"	568.0	-6.13	5.47	492	21.2	1.09	6	1	2.84	36.14	35.91	36.03	500.05	495.65	27.462	47.681	46.40	80.55	600.1	-0	1333	101.6	5.83	-0.0915	0.3	111115
375	"10:45:17"	569.0	-6.16	5.48	492	21.2	1.09	6	1	2.84	36.15	35.92	36.03	500.04	495.67	27.470	47.702	46.39	80.56	600.1	-0	1333	101.6	5.83	-0.0915	0.7	111115
376	"10:45:18"	570.5	-6.03	5.5	492	21.3	1.09	6	1	2.84	36.16	35.93	36.04	500.05	495.55	27.483	47.734	46.40	80.58	600.0	-0	1332	101.6	5.83	-0.0915	0.7	111115
377	"10:45:19"	571.5	-5.85	5.5	492	21.3	1.09	6	1	2.84	36.16	35.93	36.04	500.09	495.41	27.492	47.750	46.40	80.58	600.0	-0	1332	101.6	5.83	-0.0915	0.7	111115
378	"10:45:21"	573.0	-5.83	5.53	492	21.3	1.09	6	1	2.84	36.17	35.94	36.05	500.10	495.37	27.503	47.788	46.39	80.61	600.0	-0	1331	101.6	5.83	-0.0915	0.7	111115
379	"10:45:22"	574.0	-5.9	5.53	492	21.3	1.09	6	1	2.84	36.18	35.95	36.06	500.11	495.45	27.512	47.805	46.39	80.62	600.0	-0	1330	101.6	5.83	-0.0915	0.7	111115
380	"10:45:23"	575.5	-6.11	5.56	492	21.3	1.09	6	1	2.84	36.18	35.96	36.07	500.08	495.61	27.523	47.841	46.39	80.64	600.0	-0	1329	101.6	5.83	-0.0915	0.7	111115
381	"10:45:24"	576.5	-6.09	5.56	492	21.3	1.09	6	1	2.84	36.19	35.96	36.07	500.13	495.64	27.532	47.855	46.40	80.64	600.0	-0	1328	101.6	5.83	-0.0915	0.7	111115
382	"10:45:26"	578.0	-6.01	5.54	492	21.4	1.09	6	1	2.84	36.20	35.97	36.08	500.16	495.58	27.544	47.879	46.39	80.65	600.0	-0	1326	101.6	5.83	-0.0915	0.7	111115
383	"10:45:27"	579.0	-5.85	5.55	492	21.4	1.09	6	1	2.84	36.20	35.98	36.08	500.27	495.52	27.552	47.900	46.39	80.66	600.0	-0	1326	101.6	5.83	-0.0915	0.7	111115
384	"10:45:28"	580.5	-5.58	5.6	491	21.4	1.09	6	1	2.84	36.21	35.99	36.09	500.26	495.24	27.563	47.947	46.39	80.70	600.0	-0	1326	101.6	5.83	-0.0915	0.7	111115
385	"10:45:29"	581.5	-5.71	5.62	492	21.4	1.09	6	1	2.84	36.22	36.00	36.10	500.26	495.35	27.572	47.969	46.39	80.71	600.0	-0	1327	101.6	5.83	-0.0915	0.7	111115
386	"10:45:30"	582.0	-5.75	5.61	492	21.4	1.09	6	1	2.84	36.22	36.00	36.10	500.19	495.33	27.577	47.975	46.39	80.71	600.0	-0	1328	101.6	5.83	-0.0915	0.7	111115
387	"10:45:32"	584.0	-5.99	5.61	492	21.5	1.09	6	1	2.84	36.23	36.02	36.11	500.06	495.42	27.594	48.016	46.40	80.73	600.0	-0	1133	101.6	5.83	-0.0915	0.7	111115
388	"10:45:33"	585.0	-6.12	5.63	492	21.5	1.09	6	1	2.84	36.23	36.02	36.11	500.01	495.49	27.600	48.039	46.39	80.75	600.0	-0	1141	101.6	5.83	-0.0915	0.7	111115
389	"10:45:34"	586.5	-5.83	5.61	492	21.5	1.1	6	1	2.84	36.24	36.03	36.12	500.12	495.31	27.612	48.056	46.39	80.74	600.0	-0	1203	101.6	5.83	-0.0915	0.7	111115
390	"10:45:35"	587.5	-5.71	5.6	492	21.5	1.1	6	1	2.84	36.25	36.04	36.13	500.23	495.30	27.619	48.068	46.39	80.73	600.0	-0	1356	101.6	5.83	-0.0915	0.7	111115
391	"10:45:37"	589.0	-5.56	5.6	491	21.5	1.1	6	1	2.84	36.26	36.05	36.13	500.32	495.23	27.632	48.095	46.39	80.74	600.0	-0	1353	101.6	5.83	-0.0915	0.7	111115
392	"10:45:38"	590.0	-5.57	5.59	491	21.5	1.1	6	1	2.84	36.26	36.06	36.14	500.31	495.23	27.640	48.108	46.39	80.74	600.0	-0	1352	101.6	5.83	-0.0915	0.7	111115
393	"10:45:39"	591.5	-5.47	5.59	491	21.5	1.1	6	1	2.84	36.27	36.07	36.15	500.32	495.14	27.655	48.137	46.39	80.75	600.0	-0	1352	101.6	5.83	-0.0915	0.3	111115
394	"10:45:40"	592.5	-5.44	5.57	491	21.5	1.1	6	1	2.84	36.28	36.08	36.15	500.29	495.08	27.664	48.146	46.39	80.74	600.0	-0	1352	101.6	5.83	-0.0915	0.3	111115
395	"10:45:42"	594.0	-5.47	5.59	491	21.5	1.1	6	1	2.84	36.29	36.08	36.16	500.20	495.01	27.678	48.179	46.39	80.76	600.0	-0	1352	101.6	5.83	-0.0915	0.3	111115
396	"10:45:43"	595.0	-5.54	5.59	491	21.5	1.1	6	1	2.84	36.29	36.09	36.17	500.17	495.04	27.689	48.191	46.40	80.75	600.0	-0	1351	101.6	5.83	-0.0915	0.3	111115
397	"10:45:44"	596.5	-5.73	5.6	491	21.6	1.1	6	1	2.84	36.30	36.10	36.18	500.16	495.22	27.702	48.218	46.40	80.76	600.0	-0	1352	101.6	5.83	-0.0915	0.3	111115
398	"10:45:45"	597.5	-5.74	5.61	491	21.6	1.1	6	1	2.84	36.31	36.10	36.18	500.17	495.23	27.712	48.237	46.40	80.77	600.0	-0	1352	101.6	5.83	-0.0915	0.3	111115
399	"10:45:47"	599.0	-5.66	5.62	491	21.6	1.1	6	1	2.84	36.31	36.11	36.19	500.20	495.17	27.725	48.270	46.40	80.79	600.0	-0	1352	101.6	5.83	-0.0915	1.0	111115
400	"10:45:48"	600.0	-5.6	5.63	491	21.6	1.1	6	1	2.84	36.32	36.12	36.19	500.18	495.08	27.735	48.294	46.40	80.80	600.0	-0	1352	101.6	5.83	-0.0915	0.3	111115
401	"10:45:49"	601.5	-5.65	5.65	491	21.6	1.1	6	1	2.84	36.33	36.13	36.20	500.25	495.19	27.749	48.333	46.41	80.83	600.0	-0	1352	101.6	5.83	-0.0915	0.3	111115
402	"10:45:50"	602.0	-5.7	5.69	491	21.6	1.1	6	1	2.84	36.33	36.14	36.21	500.26	495.24	27.755	48.354	46.41	80.85	600.0	-0	1352	101.6	5.83	-0.0915	0.7	111115
403	"10:45:51"	603.5	-5.87	5.75	492	21.7	1.1	6	1	2.84	36.34	36.15	36.21	500.28	495.41	27.770	48.407	46.41	80.90	599.9	-0	1352	101.6	5.83	-0.0915	0.7	111115
404	"10:45:53"	605.0	-5.88	5.85	492	21.7	1.09	6	1	2.84	36.35	36.16	36.22	500.28	495.39	27.784	48.476	46.41	80.97	600.0	-0	1352	101.6	5.83	-0.0915	0.7	111115
405	"10:45:54"	606.0	-5.82	5.92	492	21.8	1.09	6	1	2.84	36.36	36.16	36.23	500.31	495.34	27.794	48.522	46.41	81.02	600.0	-0	1352	101.6	5.83	-0.0915	0.7	111115
406	"10:45:55"	607.5	-5.75	6.02	492	21.8	1.09	6	1	2.84	36.37	36.18	36.24	500.35	495.28	27.810	48.590	46.41	81.09	600.0	-0	1352	101.6	5.83	-0.0915	0.7	111115
407	"10:45:56"	608.5	-5.87	6.06	492	21.9	1.09	6	1	2.84	36.37	36.18	36.24	500.30	495.34	27.820	48.624	46.41	81.12	600.0	-0	1351	101.6	5.83	-0.0915	0.7	111115
408	"10:45:58"	610.0	-6.24	6.13	492	21.9	1.09	6	1	2.84	36.38	36.19	36.25	500.21	495.60	27.833	48.676	46.41	81.17	600.0	-0	1350	101.6	5.83	-0.0915	0.3	111115
409	"10:45:59"	611.0	-6.29	6.2	492	21.9	1.08	6	1	2.84	36.39	36.20	36.26	500.17	495.58	27.842	48.715	46.42	81.21	600.0	-0	1349	101.6	5.83	-0.0915	0.3	111115
410	"10:46:00"	612.5	-6.29	6.26	492	22	1.08	6	1	2.84	36.39	36.21	36.26	500.23	495.62	27.857	48.761	46.42	81.25	600.0	-0	1347	101.6	5.83	-0.0915	0.3	111115
411	"10:46:01"	613.5	-6.19	6.27	492	22	1.08	6	1	2.84	36.40	36.21	36.27	500.27	495.56	27.869	48.781	46.43	81.26	600.0	-0	1347	101.6	5.83	-0.0915	0.3	111115
412	"10:46:03"	615.0	-6.21	6.31	492	22	1.08	6	1	2.84	36.41	36.22	36.28	500.26	495.57	27.883	48.823	46.43	81.29	600.0	-0	1347	101.6	5.83	-0.0915	0.3	111115
413	"10:46:04"	616.0	-6.02	6.29	492	22	1.08	6	1	2.84	36.41	36.23	36.28	500.31	495.42	27.894	48.835	46.43	81.29	600.0	-0	1347	101.6	5.83	-0.0915	0.3	111115
414	"10:46:05"	617.5	-5.8	6.3	492	22	1.08	6	1	2.84	36.42	36.24	36.29	500.40	495.28	27.909	48.863	46.44	81.30	600.0	-0	1346	101.6	5.83	-0.0915	0.3	111115
415	"10:46:06"	618.5	-5.78	6.29	492	22	1.08	6	1	2.84	36.43	36.25	36.30	500.44	495.31	27.920	48.881	46.44	81.30	600.0	-0	1346	101.6	5.83	-0.0915	0.7	111115
416	"10:46:08"	620.0	-5.71	6.32	491	22.1	1.08	6	1	2.84	36.44	36.26	36.30	500.43	495.22	27.935	48.916	46.44	81.33	600.0	-0	1345	101.6	5.83	-0.0915	0.7	111115
417	"10:46:09"	621.0	-5.74	6.33	491	22.1	1.08	6	1	2.84	36.44	36.26	36.31	500.37	495.18	27.946	48.937	46.45	81.34	600.0	-0	1344	101.6	5.83	-0.0915	0.7	111115
418	"10:46:10"	621.5	-5.84	6.34	491	22.1	1.08	6	1	2.84	36.44	36.27	36.31	500.30	495.20	27.950	48.951	46.45	81.35	600.0	-0	1344	101.6	5.83	-0.0915	0.7	111115
419	"10:46:11"	623.5	-5.79	6.38	491	22.1	1.08	6	1	2.84	36.46	36.28	36.32	500.30	495.14	27.971	48.996	46.45	81.37	600.0	-0	1342	101.6	5.83	-0.0915	0.7	111115
420	"10:46:13"	625.0	-5.7	6.44	491	22.1	1.08	6	1	2.84	36.46	36.29	36.33	500.34	495.07	27.984	49.042	46.45	81.41	600.0	-0	1342	101.6	5.83	-0.0915	0.3	111115
421	"10:46:14"	626.0	-5.61	6.47	491	22.2	1.08	6	1	2.84	36.47	36.29	36.34	500.37	495.02	27.994	49.067	46.45	81.42	600.0	-0	1343	101.6	5.83	-0.0915	0.3	111115
422	"10:46:15"	627.5	-5.66	6.5	491	22.2	1.08	6	1	2.84	36.48	36.30	36.35	500.36	495.03	28.007	49.102	46.46	81.45	600.0	-0	1343	101.6	5.83	-0.0915	0.3	111115
423	"10:46:16"	628.5	-5.68	6.52	491	22.2	1.08	6	1	2.84	36.48	36.31	36.35	500.35	495.04	28.018	49.127	46.46	81.46	600.0	-0	1344	101.6	5.83	-0.0915	0.3	111115
424	"10:46:18"	630.0	-5.79	6.55	491	22.2	1.08	6	1	2.84	36.49	36.32	36.36	500.27	495.06	28.034	49.167	46.46	81.49	600.0	-0	1344	101.6	5.83	-0.0915	0.3	111115
425	"10:46:19"	631.0	-5.97	6.6	491	22.2	1.08	6	1	2.84	36.50	36.33	36.37	500.13	495.09	28.043	49.194	46.46	81.51	600.0	-0	1344	101.6	5.83	-0.0915	0.3	111115
426	"10:46:20"	632.5	-6.03	6.65	491	22.3	1.08	6	1	2.84	36.51	36.33	36.38	500.04	495.05	28.057	49.226	46.47	81.53	600.0	-0	1344	101.6	5.83	-0.0915	0.3	111115
427	"10:46:21"	633.5	-5.98	6.66	491	22.3	1.07	6	1	2.84	36.51	36.33	36.38	500.04	494.99	28.066	49.240	46.47	81.52	600.0	-0	1343	101.6	5.83	-0.0915	0.3	111115
428	"10:46:23"	635.0	-5.81	6.68	491	22.3	1.07	6	1	2.84	36.52	36.34	36.39	500.15	494.94	28.082	49.254	46.47	81.51	600.0	-0	1341	101.6	5.83	-0.0915	0.3	111115
429	"10:46:24"	636.0	-5.63	6.69	491	22.3	1.07	6	1	2.84	36.52	36.34	36.39	500.22	494.83	28.091	49.265	46.47	81.51	600.1	-0	1339	101.6	5.83	-0.0915	0.3	111115
430	"10:46:25"	636.5	-5.58	6.7	491	22.3	1.07	6	1	2.84	36.53	36.34	36.40	500.25	494.81	28.095	49.273	46.47	81.51	600.1	-0	1339	101.6	5.83	-0.0915	0.3	111115
431	"10:46:26"	638.5	-5.5	6.74	491	22.3	1.07	6	1	2.84	36.54	36.34	36.41	500.33	494.80	28.115	49.302	46.48	81.51	600.1	-0	1335	101.6	5.83	-0.0915	0.3	111115
432	"10:46:27"	639.5	-5.55	6.75	491	22.3	1.07	6	1	2.84	36.54	36.35	36.41	500.31	494.84	28.124	49.316	46.48	81.51	600.0	-0	1333	101.6	5.83	-0.0915	0.3	111115
433	"10:46:29"	641.0	-5.65	6.73	491	22.3	1.07	6	1	2.84	36.55	36.35	36.42	500.24	494.87	28.139	49.325	46.49	81.50	600.0	-0	1330	101.6	5.83	-0.0915	0.3	111115
434	"10:46:30"	642.0	-5.7	6.72	491	22.3	1.07	6	1	2.84	36.55	36.35	36.42	500.17	494.85	28.149	49.329	46.50	81.49	600.0	-0	1329	101.6	5.83	-0.0915	0.3	111115
435	"10:46:31"	643.5	-5.88	6.71	491	22.3	1.07	6	1	2.84	36.56	36.35	36.43	500.02	494.88	28.164	49.335	46.51	81.47	600.0	-0	1329	101.6	5.83	-0.0915	1.0	111115
436	"10:46:32"	644.5	-6.07	6.7	491	22.3	1.07	6	1	2.84	36.56	36.36	36.44	499.90	494.95	28.172	49.338	46.51	81.46	599.9	-0	1329	101.6	5.83	-0.0915	1.0	111115
437	"10:46:34"	646.0	-5.96	6.72	491	22.3	1.07	6	1	2.84	36.57	36.36	36.44	499.97	494.91	28.187	49.354	46.52	81.45	599.9	-0	1329	101.6	5.83	-0.0915	1.0	111115
438	"10:46:35"	647.0	-5.8	6.7	491	22.3	1.07	6	1	2.84	36.57	36.36	36.45	500.03	494.83	28.196	49.356	46.52	81.44	599.9	-0	1330	101.6	5.83	-0.0915	1.0	111115
439	"10:46:36"	648.5	-5.66	6.68	491	22.2	1.07	6	1	2.84	36.58	36.37	36.46	500.13	494.79	28.213	49.364	46.54	81.43	599.9	-0	1332	101.6	5.83	-0.0915	1.0	111115
440	"10:46:37"	649.5	-5.69	6.67	491	22.2	1.07	6	1	2.84	36.58	36.37	36.46	500.11	494.79	28.220	49.365	46.54	81.41	599.9	-0	1333	101.6	5.83	-0.0915	1.0	111115
441	"10:46:39"	651.0	-5.8	6.67	491	22.2	1.07	6	1	2.84	36.59	36.37	36.47	500.06	494.86	28.234	49.371	46.55	81.40	600.0	-0	1335	101.6	5.83	-0.0915	1.0	111115
442	"10:46:40"	652.0	-5.83	6.68	491	22.2	1.07	6	1	2.84	36.59	36.37	36.47	500.02	494.85	28.243	49.375	46.55	81.39	600.0	-0	1336	101.6	5.83	-0.0915	1.0	111115
443	"10:46:41"	653.5	-5.83	6.68	491	22.2	1.07	6	1	2.84	36.60	36.37	36.48	499.99	494.83	28.259	49.387	46.56	81.38	600.0	-0	1338	101.6	5.83	-0.0915	1.0	111115
444	"10:46:42"	654.5	-5.73	6.65	491	22.2	1.07	6	1	2.84	36.60	36.37	36.48	500.03	494.77	28.269	49.389	46.57	81.37	600.0	-0	1338	101.6	5.83	-0.0915	1.0	111115
445	"10:46:44"	656.0	-5.64	6.6	491	22.2	1.08	6	1	2.84	36.61	36.38	36.49	500.07	494.72	28.283	49.398	46.58	81.35	600.0	-0	1339	101.6	5.83	-0.0915	1.0	111115
446	"10:46:45"	657.0	-5.61	6.58	491	22.2	1.08	6	1	2.84	36.61	36.39	36.49	500.08	494.70	28.296	49.412	46.59	81.36	600.0	-0	1339	101.6	5.83	-0.0915	1.0	111115
447	"10:46:46"	658.5	-5.76	6.55	491	22.2	1.08	6	1	2.84	36.62	36.40	36.50	499.97	494.75	28.312	49.425	46.60	81.35	600.0	-0	1339	101.6	5.83	-0.0915	1.0	111115
448	"10:46:47"	659.5	-5.67	6.54	491	22.2	1.08	6	1	2.84	36.62	36.40	36.50	499.98	494.66	28.322	49.434	46.61	81.35	600.0	-0	1339	101.6	5.83	-0.0915	1.0	111115
449	"10:46:48"	660.0	-5.65	6.55	491	22.2	1.08	6	1	2.84	36.62	36.40	36.51	500.00	494.66	28.329	49.445	46.61	81.36	600.0	-0	1339	101.6	5.83	-0.0915	1.0	111115
450	"10:46:50"	662.0	-5.5	6.53	491	22.2	1.08	6	1	2.84	36.63	36.41	36.52	500.09	494.61	28.348	49.464	46.62	81.35	600.0	-0	1337	101.6	5.83	-0.0915	1.0	111115
451	"10:46:51"	663.0	-5.55	6.52	491	22.2	1.08	6	1	2.84	36.64	36.42	36.52	500.09	494.65	28.357	49.471	46.63	81.34	600.0	-0	1336	101.6	5.83	-0.0915	1.0	111115
452	"10:46:52"	664.5	-5.5	6.49	491	22.2	1.08	6	1	2.84	36.64	36.42	36.53	500.10	494.62	28.370	49.482	46.63	81.33	600.0	-0	1335	101.6	5.83	-0.0915	1.0	111115
453	"10:46:53"	665.5	-5.47	6.45	491	22.2	1.08	6	1	2.84	36.65	36.43	36.53	500.13	494.62	28.380	49.481	46.64	81.31	600.1	-0	1334	101.6	5.83	-0.0915	1.0	111115
454	"10:46:55"	667.0	-5.35	6.41	490	22.2	1.08	6	1	2.84	36.65	36.43	36.54	500.18	494.56	28.396	49.488	46.65	81.29	600.0	-0	1334	101.6	5.83	-0.0915	1.0	111115
455	"10:46:56"	668.0	-5.31	6.42	490	22.2	1.08	6	1	2.84	36.66	36.43	36.54	500.21	494.55	28.406	49.495	46.65	81.29	600.0	-0	1333	101.6	5.83	-0.0915	1.0	111115
456	"10:46:57"	669.5	-5.13	6.4	490	22.2	1.08	6	1	2.84	36.67	36.44	36.55	500.28	494.44	28.421	49.504	46.66	81.27	600.0	-0	1333	101.6	5.83	-0.0915	0.7	111115
457	"10:46:58"	670.5	-5.3	6.43	490	22.2	1.08	6	1	2.84	36.67	36.44	36.55	500.22	494.55	28.429	49.511	46.66	81.26	600.0	-0	1333	101.6	5.83	-0.0915	0.7	111115
458	"10:47:00"	672.0	-5.35	6.4	490	22.2	1.08	6	1	2.84	36.68	36.44	36.56	500.18	494.56	28.445	49.514	46.67	81.24	599.9	-0	1334	101.6	5.83	-0.0915	1.0	111115
459	"10:47:01"	673.0	-5.4	6.34	491	22.2	1.09	6	1	2.84	36.68	36.45	36.56	500.13	494.57	28.455	49.521	46.67	81.23	599.8	-0	1335	101.6	5.83	-0.0915	1.0	111115
460	"10:47:02"	674.5	-5.36	6.21	490	22.1	1.09	6	1	2.84	36.69	36.47	36.57	500.13	494.54	28.471	49.524	46.68	81.20	599.9	-0	1337	101.6	5.83	-0.0915	1.0	111115
461	"10:47:03"	675.5	-5.45	6.11	491	22.1	1.1	6	1	2.84	36.69	36.49	36.57	500.08	494.58	28.482	49.532	46.69	81.19	600.0	-0	1338	101.6	5.83	-0.0915	1.0	111115
462	"10:47:05"	677.0	-5.41	6.07	491	22.1	1.1	6	1	2.84	36.70	36.50	36.58	500.15	494.61	28.497	49.540	46.69	81.17	600.1	-0	1339	101.6	5.83	-0.0915	1.0	111115
463	"10:47:06"	678.0	-5.29	6.07	490	22.1	1.1	6	1	2.84	36.71	36.50	36.59	500.26	494.59	28.508	49.551	46.70	81.17	600.1	-0	1340	101.6	5.83	-0.0915	1.0	111115
464	"10:47:07"	679.5	-4.98	6.04	490	22.1	1.1	6	1	2.84	36.71	36.51	36.59	500.42	494.45	28.522	49.561	46.70	81.15	600.1	-0	1341	101.6	5.83	-0.0915	1.0	111115
465	"10:47:08"	680.0	-4.9	6.03	490	22.1	1.1	6	1	2.84	36.72	36.51	36.59	500.45	494.40	28.527	49.569	46.70	81.15	600.1	-0	1342	101.6	5.83	-0.0915	1.0	111115
466	"10:47:09"	681.0	-5.02	6.03	490	22.1	1.1	6	1	2.84	36.72	36.52	36.60	500.36	494.43	28.537	49.584	46.71	81.15	600.1	-0	1342	101.6	5.83	-0.0915	1.0	111115
467	"10:47:11"	683.0	-5.25	6	490	22.2	1.1	6	1	2.84	36.73	36.53	36.61	500.16	494.46	28.556	49.608	46.71	81.15	600.0	-0	1343	101.6	5.83	-0.0915	1.0	111115
468	"10:47:12"	684.0	-5.26	5.98	490	22.2	1.1	6	1	2.84	36.74	36.54	36.61	500.21	494.52	28.566	49.622	46.71	81.14	600.0	-0	1343	101.6	5.83	-0.0915	1.0	111115
469	"10:47:13"	685.5	-5.1	5.95	490	22.2	1.11	6	1	2.84	36.75	36.55	36.62	500.33	494.47	28.582	49.641	46.72	81.14	599.9	-0	1343	101.6	5.83	-0.0915	1.0	111115
470	"10:47:14"	686.5	-4.99	5.92	490	22.2	1.11	6	1	2.84	36.75	36.56	36.63	500.43	494.46	28.594	49.651	46.72	81.13	599.9	-0	1344	101.6	5.83	-0.0915	1.0	111115
471	"10:47:16"	688.0	-5.22	5.89	490	22.2	1.11	6	1	2.84	36.76	36.57	36.63	500.28	494.54	28.609	49.668	46.73	81.12	600.1	-0	1344	101.6	5.83	-0.0915	1.0	111115
472	"10:47:17"	689.0	-5.42	5.88	490	22.2	1.11	6	1	2.84	36.76	36.58	36.64	500.18	494.64	28.619	49.684	46.73	81.12	600.1	-0	1344	101.6	5.83	-0.0915	1.0	111115
473	"10:47:18"	690.5	-5.6	5.86	491	22.2	1.11	6	1	2.84	36.77	36.59	36.65	500.04	494.68	28.632	49.702	46.73	81.12	600.0	-0	1345	101.6	5.83	-0.0915	1.0	111115
474	"10:47:19"	691.5	-5.45	5.88	490	22.2	1.11	6	1	2.84	36.78	36.59	36.65	500.11	494.59	28.644	49.723	46.74	81.13	599.9	-0	1345	101.6	5.83	-0.0915	1.0	111115
475	"10:47:21"	693.0	-5.33	5.86	490	22.2	1.11	6	1	2.84	36.79	36.60	36.66	500.17	494.53	28.660	49.735	46.74	81.11	600.0	-0	1345	101.6	5.83	-0.0915	1.0	111115
476	"10:47:22"	694.0	-5.15	5.87	490	22.2	1.11	6	1	2.84	36.79	36.60	36.67	500.29	494.48	28.671	49.746	46.74	81.11	600.0	-0	1345	101.6	5.83	-0.0915	1.0	111115
477	"10:47:23"	695.5	-5.17	5.83	490	22.2	1.11	6	1	2.84	36.80	36.61	36.67	500.32	494.53	28.685	49.754	46.75	81.08	599.9	-0	1344	101.6	5.83	-0.0915	1.0	111115
478	"10:47:24"	696.5	-5.23	5.82	490	22.2	1.12	6	1	2.84	36.81	36.62	36.68	500.32	494.58	28.694	49.769	46.75	81.08	600.0	-0	1345	101.6	5.83	-0.0915	1.0	111115
479	"10:47:26"	698.0	-5.28	5.79	490	22.2	1.12	6	1	2.84	36.81	36.63	36.69	500.27	494.58	28.709	49.785	46.75	81.07	600.0	-0	1346	101.6	5.83	-0.0915	1.0	111115
480	"10:47:27"	699.0	-5.28	5.78	490	22.2	1.12	6	1	2.84	36.82	36.63	36.69	500.27	494.58	28.720	49.800	46.75	81.07	600.0	-0	1346	101.6	5.83	-0.0915	1.0	111115
481	"10:47:28"	700.5	-5.21	5.75	490	22.2	1.12	6	1	2.84	36.83	36.64	36.70	500.25	494.49	28.737	49.811	46.76	81.05	600.0	-0	1346	101.6	5.83	-0.0915	1.0	111115
482	"10:47:29"	701.5	-5.23	5.72	490	22.2	1.12	6	1	2.84	36.83	36.65	36.70	500.23	494.49	28.748	49.821	46.76	81.04	600.0	-0	1346	101.6	5.83	-0.0915	1.0	111115
483	"10:47:31"	703.0	-5.23	5.68	490	22.2	1.12	6	1	2.84	36.84	36.66	36.71	500.22	494.49	28.764	49.826	46.77	81.02	600.0	-0	1345	101.6	5.83	-0.0915	1.0	111115
