"OPEN 5.3.2"
"Thr Aug  2 2018 10:48:38"
"Unit="	"PSC-895"
"ComputeList="	"/User/Configs/Comps/Default"
"BLCTable="	"/Sys/Lib/StdBLCTable"
"LightSource="	"Sun+Sky"	1	0.19
"LogFormat="	"/User/Configs/LogFormats/Std Output"
"LogCodes="	-35	-21	-36	30	23	36	21	25	-33	-34	-32	-9	-10	-8	-1	-2	-4	-5	-14	-15	-7	-12	-13	-11	-65	-66	-72	-23
"PromptList="	"/User/Configs/Prompts/Default (none)"
"Stability= (CO2S 15s SLP<1)(H2OS 15s SLP<1)(Flow 15s SLP<1)"
"10:48:41 cos 500 flow 600 match post roots"
$STARTOFDATA$
"Obs"	"HHMMSS"	"FTime"	"Photo"	"Cond"	"Ci"	"Trmmol"	"VpdL"	"Area"	"StmRat"	"BLCond"	"Tair"	"Tleaf"	"TBlk"	"CO2R"	"CO2S"	"H2OR"	"H2OS"	"RH_R"	"RH_S"	"Flow"	"PARi"	"PARo"	"Press"	"CsMch"	"HsMch"	"StableF"	"Status"
1	"10:53:21"	298.5	-14.5	0.998	521	14.8	1.93	6	1	2.84	38.09	37.70	38.04	499.56	506.53	31.305	45.466	47.55	69.06	599.9	-0	201	101.6	5.83	-0.0915	0.0	111115
2	"10:53:22"	299.0	-14.5	0.998	521	14.8	1.93	6	1	2.84	38.09	37.70	38.04	499.62	506.56	31.310	45.466	47.56	69.06	600.0	-0	198	101.6	5.83	-0.0915	0.7	111115
3	"10:53:24"	300.5	-14.4	0.998	521	14.8	1.93	6	1	2.84	38.09	37.69	38.04	499.62	506.50	31.315	45.463	47.57	69.06	600.0	-0	200	101.6	5.83	-0.0915	0.3	111115
4	"10:53:25"	302.0	-14.4	0.999	521	14.8	1.92	6	1	2.84	38.09	37.69	38.04	499.63	506.50	31.321	45.465	47.58	69.07	600.0	-0	225	101.6	5.83	-0.0915	0.7	111115
5	"10:53:26"	303.0	-14.4	1	521	14.8	1.92	6	1	2.84	38.09	37.68	38.04	499.59	506.48	31.325	45.469	47.60	69.09	600.0	-0	237	101.6	5.83	-0.0915	0.7	111115
6	"10:53:27"	304.5	-14.5	1	521	14.8	1.92	6	1	2.84	38.08	37.67	38.03	499.54	506.52	31.332	45.465	47.61	69.09	600.0	-0	252	101.6	5.83	-0.0915	1.0	111115
7	"10:53:29"	305.5	-14.5	1	521	14.8	1.92	6	1	2.84	38.08	37.67	38.03	499.54	506.55	31.336	45.463	47.63	69.10	600.0	-0	244	101.6	5.83	-0.0915	1.0	111115
8	"10:53:30"	307.0	-14.6	1	521	14.8	1.92	6	1	2.84	38.08	37.66	38.03	499.47	506.55	31.344	45.461	47.64	69.10	600.0	-0	241	101.6	5.83	-0.0915	1.0	111115
9	"10:53:31"	307.5	-14.5	1	521	14.8	1.92	6	1	2.84	38.08	37.66	38.03	499.51	506.54	31.346	45.465	47.65	69.11	600.0	-0	241	101.6	5.83	-0.0915	1.0	111115
10	"10:53:32"	309.0	-14.5	1.01	521	14.8	1.91	6	1	2.84	38.07	37.66	38.03	499.51	506.47	31.350	45.470	47.66	69.13	600.0	-0	241	101.6	5.83	-0.0915	1.0	111115
11	"10:53:33"	310.5	-14.2	1.01	520	14.8	1.91	6	1	2.84	38.07	37.65	38.03	499.60	506.35	31.357	45.479	47.68	69.16	600.0	-0	238	101.6	5.83	-0.0915	1.0	111115
12	"10:53:35"	311.5	-14.2	1.01	520	14.8	1.91	6	1	2.84	38.07	37.65	38.03	499.58	506.33	31.362	45.482	47.69	69.17	600.0	-0	237	101.6	5.83	-0.0915	1.0	111115
13	"10:53:36"	313.0	-14.3	1.01	520	14.8	1.91	6	1	2.84	38.07	37.64	38.03	499.55	506.31	31.369	45.489	47.71	69.19	600.0	-0	263	101.6	5.83	-0.0915	1.0	111115
14	"10:53:37"	314.0	-14.2	1.01	520	14.8	1.9	6	1	2.84	38.06	37.63	38.03	499.54	506.27	31.374	45.488	47.72	69.19	600.0	-0	276	101.6	5.83	-0.0915	1.0	111115
15	"10:53:38"	315.5	-14.4	1.01	520	14.8	1.9	6	1	2.84	38.06	37.63	38.02	499.44	506.31	31.381	45.488	47.74	69.20	600.0	-0	297	101.6	5.83	-0.0915	1.0	111115
16	"10:53:40"	316.5	-14.4	1.01	520	14.8	1.9	6	1	2.84	38.06	37.62	38.02	499.42	506.30	31.384	45.486	47.75	69.21	600.0	-0	293	101.6	5.83	-0.0915	1.0	111115
17	"10:53:41"	318.0	-14.5	1.02	521	14.8	1.9	6	1	2.84	38.06	37.61	38.02	499.41	506.39	31.388	45.491	47.76	69.22	600.0	-0	270	101.6	5.83	-0.0915	1.0	111115
18	"10:53:42"	318.5	-14.4	1.02	520	14.8	1.9	6	1	2.84	38.06	37.61	38.02	499.47	506.39	31.391	45.489	47.77	69.22	600.0	-0	256	101.6	5.83	-0.0915	1.0	111115
19	"10:53:43"	320.0	-14.3	1.02	520	14.8	1.89	6	1	2.84	38.05	37.61	38.02	499.47	506.34	31.398	45.480	47.79	69.22	600.0	-0	202	101.6	5.83	-0.0915	1.0	111115
20	"10:53:44"	321.5	-14.2	1.02	520	14.8	1.89	6	1	2.84	38.05	37.60	38.02	499.51	506.26	31.404	45.487	47.80	69.24	600.0	-0	160	101.6	5.83	-0.0915	1.0	111115
21	"10:53:46"	322.5	-14.1	1.02	520	14.8	1.89	6	1	2.84	38.05	37.60	38.02	499.51	506.18	31.407	45.492	47.81	69.26	600.0	0	151	101.6	5.83	-0.0915	1.0	111115
22	"10:53:47"	323.0	-14.1	1.02	520	14.8	1.89	6	1	2.84	38.05	37.59	38.02	499.51	506.14	31.408	45.495	47.82	69.27	600.0	-0	149	101.6	5.83	-0.0915	0.7	111115
23	"10:53:48"	325.0	-14.1	1.02	520	14.8	1.89	6	1	2.84	38.05	37.59	38.01	499.52	506.15	31.417	45.501	47.84	69.29	599.9	0	126	101.6	5.83	-0.0915	0.7	111115
24	"10:53:49"	326.0	-14.1	1.02	520	14.8	1.88	6	1	2.84	38.04	37.58	38.01	499.51	506.18	31.420	45.506	47.85	69.30	599.9	-0	124	101.6	5.83	-0.0915	0.7	111115
25	"10:53:50"	327.5	-14.2	1.03	520	14.8	1.88	6	1	2.84	38.04	37.58	38.01	499.46	506.19	31.424	45.524	47.86	69.34	600.0	-0	125	101.6	5.83	-0.0915	1.0	111115
26	"10:53:52"	328.5	-14.2	1.03	520	14.8	1.88	6	1	2.84	38.04	37.58	38.01	499.47	506.23	31.428	45.542	47.87	69.37	600.0	-0	127	101.6	5.83	-0.0915	1.0	111115
27	"10:53:53"	330.0	-14.2	1.04	520	14.8	1.87	6	1	2.84	38.04	37.57	38.01	499.54	506.23	31.434	45.560	47.89	69.41	600.0	-0	131	101.6	5.83	-0.0915	1.0	111115
28	"10:53:54"	331.0	-14.3	1.04	520	14.8	1.87	6	1	2.84	38.04	37.57	38.01	499.53	506.33	31.436	45.567	47.90	69.43	600.0	-0	137	101.6	5.83	-0.0915	1.0	111115
29	"10:53:55"	332.5	-14.5	1.04	520	14.8	1.87	6	1	2.84	38.03	37.56	38.01	499.46	506.43	31.443	45.574	47.91	69.44	600.0	-0	149	101.6	5.83	-0.0915	1.0	111115
30	"10:53:57"	333.5	-14.5	1.04	520	14.8	1.87	6	1	2.84	38.03	37.56	38.00	499.48	506.48	31.445	45.576	47.92	69.45	600.0	-0	154	101.6	5.83	-0.0915	1.0	111115
31	"10:53:58"	335.0	-14.6	1.04	521	14.8	1.87	6	1	2.84	38.03	37.56	38.00	499.43	506.53	31.451	45.585	47.93	69.47	600.0	-0	203	101.6	5.83	-0.0915	1.0	111115
32	"10:53:59"	336.0	-14.6	1.04	521	14.8	1.87	6	1	2.84	38.03	37.56	38.00	499.50	506.56	31.454	45.591	47.94	69.49	599.9	-0	305	101.6	5.83	-0.0915	1.0	111115
33	"10:54:00"	337.5	-14.6	1.04	521	14.8	1.86	6	1	2.84	38.03	37.55	38.00	499.47	506.60	31.459	45.597	47.95	69.51	600.0	-0	493	101.6	5.83	-0.0915	0.7	111115
34	"10:54:02"	338.5	-14.6	1.05	521	14.8	1.86	6	1	2.84	38.02	37.55	38.00	499.52	506.61	31.463	45.608	47.96	69.53	600.0	-0	606	101.6	5.83	-0.0915	0.7	111115
35	"10:54:03"	340.0	-14.6	1.05	521	14.8	1.86	6	1	2.84	38.02	37.55	38.00	499.51	506.60	31.470	45.623	47.98	69.55	600.0	-0	667	101.6	5.83	-0.0915	0.7	111115
36	"10:54:04"	341.0	-14.6	1.05	521	14.8	1.86	6	1	2.84	38.02	37.55	38.00	499.52	506.64	31.474	45.632	47.99	69.57	600.0	-0	707	101.6	5.83	-0.0915	0.7	111115
37	"10:54:05"	342.5	-14.6	1.05	521	14.8	1.86	6	1	2.84	38.02	37.55	38.00	499.51	506.60	31.480	45.651	48.00	69.60	600.0	-0	834	101.6	5.83	-0.0915	0.7	111115
38	"10:54:07"	343.5	-14.6	1.05	521	14.9	1.86	6	1	2.84	38.02	37.55	38.00	499.49	506.60	31.486	45.669	48.01	69.64	600.0	-0	959	101.6	5.83	-0.0915	0.7	111115
39	"10:54:08"	345.0	-14.6	1.06	521	14.9	1.85	6	1	2.84	38.02	37.55	38.00	499.47	506.56	31.496	45.689	48.03	69.67	600.0	-0	1112	101.6	5.83	-0.0915	0.7	111115
40	"10:54:09"	346.0	-14.7	1.06	521	14.9	1.85	6	1	2.84	38.02	37.55	37.99	499.43	506.61	31.503	45.704	48.04	69.69	600.0	-0	1162	101.6	5.83	-0.0915	0.7	111115
41	"10:54:10"	347.5	-14.7	1.06	521	14.9	1.85	6	1	2.84	38.02	37.56	37.99	499.45	506.59	31.511	45.728	48.05	69.73	600.1	-0	1239	101.6	5.83	-0.0915	0.7	111115
42	"10:54:12"	348.5	-14.7	1.07	521	14.9	1.85	6	1	2.84	38.02	37.56	37.99	499.39	506.57	31.518	45.758	48.06	69.77	600.0	-0	1323	101.6	5.83	-0.0915	1.0	111115
43	"10:54:13"	350.0	-14.6	1.07	520	15	1.85	6	1	2.84	38.02	37.56	37.99	499.46	506.46	31.526	45.802	48.07	69.84	599.9	-0	1425	101.6	5.83	-0.0915	1.0	111115
44	"10:54:14"	351.0	-14.5	1.08	520	15	1.84	6	1	2.84	38.02	37.56	37.99	499.50	506.37	31.533	45.834	48.08	69.88	599.9	-0	1429	101.6	5.83	-0.0915	1.0	111115
45	"10:54:15"	352.5	-14.4	1.08	519	15	1.84	6	1	2.84	38.02	37.57	37.99	499.56	506.33	31.545	45.886	48.10	69.96	600.0	-0	1362	101.6	5.83	-0.0915	1.0	111115
46	"10:54:17"	353.5	-14.4	1.09	519	15.1	1.84	6	1	2.84	38.02	37.57	37.99	499.52	506.34	31.555	45.920	48.11	70.01	600.0	-0	1318	101.6	5.83	-0.0915	0.7	111115
47	"10:54:18"	355.0	-14.5	1.09	519	15.1	1.84	6	1	2.84	38.02	37.58	37.99	499.47	506.30	31.570	45.972	48.13	70.09	600.1	-0	1239	101.6	5.83	-0.0915	0.3	111115
48	"10:54:19"	356.0	-14.3	1.1	519	15.1	1.83	6	1	2.84	38.03	37.58	37.99	499.53	506.21	31.579	46.004	48.14	70.13	600.0	-0	1171	101.6	5.83	-0.0915	0.3	111115
49	"10:54:20"	357.5	-14.1	1.11	518	15.2	1.83	6	1	2.84	38.03	37.58	38.00	499.63	506.03	31.593	46.061	48.15	70.21	600.0	-0	1113	101.6	5.83	-0.0915	0.3	111115
50	"10:54:22"	358.5	-13.9	1.11	518	15.2	1.82	6	1	2.84	38.03	37.59	38.00	499.69	505.94	31.603	46.098	48.17	70.26	599.9	-0	1098	101.6	5.83	-0.0915	0.3	111115
51	"10:54:23"	360.0	-14	1.12	518	15.2	1.82	6	1	2.84	38.03	37.59	38.00	499.60	505.88	31.614	46.147	48.18	70.32	599.9	-0	1063	101.6	5.83	-0.0915	0.3	111115
52	"10:54:24"	361.0	-14	1.13	518	15.3	1.82	6	1	2.84	38.03	37.59	38.00	499.55	505.85	31.620	46.175	48.18	70.36	600.0	-0	1000	101.6	5.83	-0.0915	0.3	111115
53	"10:54:25"	362.5	-14	1.13	518	15.3	1.81	6	1	2.84	38.03	37.59	38.00	499.53	505.80	31.627	46.209	48.19	70.41	599.9	-0	884	101.6	5.83	-0.0915	0.3	111115
54	"10:54:27"	363.5	-14	1.14	518	15.3	1.81	6	1	2.84	38.03	37.59	38.00	499.51	505.80	31.631	46.238	48.19	70.45	599.9	-0	861	101.6	5.83	-0.0915	0.3	111115
55	"10:54:28"	365.0	-14.1	1.14	518	15.3	1.81	6	1	2.84	38.04	37.59	38.00	499.47	505.79	31.640	46.269	48.20	70.49	600.0	-0	845	101.6	5.83	-0.0915	0.3	111115
56	"10:54:29"	366.0	-14.1	1.14	517	15.4	1.81	6	1	2.84	38.04	37.59	38.00	499.46	505.75	31.646	46.286	48.21	70.51	600.0	-0	843	101.6	5.83	-0.0915	0.3	111115
57	"10:54:30"	367.5	-13.9	1.15	517	15.4	1.81	6	1	2.84	38.04	37.59	38.00	499.55	505.66	31.657	46.306	48.22	70.54	600.0	-0	778	101.6	5.83	-0.0915	0.3	111115
58	"10:54:32"	368.5	-13.7	1.15	517	15.4	1.81	6	1	2.84	38.04	37.59	38.00	499.62	505.58	31.660	46.314	48.23	70.55	600.0	-0	735	101.6	5.83	-0.0915	0.3	111115
59	"10:54:33"	370.0	-13.6	1.15	516	15.4	1.81	6	1	2.84	38.04	37.60	38.01	499.66	505.50	31.665	46.326	48.23	70.56	600.0	-0	750	101.6	5.83	-0.0915	0.3	111115
60	"10:54:34"	371.0	-13.6	1.15	516	15.4	1.81	6	1	2.84	38.04	37.60	38.01	499.62	505.46	31.669	46.329	48.23	70.56	600.0	-0	838	101.6	5.83	-0.0915	0.3	111115
61	"10:54:35"	372.5	-13.7	1.15	516	15.4	1.8	6	1	2.84	38.05	37.60	38.01	499.53	505.45	31.675	46.346	48.23	70.57	600.0	-0	918	101.6	5.83	-0.0915	0.3	111115
62	"10:54:37"	373.5	-13.7	1.15	516	15.4	1.8	6	1	2.84	38.05	37.60	38.01	499.51	505.44	31.681	46.355	48.24	70.58	600.0	-0	931	101.6	5.83	-0.0915	0.3	111115
63	"10:54:38"	375.0	-13.7	1.15	516	15.4	1.8	6	1	2.84	38.05	37.60	38.01	499.51	505.45	31.687	46.372	48.24	70.60	600.0	-0	889	101.6	5.83	-0.0915	0.3	111115
64	"10:54:39"	376.0	-13.6	1.15	516	15.4	1.8	6	1	2.84	38.05	37.60	38.01	499.55	505.38	31.694	46.383	48.25	70.61	600.0	-0	933	101.6	5.83	-0.0915	0.7	111115
65	"10:54:40"	377.5	-13.5	1.15	516	15.4	1.8	6	1	2.84	38.05	37.61	38.01	499.62	505.28	31.698	46.394	48.25	70.63	600.0	-0	964	101.6	5.83	-0.0915	0.7	111115
66	"10:54:42"	378.5	-13.3	1.16	515	15.4	1.8	6	1	2.84	38.05	37.61	38.01	499.68	505.21	31.702	46.402	48.26	70.63	600.0	-0	940	101.6	5.83	-0.0915	0.7	111115
67	"10:54:43"	380.0	-13.1	1.16	515	15.4	1.8	6	1	2.84	38.05	37.61	38.02	499.78	505.06	31.710	46.414	48.26	70.64	600.0	-0	901	101.6	5.83	-0.0915	0.7	111115
68	"10:54:44"	381.0	-13.1	1.16	515	15.4	1.8	6	1	2.84	38.06	37.61	38.02	499.72	505.07	31.715	46.424	48.27	70.65	600.0	-0	878	101.6	5.83	-0.0915	0.7	111115
69	"10:54:45"	382.5	-13.4	1.16	515	15.4	1.8	6	1	2.84	38.06	37.62	38.02	499.55	505.13	31.725	46.440	48.28	70.67	600.1	-0	864	101.6	5.83	-0.0915	0.7	111115
70	"10:54:47"	383.5	-13.4	1.16	515	15.4	1.8	6	1	2.84	38.06	37.62	38.02	499.49	505.11	31.729	46.451	48.28	70.68	600.0	-0	839	101.6	5.83	-0.0915	0.7	111115
71	"10:54:48"	385.0	-13.3	1.16	515	15.4	1.8	6	1	2.84	38.06	37.62	38.02	499.56	505.09	31.739	46.466	48.28	70.69	599.9	-0	830	101.6	5.83	-0.0915	0.7	111115
72	"10:54:49"	386.0	-13.1	1.16	515	15.4	1.8	6	1	2.84	38.06	37.62	38.02	499.63	504.97	31.743	46.471	48.29	70.69	599.9	-0	882	101.6	5.83	-0.0915	0.7	111115
73	"10:54:50"	387.5	-13.2	1.16	515	15.4	1.8	6	1	2.84	38.07	37.62	38.03	499.61	505.01	31.749	46.475	48.29	70.69	599.9	-0	926	101.6	5.83	-0.0915	0.7	111115
74	"10:54:52"	388.5	-13.2	1.16	515	15.4	1.8	6	1	2.84	38.07	37.62	38.03	499.64	505.06	31.753	46.478	48.29	70.68	599.9	-0	887	101.6	5.83	-0.0915	0.7	111115
75	"10:54:53"	390.0	-13.2	1.16	515	15.4	1.8	6	1	2.84	38.07	37.63	38.03	499.63	505.02	31.758	46.485	48.29	70.69	600.0	-0	722	101.6	5.83	-0.0915	0.7	111115
76	"10:54:54"	391.0	-13.2	1.16	515	15.4	1.8	6	1	2.84	38.07	37.63	38.03	499.58	505.02	31.762	46.488	48.29	70.68	600.0	-0	610	101.6	5.83	-0.0915	0.7	111115
77	"10:54:55"	392.5	-13.1	1.16	515	15.4	1.8	6	1	2.84	38.07	37.63	38.03	499.60	504.93	31.768	46.495	48.30	70.69	600.0	-0	502	101.6	5.83	-0.0915	0.7	111115
78	"10:54:57"	393.5	-13.1	1.16	515	15.4	1.8	6	1	2.84	38.08	37.62	38.03	499.59	504.91	31.773	46.495	48.30	70.68	600.0	-0	491	101.6	5.83	-0.0915	0.7	111115
79	"10:54:58"	395.0	-13	1.16	514	15.4	1.8	6	1	2.84	38.08	37.62	38.04	499.62	504.86	31.778	46.498	48.31	70.68	600.0	-0	524	101.6	5.83	-0.0915	0.7	111115
80	"10:54:59"	396.0	-13.1	1.16	515	15.4	1.8	6	1	2.84	38.08	37.62	38.04	499.53	504.84	31.784	46.494	48.31	70.67	600.0	-0	557	101.6	5.83	-0.0915	1.0	111115
81	"10:55:00"	397.5	-13.1	1.16	515	15.4	1.8	6	1	2.84	38.08	37.62	38.04	499.50	504.81	31.789	46.484	48.32	70.65	600.0	-0	584	101.6	5.83	-0.0915	1.0	111115
82	"10:55:02"	398.5	-13.1	1.16	515	15.4	1.8	6	1	2.84	38.08	37.62	38.04	499.48	504.78	31.791	46.468	48.31	70.62	600.0	-0	522	101.6	5.83	-0.0915	0.7	111115
83	"10:55:03"	399.0	-13	1.16	514	15.4	1.8	6	1	2.84	38.08	37.62	38.04	499.50	504.75	31.793	46.465	48.32	70.62	600.0	-0	479	101.6	5.83	-0.0915	0.7	111115
84	"10:55:04"	401.0	-12.9	1.15	514	15.3	1.8	6	1	2.84	38.08	37.61	38.05	499.58	504.73	31.796	46.427	48.32	70.56	600.0	-0	462	101.6	5.83	-0.0915	0.7	111115
85	"10:55:05"	402.0	-12.8	1.14	514	15.3	1.8	6	1	2.84	38.08	37.61	38.05	499.61	504.65	31.799	46.409	48.32	70.53	600.0	-0	388	101.6	5.83	-0.0915	0.7	111115
86	"10:55:06"	403.5	-12.8	1.14	514	15.3	1.81	6	1	2.84	38.08	37.61	38.05	499.54	504.64	31.804	46.380	48.33	70.48	600.0	-0	308	101.6	5.83	-0.0915	0.7	111115
87	"10:55:08"	404.5	-12.8	1.13	514	15.3	1.81	6	1	2.84	38.08	37.61	38.05	499.51	504.58	31.807	46.363	48.33	70.45	600.0	-0	196	101.6	5.83	-0.0915	0.7	111115
88	"10:55:09"	405.0	-12.8	1.13	514	15.2	1.81	6	1	2.84	38.08	37.61	38.05	499.51	504.59	31.809	46.351	48.33	70.43	600.0	-0	154	101.6	5.83	-0.0915	0.7	111115
89	"10:55:10"	407.0	-12.9	1.12	514	15.2	1.81	6	1	2.84	38.08	37.61	38.05	499.46	504.66	31.815	46.315	48.34	70.38	600.1	-0	530	101.6	5.83	-0.0915	0.7	111115
90	"10:55:11"	408.5	-12.9	1.12	514	15.2	1.81	6	1	2.84	38.08	37.61	38.05	499.47	504.67	31.818	46.287	48.35	70.33	600.1	-0	833	101.6	5.83	-0.0915	0.7	111115
91	"10:55:13"	409.5	-12.7	1.12	514	15.2	1.82	6	1	2.84	38.08	37.61	38.05	499.50	504.60	31.818	46.272	48.35	70.31	600.0	-0	1047	101.6	5.83	-0.0915	0.7	111115
92	"10:55:14"	411.0	-12.5	1.11	514	15.1	1.82	6	1	2.84	38.08	37.61	38.05	499.56	504.46	31.822	46.243	48.35	70.26	599.9	-0	909	101.6	5.83	-0.0915	0.7	111115
93	"10:55:15"	412.0	-12.5	1.1	514	15.1	1.82	6	1	2.84	38.09	37.62	38.05	499.55	504.45	31.825	46.223	48.35	70.23	599.9	-0	829	101.6	5.83	-0.0915	0.7	111115
94	"10:55:16"	413.5	-12.6	1.1	514	15.1	1.83	6	1	2.84	38.09	37.62	38.06	499.50	504.52	31.832	46.204	48.36	70.20	600.0	-0	620	101.6	5.83	-0.0915	0.3	111115
95	"10:55:18"	414.5	-12.6	1.1	514	15.1	1.83	6	1	2.84	38.09	37.62	38.06	499.49	504.54	31.837	46.201	48.37	70.19	600.0	-0	523	101.6	5.83	-0.0915	0.3	111115
96	"10:55:19"	416.0	-12.6	1.1	514	15	1.83	6	1	2.84	38.09	37.62	38.06	499.52	504.50	31.848	46.198	48.38	70.18	600.0	-0	457	101.6	5.83	-0.0915	0.3	111115
97	"10:55:20"	417.0	-12.4	1.09	514	15	1.83	6	1	2.84	38.09	37.62	38.06	499.63	504.42	31.856	46.199	48.39	70.18	600.0	-0	450	101.6	5.83	-0.0915	1.0	111115
98	"10:55:21"	418.5	-12.4	1.09	514	15	1.83	6	1	2.84	38.09	37.62	38.06	499.63	504.43	31.865	46.193	48.40	70.16	600.0	-0	461	101.6	5.83	-0.0915	1.0	111115
99	"10:55:23"	419.5	-12.4	1.09	514	15	1.83	6	1	2.84	38.09	37.62	38.06	499.62	504.42	31.867	46.194	48.40	70.16	600.0	-0	479	101.6	5.83	-0.0915	1.0	111115
100	"10:55:24"	421.0	-12.5	1.09	514	15	1.83	6	1	2.84	38.09	37.63	38.06	499.50	504.42	31.869	46.189	48.40	70.15	600.0	-0	514	101.6	5.83	-0.0915	1.0	111115
101	"10:55:25"	421.5	-12.5	1.09	514	15	1.83	6	1	2.84	38.09	37.63	38.06	499.46	504.39	31.869	46.193	48.40	70.15	600.0	-0	528	101.6	5.83	-0.0915	1.0	111115
102	"10:55:26"	423.5	-12.5	1.09	514	15	1.83	6	1	2.84	38.10	37.63	38.06	499.50	504.41	31.875	46.186	48.40	70.14	600.0	-0	580	101.6	5.83	-0.0915	1.0	111115
103	"10:55:28"	424.5	-12.4	1.09	514	15	1.83	6	1	2.84	38.10	37.63	38.07	499.55	504.41	31.878	46.184	48.41	70.13	600.0	-0	607	101.6	5.83	-0.0915	1.0	111115
104	"10:55:29"	426.0	-12.4	1.08	514	15	1.83	6	1	2.84	38.10	37.63	38.07	499.58	504.43	31.884	46.178	48.41	70.11	600.1	-0	626	101.6	5.83	-0.0915	1.0	111115
105	"10:55:30"	427.0	-12.4	1.08	514	15	1.83	6	1	2.84	38.10	37.64	38.07	499.56	504.39	31.889	46.177	48.41	70.11	600.1	-0	612	101.6	5.83	-0.0915	1.0	111115
106	"10:55:31"	428.5	-12.3	1.08	513	15	1.84	6	1	2.84	38.10	37.64	38.07	499.50	504.26	31.893	46.179	48.42	70.10	600.1	-0	577	101.6	5.83	-0.0915	1.0	111115
107	"10:55:33"	429.5	-12.3	1.08	513	15	1.84	6	1	2.84	38.10	37.64	38.07	499.45	504.21	31.894	46.183	48.41	70.10	600.0	-0	540	101.6	5.83	-0.0915	1.0	111115
108	"10:55:34"	431.0	-12.3	1.08	513	15	1.84	6	1	2.84	38.10	37.64	38.07	499.41	504.18	31.900	46.186	48.42	70.10	600.0	-0	516	101.6	5.83	-0.0915	1.0	111115
109	"10:55:35"	431.5	-12.3	1.08	513	15	1.84	6	1	2.84	38.11	37.64	38.07	499.42	504.18	31.904	46.185	48.42	70.10	600.0	-0	508	101.6	5.83	-0.0915	1.0	111115
110	"10:55:36"	433.0	-12.3	1.08	513	15	1.84	6	1	2.84	38.11	37.64	38.07	499.45	504.21	31.909	46.195	48.43	70.11	600.0	-0	522	101.6	5.83	-0.0915	1.0	111115
111	"10:55:37"	434.5	-12.3	1.08	514	15	1.84	6	1	2.84	38.11	37.65	38.08	499.45	504.24	31.911	46.206	48.42	70.11	599.9	-0	594	101.6	5.83	-0.0915	1.0	111115
112	"10:55:39"	435.5	-12.4	1.08	514	15	1.84	6	1	2.84	38.11	37.65	38.08	499.46	504.29	31.912	46.221	48.42	70.13	599.9	-0	700	101.6	5.83	-0.0915	1.0	111115
113	"10:55:40"	437.0	-12.3	1.09	513	15	1.84	6	1	2.84	38.11	37.66	38.08	499.53	504.22	31.918	46.240	48.42	70.15	600.0	-0	877	101.6	5.83	-0.0915	1.0	111115
114	"10:55:41"	438.0	-12.1	1.09	513	15	1.84	6	1	2.84	38.12	37.66	38.08	499.56	504.13	31.921	46.253	48.42	70.16	600.0	-0	906	101.6	5.83	-0.0915	1.0	111115
115	"10:55:42"	438.5	-12.2	1.09	513	15	1.84	6	1	2.84	38.12	37.66	38.08	499.54	504.13	31.923	46.261	48.42	70.17	600.1	-0	882	101.6	5.83	-0.0915	1.0	111115
116	"10:55:43"	440.5	-12.1	1.09	513	15.1	1.83	6	1	2.84	38.12	37.67	38.08	499.55	504.02	31.931	46.288	48.43	70.20	600.1	-0	654	101.6	5.83	-0.0915	0.7	111115
117	"10:55:45"	442.0	-12	1.09	512	15.1	1.83	6	1	2.84	38.12	37.67	38.08	499.54	503.98	31.938	46.313	48.43	70.23	600.0	-0	560	101.6	5.83	-0.0915	0.7	111115
118	"10:55:46"	443.0	-12.1	1.1	513	15.1	1.83	6	1	2.84	38.12	37.67	38.09	499.51	504.01	31.943	46.329	48.44	70.25	600.0	-0	570	101.6	5.83	-0.0915	0.7	111115
119	"10:55:47"	444.5	-12.3	1.1	513	15.1	1.83	6	1	2.84	38.13	37.67	38.09	499.43	504.07	31.950	46.352	48.44	70.27	600.0	-0	588	101.6	5.83	-0.0915	0.7	111115
120	"10:55:49"	445.5	-12.2	1.1	513	15.1	1.83	6	1	2.84	38.13	37.67	38.09	499.43	504.06	31.955	46.359	48.44	70.28	600.0	-0	594	101.6	5.83	-0.0915	0.7	111115
121	"10:55:50"	447.0	-12.1	1.1	512	15.1	1.83	6	1	2.84	38.13	37.68	38.09	499.49	503.96	31.962	46.373	48.44	70.29	600.0	-0	605	101.6	5.83	-0.0915	0.7	111115
122	"10:55:51"	448.0	-12	1.1	512	15.1	1.83	6	1	2.84	38.13	37.68	38.09	499.52	503.91	31.967	46.380	48.45	70.29	600.0	-0	634	101.6	5.83	-0.0915	0.7	111115
123	"10:55:53"	449.5	-12	1.1	512	15.1	1.83	6	1	2.84	38.13	37.67	38.10	499.56	503.91	31.973	46.391	48.45	70.30	600.0	-0	667	101.6	5.83	-0.0915	0.7	111115
124	"10:55:54"	450.0	-12	1.1	512	15.1	1.83	6	1	2.84	38.13	37.67	38.10	499.56	503.93	31.975	46.395	48.45	70.31	600.0	-0	670	101.6	5.83	-0.0915	0.7	111115
125	"10:55:55"	452.0	-11.9	1.1	512	15.1	1.83	6	1	2.84	38.14	37.67	38.10	499.56	503.88	31.981	46.396	48.46	70.30	600.0	-0	651	101.6	5.83	-0.0915	0.7	111115
126	"10:55:56"	453.0	-12	1.1	512	15.1	1.83	6	1	2.84	38.14	37.68	38.10	499.48	503.88	31.985	46.400	48.46	70.30	599.9	-0	637	101.6	5.83	-0.0915	0.7	111115
127	"10:55:57"	454.5	-12.1	1.1	512	15.1	1.83	6	1	2.84	38.14	37.67	38.10	499.37	503.86	31.992	46.403	48.47	70.30	599.9	-0	658	101.6	5.83	-0.0915	0.7	111115
128	"10:55:59"	455.5	-12.1	1.1	512	15.1	1.82	6	1	2.84	38.14	37.67	38.10	499.39	503.84	31.996	46.405	48.47	70.30	599.9	-0	664	101.6	5.83	-0.0915	0.7	111115
129	"10:56:00"	457.0	-12	1.11	512	15.1	1.82	6	1	2.84	38.14	37.67	38.10	499.44	503.84	32.003	46.419	48.48	70.32	599.9	-0	653	101.6	5.83	-0.0915	1.0	111115
130	"10:56:01"	458.0	-12	1.11	512	15.1	1.82	6	1	2.84	38.14	37.67	38.10	499.46	503.84	32.009	46.422	48.49	70.32	599.9	-0	617	101.6	5.83	-0.0915	1.0	111115
131	"10:56:02"	459.5	-11.9	1.11	512	15.1	1.82	6	1	2.84	38.14	37.68	38.11	499.47	503.79	32.015	46.437	48.49	70.34	600.0	-0	621	101.6	5.83	-0.0915	1.0	111115
132	"10:56:03"	460.0	-11.9	1.11	512	15.1	1.82	6	1	2.84	38.14	37.68	38.11	499.47	503.74	32.018	46.445	48.50	70.35	600.0	-0	649	101.6	5.83	-0.0915	1.0	111115
133	"10:56:05"	462.0	-11.9	1.11	512	15.1	1.82	6	1	2.84	38.14	37.68	38.11	499.42	503.71	32.025	46.469	48.50	70.38	600.0	-0	869	101.6	5.83	-0.0915	1.0	111115
134	"10:56:06"	463.0	-11.9	1.11	512	15.2	1.82	6	1	2.84	38.14	37.68	38.11	499.39	503.66	32.028	46.480	48.51	70.39	600.0	-0	963	101.6	5.83	-0.0915	0.7	111115
135	"10:56:07"	464.5	-11.8	1.11	512	15.2	1.82	6	1	2.84	38.15	37.68	38.11	499.45	503.65	32.033	46.495	48.51	70.41	600.0	-0	1042	101.6	5.83	-0.0915	0.7	111115
136	"10:56:09"	465.5	-11.7	1.12	511	15.2	1.82	6	1	2.84	38.15	37.69	38.11	499.51	503.60	32.039	46.507	48.52	70.42	600.0	-0	1085	101.6	5.83	-0.0915	0.7	111115
137	"10:56:10"	467.0	-11.7	1.12	511	15.2	1.82	6	1	2.84	38.15	37.69	38.11	499.55	503.59	32.049	46.535	48.52	70.46	600.0	-0	1129	101.6	5.83	-0.0915	0.7	111115
138	"10:56:11"	468.0	-11.6	1.12	511	15.2	1.82	6	1	2.84	38.15	37.69	38.11	499.56	503.52	32.053	46.554	48.53	70.48	600.0	-0	1111	101.6	5.83	-0.0915	0.7	111115
139	"10:56:12"	468.5	-11.6	1.12	511	15.2	1.82	6	1	2.84	38.15	37.69	38.11	499.52	503.51	32.055	46.563	48.53	70.50	600.0	-0	1108	101.6	5.83	-0.0915	0.7	111115
140	"10:56:13"	470.5	-11.7	1.13	511	15.2	1.81	6	1	2.84	38.15	37.69	38.11	499.47	503.52	32.064	46.601	48.54	70.55	600.0	-0	1013	101.6	5.83	-0.0915	0.7	111115
141	"10:56:15"	471.5	-11.8	1.13	511	15.3	1.81	6	1	2.84	38.15	37.70	38.11	499.41	503.51	32.070	46.624	48.54	70.58	600.0	-0	935	101.6	5.83	-0.0915	0.7	111115
142	"10:56:16"	473.0	-11.9	1.14	511	15.3	1.81	6	1	2.84	38.16	37.70	38.12	499.35	503.56	32.079	46.654	48.55	70.61	600.0	-0	836	101.6	5.83	-0.0915	0.7	111115
143	"10:56:17"	474.0	-11.8	1.14	511	15.3	1.81	6	1	2.84	38.16	37.70	38.12	499.33	503.46	32.086	46.676	48.56	70.64	600.0	-0	845	101.6	5.83	-0.0915	0.7	111115
144	"10:56:18"	474.5	-11.8	1.14	511	15.3	1.8	6	1	2.84	38.16	37.70	38.12	499.36	503.43	32.089	46.689	48.56	70.66	600.0	-0	880	101.6	5.83	-0.0915	0.7	111115
145	"10:56:19"	476.5	-11.7	1.15	511	15.3	1.8	6	1	2.84	38.16	37.70	38.12	499.43	503.43	32.100	46.717	48.57	70.69	600.0	-0	980	101.6	5.83	-0.0915	0.7	111115
146	"10:56:21"	478.0	-11.7	1.15	511	15.3	1.8	6	1	2.84	38.16	37.70	38.12	499.46	503.42	32.109	46.737	48.58	70.71	600.0	-0	921	101.6	5.83	-0.0915	0.3	111115
147	"10:56:22"	479.0	-11.7	1.15	511	15.4	1.8	6	1	2.84	38.16	37.70	38.12	499.48	503.41	32.114	46.751	48.58	70.73	600.0	-0	789	101.6	5.83	-0.0915	0.3	111115
148	"10:56:23"	479.5	-11.6	1.15	511	15.4	1.8	6	1	2.84	38.17	37.70	38.12	499.48	503.38	32.115	46.753	48.58	70.73	600.0	-0	735	101.6	5.83	-0.0915	0.3	111115
149	"10:56:24"	481.5	-11.5	1.16	510	15.4	1.8	6	1	2.84	38.17	37.70	38.12	499.53	503.31	32.120	46.783	48.58	70.76	600.0	-0	484	101.6	5.83	-0.0915	0.3	111115
150	"10:56:25"	482.0	-11.5	1.16	510	15.4	1.8	6	1	2.84	38.17	37.71	38.12	499.53	503.31	32.122	46.789	48.59	70.77	600.1	-0	445	101.6	5.83	-0.0915	0.3	111115
151	"10:56:27"	484.0	-11.4	1.16	510	15.4	1.8	6	1	2.84	38.17	37.71	38.13	499.61	503.27	32.130	46.803	48.59	70.78	600.0	-0	402	101.6	5.83	-0.0915	0.3	111115
152	"10:56:28"	484.5	-11.4	1.16	510	15.4	1.8	6	1	2.84	38.17	37.71	38.13	499.60	503.27	32.131	46.803	48.59	70.78	600.0	-0	397	101.6	5.83	-0.0915	0.7	111115
153	"10:56:29"	486.0	-11.5	1.16	510	15.4	1.8	6	1	2.84	38.17	37.71	38.13	499.51	503.27	32.135	46.802	48.59	70.77	600.0	-0	372	101.6	5.83	-0.0915	0.7	111115
154	"10:56:30"	487.5	-11.4	1.16	510	15.4	1.8	6	1	2.84	38.18	37.71	38.13	499.48	503.13	32.136	46.805	48.59	70.77	600.0	-0	336	101.6	5.83	-0.0915	0.7	111115
155	"10:56:32"	489.0	-11.3	1.15	510	15.4	1.8	6	1	2.84	38.18	37.72	38.13	499.51	503.11	32.138	46.786	48.59	70.73	600.0	-0	299	101.6	5.83	-0.0915	0.7	111115
156	"10:56:33"	490.0	-11.2	1.15	510	15.4	1.8	6	1	2.84	38.18	37.72	38.13	499.57	503.08	32.140	46.778	48.59	70.72	600.0	-0	286	101.6	5.83	-0.0915	0.7	111115
157	"10:56:34"	490.5	-11.3	1.15	510	15.4	1.8	6	1	2.84	38.18	37.72	38.14	499.56	503.12	32.141	46.776	48.59	70.71	600.0	-0	281	101.6	5.83	-0.0915	0.7	111115
158	"10:56:35"	492.5	-11.4	1.14	510	15.3	1.81	6	1	2.84	38.18	37.72	38.14	499.44	503.17	32.139	46.750	48.58	70.66	600.0	-0	271	101.6	5.83	-0.0915	0.7	111115
159	"10:56:37"	494.0	-11.4	1.14	510	15.3	1.81	6	1	2.84	38.18	37.72	38.14	499.39	503.13	32.139	46.728	48.57	70.62	600.0	-0	269	101.6	5.83	-0.0915	0.7	111115
160	"10:56:38"	495.0	-11.5	1.13	510	15.3	1.81	6	1	2.84	38.18	37.72	38.14	499.39	503.16	32.140	46.706	48.57	70.58	600.0	-0	271	101.6	5.83	-0.0915	0.7	111115
161	"10:56:39"	496.5	-11.3	1.13	510	15.3	1.81	6	1	2.84	38.19	37.72	38.14	499.45	503.10	32.140	46.681	48.57	70.54	600.0	-0	280	101.6	5.83	-0.0915	0.7	111115
162	"10:56:41"	497.5	-11.4	1.12	510	15.2	1.82	6	1	2.84	38.19	37.72	38.14	499.43	503.15	32.141	46.658	48.57	70.50	599.9	-0	294	101.6	5.83	-0.0915	1.0	111115
163	"10:56:42"	499.0	-11.2	1.11	510	15.2	1.82	6	1	2.84	38.19	37.73	38.15	499.48	503.08	32.142	46.628	48.56	70.45	600.0	-0	332	101.6	5.83	-0.0915	1.0	111115
164	"10:56:43"	500.0	-11.2	1.11	510	15.2	1.83	6	1	2.84	38.19	37.73	38.15	499.49	503.09	32.144	46.601	48.56	70.40	600.0	-0	359	101.6	5.83	-0.0915	1.0	111115
165	"10:56:44"	500.5	-11.3	1.11	510	15.2	1.83	6	1	2.84	38.19	37.73	38.15	499.46	503.10	32.144	46.589	48.56	70.38	600.0	-0	370	101.6	5.83	-0.0915	1.0	111115
166	"10:56:45"	502.5	-11.1	1.09	510	15.1	1.83	6	1	2.84	38.19	37.74	38.15	499.53	503.02	32.147	46.538	48.56	70.29	600.0	-0	398	101.6	5.83	-0.0915	1.0	111115
167	"10:56:47"	503.5	-11.1	1.09	510	15.1	1.84	6	1	2.84	38.20	37.74	38.15	499.50	503.03	32.147	46.517	48.55	70.26	600.0	-0	402	101.6	5.83	-0.0915	1.0	111115
168	"10:56:48"	505.0	-11.2	1.08	510	15	1.84	6	1	2.84	38.20	37.74	38.16	499.44	503.03	32.148	46.489	48.55	70.21	600.0	-0	413	101.6	5.83	-0.0915	0.7	111115
169	"10:56:49"	506.0	-11.2	1.08	510	15	1.84	6	1	2.84	38.20	37.74	38.16	499.40	503.05	32.150	46.471	48.55	70.18	600.0	-0	443	101.6	5.83	-0.0915	0.7	111115
170	"10:56:50"	507.5	-11.2	1.07	510	15	1.84	6	1	2.84	38.20	37.74	38.16	499.43	503.07	32.154	46.446	48.55	70.13	600.0	-0	496	101.6	5.83	-0.0915	0.7	111115
171	"10:56:52"	508.5	-11.1	1.07	510	15	1.85	6	1	2.84	38.20	37.74	38.16	499.44	503.05	32.158	46.432	48.55	70.10	600.0	-0	543	101.6	5.83	-0.0915	0.7	111115
172	"10:56:53"	510.0	-11.2	1.07	510	15	1.85	6	1	2.84	38.20	37.75	38.16	499.40	503.10	32.163	46.430	48.55	70.09	600.0	-0	600	101.6	5.83	-0.0915	0.7	111115
173	"10:56:54"	511.0	-11.3	1.07	511	15	1.85	6	1	2.84	38.21	37.75	38.16	499.34	503.12	32.165	46.423	48.55	70.07	600.0	-0	595	101.6	5.83	-0.0915	0.7	111115
174	"10:56:55"	512.5	-11.2	1.07	510	14.9	1.85	6	1	2.84	38.21	37.75	38.17	499.36	503.07	32.170	46.419	48.55	70.06	600.0	-0	549	101.6	5.83	-0.0915	0.7	111115
175	"10:56:57"	513.5	-11.2	1.06	510	14.9	1.85	6	1	2.84	38.21	37.75	38.17	499.40	503.05	32.172	46.406	48.55	70.03	600.0	-0	504	101.6	5.83	-0.0915	0.7	111115
176	"10:56:58"	515.0	-11	1.06	510	14.9	1.85	6	1	2.84	38.21	37.76	38.17	499.40	502.91	32.175	46.399	48.55	70.01	600.0	-0	473	101.6	5.83	-0.0915	1.0	111115
177	"10:56:59"	515.5	-11.1	1.06	510	14.9	1.86	6	1	2.84	38.21	37.76	38.17	499.39	502.97	32.175	46.398	48.55	70.01	600.0	-0	471	101.6	5.83	-0.0915	1.0	111115
178	"10:57:00"	517.5	-11.1	1.06	510	14.9	1.86	6	1	2.84	38.22	37.76	38.18	499.40	503.00	32.182	46.392	48.55	69.98	600.1	-0	445	101.6	5.83	-0.0915	1.0	111115
179	"10:57:02"	518.5	-11.1	1.06	510	14.9	1.86	6	1	2.84	38.22	37.76	38.18	499.40	502.97	32.185	46.392	48.55	69.98	600.0	-0	421	101.6	5.83	-0.0915	1.0	111115
180	"10:57:03"	520.0	-11.1	1.05	510	14.9	1.86	6	1	2.84	38.22	37.76	38.18	499.39	502.96	32.190	46.384	48.55	69.96	600.0	-0	400	101.6	5.83	-0.0915	1.0	111115
181	"10:57:04"	521.0	-10.9	1.05	510	14.9	1.86	6	1	2.84	38.22	37.76	38.18	499.40	502.86	32.194	46.379	48.55	69.94	599.9	-0	398	101.6	5.83	-0.0915	1.0	111115
182	"10:57:06"	522.5	-10.9	1.05	510	14.9	1.86	6	1	2.84	38.23	37.76	38.18	499.43	502.82	32.201	46.375	48.55	69.93	599.9	-0	406	101.6	5.83	-0.0915	1.0	111115
183	"10:57:07"	524.0	-10.7	1.05	509	14.9	1.86	6	1	2.84	38.23	37.77	38.19	499.48	502.74	32.204	46.372	48.55	69.91	600.0	-0	417	101.6	5.83	-0.0915	1.0	111115
184	"10:57:08"	524.5	-10.7	1.05	509	14.9	1.86	6	1	2.84	38.23	37.77	38.19	499.47	502.72	32.205	46.369	48.55	69.90	600.1	-0	421	101.6	5.83	-0.0915	1.0	111115
185	"10:57:09"	526.5	-10.7	1.04	509	14.8	1.87	6	1	2.84	38.23	37.78	38.19	499.54	502.75	32.208	46.359	48.55	69.88	600.0	-0	433	101.6	5.83	-0.0915	0.7	111115
186	"10:57:11"	527.5	-10.7	1.04	509	14.8	1.87	6	1	2.84	38.23	37.78	38.19	499.51	502.78	32.211	46.359	48.55	69.87	600.0	-0	435	101.6	5.83	-0.0915	0.7	111115
187	"10:57:12"	529.0	-10.7	1.04	509	14.8	1.87	6	1	2.84	38.24	37.78	38.19	499.50	502.78	32.216	46.346	48.55	69.84	600.0	-0	434	101.6	5.83	-0.0915	0.7	111115
188	"10:57:13"	530.0	-10.8	1.04	510	14.8	1.87	6	1	2.84	38.24	37.78	38.20	499.44	502.81	32.218	46.340	48.55	69.83	600.0	-0	432	101.6	5.83	-0.0915	0.7	111115
189	"10:57:14"	531.5	-10.8	1.03	510	14.8	1.87	6	1	2.84	38.24	37.79	38.20	499.44	502.82	32.224	46.332	48.55	69.81	600.0	-0	430	101.6	5.83	-0.0915	0.7	111115
190	"10:57:16"	532.5	-10.8	1.03	510	14.8	1.87	6	1	2.84	38.24	37.79	38.20	499.45	502.82	32.227	46.334	48.55	69.80	600.0	-0	429	101.6	5.83	-0.0915	1.0	111115
191	"10:57:17"	534.0	-10.8	1.03	510	14.8	1.87	6	1	2.84	38.24	37.79	38.20	499.42	502.83	32.230	46.330	48.55	69.79	600.0	-0	430	101.6	5.83	-0.0915	1.0	111115
192	"10:57:18"	535.0	-10.9	1.03	510	14.8	1.87	6	1	2.84	38.25	37.79	38.20	499.39	502.82	32.232	46.326	48.55	69.77	600.0	-0	431	101.6	5.83	-0.0915	1.0	111115
193	"10:57:19"	536.5	-10.9	1.03	510	14.8	1.88	6	1	2.84	38.25	37.79	38.21	499.33	502.83	32.234	46.318	48.54	69.75	600.0	-0	435	101.6	5.83	-0.0915	1.0	111115
194	"10:57:21"	537.5	-11	1.03	510	14.8	1.88	6	1	2.84	38.25	37.80	38.21	499.29	502.86	32.238	46.319	48.54	69.75	600.0	-0	438	101.6	5.83	-0.0915	1.0	111115
195	"10:57:22"	539.0	-10.8	1.03	510	14.8	1.88	6	1	2.84	38.25	37.80	38.21	499.36	502.80	32.244	46.317	48.55	69.74	599.9	-0	444	101.6	5.83	-0.0915	1.0	111115
196	"10:57:23"	540.0	-10.8	1.03	510	14.7	1.88	6	1	2.84	38.25	37.80	38.21	499.38	502.76	32.247	46.312	48.55	69.72	599.9	-0	448	101.6	5.83	-0.0915	1.0	111115
197	"10:57:24"	540.5	-10.7	1.02	509	14.7	1.88	6	1	2.84	38.26	37.80	38.21	499.42	502.74	32.249	46.310	48.55	69.72	599.9	-0	450	101.6	5.83	-0.0915	1.0	111115
198	"10:57:25"	542.5	-10.6	1.02	509	14.7	1.88	6	1	2.84	38.26	37.80	38.22	499.45	502.61	32.252	46.300	48.54	69.69	600.1	-0	463	101.6	5.83	-0.0915	1.0	111115
199	"10:57:27"	544.0	-10.6	1.02	509	14.7	1.88	6	1	2.84	38.26	37.81	38.22	499.39	502.64	32.258	46.297	48.55	69.67	600.1	-0	475	101.6	5.83	-0.0915	1.0	111115
200	"10:57:28"	545.0	-10.7	1.02	509	14.7	1.89	6	1	2.84	38.26	37.81	38.22	499.34	502.63	32.262	46.296	48.55	69.66	600.1	-0	492	101.6	5.83	-0.0915	1.0	111115
201	"10:57:29"	546.5	-10.7	1.02	509	14.7	1.89	6	1	2.84	38.27	37.82	38.22	499.33	502.63	32.270	46.298	48.55	69.66	600.0	-0	537	101.6	5.83	-0.0915	1.0	111115
202	"10:57:31"	547.5	-10.8	1.01	510	14.7	1.89	6	1	2.84	38.27	37.82	38.23	499.27	502.65	32.273	46.297	48.55	69.65	600.0	-0	593	101.6	5.83	-0.0915	1.0	111115
203	"10:57:32"	549.0	-10.8	1.01	510	14.7	1.89	6	1	2.84	38.27	37.82	38.23	499.30	502.67	32.278	46.301	48.55	69.64	600.0	-0	730	101.6	5.83	-0.0915	1.0	111115
204	"10:57:33"	550.0	-10.7	1.01	509	14.7	1.89	6	1	2.84	38.27	37.82	38.23	499.35	502.68	32.281	46.300	48.55	69.64	600.0	-0	674	101.6	5.83	-0.0915	1.0	111115
205	"10:57:34"	551.5	-10.6	1.01	509	14.7	1.89	6	1	2.84	38.28	37.83	38.23	499.43	502.65	32.287	46.309	48.55	69.64	599.9	-0	530	101.6	5.83	-0.0915	1.0	111115
206	"10:57:36"	552.5	-10.5	1.01	509	14.7	1.89	6	1	2.84	38.28	37.83	38.24	499.44	502.59	32.291	46.311	48.55	69.64	600.0	-0	493	101.6	5.83	-0.0915	1.0	111115
207	"10:57:37"	554.0	-10.6	1.01	509	14.7	1.89	6	1	2.84	38.28	37.83	38.24	499.42	502.61	32.294	46.319	48.55	69.64	600.0	-0	498	101.6	5.83	-0.0915	1.0	111115
208	"10:57:38"	555.0	-10.5	1.01	509	14.7	1.89	6	1	2.84	38.28	37.83	38.24	499.43	502.58	32.300	46.314	48.56	69.62	600.0	-0	557	101.6	5.83	-0.0915	1.0	111115
209	"10:57:39"	556.5	-10.5	1.01	509	14.7	1.89	6	1	2.84	38.28	37.83	38.24	499.45	502.52	32.307	46.309	48.56	69.61	600.1	-0	530	101.6	5.83	-0.0915	1.0	111115
210	"10:57:41"	557.5	-10.4	1.01	509	14.7	1.89	6	1	2.84	38.29	37.84	38.24	499.44	502.46	32.313	46.317	48.56	69.61	600.1	-0	513	101.6	5.83	-0.0915	1.0	111115
211	"10:57:42"	559.0	-10.5	1.01	509	14.7	1.89	6	1	2.84	38.29	37.84	38.25	499.37	502.45	32.319	46.318	48.56	69.60	600.0	-0	517	101.6	5.83	-0.0915	1.0	111115
212	"10:57:43"	560.0	-10.5	1.01	509	14.7	1.89	6	1	2.84	38.29	37.84	38.25	499.33	502.43	32.321	46.323	48.56	69.60	600.0	-0	550	101.6	5.83	-0.0915	1.0	111115
213	"10:57:44"	561.5	-10.5	1.01	509	14.7	1.89	6	1	2.84	38.29	37.85	38.25	499.29	502.42	32.327	46.323	48.57	69.59	599.9	-0	705	101.6	5.83	-0.0915	1.0	111115
214	"10:57:45"	562.0	-10.5	1.01	509	14.7	1.9	6	1	2.84	38.29	37.85	38.25	499.31	502.40	32.328	46.320	48.56	69.58	599.9	-0	767	101.6	5.83	-0.0915	1.0	111115
215	"10:57:47"	563.5	-10.3	1	508	14.7	1.9	6	1	2.84	38.30	37.85	38.25	499.37	502.34	32.334	46.328	48.56	69.58	600.0	-0	833	101.6	5.83	-0.0915	0.7	111115
216	"10:57:48"	565.0	-10.3	1	508	14.7	1.9	6	1	2.84	38.30	37.86	38.26	499.41	502.32	32.336	46.327	48.56	69.57	600.0	-0	740	101.6	5.83	-0.0915	0.7	111115
217	"10:57:49"	566.0	-10.3	1	508	14.7	1.9	6	1	2.84	38.30	37.86	38.26	499.42	502.34	32.339	46.332	48.56	69.57	600.0	-0	627	101.6	5.83	-0.0915	0.7	111115
218	"10:57:50"	567.5	-10.2	1	508	14.7	1.9	6	1	2.84	38.31	37.86	38.26	499.50	502.29	32.342	46.333	48.56	69.56	600.0	-0	577	101.6	5.83	-0.0915	0.7	111115
219	"10:57:52"	568.5	-10.1	1	508	14.7	1.9	6	1	2.84	38.31	37.86	38.26	499.55	502.29	32.347	46.336	48.56	69.56	600.0	-0	592	101.6	5.83	-0.0915	0.7	111115
220	"10:57:53"	570.0	-10.1	1	508	14.7	1.9	6	1	2.84	38.31	37.86	38.27	499.52	502.29	32.353	46.341	48.56	69.55	600.0	-0	656	101.6	5.83	-0.0915	0.7	111115
221	"10:57:54"	571.5	-10.3	1	508	14.7	1.9	6	1	2.84	38.31	37.87	38.27	499.43	502.34	32.363	46.346	48.57	69.55	600.0	-0	754	101.6	5.83	-0.0915	0.7	111115
222	"10:57:56"	572.5	-10.4	1	509	14.7	1.9	6	1	2.84	38.32	37.87	38.27	499.37	502.36	32.367	46.346	48.57	69.54	599.9	-0	820	101.6	5.83	-0.0915	1.0	111115
223	"10:57:57"	574.0	-10.4	1	508	14.7	1.9	6	1	2.84	38.32	37.87	38.27	499.35	502.35	32.371	46.351	48.56	69.54	600.0	-0	876	101.6	5.83	-0.0915	1.0	111115
224	"10:57:58"	575.0	-10.3	1	508	14.7	1.9	6	1	2.84	38.32	37.87	38.28	499.39	502.32	32.373	46.351	48.56	69.53	600.0	-0	870	101.6	5.83	-0.0915	1.0	111115
225	"10:57:59"	576.5	-10.3	1	508	14.7	1.9	6	1	2.84	38.32	37.88	38.28	499.37	502.30	32.377	46.363	48.56	69.54	600.0	-0	877	101.6	5.83	-0.0915	1.0	111115
226	"10:58:01"	577.5	-10.3	1	508	14.7	1.9	6	1	2.84	38.33	37.88	38.28	499.34	502.31	32.381	46.365	48.56	69.53	600.0	-0	883	101.6	5.83	-0.0915	1.0	111115
227	"10:58:02"	579.0	-10.4	1	508	14.7	1.9	6	1	2.84	38.33	37.88	38.28	499.31	502.31	32.387	46.374	48.56	69.54	600.1	-0	789	101.6	5.83	-0.0915	1.0	111115
228	"10:58:03"	580.0	-10.3	1	508	14.7	1.9	6	1	2.84	38.33	37.88	38.29	499.33	502.28	32.391	46.376	48.56	69.53	600.1	-0	693	101.6	5.83	-0.0915	1.0	111115
229	"10:58:04"	581.5	-10.3	1	508	14.7	1.9	6	1	2.84	38.33	37.88	38.29	499.34	502.30	32.399	46.385	48.57	69.53	600.1	-0	514	101.6	5.83	-0.0915	1.0	111115
230	"10:58:05"	582.0	-10.2	1	508	14.7	1.9	6	1	2.84	38.34	37.88	38.29	499.37	502.23	32.402	46.392	48.57	69.54	600.1	-0	485	101.6	5.83	-0.0915	1.0	111115
231	"10:58:06"	583.0	-10.2	1	508	14.7	1.9	6	1	2.84	38.34	37.88	38.29	499.39	502.26	32.407	46.394	48.57	69.53	600.0	-0	462	101.6	5.83	-0.0915	1.0	111115
232	"10:58:08"	585.0	-10.1	1	508	14.7	1.9	6	1	2.84	38.34	37.88	38.30	499.47	502.20	32.419	46.400	48.58	69.53	600.0	-0	457	101.6	5.83	-0.0915	1.0	111115
233	"10:58:09"	586.0	-10.1	0.999	508	14.7	1.9	6	1	2.84	38.34	37.89	38.30	499.49	502.20	32.423	46.395	48.58	69.52	600.0	-0	461	101.6	5.83	-0.0915	1.0	111115
234	"10:58:10"	587.5	-9.91	0.998	507	14.6	1.9	6	1	2.84	38.34	37.89	38.30	499.55	502.11	32.429	46.387	48.58	69.50	600.0	-0	472	101.6	5.83	-0.0915	1.0	111115
235	"10:58:12"	589.0	-9.86	0.996	507	14.6	1.9	6	1	2.84	38.35	37.88	38.31	499.51	502.03	32.431	46.378	48.58	69.47	600.0	-0	483	101.6	5.83	-0.0915	1.0	111115
236	"10:58:13"	590.0	-9.86	0.995	507	14.6	1.9	6	1	2.84	38.35	37.88	38.31	499.49	502.01	32.433	46.371	48.58	69.46	600.0	-0	495	101.6	5.83	-0.0915	1.0	111115
237	"10:58:14"	591.5	-10	0.992	508	14.6	1.9	6	1	2.84	38.35	37.88	38.31	499.39	502.09	32.437	46.359	48.58	69.43	600.0	-0	516	101.6	5.83	-0.0915	0.7	111115
238	"10:58:16"	592.5	-10.1	0.991	508	14.6	1.9	6	1	2.84	38.35	37.88	38.31	499.37	502.09	32.438	46.349	48.58	69.41	600.0	-0	527	101.6	5.83	-0.0915	0.7	111115
239	"10:58:17"	594.0	-10	0.989	508	14.6	1.91	6	1	2.84	38.35	37.88	38.31	499.39	502.11	32.445	46.340	48.59	69.40	600.0	-0	517	101.6	5.83	-0.0915	0.7	111115
240	"10:58:18"	595.0	-10	0.988	508	14.6	1.91	6	1	2.84	38.35	37.88	38.32	499.38	502.08	32.445	46.333	48.58	69.38	600.0	-0	509	101.6	5.83	-0.0915	1.0	111115
241	"10:58:19"	596.5	-10.1	0.985	508	14.5	1.91	6	1	2.84	38.36	37.88	38.32	499.32	502.08	32.448	46.321	48.58	69.36	600.0	-0	494	101.6	5.83	-0.0915	1.0	111115
242	"10:58:21"	597.5	-10.1	0.984	508	14.5	1.91	6	1	2.84	38.36	37.88	38.32	499.26	502.10	32.452	46.312	48.59	69.34	600.0	-0	491	101.6	5.83	-0.0915	1.0	111115
243	"10:58:22"	599.0	-10.2	0.982	508	14.5	1.91	6	1	2.84	38.36	37.88	38.32	499.21	502.09	32.458	46.302	48.59	69.32	600.0	-0	482	101.6	5.83	-0.0915	1.0	111115
244	"10:58:23"	599.5	-10.1	0.981	508	14.5	1.91	6	1	2.84	38.36	37.88	38.32	499.21	502.08	32.459	46.300	48.59	69.31	600.0	-0	477	101.6	5.83	-0.0915	1.0	111115
245	"10:58:24"	601.0	-10	0.98	508	14.5	1.91	6	1	2.84	38.36	37.88	38.33	499.28	502.02	32.465	46.291	48.60	69.29	600.0	-0	469	101.6	5.83	-0.0915	1.0	111115
246	"10:58:25"	602.5	-9.97	0.98	508	14.5	1.91	6	1	2.84	38.36	37.87	38.33	499.30	502.00	32.468	46.283	48.60	69.28	600.0	-0	464	101.6	5.83	-0.0915	1.0	111115
247	"10:58:27"	603.5	-9.99	0.979	508	14.5	1.91	6	1	2.84	38.36	37.87	38.33	499.30	502.02	32.472	46.275	48.60	69.26	600.0	-0	459	101.6	5.83	-0.0915	1.0	111115
248	"10:58:28"	605.0	-9.97	0.976	508	14.4	1.91	6	1	2.84	38.36	37.87	38.33	499.27	501.98	32.479	46.258	48.61	69.24	600.0	-0	447	101.6	5.83	-0.0915	1.0	111115
249	"10:58:29"	606.0	-10	0.974	508	14.4	1.91	6	1	2.84	38.36	37.87	38.33	499.23	502.01	32.483	46.251	48.61	69.22	600.0	-0	441	101.6	5.83	-0.0915	1.0	111115
250	"10:58:30"	607.5	-9.88	0.973	507	14.4	1.91	6	1	2.84	38.36	37.86	38.33	499.31	501.95	32.488	46.241	48.62	69.20	600.0	-0	435	101.6	5.83	-0.0915	1.0	111115
251	"10:58:32"	608.5	-9.88	0.971	508	14.4	1.91	6	1	2.84	38.36	37.86	38.34	499.33	501.98	32.491	46.232	48.62	69.19	600.0	-0	432	101.6	5.83	-0.0915	1.0	111115
252	"10:58:33"	610.0	-9.79	0.97	507	14.4	1.91	6	1	2.84	38.37	37.86	38.34	499.39	501.96	32.494	46.224	48.63	69.17	600.0	-0	429	101.6	5.83	-0.0915	1.0	111115
253	"10:58:34"	611.0	-9.79	0.97	507	14.4	1.91	6	1	2.84	38.37	37.86	38.34	499.37	501.95	32.496	46.221	48.63	69.17	600.0	-0	429	101.6	5.83	-0.0915	1.0	111115
254	"10:58:35"	612.5	-9.84	0.969	507	14.4	1.91	6	1	2.84	38.37	37.86	38.34	499.32	501.93	32.502	46.221	48.64	69.17	600.0	-0	429	101.6	5.83	-0.0915	1.0	111115
255	"10:58:37"	613.5	-9.84	0.968	507	14.4	1.91	6	1	2.84	38.37	37.86	38.34	499.28	501.90	32.506	46.217	48.64	69.16	600.0	-0	430	101.6	5.83	-0.0915	1.0	111115
256	"10:58:38"	615.0	-9.84	0.967	507	14.4	1.91	6	1	2.84	38.37	37.86	38.34	499.23	501.86	32.511	46.210	48.65	69.14	600.1	-0	436	101.6	5.83	-0.0915	1.0	111115
257	"10:58:39"	616.0	-9.83	0.965	507	14.4	1.91	6	1	2.84	38.37	37.86	38.34	499.25	501.88	32.513	46.202	48.65	69.13	600.0	-0	444	101.6	5.83	-0.0915	1.0	111115
258	"10:58:40"	617.5	-9.93	0.964	508	14.3	1.91	6	1	2.84	38.37	37.86	38.34	499.17	501.90	32.513	46.195	48.65	69.12	600.0	-0	452	101.6	5.83	-0.0915	1.0	111115
259	"10:58:42"	618.5	-9.93	0.963	508	14.3	1.91	6	1	2.84	38.37	37.86	38.35	499.19	501.92	32.516	46.192	48.65	69.11	600.0	-0	457	101.6	5.83	-0.0915	1.0	111115
260	"10:58:43"	620.0	-9.86	0.961	508	14.3	1.91	6	1	2.84	38.37	37.86	38.35	499.18	501.85	32.523	46.184	48.66	69.10	600.0	-0	467	101.6	5.83	-0.0915	1.0	111115
261	"10:58:44"	621.0	-9.93	0.959	508	14.3	1.92	6	1	2.84	38.37	37.86	38.35	499.14	501.88	32.528	46.177	48.66	69.08	600.0	-0	477	101.6	5.83	-0.0915	1.0	111115
262	"10:58:45"	622.5	-9.8	0.957	507	14.3	1.92	6	1	2.84	38.37	37.86	38.35	499.24	501.86	32.535	46.168	48.67	69.07	600.0	-0	499	101.6	5.83	-0.0915	1.0	111115
263	"10:58:47"	623.5	-9.76	0.956	507	14.3	1.92	6	1	2.84	38.37	37.86	38.35	499.25	501.84	32.539	46.166	48.68	69.06	600.0	-0	515	101.6	5.83	-0.0915	1.0	111115
264	"10:58:48"	625.0	-9.68	0.956	507	14.3	1.92	6	1	2.84	38.37	37.86	38.35	499.26	501.77	32.543	46.167	48.68	69.06	600.0	-0	537	101.6	5.83	-0.0915	1.0	111115
265	"10:58:49"	626.0	-9.64	0.955	507	14.3	1.92	6	1	2.84	38.37	37.86	38.35	499.27	501.75	32.547	46.165	48.69	69.06	600.0	-0	535	101.6	5.83	-0.0915	1.0	111115
266	"10:58:50"	627.5	-9.69	0.955	507	14.3	1.92	6	1	2.84	38.37	37.86	38.35	499.20	501.74	32.552	46.161	48.69	69.05	600.0	-0	507	101.6	5.83	-0.0915	1.0	111115
267	"10:58:52"	628.5	-9.66	0.955	507	14.3	1.92	6	1	2.84	38.37	37.86	38.35	499.22	501.72	32.556	46.162	48.70	69.05	600.0	-0	472	101.6	5.83	-0.0915	1.0	111115
268	"10:58:53"	630.0	-9.7	0.955	507	14.3	1.91	6	1	2.84	38.37	37.86	38.35	499.19	501.74	32.561	46.160	48.70	69.05	600.0	-0	428	101.6	5.83	-0.0915	1.0	111115
269	"10:58:54"	630.5	-9.65	0.955	507	14.3	1.91	6	1	2.84	38.37	37.86	38.35	499.24	501.74	32.564	46.162	48.71	69.05	600.0	-0	414	101.6	5.83	-0.0915	1.0	111115
270	"10:58:55"	632.5	-9.64	0.954	507	14.2	1.91	6	1	2.84	38.37	37.85	38.35	499.20	501.69	32.572	46.152	48.72	69.04	600.0	-0	382	101.6	5.83	-0.0915	1.0	111115
271	"10:58:57"	633.5	-9.62	0.953	507	14.2	1.91	6	1	2.84	38.37	37.85	38.35	499.20	501.69	32.576	46.145	48.73	69.03	600.0	-0	372	101.6	5.83	-0.0915	1.0	111115
272	"10:58:58"	634.0	-9.64	0.952	507	14.2	1.91	6	1	2.84	38.37	37.85	38.35	499.20	501.70	32.578	46.142	48.73	69.02	600.1	-0	367	101.6	5.83	-0.0915	1.0	111115
273	"10:58:59"	636.0	-9.67	0.951	507	14.2	1.91	6	1	2.84	38.37	37.84	38.36	499.17	501.72	32.585	46.127	48.74	69.00	600.1	-0	352	101.6	5.83	-0.0915	1.0	111115
274	"10:59:00"	637.0	-9.67	0.95	507	14.2	1.91	6	1	2.84	38.37	37.84	38.36	499.16	501.72	32.589	46.121	48.75	68.99	600.0	-0	348	101.6	5.83	-0.0915	1.0	111115
275	"10:59:01"	638.5	-9.63	0.95	507	14.2	1.91	6	1	2.84	38.37	37.83	38.36	499.15	501.66	32.590	46.116	48.75	68.98	600.0	-0	342	101.6	5.83	-0.0915	1.0	111115
276	"10:59:03"	639.5	-9.69	0.948	507	14.2	1.91	6	1	2.84	38.37	37.83	38.36	499.11	501.69	32.593	46.109	48.76	68.97	600.0	-0	340	101.6	5.83	-0.0915	1.0	111115
277	"10:59:04"	641.0	-9.67	0.946	507	14.1	1.91	6	1	2.84	38.37	37.83	38.36	499.11	501.69	32.598	46.095	48.77	68.96	600.0	-0	336	101.6	5.83	-0.0915	1.0	111115
278	"10:59:05"	642.0	-9.61	0.944	507	14.1	1.91	6	1	2.84	38.37	37.83	38.36	499.13	501.65	32.602	46.082	48.77	68.94	600.0	-0	335	101.6	5.83	-0.0915	1.0	111115
279	"10:59:06"	643.5	-9.44	0.943	507	14.1	1.91	6	1	2.84	38.37	37.83	38.36	499.20	501.56	32.606	46.073	48.78	68.93	600.0	-0	334	101.6	5.83	-0.0915	1.0	111115
280	"10:59:08"	644.5	-9.37	0.942	506	14.1	1.91	6	1	2.84	38.37	37.82	38.36	499.22	501.52	32.610	46.063	48.79	68.92	600.0	-0	333	101.6	5.83	-0.0915	1.0	111115
281	"10:59:09"	645.0	-9.36	0.941	506	14.1	1.91	6	1	2.84	38.37	37.82	38.36	499.21	501.50	32.612	46.055	48.79	68.90	600.0	-0	333	101.6	5.83	-0.0915	1.0	111115
282	"10:59:10"	647.0	-9.38	0.939	507	14.1	1.91	6	1	2.84	38.37	37.82	38.36	499.21	501.53	32.620	46.042	48.81	68.89	600.0	-0	334	101.6	5.83	-0.0915	1.0	111115
283	"10:59:11"	648.5	-9.43	0.938	507	14.1	1.91	6	1	2.84	38.37	37.82	38.36	499.19	501.57	32.626	46.037	48.82	68.88	599.9	-0	336	101.6	5.83	-0.0915	1.0	111115
284	"10:59:13"	649.5	-9.48	0.937	507	14.1	1.91	6	1	2.84	38.37	37.82	38.36	499.15	501.58	32.629	46.035	48.82	68.88	599.9	-0	338	101.6	5.83	-0.0915	1.0	111115
285	"10:59:14"	651.0	-9.48	0.937	507	14	1.91	6	1	2.84	38.37	37.82	38.36	499.14	501.58	32.633	46.033	48.83	68.88	600.0	-0	344	101.6	5.83	-0.0915	1.0	111115
286	"10:59:15"	652.0	-9.5	0.936	507	14	1.91	6	1	2.84	38.37	37.82	38.36	499.09	501.55	32.635	46.024	48.83	68.87	600.1	-0	349	101.6	5.83	-0.0915	1.0	111115
287	"10:59:16"	653.5	-9.46	0.934	507	14	1.92	6	1	2.84	38.37	37.82	38.36	499.13	501.56	32.640	46.015	48.84	68.85	600.1	-0	360	101.6	5.83	-0.0915	1.0	111115
288	"10:59:18"	654.5	-9.4	0.931	507	14	1.92	6	1	2.84	38.37	37.82	38.36	499.15	501.53	32.643	46.003	48.84	68.84	600.0	-0	368	101.6	5.83	-0.0915	1.0	111115
289	"10:59:19"	656.0	-9.45	0.929	507	14	1.92	6	1	2.84	38.37	37.82	38.36	499.16	501.59	32.648	45.988	48.85	68.81	600.0	-0	382	101.6	5.83	-0.0915	1.0	111115
290	"10:59:20"	657.0	-9.51	0.928	507	14	1.92	6	1	2.84	38.37	37.81	38.36	499.12	501.62	32.652	45.983	48.86	68.81	600.0	-0	392	101.6	5.83	-0.0915	1.0	111115
291	"10:59:21"	658.5	-9.62	0.927	507	14	1.92	6	1	2.84	38.37	37.81	38.36	499.02	501.63	32.656	45.978	48.87	68.80	600.0	-0	406	101.6	5.83	-0.0915	1.0	111115
292	"10:59:22"	659.5	-9.69	0.926	508	14	1.92	6	1	2.84	38.37	37.81	38.36	498.95	501.64	32.659	45.973	48.87	68.80	599.9	-0	417	101.6	5.83	-0.0915	1.0	111115
293	"10:59:24"	661.0	-9.71	0.926	508	13.9	1.92	6	1	2.84	38.37	37.81	38.36	498.91	501.62	32.663	45.972	48.88	68.80	599.9	-0	440	101.6	5.83	-0.0915	1.0	111115
294	"10:59:25"	662.0	-9.73	0.925	508	13.9	1.92	6	1	2.84	38.37	37.81	38.36	498.91	501.65	32.667	45.965	48.89	68.79	600.0	-0	478	101.6	5.83	-0.0915	1.0	111115
295	"10:59:26"	662.5	-9.69	0.925	508	13.9	1.92	6	1	2.84	38.37	37.81	38.36	498.94	501.64	32.668	45.966	48.89	68.79	600.0	-0	515	101.6	5.83	-0.0915	1.0	111115
296	"10:59:27"	664.5	-9.7	0.923	508	13.9	1.92	6	1	2.84	38.37	37.81	38.36	498.96	501.67	32.675	45.963	48.90	68.78	600.1	-0	809	101.6	5.83	-0.0915	1.0	111115
297	"10:59:29"	665.5	-9.58	0.923	507	13.9	1.92	6	1	2.84	38.37	37.81	38.36	499.02	501.61	32.678	45.963	48.90	68.78	600.1	-0	991	101.6	5.83	-0.0915	1.0	111115
298	"10:59:30"	667.0	-9.59	0.923	507	13.9	1.92	6	1	2.84	38.37	37.81	38.36	499.00	501.61	32.685	45.966	48.91	68.79	600.0	-0	1226	101.6	5.83	-0.0915	1.0	111115
299	"10:59:31"	668.0	-9.5	0.923	507	13.9	1.92	6	1	2.84	38.37	37.81	38.36	499.01	501.53	32.689	45.971	48.92	68.79	600.0	-0	1284	101.6	5.83	-0.0915	1.0	111115
300	"10:59:32"	669.5	-9.41	0.924	507	13.9	1.92	6	1	2.84	38.37	37.81	38.36	499.07	501.50	32.700	45.982	48.93	68.81	600.0	-0	1238	101.6	5.83	-0.0915	1.0	111115
301	"10:59:34"	670.5	-9.4	0.925	507	13.9	1.92	6	1	2.84	38.37	37.81	38.36	499.07	501.48	32.705	45.996	48.94	68.83	600.0	-0	1186	101.6	5.83	-0.0915	1.0	111115
302	"10:59:35"	672.0	-9.42	0.927	507	13.9	1.92	6	1	2.84	38.37	37.82	38.36	499.09	501.52	32.713	46.015	48.95	68.85	600.0	-0	1234	101.6	5.83	-0.0915	1.0	111115
303	"10:59:36"	673.0	-9.39	0.93	507	14	1.91	6	1	2.84	38.37	37.82	38.36	499.12	501.51	32.719	46.036	48.95	68.88	600.0	-0	1343	101.6	5.83	-0.0915	1.0	111115
304	"10:59:37"	674.5	-9.42	0.932	507	14	1.91	6	1	2.84	38.37	37.82	38.36	499.12	501.53	32.733	46.069	48.97	68.92	600.0	-0	1528	101.6	5.83	-0.0915	1.0	111115
305	"10:59:38"	675.5	-9.39	0.935	507	14	1.91	6	1	2.84	38.37	37.82	38.36	499.14	501.51	32.743	46.093	48.98	68.95	600.0	-0	1587	101.6	5.83	-0.0915	1.0	111115
306	"10:59:40"	677.0	-9.4	0.939	507	14	1.91	6	1	2.84	38.37	37.83	38.36	499.09	501.46	32.756	46.133	49.00	69.01	600.0	-0	1619	101.6	5.83	-0.0915	1.0	111115
307	"10:59:41"	678.0	-9.42	0.943	507	14	1.9	6	1	2.84	38.37	37.83	38.36	499.09	501.47	32.764	46.160	49.01	69.04	600.0	-0	1625	101.6	5.83	-0.0915	1.0	111115
308	"10:59:42"	678.5	-9.41	0.944	507	14.1	1.9	6	1	2.84	38.37	37.83	38.36	499.08	501.44	32.767	46.170	49.01	69.06	600.0	-0	1624	101.6	5.83	-0.0915	1.0	111115
309	"10:59:43"	680.5	-9.46	0.95	507	14.1	1.9	6	1	2.84	38.38	37.83	38.37	499.08	501.48	32.785	46.229	49.03	69.13	599.9	-0	1283	101.6	5.83	-0.0915	1.0	111115
310	"10:59:45"	681.5	-9.53	0.954	507	14.1	1.9	6	1	2.84	38.38	37.84	38.37	499.03	501.48	32.796	46.261	49.04	69.17	599.9	-0	1277	101.6	5.83	-0.0915	1.0	111115
311	"10:59:46"	683.0	-9.46	0.957	506	14.1	1.9	6	1	2.84	38.38	37.84	38.37	499.09	501.46	32.813	46.301	49.06	69.23	600.0	-0	1253	101.6	5.83	-0.0915	0.7	111115
312	"10:59:47"	684.0	-9.47	0.96	506	14.2	1.89	6	1	2.84	38.38	37.85	38.37	499.10	501.47	32.821	46.328	49.07	69.26	600.0	-0	1560	101.6	5.83	-0.0915	0.7	111115
313	"10:59:48"	685.5	-9.28	0.964	506	14.2	1.89	6	1	2.84	38.39	37.85	38.37	499.21	501.38	32.834	46.364	49.08	69.30	600.1	-0	1565	101.6	5.83	-0.0915	0.7	111115
314	"10:59:49"	686.0	-9.26	0.965	506	14.2	1.89	6	1	2.84	38.39	37.85	38.37	499.23	501.37	32.838	46.377	49.08	69.32	600.1	-0	1563	101.6	5.83	-0.0915	0.7	111115
315	"10:59:51"	688.0	-9.37	0.972	506	14.2	1.89	6	1	2.84	38.39	37.86	38.37	499.17	501.39	32.852	46.434	49.09	69.39	600.1	-0	1566	101.6	5.83	-0.0915	0.7	111115
316	"10:59:52"	689.0	-9.35	0.975	506	14.3	1.89	6	1	2.84	38.39	37.86	38.37	499.21	501.41	32.860	46.462	49.10	69.42	600.0	-0	1564	101.6	5.83	-0.0915	0.7	111115
317	"10:59:53"	690.5	-9.36	0.978	506	14.3	1.88	6	1	2.84	38.40	37.87	38.38	499.23	501.43	32.873	46.498	49.11	69.47	599.9	-0	1571	101.6	5.83	-0.0915	0.7	111115
318	"10:59:54"	691.5	-9.41	0.98	506	14.3	1.88	6	1	2.84	38.40	37.87	38.38	499.22	501.45	32.881	46.518	49.12	69.49	599.9	-0	1578	101.6	5.83	-0.0915	0.7	111115
319	"10:59:56"	693.0	-9.46	0.981	506	14.3	1.88	6	1	2.84	38.40	37.88	38.38	499.13	501.41	32.893	46.544	49.13	69.51	600.0	-0	1574	101.6	5.83	-0.0915	0.7	111115
320	"10:59:57"	694.0	-9.47	0.982	506	14.3	1.88	6	1	2.84	38.40	37.88	38.38	499.12	501.41	32.903	46.567	49.13	69.54	600.0	-0	1570	101.6	5.83	-0.0915	0.7	111115
321	"10:59:58"	695.5	-9.34	0.985	506	14.4	1.88	6	1	2.84	38.41	37.89	38.39	499.20	501.34	32.917	46.602	49.15	69.58	600.0	-0	1565	101.6	5.83	-0.0915	0.7	111115
322	"10:59:59"	696.5	-9.26	0.989	506	14.4	1.88	6	1	2.84	38.41	37.90	38.39	499.25	501.31	32.925	46.633	49.15	69.61	600.0	-0	1567	101.6	5.83	-0.0915	0.7	111115
323	"11:00:01"	698.0	-9.31	0.993	506	14.4	1.88	6	1	2.84	38.41	37.90	38.39	499.26	501.35	32.936	46.674	49.16	69.66	600.0	-0	1569	101.6	5.83	-0.0915	0.7	111115
324	"11:00:02"	699.0	-9.36	0.994	506	14.4	1.88	6	1	2.84	38.42	37.91	38.39	499.25	501.37	32.942	46.696	49.16	69.68	600.0	-0	1568	101.6	5.83	-0.0915	0.7	111115
325	"11:00:03"	700.5	-9.53	0.996	506	14.4	1.88	6	1	2.84	38.42	37.91	38.39	499.18	501.46	32.951	46.723	49.16	69.71	600.0	-0	1566	101.6	5.83	-0.0915	0.7	111115
326	"11:00:04"	701.5	-9.4	0.998	506	14.5	1.88	6	1	2.84	38.42	37.92	38.40	499.26	501.41	32.961	46.746	49.17	69.73	600.0	-0	1563	101.6	5.83	-0.0915	0.7	111115
327	"11:00:06"	703.0	-9.15	1	505	14.5	1.88	6	1	2.84	38.43	37.92	38.40	499.37	501.26	32.974	46.775	49.18	69.76	600.0	-0	1562	101.6	5.83	-0.0915	0.7	111115
328	"11:00:07"	704.0	-9.08	1	505	14.5	1.88	6	1	2.84	38.43	37.93	38.40	499.40	501.21	32.983	46.800	49.18	69.78	600.0	-0	1562	101.6	5.83	-0.0915	0.7	111115
329	"11:00:08"	704.5	-8.99	1	505	14.5	1.88	6	1	2.84	38.43	37.93	38.40	499.44	501.17	32.987	46.810	49.18	69.79	600.0	-0	1562	101.6	5.83	-0.0915	0.7	111115
330	"11:00:09"	705.5	-9.01	1	505	14.5	1.88	6	1	2.84	38.44	37.94	38.41	499.41	501.15	32.996	46.825	49.19	69.80	600.0	-0	1563	101.6	5.83	-0.0915	0.7	111115
331	"11:00:10"	707.5	-9.35	1.01	506	14.5	1.88	6	1	2.84	38.44	37.95	38.41	499.25	501.31	33.008	46.864	49.19	69.84	600.0	-0	1564	101.6	5.83	-0.0915	0.7	111115
332	"11:00:12"	709.0	-9.36	1.01	506	14.6	1.87	6	1	2.84	38.45	37.95	38.42	499.26	501.32	33.018	46.894	49.19	69.86	600.0	-0	1566	101.6	5.83	-0.0915	0.7	111115
333	"11:00:13"	710.0	-9.28	1.01	505	14.6	1.87	6	1	2.84	38.45	37.95	38.42	499.30	501.28	33.026	46.909	49.19	69.87	600.0	-0	1566	101.6	5.83	-0.0915	0.7	111115
334	"11:00:14"	711.5	-9.13	1.01	505	14.6	1.87	6	1	2.84	38.46	37.96	38.42	499.38	501.21	33.037	46.930	49.19	69.88	600.0	-0	1567	101.6	5.83	-0.0915	0.7	111115
335	"11:00:16"	712.5	-9.13	1.01	505	14.6	1.87	6	1	2.84	38.46	37.96	38.43	499.40	501.21	33.044	46.943	49.20	69.89	600.1	-0	1567	101.6	5.83	-0.0915	0.7	111115
336	"11:00:17"	714.0	-9.16	1.02	505	14.6	1.87	6	1	2.84	38.46	37.97	38.43	499.38	501.22	33.057	46.972	49.20	69.92	600.0	-0	1568	101.6	5.83	-0.0915	0.7	111115
337	"11:00:18"	715.0	-9.13	1.02	505	14.6	1.87	6	1	2.84	38.47	37.97	38.43	499.36	501.17	33.065	46.986	49.21	69.93	600.0	-0	1568	101.6	5.83	-0.0915	0.7	111115
338	"11:00:19"	716.5	-9.18	1.02	505	14.6	1.87	6	1	2.84	38.47	37.97	38.44	499.35	501.20	33.076	47.016	49.21	69.95	600.0	-0	1568	101.6	5.83	-0.0915	0.7	111115
339	"11:00:20"	717.5	-9.17	1.02	505	14.6	1.87	6	1	2.84	38.47	37.98	38.44	499.35	501.19	33.082	47.026	49.21	69.96	600.0	-0	1568	101.6	5.83	-0.0915	0.7	111115
340	"11:00:22"	719.0	-9.11	1.02	505	14.6	1.87	6	1	2.84	38.48	37.99	38.44	499.39	501.16	33.094	47.051	49.22	69.98	600.0	-0	1568	101.6	5.83	-0.0915	0.7	111115
341	"11:00:23"	720.0	-9.13	1.02	505	14.6	1.87	6	1	2.84	38.48	37.99	38.45	499.36	501.15	33.102	47.058	49.22	69.97	600.0	-0	1569	101.6	5.83	-0.0915	0.7	111115
342	"11:00:24"	721.5	-9.19	1.02	505	14.7	1.87	6	1	2.84	38.49	38.00	38.45	499.34	501.19	33.113	47.086	49.22	70.00	600.1	-0	1569	101.6	5.83	-0.0915	1.0	111115
343	"11:00:25"	722.5	-9.15	1.02	505	14.7	1.87	6	1	2.84	38.49	38.00	38.45	499.34	501.15	33.120	47.100	49.23	70.01	600.0	-0	1569	101.6	5.83	-0.0915	1.0	111115
344	"11:00:27"	724.0	-9.01	1.02	504	14.7	1.87	6	1	2.84	38.50	38.01	38.46	499.44	501.09	33.132	47.127	49.23	70.03	600.0	-0	1570	101.6	5.83	-0.0915	1.0	111115
345	"11:00:28"	724.5	-8.98	1.02	504	14.7	1.87	6	1	2.84	38.50	38.01	38.46	499.46	501.08	33.137	47.133	49.23	70.03	600.0	-0	1570	101.6	5.83	-0.0915	1.0	111115
346	"11:00:29"	726.0	-8.87	1.02	504	14.7	1.87	6	1	2.84	38.50	38.02	38.46	499.54	501.04	33.148	47.155	49.24	70.04	600.0	-0	1570	101.6	5.83	-0.0915	1.0	111115
347	"11:00:30"	727.5	-8.92	1.02	504	14.7	1.87	6	1	2.84	38.51	38.03	38.47	499.50	501.05	33.156	47.180	49.23	70.06	599.9	-0	1571	101.6	5.83	-0.0915	1.0	111115
348	"11:00:32"	728.5	-8.96	1.02	504	14.7	1.87	6	1	2.84	38.51	38.04	38.47	499.50	501.09	33.164	47.195	49.24	70.07	599.9	-0	1572	101.6	5.83	-0.0915	1.0	111115
349	"11:00:33"	730.0	-9.04	1.03	504	14.7	1.88	6	1	2.84	38.52	38.04	38.48	499.44	501.09	33.176	47.222	49.24	70.08	600.0	-0	1572	101.6	5.83	-0.0915	1.0	111115
350	"11:00:34"	730.5	-8.99	1.03	504	14.7	1.88	6	1	2.84	38.52	38.05	38.48	499.46	501.06	33.180	47.232	49.24	70.09	600.0	-0	1573	101.6	5.83	-0.0915	1.0	111115
351	"11:00:35"	732.5	-8.88	1.03	504	14.8	1.88	6	1	2.84	38.53	38.06	38.49	499.53	501.01	33.197	47.271	49.24	70.12	600.0	-0	1574	101.6	5.83	-0.0915	1.0	111115
352	"11:00:36"	733.0	-8.83	1.03	504	14.8	1.88	6	1	2.84	38.53	38.06	38.49	499.59	501.01	33.201	47.279	49.25	70.13	600.1	-0	1575	101.6	5.83	-0.0915	1.0	111115
353	"11:00:38"	734.5	-8.86	1.03	504	14.8	1.87	6	1	2.84	38.53	38.07	38.49	499.53	500.98	33.210	47.305	49.24	70.14	600.0	-0	1576	101.6	5.83	-0.0915	1.0	111115
354	"11:00:39"	736.0	-8.99	1.03	504	14.8	1.88	6	1	2.84	38.54	38.07	38.50	499.45	501.02	33.219	47.326	49.24	70.15	600.1	-0	1576	101.6	5.83	-0.0915	1.0	111115
355	"11:00:40"	737.0	-9.06	1.03	504	14.8	1.88	6	1	2.84	38.54	38.08	38.50	499.38	501.01	33.226	47.343	49.24	70.16	600.1	-0	1576	101.6	5.83	-0.0915	1.0	111115
356	"11:00:41"	738.5	-9.11	1.03	504	14.8	1.88	6	1	2.84	38.55	38.09	38.51	499.35	501.03	33.238	47.368	49.24	70.18	600.1	-0	1576	101.6	5.83	-0.0915	1.0	111115
357	"11:00:43"	739.5	-9.06	1.03	504	14.8	1.88	6	1	2.84	38.55	38.09	38.51	499.36	500.98	33.246	47.385	49.24	70.19	600.1	-0	1576	101.6	5.83	-0.0915	0.7	111115
358	"11:00:44"	741.0	-8.96	1.03	504	14.9	1.88	6	1	2.84	38.56	38.10	38.51	499.45	500.96	33.257	47.404	49.24	70.19	600.0	-0	1576	101.6	5.83	-0.0915	0.7	111115
359	"11:00:45"	742.0	-8.84	1.03	504	14.9	1.88	6	1	2.84	38.56	38.11	38.52	499.54	500.93	33.264	47.417	49.25	70.20	600.0	-0	1576	101.6	5.83	-0.0915	0.7	111115
360	"11:00:46"	743.5	-8.8	1.03	504	14.9	1.88	6	1	2.84	38.57	38.12	38.52	499.57	500.92	33.276	47.443	49.25	70.21	600.0	-0	1577	101.6	5.83	-0.0915	1.0	111115
361	"11:00:47"	744.5	-8.82	1.04	504	14.9	1.88	6	1	2.84	38.57	38.13	38.53	499.57	500.93	33.282	47.459	49.24	70.22	600.0	-0	1577	101.6	5.83	-0.0915	1.0	111115
362	"11:00:49"	746.0	-8.75	1.04	503	14.9	1.88	6	1	2.84	38.58	38.14	38.53	499.62	500.91	33.291	47.487	49.24	70.24	600.0	-0	1579	101.6	5.83	-0.0915	1.0	111115
363	"11:00:50"	747.0	-8.68	1.04	503	14.9	1.88	6	1	2.84	38.58	38.14	38.54	499.65	500.86	33.297	47.503	49.24	70.25	600.0	-0	1580	101.6	5.83	-0.0915	1.0	111115
364	"11:00:51"	748.5	-8.6	1.04	503	14.9	1.88	6	1	2.84	38.59	38.15	38.54	499.66	500.79	33.309	47.528	49.24	70.26	599.9	-0	1581	101.6	5.83	-0.0915	1.0	111115
365	"11:00:52"	749.5	-8.6	1.04	503	14.9	1.88	6	1	2.84	38.60	38.16	38.55	499.63	500.76	33.316	47.541	49.24	70.26	599.9	-0	1582	101.6	5.83	-0.0915	1.0	111115
366	"11:00:54"	751.0	-8.75	1.04	503	14.9	1.88	6	1	2.84	38.60	38.17	38.55	499.55	500.81	33.327	47.565	49.24	70.27	600.0	-0	1582	101.6	5.83	-0.0915	1.0	111115
367	"11:00:55"	752.0	-8.81	1.04	503	15	1.88	6	1	2.84	38.61	38.17	38.56	499.53	500.84	33.333	47.581	49.23	70.28	600.0	-0	1581	101.6	5.83	-0.0915	1.0	111115
368	"11:00:56"	753.5	-8.97	1.04	504	15	1.88	6	1	2.84	38.61	38.18	38.56	499.44	500.91	33.341	47.609	49.23	70.30	600.0	-0	1581	101.6	5.83	-0.0915	1.0	111115
369	"11:00:57"	754.5	-8.89	1.04	504	15	1.88	6	1	2.84	38.62	38.18	38.56	499.51	500.89	33.348	47.625	49.23	70.30	600.0	-0	1580	101.6	5.83	-0.0915	1.0	111115
370	"11:00:59"	756.0	-8.69	1.04	503	15	1.89	6	1	2.84	38.62	38.19	38.57	499.62	500.80	33.358	47.643	49.23	70.31	600.0	-0	1578	101.6	5.83	-0.0915	1.0	111115
371	"11:01:00"	757.0	-8.62	1.04	503	15	1.89	6	1	2.84	38.63	38.20	38.57	499.67	500.78	33.366	47.659	49.22	70.31	600.0	-0	1578	101.6	5.83	-0.0915	1.0	111115
372	"11:01:01"	757.5	-8.7	1.04	503	15	1.89	6	1	2.84	38.63	38.20	38.58	499.63	500.82	33.369	47.666	49.22	70.31	600.0	-0	1577	101.6	5.83	-0.0915	1.0	111115
373	"11:01:02"	759.5	-8.79	1.04	503	15	1.89	6	1	2.84	38.64	38.21	38.58	499.54	500.80	33.381	47.695	49.22	70.32	600.0	-0	1576	101.6	5.83	-0.0915	1.0	111115
374	"11:01:04"	760.5	-8.83	1.04	503	15	1.89	6	1	2.84	38.64	38.22	38.59	499.50	500.80	33.388	47.710	49.22	70.33	600.0	-0	1576	101.6	5.83	-0.0915	1.0	111115
375	"11:01:05"	762.0	-8.69	1.04	503	15.1	1.89	6	1	2.84	38.65	38.23	38.59	499.57	500.73	33.400	47.735	49.21	70.34	600.0	-0	1576	101.6	5.83	-0.0915	1.0	111115
376	"11:01:06"	763.0	-8.71	1.04	503	15.1	1.89	6	1	2.84	38.66	38.24	38.60	499.59	500.75	33.406	47.755	49.21	70.35	600.0	-0	1575	101.6	5.83	-0.0915	1.0	111115
377	"11:01:07"	764.5	-8.7	1.05	503	15.1	1.89	6	1	2.84	38.66	38.25	38.61	499.58	500.73	33.416	47.780	49.20	70.36	600.0	-0	1574	101.6	5.83	-0.0915	1.0	111115
378	"11:01:08"	765.5	-8.66	1.05	503	15.1	1.89	6	1	2.84	38.67	38.25	38.61	499.58	500.68	33.420	47.797	49.20	70.36	600.0	-0	1573	101.6	5.83	-0.0915	1.0	111115
379	"11:01:10"	767.0	-8.67	1.04	503	15.1	1.89	6	1	2.84	38.68	38.26	38.62	499.54	500.65	33.430	47.810	49.19	70.36	600.0	-0	1572	101.6	5.83	-0.0915	1.0	111115
380	"11:01:11"	768.0	-8.73	1.04	503	15.1	1.9	6	1	2.84	38.68	38.27	38.62	499.52	500.69	33.435	47.820	49.19	70.35	600.0	-0	1571	101.6	5.83	-0.0915	1.0	111115
381	"11:01:12"	769.5	-8.72	1.05	503	15.1	1.9	6	1	2.84	38.69	38.28	38.63	499.50	500.65	33.443	47.851	49.18	70.37	600.0	-0	1571	101.6	5.83	-0.0915	1.0	111115
382	"11:01:13"	770.5	-8.69	1.05	503	15.1	1.9	6	1	2.84	38.69	38.28	38.63	499.55	500.66	33.449	47.868	49.18	70.38	600.0	-0	1570	101.6	5.83	-0.0915	1.0	111115
383	"11:01:15"	772.0	-8.63	1.05	503	15.2	1.9	6	1	2.84	38.70	38.29	38.64	499.59	500.63	33.458	47.894	49.17	70.39	600.0	-0	1569	101.6	5.83	-0.0915	1.0	111115
384	"11:01:16"	773.0	-8.68	1.05	503	15.2	1.9	6	1	2.84	38.70	38.30	38.64	499.58	500.67	33.465	47.902	49.17	70.38	600.0	-0	1568	101.6	5.83	-0.0915	1.0	111115
385	"11:01:17"	774.5	-8.61	1.05	503	15.2	1.9	6	1	2.84	38.71	38.31	38.65	499.60	500.62	33.474	47.927	49.16	70.39	600.0	-0	1567	101.6	5.83	-0.0915	1.0	111115
386	"11:01:18"	775.5	-8.48	1.05	502	15.2	1.9	6	1	2.84	38.72	38.31	38.65	499.65	500.53	33.481	47.941	49.16	70.39	600.0	-0	1566	101.6	5.83	-0.0915	1.0	111115
387	"11:01:20"	777.0	-8.26	1.05	502	15.2	1.9	6	1	2.84	38.72	38.32	38.66	499.77	500.42	33.491	47.965	49.16	70.40	600.0	-0	1566	101.6	5.83	-0.0915	1.0	111115
388	"11:01:21"	777.5	-8.22	1.05	502	15.2	1.9	6	1	2.84	38.73	38.32	38.66	499.80	500.41	33.494	47.972	49.16	70.40	600.0	-0	1565	101.6	5.83	-0.0915	1.0	111115
389	"11:01:22"	779.5	-8.31	1.05	502	15.2	1.9	6	1	2.84	38.74	38.33	38.67	499.76	500.45	33.508	48.006	49.15	70.41	600.0	-0	1564	101.6	5.83	-0.0915	0.7	111115
390	"11:01:23"	780.5	-8.35	1.05	502	15.2	1.9	6	1	2.84	38.74	38.34	38.68	499.74	500.47	33.512	48.017	49.14	70.41	600.0	-0	1562	101.6	5.83	-0.0915	0.7	111115
391	"11:01:25"	782.0	-8.38	1.05	502	15.2	1.9	6	1	2.84	38.75	38.34	38.68	499.68	500.43	33.522	48.035	49.14	70.41	600.0	-0	1561	101.6	5.83	-0.0915	0.7	111115
392	"11:01:26"	783.0	-8.34	1.05	502	15.3	1.9	6	1	2.84	38.75	38.35	38.69	499.75	500.46	33.527	48.047	49.13	70.41	599.9	-0	1561	101.6	5.83	-0.0915	0.7	111115
393	"11:01:27"	784.5	-8.3	1.05	502	15.3	1.9	6	1	2.84	38.76	38.36	38.69	499.76	500.42	33.539	48.063	49.13	70.40	599.9	-0	1560	101.6	5.83	-0.0915	0.7	111115
394	"11:01:28"	785.5	-8.3	1.05	502	15.3	1.91	6	1	2.84	38.77	38.37	38.70	499.76	500.42	33.544	48.079	49.12	70.41	599.9	-0	1560	101.6	5.83	-0.0915	0.7	111115
395	"11:01:30"	787.0	-8.25	1.05	502	15.3	1.91	6	1	2.84	38.77	38.37	38.71	499.74	500.35	33.555	48.102	49.12	70.41	600.0	-0	1562	101.6	5.83	-0.0915	0.7	111115
396	"11:01:31"	788.0	-8.23	1.05	501	15.3	1.91	6	1	2.84	38.78	38.38	38.71	499.75	500.32	33.560	48.118	49.11	70.42	600.1	-0	1563	101.6	5.83	-0.0915	0.7	111115
397	"11:01:32"	789.5	-8.09	1.05	501	15.3	1.91	6	1	2.84	38.78	38.39	38.72	499.83	500.26	33.572	48.138	49.11	70.42	600.1	-0	1566	101.6	5.83	-0.0915	0.7	111115
398	"11:01:33"	790.5	-8.1	1.05	501	15.3	1.91	6	1	2.84	38.79	38.40	38.72	499.83	500.27	33.578	48.148	49.11	70.42	600.0	-0	1567	101.6	5.83	-0.0915	0.7	111115
399	"11:01:35"	792.0	-8.17	1.05	501	15.3	1.91	6	1	2.84	38.80	38.40	38.73	499.82	500.33	33.589	48.173	49.11	70.43	599.9	-0	1571	101.6	5.83	-0.0915	0.7	111115
400	"11:01:36"	792.5	-8.2	1.05	501	15.3	1.91	6	1	2.84	38.80	38.41	38.73	499.81	500.35	33.592	48.181	49.10	70.43	599.9	-0	1572	101.6	5.83	-0.0915	1.0	111115
401	"11:01:37"	794.0	-8.43	1.05	502	15.3	1.91	6	1	2.84	38.81	38.42	38.74	499.70	500.45	33.602	48.209	49.10	70.44	599.9	-0	1575	101.6	5.83	-0.0915	1.0	111115
402	"11:01:38"	795.5	-8.43	1.05	502	15.4	1.91	6	1	2.84	38.82	38.43	38.75	499.65	500.39	33.612	48.230	49.09	70.44	600.0	-0	1576	101.6	5.83	-0.0915	1.0	111115
403	"11:01:39"	796.5	-8.36	1.05	502	15.4	1.91	6	1	2.84	38.82	38.44	38.75	499.66	500.33	33.617	48.238	49.08	70.43	600.1	-0	1577	101.6	5.83	-0.0915	1.0	111115
404	"11:01:41"	798.0	-8.16	1.05	501	15.4	1.92	6	1	2.84	38.83	38.45	38.76	499.75	500.22	33.629	48.260	49.08	70.43	600.1	-0	1580	101.6	5.83	-0.0915	1.0	111115
405	"11:01:42"	799.0	-8.05	1.05	501	15.4	1.92	6	1	2.84	38.83	38.45	38.76	499.85	500.21	33.636	48.277	49.08	70.44	600.1	-0	1581	101.6	5.83	-0.0915	1.0	111115
406	"11:01:44"	800.5	-8.04	1.05	501	15.4	1.92	6	1	2.84	38.84	38.46	38.77	499.88	500.22	33.648	48.306	49.07	70.45	600.0	-0	1585	101.6	5.83	-0.0915	1.0	111115
407	"11:01:45"	801.0	-8.03	1.05	501	15.4	1.92	6	1	2.84	38.84	38.47	38.77	499.88	500.20	33.652	48.312	49.07	70.45	600.0	-0	1587	101.6	5.83	-0.0915	1.0	111115
408	"11:01:46"	803.0	-8.05	1.06	501	15.4	1.92	6	1	2.84	38.85	38.48	38.78	499.84	500.17	33.664	48.342	49.06	70.45	600.0	-0	1594	101.6	5.83	-0.0915	1.0	111115
409	"11:01:47"	803.5	-8.1	1.06	501	15.4	1.92	6	1	2.84	38.86	38.48	38.79	499.82	500.20	33.667	48.351	49.06	70.46	600.0	-0	1597	101.6	5.83	-0.0915	1.0	111115
410	"11:01:49"	806.0	-8.17	1.06	501	15.5	1.92	6	1	2.84	38.87	38.50	38.80	499.77	500.21	33.685	48.387	49.05	70.46	600.1	-0	1494	101.6	5.83	-0.0915	1.0	111115
411	"11:01:50"	807.0	-8.27	1.06	501	15.5	1.92	6	1	2.84	38.88	38.50	38.80	499.71	500.24	33.693	48.403	49.05	70.46	600.0	-0	1385	101.6	5.83	-0.0915	1.0	111115
412	"11:01:51"	808.5	-8.33	1.06	501	15.5	1.92	6	1	2.84	38.88	38.51	38.81	499.68	500.26	33.703	48.428	49.04	70.47	600.1	-0	1147	101.6	5.83	-0.0915	1.0	111115
413	"11:01:52"	809.5	-8.32	1.06	501	15.5	1.93	6	1	2.84	38.89	38.52	38.82	499.68	500.26	33.709	48.439	49.03	70.46	600.0	-0	953	101.6	5.83	-0.0915	1.0	111115
414	"11:01:54"	811.0	-8.22	1.06	501	15.5	1.93	6	1	2.84	38.90	38.53	38.82	499.73	500.20	33.717	48.458	49.03	70.46	600.0	-0	734	101.6	5.83	-0.0915	1.0	111115
415	"11:01:55"	812.0	-8.14	1.05	501	15.5	1.93	6	1	2.84	38.90	38.54	38.83	499.77	500.16	33.725	48.467	49.02	70.45	599.9	-0	647	101.6	5.83	-0.0915	1.0	111115
416	"11:01:56"	813.5	-8.1	1.05	501	15.5	1.93	6	1	2.84	38.91	38.54	38.84	499.81	500.16	33.733	48.478	49.01	70.44	599.9	-0	624	101.6	5.83	-0.0915	1.0	111115
417	"11:01:57"	814.5	-8.12	1.05	501	15.5	1.93	6	1	2.84	38.92	38.55	38.84	499.83	500.19	33.734	48.478	49.00	70.42	600.0	-0	599	101.6	5.83	-0.0915	1.0	111115
418	"11:01:59"	816.0	-8.13	1.05	501	15.5	1.94	6	1	2.84	38.92	38.56	38.85	499.79	500.17	33.737	48.473	48.99	70.38	600.1	-0	500	101.6	5.83	-0.0915	1.0	111115
419	"11:02:00"	817.0	-8.12	1.04	501	15.5	1.94	6	1	2.84	38.93	38.56	38.85	499.77	500.15	33.739	48.459	48.98	70.34	600.2	-0	422	101.6	5.83	-0.0915	1.0	111115
420	"11:02:01"	818.5	-8.07	1.04	501	15.4	1.94	6	1	2.84	38.94	38.57	38.86	499.76	500.10	33.741	48.438	48.96	70.28	600.1	-0	338	101.6	5.83	-0.0915	1.0	111115
421	"11:02:02"	819.5	-8.09	1.03	501	15.4	1.95	6	1	2.84	38.94	38.57	38.87	499.75	500.12	33.742	48.424	48.95	70.24	600.0	-0	302	101.6	5.83	-0.0915	1.0	111115
422	"11:02:04"	821.0	-8.1	1.03	501	15.4	1.95	6	1	2.84	38.95	38.58	38.87	499.72	500.12	33.741	48.398	48.93	70.18	599.9	-0	273	101.6	5.83	-0.0915	1.0	111115
423	"11:02:05"	822.0	-8.06	1.03	501	15.4	1.95	6	1	2.84	38.95	38.58	38.88	499.73	500.10	33.742	48.380	48.92	70.14	600.0	-0	263	101.6	5.83	-0.0915	1.0	111115
424	"11:02:06"	823.5	-7.98	1.02	501	15.4	1.96	6	1	2.84	38.96	38.59	38.89	499.73	500.04	33.741	48.353	48.90	70.08	600.0	-0	250	101.6	5.83	-0.0915	1.0	111115
425	"11:02:07"	824.0	-7.91	1.02	500	15.3	1.96	6	1	2.84	38.96	38.59	38.89	499.75	499.99	33.740	48.342	48.89	70.05	599.9	-0	247	101.6	5.83	-0.0915	1.0	111115
426	"11:02:08"	825.0	-7.83	1.01	500	15.3	1.96	6	1	2.84	38.96	38.59	38.89	499.81	499.98	33.741	48.321	48.88	70.01	599.9	-0	240	101.6	5.83	-0.0915	1.0	111115
427	"11:02:10"	827.0	-7.82	1	500	15.3	1.97	6	1	2.84	38.97	38.60	38.90	499.82	500.00	33.740	48.282	48.86	69.92	600.0	-0	229	101.6	5.83	-0.0915	1.0	111115
428	"11:02:11"	828.0	-7.91	1	501	15.3	1.98	6	1	2.84	38.98	38.61	38.91	499.78	500.07	33.742	48.264	48.85	69.87	600.1	-0	225	101.6	5.83	-0.0915	1.0	111115
429	"11:02:12"	829.5	-7.99	0.993	501	15.2	1.98	6	1	2.84	38.98	38.61	38.91	499.72	500.09	33.744	48.236	48.84	69.81	600.0	-0	220	101.6	5.83	-0.0915	1.0	111115
430	"11:02:14"	830.5	-7.93	0.988	501	15.2	1.98	6	1	2.84	38.99	38.62	38.92	499.73	500.06	33.744	48.214	48.83	69.77	600.0	-0	217	101.6	5.83	-0.0915	1.0	111115
431	"11:02:15"	831.0	-7.84	0.987	501	15.2	1.99	6	1	2.84	38.99	38.62	38.92	499.78	500.02	33.744	48.206	48.82	69.75	600.0	-0	216	101.6	5.83	-0.0915	1.0	111115
432	"11:02:16"	833.0	-7.65	0.98	500	15.2	1.99	6	1	2.84	39.00	38.62	38.93	499.80	499.87	33.749	48.172	48.81	69.67	600.0	-0	213	101.6	5.83	-0.0915	0.7	111115
433	"11:02:17"	834.5	-7.62	0.975	500	15.1	1.99	6	1	2.84	39.00	38.63	38.93	499.80	499.85	33.751	48.148	48.80	69.61	600.0	-0	211	101.6	5.83	-0.0915	0.7	111115
434	"11:02:18"	835.0	-7.64	0.973	500	15.1	2	6	1	2.84	39.01	38.63	38.94	499.78	499.86	33.751	48.139	48.79	69.59	600.0	-0	211	101.6	5.83	-0.0915	0.7	111115
435	"11:02:20"	836.5	-7.6	0.969	500	15.1	2	6	1	2.84	39.01	38.63	38.94	499.79	499.85	33.749	48.117	48.77	69.54	600.0	-0	209	101.6	5.83	-0.0915	0.7	111115
436	"11:02:21"	838.0	-7.68	0.965	500	15.1	2	6	1	2.84	39.02	38.64	38.95	499.75	499.89	33.752	48.100	48.77	69.50	600.0	-0	209	101.6	5.83	-0.0915	0.7	111115
437	"11:02:22"	839.0	-7.73	0.962	500	15.1	2.01	6	1	2.84	39.02	38.64	38.95	499.70	499.90	33.753	48.087	48.76	69.47	600.0	-0	208	101.6	5.83	-0.0915	0.7	111115
438	"11:02:23"	840.5	-7.72	0.959	500	15	2.01	6	1	2.84	39.02	38.64	38.96	499.67	499.87	33.755	48.071	48.75	69.43	600.0	-0	208	101.6	5.83	-0.0915	0.7	111115
439	"11:02:24"	841.5	-7.66	0.956	500	15	2.01	6	1	2.84	39.03	38.64	38.96	499.65	499.80	33.759	48.061	48.75	69.40	600.0	-0	208	101.6	5.83	-0.0915	0.7	111115
440	"11:02:26"	843.0	-7.71	0.953	500	15	2.01	6	1	2.84	39.03	38.65	38.97	499.60	499.81	33.762	48.044	48.74	69.35	600.0	-0	208	101.6	5.83	-0.0915	1.0	111115
441	"11:02:27"	844.0	-7.89	0.95	501	15	2.02	6	1	2.84	39.04	38.65	38.97	499.48	499.88	33.762	48.030	48.73	69.32	600.0	-0	208	101.6	5.83	-0.0915	1.0	111115
442	"11:02:28"	845.5	-7.95	0.945	501	15	2.02	6	1	2.84	39.04	38.66	38.98	499.49	499.96	33.765	48.009	48.72	69.27	600.0	-0	209	101.6	5.83	-0.0915	1.0	111115
443	"11:02:29"	846.5	-7.86	0.943	501	14.9	2.02	6	1	2.84	39.04	38.66	38.98	499.50	499.89	33.768	47.995	48.71	69.24	600.0	-0	209	101.6	5.83	-0.0915	1.0	111115
444	"11:02:31"	848.0	-7.89	0.939	501	14.9	2.02	6	1	2.84	39.05	38.66	38.99	499.49	499.92	33.772	47.981	48.71	69.20	600.0	-0	211	101.6	5.83	-0.0915	1.0	111115
445	"11:02:32"	849.0	-7.87	0.938	501	14.9	2.02	6	1	2.84	39.05	38.66	38.99	499.48	499.90	33.776	47.974	48.70	69.18	600.0	-0	212	101.6	5.83	-0.0915	1.0	111115
446	"11:02:33"	850.5	-7.86	0.935	501	14.9	2.03	6	1	2.84	39.06	38.66	38.99	499.52	499.93	33.779	47.960	48.70	69.14	600.0	-0	213	101.6	5.83	-0.0915	1.0	111115
447	"11:02:34"	851.5	-7.8	0.933	501	14.9	2.03	6	1	2.84	39.06	38.66	39.00	499.50	499.87	33.783	47.949	48.70	69.12	600.0	-0	214	101.6	5.83	-0.0915	1.0	111115
448	"11:02:36"	853.0	-7.56	0.93	500	14.9	2.03	6	1	2.84	39.06	38.66	39.00	499.59	499.73	33.789	47.934	48.69	69.08	600.0	-0	214	101.6	5.83	-0.0915	1.0	111115
449	"11:02:37"	854.0	-7.46	0.929	500	14.8	2.03	6	1	2.84	39.07	38.66	39.01	499.63	499.68	33.791	47.925	48.69	69.06	600.0	-0	213	101.6	5.83	-0.0915	1.0	111115
450	"11:02:38"	855.5	-7.37	0.926	500	14.8	2.03	6	1	2.84	39.07	38.66	39.01	499.70	499.66	33.796	47.906	48.69	69.02	600.0	-0	212	101.6	5.83	-0.0915	1.0	111115
451	"11:02:39"	856.5	-7.45	0.925	500	14.8	2.03	6	1	2.84	39.07	38.66	39.01	499.66	499.70	33.799	47.899	48.69	69.00	600.0	-0	212	101.6	5.83	-0.0915	1.0	111115
452	"11:02:41"	858.0	-7.51	0.923	500	14.8	2.03	6	1	2.84	39.07	38.66	39.02	499.60	499.72	33.806	47.886	48.69	68.97	600.0	-0	210	101.6	5.83	-0.0915	1.0	111115
453	"11:02:42"	859.0	-7.57	0.922	500	14.8	2.03	6	1	2.84	39.08	38.66	39.02	499.53	499.71	33.807	47.878	48.69	68.95	600.0	-0	210	101.6	5.83	-0.0915	1.0	111115
454	"11:02:43"	860.5	-7.63	0.92	500	14.8	2.03	6	1	2.84	39.08	38.66	39.02	499.46	499.71	33.811	47.866	48.69	68.92	600.0	-0	210	101.6	5.83	-0.0915	1.0	111115
455	"11:02:44"	861.5	-7.64	0.918	500	14.7	2.04	6	1	2.84	39.08	38.66	39.03	499.43	499.70	33.815	47.854	48.69	68.90	600.0	-0	211	101.6	5.83	-0.0915	1.0	111115
456	"11:02:46"	863.0	-7.63	0.916	500	14.7	2.04	6	1	2.84	39.08	38.65	39.03	499.41	499.68	33.820	47.842	48.69	68.87	600.0	-0	213	101.6	5.83	-0.0915	1.0	111115
457	"11:02:47"	864.0	-7.61	0.914	500	14.7	2.04	6	1	2.84	39.08	38.65	39.03	499.42	499.67	33.821	47.832	48.69	68.85	599.9	-0	215	101.6	5.83	-0.0915	1.0	111115
458	"11:02:48"	864.5	-7.58	0.914	500	14.7	2.04	6	1	2.84	39.09	38.65	39.04	499.43	499.66	33.823	47.831	48.68	68.85	599.9	-0	217	101.6	5.83	-0.0915	1.0	111115
459	"11:02:49"	866.5	-7.69	0.912	500	14.7	2.04	6	1	2.84	39.09	38.65	39.04	499.37	499.71	33.828	47.818	48.68	68.82	600.0	-0	226	101.6	5.83	-0.0915	1.0	111115
460	"11:02:51"	868.0	-7.73	0.91	501	14.7	2.04	6	1	2.84	39.09	38.65	39.04	499.33	499.73	33.832	47.803	48.68	68.79	600.1	-0	237	101.6	5.83	-0.0915	1.0	111115
461	"11:02:52"	869.0	-7.68	0.907	500	14.7	2.04	6	1	2.84	39.09	38.65	39.05	499.36	499.71	33.836	47.789	48.69	68.76	600.1	-0	248	101.6	5.83	-0.0915	1.0	111115
462	"11:02:53"	870.5	-7.57	0.906	500	14.6	2.04	6	1	2.84	39.09	38.65	39.05	499.42	499.68	33.841	47.782	48.69	68.74	600.1	-0	272	101.6	5.83	-0.0915	1.0	111115
463	"11:02:54"	871.5	-7.52	0.904	500	14.6	2.04	6	1	2.84	39.10	38.65	39.05	499.44	499.66	33.845	47.777	48.69	68.73	600.0	-0	324	101.6	5.83	-0.0915	1.0	111115
464	"11:02:56"	873.0	-7.48	0.904	500	14.6	2.04	6	1	2.84	39.10	38.65	39.06	499.39	499.56	33.849	47.775	48.69	68.72	600.0	-0	380	101.6	5.83	-0.0915	1.0	111115
465	"11:02:57"	874.0	-7.51	0.902	500	14.6	2.04	6	1	2.84	39.10	38.65	39.06	499.39	499.59	33.852	47.768	48.69	68.70	600.0	-0	466	101.6	5.83	-0.0915	1.0	111115
466	"11:02:58"	875.5	-7.51	0.901	500	14.6	2.04	6	1	2.84	39.10	38.65	39.06	499.38	499.59	33.858	47.759	48.69	68.68	600.0	-0	686	101.6	5.83	-0.0915	1.0	111115
467	"11:02:59"	876.5	-7.65	0.9	500	14.6	2.04	6	1	2.84	39.10	38.65	39.06	499.31	499.67	33.862	47.754	48.70	68.67	600.0	-0	911	101.6	5.83	-0.0915	1.0	111115
468	"11:03:01"	878.0	-7.79	0.898	501	14.6	2.04	6	1	2.84	39.10	38.65	39.06	499.23	499.73	33.867	47.751	48.70	68.66	600.0	-0	1073	101.6	5.83	-0.0915	1.0	111115
469	"11:03:02"	879.0	-7.83	0.899	501	14.6	2.04	6	1	2.84	39.11	38.66	39.07	499.21	499.75	33.871	47.758	48.70	68.67	600.0	-0	931	101.6	5.83	-0.0915	1.0	111115
470	"11:03:03"	880.5	-7.63	0.899	500	14.6	2.04	6	1	2.84	39.11	38.66	39.07	499.33	499.67	33.878	47.770	48.71	68.68	600.0	-0	535	101.6	5.83	-0.0915	1.0	111115
471	"11:03:04"	881.5	-7.44	0.9	500	14.6	2.04	6	1	2.84	39.11	38.66	39.07	499.41	499.57	33.886	47.779	48.71	68.68	600.0	-0	295	101.6	5.83	-0.0915	1.0	111115
472	"11:03:06"	883.0	-7.4	0.901	500	14.6	2.04	6	1	2.84	39.11	38.66	39.07	499.49	499.60	33.898	47.794	48.72	68.69	600.0	-0	121	101.6	5.83	-0.0915	1.0	111115
473	"11:03:07"	884.0	-7.33	0.901	500	14.6	2.04	6	1	2.84	39.11	38.66	39.08	499.51	499.55	33.908	47.801	48.73	68.70	600.0	-0	115	101.6	5.83	-0.0915	1.0	111115
474	"11:03:08"	885.5	-7.32	0.901	500	14.6	2.04	6	1	2.84	39.12	38.66	39.08	499.49	499.52	33.919	47.809	48.74	68.70	600.0	-0	115	101.6	5.83	-0.0915	1.0	111115
475	"11:03:09"	886.5	-7.32	0.901	500	14.6	2.04	6	1	2.84	39.12	38.66	39.08	499.45	499.49	33.925	47.811	48.74	68.70	600.0	-0	122	101.6	5.83	-0.0915	1.0	111115
476	"11:03:11"	888.0	-7.3	0.9	499	14.6	2.04	6	1	2.84	39.12	38.66	39.08	499.43	499.45	33.932	47.807	48.75	68.69	600.0	-0	135	101.6	5.83	-0.0915	1.0	111115
477	"11:03:12"	889.0	-7.39	0.899	500	14.6	2.04	6	1	2.84	39.12	38.66	39.09	499.40	499.52	33.937	47.798	48.76	68.67	600.0	-0	140	101.6	5.83	-0.0915	1.0	111115
478	"11:03:13"	890.5	-7.45	0.897	500	14.5	2.04	6	1	2.84	39.12	38.65	39.09	499.33	499.52	33.941	47.785	48.76	68.64	600.0	-0	135	101.6	5.83	-0.0915	1.0	111115
479	"11:03:14"	891.5	-7.53	0.896	500	14.5	2.04	6	1	2.84	39.12	38.65	39.09	499.29	499.57	33.944	47.773	48.76	68.62	600.0	-0	135	101.6	5.83	-0.0915	1.0	111115
480	"11:03:16"	893.0	-7.48	0.893	500	14.5	2.04	6	1	2.84	39.13	38.65	39.09	499.32	499.56	33.946	47.754	48.76	68.59	600.0	-0	135	101.6	5.83	-0.0915	1.0	111115
481	"11:03:17"	893.5	-7.48	0.892	500	14.5	2.04	6	1	2.84	39.13	38.65	39.09	499.33	499.57	33.949	47.745	48.76	68.57	600.0	-0	140	101.6	5.83	-0.0915	1.0	111115
482	"11:03:18"	895.0	-7.35	0.889	500	14.5	2.05	6	1	2.84	39.13	38.65	39.10	499.35	499.48	33.952	47.722	48.76	68.54	600.1	-0	163	101.6	5.83	-0.0915	1.0	111115
483	"11:03:19"	896.5	-7.37	0.886	500	14.4	2.05	6	1	2.84	39.13	38.65	39.10	499.28	499.44	33.953	47.699	48.76	68.50	600.2	-0	181	101.6	5.83	-0.0915	1.0	111115
484	"11:03:20"	897.5	-7.34	0.884	500	14.4	2.05	6	1	2.84	39.13	38.64	39.10	499.26	499.39	33.954	47.683	48.76	68.48	600.2	-0	188	101.6	5.83	-0.0915	1.0	111115
