"OPEN 5.3.2"
"Thr Aug  2 2018 13:23:46"
"Unit="	"PSC-895"
"ComputeList="	"/User/Configs/Comps/Default"
"BLCTable="	"/Sys/Lib/StdBLCTable"
"LightSource="	"Sun+Sky"	1	0.19
"LogFormat="	"/User/Configs/LogFormats/Std Output"
"LogCodes="	-35	-21	-36	30	23	36	21	25	-33	-34	-32	-9	-10	-8	-1	-2	-4	-5	-14	-15	-7	-12	-13	-11	-65	-66	-72	-23
"PromptList="	"/User/Configs/Prompts/Default (none)"
"Stability= (CO2S 15s SLP<1)(H2OS 15s SLP<1)(Flow 15s SLP<1)"
"13:24:05 co2 500 flow 600"
$STARTOFDATA$
"Obs"	"HHMMSS"	"FTime"	"Photo"	"Cond"	"Ci"	"Trmmol"	"VpdL"	"Area"	"StmRat"	"BLCond"	"Tair"	"Tleaf"	"TBlk"	"CO2R"	"CO2S"	"H2OR"	"H2OS"	"RH_R"	"RH_S"	"Flow"	"PARi"	"PARo"	"Press"	"CsMch"	"HsMch"	"StableF"	"Status"
1	"13:25:08"	101.5	-2.74	0.548	468	20.8	4.39	6	1	2.84	38.16	37.63	38.11	499.76	492.27	0.677	21.013	1.02	31.75	600.0	0	180	101.5	10.9	-1.95	0.3	111115
2	"13:25:09"	102.0	-2.76	0.548	468	20.8	4.39	6	1	2.84	38.16	37.63	38.11	499.76	492.29	0.677	21.011	1.02	31.75	600.0	-0	181	101.5	10.9	-1.95	0.3	111115
3	"13:25:11"	103.5	-2.84	0.547	468	20.8	4.4	6	1	2.84	38.16	37.63	38.11	499.71	492.33	0.677	20.995	1.02	31.72	600.0	-0	185	101.5	10.9	-1.95	0.7	111115
4	"13:25:12"	105.0	-2.9	0.541	468	20.6	4.41	6	1	2.84	38.16	37.63	38.11	499.72	492.47	0.676	20.871	1.02	31.54	600.0	-0	187	101.5	10.9	-1.95	0.3	111115
5	"13:25:13"	106.0	-2.78	0.534	468	20.5	4.42	6	1	2.84	38.16	37.63	38.11	499.82	492.53	0.675	20.709	1.02	31.29	600.0	-0	192	101.5	10.9	-1.95	0.3	111115
6	"13:25:14"	107.5	-2.43	0.512	467	20	4.47	6	1	2.84	38.16	37.63	38.11	500.06	492.66	0.674	20.227	1.02	30.56	600.0	-0	198	101.5	10.9	-1.95	0.3	111115
7	"13:25:15"	108.0	-2.3	0.503	466	19.8	4.49	6	1	2.84	38.16	37.63	38.11	500.16	492.73	0.674	20.032	1.02	30.27	600.0	-0	202	101.5	10.9	-1.95	0.3	111115
8	"13:25:17"	109.5	-1.97	0.48	465	19.2	4.55	6	1	2.84	38.16	37.62	38.11	500.33	492.85	0.674	19.483	1.02	29.44	600.0	-0	208	101.5	10.9	-1.95	0.3	111115
9	"13:25:18"	111.0	-1.9	0.465	465	18.8	4.58	6	1	2.84	38.16	37.62	38.11	500.40	493.03	0.673	19.124	1.02	28.90	600.0	-0	214	101.5	10.9	-1.95	0.3	111115
10	"13:25:19"	112.0	-1.84	0.46	465	18.7	4.59	6	1	2.84	38.16	37.62	38.11	500.43	493.05	0.673	19.017	1.02	28.74	600.0	-0	217	101.5	10.9	-1.95	0.3	111115
11	"13:25:20"	112.5	-1.85	0.459	465	18.7	4.59	6	1	2.84	38.16	37.62	38.11	500.45	493.10	0.673	18.992	1.02	28.70	600.0	-0	218	101.5	10.9	-1.95	0.3	111115
12	"13:25:21"	114.5	-1.83	0.458	465	18.7	4.6	6	1	2.84	38.16	37.62	38.11	500.48	493.10	0.673	18.975	1.02	28.68	600.0	-0	223	101.5	10.9	-1.95	0.3	111115
13	"13:25:23"	115.5	-1.93	0.459	465	18.7	4.6	6	1	2.84	38.16	37.62	38.11	500.45	493.18	0.673	18.983	1.02	28.69	600.0	-0	224	101.5	10.9	-1.95	0.3	111115
14	"13:25:24"	117.0	-1.87	0.46	465	18.7	4.59	6	1	2.84	38.16	37.62	38.12	500.52	493.17	0.673	19.008	1.02	28.72	599.9	-0	226	101.5	10.9	-1.95	0.3	111115
15	"13:25:25"	118.0	-1.85	0.461	465	18.7	4.59	6	1	2.84	38.16	37.62	38.12	500.59	493.21	0.673	19.027	1.02	28.75	600.0	-0	227	101.5	10.9	-1.95	0.3	111115
16	"13:25:26"	119.5	-1.92	0.462	465	18.7	4.59	6	1	2.84	38.16	37.62	38.12	500.59	493.27	0.674	19.050	1.02	28.78	599.9	-0	228	101.5	10.9	-1.95	0.3	111115
17	"13:25:28"	120.5	-2.09	0.462	466	18.7	4.59	6	1	2.84	38.16	37.62	38.12	500.51	493.35	0.674	19.066	1.02	28.81	599.9	-0	229	101.5	10.9	-1.95	0.3	111115
18	"13:25:29"	121.0	-2.2	0.462	467	18.8	4.59	6	1	2.84	38.16	37.62	38.12	500.47	493.42	0.674	19.071	1.02	28.81	599.9	-0	229	101.5	10.9	-1.95	0.3	111115
19	"13:25:30"	123.0	-2.32	0.464	467	18.8	4.58	6	1	2.84	38.16	37.62	38.12	500.42	493.47	0.674	19.110	1.02	28.87	600.0	-0	231	101.5	10.9	-1.95	0.3	111115
20	"13:25:31"	124.0	-2.25	0.465	467	18.8	4.58	6	1	2.84	38.16	37.62	38.12	500.49	493.46	0.674	19.128	1.02	28.90	600.0	-0	232	101.5	10.9	-1.95	0.3	111115
21	"13:25:32"	125.5	-2.26	0.466	467	18.8	4.58	6	1	2.84	38.16	37.62	38.12	500.53	493.49	0.674	19.161	1.02	28.95	600.0	-0	234	101.5	10.9	-1.95	0.3	111115
22	"13:25:34"	126.5	-2.24	0.467	467	18.9	4.57	6	1	2.84	38.16	37.62	38.12	500.58	493.51	0.675	19.183	1.02	28.98	600.0	-0	234	101.5	10.9	-1.95	0.3	111115
23	"13:25:35"	128.0	-2.39	0.468	468	18.9	4.57	6	1	2.84	38.16	37.61	38.12	500.55	493.61	0.675	19.209	1.02	29.02	600.0	-0	235	101.5	10.9	-1.95	0.7	111115
24	"13:25:36"	129.0	-2.59	0.469	468	18.9	4.57	6	1	2.84	38.16	37.61	38.13	500.46	493.71	0.675	19.224	1.02	29.04	600.0	-0	236	101.5	10.9	-1.95	0.7	111115
25	"13:25:37"	130.5	-2.73	0.47	469	18.9	4.56	6	1	2.84	38.16	37.61	38.13	500.43	493.81	0.675	19.245	1.02	29.07	600.0	-0	237	101.5	10.9	-1.95	0.7	111115
26	"13:25:39"	131.5	-2.73	0.471	469	18.9	4.56	6	1	2.84	38.16	37.60	38.13	500.42	493.80	0.676	19.258	1.02	29.09	599.9	-0	239	101.5	10.9	-1.95	0.3	111115
27	"13:25:40"	133.0	-2.51	0.472	468	19	4.56	6	1	2.84	38.16	37.60	38.13	500.55	493.69	0.677	19.283	1.02	29.13	600.0	-0	240	101.5	10.9	-1.95	0.3	111115
28	"13:25:41"	134.0	-2.52	0.473	468	19	4.55	6	1	2.84	38.16	37.59	38.13	500.53	493.68	0.677	19.293	1.02	29.14	600.0	-0	241	101.5	10.9	-1.95	0.3	111115
29	"13:25:42"	135.5	-2.69	0.474	469	19	4.55	6	1	2.84	38.16	37.59	38.13	500.44	493.74	0.676	19.318	1.02	29.18	600.1	-0	243	101.5	10.9	-1.95	0.3	111115
30	"13:25:44"	136.5	-2.74	0.475	469	19	4.55	6	1	2.84	38.16	37.58	38.13	500.40	493.75	0.676	19.333	1.02	29.20	600.1	-0	244	101.5	10.9	-1.95	0.3	111115
31	"13:25:45"	138.0	-2.91	0.476	470	19.1	4.54	6	1	2.84	38.16	37.58	38.13	500.32	493.82	0.676	19.366	1.02	29.25	600.0	-0	245	101.5	10.9	-1.95	0.3	111115
32	"13:25:46"	139.0	-2.95	0.477	470	19.1	4.54	6	1	2.84	38.16	37.58	38.13	500.27	493.80	0.676	19.386	1.02	29.29	600.0	-0	247	101.5	10.9	-1.95	0.3	111115
33	"13:25:47"	140.5	-3.01	0.479	470	19.1	4.54	6	1	2.84	38.16	37.58	38.13	500.26	493.83	0.677	19.415	1.02	29.33	600.0	-0	248	101.5	10.9	-1.95	0.7	111115
34	"13:25:49"	141.0	-3	0.479	470	19.1	4.53	6	1	2.84	38.16	37.58	38.13	500.27	493.83	0.677	19.425	1.02	29.35	600.0	-0	249	101.5	10.9	-1.95	0.7	111115
35	"13:25:50"	143.0	-3.02	0.481	470	19.2	4.53	6	1	2.84	38.16	37.57	38.13	500.28	493.84	0.678	19.459	1.02	29.40	600.0	-0	251	101.5	10.9	-1.95	0.7	111115
36	"13:25:51"	144.0	-2.83	0.482	469	19.2	4.53	6	1	2.84	38.16	37.57	38.13	500.42	493.78	0.679	19.485	1.03	29.44	600.0	-0	252	101.5	10.9	-1.95	0.7	111115
37	"13:25:52"	145.5	-2.87	0.484	470	19.2	4.52	6	1	2.84	38.16	37.57	38.13	500.43	493.81	0.679	19.522	1.03	29.50	600.1	-0	254	101.5	10.9	-1.95	0.7	111115
38	"13:25:54"	146.5	-2.9	0.485	470	19.2	4.52	6	1	2.84	38.16	37.56	38.13	500.43	493.83	0.679	19.550	1.03	29.54	600.1	-0	256	101.5	10.9	-1.95	0.7	111115
39	"13:25:55"	148.0	-2.94	0.486	470	19.3	4.51	6	1	2.84	38.16	37.56	38.13	500.39	493.81	0.680	19.582	1.03	29.59	600.0	-0	258	101.5	10.9	-1.95	0.7	111115
40	"13:25:56"	149.0	-2.92	0.487	470	19.3	4.51	6	1	2.84	38.16	37.56	38.13	500.42	493.81	0.680	19.600	1.03	29.62	600.0	-0	259	101.5	10.9	-1.95	0.7	111115
41	"13:25:57"	150.5	-2.87	0.488	470	19.3	4.51	6	1	2.84	38.16	37.57	38.13	500.43	493.77	0.681	19.620	1.03	29.65	600.0	-0	261	101.5	10.9	-1.95	0.7	111115
42	"13:25:59"	151.5	-2.86	0.488	470	19.3	4.51	6	1	2.84	38.16	37.57	38.13	500.45	493.77	0.681	19.638	1.03	29.68	600.0	-0	262	101.5	10.9	-1.95	0.7	111115
43	"13:26:00"	153.0	-2.83	0.489	469	19.4	4.51	6	1	2.84	38.16	37.57	38.13	500.50	493.78	0.681	19.654	1.03	29.70	600.0	-0	264	101.5	10.9	-1.95	0.7	111115
44	"13:26:01"	154.0	-2.81	0.489	469	19.4	4.51	6	1	2.84	38.15	37.57	38.13	500.55	493.80	0.681	19.666	1.03	29.72	600.0	-0	266	101.5	10.9	-1.95	0.7	111115
45	"13:26:02"	155.5	-2.76	0.49	469	19.4	4.51	6	1	2.84	38.15	37.57	38.13	500.63	493.82	0.682	19.672	1.03	29.73	600.0	-0	268	101.5	10.9	-1.95	0.7	111115
46	"13:26:04"	156.5	-2.73	0.49	469	19.4	4.51	6	1	2.84	38.15	37.57	38.13	500.66	493.82	0.682	19.671	1.03	29.73	600.0	-0	270	101.5	10.9	-1.95	0.7	111115
47	"13:26:05"	158.0	-2.85	0.49	470	19.4	4.51	6	1	2.84	38.15	37.57	38.13	500.61	493.89	0.683	19.665	1.03	29.72	600.0	-0	272	101.5	10.9	-1.95	1.0	111115
48	"13:26:06"	159.0	-2.86	0.489	470	19.4	4.51	6	1	2.84	38.15	37.57	38.13	500.58	493.87	0.684	19.659	1.03	29.71	600.0	-0	273	101.5	10.9	-1.95	1.0	111115
49	"13:26:07"	160.5	-2.77	0.489	469	19.3	4.51	6	1	2.84	38.15	37.57	38.13	500.64	493.86	0.685	19.649	1.04	29.70	600.0	-0	276	101.5	10.9	-1.95	1.0	111115
50	"13:26:09"	161.5	-2.86	0.489	470	19.3	4.51	6	1	2.84	38.15	37.57	38.13	500.61	493.92	0.685	19.643	1.03	29.69	600.0	-0	277	101.5	10.9	-1.95	1.0	111115
51	"13:26:10"	163.0	-2.87	0.488	470	19.3	4.51	6	1	2.84	38.15	37.56	38.13	500.64	493.96	0.685	19.632	1.04	29.67	600.0	-0	280	101.5	10.9	-1.95	1.0	111115
52	"13:26:11"	164.0	-2.98	0.488	470	19.3	4.51	6	1	2.84	38.15	37.56	38.13	500.61	494.05	0.685	19.630	1.04	29.67	600.0	-0	281	101.5	10.9	-1.95	1.0	111115
53	"13:26:12"	165.5	-2.97	0.488	470	19.3	4.51	6	1	2.84	38.15	37.57	38.13	500.60	494.03	0.687	19.623	1.04	29.66	599.9	-0	284	101.5	10.9	-1.95	1.0	111115
54	"13:26:14"	166.5	-3.01	0.487	470	19.3	4.51	6	1	2.84	38.15	37.57	38.13	500.58	494.04	0.686	19.615	1.04	29.65	600.0	-0	285	101.5	10.9	-1.95	1.0	111115
55	"13:26:15"	168.0	-2.97	0.487	470	19.3	4.51	6	1	2.84	38.15	37.56	38.13	500.57	494.00	0.687	19.617	1.04	29.65	600.0	-0	287	101.5	10.9	-1.95	0.7	111115
56	"13:26:16"	169.0	-3	0.488	470	19.3	4.51	6	1	2.84	38.15	37.56	38.13	500.60	494.06	0.687	19.620	1.04	29.65	599.9	-0	289	101.5	10.9	-1.95	0.7	111115
57	"13:26:17"	170.5	-2.92	0.488	470	19.3	4.51	6	1	2.84	38.15	37.56	38.13	500.72	494.10	0.687	19.633	1.04	29.67	599.9	-0	292	101.5	10.9	-1.95	0.7	111115
58	"13:26:19"	171.5	-2.92	0.489	470	19.3	4.51	6	1	2.84	38.15	37.56	38.13	500.76	494.12	0.688	19.643	1.04	29.69	599.9	-0	294	101.5	10.9	-1.95	0.7	111115
59	"13:26:20"	173.0	-2.85	0.49	470	19.3	4.5	6	1	2.84	38.15	37.55	38.13	500.85	494.14	0.689	19.656	1.04	29.71	600.0	-0	297	101.5	10.9	-1.95	0.7	111115
60	"13:26:21"	174.0	-2.85	0.49	470	19.4	4.5	6	1	2.84	38.15	37.55	38.13	500.85	494.13	0.690	19.668	1.04	29.73	600.0	-0	299	101.5	10.9	-1.95	0.7	111115
61	"13:26:22"	175.5	-2.96	0.491	470	19.4	4.5	6	1	2.84	38.15	37.54	38.13	500.74	494.13	0.691	19.679	1.04	29.75	600.1	-0	302	101.5	10.9	-1.95	0.7	111115
62	"13:26:24"	176.5	-2.88	0.491	470	19.4	4.5	6	1	2.84	38.15	37.54	38.13	500.75	494.05	0.691	19.680	1.05	29.75	600.0	-0	304	101.5	10.9	-1.95	1.0	111115
63	"13:26:25"	178.0	-2.93	0.491	470	19.4	4.5	6	1	2.84	38.15	37.54	38.12	500.69	494.05	0.692	19.680	1.05	29.75	600.0	-0	307	101.5	10.9	-1.95	1.0	111115
64	"13:26:26"	179.0	-2.95	0.491	470	19.4	4.5	6	1	2.84	38.15	37.54	38.12	500.72	494.09	0.693	19.683	1.05	29.76	600.0	-0	309	101.5	10.9	-1.95	1.0	111115
65	"13:26:27"	180.5	-3.06	0.491	471	19.4	4.5	6	1	2.84	38.15	37.54	38.12	500.73	494.22	0.693	19.683	1.05	29.76	600.0	-0	313	101.5	10.9	-1.95	1.0	111115
66	"13:26:29"	181.5	-3.1	0.492	471	19.4	4.49	6	1	2.84	38.14	37.54	38.12	500.73	494.25	0.693	19.682	1.05	29.76	600.0	-0	316	101.5	10.9	-1.95	1.0	111115
67	"13:26:30"	183.0	-3.04	0.491	471	19.4	4.49	6	1	2.84	38.14	37.53	38.12	500.74	494.21	0.693	19.678	1.05	29.76	600.0	-0	322	101.5	10.9	-1.95	1.0	111115
68	"13:26:31"	184.0	-2.96	0.491	470	19.4	4.49	6	1	2.84	38.14	37.54	38.12	500.72	494.11	0.693	19.679	1.05	29.76	600.0	-0	327	101.5	10.9	-1.95	1.0	111115
69	"13:26:32"	185.5	-3.03	0.491	471	19.4	4.5	6	1	2.84	38.14	37.54	38.12	500.66	494.13	0.695	19.665	1.05	29.74	600.0	-0	338	101.5	10.9	-1.95	1.0	111115
70	"13:26:34"	186.5	-3	0.49	470	19.3	4.5	6	1	2.84	38.14	37.54	38.12	500.68	494.13	0.696	19.653	1.05	29.73	600.0	-0	346	101.5	10.9	-1.95	1.0	111115
71	"13:26:35"	188.0	-2.94	0.489	470	19.3	4.5	6	1	2.84	38.14	37.54	38.11	500.79	494.18	0.697	19.634	1.05	29.70	600.0	0	352	101.5	10.9	-1.95	1.0	111115
72	"13:26:36"	189.0	-2.78	0.489	470	19.3	4.5	6	1	2.84	38.14	37.53	38.11	500.88	494.12	0.697	19.625	1.05	29.69	600.0	-0	354	101.5	10.9	-1.95	1.0	111115
73	"13:26:37"	190.5	-2.7	0.488	469	19.3	4.5	6	1	2.84	38.14	37.53	38.11	500.88	494.05	0.698	19.607	1.06	29.66	600.0	-0	354	101.5	10.9	-1.95	1.0	111115
74	"13:26:39"	191.5	-2.89	0.488	470	19.3	4.5	6	1	2.84	38.14	37.53	38.11	500.77	494.13	0.698	19.597	1.06	29.65	600.0	-0	359	101.5	10.9	-1.95	1.0	111115
75	"13:26:40"	193.0	-2.93	0.487	470	19.3	4.5	6	1	2.84	38.14	37.53	38.11	500.74	494.15	0.699	19.577	1.06	29.62	600.0	-0	370	101.5	10.9	-1.95	1.0	111115
76	"13:26:41"	194.0	-2.99	0.486	470	19.2	4.51	6	1	2.84	38.14	37.54	38.11	500.73	494.21	0.700	19.569	1.06	29.61	600.0	-0	383	101.5	10.9	-1.95	1.0	111115
77	"13:26:42"	195.5	-2.89	0.486	470	19.2	4.51	6	1	2.84	38.14	37.54	38.11	500.78	494.17	0.701	19.551	1.06	29.58	600.0	-0	419	101.5	10.9	-1.95	1.0	111115
78	"13:26:44"	196.5	-2.82	0.485	470	19.2	4.51	6	1	2.84	38.14	37.54	38.11	500.81	494.14	0.701	19.540	1.06	29.56	600.0	-0	466	101.5	10.9	-1.95	1.0	111115
79	"13:26:45"	198.0	-2.84	0.485	470	19.2	4.51	6	1	2.84	38.13	37.54	38.11	500.82	494.18	0.702	19.528	1.06	29.55	600.0	-0	566	101.5	10.9	-1.95	1.0	111115
80	"13:26:46"	199.0	-2.76	0.484	470	19.2	4.51	6	1	2.84	38.13	37.54	38.11	500.92	494.19	0.702	19.523	1.06	29.54	600.0	-0	660	101.5	10.9	-1.95	1.0	111115
81	"13:26:47"	200.5	-2.64	0.484	469	19.2	4.51	6	1	2.84	38.13	37.54	38.11	501.00	494.16	0.703	19.518	1.06	29.53	600.0	-0	787	101.5	10.9	-1.95	1.0	111115
82	"13:26:49"	201.5	-2.56	0.484	469	19.2	4.51	6	1	2.84	38.14	37.54	38.11	501.05	494.12	0.703	19.523	1.06	29.54	600.0	-0	872	101.5	10.9	-1.95	1.0	111115
83	"13:26:50"	203.0	-2.72	0.485	469	19.2	4.51	6	1	2.84	38.14	37.54	38.11	500.94	494.17	0.704	19.542	1.06	29.57	600.0	-0	925	101.5	10.9	-1.95	1.0	111115
84	"13:26:51"	204.0	-2.73	0.486	469	19.2	4.51	6	1	2.84	38.14	37.54	38.11	500.95	494.17	0.704	19.564	1.07	29.60	600.0	-0	924	101.5	10.9	-1.95	1.0	111115
85	"13:26:52"	205.5	-2.77	0.487	470	19.3	4.51	6	1	2.84	38.14	37.54	38.11	500.94	494.18	0.705	19.602	1.07	29.65	600.0	-0	837	101.5	10.9	-1.95	1.0	111115
86	"13:26:54"	206.5	-2.68	0.488	469	19.3	4.5	6	1	2.84	38.14	37.54	38.11	501.02	494.16	0.706	19.629	1.07	29.69	600.0	-0	813	101.5	10.9	-1.95	1.0	111115
87	"13:26:55"	208.0	-2.72	0.49	469	19.4	4.5	6	1	2.84	38.14	37.55	38.11	501.01	494.16	0.706	19.681	1.07	29.77	600.0	-0	846	101.5	10.9	-1.95	1.0	111115
88	"13:26:56"	209.0	-2.72	0.492	469	19.4	4.5	6	1	2.84	38.14	37.55	38.11	501.00	494.14	0.707	19.713	1.07	29.82	600.0	-0	925	101.5	10.9	-1.95	1.0	111115
89	"13:26:57"	210.5	-2.67	0.494	469	19.4	4.49	6	1	2.84	38.14	37.55	38.12	501.04	494.11	0.709	19.764	1.07	29.89	600.0	-0	1014	101.5	10.9	-1.95	1.0	111115
90	"13:26:59"	211.5	-2.76	0.495	470	19.5	4.49	6	1	2.84	38.14	37.55	38.12	501.01	494.15	0.710	19.800	1.07	29.95	600.0	-0	1036	101.5	10.9	-1.95	1.0	111115
91	"13:27:00"	213.0	-2.82	0.498	470	19.5	4.48	6	1	2.84	38.14	37.56	38.12	500.99	494.16	0.711	19.860	1.08	30.04	600.0	-0	1040	101.5	10.9	-1.95	0.7	111115
92	"13:27:01"	214.0	-2.91	0.499	470	19.6	4.48	6	1	2.84	38.14	37.56	38.12	500.93	494.16	0.711	19.905	1.08	30.10	600.0	-0	1036	101.5	10.9	-1.95	0.7	111115
93	"13:27:02"	215.5	-2.86	0.502	470	19.7	4.48	6	1	2.84	38.14	37.57	38.12	500.93	494.09	0.712	19.974	1.08	30.20	599.9	-0	1032	101.5	10.9	-1.95	0.7	111115
94	"13:27:04"	216.5	-2.82	0.504	470	19.7	4.47	6	1	2.84	38.15	37.57	38.12	500.97	494.06	0.713	20.018	1.08	30.27	599.9	-0	1015	101.5	10.9	-1.95	0.7	111115
95	"13:27:05"	218.0	-2.75	0.507	469	19.8	4.47	6	1	2.84	38.15	37.57	38.12	501.04	494.02	0.715	20.095	1.08	30.38	600.0	-0	996	101.5	10.9	-1.95	0.7	111115
96	"13:27:06"	219.0	-2.83	0.51	470	19.8	4.46	6	1	2.84	38.15	37.57	38.12	501.03	494.06	0.716	20.147	1.08	30.46	600.0	-0	986	101.5	10.9	-1.95	0.7	111115
97	"13:27:07"	220.5	-2.77	0.513	469	19.9	4.45	6	1	2.84	38.15	37.58	38.12	501.07	494.01	0.718	20.217	1.09	30.56	600.0	-0	998	101.5	10.9	-1.95	0.7	111115
98	"13:27:09"	221.5	-2.79	0.514	470	19.9	4.45	6	1	2.84	38.15	37.58	38.12	501.07	494.01	0.719	20.260	1.09	30.63	600.0	-0	1010	101.5	10.9	-1.95	0.7	111115
99	"13:27:10"	223.0	-2.68	0.517	469	20	4.44	6	1	2.84	38.15	37.58	38.12	501.18	493.98	0.719	20.328	1.09	30.72	600.0	-0	1026	101.5	10.9	-1.95	0.7	111115
100	"13:27:11"	224.0	-2.7	0.519	469	20.1	4.44	6	1	2.84	38.16	37.58	38.13	501.23	494.02	0.720	20.374	1.09	30.79	599.9	-0	1033	101.5	10.9	-1.95	0.7	111115
101	"13:27:12"	224.5	-2.67	0.52	469	20.1	4.44	6	1	2.84	38.16	37.58	38.13	501.27	494.02	0.721	20.395	1.09	30.82	599.9	-0	1036	101.5	10.9	-1.95	0.7	111115
102	"13:27:13"	226.5	-2.82	0.523	470	20.2	4.43	6	1	2.84	38.16	37.59	38.13	501.22	494.07	0.722	20.475	1.09	30.94	599.9	-0	1016	101.5	10.9	-1.95	0.7	111115
103	"13:27:15"	228.0	-2.97	0.525	470	20.2	4.43	6	1	2.84	38.16	37.59	38.13	501.11	494.10	0.723	20.518	1.09	31.00	600.0	-0	967	101.5	10.9	-1.95	0.7	111115
104	"13:27:16"	229.0	-2.95	0.526	470	20.2	4.43	6	1	2.84	38.16	37.60	38.13	501.10	494.06	0.724	20.536	1.09	31.02	600.0	-0	942	101.5	10.9	-1.95	0.7	111115
105	"13:27:17"	230.5	-2.84	0.527	470	20.3	4.43	6	1	2.84	38.17	37.60	38.14	501.16	493.99	0.727	20.562	1.10	31.06	600.0	-0	924	101.5	10.9	-1.95	0.7	111115
106	"13:27:19"	231.5	-2.83	0.527	470	20.3	4.43	6	1	2.84	38.17	37.60	38.14	501.16	493.97	0.728	20.578	1.10	31.08	600.0	-0	929	101.5	10.9	-1.95	0.7	111115
107	"13:27:20"	233.0	-2.75	0.528	469	20.3	4.43	6	1	2.84	38.17	37.61	38.14	501.30	494.02	0.730	20.610	1.10	31.12	599.9	-0	922	101.5	10.9	-1.95	0.7	111115
108	"13:27:21"	234.0	-2.65	0.529	469	20.3	4.42	6	1	2.84	38.17	37.61	38.14	501.35	493.96	0.731	20.635	1.10	31.16	599.9	-0	926	101.5	10.9	-1.95	0.7	111115
109	"13:27:22"	235.5	-2.69	0.531	469	20.4	4.42	6	1	2.84	38.17	37.61	38.14	501.34	493.97	0.732	20.671	1.11	31.21	600.0	-0	958	101.5	10.9	-1.95	0.7	111115
110	"13:27:24"	236.5	-2.82	0.532	470	20.4	4.42	6	1	2.84	38.18	37.62	38.15	501.24	493.99	0.733	20.690	1.11	31.23	600.0	-0	990	101.5	10.9	-1.95	0.7	111115
111	"13:27:25"	238.0	-2.89	0.532	470	20.4	4.42	6	1	2.84	38.18	37.62	38.15	501.19	494.01	0.735	20.711	1.11	31.26	600.0	-0	1033	101.5	10.9	-1.95	0.7	111115
112	"13:27:26"	239.0	-2.84	0.532	470	20.4	4.42	6	1	2.84	38.18	37.62	38.15	501.25	494.01	0.735	20.719	1.11	31.27	600.0	-0	1046	101.5	10.9	-1.95	0.7	111115
113	"13:27:27"	239.5	-2.77	0.532	469	20.4	4.42	6	1	2.84	38.18	37.63	38.15	501.29	493.99	0.736	20.719	1.11	31.27	599.9	-0	1047	101.5	10.9	-1.95	0.7	111115
114	"13:27:28"	241.5	-2.56	0.533	469	20.4	4.42	6	1	2.84	38.18	37.63	38.15	501.51	493.98	0.737	20.735	1.11	31.29	600.0	-0	1040	101.5	10.9	-1.95	0.7	111115
115	"13:27:30"	242.5	-2.58	0.534	469	20.4	4.42	6	1	2.84	38.19	37.63	38.15	501.53	494.01	0.738	20.754	1.11	31.31	600.1	-0	1036	101.5	10.9	-1.95	0.7	111115
116	"13:27:31"	244.0	-2.75	0.536	469	20.5	4.42	6	1	2.84	38.19	37.63	38.16	501.40	494.03	0.741	20.793	1.12	31.37	600.1	-0	1032	101.5	10.9	-1.95	0.7	111115
117	"13:27:32"	244.5	-2.89	0.536	470	20.5	4.41	6	1	2.84	38.19	37.63	38.16	501.30	494.07	0.742	20.809	1.12	31.39	600.1	-0	1031	101.5	10.9	-1.95	0.7	111115
118	"13:27:33"	246.5	-3.09	0.539	471	20.6	4.41	6	1	2.84	38.19	37.63	38.16	501.14	494.07	0.744	20.872	1.12	31.48	600.0	-0	1028	101.5	10.9	-1.95	0.7	111115
119	"13:27:35"	247.5	-3	0.54	470	20.6	4.41	6	1	2.84	38.20	37.64	38.16	501.20	494.03	0.744	20.904	1.12	31.52	599.9	-0	1026	101.5	10.9	-1.95	0.7	111115
120	"13:27:36"	249.0	-2.89	0.542	470	20.6	4.4	6	1	2.84	38.20	37.64	38.16	501.30	494.00	0.744	20.950	1.12	31.59	599.8	-0	1025	101.5	10.9	-1.95	0.7	111115
121	"13:27:37"	250.0	-2.9	0.544	470	20.7	4.4	6	1	2.84	38.20	37.64	38.16	501.29	493.98	0.746	20.982	1.12	31.64	599.8	-0	1023	101.5	10.9	-1.95	0.7	111115
122	"13:27:38"	251.5	-2.93	0.545	470	20.7	4.4	6	1	2.84	38.20	37.64	38.16	501.27	493.97	0.748	21.024	1.13	31.70	599.9	-0	1020	101.5	10.9	-1.95	0.7	111115
123	"13:27:39"	252.0	-2.86	0.546	470	20.7	4.4	6	1	2.84	38.20	37.64	38.16	501.32	493.95	0.748	21.035	1.13	31.71	599.9	-0	1019	101.5	10.9	-1.95	0.7	111115
124	"13:27:40"	253.0	-2.84	0.547	470	20.7	4.39	6	1	2.84	38.20	37.64	38.16	501.37	493.95	0.750	21.061	1.13	31.75	600.0	-0	1017	101.5	10.9	-1.95	0.7	111115
125	"13:27:42"	255.0	-2.74	0.549	469	20.8	4.39	6	1	2.84	38.20	37.64	38.17	501.48	493.95	0.752	21.099	1.13	31.80	600.1	-0	1010	101.5	10.9	-1.95	0.7	111115
126	"13:27:43"	256.0	-2.78	0.549	469	20.8	4.39	6	1	2.84	38.21	37.65	38.17	501.49	494.00	0.753	21.113	1.14	31.82	600.1	-0	1008	101.5	10.9	-1.95	0.7	111115
127	"13:27:44"	257.5	-2.81	0.55	469	20.8	4.39	6	1	2.84	38.21	37.65	38.17	501.43	493.96	0.754	21.131	1.14	31.84	600.0	-0	1005	101.5	10.9	-1.95	0.7	111115
128	"13:27:46"	258.5	-2.82	0.55	470	20.8	4.39	6	1	2.84	38.21	37.66	38.17	501.46	494.00	0.754	21.138	1.14	31.85	600.0	-0	1004	101.5	10.9	-1.95	0.7	111115
129	"13:27:47"	260.0	-2.82	0.55	470	20.8	4.39	6	1	2.84	38.21	37.66	38.17	501.46	493.99	0.756	21.149	1.14	31.86	600.0	-0	1003	101.5	10.9	-1.95	0.7	111115
130	"13:27:48"	261.0	-2.8	0.55	469	20.8	4.39	6	1	2.84	38.22	37.67	38.17	501.52	494.02	0.757	21.155	1.14	31.87	600.0	-0	991	101.5	10.9	-1.95	0.7	111115
131	"13:27:49"	262.5	-2.69	0.55	469	20.9	4.39	6	1	2.84	38.22	37.67	38.18	501.62	494.00	0.760	21.170	1.14	31.88	600.0	-0	893	101.5	10.9	-1.95	0.7	111115
132	"13:27:51"	263.5	-2.55	0.551	469	20.9	4.39	6	1	2.84	38.22	37.67	38.18	501.70	493.95	0.761	21.176	1.15	31.89	600.0	-0	790	101.5	10.9	-1.95	0.7	111115
133	"13:27:52"	265.0	-2.54	0.55	468	20.9	4.39	6	1	2.84	38.22	37.68	38.18	501.67	493.91	0.763	21.181	1.15	31.90	600.0	-0	649	101.5	10.9	-1.95	0.7	111115
134	"13:27:53"	266.0	-2.67	0.55	469	20.9	4.4	6	1	2.84	38.23	37.68	38.18	501.61	493.98	0.764	21.176	1.15	31.88	600.0	-0	580	101.5	10.9	-1.95	1.0	111115
135	"13:27:54"	267.5	-2.79	0.549	469	20.8	4.4	6	1	2.84	38.23	37.69	38.19	501.53	494.04	0.765	21.152	1.15	31.84	600.0	-0	506	101.5	10.9	-1.95	1.0	111115
136	"13:27:56"	268.5	-2.83	0.547	470	20.8	4.4	6	1	2.84	38.23	37.69	38.19	501.55	494.10	0.766	21.129	1.15	31.80	600.0	-0	456	101.5	10.9	-1.95	1.0	111115
137	"13:27:57"	270.0	-2.81	0.545	470	20.7	4.41	6	1	2.84	38.23	37.69	38.19	501.59	494.15	0.767	21.076	1.15	31.72	600.0	-0	405	101.5	10.9	-1.95	1.0	111115
138	"13:27:58"	271.0	-2.83	0.542	470	20.7	4.41	6	1	2.84	38.24	37.70	38.19	501.57	494.16	0.768	21.032	1.16	31.65	600.0	-0	397	101.5	10.9	-1.95	1.0	111115
139	"13:27:59"	272.5	-2.88	0.538	470	20.6	4.42	6	1	2.84	38.24	37.70	38.20	501.53	494.22	0.769	20.952	1.16	31.52	600.0	-0	390	101.5	10.9	-1.95	1.0	111115
140	"13:28:01"	273.5	-2.94	0.535	470	20.5	4.43	6	1	2.84	38.24	37.70	38.20	501.45	494.23	0.770	20.891	1.16	31.42	599.9	-0	384	101.5	10.9	-1.95	1.0	111115
141	"13:28:02"	275.0	-2.92	0.53	470	20.4	4.44	6	1	2.84	38.24	37.71	38.20	501.42	494.24	0.772	20.785	1.16	31.26	599.9	-0	376	101.5	10.9	-1.95	1.0	111115
142	"13:28:03"	276.0	-3.15	0.527	471	20.4	4.45	6	1	2.84	38.25	37.71	38.21	501.17	494.26	0.773	20.710	1.16	31.15	599.9	-0	370	101.5	10.9	-1.95	0.3	111115
143	"13:28:04"	277.5	-3.58	0.522	472	20.2	4.46	6	1	2.84	38.25	37.71	38.21	500.70	494.27	0.774	20.604	1.16	30.98	599.9	-0	361	101.5	10.9	-1.95	0.3	111115
144	"13:28:05"	278.0	-3.83	0.52	473	20.2	4.47	6	1	2.84	38.25	37.71	38.21	500.49	494.33	0.774	20.574	1.16	30.94	600.0	-0	358	101.5	10.9	-1.95	0.3	111115
145	"13:28:06"	279.0	-4.2	0.517	474	20.1	4.47	6	1	2.84	38.25	37.71	38.21	500.13	494.37	0.774	20.506	1.16	30.83	600.0	-0	353	101.5	10.9	-1.95	0.3	111115
146	"13:28:08"	280.0	-4.25	0.514	475	20.1	4.48	6	1	2.84	38.25	37.71	38.21	500.04	494.37	0.775	20.446	1.17	30.74	600.0	-0	349	101.5	10.9	-1.95	0.3	111115
147	"13:28:09"	282.0	-4.03	0.509	474	20	4.49	6	1	2.84	38.26	37.71	38.22	500.16	494.32	0.777	20.328	1.17	30.55	600.0	-0	343	101.5	10.9	-1.95	0.3	111115
148	"13:28:10"	283.0	-3.88	0.507	473	19.9	4.5	6	1	2.84	38.26	37.71	38.22	500.21	494.25	0.777	20.275	1.17	30.47	600.0	-0	340	101.5	10.9	-1.95	0.3	111115
149	"13:28:11"	284.5	-3.96	0.504	474	19.8	4.5	6	1	2.84	38.26	37.71	38.22	500.09	494.25	0.778	20.201	1.17	30.36	600.0	-0	338	101.5	10.9	-1.95	0.3	111115
150	"13:28:13"	285.5	-4.03	0.502	474	19.8	4.51	6	1	2.84	38.26	37.71	38.22	499.99	494.25	0.779	20.154	1.17	30.29	599.9	-0	337	101.5	10.9	-1.95	0.7	111115
151	"13:28:14"	287.0	-4.14	0.499	474	19.7	4.51	6	1	2.84	38.26	37.70	38.22	499.82	494.22	0.781	20.091	1.17	30.19	599.9	-0	335	101.5	10.9	-1.95	0.7	111115
152	"13:28:15"	288.0	-4.16	0.497	474	19.7	4.52	6	1	2.84	38.26	37.70	38.22	499.70	494.15	0.781	20.045	1.17	30.12	599.9	-0	334	101.5	10.9	-1.95	0.7	111115
153	"13:28:16"	289.5	-4.2	0.494	474	19.6	4.52	6	1	2.84	38.26	37.70	38.22	499.54	494.06	0.783	19.991	1.18	30.04	599.9	-0	333	101.5	10.9	-1.95	0.7	111115
154	"13:28:18"	290.5	-4.17	0.493	474	19.6	4.53	6	1	2.84	38.26	37.70	38.22	499.55	494.06	0.784	19.950	1.18	29.98	599.9	-0	332	101.5	10.9	-1.95	0.7	111115
155	"13:28:19"	292.0	-3.95	0.49	473	19.5	4.53	6	1	2.84	38.26	37.70	38.22	499.68	494.00	0.785	19.895	1.18	29.89	599.9	-0	331	101.5	10.9	-1.95	0.7	111115
156	"13:28:20"	293.0	-3.83	0.488	473	19.4	4.54	6	1	2.84	38.26	37.70	38.22	499.74	493.96	0.786	19.851	1.18	29.83	599.9	-0	331	101.5	10.9	-1.95	0.7	111115
157	"13:28:21"	294.5	-3.82	0.486	473	19.4	4.54	6	1	2.84	38.26	37.70	38.23	499.72	493.96	0.786	19.791	1.18	29.73	600.0	-0	330	101.5	10.9	-1.95	0.3	111115
158	"13:28:23"	295.5	-3.78	0.484	473	19.3	4.55	6	1	2.84	38.27	37.70	38.23	499.70	493.92	0.787	19.749	1.18	29.67	600.0	-0	329	101.5	10.9	-1.95	0.3	111115
159	"13:28:24"	297.0	-3.62	0.481	472	19.3	4.55	6	1	2.84	38.27	37.70	38.23	499.70	493.80	0.787	19.688	1.18	29.58	600.0	-0	328	101.5	10.9	-1.95	0.3	111115
160	"13:28:25"	298.0	-3.38	0.479	471	19.2	4.56	6	1	2.84	38.27	37.70	38.23	499.83	493.71	0.788	19.648	1.18	29.51	600.0	-0	327	101.5	10.9	-1.95	0.3	111115
161	"13:28:26"	299.5	-3.24	0.477	471	19.2	4.57	6	1	2.84	38.27	37.71	38.23	499.87	493.65	0.789	19.583	1.18	29.42	600.0	-0	326	101.5	10.9	-1.95	0.3	111115
162	"13:28:28"	300.5	-3.22	0.475	471	19.1	4.57	6	1	2.84	38.27	37.71	38.23	499.87	493.65	0.790	19.543	1.19	29.35	600.0	0	325	101.5	10.9	-1.95	0.3	111115
163	"13:28:29"	302.0	-3.09	0.472	470	19.1	4.58	6	1	2.84	38.27	37.71	38.23	499.87	493.55	0.791	19.486	1.19	29.27	600.0	0	324	101.5	10.9	-1.95	0.3	111115
164	"13:28:30"	303.0	-3	0.471	470	19	4.58	6	1	2.84	38.27	37.71	38.23	499.89	493.50	0.792	19.451	1.19	29.21	600.0	0	324	101.5	10.9	-1.95	0.3	111115
165	"13:28:31"	304.5	-2.95	0.469	469	19	4.59	6	1	2.84	38.27	37.71	38.23	499.87	493.45	0.792	19.401	1.19	29.13	600.0	-0	322	101.5	10.9	-1.95	0.3	111115
166	"13:28:33"	305.5	-2.95	0.467	469	18.9	4.59	6	1	2.84	38.27	37.71	38.24	499.86	493.47	0.793	19.368	1.19	29.08	600.0	-0	321	101.5	10.9	-1.95	0.3	111115
167	"13:28:34"	307.0	-2.96	0.466	469	18.9	4.59	6	1	2.84	38.27	37.71	38.24	499.83	493.47	0.794	19.327	1.19	29.02	600.0	-0	320	101.5	10.9	-1.95	0.3	111115
168	"13:28:35"	308.0	-2.95	0.464	469	18.9	4.6	6	1	2.84	38.27	37.71	38.24	499.82	493.46	0.795	19.300	1.19	28.98	600.0	-0	319	101.5	10.9	-1.95	0.3	111115
169	"13:28:36"	309.5	-2.82	0.463	469	18.8	4.6	6	1	2.84	38.28	37.71	38.24	499.81	493.34	0.796	19.260	1.20	28.92	600.0	-0	318	101.5	10.9	-1.95	0.3	111115
170	"13:28:38"	310.5	-2.76	0.462	469	18.8	4.6	6	1	2.84	38.28	37.71	38.24	499.80	493.29	0.797	19.236	1.20	28.88	600.0	-0	317	101.5	10.9	-1.95	0.3	111115
171	"13:28:39"	312.0	-2.89	0.46	469	18.8	4.61	6	1	2.84	38.28	37.71	38.24	499.72	493.35	0.798	19.201	1.20	28.83	600.0	-0	316	101.5	10.9	-1.95	0.3	111115
172	"13:28:40"	313.0	-2.9	0.459	469	18.7	4.61	6	1	2.84	38.28	37.72	38.24	499.76	493.41	0.799	19.181	1.20	28.79	600.0	-0	315	101.5	10.9	-1.95	0.3	111115
173	"13:28:41"	314.5	-3.03	0.457	470	18.7	4.61	6	1	2.84	38.28	37.72	38.25	499.70	493.50	0.799	19.143	1.20	28.73	600.0	-0	314	101.5	10.9	-1.95	0.3	111115
174	"13:28:43"	315.5	-2.91	0.456	469	18.7	4.62	6	1	2.84	38.28	37.72	38.25	499.75	493.45	0.799	19.114	1.20	28.69	600.0	-0	313	101.5	10.9	-1.95	0.3	111115
175	"13:28:44"	317.0	-2.87	0.454	469	18.6	4.62	6	1	2.84	38.28	37.72	38.25	499.72	493.40	0.800	19.067	1.20	28.62	600.0	-0	312	101.5	10.9	-1.95	0.7	111115
176	"13:28:45"	318.0	-2.82	0.453	469	18.6	4.63	6	1	2.84	38.28	37.72	38.25	499.73	493.39	0.801	19.035	1.20	28.57	600.0	-0	311	101.5	10.9	-1.95	0.7	111115
177	"13:28:46"	319.5	-2.62	0.451	468	18.6	4.63	6	1	2.84	38.29	37.73	38.25	499.81	493.28	0.803	19.002	1.20	28.51	600.0	-0	310	101.5	10.9	-1.95	0.7	111115
178	"13:28:47"	320.0	-2.59	0.451	468	18.5	4.63	6	1	2.84	38.29	37.73	38.25	499.83	493.27	0.803	18.991	1.20	28.50	600.0	0	310	101.5	10.9	-1.95	0.7	111115
179	"13:28:49"	321.5	-2.52	0.45	467	18.5	4.64	6	1	2.84	38.29	37.73	38.25	499.86	493.25	0.805	18.965	1.21	28.46	600.0	-0	309	101.5	10.9	-1.95	0.7	111115
180	"13:28:50"	323.0	-2.47	0.449	467	18.5	4.64	6	1	2.84	38.29	37.73	38.26	499.94	493.29	0.806	18.939	1.21	28.41	600.0	-0	309	101.5	10.9	-1.95	0.7	111115
181	"13:28:51"	324.0	-2.38	0.448	467	18.5	4.64	6	1	2.84	38.29	37.73	38.26	500.04	493.31	0.807	18.921	1.21	28.38	600.0	-0	309	101.5	10.9	-1.95	0.7	111115
182	"13:28:52"	324.5	-2.31	0.447	467	18.5	4.64	6	1	2.84	38.29	37.73	38.26	500.09	493.30	0.808	18.911	1.21	28.37	600.0	-0	309	101.5	10.9	-1.95	0.7	111115
183	"13:28:53"	326.5	-2.29	0.446	467	18.4	4.65	6	1	2.84	38.30	37.73	38.26	500.12	493.32	0.809	18.880	1.21	28.32	600.1	-0	308	101.5	10.9	-1.95	0.7	111115
184	"13:28:55"	327.5	-2.48	0.446	467	18.4	4.65	6	1	2.84	38.30	37.73	38.26	499.97	493.38	0.809	18.865	1.21	28.29	600.1	-0	308	101.5	10.9	-1.95	0.7	111115
185	"13:28:56"	329.0	-2.64	0.445	468	18.4	4.65	6	1	2.84	38.30	37.73	38.26	499.86	493.43	0.810	18.843	1.21	28.26	600.0	-0	308	101.5	10.9	-1.95	0.7	111115
186	"13:28:57"	330.0	-2.59	0.444	468	18.4	4.65	6	1	2.84	38.30	37.72	38.26	499.84	493.38	0.810	18.828	1.21	28.24	600.0	-0	307	101.5	10.9	-1.95	0.7	111115
187	"13:28:58"	331.5	-2.56	0.443	468	18.3	4.65	6	1	2.84	38.30	37.73	38.26	499.84	493.36	0.811	18.804	1.22	28.20	600.0	-0	306	101.5	10.9	-1.95	0.7	111115
188	"13:29:00"	332.5	-2.61	0.442	468	18.3	4.65	6	1	2.84	38.30	37.73	38.27	499.83	493.40	0.813	18.791	1.22	28.18	600.0	-0	306	101.5	10.9	-1.95	0.7	111115
189	"13:29:01"	334.0	-2.68	0.442	468	18.3	4.65	6	1	2.84	38.30	37.73	38.27	499.82	493.47	0.814	18.773	1.22	28.15	600.0	-0	305	101.5	10.9	-1.95	0.7	111115
190	"13:29:02"	335.0	-2.63	0.441	468	18.3	4.66	6	1	2.84	38.30	37.73	38.27	499.87	493.47	0.815	18.764	1.22	28.14	600.0	-0	305	101.5	10.9	-1.95	0.7	111115
191	"13:29:03"	336.5	-2.5	0.441	468	18.3	4.66	6	1	2.84	38.30	37.72	38.27	499.91	493.39	0.815	18.747	1.22	28.11	600.0	-0	304	101.5	10.9	-1.95	1.0	111115
192	"13:29:05"	337.5	-2.46	0.44	467	18.3	4.66	6	1	2.84	38.30	37.72	38.27	499.91	493.36	0.816	18.733	1.22	28.09	600.0	-0	304	101.5	10.9	-1.95	1.0	111115
193	"13:29:06"	339.0	-2.42	0.44	467	18.2	4.66	6	1	2.84	38.30	37.72	38.27	499.92	493.34	0.818	18.722	1.23	28.07	600.0	-0	304	101.5	10.9	-1.95	1.0	111115
194	"13:29:07"	340.0	-2.45	0.44	467	18.2	4.66	6	1	2.84	38.30	37.72	38.27	499.91	493.36	0.818	18.710	1.23	28.05	600.0	-0	304	101.5	10.9	-1.95	1.0	111115
195	"13:29:08"	341.5	-2.62	0.439	468	18.2	4.66	6	1	2.84	38.30	37.72	38.27	499.81	493.44	0.820	18.701	1.23	28.04	600.0	-0	304	101.5	10.9	-1.95	1.0	111115
196	"13:29:10"	342.5	-2.57	0.439	468	18.2	4.66	6	1	2.84	38.30	37.72	38.27	499.84	493.43	0.820	18.692	1.23	28.03	600.0	-0	304	101.5	10.9	-1.95	1.0	111115
197	"13:29:11"	344.0	-2.53	0.438	468	18.2	4.66	6	1	2.84	38.30	37.72	38.27	499.89	493.45	0.822	18.679	1.23	28.01	600.1	0	304	101.5	10.9	-1.95	1.0	111115
198	"13:29:12"	345.0	-2.42	0.438	467	18.2	4.66	6	1	2.84	38.30	37.72	38.27	499.92	493.36	0.823	18.670	1.23	28.00	600.0	-0	304	101.5	10.9	-1.95	1.0	111115
199	"13:29:13"	346.5	-2.47	0.438	467	18.2	4.66	6	1	2.84	38.30	37.71	38.27	499.87	493.38	0.824	18.660	1.24	27.98	600.0	-0	304	101.5	10.9	-1.95	1.0	111115
200	"13:29:15"	347.5	-2.51	0.437	468	18.2	4.66	6	1	2.84	38.30	37.71	38.27	499.80	493.35	0.825	18.653	1.24	27.97	600.0	-0	304	101.5	10.9	-1.95	1.0	111115
201	"13:29:16"	349.0	-2.51	0.437	468	18.1	4.66	6	1	2.84	38.30	37.71	38.26	499.81	493.37	0.826	18.637	1.24	27.95	600.0	-0	304	101.5	10.9	-1.95	1.0	111115
202	"13:29:17"	350.0	-2.45	0.436	467	18.1	4.66	6	1	2.84	38.30	37.71	38.26	499.84	493.35	0.827	18.623	1.24	27.93	600.0	-0	304	101.5	10.9	-1.95	1.0	111115
203	"13:29:18"	351.5	-2.46	0.435	467	18.1	4.67	6	1	2.84	38.30	37.71	38.26	499.88	493.41	0.828	18.602	1.24	27.90	600.0	-0	304	101.5	10.9	-1.95	1.0	111115
204	"13:29:20"	352.5	-2.49	0.435	468	18.1	4.67	6	1	2.84	38.30	37.71	38.26	499.87	493.43	0.829	18.591	1.24	27.88	600.0	-0	304	101.5	10.9	-1.95	1.0	111115
205	"13:29:21"	354.0	-2.62	0.434	468	18.1	4.67	6	1	2.84	38.30	37.71	38.26	499.81	493.50	0.831	18.578	1.25	27.87	600.0	-0	304	101.5	10.9	-1.95	1.0	111115
206	"13:29:22"	355.0	-2.65	0.434	468	18.1	4.67	6	1	2.84	38.30	37.71	38.26	499.74	493.47	0.832	18.568	1.25	27.85	600.0	-0	304	101.5	10.9	-1.95	1.0	111115
207	"13:29:23"	356.5	-2.7	0.433	468	18.1	4.67	6	1	2.84	38.29	37.71	38.26	499.68	493.47	0.832	18.550	1.25	27.82	599.9	-0	303	101.5	10.9	-1.95	1.0	111115
208	"13:29:25"	357.5	-2.53	0.433	468	18	4.67	6	1	2.84	38.29	37.71	38.26	499.75	493.38	0.832	18.540	1.25	27.81	599.9	-0	303	101.5	10.9	-1.95	1.0	111115
209	"13:29:26"	359.0	-2.54	0.432	468	18	4.67	6	1	2.84	38.29	37.71	38.26	499.75	493.39	0.833	18.522	1.25	27.78	599.9	-0	303	101.5	10.9	-1.95	1.0	111115
210	"13:29:27"	360.0	-2.42	0.432	467	18	4.67	6	1	2.84	38.29	37.70	38.26	499.79	493.33	0.834	18.508	1.25	27.76	599.9	-0	303	101.5	10.9	-1.95	1.0	111115
211	"13:29:28"	361.5	-2.37	0.431	467	18	4.68	6	1	2.84	38.29	37.70	38.26	499.87	493.37	0.836	18.488	1.25	27.73	600.0	-0	303	101.5	10.9	-1.95	1.0	111115
212	"13:29:30"	362.5	-2.23	0.43	466	18	4.68	6	1	2.84	38.29	37.70	38.26	499.98	493.34	0.837	18.478	1.26	27.72	600.0	-0	303	101.5	10.9	-1.95	1.0	111115
213	"13:29:31"	364.0	-2.22	0.43	466	17.9	4.68	6	1	2.84	38.29	37.70	38.26	499.98	493.35	0.838	18.457	1.26	27.69	599.9	-0	303	101.5	10.9	-1.95	1.0	111115
214	"13:29:32"	365.0	-2.24	0.429	466	17.9	4.68	6	1	2.84	38.29	37.70	38.26	499.92	493.31	0.838	18.447	1.26	27.67	599.9	-0	303	101.5	10.9	-1.95	1.0	111115
215	"13:29:33"	366.5	-2.39	0.428	467	17.9	4.68	6	1	2.84	38.29	37.70	38.26	499.80	493.35	0.840	18.426	1.26	27.64	600.0	-0	303	101.5	10.9	-1.95	1.0	111115
216	"13:29:35"	367.5	-2.41	0.428	467	17.9	4.68	6	1	2.84	38.29	37.70	38.26	499.80	493.38	0.841	18.416	1.26	27.63	600.0	-0	304	101.5	10.9	-1.95	1.0	111115
217	"13:29:36"	369.0	-2.48	0.427	468	17.9	4.68	6	1	2.84	38.29	37.71	38.26	499.80	493.46	0.843	18.401	1.26	27.60	600.0	-0	306	101.5	10.9	-1.95	1.0	111115
218	"13:29:37"	370.0	-2.39	0.427	467	17.9	4.69	6	1	2.84	38.29	37.71	38.26	499.84	493.41	0.843	18.390	1.26	27.59	600.0	-0	308	101.5	10.9	-1.95	1.0	111115
219	"13:29:38"	371.5	-2.31	0.426	467	17.9	4.69	6	1	2.84	38.29	37.71	38.26	499.91	493.41	0.844	18.383	1.27	27.58	600.0	-0	318	101.5	10.9	-1.95	1.0	111115
220	"13:29:40"	372.5	-2.25	0.426	467	17.9	4.69	6	1	2.84	38.29	37.71	38.26	499.94	493.38	0.844	18.371	1.27	27.56	600.0	-0	334	101.5	10.9	-1.95	1.0	111115
221	"13:29:41"	374.0	-2.25	0.425	467	17.8	4.69	6	1	2.84	38.29	37.71	38.26	499.98	493.43	0.846	18.358	1.27	27.54	600.0	-0	371	101.5	10.9	-1.95	1.0	111115
222	"13:29:42"	375.0	-2.25	0.425	467	17.8	4.69	6	1	2.84	38.29	37.71	38.26	499.98	493.43	0.847	18.347	1.27	27.52	600.0	-0	402	101.5	10.9	-1.95	1.0	111115
223	"13:29:43"	376.5	-2.26	0.425	467	17.8	4.69	6	1	2.84	38.29	37.70	38.26	499.94	493.41	0.848	18.345	1.27	27.52	600.0	-0	445	101.5	10.9	-1.95	1.0	111115
224	"13:29:45"	377.5	-2.22	0.425	467	17.8	4.69	6	1	2.84	38.29	37.70	38.26	499.99	493.41	0.849	18.348	1.27	27.52	600.0	-0	474	101.5	10.9	-1.95	1.0	111115
225	"13:29:46"	379.0	-2.11	0.425	466	17.8	4.69	6	1	2.84	38.29	37.70	38.26	500.08	493.39	0.849	18.352	1.27	27.53	600.0	-0	505	101.5	10.9	-1.95	1.0	111115
226	"13:29:47"	380.0	-2.05	0.426	466	17.8	4.69	6	1	2.84	38.29	37.70	38.26	500.14	493.39	0.850	18.357	1.28	27.54	599.9	-0	504	101.5	10.9	-1.95	1.0	111115
227	"13:29:48"	381.5	-2.22	0.426	467	17.9	4.68	6	1	2.84	38.29	37.69	38.26	500.03	493.44	0.851	18.377	1.28	27.57	599.9	-0	478	101.5	10.9	-1.95	1.0	111115
228	"13:29:50"	382.5	-2.38	0.427	467	17.9	4.68	6	1	2.84	38.29	37.69	38.26	499.91	493.47	0.852	18.397	1.28	27.60	599.9	-0	458	101.5	10.9	-1.95	1.0	111115
229	"13:29:51"	384.0	-2.37	0.428	467	17.9	4.68	6	1	2.84	38.29	37.69	38.26	499.88	493.42	0.853	18.423	1.28	27.64	599.9	-0	454	101.5	10.9	-1.95	1.0	111115
230	"13:29:52"	385.0	-2.36	0.429	467	17.9	4.67	6	1	2.84	38.29	37.69	38.26	499.91	493.43	0.854	18.439	1.28	27.67	599.9	-0	462	101.5	10.9	-1.95	1.0	111115
231	"13:29:53"	386.5	-2.33	0.43	467	17.9	4.67	6	1	2.84	38.29	37.68	38.25	499.97	493.45	0.856	18.458	1.28	27.70	600.0	-0	482	101.5	10.9	-1.95	1.0	111115
232	"13:29:55"	387.5	-2.42	0.43	467	17.9	4.67	6	1	2.84	38.28	37.68	38.25	499.96	493.52	0.857	18.470	1.29	27.72	600.0	-0	497	101.5	10.9	-1.95	1.0	111115
233	"13:29:56"	389.0	-2.73	0.432	469	18	4.66	6	1	2.84	38.28	37.68	38.25	499.79	493.64	0.858	18.497	1.29	27.76	600.0	-0	534	101.5	10.9	-1.95	1.0	111115
234	"13:29:57"	390.0	-2.71	0.432	469	18	4.66	6	1	2.84	38.28	37.67	38.25	499.76	493.59	0.859	18.516	1.29	27.79	600.0	-0	556	101.5	10.9	-1.95	1.0	111115
235	"13:29:58"	391.5	-2.86	0.434	469	18	4.66	6	1	2.84	38.28	37.67	38.25	499.64	493.61	0.860	18.544	1.29	27.84	600.0	-0	563	101.5	10.9	-1.95	1.0	111115
236	"13:30:00"	392.5	-2.76	0.434	469	18	4.65	6	1	2.84	38.28	37.67	38.24	499.68	493.54	0.861	18.561	1.29	27.86	600.0	-0	543	101.5	10.9	-1.95	1.0	111115
237	"13:30:01"	394.0	-2.71	0.436	469	18.1	4.65	6	1	2.84	38.28	37.66	38.24	499.71	493.51	0.863	18.589	1.30	27.91	600.0	-0	485	101.5	10.9	-1.95	1.0	111115
238	"13:30:02"	395.0	-2.63	0.436	468	18.1	4.65	6	1	2.84	38.28	37.66	38.24	499.76	493.48	0.864	18.600	1.30	27.93	600.0	-0	439	101.5	10.9	-1.95	1.0	111115
239	"13:30:03"	396.5	-2.58	0.437	468	18.1	4.65	6	1	2.84	38.27	37.66	38.24	499.84	493.49	0.866	18.619	1.30	27.96	600.0	-0	377	101.5	10.9	-1.95	1.0	111115
240	"13:30:05"	397.5	-2.5	0.437	468	18.1	4.65	6	1	2.84	38.27	37.66	38.24	499.89	493.46	0.867	18.619	1.30	27.96	600.0	-0	349	101.5	10.9	-1.95	1.0	111115
241	"13:30:06"	399.0	-2.43	0.437	467	18.1	4.65	6	1	2.84	38.27	37.66	38.24	499.93	493.43	0.869	18.620	1.31	27.96	600.0	-0	319	101.5	10.9	-1.95	1.0	111115
242	"13:30:07"	400.0	-2.34	0.436	467	18.1	4.65	6	1	2.84	38.27	37.66	38.23	499.97	493.39	0.870	18.610	1.31	27.95	600.0	-0	304	101.5	10.9	-1.95	1.0	111115
243	"13:30:08"	401.5	-2.43	0.436	468	18.1	4.65	6	1	2.84	38.27	37.66	38.23	499.92	493.44	0.872	18.599	1.31	27.94	599.9	-0	283	101.5	10.9	-1.95	1.0	111115
