"OPEN 5.3.2"
"Thr Aug  2 2018 08:41:11"
"Unit="	"PSC-895"
"ComputeList="	"/User/Configs/Comps/Default"
"BLCTable="	"/Sys/Lib/StdBLCTable"
"LightSource="	"Sun+Sky"	1	0.19
"LogFormat="	"/User/Configs/LogFormats/Std Output"
"LogCodes="	-35	-21	-36	30	23	36	21	25	-33	-34	-32	-9	-10	-8	-1	-2	-4	-5	-14	-15	-7	-12	-13	-11	-65	-66	-72	-23
"PromptList="	"/User/Configs/Prompts/Default (none)"
"Stability= (CO2S 15s SLP<1)(H2OS 15s SLP<1)(Flow 15s SLP<1)"
"08:41:47 cut. matched before hand.tteststabe co2 at 500. rh 33"
$STARTOFDATA$
"Obs"	"HHMMSS"	"FTime"	"Photo"	"Cond"	"Ci"	"Trmmol"	"VpdL"	"Area"	"StmRat"	"BLCond"	"Tair"	"Tleaf"	"TBlk"	"CO2R"	"CO2S"	"H2OR"	"H2OS"	"RH_R"	"RH_S"	"Flow"	"PARi"	"PARo"	"Press"	"CsMch"	"HsMch"	"StableF"	"Status"
"08:42:42 cut. matched before hand.tteststabe co2 at 500. rh 25"
1	"08:48:22"	438.5	41.8	0.263	169	8.97	3.6	6	1	2.84	38.91	38.67	38.75	500.37	462.22	25.311	32.523	36.80	47.28	722.3	-1	381	101.6	10.7	0.0898	0.0	111215
2	"08:48:43"	460.5	11.6	0.855	435	19.1	2.79	6	1	2.84	38.95	38.71	38.78	500.36	483.03	25.423	40.627	36.88	58.93	722.0	-1	392	101.6	10.7	0.0898	0.0	111215
3	"08:48:44"	461.5	11	0.865	437	19.2	2.78	6	1	2.84	38.95	38.72	38.78	500.27	483.41	25.423	40.713	36.88	59.05	722.0	-1	392	101.6	10.7	0.0898	0.3	111215
4	"08:48:45"	462.0	10.8	0.871	438	19.3	2.78	6	1	2.84	38.95	38.72	38.78	500.20	483.50	25.422	40.770	36.87	59.14	722.0	-1	392	101.6	10.7	0.0898	0.3	111215
5	"08:48:46"	464.0	9.8	0.9	442	19.6	2.75	6	1	2.84	38.95	38.72	38.79	500.23	484.21	25.427	41.028	36.88	59.50	722.0	-1	392	101.6	10.7	0.0898	0.3	111215
6	"08:48:47"	465.0	9	0.924	444	19.8	2.73	6	1	2.84	38.95	38.72	38.79	500.20	484.73	25.431	41.230	36.88	59.79	722.0	-1	391	101.6	10.7	0.0898	0.3	111215
7	"08:48:49"	466.5	8.14	0.963	448	20.2	2.7	6	1	2.84	38.96	38.73	38.79	500.28	485.36	25.436	41.544	36.88	60.23	722.0	-1	391	101.6	10.7	0.0898	0.3	111215
8	"08:48:50"	467.5	7.22	0.988	451	20.5	2.68	6	1	2.84	38.96	38.73	38.79	500.21	485.95	25.439	41.744	36.88	60.52	722.0	-1	391	101.6	10.7	0.0898	0.3	111215
9	"08:48:51"	469.0	6.21	1.02	454	20.8	2.66	6	1	2.84	38.96	38.74	38.80	500.19	486.60	25.444	42.030	36.88	60.92	721.9	-1	391	101.6	10.7	0.0898	0.3	111215
10	"08:48:52"	469.5	5.9	1.04	455	20.9	2.65	6	1	2.84	38.96	38.74	38.80	500.19	486.81	25.446	42.123	36.88	61.05	721.9	-1	391	101.6	10.7	0.0898	0.3	111215
11	"08:48:53"	470.5	5.16	1.06	457	21.2	2.63	6	1	2.84	38.97	38.75	38.80	500.18	487.32	25.452	42.290	36.89	61.29	721.9	-1	391	101.6	10.7	0.0898	0.3	111215
12	"08:48:54"	471.5	4.79	1.08	458	21.4	2.62	6	1	2.84	38.97	38.75	38.80	500.23	487.59	25.457	42.455	36.89	61.52	721.9	-1	392	101.6	10.7	0.0898	0.3	111215
13	"08:48:55"	472.5	4.38	1.1	460	21.5	2.6	6	1	2.84	38.97	38.75	38.80	500.26	487.88	25.463	42.607	36.89	61.73	721.9	-1	392	101.6	10.7	0.0898	0.3	111215
14	"08:48:56"	473.5	4.08	1.12	461	21.7	2.59	6	1	2.84	38.97	38.76	38.81	500.27	488.07	25.469	42.746	36.90	61.93	721.9	-1	392	101.6	10.7	0.0898	0.3	111215
15	"08:48:57"	474.5	3.78	1.14	462	21.9	2.58	6	1	2.84	38.97	38.76	38.81	500.32	488.29	25.475	42.878	36.90	62.11	721.9	-1	393	101.6	10.7	0.0898	0.3	111215
16	"08:48:59"	475.5	3.51	1.16	462	22	2.57	6	1	2.84	38.98	38.76	38.81	500.31	488.45	25.482	42.994	36.91	62.27	721.9	-1	394	101.6	10.7	0.0898	0.3	111215
17	"08:49:00"	476.5	3.15	1.18	463	22.2	2.56	6	1	2.84	38.98	38.77	38.81	500.33	488.71	25.488	43.110	36.92	62.44	721.9	-1	396	101.6	10.7	0.0898	0.3	111215
18	"08:49:01"	478.0	2.71	1.2	465	22.3	2.54	6	1	2.84	38.98	38.77	38.82	500.33	489.00	25.497	43.259	36.92	62.64	721.9	-1	399	101.6	10.7	0.0898	0.3	111215
19	"08:49:02"	479.0	2.4	1.21	466	22.4	2.54	6	1	2.84	38.98	38.78	38.82	500.33	489.21	25.501	43.339	36.92	62.75	721.9	-1	400	101.6	10.7	0.0898	0.3	111215
20	"08:49:03"	480.0	2.17	1.22	466	22.5	2.53	6	1	2.84	38.99	38.78	38.82	500.31	489.35	25.507	43.408	36.93	62.84	721.8	-1	401	101.6	10.7	0.0898	0.3	111215
21	"08:49:04"	481.0	1.77	1.23	467	22.6	2.53	6	1	2.84	38.99	38.78	38.82	500.27	489.60	25.513	43.475	36.93	62.93	721.9	-1	402	101.6	10.7	0.0898	0.3	111215
22	"08:49:05"	482.0	1.42	1.24	468	22.7	2.52	6	1	2.84	38.99	38.79	38.83	500.26	489.84	25.517	43.537	36.93	63.02	721.8	-1	402	101.6	10.7	0.0898	0.3	111215
23	"08:49:06"	483.0	1.16	1.25	469	22.7	2.52	6	1	2.84	38.99	38.79	38.83	500.21	489.99	25.520	43.590	36.94	63.09	721.8	-1	403	101.6	10.7	0.0898	0.3	111215
24	"08:49:08"	485.5	0.585	1.26	470	22.9	2.51	6	1	2.84	39.00	38.79	38.83	500.12	490.32	25.528	43.698	36.94	63.23	721.8	-1	403	101.6	10.7	0.0898	0.3	111215
25	"08:49:09"	486.0	0.601	1.27	470	22.9	2.51	6	1	2.84	39.00	38.79	38.84	500.13	490.30	25.530	43.715	36.94	63.25	721.7	-1	404	101.6	10.7	0.0898	0.3	111215
26	"08:49:10"	487.5	0.214	1.27	471	22.9	2.5	6	1	2.84	39.00	38.80	38.84	500.11	490.59	25.541	43.752	36.95	63.29	721.8	-1	404	101.6	10.7	0.0898	0.3	111215
27	"08:49:11"	488.0	0.16	1.27	471	22.9	2.5	6	1	2.84	39.00	38.80	38.84	500.09	490.61	25.544	43.756	36.95	63.30	721.8	-1	404	101.6	10.7	0.0898	0.3	111215
28	"08:49:12"	490.0	0.012	1.27	472	22.9	2.5	6	1	2.84	39.00	38.80	38.84	500.12	490.75	25.556	43.785	36.96	63.33	721.7	-1	404	101.6	10.7	0.0898	0.3	111215
29	"08:49:14"	491.5	0.183	1.28	471	23	2.5	6	1	2.84	39.01	38.80	38.85	500.20	490.67	25.564	43.822	36.97	63.37	721.7	-1	405	101.6	10.7	0.0898	0.3	111215
30	"08:49:15"	492.5	0.12	1.28	471	23	2.5	6	1	2.84	39.01	38.80	38.85	500.20	490.72	25.569	43.851	36.97	63.41	721.6	-1	405	101.6	10.7	0.0898	0.3	111215
31	"08:49:16"	494.0	0.0454	1.29	472	23	2.49	6	1	2.84	39.01	38.81	38.85	500.22	490.78	25.577	43.888	36.98	63.45	721.7	-1	406	101.6	10.7	0.0898	0.3	111215
32	"08:49:17"	495.0	-0.0769	1.29	472	23.1	2.49	6	1	2.84	39.01	38.81	38.86	500.15	490.80	25.581	43.913	36.98	63.48	721.7	-1	406	101.6	10.7	0.0898	0.3	111215
33	"08:49:19"	496.5	-0.149	1.3	472	23.1	2.49	6	1	2.84	39.02	38.82	38.86	500.17	490.86	25.585	43.945	36.98	63.51	721.7	-1	407	101.6	10.7	0.0898	0.3	111215
34	"08:49:20"	497.0	-0.223	1.3	472	23.1	2.49	6	1	2.84	39.02	38.82	38.86	500.16	490.91	25.587	43.959	36.98	63.53	721.7	-1	407	101.6	10.7	0.0898	0.3	111215
35	"08:49:21"	498.5	-0.177	1.3	472	23.1	2.49	6	1	2.84	39.02	38.82	38.87	500.18	490.88	25.594	43.991	36.98	63.56	721.6	-1	407	101.6	10.7	0.0898	0.3	111215
36	"08:49:22"	500.0	-0.409	1.3	473	23.2	2.49	6	1	2.84	39.02	38.83	38.87	500.08	490.97	25.604	44.016	36.99	63.59	721.6	-1	408	101.6	10.7	0.0898	0.3	111215
37	"08:49:23"	501.0	-0.452	1.3	473	23.2	2.49	6	1	2.84	39.03	38.83	38.87	500.03	490.95	25.609	44.032	36.99	63.60	721.6	-1	409	101.6	10.7	0.0898	0.3	111215
38	"08:49:25"	502.5	-0.36	1.31	472	23.2	2.49	6	1	2.84	39.03	38.84	38.88	500.09	490.92	25.617	44.060	37.00	63.63	721.6	-1	411	101.6	10.7	0.0898	0.3	111215
39	"08:49:26"	503.5	-0.224	1.31	472	23.2	2.49	6	1	2.84	39.03	38.84	38.88	500.17	490.88	25.620	44.084	37.00	63.66	721.6	-1	412	101.6	10.7	0.0898	0.3	111215
40	"08:49:27"	505.0	-0.0662	1.31	472	23.3	2.48	6	1	2.84	39.04	38.84	38.88	500.27	490.83	25.626	44.115	37.00	63.69	721.6	-1	411	101.6	10.7	0.0898	0.3	111215
41	"08:49:28"	506.0	-0.0942	1.32	472	23.3	2.48	6	1	2.84	39.04	38.85	38.88	500.24	490.82	25.629	44.139	37.00	63.72	721.6	-1	411	101.6	10.7	0.0898	0.3	111215
42	"08:49:30"	507.5	-0.0983	1.32	472	23.3	2.48	6	1	2.84	39.04	38.85	38.89	500.23	490.79	25.636	44.178	37.00	63.76	721.6	-1	410	101.6	10.7	0.0898	0.7	111215
43	"08:49:31"	508.5	-0.0656	1.33	472	23.4	2.48	6	1	2.84	39.05	38.85	38.89	500.23	490.76	25.640	44.200	37.00	63.78	721.5	-1	410	101.6	10.7	0.0898	0.7	111215
44	"08:49:32"	510.0	-0.0727	1.33	472	23.4	2.48	6	1	2.84	39.05	38.86	38.90	500.25	490.76	25.648	44.242	37.00	63.83	721.5	-1	411	101.6	10.7	0.0898	0.7	111215
45	"08:49:33"	511.0	-0.0915	1.34	472	23.4	2.47	6	1	2.84	39.05	38.86	38.90	500.25	490.76	25.653	44.273	37.01	63.87	721.5	-1	411	101.6	10.7	0.0898	0.7	111215
46	"08:49:35"	512.5	-0.0586	1.34	472	23.5	2.47	6	1	2.84	39.06	38.87	38.90	500.28	490.74	25.660	44.324	37.01	63.92	721.5	-1	411	101.6	10.7	0.0898	0.7	111215
47	"08:49:36"	513.5	-0.069	1.35	472	23.5	2.47	6	1	2.84	39.06	38.87	38.90	500.26	490.72	25.664	44.354	37.01	63.96	721.4	-1	411	101.6	10.7	0.0898	0.7	111215
48	"08:49:37"	515.0	-0.0182	1.35	472	23.6	2.47	6	1	2.84	39.06	38.87	38.91	500.28	490.68	25.673	44.402	37.01	64.01	721.4	-1	412	101.6	10.7	0.0898	0.7	111215
49	"08:49:38"	516.0	-0.00553	1.36	472	23.6	2.46	6	1	2.84	39.07	38.88	38.91	500.26	490.64	25.678	44.430	37.02	64.05	721.4	-1	412	101.6	10.7	0.0898	0.3	111215
50	"08:49:40"	517.5	-0.0687	1.36	472	23.6	2.46	6	1	2.84	39.07	38.88	38.92	500.22	490.64	25.687	44.470	37.02	64.09	721.5	-1	412	101.6	10.7	0.0898	0.3	111215
51	"08:49:41"	518.5	-0.0868	1.36	472	23.7	2.46	6	1	2.84	39.07	38.89	38.92	500.20	490.62	25.692	44.492	37.02	64.11	721.4	-1	412	101.6	10.7	0.0898	0.3	111215
52	"08:49:42"	520.0	-0.123	1.37	472	23.7	2.46	6	1	2.84	39.08	38.89	38.92	500.22	490.66	25.699	44.521	37.02	64.14	721.4	-1	412	101.6	10.7	0.0898	0.3	111215
53	"08:49:43"	521.0	-0.174	1.37	472	23.7	2.46	6	1	2.84	39.08	38.89	38.92	500.20	490.67	25.702	44.543	37.02	64.16	721.4	-1	413	101.6	10.7	0.0898	0.7	111215
54	"08:49:45"	522.5	-0.313	1.38	472	23.7	2.46	6	1	2.84	39.08	38.90	38.93	500.11	490.67	25.707	44.580	37.02	64.20	721.4	-1	413	101.6	10.7	0.0898	0.7	111215
55	"08:49:46"	523.5	-0.328	1.38	472	23.8	2.46	6	1	2.84	39.09	38.90	38.93	500.08	490.65	25.711	44.614	37.02	64.24	721.3	-1	413	101.6	10.7	0.0898	0.7	111215
56	"08:49:47"	525.0	-0.287	1.39	472	23.8	2.45	6	1	2.84	39.09	38.91	38.94	500.15	490.66	25.720	44.660	37.02	64.29	721.3	-1	414	101.6	10.7	0.0898	0.7	111215
57	"08:49:48"	526.0	-0.194	1.39	472	23.9	2.45	6	1	2.84	39.09	38.91	38.94	500.20	490.63	25.727	44.686	37.03	64.32	721.3	-1	414	101.6	10.7	0.0898	0.7	111215
58	"08:49:50"	527.5	-0.18	1.4	472	23.9	2.45	6	1	2.84	39.10	38.92	38.94	500.22	490.61	25.735	44.736	37.03	64.37	721.2	-1	414	101.6	10.7	0.0898	0.7	111215
59	"08:49:51"	528.5	-0.213	1.4	472	23.9	2.45	6	1	2.84	39.10	38.92	38.94	500.22	490.62	25.740	44.768	37.03	64.41	721.3	-1	415	101.6	10.7	0.0898	0.7	111215
60	"08:49:52"	530.0	-0.147	1.41	472	24	2.44	6	1	2.84	39.11	38.92	38.95	500.21	490.53	25.748	44.828	37.04	64.48	721.2	-1	415	101.6	10.7	0.0898	0.7	111215
61	"08:49:53"	531.0	-0.162	1.42	472	24.1	2.44	6	1	2.84	39.11	38.93	38.95	500.19	490.51	25.755	44.864	37.04	64.52	721.3	-1	415	101.6	10.7	0.0898	0.7	111215
62	"08:49:55"	532.5	-0.0251	1.43	472	24.1	2.44	6	1	2.84	39.11	38.93	38.95	500.22	490.41	25.766	44.924	37.05	64.59	721.2	-1	415	101.6	10.7	0.0898	0.7	111215
63	"08:49:56"	533.5	-0.0998	1.43	472	24.2	2.43	6	1	2.84	39.12	38.94	38.96	500.21	490.44	25.771	44.972	37.05	64.65	721.2	-1	415	101.6	10.7	0.0898	0.7	111215
64	"08:49:57"	535.0	-0.0139	1.44	472	24.2	2.43	6	1	2.84	39.12	38.94	38.96	500.27	490.39	25.777	45.036	37.05	64.73	721.1	-1	416	101.6	10.7	0.0898	0.7	111215
65	"08:49:58"	536.0	-0.0332	1.45	472	24.3	2.42	6	1	2.84	39.12	38.94	38.96	500.28	490.40	25.782	45.071	37.05	64.77	721.1	-1	416	101.6	10.7	0.0898	0.7	111215
66	"08:50:00"	537.5	-0.0799	1.46	472	24.3	2.42	6	1	2.84	39.13	38.95	38.97	500.28	490.42	25.786	45.109	37.05	64.81	721.1	-1	417	101.6	10.7	0.0898	0.3	111215
67	"08:50:01"	538.5	-0.129	1.46	472	24.3	2.42	6	1	2.84	39.13	38.95	38.97	500.26	490.43	25.790	45.127	37.05	64.82	721.1	-1	417	101.6	10.7	0.0898	0.3	111215
68	"08:50:02"	540.0	-0.113	1.46	472	24.3	2.42	6	1	2.84	39.14	38.95	38.97	500.26	490.42	25.798	45.132	37.05	64.81	721.1	-1	417	101.6	10.7	0.0898	0.3	111215
69	"08:50:03"	541.0	-0.111	1.46	472	24.3	2.42	6	1	2.84	39.14	38.95	38.98	500.21	490.38	25.806	45.130	37.06	64.80	721.1	-1	417	101.6	10.7	0.0898	0.3	111215
70	"08:50:05"	542.5	-0.272	1.45	472	24.3	2.42	6	1	2.84	39.14	38.96	38.98	500.13	490.44	25.816	45.125	37.06	64.78	721.0	-1	418	101.6	10.7	0.0898	0.7	111215
71	"08:50:06"	543.5	-0.22	1.45	472	24.3	2.43	6	1	2.84	39.14	38.96	38.98	500.13	490.40	25.824	45.122	37.07	64.77	721.0	-1	418	101.6	10.7	0.0898	0.7	111215
72	"08:50:07"	545.0	-0.124	1.45	472	24.3	2.43	6	1	2.84	39.15	38.96	38.99	500.15	490.35	25.833	45.113	37.08	64.75	721.0	-1	418	101.6	10.7	0.0898	0.7	111215
73	"08:50:08"	546.0	0.141	1.44	471	24.3	2.43	6	1	2.84	39.15	38.97	38.99	500.28	490.27	25.840	45.113	37.08	64.74	721.0	-1	419	101.6	10.7	0.0898	0.3	111215
74	"08:50:10"	547.5	0.232	1.44	471	24.2	2.43	6	1	2.84	39.15	38.97	38.99	500.35	490.26	25.846	45.114	37.08	64.73	720.9	-1	419	101.6	10.7	0.0898	0.3	111215
75	"08:50:11"	548.5	0.112	1.44	472	24.2	2.43	6	1	2.84	39.15	38.97	39.00	500.31	490.33	25.850	45.120	37.09	64.73	720.9	-1	419	101.6	10.7	0.0898	0.7	111215
76	"08:50:12"	550.0	0.0707	1.44	472	24.3	2.43	6	1	2.84	39.16	38.98	39.00	500.23	490.27	25.857	45.139	37.09	64.74	720.9	-1	420	101.6	10.7	0.0898	0.7	111215
77	"08:50:13"	551.0	-0.0711	1.44	472	24.3	2.43	6	1	2.84	39.16	38.98	39.00	500.15	490.30	25.862	45.156	37.09	64.76	720.9	-1	420	101.6	10.7	0.0898	0.7	111215
78	"08:50:15"	552.5	-0.0644	1.45	472	24.3	2.43	6	1	2.84	39.16	38.99	39.01	500.09	490.24	25.869	45.171	37.09	64.77	720.9	-1	420	101.6	10.7	0.0898	0.7	111215
79	"08:50:16"	553.5	-0.00918	1.45	472	24.3	2.43	6	1	2.84	39.17	38.99	39.01	500.10	490.20	25.875	45.177	37.10	64.77	720.9	-1	420	101.6	10.7	0.0898	0.7	111215
80	"08:50:17"	555.0	0.138	1.45	471	24.3	2.43	6	1	2.84	39.17	38.99	39.01	500.21	490.18	25.882	45.193	37.10	64.77	720.8	-1	421	101.6	10.7	0.0898	0.7	111215
81	"08:50:18"	556.0	0.274	1.45	471	24.3	2.43	6	1	2.84	39.18	39.00	39.02	500.33	490.19	25.888	45.198	37.10	64.77	720.8	-1	421	101.6	10.7	0.0898	0.7	111215
82	"08:50:20"	557.5	0.209	1.44	471	24.3	2.43	6	1	2.84	39.18	39.00	39.02	500.33	490.24	25.898	45.208	37.10	64.77	720.9	-1	421	101.6	10.7	0.0898	1.0	111215
83	"08:50:21"	558.5	0.198	1.44	471	24.3	2.43	6	1	2.84	39.18	39.00	39.02	500.30	490.22	25.906	45.205	37.11	64.75	720.9	-1	422	101.6	10.7	0.0898	1.0	111215
84	"08:50:22"	560.0	0.112	1.44	471	24.3	2.44	6	1	2.84	39.19	39.01	39.03	500.21	490.22	25.913	45.191	37.11	64.72	720.8	-1	422	101.6	10.7	0.0898	1.0	111215
85	"08:50:23"	561.0	0.0689	1.43	472	24.2	2.44	6	1	2.84	39.19	39.01	39.03	500.21	490.27	25.919	45.173	37.12	64.69	720.8	-1	422	101.6	10.7	0.0898	1.0	111215
86	"08:50:25"	562.5	0.192	1.42	471	24.2	2.45	6	1	2.84	39.19	39.02	39.03	500.25	490.23	25.926	45.138	37.12	64.62	720.7	-1	423	101.6	10.7	0.0898	1.0	111215
87	"08:50:26"	563.5	0.274	1.41	471	24.1	2.45	6	1	2.84	39.20	39.02	39.04	500.31	490.24	25.931	45.107	37.12	64.57	720.7	-1	423	101.6	10.7	0.0898	1.0	111215
88	"08:50:27"	565.0	0.282	1.4	471	24	2.46	6	1	2.84	39.20	39.03	39.04	500.31	490.26	25.941	45.054	37.13	64.48	720.7	-1	423	101.6	10.7	0.0898	1.0	111215
89	"08:50:28"	566.0	0.206	1.39	471	24	2.46	6	1	2.84	39.20	39.03	39.04	500.28	490.32	25.948	45.006	37.13	64.40	720.7	-1	423	101.6	10.7	0.0898	1.0	111215
90	"08:50:30"	567.5	0.221	1.37	471	23.9	2.47	6	1	2.84	39.21	39.03	39.05	500.27	490.34	25.960	44.936	37.14	64.29	720.6	-1	423	101.6	10.7	0.0898	0.7	111215
91	"08:50:31"	568.5	0.2	1.36	471	23.8	2.48	6	1	2.84	39.21	39.04	39.05	500.28	490.40	25.967	44.884	37.14	64.20	720.6	-1	424	101.6	10.7	0.0898	0.7	111215
92	"08:50:32"	570.0	0.293	1.34	471	23.7	2.49	6	1	2.84	39.21	39.04	39.06	500.33	490.41	25.976	44.815	37.15	64.09	720.6	-1	424	101.6	10.7	0.0898	0.3	111215
93	"08:50:33"	571.0	0.195	1.33	471	23.6	2.49	6	1	2.84	39.21	39.04	39.06	500.27	490.46	25.983	44.762	37.16	64.01	720.6	-1	424	101.6	10.7	0.0898	0.3	111215
94	"08:50:35"	572.5	0.185	1.32	471	23.5	2.5	6	1	2.84	39.22	39.05	39.06	500.26	490.50	25.990	44.696	37.16	63.90	720.6	-1	425	101.6	10.7	0.0898	0.7	111215
95	"08:50:36"	573.0	0.179	1.32	471	23.5	2.5	6	1	2.84	39.22	39.05	39.06	500.24	490.50	25.991	44.674	37.16	63.86	720.6	-1	425	101.6	10.7	0.0898	0.3	111215
96	"08:50:37"	574.0	0.143	1.31	471	23.4	2.51	6	1	2.84	39.22	39.05	39.07	500.23	490.54	25.995	44.629	37.16	63.79	720.5	-1	425	101.6	10.7	0.0898	0.0	111215
97	"08:50:38"	575.0	0.185	1.3	471	23.4	2.52	6	1	2.84	39.23	39.06	39.07	500.27	490.57	26.000	44.585	37.16	63.72	720.5	-1	425	101.6	10.7	0.0898	0.0	111215
98	"08:50:39"	576.0	0.159	1.29	471	23.3	2.52	6	1	2.84	39.23	39.06	39.07	500.23	490.58	26.007	44.546	37.16	63.65	720.4	-1	425	101.6	10.7	0.0898	0.0	111215
99	"08:50:41"	578.5	0.209	1.26	471	23.1	2.54	6	1	2.84	39.24	39.07	39.08	500.23	490.60	26.026	44.444	37.17	63.48	720.4	-1	425	101.6	10.7	0.0898	0.0	111215
100	"08:50:42"	579.5	0.283	1.26	471	23.1	2.54	6	1	2.84	39.24	39.07	39.08	500.28	490.61	26.034	44.411	37.18	63.42	720.4	-1	425	101.6	10.7	0.0898	0.0	111215
101	"08:50:43"	581.0	0.285	1.25	471	23	2.55	6	1	2.84	39.24	39.08	39.09	500.27	490.63	26.042	44.366	37.18	63.35	720.4	-1	426	101.6	10.7	0.0898	0.0	111215
102	"08:50:44"	581.5	0.241	1.24	471	23	2.55	6	1	2.84	39.24	39.08	39.09	500.24	490.64	26.044	44.348	37.18	63.32	720.4	-1	426	101.6	10.7	0.0898	0.0	111215
103	"08:50:45"	582.5	0.22	1.24	471	22.9	2.55	6	1	2.84	39.25	39.08	39.09	500.18	490.62	26.049	44.312	37.19	63.25	720.4	-1	426	101.6	10.7	0.0898	0.0	111215
104	"08:50:46"	583.5	0.195	1.23	471	22.9	2.56	6	1	2.84	39.25	39.09	39.09	500.14	490.62	26.053	44.281	37.19	63.20	720.4	-1	426	101.6	10.7	0.0898	0.0	111215
105	"08:50:48"	584.5	0.181	1.22	471	22.9	2.56	6	1	2.84	39.25	39.09	39.10	500.13	490.64	26.060	44.256	37.19	63.15	720.4	-1	426	101.6	10.7	0.0898	0.3	111215
106	"08:50:49"	586.0	0.197	1.22	471	22.8	2.57	6	1	2.84	39.26	39.10	39.10	500.15	490.67	26.069	44.224	37.19	63.10	720.4	-1	426	101.6	10.7	0.0898	0.3	111215
107	"08:50:50"	587.0	0.258	1.21	470	22.8	2.57	6	1	2.84	39.26	39.10	39.10	500.18	490.66	26.074	44.208	37.19	63.06	720.3	-1	426	101.6	10.7	0.0898	0.3	111215
108	"08:50:51"	588.0	0.14	1.21	471	22.7	2.58	6	1	2.84	39.26	39.11	39.11	500.13	490.72	26.080	44.192	37.20	63.03	720.3	-1	427	101.6	10.7	0.0898	0.3	111215
109	"08:50:52"	589.0	0.141	1.2	471	22.7	2.58	6	1	2.84	39.27	39.11	39.11	500.15	490.74	26.086	44.173	37.20	62.99	720.3	-1	427	101.6	10.7	0.0898	0.3	111215
110	"08:50:53"	590.5	0.21	1.2	471	22.7	2.58	6	1	2.84	39.27	39.12	39.11	500.18	490.74	26.095	44.150	37.20	62.94	720.3	-1	427	101.6	10.7	0.0898	0.7	111215
111	"08:50:54"	591.5	0.291	1.19	470	22.6	2.59	6	1	2.84	39.27	39.12	39.12	500.21	490.71	26.103	44.130	37.21	62.90	720.3	-1	427	101.6	10.7	0.0898	0.7	111215
112	"08:50:56"	592.5	0.433	1.19	470	22.6	2.59	6	1	2.84	39.28	39.12	39.12	500.25	490.65	26.109	44.116	37.21	62.87	720.3	-1	427	101.6	10.7	0.0898	0.7	111215
113	"08:50:57"	594.0	0.457	1.18	470	22.6	2.59	6	1	2.84	39.28	39.13	39.12	500.30	490.69	26.118	44.098	37.22	62.83	720.3	-1	427	101.6	10.7	0.0898	0.7	111215
114	"08:50:58"	595.0	0.466	1.18	470	22.5	2.6	6	1	2.84	39.28	39.13	39.13	500.32	490.71	26.125	44.082	37.22	62.80	720.2	-1	428	101.6	10.7	0.0898	0.7	111215
115	"08:50:59"	596.0	0.573	1.17	470	22.5	2.6	6	1	2.84	39.29	39.13	39.13	500.37	490.69	26.132	44.061	37.22	62.76	720.2	-1	428	101.6	10.7	0.0898	0.7	111215
116	"08:51:00"	597.0	0.62	1.17	470	22.5	2.6	6	1	2.84	39.29	39.14	39.13	500.37	490.67	26.139	44.036	37.23	62.71	720.1	-1	428	101.6	10.7	0.0898	0.7	111215
117	"08:51:01"	598.0	0.682	1.16	469	22.4	2.61	6	1	2.84	39.29	39.14	39.14	500.35	490.61	26.147	44.014	37.23	62.67	720.1	-1	428	101.6	10.7	0.0898	0.7	111215
118	"08:51:02"	599.0	0.585	1.16	470	22.4	2.61	6	1	2.84	39.30	39.14	39.14	500.28	490.64	26.154	43.996	37.23	62.64	720.1	-1	428	101.6	10.7	0.0898	0.3	111215
119	"08:51:03"	600.5	0.632	1.15	469	22.3	2.62	6	1	2.84	39.30	39.15	39.14	500.28	490.62	26.167	43.964	37.24	62.57	720.1	-1	428	101.6	10.7	0.0898	0.7	111215
120	"08:51:04"	601.5	0.56	1.15	470	22.3	2.62	6	1	2.84	39.31	39.16	39.15	500.26	490.67	26.175	43.949	37.25	62.54	720.1	-1	428	101.6	10.7	0.0898	0.7	111215
121	"08:51:05"	602.5	0.539	1.14	470	22.3	2.62	6	1	2.84	39.31	39.16	39.15	500.26	490.70	26.182	43.932	37.25	62.51	720.1	-1	429	101.6	10.7	0.0898	0.7	111215
122	"08:51:07"	603.5	0.486	1.14	470	22.3	2.62	6	1	2.84	39.31	39.16	39.15	500.22	490.71	26.188	43.918	37.26	62.48	720.1	-1	429	101.6	10.7	0.0898	0.7	111215
123	"08:51:08"	605.5	0.15	1.13	470	22.2	2.63	6	1	2.84	39.32	39.17	39.16	500.04	490.83	26.196	43.887	37.26	62.42	720.0	-1	429	101.6	10.7	0.0898	0.7	111215
124	"08:51:09"	606.0	0.0727	1.13	470	22.2	2.63	6	1	2.84	39.32	39.17	39.16	500.00	490.86	26.199	43.877	37.26	62.40	720.0	-1	429	101.6	10.7	0.0898	0.7	111215
125	"08:51:10"	608.0	0.3	1.12	470	22.1	2.64	6	1	2.84	39.32	39.18	39.16	500.08	490.78	26.212	43.846	37.26	62.33	719.9	-1	429	101.6	10.7	0.0898	0.3	111215
126	"08:51:12"	609.5	0.622	1.12	469	22.1	2.64	6	1	2.84	39.33	39.18	39.17	500.25	490.70	26.226	43.825	37.27	62.29	719.9	-1	429	101.6	10.7	0.0898	0.3	111215
127	"08:51:13"	610.5	0.744	1.11	469	22	2.64	6	1	2.84	39.33	39.18	39.17	500.33	490.69	26.236	43.806	37.28	62.25	719.9	-1	430	101.6	10.7	0.0898	0.3	111215
128	"08:51:14"	611.0	0.795	1.11	469	22	2.65	6	1	2.84	39.33	39.19	39.17	500.35	490.68	26.241	43.796	37.29	62.23	719.9	-1	430	101.6	10.7	0.0898	0.3	111215
129	"08:51:15"	613.0	0.811	1.1	469	22	2.65	6	1	2.84	39.34	39.19	39.18	500.32	490.66	26.257	43.765	37.30	62.17	719.9	-1	430	101.6	10.7	0.0898	0.3	111215
130	"08:51:16"	614.0	0.789	1.1	469	21.9	2.65	6	1	2.84	39.34	39.19	39.18	500.30	490.67	26.262	43.745	37.30	62.13	719.9	-1	431	101.6	10.7	0.0898	0.3	111215
131	"08:51:18"	615.5	0.801	1.09	469	21.9	2.66	6	1	2.84	39.35	39.20	39.19	500.26	490.63	26.268	43.720	37.30	62.08	719.8	-1	432	101.6	10.7	0.0898	0.3	111215
132	"08:51:19"	616.5	0.803	1.09	469	21.9	2.66	6	1	2.84	39.35	39.20	39.19	500.23	490.62	26.274	43.706	37.30	62.05	719.8	-1	432	101.6	10.7	0.0898	0.3	111215
133	"08:51:20"	618.0	0.847	1.09	468	21.8	2.66	6	1	2.84	39.35	39.21	39.19	500.24	490.60	26.284	43.687	37.31	62.01	719.8	-1	432	101.6	10.7	0.0898	0.3	111215
134	"08:51:21"	619.0	0.691	1.08	469	21.8	2.67	6	1	2.84	39.36	39.21	39.20	500.16	490.66	26.291	43.676	37.31	61.98	719.8	-1	431	101.6	10.7	0.0898	1.0	111215
135	"08:51:23"	620.5	0.811	1.08	469	21.8	2.67	6	1	2.84	39.36	39.22	39.20	500.22	490.64	26.300	43.654	37.31	61.93	719.8	-1	430	101.6	10.7	0.0898	1.0	111215
136	"08:51:24"	621.5	0.842	1.07	468	21.7	2.67	6	1	2.84	39.37	39.22	39.20	500.29	490.69	26.307	43.641	37.32	61.90	719.8	-1	428	101.6	10.7	0.0898	1.0	111215
137	"08:51:25"	623.0	0.922	1.07	468	21.7	2.68	6	1	2.84	39.37	39.22	39.21	500.36	490.71	26.319	43.616	37.33	61.85	719.7	-1	427	101.6	10.7	0.0898	1.0	111215
138	"08:51:26"	624.0	0.869	1.07	468	21.7	2.68	6	1	2.84	39.37	39.23	39.21	500.32	490.73	26.328	43.603	37.33	61.83	719.7	-1	427	101.6	10.7	0.0898	1.0	111215
139	"08:51:28"	625.5	0.704	1.06	469	21.6	2.69	6	1	2.84	39.38	39.23	39.22	500.21	490.77	26.338	43.578	37.34	61.78	719.7	-1	427	101.6	10.7	0.0898	1.0	111215
140	"08:51:29"	626.5	0.685	1.06	469	21.6	2.69	6	1	2.84	39.38	39.24	39.22	500.15	490.75	26.344	43.560	37.34	61.74	719.6	-1	428	101.6	10.7	0.0898	1.0	111215
141	"08:51:30"	628.0	0.754	1.05	468	21.5	2.69	6	1	2.84	39.38	39.24	39.22	500.16	490.72	26.352	43.528	37.34	61.68	719.6	-1	428	101.6	10.7	0.0898	1.0	111215
142	"08:51:31"	629.0	0.683	1.05	469	21.5	2.7	6	1	2.84	39.39	39.24	39.23	500.12	490.76	26.358	43.504	37.34	61.64	719.6	-1	429	101.6	10.7	0.0898	0.7	111215
143	"08:51:33"	630.5	0.691	1.04	469	21.4	2.7	6	1	2.84	39.39	39.25	39.23	500.10	490.74	26.366	43.471	37.35	61.57	719.5	-1	429	101.6	10.7	0.0898	0.7	111215
144	"08:51:34"	631.5	0.578	1.03	469	21.4	2.71	6	1	2.84	39.39	39.25	39.23	500.05	490.80	26.363	43.446	37.34	61.53	719.5	-1	428	101.6	10.7	0.0898	0.7	111215
145	"08:51:35"	633.0	0.72	1.04	468	21.5	2.71	6	1	2.84	39.40	39.26	39.24	500.12	490.73	26.290	43.415	37.22	61.47	719.5	-1	428	101.6	10.7	0.0898	0.3	111215
146	"08:51:36"	634.0	0.816	1.04	468	21.6	2.72	6	1	2.84	39.40	39.26	39.24	500.26	490.75	26.178	43.393	37.06	61.43	719.6	-1	428	101.6	10.7	0.0898	0.3	111215
147	"08:51:38"	635.5	1.06	1.06	468	21.9	2.72	6	1	2.84	39.41	39.27	39.25	500.53	490.70	25.930	43.363	36.70	61.37	719.6	-1	428	101.6	10.7	0.0898	0.7	111215
148	"08:51:39"	636.0	1.04	1.06	468	21.9	2.72	6	1	2.84	39.41	39.27	39.25	500.58	490.73	25.841	43.349	36.57	61.35	719.6	-1	428	101.6	10.7	0.0898	0.7	111215
149	"08:51:40"	638.0	1.06	1.08	468	22.2	2.73	6	1	2.84	39.41	39.27	39.25	500.73	490.76	25.571	43.289	36.18	61.24	719.6	-1	429	101.6	10.7	0.0898	0.7	111215
150	"08:51:41"	639.0	1.02	1.08	468	22.3	2.73	6	1	2.84	39.42	39.27	39.26	500.71	490.75	25.499	43.255	36.07	61.18	719.6	-1	429	101.6	10.7	0.0898	0.7	111215
151	"08:51:43"	640.5	0.916	1.07	468	22.3	2.74	6	1	2.84	39.42	39.28	39.26	500.61	490.74	25.446	43.202	35.98	61.09	719.5	-1	430	101.6	10.7	0.0898	0.7	111215
152	"08:51:44"	641.5	0.701	1.07	468	22.2	2.75	6	1	2.84	39.43	39.28	39.26	500.49	490.81	25.431	43.164	35.96	61.03	719.5	-1	430	101.6	10.7	0.0898	0.7	111215
153	"08:51:45"	643.0	0.613	1.06	468	22.2	2.75	6	1	2.84	39.43	39.29	39.27	500.39	490.80	25.422	43.109	35.94	60.94	719.5	-1	430	101.6	10.7	0.0898	0.7	111215
154	"08:51:46"	644.0	0.604	1.05	468	22.1	2.76	6	1	2.84	39.43	39.29	39.27	500.36	490.80	25.421	43.072	35.93	60.88	719.4	-1	430	101.6	10.7	0.0898	0.7	111215
155	"08:51:48"	645.5	0.75	1.05	468	22	2.77	6	1	2.84	39.44	39.29	39.28	500.40	490.75	25.421	43.016	35.92	60.79	719.4	-1	430	101.6	10.7	0.0898	0.7	111215
156	"08:51:49"	646.5	0.791	1.04	468	22	2.77	6	1	2.84	39.44	39.30	39.28	500.41	490.75	25.424	42.975	35.92	60.72	719.3	-1	431	101.6	10.7	0.0898	0.7	111215
157	"08:51:50"	648.0	0.737	1.03	468	21.9	2.78	6	1	2.84	39.44	39.30	39.28	500.36	490.78	25.426	42.918	35.91	60.62	719.3	-1	431	101.6	10.7	0.0898	0.7	111215
158	"08:51:51"	649.0	0.738	1.02	468	21.9	2.78	6	1	2.84	39.45	39.30	39.29	500.30	490.74	25.427	42.879	35.91	60.56	719.3	-1	431	101.6	10.7	0.0898	0.7	111215
159	"08:51:53"	650.5	0.693	1.02	468	21.8	2.79	6	1	2.84	39.45	39.31	39.29	500.24	490.75	25.429	42.821	35.90	60.46	719.3	-1	431	101.6	10.7	0.0898	0.3	111215
160	"08:51:54"	651.5	0.714	1.01	468	21.7	2.8	6	1	2.84	39.46	39.31	39.29	500.20	490.71	25.429	42.779	35.90	60.39	719.3	-1	432	101.6	10.7	0.0898	0.3	111215
161	"08:51:55"	653.0	0.691	1	468	21.7	2.81	6	1	2.84	39.46	39.32	39.30	500.18	490.74	25.431	42.724	35.89	60.30	719.3	-1	432	101.6	10.7	0.0898	0.3	111215
162	"08:51:56"	654.0	0.779	0.996	467	21.6	2.81	6	1	2.84	39.46	39.32	39.30	500.22	490.72	25.431	42.691	35.89	60.24	719.3	-1	432	101.6	10.7	0.0898	0.3	111215
163	"08:51:58"	655.5	0.951	0.989	467	21.5	2.82	6	1	2.84	39.47	39.33	39.31	500.31	490.69	25.428	42.639	35.87	60.16	719.2	-1	435	101.6	10.7	0.0898	0.3	111215
164	"08:51:59"	656.5	1.11	0.985	467	21.5	2.82	6	1	2.84	39.47	39.33	39.31	500.40	490.67	25.415	42.605	35.85	60.10	719.2	-1	437	101.6	10.7	0.0898	0.3	111215
165	"08:52:00"	658.0	1.21	0.981	466	21.5	2.83	6	1	2.84	39.47	39.34	39.31	500.48	490.66	25.367	42.552	35.77	60.01	719.2	-1	439	101.6	10.7	0.0898	0.3	111215
166	"08:52:02"	659.5	1.1	0.979	467	21.5	2.84	6	1	2.84	39.48	39.34	39.32	500.46	490.72	25.297	42.501	35.66	59.92	719.2	-1	440	101.6	10.7	0.0898	0.3	111215
167	"08:52:03"	660.5	0.969	0.978	467	21.6	2.84	6	1	2.84	39.48	39.35	39.32	500.38	490.75	25.255	42.471	35.60	59.87	719.2	-1	440	101.6	10.7	0.0898	0.7	111215
168	"08:52:04"	662.0	0.912	0.974	467	21.5	2.85	6	1	2.84	39.49	39.35	39.33	500.32	490.74	25.213	42.420	35.53	59.78	719.1	-1	440	101.6	10.7	0.0898	0.7	111215
169	"08:52:05"	663.0	1.05	0.97	466	21.5	2.85	6	1	2.84	39.49	39.35	39.33	500.35	490.67	25.202	42.389	35.51	59.73	719.1	-1	440	101.6	10.7	0.0898	0.7	111215
170	"08:52:07"	664.5	1.26	0.963	466	21.4	2.86	6	1	2.84	39.50	39.36	39.33	500.45	490.62	25.198	42.331	35.49	59.63	719.1	-1	439	101.6	10.7	0.0898	0.7	111215
171	"08:52:08"	665.0	1.27	0.96	466	21.4	2.86	6	1	2.84	39.50	39.36	39.34	500.47	490.64	25.200	42.313	35.49	59.60	719.1	-1	439	101.6	10.7	0.0898	0.7	111215
172	"08:52:09"	666.0	1.24	0.956	466	21.4	2.87	6	1	2.84	39.50	39.36	39.34	500.41	490.63	25.203	42.285	35.49	59.55	719.1	-1	439	101.6	10.7	0.0898	0.7	111215
173	"08:52:10"	668.0	0.927	0.948	467	21.3	2.87	6	1	2.84	39.51	39.37	39.34	500.21	490.71	25.211	42.235	35.49	59.46	719.0	-1	439	101.6	10.7	0.0898	0.7	111215
174	"08:52:11"	669.0	0.869	0.944	467	21.3	2.88	6	1	2.84	39.51	39.37	39.35	500.17	490.74	25.216	42.214	35.49	59.42	719.0	-1	440	101.6	10.7	0.0898	0.7	111215
175	"08:52:13"	670.5	0.814	0.94	467	21.2	2.88	6	1	2.84	39.51	39.38	39.35	500.21	490.83	25.225	42.187	35.50	59.37	719.0	-1	442	101.6	10.7	0.0898	0.7	111215
176	"08:52:14"	671.5	0.975	0.936	466	21.2	2.89	6	1	2.84	39.52	39.38	39.36	500.29	490.80	25.232	42.164	35.50	59.32	719.0	-1	443	101.6	10.7	0.0898	0.7	111215
177	"08:52:15"	673.0	1.04	0.931	466	21.1	2.89	6	1	2.84	39.52	39.39	39.36	500.30	490.78	25.242	42.137	35.51	59.27	718.9	-1	444	101.6	10.7	0.0898	0.7	111215
178	"08:52:16"	674.0	1.15	0.926	466	21.1	2.9	6	1	2.84	39.53	39.39	39.36	500.30	490.70	25.249	42.112	35.51	59.22	718.9	-1	444	101.6	10.7	0.0898	0.7	111215
179	"08:52:18"	675.5	1.11	0.921	466	21	2.9	6	1	2.84	39.53	39.40	39.37	500.24	490.70	25.258	42.080	35.51	59.16	718.9	-1	444	101.6	10.7	0.0898	0.3	111215
180	"08:52:19"	676.0	1.05	0.919	466	21	2.9	6	1	2.84	39.53	39.40	39.37	500.21	490.72	25.261	42.068	35.51	59.14	718.9	-1	444	101.6	10.7	0.0898	0.3	111215
181	"08:52:20"	678.0	1.26	0.914	465	21	2.91	6	1	2.84	39.54	39.41	39.38	500.34	490.70	25.274	42.033	35.52	59.07	718.9	-1	443	101.6	10.7	0.0898	0.3	111215
182	"08:52:21"	679.0	1.27	0.911	465	20.9	2.91	6	1	2.84	39.54	39.41	39.38	500.35	490.72	25.280	42.017	35.52	59.04	718.9	-1	443	101.6	10.7	0.0898	0.3	111215
183	"08:52:23"	680.5	1.35	0.906	465	20.9	2.92	6	1	2.84	39.55	39.41	39.38	500.35	490.66	25.289	41.990	35.52	58.98	718.8	-1	443	101.6	10.7	0.0898	0.7	111215
184	"08:52:24"	681.5	1.32	0.903	465	20.9	2.92	6	1	2.84	39.55	39.42	39.39	500.30	490.66	25.295	41.971	35.53	58.95	718.8	-1	443	101.6	10.7	0.0898	0.7	111215
185	"08:52:25"	683.0	1.4	0.899	465	20.8	2.92	6	1	2.84	39.55	39.42	39.39	500.31	490.63	25.303	41.946	35.53	58.90	718.8	-1	444	101.6	10.7	0.0898	0.7	111215
186	"08:52:26"	683.5	1.43	0.898	465	20.8	2.93	6	1	2.84	39.56	39.42	39.39	500.30	490.59	25.307	41.942	35.53	58.89	718.8	-1	444	101.6	10.7	0.0898	0.7	111215
187	"08:52:27"	685.0	1.49	0.895	465	20.8	2.93	6	1	2.84	39.56	39.43	39.40	500.31	490.56	25.317	41.929	35.54	58.85	718.8	-1	446	101.6	10.7	0.0898	0.7	111215
188	"08:52:29"	686.5	1.5	0.891	465	20.7	2.93	6	1	2.84	39.57	39.43	39.40	500.31	490.56	25.325	41.911	35.54	58.81	718.8	-1	446	101.6	10.7	0.0898	0.7	111215
189	"08:52:30"	687.5	1.51	0.889	465	20.7	2.93	6	1	2.84	39.57	39.44	39.41	500.37	490.62	25.329	41.901	35.54	58.79	718.8	-1	445	101.6	10.7	0.0898	0.7	111215
190	"08:52:31"	689.0	1.52	0.886	465	20.7	2.94	6	1	2.84	39.57	39.44	39.41	500.34	490.60	25.337	41.879	35.54	58.74	718.8	-1	445	101.6	10.7	0.0898	0.7	111215
191	"08:52:32"	690.0	1.5	0.884	465	20.7	2.94	6	1	2.84	39.58	39.44	39.41	500.31	490.60	25.343	41.870	35.54	58.72	718.8	-1	444	101.6	10.7	0.0898	1.0	111215
192	"08:52:34"	691.5	1.17	0.881	465	20.6	2.94	6	1	2.84	39.58	39.45	39.42	500.11	490.68	25.351	41.854	35.54	58.68	718.8	-1	444	101.6	10.7	0.0898	1.0	111215
193	"08:52:35"	692.5	1.1	0.879	466	20.6	2.95	6	1	2.84	39.58	39.45	39.42	500.14	490.77	25.354	41.846	35.54	58.66	718.8	-1	444	101.6	10.7	0.0898	1.0	111215
194	"08:52:36"	694.0	1.24	0.876	465	20.6	2.95	6	1	2.84	39.59	39.46	39.43	500.26	490.79	25.359	41.833	35.54	58.63	718.8	-1	445	101.6	10.7	0.0898	1.0	111215
195	"08:52:37"	695.0	1.45	0.875	465	20.6	2.95	6	1	2.84	39.59	39.46	39.43	500.39	490.75	25.363	41.827	35.54	58.61	718.8	-1	446	101.6	10.7	0.0898	1.0	111215
196	"08:52:39"	696.5	1.66	0.872	464	20.6	2.96	6	1	2.84	39.60	39.47	39.44	500.42	490.62	25.376	41.816	35.55	58.58	718.7	-1	446	101.6	10.7	0.0898	1.0	111215
197	"08:52:40"	697.0	1.52	0.87	464	20.5	2.96	6	1	2.84	39.60	39.47	39.44	500.35	490.67	25.379	41.806	35.55	58.56	718.7	-1	447	101.6	10.7	0.0898	1.0	111215
198	"08:52:41"	698.5	1.43	0.867	465	20.5	2.96	6	1	2.84	39.61	39.48	39.44	500.27	490.68	25.387	41.794	35.55	58.53	718.7	-1	447	101.6	10.7	0.0898	1.0	111215
199	"08:52:42"	700.0	1.25	0.863	465	20.5	2.96	6	1	2.84	39.61	39.48	39.45	500.15	490.73	25.403	41.763	35.56	58.47	718.7	-1	448	101.6	10.7	0.0898	1.0	111215
200	"08:52:44"	701.5	1.46	0.859	464	20.4	2.97	6	1	2.84	39.61	39.48	39.45	500.26	490.69	25.413	41.743	35.57	58.43	718.6	-1	448	101.6	10.7	0.0898	1.0	111215
201	"08:52:45"	702.5	1.55	0.857	464	20.4	2.97	6	1	2.84	39.62	39.49	39.46	500.28	490.64	25.420	41.732	35.57	58.40	718.6	-1	448	101.6	10.7	0.0898	1.0	111215
202	"08:52:46"	704.0	1.65	0.853	464	20.3	2.98	6	1	2.84	39.62	39.50	39.46	500.31	490.60	25.430	41.711	35.58	58.35	718.6	-1	449	101.6	10.7	0.0898	1.0	111215
203	"08:52:47"	704.5	1.64	0.852	464	20.3	2.98	6	1	2.84	39.62	39.50	39.46	500.30	490.59	25.433	41.708	35.58	58.34	718.6	-1	450	101.6	10.7	0.0898	1.0	111215
204	"08:52:48"	706.0	1.63	0.849	464	20.3	2.98	6	1	2.84	39.63	39.50	39.47	500.26	490.58	25.443	41.697	35.58	58.31	718.6	-1	450	101.6	10.7	0.0898	1.0	111215
205	"08:52:50"	707.5	1.66	0.847	464	20.3	2.98	6	1	2.84	39.63	39.51	39.47	500.30	490.61	25.453	41.691	35.59	58.29	718.6	-1	450	101.6	10.7	0.0898	1.0	111215
206	"08:52:51"	708.5	1.65	0.846	464	20.3	2.98	6	1	2.84	39.64	39.51	39.47	500.33	490.65	25.458	41.684	35.59	58.27	718.6	-1	450	101.6	10.7	0.0898	1.0	111215
207	"08:52:52"	710.0	1.64	0.843	464	20.2	2.99	6	1	2.84	39.64	39.51	39.48	500.30	490.64	25.463	41.665	35.59	58.23	718.5	-1	449	101.6	10.7	0.0898	1.0	111215
208	"08:52:53"	711.0	1.56	0.841	464	20.2	2.99	6	1	2.84	39.65	39.52	39.48	500.26	490.66	25.469	41.654	35.59	58.21	718.5	-1	449	101.6	10.7	0.0898	1.0	111215
209	"08:52:55"	712.5	1.6	0.838	464	20.2	2.99	6	1	2.84	39.65	39.52	39.49	500.24	490.63	25.476	41.642	35.59	58.17	718.5	-1	448	101.6	10.7	0.0898	1.0	111215
210	"08:52:56"	713.5	1.64	0.837	464	20.2	3	6	1	2.84	39.65	39.53	39.49	500.29	490.65	25.484	41.636	35.59	58.16	718.6	-1	449	101.6	10.7	0.0898	1.0	111215
211	"08:52:57"	715.0	1.67	0.834	464	20.1	3	6	1	2.84	39.66	39.53	39.50	500.30	490.65	25.495	41.616	35.60	58.11	718.6	-1	449	101.6	10.7	0.0898	1.0	111215
212	"08:52:58"	716.0	1.61	0.831	464	20.1	3	6	1	2.84	39.66	39.53	39.50	500.29	490.70	25.501	41.599	35.60	58.08	718.5	-1	449	101.6	10.7	0.0898	1.0	111215
213	"08:53:00"	717.5	1.58	0.828	464	20.1	3	6	1	2.84	39.67	39.53	39.50	500.24	490.69	25.510	41.583	35.61	58.04	718.5	-1	450	101.6	10.7	0.0898	1.0	111215
214	"08:53:01"	718.5	1.42	0.827	464	20.1	3.01	6	1	2.84	39.67	39.53	39.51	500.15	490.75	25.516	41.576	35.61	58.02	718.4	-1	450	101.6	10.7	0.0898	1.0	111215
215	"08:53:02"	720.0	1.46	0.824	464	20	3.01	6	1	2.84	39.67	39.54	39.51	500.15	490.72	25.529	41.561	35.62	57.98	718.4	-1	450	101.6	10.7	0.0898	1.0	111215
216	"08:53:03"	721.0	1.57	0.821	464	20	3.01	6	1	2.84	39.68	39.54	39.52	500.18	490.68	25.536	41.548	35.62	57.95	718.4	-1	451	101.6	10.7	0.0898	1.0	111215
217	"08:53:05"	722.5	1.76	0.818	463	20	3.02	6	1	2.84	39.68	39.55	39.52	500.27	490.62	25.545	41.525	35.62	57.91	718.4	-1	451	101.6	10.7	0.0898	1.0	111215
218	"08:53:06"	723.5	1.83	0.816	463	19.9	3.02	6	1	2.84	39.69	39.55	39.52	500.29	490.59	25.551	41.512	35.63	57.88	718.4	-1	451	101.6	10.7	0.0898	1.0	111215
219	"08:53:07"	725.0	1.75	0.813	463	19.9	3.02	6	1	2.84	39.69	39.56	39.53	500.27	490.65	25.557	41.496	35.63	57.85	718.4	-1	450	101.6	10.7	0.0898	1.0	111215
220	"08:53:09"	726.5	1.77	0.81	463	19.9	3.03	6	1	2.84	39.69	39.56	39.53	500.31	490.69	25.565	41.477	35.63	57.81	718.4	-1	405	101.6	10.7	0.0898	1.0	111215
221	"08:53:10"	727.5	1.76	0.807	463	19.8	3.03	6	1	2.84	39.70	39.57	39.54	500.32	490.71	25.571	41.465	35.63	57.78	718.3	-1	403	101.6	10.7	0.0898	1.0	111215
222	"08:53:11"	729.0	1.9	0.802	463	19.8	3.04	6	1	2.84	39.70	39.58	39.54	500.41	490.71	25.583	41.438	35.64	57.73	718.3	-1	403	101.6	10.7	0.0898	1.0	111215
223	"08:53:12"	730.0	1.94	0.798	463	19.7	3.04	6	1	2.84	39.71	39.58	39.54	500.47	490.75	25.590	41.403	35.64	57.67	718.3	-1	448	101.6	10.7	0.0898	1.0	111215
224	"08:53:14"	731.5	1.95	0.79	462	19.7	3.05	6	1	2.84	39.71	39.59	39.55	500.47	490.78	25.599	41.334	35.64	57.55	718.3	-1	448	101.6	10.7	0.0898	1.0	111215
225	"08:53:15"	732.0	1.98	0.787	462	19.6	3.05	6	1	2.84	39.71	39.59	39.55	500.50	490.81	25.601	41.310	35.64	57.51	718.3	-1	447	101.6	10.7	0.0898	1.0	111215
226	"08:53:16"	734.0	1.96	0.777	462	19.5	3.06	6	1	2.84	39.72	39.59	39.56	500.42	490.79	25.610	41.214	35.64	57.36	718.3	-1	445	101.6	10.7	0.0898	0.7	111215
227	"08:53:17"	734.5	2.01	0.775	462	19.5	3.07	6	1	2.84	39.72	39.59	39.56	500.44	490.78	25.611	41.199	35.64	57.34	718.3	-1	445	101.6	10.7	0.0898	0.7	111215
228	"08:53:18"	735.5	1.95	0.771	462	19.4	3.07	6	1	2.84	39.72	39.59	39.56	500.38	490.79	25.614	41.163	35.64	57.28	718.1	-1	445	101.6	10.7	0.0898	0.7	111215
229	"08:53:20"	737.5	2.41	0.766	461	19.4	3.08	6	1	2.84	39.73	39.60	39.57	500.87	490.91	25.593	41.111	35.60	57.19	717.8	-1	445	101.6	10.7	0.0898	0.3	111215
230	"08:53:21"	738.0	2.85	0.767	460	19.4	3.08	6	1	2.84	39.73	39.60	39.57	501.31	490.97	25.553	41.098	35.54	57.17	717.7	-1	445	101.6	10.7	0.0898	0.3	111215
231	"08:53:22"	739.0	4.03	0.775	457	19.6	3.08	6	1	2.84	39.73	39.61	39.57	502.36	490.95	25.370	41.068	35.28	57.12	717.6	-1	445	101.6	10.7	0.0898	0.3	111215
232	"08:53:23"	740.0	4.83	0.794	455	20	3.09	6	1	2.84	39.74	39.61	39.58	503.30	491.06	25.015	41.038	34.78	57.06	717.7	-1	445	101.6	10.7	0.0898	0.3	111215
233	"08:53:24"	741.0	5.05	0.823	455	20.6	3.09	6	1	2.84	39.74	39.61	39.58	503.76	491.09	24.514	41.003	34.08	57.01	717.8	-1	445	101.6	10.7	0.0898	0.0	111215
234	"08:53:25"	742.0	4.39	0.854	457	21.2	3.1	6	1	2.84	39.74	39.61	39.58	503.56	491.17	23.952	40.958	33.30	56.94	717.9	-1	445	101.6	10.7	0.0898	0.0	111215
235	"08:53:27"	744.5	1.77	0.906	464	22.3	3.12	6	1	2.84	39.75	39.62	39.59	502.10	491.46	22.909	40.802	31.83	56.70	717.9	-1	445	101.6	10.7	0.0898	0.0	111215
236	"08:53:28"	745.5	1.04	0.911	465	22.5	3.13	6	1	2.84	39.75	39.63	39.60	501.71	491.61	22.695	40.719	31.53	56.57	717.8	-1	445	101.6	10.7	0.0898	0.0	111215
237	"08:53:29"	747.0	0.342	0.907	467	22.5	3.14	6	1	2.84	39.76	39.63	39.60	501.30	491.76	22.513	40.576	31.27	56.36	718.0	-1	445	101.6	10.7	0.0898	0.0	111215
238	"08:53:30"	748.0	0.114	0.902	467	22.5	3.15	6	1	2.84	39.76	39.63	39.60	501.10	491.76	22.440	40.481	31.16	56.22	717.9	-1	445	101.6	10.7	0.0898	0.0	111215
239	"08:53:32"	749.5	0.00154	0.89	467	22.4	3.17	6	1	2.84	39.76	39.64	39.61	500.91	491.70	22.369	40.338	31.06	56.01	717.1	-1	445	101.6	10.7	0.0898	0.0	111215
240	"08:53:33"	750.0	0.485	0.885	466	22.3	3.18	6	1	2.84	39.77	39.64	39.61	501.28	491.68	22.349	40.291	31.03	55.94	716.8	-1	445	101.6	10.7	0.0898	0.0	111215
241	"08:53:34"	752.0	7.09	0.888	451	22.5	3.2	6	1	2.84	39.77	39.64	39.62	506.90	491.67	21.993	40.114	30.52	55.68	715.7	-1	445	101.6	10.7	0.0898	0.0	111215
242	"08:53:35"	752.5	8.76	0.899	448	22.8	3.2	6	1	2.84	39.77	39.64	39.62	508.45	491.72	21.740	40.066	30.17	55.61	715.7	-1	445	101.6	10.7	0.0898	0.0	111215
243	"08:53:36"	753.5	10.7	0.937	444	23.6	3.21	6	1	2.84	39.78	39.65	39.62	510.69	491.98	20.998	39.963	29.14	55.45	715.9	-1	445	101.6	10.7	0.0898	0.0	111215
244	"08:53:38"	754.5	10	0.991	447	24.7	3.22	6	1	2.84	39.78	39.65	39.62	510.86	492.30	20.011	39.858	27.76	55.30	716.1	-1	445	101.6	10.7	0.0898	0.0	111215
245	"08:53:39"	757.0	0.721	1.1	467	27	3.26	6	1	2.84	39.79	39.65	39.63	504.96	493.19	17.744	39.486	24.61	54.76	716.3	-1	445	101.6	10.7	0.0898	0.0	111215
246	"08:53:40"	758.0	-1.63	1.12	471	27.4	3.28	6	1	2.84	39.79	39.65	39.64	503.35	493.38	17.236	39.305	23.90	54.51	716.3	-1	446	101.6	10.7	0.0898	0.0	111215
247	"08:53:42"	758.5	-2.35	1.12	472	27.5	3.29	6	1	2.84	39.79	39.65	39.64	502.82	493.41	17.060	39.205	23.66	54.36	716.3	-1	446	101.6	10.7	0.0898	0.0	111215
248	"08:53:59"	776.5	-0.481	0.828	464	24.2	3.64	6	1	2.84	39.84	39.70	39.69	500.61	491.03	16.387	35.985	22.66	49.76	715.6	-1	452	101.6	10.7	0.0898	0.0	111215
249	"08:54:00"	777.5	-0.349	0.824	464	24.2	3.64	6	1	2.84	39.84	39.70	39.70	500.59	490.93	16.385	35.939	22.65	49.69	715.6	-1	452	101.6	10.7	0.0898	0.0	111215
250	"08:54:01"	779.0	-0.199	0.817	463	24.1	3.65	6	1	2.84	39.85	39.70	39.70	500.57	490.82	16.381	35.861	22.65	49.58	715.6	-1	452	101.6	10.7	0.0898	0.3	111215
251	"08:54:02"	780.0	-0.0885	0.811	463	24	3.66	6	1	2.84	39.85	39.70	39.70	500.55	490.75	16.377	35.785	22.64	49.47	715.5	-1	452	101.6	10.7	0.0898	0.3	111215
252	"08:54:04"	781.5	0.153	0.798	462	23.8	3.68	6	1	2.84	39.85	39.71	39.71	500.56	490.63	16.371	35.629	22.62	49.24	715.5	-1	453	101.6	10.7	0.0898	0.0	111215
253	"08:54:05"	782.5	0.37	0.79	461	23.7	3.69	6	1	2.84	39.86	39.71	39.71	500.60	490.54	16.367	35.534	22.61	49.10	715.8	-1	453	101.6	10.7	0.0898	0.3	111215
254	"08:54:06"	784.0	-0.0659	0.778	462	23.5	3.7	6	1	2.84	39.86	39.72	39.71	500.09	490.47	16.365	35.392	22.61	48.89	715.7	-1	454	101.6	10.7	0.0898	0.0	111215
255	"08:54:07"	785.0	-1.15	0.769	465	23.4	3.71	6	1	2.84	39.86	39.72	39.72	499.06	490.41	16.405	35.304	22.66	48.76	715.6	-1	454	101.6	10.7	0.0898	0.0	111215
256	"08:54:09"	786.5	-0.263	0.749	462	23	3.73	6	1	2.84	39.87	39.72	39.72	499.53	490.31	16.596	35.174	22.92	48.57	715.6	-1	454	101.6	10.7	0.0898	0.3	111215
257	"08:54:10"	787.5	0.464	0.736	460	22.7	3.74	6	1	2.84	39.87	39.73	39.72	499.96	490.23	16.714	35.095	23.08	48.45	715.8	-1	454	101.6	10.7	0.0898	0.3	111215
258	"08:54:11"	789.0	-0.697	0.721	463	22.4	3.75	6	1	2.84	39.87	39.73	39.73	498.72	490.10	16.864	34.989	23.28	48.29	716.7	-1	455	101.6	10.7	0.0898	0.0	111215
259	"08:54:12"	790.0	-3.1	0.707	469	22.1	3.76	6	1	2.84	39.88	39.74	39.73	496.48	490.00	17.053	34.923	23.53	48.19	716.8	-1	455	101.6	10.7	0.0898	0.0	111215
260	"08:54:13"	790.5	-4.68	0.697	474	21.9	3.76	6	1	2.84	39.88	39.74	39.73	494.99	489.93	17.209	34.896	23.75	48.15	716.9	-1	455	101.6	10.7	0.0898	0.0	111215
261	"08:54:15"	791.5	-6.38	0.669	478	21.2	3.77	6	1	2.84	39.88	39.74	39.73	493.03	489.67	17.713	34.851	24.44	48.08	716.8	-1	456	101.6	10.7	0.0898	0.0	111215
262	"08:54:16"	792.5	-4.91	0.632	475	20.3	3.78	6	1	2.84	39.89	39.75	39.74	493.52	489.33	18.428	34.817	25.42	48.03	716.6	-1	456	101.6	10.7	0.0898	0.0	111215
263	"08:54:17"	795.0	1.43	0.555	455	18.2	3.78	6	1	2.84	39.90	39.76	39.75	497.28	488.61	20.065	34.813	27.66	48.00	716.4	-1	457	101.6	10.7	0.0898	0.0	111215
264	"08:54:19"	796.5	3.68	0.535	447	17.7	3.78	6	1	2.84	39.90	39.76	39.75	498.74	488.43	20.575	34.866	28.36	48.06	716.4	-1	458	101.6	10.7	0.0898	0.0	111215
265	"08:54:20"	798.0	4.69	0.53	443	17.5	3.77	6	1	2.84	39.91	39.77	39.75	499.42	488.34	20.815	34.962	28.68	48.18	716.5	-1	458	101.6	10.7	0.0898	0.0	111215
266	"08:54:21"	799.0	5.05	0.531	442	17.5	3.76	6	1	2.84	39.91	39.77	39.76	499.73	488.35	20.900	35.033	28.79	48.26	716.5	-1	459	101.6	10.7	0.0898	0.0	111215
267	"08:54:22"	800.0	5.27	0.532	442	17.5	3.76	6	1	2.84	39.91	39.78	39.76	499.90	488.33	20.954	35.106	28.86	48.35	716.5	-1	459	101.6	10.7	0.0898	0.0	111215
268	"08:54:24"	801.5	5.58	0.538	441	17.6	3.75	6	1	2.84	39.92	39.78	39.76	500.24	488.36	21.002	35.226	28.92	48.50	716.5	-1	459	101.6	10.7	0.0898	0.3	111215
269	"08:54:25"	802.5	5.64	0.541	441	17.7	3.74	6	1	2.84	39.92	39.79	39.77	500.40	488.44	21.023	35.301	28.94	48.60	716.5	-1	460	101.6	10.7	0.0898	0.3	111215
270	"08:54:26"	804.0	5.74	0.547	441	17.8	3.73	6	1	2.84	39.93	39.79	39.77	500.65	488.56	21.044	35.417	28.96	48.75	716.6	-1	461	101.6	10.7	0.0898	0.0	111215
271	"08:54:27"	805.0	5.63	0.551	442	17.9	3.73	6	1	2.84	39.93	39.80	39.78	500.77	488.75	21.054	35.488	28.97	48.83	716.5	-1	461	101.6	10.7	0.0898	0.3	111215
272	"08:54:28"	805.5	5.63	0.552	442	17.9	3.72	6	1	2.84	39.93	39.80	39.78	500.84	488.80	21.059	35.520	28.98	48.87	716.5	-1	461	101.6	10.7	0.0898	0.3	111115
273	"08:54:30"	807.5	5.54	0.554	442	17.9	3.72	6	1	2.84	39.94	39.82	39.78	501.14	489.08	21.071	35.644	28.98	49.02	712.5	-1	462	101.6	10.7	0.0898	0.0	111115
274	"08:54:31"	809.0	5.26	0.524	442	17.1	3.72	6	1	2.84	39.95	39.84	39.79	501.38	489.28	21.082	35.730	28.99	49.13	676.1	-1	463	101.7	10.7	0.0898	0.3	111115
275	"08:54:32"	810.0	6.68	0.498	437	16.4	3.71	6	1	2.84	39.95	39.85	39.79	503.02	489.40	21.156	35.800	29.08	49.21	646.7	-1	463	101.6	10.7	0.0898	0.0	111115
276	"08:54:33"	810.5	6.48	0.487	437	16	3.71	6	1	2.84	39.95	39.85	39.79	503.04	489.44	21.162	35.836	29.09	49.26	632.3	-1	463	101.6	10.7	0.0898	0.0	111115
277	"08:54:35"	812.5	5.76	0.466	439	15.4	3.7	6	1	2.84	39.96	39.86	39.80	502.95	489.65	21.163	36.002	29.08	49.47	599.9	-1	463	101.6	10.7	0.0898	0.0	111115
278	"08:54:36"	814.0	3.67	0.476	448	15.6	3.68	6	1	2.84	39.97	39.86	39.80	501.16	489.83	21.084	36.156	28.96	49.66	600.1	-1	463	101.6	10.7	0.0898	0.0	111115
279	"08:54:37"	815.0	3.43	0.483	449	15.8	3.67	6	1	2.84	39.97	39.87	39.81	501.11	489.96	21.075	36.277	28.94	49.82	600.1	-1	464	101.6	10.7	0.0898	0.0	111115
280	"08:54:39"	816.5	3.04	0.494	451	16	3.65	6	1	2.84	39.98	39.87	39.81	500.94	490.07	21.077	36.485	28.94	50.09	600.1	-1	467	101.6	10.7	0.0898	0.0	111115
281	"08:54:40"	817.5	2.96	0.502	451	16.1	3.64	6	1	2.84	39.98	39.87	39.82	500.93	490.06	21.079	36.633	28.93	50.28	600.1	-1	468	101.6	10.7	0.0898	0.0	111115
282	"08:54:41"	819.0	2.88	0.513	452	16.4	3.62	6	1	2.84	39.99	39.88	39.82	500.94	490.04	21.085	36.852	28.93	50.57	600.1	-1	469	101.6	10.7	0.0898	0.0	111115
283	"08:54:42"	820.0	2.81	0.521	452	16.5	3.61	6	1	2.84	39.99	39.89	39.82	500.99	490.08	21.087	36.997	28.93	50.76	600.1	-1	469	101.6	10.7	0.0898	0.0	111115
284	"08:54:44"	821.5	2.5	0.532	454	16.7	3.59	6	1	2.84	39.99	39.89	39.83	500.91	490.20	21.090	37.206	28.92	51.03	600.1	-1	470	101.6	10.7	0.0898	0.0	111115
285	"08:54:45"	822.5	2.29	0.539	455	16.9	3.58	6	1	2.84	40.00	39.89	39.83	500.87	490.31	21.093	37.333	28.92	51.19	600.1	-1	470	101.6	10.7	0.0898	0.0	111115
286	"08:54:46"	824.0	2.15	0.549	456	17.1	3.56	6	1	2.84	40.00	39.90	39.84	500.85	490.34	21.097	37.510	28.92	51.42	600.0	-1	470	101.6	10.7	0.0898	0.0	111115
287	"08:54:47"	825.0	2.19	0.555	456	17.2	3.55	6	1	2.84	40.01	39.90	39.84	500.92	490.33	21.102	37.610	28.92	51.55	600.0	-1	470	101.6	10.7	0.0898	0.0	111115
288	"08:54:49"	826.5	2.14	0.563	456	17.3	3.54	6	1	2.84	40.01	39.90	39.85	500.91	490.29	21.107	37.751	28.92	51.73	600.1	-1	470	101.6	10.7	0.0898	0.0	111115
289	"08:54:50"	827.5	2.14	0.568	456	17.4	3.53	6	1	2.84	40.01	39.90	39.85	500.93	490.27	21.112	37.834	28.92	51.83	600.2	-1	470	101.6	10.7	0.0898	0.0	111115
290	"08:54:51"	829.0	1.86	0.574	457	17.5	3.52	6	1	2.84	40.02	39.91	39.85	500.83	490.38	21.117	37.951	28.92	51.98	600.2	-1	471	101.6	10.7	0.0898	0.0	111115
291	"08:54:52"	830.0	1.84	0.578	457	17.6	3.51	6	1	2.84	40.02	39.91	39.86	500.85	490.39	21.120	38.022	28.92	52.07	600.1	-1	471	101.6	10.7	0.0898	0.0	111115
292	"08:54:54"	831.5	1.73	0.583	458	17.7	3.51	6	1	2.84	40.03	39.91	39.86	500.85	490.45	21.126	38.112	28.92	52.18	600.0	-1	471	101.6	10.7	0.0898	0.3	111115
293	"08:54:55"	832.5	1.78	0.586	458	17.7	3.5	6	1	2.84	40.03	39.91	39.86	500.90	490.44	21.132	38.169	28.93	52.25	600.1	-1	471	101.6	10.7	0.0898	0.3	111115
294	"08:54:56"	834.0	1.75	0.591	458	17.8	3.49	6	1	2.84	40.03	39.91	39.87	500.91	490.44	21.138	38.241	28.93	52.33	600.1	-1	471	101.6	10.7	0.0898	0.3	111115
295	"08:54:57"	835.0	1.68	0.594	458	17.8	3.49	6	1	2.84	40.04	39.91	39.87	500.88	490.46	21.142	38.291	28.93	52.40	600.1	-1	472	101.6	10.7	0.0898	0.3	111115
296	"08:54:59"	836.5	1.45	0.597	459	17.9	3.48	6	1	2.84	40.04	39.92	39.88	500.76	490.54	21.145	38.355	28.93	52.47	600.0	-1	472	101.6	10.7	0.0898	0.3	111115
297	"08:55:00"	837.5	1.32	0.599	460	17.9	3.48	6	1	2.84	40.04	39.92	39.88	500.66	490.55	21.148	38.393	28.93	52.52	600.0	-1	472	101.6	10.7	0.0898	0.3	111115
298	"08:55:01"	839.0	1.3	0.602	460	18	3.48	6	1	2.84	40.05	39.93	39.88	500.66	490.53	21.150	38.444	28.93	52.58	600.1	-1	472	101.6	10.7	0.0898	0.3	111115
299	"08:55:02"	840.0	1.27	0.604	460	18	3.47	6	1	2.84	40.05	39.93	39.89	500.67	490.56	21.152	38.477	28.92	52.61	600.1	-1	472	101.6	10.7	0.0898	0.7	111115
300	"08:55:04"	841.5	1.29	0.606	460	18.1	3.47	6	1	2.84	40.05	39.94	39.89	500.70	490.55	21.155	38.515	28.92	52.66	600.1	-1	472	101.6	10.7	0.0898	0.7	111115
301	"08:55:05"	842.5	1.25	0.606	460	18.1	3.47	6	1	2.84	40.06	39.94	39.89	500.68	490.57	21.158	38.534	28.92	52.67	600.1	-1	472	101.6	10.7	0.0898	0.7	111115
302	"08:55:06"	844.0	1.32	0.607	460	18.1	3.47	6	1	2.84	40.06	39.94	39.90	500.76	490.57	21.161	38.559	28.92	52.70	600.1	-1	472	101.6	10.7	0.0898	0.7	111115
303	"08:55:07"	845.0	1.31	0.608	460	18.1	3.47	6	1	2.84	40.06	39.95	39.90	500.82	490.63	21.163	38.575	28.92	52.71	600.2	-1	472	101.6	10.7	0.0898	0.7	111115
304	"08:55:09"	846.5	1.45	0.609	459	18.1	3.47	6	1	2.84	40.07	39.95	39.91	500.92	490.57	21.167	38.595	28.92	52.73	600.2	-1	472	101.6	10.7	0.0898	0.7	111115
305	"08:55:10"	847.5	1.49	0.609	459	18.1	3.47	6	1	2.84	40.07	39.95	39.91	500.95	490.56	21.172	38.604	28.92	52.73	600.2	-1	472	101.6	10.7	0.0898	0.7	111115
306	"08:55:11"	849.0	1.46	0.609	459	18.1	3.47	6	1	2.84	40.08	39.96	39.91	500.91	490.55	21.174	38.618	28.91	52.74	600.0	-1	473	101.6	10.7	0.0898	0.7	111115
307	"08:55:12"	850.0	1.27	0.609	460	18.1	3.47	6	1	2.84	40.08	39.96	39.92	500.80	490.63	21.175	38.624	28.91	52.74	600.0	-1	473	101.6	10.7	0.0898	0.7	111115
308	"08:55:14"	851.5	1.28	0.61	460	18.2	3.47	6	1	2.84	40.08	39.97	39.92	500.70	490.51	21.179	38.636	28.91	52.74	600.0	-1	473	101.6	10.7	0.0898	0.7	111115
309	"08:55:15"	852.5	1.18	0.609	460	18.2	3.47	6	1	2.84	40.09	39.97	39.92	500.64	490.55	21.182	38.637	28.91	52.73	600.0	-1	473	101.6	10.7	0.0898	0.7	111115
310	"08:55:16"	854.0	1.32	0.609	460	18.2	3.48	6	1	2.84	40.09	39.97	39.93	500.70	490.48	21.189	38.638	28.91	52.72	600.1	-1	471	101.6	10.7	0.0898	1.0	111115
311	"08:55:17"	855.0	1.35	0.608	459	18.1	3.48	6	1	2.84	40.09	39.98	39.93	500.76	490.51	21.192	38.635	28.91	52.71	600.1	-1	470	101.6	10.7	0.0898	1.0	111115
312	"08:55:19"	856.5	1.38	0.607	459	18.1	3.48	6	1	2.84	40.10	39.98	39.94	500.81	490.53	21.194	38.632	28.91	52.69	600.1	-1	467	101.6	10.7	0.0898	1.0	111115
313	"08:55:20"	857.5	1.4	0.607	459	18.1	3.48	6	1	2.84	40.10	39.99	39.94	500.80	490.50	21.196	38.633	28.91	52.69	600.1	-1	466	101.6	10.7	0.0898	1.0	111115
314	"08:55:21"	859.0	1.36	0.606	459	18.1	3.48	6	1	2.84	40.10	39.99	39.94	500.79	490.54	21.200	38.620	28.91	52.66	600.2	-1	465	101.6	10.7	0.0898	1.0	111115
315	"08:55:22"	860.0	1.38	0.605	459	18.1	3.49	6	1	2.84	40.11	40.00	39.95	500.78	490.52	21.205	38.613	28.91	52.64	600.2	-1	465	101.6	10.7	0.0898	1.0	111115
316	"08:55:24"	861.5	1.46	0.603	459	18.1	3.49	6	1	2.84	40.11	40.00	39.95	500.80	490.47	21.211	38.598	28.91	52.61	600.1	-1	465	101.6	10.7	0.0898	1.0	111115
317	"08:55:25"	862.5	1.51	0.602	459	18.1	3.49	6	1	2.84	40.11	40.00	39.96	500.81	490.44	21.213	38.591	28.91	52.59	600.0	-1	465	101.6	10.7	0.0898	1.0	111115
318	"08:55:26"	864.0	1.42	0.601	459	18.1	3.49	6	1	2.84	40.12	40.01	39.96	500.80	490.52	21.217	38.578	28.91	52.56	600.0	-1	465	101.6	10.7	0.0898	1.0	111115
319	"08:55:27"	865.0	1.33	0.6	459	18	3.5	6	1	2.84	40.12	40.01	39.96	500.79	490.61	21.221	38.562	28.91	52.53	600.1	-1	464	101.6	10.7	0.0898	1.0	111115
320	"08:55:29"	866.5	1.41	0.598	459	18	3.5	6	1	2.84	40.13	40.01	39.97	500.86	490.60	21.227	38.549	28.91	52.49	600.1	-1	464	101.6	10.7	0.0898	1.0	111115
321	"08:55:30"	867.5	1.53	0.597	459	18	3.5	6	1	2.84	40.13	40.02	39.97	500.91	490.55	21.229	38.541	28.90	52.47	600.1	-1	464	101.6	10.7	0.0898	1.0	111115
322	"08:55:31"	869.0	1.62	0.596	458	18	3.51	6	1	2.84	40.14	40.02	39.98	500.96	490.52	21.230	38.528	28.90	52.44	600.0	-1	464	101.6	10.7	0.0898	1.0	111115
323	"08:55:32"	870.0	1.57	0.595	459	18	3.51	6	1	2.84	40.14	40.02	39.98	500.92	490.53	21.230	38.519	28.89	52.42	600.0	-1	463	101.6	10.7	0.0898	1.0	111115
324	"08:55:34"	871.5	1.53	0.594	459	18	3.51	6	1	2.84	40.14	40.03	39.99	500.92	490.58	21.232	38.508	28.89	52.40	600.1	-1	463	101.6	10.7	0.0898	1.0	111115
325	"08:55:35"	872.5	1.31	0.594	459	18	3.51	6	1	2.84	40.15	40.03	39.99	500.82	490.70	21.236	38.503	28.89	52.38	600.1	-1	463	101.6	10.7	0.0898	1.0	111115
326	"08:55:36"	874.0	1.33	0.592	459	17.9	3.52	6	1	2.84	40.15	40.03	39.99	500.82	490.69	21.242	38.490	28.89	52.35	600.2	-1	462	101.6	10.7	0.0898	1.0	111115
327	"08:55:37"	875.0	1.3	0.591	459	17.9	3.52	6	1	2.84	40.15	40.04	40.00	500.77	490.68	21.246	38.475	28.89	52.32	600.2	-1	462	101.6	10.7	0.0898	1.0	111115
328	"08:55:39"	876.5	1.36	0.589	459	17.9	3.52	6	1	2.84	40.16	40.04	40.00	500.76	490.62	21.251	38.457	28.89	52.28	600.0	-1	462	101.6	10.7	0.0898	1.0	111115
329	"08:55:40"	877.5	1.26	0.587	459	17.9	3.52	6	1	2.84	40.16	40.05	40.00	500.71	490.68	21.253	38.442	28.89	52.26	600.0	-1	461	101.6	10.7	0.0898	1.0	111115
330	"08:55:41"	879.0	1.26	0.586	459	17.9	3.53	6	1	2.84	40.17	40.05	40.01	500.74	490.72	21.255	38.425	28.88	52.22	599.9	-1	461	101.6	10.7	0.0898	1.0	111115
331	"08:55:42"	880.0	1.42	0.585	459	17.8	3.53	6	1	2.84	40.17	40.06	40.01	500.83	490.66	21.256	38.415	28.88	52.19	599.9	-1	461	101.6	10.7	0.0898	1.0	111115
332	"08:55:44"	881.5	1.59	0.584	458	17.8	3.53	6	1	2.84	40.17	40.06	40.02	500.93	490.60	21.261	38.399	28.88	52.16	600.0	-1	461	101.6	10.7	0.0898	1.0	111115
333	"08:55:45"	882.5	1.56	0.583	458	17.8	3.54	6	1	2.84	40.18	40.06	40.02	500.93	490.63	21.265	38.387	28.88	52.14	600.1	-1	461	101.6	10.7	0.0898	1.0	111115
334	"08:55:46"	884.0	1.4	0.58	459	17.8	3.54	6	1	2.84	40.18	40.07	40.03	500.83	490.71	21.270	38.362	28.88	52.09	600.1	-1	460	101.6	10.7	0.0898	1.0	111115
335	"08:55:47"	885.0	1.32	0.579	459	17.8	3.54	6	1	2.84	40.19	40.07	40.03	500.77	490.74	21.271	38.347	28.87	52.06	600.1	-1	460	101.6	10.7	0.0898	1.0	111115
336	"08:55:49"	886.5	1.4	0.577	459	17.7	3.55	6	1	2.84	40.19	40.07	40.03	500.82	490.71	21.269	38.325	28.86	52.01	600.0	-1	455	101.6	10.7	0.0898	1.0	111115
337	"08:55:50"	887.5	1.46	0.576	459	17.7	3.55	6	1	2.84	40.20	40.08	40.04	500.85	490.69	21.268	38.312	28.86	51.98	600.1	-1	455	101.6	10.7	0.0898	1.0	111115
338	"08:55:51"	889.0	1.59	0.575	458	17.7	3.55	6	1	2.84	40.20	40.08	40.04	500.89	490.61	21.267	38.292	28.85	51.95	600.2	-1	459	101.6	10.7	0.0898	1.0	111115
339	"08:55:52"	890.0	1.6	0.574	458	17.7	3.56	6	1	2.84	40.20	40.08	40.05	500.91	490.63	21.269	38.276	28.85	51.92	600.2	-1	464	101.6	10.7	0.0898	1.0	111115
340	"08:55:54"	891.5	1.68	0.572	458	17.7	3.56	6	1	2.84	40.21	40.09	40.05	500.95	490.60	21.270	38.257	28.84	51.88	600.1	-1	468	101.6	10.7	0.0898	1.0	111115
341	"08:55:55"	892.5	1.71	0.571	457	17.6	3.56	6	1	2.84	40.21	40.09	40.05	500.96	490.59	21.275	38.241	28.84	51.85	600.0	-1	467	101.6	10.7	0.0898	1.0	111115
342	"08:55:56"	894.0	1.74	0.569	457	17.6	3.56	6	1	2.84	40.22	40.09	40.06	500.94	490.56	21.281	38.219	28.84	51.80	600.0	-1	467	101.7	10.7	0.0898	1.0	111115
343	"08:55:57"	895.0	1.67	0.568	458	17.6	3.57	6	1	2.84	40.22	40.09	40.06	500.90	490.60	21.283	38.204	28.84	51.77	600.0	-1	467	101.7	10.7	0.0898	1.0	111115
344	"08:55:59"	896.5	1.59	0.566	458	17.6	3.57	6	1	2.84	40.22	40.10	40.07	500.88	490.68	21.288	38.182	28.84	51.73	600.0	-1	467	101.7	10.7	0.0898	1.0	111115
345	"08:56:00"	897.0	1.56	0.566	458	17.6	3.57	6	1	2.84	40.22	40.10	40.07	500.86	490.69	21.290	38.178	28.84	51.72	600.1	-1	467	101.7	10.7	0.0898	1.0	111115
346	"08:56:01"	899.0	1.47	0.565	458	17.5	3.58	6	1	2.84	40.23	40.11	40.08	500.85	490.77	21.296	38.168	28.84	51.69	600.2	-1	467	101.7	10.7	0.0898	1.0	111115
347	"08:56:02"	900.0	1.48	0.564	458	17.5	3.58	6	1	2.84	40.23	40.11	40.08	500.84	490.75	21.298	38.161	28.84	51.68	600.2	-1	467	101.7	10.7	0.0898	1.0	111115
348	"08:56:04"	901.5	1.51	0.562	458	17.5	3.58	6	1	2.84	40.24	40.11	40.08	500.84	490.74	21.300	38.132	28.84	51.62	600.1	-1	468	101.7	10.7	0.0898	1.0	111115
349	"08:56:05"	902.5	1.63	0.56	458	17.5	3.59	6	1	2.84	40.24	40.12	40.09	500.85	490.65	21.303	38.113	28.84	51.59	600.0	-1	468	101.6	10.7	0.0898	1.0	111115
350	"08:56:06"	904.0	1.61	0.558	458	17.4	3.59	6	1	2.84	40.24	40.12	40.09	500.87	490.70	21.306	38.090	28.83	51.55	599.9	-1	468	101.6	10.7	0.0898	1.0	111115
351	"08:56:07"	905.0	1.54	0.558	458	17.4	3.59	6	1	2.84	40.25	40.12	40.09	500.82	490.72	21.311	38.088	28.83	51.54	599.9	-1	468	101.6	10.7	0.0898	1.0	111115
352	"08:56:09"	906.5	1.64	0.556	457	17.4	3.59	6	1	2.84	40.25	40.13	40.10	500.92	490.73	21.317	38.073	28.84	51.50	600.0	-1	468	101.6	10.7	0.0898	1.0	111115
353	"08:56:10"	907.5	1.49	0.556	458	17.4	3.6	6	1	2.84	40.26	40.13	40.10	500.87	490.84	21.320	38.066	28.83	51.48	600.1	-1	468	101.6	10.7	0.0898	1.0	111115
354	"08:56:11"	909.0	1.59	0.554	458	17.4	3.6	6	1	2.84	40.26	40.14	40.11	500.91	490.78	21.326	38.054	28.83	51.45	600.1	-1	468	101.6	10.7	0.0898	1.0	111115
355	"08:56:12"	910.0	1.48	0.554	458	17.4	3.6	6	1	2.84	40.26	40.14	40.11	500.84	490.83	21.328	38.049	28.83	51.44	600.1	-1	469	101.6	10.7	0.0898	1.0	111115
356	"08:56:14"	911.5	1.62	0.552	457	17.4	3.6	6	1	2.84	40.27	40.14	40.12	500.90	490.76	21.332	38.034	28.83	51.41	600.0	-1	468	101.6	10.7	0.0898	1.0	111115
357	"08:56:15"	912.5	1.66	0.552	457	17.4	3.61	6	1	2.84	40.27	40.14	40.12	500.93	490.75	21.336	38.030	28.83	51.39	600.0	-1	468	101.6	10.7	0.0898	1.0	111115
358	"08:56:16"	914.0	1.54	0.551	458	17.3	3.61	6	1	2.84	40.28	40.15	40.12	500.86	490.81	21.339	38.019	28.83	51.36	600.0	-1	468	101.6	10.7	0.0898	1.0	111115
359	"08:56:17"	915.0	1.47	0.55	458	17.3	3.61	6	1	2.84	40.28	40.15	40.13	500.79	490.82	21.342	38.014	28.83	51.35	600.1	-1	468	101.6	10.7	0.0898	1.0	111115
360	"08:56:19"	916.5	1.49	0.55	458	17.3	3.61	6	1	2.84	40.28	40.15	40.13	500.79	490.80	21.347	38.005	28.83	51.32	600.1	-1	468	101.6	10.7	0.0898	1.0	111115
361	"08:56:20"	917.5	1.63	0.549	457	17.3	3.61	6	1	2.84	40.29	40.15	40.13	500.89	490.76	21.351	38.004	28.83	51.31	600.1	-1	468	101.6	10.7	0.0898	1.0	111115
362	"08:56:21"	918.0	1.73	0.549	457	17.3	3.61	6	1	2.84	40.29	40.15	40.14	500.94	490.72	21.353	38.000	28.83	51.30	600.1	-1	468	101.6	10.7	0.0898	1.0	111115
363	"08:56:22"	919.0	1.81	0.549	457	17.3	3.61	6	1	2.84	40.29	40.15	40.14	500.98	490.68	21.356	37.999	28.83	51.29	600.1	-1	468	101.6	10.7	0.0898	1.0	111115
364	"08:56:23"	921.0	1.77	0.548	457	17.3	3.61	6	1	2.84	40.30	40.15	40.15	500.93	490.68	21.357	37.982	28.82	51.26	600.0	-1	468	101.6	10.7	0.0898	1.0	111115
365	"08:56:25"	922.5	1.8	0.546	457	17.3	3.62	6	1	2.84	40.30	40.16	40.15	500.94	490.67	21.360	37.967	28.82	51.23	600.0	-1	468	101.6	10.7	0.0898	1.0	111115
366	"08:56:26"	923.5	1.82	0.545	457	17.2	3.62	6	1	2.84	40.30	40.16	40.15	500.98	490.70	21.362	37.955	28.82	51.20	600.0	-1	468	101.6	10.7	0.0898	1.0	111115
367	"08:56:27"	925.0	1.88	0.544	456	17.2	3.62	6	1	2.84	40.31	40.16	40.16	501.03	490.70	21.366	37.940	28.82	51.17	600.2	-1	468	101.6	10.7	0.0898	1.0	111115
368	"08:56:28"	926.0	1.85	0.544	456	17.2	3.62	6	1	2.84	40.31	40.16	40.16	501.06	490.77	21.369	37.929	28.82	51.15	600.2	-1	468	101.6	10.7	0.0898	1.0	111115
369	"08:56:30"	927.5	1.93	0.543	456	17.2	3.62	6	1	2.84	40.31	40.16	40.16	501.11	490.74	21.373	37.920	28.82	51.13	600.2	-1	468	101.6	10.7	0.0898	1.0	111115
370	"08:56:31"	928.5	1.94	0.542	456	17.2	3.62	6	1	2.84	40.32	40.15	40.17	501.11	490.75	21.379	37.906	28.82	51.10	600.0	-1	468	101.6	10.7	0.0898	1.0	111115
371	"08:56:32"	930.0	1.98	0.541	456	17.1	3.62	6	1	2.84	40.32	40.15	40.17	501.13	490.74	21.385	37.883	28.82	51.06	600.0	-1	469	101.6	10.7	0.0898	1.0	111115
372	"08:56:33"	931.0	1.9	0.54	456	17.1	3.62	6	1	2.84	40.32	40.15	40.17	501.04	490.74	21.390	37.870	28.83	51.03	600.0	-1	469	101.6	10.7	0.0898	1.0	111115
373	"08:56:35"	932.5	1.77	0.539	457	17.1	3.63	6	1	2.84	40.33	40.15	40.18	500.90	490.73	21.398	37.864	28.83	51.02	600.0	-1	470	101.6	10.7	0.0898	1.0	111115
374	"08:56:36"	933.5	1.74	0.538	457	17.1	3.63	6	1	2.84	40.33	40.15	40.18	500.84	490.71	21.401	37.855	28.83	51.00	600.0	-1	471	101.6	10.7	0.0898	1.0	111115
375	"08:56:37"	935.0	1.66	0.537	457	17.1	3.63	6	1	2.84	40.33	40.16	40.18	500.79	490.75	21.404	37.839	28.83	50.97	600.1	-1	472	101.6	10.7	0.0898	1.0	111115
376	"08:56:38"	936.0	1.72	0.536	457	17.1	3.63	6	1	2.84	40.33	40.16	40.18	500.87	490.79	21.405	37.823	28.83	50.95	600.0	-1	473	101.6	10.7	0.0898	1.0	111115
377	"08:56:39"	936.5	1.74	0.536	457	17.1	3.63	6	1	2.84	40.33	40.16	40.19	500.90	490.79	21.406	37.818	28.83	50.94	600.0	-1	473	101.6	10.7	0.0898	1.0	111115
378	"08:56:40"	937.5	1.73	0.535	457	17	3.63	6	1	2.84	40.33	40.16	40.19	500.89	490.79	21.408	37.808	28.83	50.92	600.0	-1	474	101.6	10.7	0.0898	1.0	111115
379	"08:56:42"	938.5	1.78	0.534	457	17	3.64	6	1	2.84	40.34	40.16	40.19	500.92	490.78	21.412	37.795	28.83	50.90	600.0	-1	474	101.6	10.7	0.0898	1.0	111115
380	"08:56:43"	940.0	1.85	0.533	456	17	3.64	6	1	2.84	40.34	40.16	40.19	500.94	490.75	21.419	37.780	28.84	50.86	600.1	-1	473	101.6	10.7	0.0898	1.0	111115
381	"08:56:44"	941.0	1.89	0.531	456	17	3.64	6	1	2.84	40.34	40.16	40.20	500.95	490.73	21.423	37.755	28.84	50.83	600.0	-1	473	101.6	10.7	0.0898	1.0	111115
382	"08:56:45"	943.0	1.8	0.529	456	16.9	3.64	6	1	2.84	40.35	40.16	40.20	500.89	490.78	21.428	37.725	28.84	50.78	600.0	-1	472	101.6	10.7	0.0898	1.0	111115
383	"08:56:46"	943.5	1.73	0.529	457	16.9	3.65	6	1	2.84	40.35	40.17	40.20	500.84	490.81	21.429	37.719	28.84	50.76	600.0	-1	472	101.6	10.7	0.0898	1.0	111115
384	"08:56:47"	944.5	1.6	0.528	457	16.9	3.65	6	1	2.84	40.35	40.17	40.21	500.77	490.86	21.431	37.705	28.84	50.74	600.1	-1	472	101.6	10.7	0.0898	1.0	111115
385	"08:56:48"	945.5	1.71	0.527	457	16.9	3.65	6	1	2.84	40.35	40.17	40.21	500.86	490.86	21.435	37.693	28.84	50.72	600.1	-1	472	101.6	10.7	0.0898	1.0	111115
386	"08:56:49"	946.5	1.67	0.526	457	16.9	3.65	6	1	2.84	40.35	40.17	40.21	500.86	490.90	21.441	37.676	28.85	50.69	600.1	-1	472	101.6	10.7	0.0898	1.0	111115
387	"08:56:51"	948.5	1.9	0.523	456	16.8	3.66	6	1	2.84	40.36	40.18	40.22	500.98	490.82	21.450	37.645	28.85	50.64	600.0	-1	473	101.6	10.7	0.0898	1.0	111115
388	"08:56:52"	949.5	1.91	0.522	456	16.8	3.66	6	1	2.84	40.36	40.18	40.22	500.95	490.79	21.453	37.630	28.85	50.61	600.0	-1	473	101.6	10.7	0.0898	1.0	111115
389	"08:56:53"	951.0	2.01	0.52	455	16.8	3.66	6	1	2.84	40.36	40.18	40.22	501.03	490.78	21.458	37.605	28.85	50.57	600.0	-1	473	101.6	10.7	0.0898	1.0	111115
390	"08:56:54"	952.0	2.12	0.52	455	16.8	3.67	6	1	2.84	40.37	40.18	40.23	501.11	490.76	21.461	37.595	28.85	50.55	600.1	-1	473	101.6	10.7	0.0898	1.0	111115
391	"08:56:55"	952.5	2.14	0.519	455	16.8	3.67	6	1	2.84	40.37	40.18	40.23	501.14	490.77	21.462	37.592	28.85	50.54	600.1	-1	473	101.6	10.7	0.0898	1.0	111115
392	"08:56:57"	954.5	2.23	0.518	455	16.7	3.67	6	1	2.84	40.37	40.19	40.23	501.21	490.77	21.467	37.575	28.86	50.51	600.2	-1	474	101.6	10.7	0.0898	1.0	111115
393	"08:56:58"	955.5	2.2	0.518	455	16.7	3.67	6	1	2.84	40.37	40.19	40.23	501.18	490.77	21.470	37.573	28.86	50.50	600.2	-1	474	101.6	10.7	0.0898	1.0	111115
394	"08:56:59"	957.0	2.11	0.517	455	16.7	3.67	6	1	2.84	40.38	40.19	40.24	501.12	490.81	21.476	37.560	28.86	50.47	600.0	-1	473	101.6	10.7	0.0898	1.0	111115
395	"08:57:00"	958.0	2.02	0.516	455	16.7	3.67	6	1	2.84	40.38	40.19	40.24	501.07	490.85	21.482	37.552	28.86	50.45	600.0	-1	472	101.6	10.7	0.0898	1.0	111115
396	"08:57:02"	959.5	1.84	0.515	456	16.7	3.67	6	1	2.84	40.38	40.19	40.24	501.01	490.98	21.489	37.539	28.87	50.43	599.9	-1	472	101.6	10.7	0.0898	1.0	111115
397	"08:57:03"	960.5	1.77	0.514	456	16.7	3.68	6	1	2.84	40.39	40.19	40.25	500.95	491.00	21.492	37.535	28.87	50.42	600.0	-1	473	101.6	10.7	0.0898	1.0	111115
398	"08:57:04"	962.0	1.81	0.513	456	16.6	3.68	6	1	2.84	40.39	40.19	40.25	500.96	490.97	21.498	37.518	28.87	50.38	600.0	-1	475	101.6	10.7	0.0898	1.0	111115
399	"08:57:05"	963.0	1.88	0.513	456	16.6	3.68	6	1	2.84	40.39	40.19	40.25	500.95	490.91	21.501	37.513	28.87	50.37	600.1	-1	476	101.6	10.7	0.0898	1.0	111115
400	"08:57:07"	964.5	1.92	0.511	456	16.6	3.68	6	1	2.84	40.39	40.20	40.25	500.95	490.88	21.506	37.496	28.87	50.34	600.1	-1	477	101.6	10.7	0.0898	1.0	111115
401	"08:57:08"	965.5	1.86	0.511	456	16.6	3.68	6	1	2.84	40.40	40.20	40.26	500.92	490.90	21.509	37.489	28.87	50.32	600.1	-1	477	101.6	10.7	0.0898	1.0	111115
402	"08:57:09"	967.0	1.91	0.51	456	16.6	3.68	6	1	2.84	40.40	40.20	40.26	500.99	490.94	21.513	37.476	28.88	50.30	600.0	-1	477	101.6	10.7	0.0898	1.0	111115
403	"08:57:10"	968.0	1.95	0.509	455	16.6	3.69	6	1	2.84	40.40	40.20	40.26	501.04	490.95	21.516	37.468	28.88	50.28	600.0	-1	477	101.6	10.7	0.0898	1.0	111115
404	"08:57:12"	969.5	1.95	0.508	455	16.6	3.69	6	1	2.84	40.40	40.21	40.27	501.04	490.96	21.519	37.462	28.87	50.27	600.0	-1	477	101.6	10.7	0.0898	1.0	111115
405	"08:57:13"	970.5	1.9	0.507	456	16.5	3.69	6	1	2.84	40.41	40.21	40.27	501.01	490.99	21.522	37.450	28.88	50.24	600.0	-1	476	101.6	10.7	0.0898	1.0	111115
406	"08:57:14"	972.0	1.83	0.506	456	16.5	3.69	6	1	2.84	40.41	40.21	40.27	500.99	491.04	21.528	37.443	28.88	50.23	600.0	-1	475	101.6	10.7	0.0898	1.0	111115
407	"08:57:15"	973.0	1.99	0.506	455	16.5	3.69	6	1	2.84	40.41	40.22	40.27	501.04	490.94	21.531	37.437	28.88	50.21	600.0	-1	475	101.6	10.7	0.0898	1.0	111115
408	"08:57:17"	974.5	2.02	0.505	455	16.5	3.7	6	1	2.84	40.42	40.22	40.28	501.00	490.88	21.537	37.424	28.88	50.18	600.0	-1	475	101.6	10.7	0.0898	1.0	111115
409	"08:57:18"	975.5	2.04	0.504	455	16.5	3.7	6	1	2.84	40.42	40.22	40.28	500.99	490.86	21.541	37.415	28.88	50.17	600.1	-1	476	101.6	10.7	0.0898	1.0	111115
410	"08:57:19"	976.0	2	0.503	455	16.5	3.7	6	1	2.84	40.42	40.23	40.28	500.94	490.85	21.542	37.409	28.88	50.15	600.1	-1	476	101.6	10.7	0.0898	1.0	111115
411	"08:57:20"	978.0	1.87	0.502	456	16.5	3.7	6	1	2.84	40.43	40.23	40.29	500.92	490.97	21.550	37.394	28.88	50.12	600.1	-1	476	101.6	10.7	0.0898	1.0	111115
412	"08:57:21"	979.0	1.95	0.501	455	16.5	3.71	6	1	2.84	40.43	40.23	40.29	500.98	490.95	21.553	37.387	28.88	50.10	600.1	-0	476	101.6	10.7	0.0898	1.0	111115
413	"08:57:23"	980.5	1.91	0.5	455	16.4	3.71	6	1	2.84	40.43	40.24	40.29	500.98	491.00	21.558	37.374	28.89	50.08	600.0	-1	476	101.6	10.7	0.0898	1.0	111115
414	"08:57:24"	981.5	2.02	0.499	455	16.4	3.71	6	1	2.84	40.43	40.24	40.30	501.04	490.96	21.562	37.364	28.89	50.06	600.0	-1	476	101.6	10.7	0.0898	1.0	111115
415	"08:57:25"	983.0	1.89	0.498	455	16.4	3.71	6	1	2.84	40.44	40.24	40.30	500.96	491.02	21.567	37.348	28.89	50.03	600.0	-1	475	101.6	10.7	0.0898	1.0	111115
416	"08:57:26"	984.0	1.93	0.498	455	16.4	3.71	6	1	2.84	40.44	40.24	40.30	500.98	491.00	21.571	37.342	28.89	50.01	600.0	-1	476	101.6	10.7	0.0898	1.0	111115
417	"08:57:28"	985.5	2.08	0.497	455	16.4	3.72	6	1	2.84	40.44	40.24	40.31	501.07	490.95	21.579	37.333	28.90	49.99	600.0	-1	476	101.6	10.7	0.0898	1.0	111115
418	"08:57:29"	986.5	2.05	0.496	455	16.3	3.72	6	1	2.84	40.45	40.24	40.31	501.07	490.99	21.583	37.322	28.90	49.97	600.0	-1	476	101.6	10.7	0.0898	1.0	111115
419	"08:57:30"	988.0	2.07	0.495	455	16.3	3.72	6	1	2.84	40.45	40.25	40.31	501.11	491.03	21.591	37.317	28.90	49.95	600.0	-1	477	101.6	10.7	0.0898	1.0	111115
420	"08:57:31"	989.0	1.98	0.495	455	16.3	3.72	6	1	2.84	40.45	40.25	40.32	501.08	491.08	21.594	37.312	28.90	49.94	600.0	-1	478	101.6	10.7	0.0898	1.0	111115
421	"08:57:33"	990.5	1.97	0.494	455	16.3	3.72	6	1	2.84	40.46	40.25	40.32	501.03	491.05	21.598	37.302	28.90	49.91	600.1	-1	478	101.6	10.7	0.0898	1.0	111115
422	"08:57:34"	991.5	2.02	0.493	455	16.3	3.72	6	1	2.84	40.46	40.25	40.32	501.05	491.03	21.601	37.293	28.90	49.90	600.2	-1	479	101.6	10.7	0.0898	1.0	111115
423	"08:57:35"	993.0	2.06	0.493	455	16.3	3.72	6	1	2.84	40.46	40.25	40.33	501.06	491.01	21.607	37.287	28.90	49.88	600.2	-1	479	101.6	10.7	0.0898	1.0	111115
424	"08:57:36"	994.0	2.09	0.492	454	16.3	3.73	6	1	2.84	40.46	40.25	40.33	501.10	491.02	21.613	37.282	28.91	49.86	600.1	-1	480	101.6	10.7	0.0898	1.0	111115
425	"08:57:38"	995.5	2.17	0.491	454	16.3	3.73	6	1	2.84	40.47	40.26	40.33	501.15	491.00	21.619	37.269	28.91	49.84	599.9	-1	481	101.6	10.7	0.0898	1.0	111115
426	"08:57:39"	996.5	2.19	0.49	454	16.2	3.73	6	1	2.84	40.47	40.26	40.33	501.18	491.02	21.622	37.256	28.91	49.81	599.9	-1	481	101.6	10.7	0.0898	1.0	111115
427	"08:57:40"	998.0	2.07	0.489	454	16.2	3.73	6	1	2.84	40.47	40.26	40.34	501.07	491.03	21.626	37.242	28.91	49.79	600.0	-1	482	101.6	10.7	0.0898	1.0	111115
428	"08:57:41"	999.0	1.99	0.489	455	16.2	3.73	6	1	2.84	40.47	40.26	40.34	501.01	491.05	21.627	37.241	28.91	49.78	600.0	-1	482	101.6	10.7	0.0898	1.0	111115
429	"08:57:43"	1000.5	2.02	0.488	455	16.2	3.74	6	1	2.84	40.48	40.27	40.34	500.98	491.00	21.629	37.236	28.91	49.76	600.0	-1	483	101.6	10.7	0.0898	1.0	111115
430	"08:57:44"	1001.5	2.04	0.487	454	16.2	3.74	6	1	2.84	40.48	40.27	40.35	501.02	491.02	21.631	37.229	28.91	49.75	600.0	-1	484	101.6	10.7	0.0898	1.0	111115
431	"08:57:45"	1003.0	2.21	0.487	454	16.2	3.74	6	1	2.84	40.48	40.28	40.35	501.09	490.94	21.637	37.221	28.91	49.73	600.0	-1	484	101.6	10.7	0.0898	1.0	111115
432	"08:57:46"	1003.5	2.21	0.486	454	16.2	3.74	6	1	2.84	40.48	40.28	40.35	501.08	490.93	21.639	37.219	28.91	49.73	600.0	-1	484	101.6	10.7	0.0898	1.0	111115
433	"08:57:47"	1005.0	2.34	0.485	453	16.2	3.74	6	1	2.84	40.49	40.28	40.35	501.13	490.86	21.648	37.204	28.92	49.70	600.0	-1	485	101.6	10.7	0.0898	1.0	111115
434	"08:57:49"	1006.5	2.23	0.484	454	16.1	3.75	6	1	2.84	40.49	40.28	40.36	501.07	490.91	21.655	37.197	28.92	49.68	600.0	-1	486	101.6	10.7	0.0898	1.0	111115
435	"08:57:50"	1007.5	2.3	0.484	453	16.1	3.75	6	1	2.84	40.49	40.29	40.36	501.11	490.89	21.660	37.193	28.92	49.66	600.0	-1	486	101.6	10.7	0.0898	1.0	111115
436	"08:57:51"	1008.0	2.32	0.484	453	16.1	3.75	6	1	2.84	40.50	40.29	40.36	501.11	490.87	21.661	37.194	28.92	49.66	600.0	-1	487	101.6	10.7	0.0898	1.0	111115
437	"08:57:52"	1010.0	2.37	0.482	453	16.1	3.75	6	1	2.84	40.50	40.29	40.37	501.17	490.90	21.669	37.178	28.92	49.63	600.2	-1	487	101.6	10.7	0.0898	1.0	111115
438	"08:57:53"	1011.0	2.27	0.482	453	16.1	3.75	6	1	2.84	40.50	40.29	40.37	501.16	490.99	21.672	37.171	28.93	49.61	600.2	-1	488	101.6	10.7	0.0898	1.0	111115
439	"08:57:54"	1011.5	2.21	0.482	454	16.1	3.75	6	1	2.84	40.51	40.29	40.37	501.14	491.02	21.672	37.169	28.92	49.61	600.2	-1	488	101.6	10.7	0.0898	1.0	111115
440	"08:57:56"	1013.5	2.26	0.481	453	16.1	3.76	6	1	2.84	40.51	40.30	40.37	501.17	491.01	21.677	37.163	28.92	49.59	600.1	-1	489	101.6	10.7	0.0898	1.0	111115
441	"08:57:57"	1014.5	2.3	0.48	453	16.1	3.76	6	1	2.84	40.51	40.30	40.38	501.18	490.98	21.680	37.158	28.92	49.57	600.0	-1	489	101.6	10.7	0.0898	1.0	111115
442	"08:57:58"	1016.0	2.35	0.479	453	16.1	3.76	6	1	2.84	40.52	40.31	40.38	501.22	490.99	21.689	37.144	28.93	49.54	600.0	-1	489	101.6	10.7	0.0898	1.0	111115
443	"08:57:59"	1017.0	2.29	0.478	453	16	3.76	6	1	2.84	40.52	40.31	40.38	501.19	491.02	21.694	37.137	28.93	49.53	600.0	-1	489	101.6	10.7	0.0898	1.0	111115
444	"08:58:01"	1018.5	2.14	0.477	454	16	3.76	6	1	2.84	40.52	40.31	40.39	501.09	491.08	21.701	37.132	28.94	49.51	599.9	-1	489	101.6	10.7	0.0898	1.0	111115
445	"08:58:02"	1019.5	2.17	0.477	454	16	3.77	6	1	2.84	40.52	40.31	40.39	501.10	491.06	21.707	37.131	28.94	49.50	600.0	-1	489	101.6	10.7	0.0898	1.0	111115
446	"08:58:03"	1021.0	2.23	0.476	453	16	3.77	6	1	2.84	40.53	40.32	40.39	501.10	491.02	21.716	37.118	28.95	49.48	600.0	-1	489	101.6	10.7	0.0898	1.0	111115
447	"08:58:04"	1022.0	2.25	0.475	453	16	3.77	6	1	2.84	40.53	40.32	40.40	501.14	491.04	21.721	37.112	28.95	49.46	600.1	-1	465	101.6	10.7	0.0898	1.0	111115
448	"08:58:06"	1023.5	2.29	0.474	453	16	3.77	6	1	2.84	40.53	40.33	40.40	501.13	491.01	21.727	37.100	28.95	49.44	600.1	-1	465	101.6	10.7	0.0898	1.0	111115
449	"08:58:07"	1024.5	2.29	0.473	453	16	3.77	6	1	2.84	40.54	40.33	40.40	501.17	491.04	21.730	37.092	28.95	49.42	600.1	-1	465	101.6	10.7	0.0898	1.0	111115
450	"08:58:08"	1026.0	2.33	0.472	453	15.9	3.78	6	1	2.84	40.54	40.33	40.41	501.15	491.00	21.737	37.077	28.95	49.39	600.0	-1	488	101.6	10.7	0.0898	1.0	111115
451	"08:58:09"	1027.0	2.26	0.471	453	15.9	3.78	6	1	2.84	40.54	40.34	40.41	501.10	491.02	21.740	37.068	28.96	49.37	600.0	-1	488	101.6	10.7	0.0898	1.0	111115
452	"08:58:11"	1028.5	2.22	0.471	453	15.9	3.78	6	1	2.84	40.55	40.34	40.41	501.08	491.05	21.744	37.061	28.95	49.35	600.0	-1	488	101.6	10.7	0.0898	1.0	111115
453	"08:58:12"	1029.5	2.19	0.47	453	15.9	3.78	6	1	2.84	40.55	40.34	40.42	501.07	491.08	21.747	37.051	28.95	49.33	600.0	-1	488	101.6	10.7	0.0898	1.0	111115
454	"08:58:13"	1031.0	2.18	0.468	453	15.9	3.79	6	1	2.84	40.55	40.35	40.42	501.11	491.13	21.753	37.035	28.96	49.30	600.0	-1	487	101.6	10.7	0.0898	1.0	111115
455	"08:58:14"	1032.0	2.32	0.467	453	15.9	3.79	6	1	2.84	40.56	40.35	40.42	501.19	491.09	21.758	37.022	28.96	49.27	600.0	-1	487	101.6	10.7	0.0898	1.0	111115
456	"08:58:15"	1032.5	2.38	0.467	453	15.8	3.79	6	1	2.84	40.56	40.35	40.42	501.23	491.07	21.760	37.017	28.96	49.26	600.0	-1	487	101.6	10.7	0.0898	1.0	111115
457	"08:58:17"	1034.5	2.48	0.466	452	15.8	3.8	6	1	2.84	40.56	40.36	40.43	501.28	491.03	21.767	37.004	28.96	49.23	600.1	-1	488	101.6	10.7	0.0898	1.0	111115
458	"08:58:18"	1035.5	2.39	0.465	452	15.8	3.8	6	1	2.84	40.57	40.36	40.43	501.22	491.06	21.772	36.997	28.96	49.22	600.1	-1	488	101.6	10.7	0.0898	1.0	111115
459	"08:58:19"	1037.0	2.1	0.464	454	15.8	3.8	6	1	2.84	40.57	40.37	40.44	501.07	491.21	21.776	36.983	28.96	49.19	600.1	-1	488	101.6	10.7	0.0898	1.0	111115
460	"08:58:20"	1038.0	2.13	0.463	453	15.8	3.8	6	1	2.84	40.57	40.37	40.44	501.05	491.17	21.781	36.975	28.96	49.17	600.1	-1	488	101.6	10.7	0.0898	1.0	111115
461	"08:58:22"	1039.5	2.18	0.462	453	15.8	3.81	6	1	2.84	40.58	40.37	40.44	501.05	491.13	21.786	36.963	28.96	49.14	600.1	-1	488	101.6	10.7	0.0898	1.0	111115
462	"08:58:23"	1040.5	2.29	0.461	453	15.7	3.81	6	1	2.84	40.58	40.38	40.45	501.08	491.06	21.790	36.955	28.96	49.12	600.1	-1	488	101.6	10.7	0.0898	1.0	111115
463	"08:58:24"	1042.0	2.11	0.461	453	15.7	3.81	6	1	2.84	40.58	40.38	40.45	501.02	491.18	21.795	36.948	28.96	49.10	600.0	-1	488	101.6	10.7	0.0898	1.0	111115
464	"08:58:25"	1043.0	2.11	0.46	453	15.7	3.81	6	1	2.84	40.59	40.39	40.45	501.02	491.19	21.800	36.938	28.97	49.08	600.0	-1	488	101.6	10.7	0.0898	1.0	111115
465	"08:58:27"	1044.5	2.17	0.459	453	15.7	3.82	6	1	2.84	40.59	40.39	40.46	501.06	491.17	21.808	36.932	28.97	49.06	600.0	-1	488	101.6	10.7	0.0898	1.0	111115
466	"08:58:28"	1045.5	2.24	0.458	453	15.7	3.82	6	1	2.84	40.59	40.40	40.46	501.07	491.13	21.814	36.922	28.97	49.04	599.9	-1	489	101.6	10.7	0.0898	1.0	111115
467	"08:58:29"	1047.0	2.43	0.457	452	15.7	3.82	6	1	2.84	40.60	40.40	40.47	501.17	491.04	21.823	36.913	28.98	49.02	600.0	-1	489	101.6	10.7	0.0898	1.0	111115
468	"08:58:30"	1047.5	2.48	0.456	452	15.7	3.82	6	1	2.84	40.60	40.40	40.47	501.19	491.02	21.826	36.911	28.98	49.01	599.9	-1	489	101.6	10.7	0.0898	1.0	111115
469	"08:58:31"	1049.0	2.5	0.455	452	15.6	3.83	6	1	2.84	40.61	40.41	40.47	501.23	491.05	21.830	36.893	28.98	48.98	600.0	-1	490	101.6	10.7	0.0898	1.0	111115
470	"08:58:33"	1050.5	2.52	0.454	451	15.6	3.83	6	1	2.84	40.61	40.42	40.48	501.27	491.07	21.835	36.888	28.98	48.96	600.1	-1	490	101.6	10.7	0.0898	1.0	111115
471	"08:58:34"	1051.5	2.43	0.454	452	15.6	3.83	6	1	2.84	40.61	40.42	40.48	501.19	491.09	21.839	36.886	28.98	48.95	600.1	-1	490	101.6	10.7	0.0898	1.0	111115
472	"08:58:35"	1053.0	2.43	0.453	452	15.6	3.83	6	1	2.84	40.62	40.42	40.48	501.19	491.09	21.847	36.886	28.98	48.94	600.1	-1	491	101.6	10.7	0.0898	1.0	111115
473	"08:58:36"	1054.0	2.38	0.453	452	15.6	3.84	6	1	2.84	40.62	40.43	40.49	501.13	491.08	21.850	36.879	28.98	48.92	600.0	-1	491	101.6	10.7	0.0898	1.0	111115
474	"08:58:38"	1055.5	2.42	0.451	452	15.6	3.84	6	1	2.84	40.62	40.43	40.49	501.15	491.08	21.853	36.859	28.98	48.88	600.0	-1	491	101.6	10.7	0.0898	1.0	111115
475	"08:58:39"	1056.5	2.42	0.451	452	15.6	3.84	6	1	2.84	40.63	40.44	40.49	501.15	491.09	21.855	36.848	28.98	48.86	600.1	-1	491	101.6	10.7	0.0898	1.0	111115
476	"08:58:40"	1058.0	2.37	0.449	452	15.5	3.85	6	1	2.84	40.63	40.44	40.50	501.13	491.12	21.860	36.831	28.98	48.82	600.2	-1	492	101.6	10.7	0.0898	1.0	111115
477	"08:58:41"	1059.0	2.37	0.449	452	15.5	3.85	6	1	2.84	40.64	40.44	40.50	501.13	491.14	21.865	36.830	28.98	48.81	600.2	-1	492	101.6	10.7	0.0898	1.0	111115
478	"08:58:43"	1060.5	2.42	0.448	452	15.5	3.85	6	1	2.84	40.64	40.45	40.51	501.15	491.11	21.874	36.823	28.98	48.79	600.1	-1	492	101.6	10.7	0.0898	1.0	111115
479	"08:58:44"	1061.5	2.47	0.447	451	15.5	3.85	6	1	2.84	40.64	40.45	40.51	501.18	491.09	21.879	36.822	28.98	48.78	600.0	-0	492	101.6	10.7	0.0898	1.0	111115
480	"08:58:45"	1063.0	2.48	0.447	451	15.5	3.86	6	1	2.84	40.65	40.46	40.51	501.17	491.08	21.886	36.816	28.99	48.76	600.0	-0	492	101.6	10.7	0.0898	1.0	111115
481	"08:58:46"	1064.0	2.51	0.446	451	15.5	3.86	6	1	2.84	40.65	40.46	40.52	501.19	491.07	21.890	36.815	28.99	48.75	599.9	-1	492	101.6	10.7	0.0898	1.0	111115
482	"08:58:48"	1065.5	2.6	0.445	451	15.5	3.86	6	1	2.84	40.66	40.47	40.52	501.21	491.01	21.895	36.806	28.99	48.73	599.9	-1	492	101.6	10.7	0.0898	1.0	111115
483	"08:58:49"	1066.0	2.61	0.445	451	15.5	3.86	6	1	2.84	40.66	40.47	40.52	501.21	491.00	21.897	36.804	28.99	48.72	599.9	-1	492	101.6	10.7	0.0898	1.0	111115
484	"08:58:50"	1067.5	2.66	0.444	450	15.5	3.87	6	1	2.84	40.66	40.48	40.53	501.24	490.99	21.904	36.791	28.99	48.69	600.0	-1	492	101.6	10.7	0.0898	1.0	111115
485	"08:58:51"	1068.0	2.65	0.443	450	15.4	3.87	6	1	2.84	40.66	40.48	40.53	501.25	491.02	21.906	36.788	28.99	48.69	600.0	-1	492	101.6	10.7	0.0898	1.0	111115
486	"08:58:52"	1070.0	2.54	0.442	451	15.4	3.87	6	1	2.84	40.67	40.49	40.54	501.23	491.11	21.915	36.772	28.99	48.65	600.0	-1	493	101.6	10.7	0.0898	1.0	111115
487	"08:58:53"	1071.0	2.57	0.441	451	15.4	3.87	6	1	2.84	40.67	40.49	40.54	501.22	491.08	21.919	36.764	28.99	48.63	600.0	-1	493	101.6	10.7	0.0898	1.0	111115
488	"08:58:55"	1072.5	2.51	0.44	451	15.4	3.88	6	1	2.84	40.68	40.50	40.54	501.14	491.07	21.921	36.749	28.99	48.59	600.0	-1	493	101.6	10.7	0.0898	1.0	111115
489	"08:58:56"	1073.5	2.47	0.439	451	15.4	3.88	6	1	2.84	40.68	40.50	40.55	501.12	491.09	21.924	36.738	28.99	48.57	600.0	-1	494	101.6	10.7	0.0898	1.0	111115
490	"08:58:57"	1075.0	2.52	0.438	451	15.4	3.88	6	1	2.84	40.69	40.50	40.55	501.15	491.09	21.926	36.719	28.98	48.53	600.0	-1	495	101.6	10.7	0.0898	1.0	111115
491	"08:58:58"	1076.0	2.44	0.437	451	15.3	3.89	6	1	2.84	40.69	40.51	40.55	501.11	491.13	21.928	36.710	28.98	48.51	600.0	-1	495	101.6	10.7	0.0898	1.0	111115
