"OPEN 5.3.2"
"Thr Aug  2 2018 07:33:10"
"Unit="	"PSC-895"
"ComputeList="	"/User/Configs/Comps/Default"
"BLCTable="	"/Sys/Lib/StdBLCTable"
"LightSource="	"Sun+Sky"	1	0.19
"LogFormat="	"/User/Configs/LogFormats/Std Output"
"LogCodes="	-35	-21	-36	30	23	36	21	25	-33	-34	-32	-9	-10	-8	-1	-2	-4	-5	-14	-15	-7	-12	-13	-11	-65	-66	-72	-23
"PromptList="	"/User/Configs/Prompts/Default (none)"
"Stability= (CO2S 15s SLP<1)(H2OS 15s SLP<1)(Flow 15s SLP<1)"
"07:33:30 cut. matched before hand."
$STARTOFDATA$
"Obs"	"HHMMSS"	"FTime"	"Photo"	"Cond"	"Ci"	"Trmmol"	"VpdL"	"Area"	"StmRat"	"BLCond"	"Tair"	"Tleaf"	"TBlk"	"CO2R"	"CO2S"	"H2OR"	"H2OS"	"RH_R"	"RH_S"	"Flow"	"PARi"	"PARo"	"Press"	"CsMch"	"HsMch"	"StableF"	"Status"
1	"07:36:35"	237.5	-26.7	1.97	326	10.8	0.908	6	1	2.84	29.24	28.94	29.15	267.28	295.47	17.957	30.490	44.77	76.01	500.0	-0	167	101.7	0	0	0.3	111105
2	"07:36:36"	238.5	-25.8	1.99	324	10.8	0.904	6	1	2.84	29.24	28.94	29.14	267.56	294.68	17.982	30.526	44.83	76.10	500.0	-0	167	101.7	0	0	0.3	111105
3	"07:36:38"	240.0	-24.6	2.01	321	10.8	0.9	6	1	2.84	29.24	28.94	29.15	267.68	293.41	18.019	30.575	44.92	76.22	499.9	-0	167	101.7	0	0	0.0	111105
4	"07:36:39"	241.5	-22.9	2.05	316	10.8	0.892	6	1	2.84	29.24	28.94	29.15	267.82	291.51	18.067	30.657	45.04	76.42	500.0	-0	167	101.7	0	0	0.3	111105
5	"07:36:41"	242.5	-21.5	2.08	313	10.8	0.886	6	1	2.84	29.24	28.94	29.15	268.09	290.08	18.101	30.711	45.12	76.56	500.1	-0	167	101.7	0	0	0.3	111105
6	"07:36:42"	244.0	-19.6	2.12	308	10.9	0.878	6	1	2.84	29.24	28.94	29.15	268.44	288.22	18.146	30.789	45.23	76.75	500.1	-0	167	101.7	0	0	0.0	111105
7	"07:36:43"	244.5	-19.1	2.14	307	10.9	0.876	6	1	2.84	29.24	28.94	29.15	268.47	287.59	18.158	30.813	45.26	76.81	500.1	-0	167	101.7	0	0	0.0	111105
8	"07:36:44"	246.5	-18.3	2.2	304	11	0.867	6	1	2.84	29.24	28.95	29.16	267.15	285.33	18.171	30.908	45.29	77.04	499.9	-0	168	101.7	0	0	0.3	111105
9	"07:36:45"	247.5	-18.5	2.24	303	11	0.862	6	1	2.84	29.25	28.94	29.16	265.90	284.32	18.140	30.951	45.21	77.14	499.9	-0	168	101.7	0	0	0.3	111105
10	"07:36:47"	249.0	-18.8	2.32	301	11.1	0.856	6	1	2.84	29.25	28.94	29.16	264.26	283.00	18.056	31.014	45.00	77.29	499.9	-0	169	101.7	0	0	0.3	111105
11	"07:36:48"	250.0	-18.5	2.37	300	11.2	0.852	6	1	2.84	29.25	28.94	29.16	263.75	282.16	17.993	31.052	44.84	77.39	499.9	-0	170	101.7	0	0	0.3	111105
12	"07:36:49"	251.5	-17.8	2.44	298	11.3	0.847	6	1	2.84	29.25	28.94	29.17	263.51	281.03	17.918	31.096	44.65	77.49	500.0	-0	171	101.7	0	0	0.3	111105
13	"07:36:50"	252.0	-17.4	2.46	297	11.4	0.846	6	1	2.84	29.25	28.94	29.17	263.57	280.68	17.900	31.109	44.61	77.53	500.0	-0	171	101.7	0	0	0.3	111105
14	"07:36:52"	254.0	-16.5	2.52	294	11.4	0.841	6	1	2.84	29.25	28.95	29.17	263.51	279.42	17.865	31.167	44.52	77.66	500.0	-0	173	101.7	0	0	0.3	111105
15	"07:36:53"	255.0	-16.3	2.56	293	11.5	0.837	6	1	2.84	29.25	28.95	29.17	263.13	278.80	17.850	31.200	44.47	77.74	500.0	-0	174	101.7	0	0	0.3	111105
16	"07:36:54"	256.5	-16.1	2.6	292	11.6	0.834	6	1	2.84	29.25	28.95	29.18	262.40	277.83	17.809	31.238	44.37	77.82	500.0	-0	175	101.7	0	0	0.3	111105
17	"07:36:56"	258.0	-15.5	2.65	290	11.6	0.831	6	1	2.84	29.25	28.95	29.18	262.11	276.87	17.763	31.271	44.25	77.90	500.0	-0	177	101.7	0	0	0.3	111105
18	"07:36:57"	259.0	-14.9	2.68	289	11.6	0.829	6	1	2.84	29.25	28.95	29.18	262.27	276.31	17.751	31.290	44.22	77.95	499.9	-0	178	101.7	0	0	0.3	111105
19	"07:36:58"	259.5	-14.6	2.68	288	11.7	0.828	6	1	2.84	29.26	28.95	29.18	262.38	276.02	17.751	31.300	44.22	77.97	499.9	-0	178	101.7	0	0	0.3	111105
20	"07:36:59"	261.5	-13.7	2.72	286	11.7	0.824	6	1	2.84	29.26	28.95	29.18	262.30	274.90	17.780	31.347	44.28	78.08	499.9	-0	180	101.7	0	0	0.3	111105
21	"07:37:00"	262.0	-13.7	2.73	286	11.7	0.823	6	1	2.84	29.26	28.96	29.18	262.05	274.62	17.783	31.358	44.29	78.10	499.9	-0	181	101.7	0	0	0.3	111105
22	"07:37:01"	263.0	-13.7	2.75	285	11.7	0.822	6	1	2.84	29.26	28.96	29.19	261.50	274.05	17.781	31.378	44.28	78.15	499.9	0	182	101.7	0	0	0.3	111105
23	"07:37:03"	265.0	-13.4	2.78	284	11.7	0.819	6	1	2.84	29.26	28.96	29.19	260.81	273.04	17.760	31.411	44.23	78.22	499.9	-0	185	101.7	0	0	0.3	111105
24	"07:37:04"	266.0	-12.8	2.79	283	11.7	0.818	6	1	2.84	29.26	28.96	29.19	261.04	272.60	17.765	31.424	44.23	78.24	499.9	-0	186	101.7	0	0	0.3	111105
25	"07:37:05"	266.5	-12.5	2.8	282	11.7	0.818	6	1	2.84	29.26	28.96	29.19	261.26	272.39	17.774	31.431	44.25	78.26	499.9	-0	186	101.7	0	0	0.3	111105
26	"07:37:06"	268.5	-10.4	2.81	279	11.7	0.814	6	1	2.84	29.27	28.96	29.20	262.89	271.55	17.846	31.471	44.43	78.35	499.9	-0	189	101.7	0	0	0.3	111105
27	"07:37:07"	269.0	-9.73	2.81	278	11.7	0.813	6	1	2.84	29.27	28.96	29.20	263.46	271.32	17.870	31.482	44.49	78.37	499.9	-0	189	101.7	0	0	0.3	111105
28	"07:37:08"	270.0	-8.35	2.81	276	11.7	0.811	6	1	2.84	29.27	28.96	29.20	264.63	270.86	17.922	31.498	44.61	78.41	500.0	-0	191	101.7	0	0	0.3	111105
29	"07:37:10"	271.0	-7.2	2.8	275	11.6	0.81	6	1	2.84	29.27	28.96	29.20	265.58	270.44	17.979	31.510	44.75	78.43	500.1	-0	192	101.7	0	0	0.3	111105
30	"07:37:11"	272.0	-6.55	2.79	274	11.6	0.809	6	1	2.84	29.27	28.97	29.20	265.90	270.00	18.033	31.523	44.88	78.45	500.1	-0	193	101.7	0	0	0.3	111105
31	"07:37:12"	273.0	-6.49	2.79	273	11.6	0.808	6	1	2.84	29.27	28.97	29.21	265.58	269.62	18.069	31.535	44.97	78.48	500.1	-0	195	101.7	0	0	0.3	111105
32	"07:37:13"	275.0	-6.26	2.81	272	11.6	0.805	6	1	2.84	29.27	28.97	29.21	265.22	268.99	18.090	31.566	45.01	78.54	499.9	-0	197	101.7	0	0	0.3	111105
33	"07:37:14"	276.5	-4.37	2.82	270	11.6	0.803	6	1	2.84	29.28	28.97	29.21	267.11	268.62	18.110	31.591	45.06	78.60	499.8	-0	199	101.7	0	0	0.3	111105
34	"07:37:15"	277.0	-3.58	2.83	269	11.6	0.802	6	1	2.84	29.28	28.97	29.21	267.99	268.56	18.126	31.598	45.09	78.61	499.9	-0	200	101.7	0	0	0.3	111105
35	"07:37:16"	278.0	-2.14	2.82	267	11.6	0.801	6	1	2.84	29.28	28.97	29.21	269.53	268.38	18.169	31.611	45.20	78.64	499.9	-0	201	101.7	0	0	0.3	111105
36	"07:37:17"	279.0	-1.31	2.82	266	11.5	0.8	6	1	2.84	29.28	28.97	29.22	270.37	268.23	18.211	31.626	45.30	78.67	499.9	-0	203	101.7	0	0	0.3	111105
37	"07:37:19"	280.0	-1.28	2.82	266	11.5	0.799	6	1	2.84	29.28	28.97	29.22	270.30	268.12	18.236	31.639	45.36	78.69	499.9	-0	204	101.7	0	0	0.3	111105
38	"07:37:20"	282.0	-2.57	2.86	267	11.6	0.797	6	1	2.84	29.28	28.98	29.22	268.58	267.93	18.211	31.670	45.29	78.76	500.0	-0	206	101.7	0	0	0.7	111105
39	"07:37:21"	283.5	-3.83	2.91	269	11.7	0.795	6	1	2.84	29.29	28.98	29.22	267.14	267.99	18.141	31.690	45.11	78.80	500.0	-0	208	101.7	0	0	0.7	111105
40	"07:37:22"	284.5	-4.51	2.95	269	11.7	0.794	6	1	2.84	29.29	28.98	29.23	266.38	268.03	18.086	31.702	44.97	78.82	500.0	-0	208	101.7	0	0	0.7	111105
41	"07:37:24"	286.0	-4.61	3	270	11.8	0.793	6	1	2.84	29.29	28.98	29.23	266.40	268.13	18.019	31.722	44.79	78.85	499.9	-0	210	101.7	0	0	0.7	111105
42	"07:37:25"	287.0	-4.27	3.02	269	11.8	0.792	6	1	2.84	29.29	28.98	29.23	266.93	268.25	18.005	31.733	44.76	78.88	499.9	-0	211	101.7	0	0	0.7	111105
43	"07:37:26"	288.5	-3.84	3.03	269	11.8	0.791	6	1	2.84	29.29	28.99	29.23	267.57	268.37	18.021	31.752	44.79	78.91	500.1	-0	213	101.7	0	0	0.7	111105
44	"07:37:27"	289.5	-4.16	3.03	269	11.8	0.79	6	1	2.84	29.30	28.99	29.24	267.26	268.44	18.035	31.761	44.82	78.93	500.1	-0	214	101.7	0	0	0.7	111105
45	"07:37:29"	291.0	-5.26	3.06	271	11.9	0.789	6	1	2.84	29.30	28.99	29.24	266.11	268.60	18.011	31.780	44.75	78.96	500.1	-0	215	101.7	0	0	0.7	111105
46	"07:37:30"	292.0	-5.5	3.09	271	11.9	0.788	6	1	2.84	29.30	28.99	29.24	265.94	268.70	17.982	31.792	44.67	78.99	500.1	-0	216	101.7	0	0	0.7	111105
47	"07:37:31"	293.5	-5.28	3.12	271	11.9	0.787	6	1	2.84	29.30	29.00	29.24	266.27	268.76	17.953	31.809	44.60	79.02	499.9	-0	217	101.7	0	0	0.7	111105
48	"07:37:32"	294.5	-5.31	3.13	271	11.9	0.786	6	1	2.84	29.30	29.00	29.25	266.24	268.76	17.946	31.819	44.57	79.03	499.9	-0	218	101.7	0	0	1.0	111105
49	"07:37:34"	296.0	-6.29	3.15	272	12	0.785	6	1	2.84	29.31	29.00	29.25	265.08	268.77	17.928	31.830	44.52	79.05	499.9	-0	220	101.7	0	0	0.7	111105
50	"07:37:35"	297.0	-7.13	3.17	273	12	0.784	6	1	2.84	29.31	29.00	29.25	264.04	268.73	17.905	31.837	44.46	79.06	499.9	-0	221	101.7	0	0	0.7	111105
51	"07:37:36"	298.5	-7.98	3.2	273	12	0.784	6	1	2.84	29.31	29.00	29.25	263.06	268.76	17.869	31.845	44.37	79.07	499.9	-0	223	101.7	0	0	0.7	111105
52	"07:37:37"	299.5	-7.97	3.21	273	12	0.783	6	1	2.84	29.31	29.00	29.26	263.04	268.72	17.855	31.851	44.33	79.08	499.9	-0	224	101.7	0	0	0.7	111105
53	"07:37:39"	301.0	-6.88	3.21	272	12	0.783	6	1	2.84	29.31	29.00	29.26	264.39	268.76	17.862	31.855	44.34	79.08	499.9	-0	226	101.7	0	0	0.7	111105
54	"07:37:40"	302.0	-5.5	3.2	271	12	0.783	6	1	2.84	29.32	29.00	29.26	265.96	268.68	17.897	31.860	44.42	79.08	499.9	-0	227	101.7	0	0	0.7	111105
55	"07:37:41"	303.5	-4.14	3.17	269	12	0.783	6	1	2.84	29.32	29.00	29.26	267.46	268.58	17.974	31.867	44.61	79.09	499.9	-0	229	101.7	0	0	0.7	111105
56	"07:37:42"	304.5	-4	3.14	269	11.9	0.784	6	1	2.84	29.32	29.01	29.27	267.50	268.46	18.017	31.869	44.71	79.09	499.9	-0	230	101.7	0	0	0.7	111105
57	"07:37:44"	306.0	-4.64	3.14	270	11.9	0.783	6	1	2.84	29.32	29.01	29.27	266.59	268.32	18.042	31.879	44.77	79.10	499.9	-0	231	101.7	0	0	1.0	111105
58	"07:37:45"	307.0	-4.83	3.15	270	11.9	0.783	6	1	2.84	29.32	29.01	29.27	266.26	268.23	18.041	31.888	44.76	79.11	499.9	-0	232	101.7	0	0	1.0	111105
59	"07:37:46"	308.5	-4.21	3.15	269	11.9	0.782	6	1	2.84	29.33	29.02	29.27	266.84	268.06	18.044	31.900	44.76	79.13	500.0	-0	233	101.7	0	0	0.7	111105
60	"07:37:47"	309.5	-3.47	3.15	268	11.9	0.782	6	1	2.84	29.33	29.02	29.28	267.63	267.97	18.065	31.906	44.81	79.14	499.9	-0	234	101.7	0	0	0.7	111105
61	"07:37:49"	311.0	-2.38	3.13	267	11.9	0.782	6	1	2.84	29.33	29.02	29.28	268.83	267.87	18.115	31.914	44.92	79.14	499.9	-0	235	101.7	0	0	0.7	111105
62	"07:37:50"	312.0	-2.01	3.12	267	11.8	0.781	6	1	2.84	29.33	29.02	29.28	269.27	267.87	18.156	31.922	45.02	79.15	500.0	-0	235	101.7	0	0	0.7	111105
63	"07:37:51"	313.5	-1.73	3.11	266	11.8	0.781	6	1	2.84	29.34	29.02	29.28	269.52	267.80	18.209	31.933	45.14	79.17	499.9	-0	236	101.7	0	0	0.7	111105
64	"07:37:52"	314.5	-1.5	3.1	266	11.8	0.78	6	1	2.84	29.34	29.03	29.29	269.79	267.80	18.234	31.942	45.20	79.18	500.0	-0	237	101.7	0	0	0.7	111105
65	"07:37:54"	316.0	-0.867	3.09	266	11.8	0.78	6	1	2.84	29.34	29.03	29.29	270.56	267.81	18.264	31.951	45.27	79.20	500.0	-0	238	101.7	0	0	0.7	111105
66	"07:37:55"	316.5	-0.696	3.09	265	11.8	0.78	6	1	2.84	29.34	29.03	29.29	270.78	267.83	18.274	31.953	45.29	79.19	500.0	-0	238	101.7	0	0	0.7	111105
67	"07:37:56"	318.5	-0.706	3.09	266	11.8	0.779	6	1	2.84	29.35	29.03	29.29	270.92	267.98	18.290	31.966	45.32	79.21	499.9	-0	238	101.7	0	0	0.7	111105
68	"07:37:57"	319.5	-1.41	3.11	266	11.8	0.779	6	1	2.84	29.35	29.03	29.30	270.17	268.07	18.275	31.973	45.28	79.22	499.9	-0	238	101.7	0	0	0.7	111105
69	"07:37:59"	321.0	-3.17	3.15	268	11.9	0.779	6	1	2.84	29.35	29.04	29.30	268.29	268.27	18.203	31.981	45.10	79.23	500.0	-0	238	101.7	0	0	0.7	111105
70	"07:38:00"	322.0	-4.37	3.19	270	11.9	0.779	6	1	2.84	29.35	29.04	29.30	266.99	268.39	18.127	31.986	44.90	79.23	500.0	-0	238	101.7	0	0	1.0	111105
71	"07:38:01"	323.5	-5.77	3.25	271	12	0.779	6	1	2.84	29.35	29.04	29.30	265.64	268.68	17.993	31.991	44.56	79.23	500.0	-0	238	101.7	0	0	1.0	111105
72	"07:38:02"	324.5	-5.95	3.3	271	12.1	0.778	6	1	2.84	29.36	29.04	29.31	265.63	268.86	17.918	31.999	44.37	79.24	500.0	-0	238	101.7	0	0	0.7	111105
73	"07:38:04"	326.0	-5.26	3.34	271	12.2	0.777	6	1	2.84	29.36	29.04	29.31	266.68	269.06	17.875	32.011	44.26	79.26	500.0	-0	238	101.7	0	0	0.7	111105
74	"07:38:05"	327.0	-4.34	3.34	270	12.2	0.777	6	1	2.84	29.36	29.04	29.31	267.89	269.17	17.897	32.018	44.31	79.26	499.9	-0	238	101.7	0	0	0.7	111105
75	"07:38:06"	328.5	-3.08	3.31	269	12.1	0.776	6	1	2.84	29.36	29.05	29.31	269.52	269.31	17.986	32.032	44.52	79.29	499.9	-0	238	101.7	0	0	0.7	111105
76	"07:38:07"	329.5	-2.18	3.28	268	12	0.775	6	1	2.84	29.37	29.05	29.32	270.62	269.35	18.057	32.043	44.69	79.30	500.0	-0	238	101.7	0	0	0.7	111105
77	"07:38:09"	331.0	-0.718	3.24	267	12	0.775	6	1	2.84	29.37	29.05	29.32	272.38	269.37	18.164	32.053	44.95	79.32	500.1	-0	239	101.7	0	0	0.7	111105
78	"07:38:10"	332.0	-0.162	3.21	266	11.9	0.775	6	1	2.84	29.37	29.05	29.32	272.99	269.34	18.229	32.061	45.11	79.33	500.2	-0	240	101.7	0	0	0.7	111105
79	"07:38:11"	333.5	-0.235	3.17	266	11.8	0.775	6	1	2.84	29.37	29.06	29.32	272.89	269.34	18.299	32.062	45.27	79.32	500.0	-0	240	101.7	0	0	0.7	111105
80	"07:38:12"	334.5	-0.715	3.16	267	11.8	0.775	6	1	2.84	29.38	29.06	29.33	272.33	269.36	18.321	32.066	45.32	79.32	499.9	-0	241	101.7	0	0	0.7	111105
81	"07:38:14"	336.0	-1.33	3.16	268	11.8	0.775	6	1	2.84	29.38	29.06	29.33	271.71	269.47	18.321	32.069	45.31	79.31	499.9	-0	242	101.7	0	0	0.7	111105
82	"07:38:15"	337.0	-1.2	3.16	268	11.8	0.776	6	1	2.84	29.38	29.06	29.33	271.92	269.53	18.319	32.072	45.30	79.32	499.9	-0	243	101.7	0	0	0.7	111105
83	"07:38:16"	338.5	-1.08	3.17	268	11.8	0.775	6	1	2.84	29.38	29.07	29.33	272.26	269.72	18.327	32.086	45.31	79.33	499.9	-0	245	101.7	0	0	0.7	111105
84	"07:38:17"	339.5	-0.866	3.17	268	11.8	0.775	6	1	2.84	29.39	29.07	29.34	272.67	269.87	18.343	32.095	45.35	79.35	500.0	-0	246	101.7	0	0	0.7	111105
85	"07:38:19"	341.0	-0.0927	3.16	267	11.8	0.774	6	1	2.84	29.39	29.07	29.34	273.87	270.15	18.379	32.109	45.43	79.37	500.0	-0	249	101.7	0	0	0.7	111105
86	"07:38:20"	342.0	0.776	3.16	266	11.8	0.774	6	1	2.84	29.39	29.07	29.34	275.04	270.28	18.409	32.116	45.50	79.38	500.0	-0	250	101.7	0	0	0.7	111105
87	"07:38:22"	343.5	1.23	3.15	266	11.8	0.772	6	1	2.84	29.39	29.07	29.35	275.79	270.49	18.456	32.130	45.61	79.40	499.9	-0	252	101.7	0	0	0.7	111105
88	"07:38:23"	345.0	-0.00898	3.15	268	11.8	0.772	6	1	2.84	29.40	29.08	29.35	274.45	270.64	18.469	32.141	45.63	79.41	499.9	-0	254	101.7	0	0	0.7	111105
89	"07:38:24"	346.5	-2.57	3.19	270	11.8	0.771	6	1	2.84	29.40	29.08	29.35	271.61	270.85	18.415	32.153	45.49	79.42	499.9	-0	255	101.7	0	0	0.7	111105
90	"07:38:25"	347.5	-3.86	3.23	272	11.9	0.771	6	1	2.84	29.40	29.08	29.35	270.27	271.04	18.350	32.160	45.32	79.43	500.0	-0	255	101.7	0	0	0.7	111105
91	"07:38:27"	349.0	-4.33	3.28	272	12	0.771	6	1	2.84	29.41	29.09	29.36	270.07	271.37	18.263	32.168	45.10	79.43	500.0	-0	255	101.7	0	0	0.7	111105
92	"07:38:28"	350.0	-4.21	3.29	273	12	0.771	6	1	2.84	29.41	29.09	29.36	270.46	271.61	18.240	32.176	45.03	79.45	500.0	-0	254	101.7	0	0	0.7	111105
93	"07:38:29"	351.5	-3.84	3.31	272	12	0.77	6	1	2.84	29.41	29.09	29.36	271.15	271.84	18.242	32.185	45.04	79.46	500.0	-0	255	101.7	0	0	0.7	111105
94	"07:38:30"	352.5	-3.96	3.33	273	12	0.769	6	1	2.84	29.41	29.09	29.37	271.13	271.97	18.246	32.202	45.04	79.49	499.9	-0	258	101.7	0	0	0.7	111105
95	"07:38:32"	354.0	-4.13	3.35	273	12	0.768	6	1	2.84	29.42	29.09	29.37	271.16	272.18	18.225	32.212	44.98	79.50	499.9	-0	264	101.7	0	0	0.7	111105
96	"07:38:33"	355.0	-4.32	3.36	273	12.1	0.768	6	1	2.84	29.42	29.09	29.37	271.06	272.30	18.211	32.222	44.94	79.51	500.0	-0	268	101.7	0	0	0.7	111105
97	"07:38:34"	356.5	-5.29	3.36	274	12.1	0.768	6	1	2.84	29.42	29.10	29.37	270.01	272.40	18.196	32.220	44.90	79.50	499.9	-0	271	101.7	0	0	0.7	111105
98	"07:38:35"	357.5	-6.39	3.37	275	12.1	0.769	6	1	2.84	29.42	29.10	29.38	268.66	272.37	18.178	32.222	44.85	79.49	499.9	-0	274	101.7	0	0	0.7	111105
99	"07:38:37"	359.0	-8.59	3.41	277	12.2	0.769	6	1	2.84	29.42	29.10	29.38	266.08	272.41	18.106	32.225	44.66	79.49	499.9	-0	277	101.7	0	0	0.7	111105
100	"07:38:38"	360.0	-9.68	3.46	278	12.2	0.768	6	1	2.84	29.43	29.10	29.38	264.81	272.43	18.028	32.232	44.46	79.50	499.9	-0	280	101.7	0	0	0.7	111105
101	"07:38:39"	361.5	-10.2	3.54	279	12.3	0.767	6	1	2.84	29.43	29.10	29.39	264.21	272.43	17.920	32.248	44.19	79.52	500.0	-0	284	101.7	0	0	0.7	111105
102	"07:38:40"	362.0	-9.82	3.56	278	12.4	0.767	6	1	2.84	29.43	29.10	29.39	264.68	272.43	17.894	32.250	44.12	79.52	500.0	-0	285	101.7	0	0	0.7	111105
103	"07:38:42"	363.0	-7.57	3.58	276	12.4	0.767	6	1	2.84	29.43	29.10	29.39	267.33	272.36	17.867	32.258	44.05	79.53	500.0	-0	288	101.7	0	0	0.7	111105
104	"07:38:43"	364.0	-4.05	3.6	273	12.4	0.766	6	1	2.84	29.44	29.11	29.39	271.48	272.28	17.863	32.267	44.03	79.54	500.0	-0	273	101.7	0	0	0.7	111105
105	"07:38:44"	365.0	-0.344	3.6	269	12.4	0.766	6	1	2.84	29.44	29.11	29.39	275.78	272.14	17.875	32.274	44.06	79.55	499.9	-0	226	101.7	0	0	0.7	111105
106	"07:38:45"	366.5	3.1	3.58	266	12.4	0.766	6	1	2.84	29.44	29.11	29.40	279.68	271.92	17.907	32.282	44.13	79.56	499.9	-0	172	101.7	0	0	0.7	111105
107	"07:38:46"	367.5	3.15	3.57	266	12.4	0.766	6	1	2.84	29.44	29.11	29.40	279.53	271.72	17.932	32.289	44.19	79.56	499.9	-0	149	101.7	0	0	0.7	111105
108	"07:38:47"	368.5	2.27	3.56	266	12.3	0.766	6	1	2.84	29.44	29.12	29.40	278.31	271.56	17.956	32.291	44.24	79.56	499.9	-0	158	101.7	0	0	0.7	111105
109	"07:38:48"	370.0	0.612	3.55	268	12.3	0.766	6	1	2.84	29.45	29.12	29.40	276.12	271.37	17.979	32.295	44.29	79.55	500.0	-0	177	101.7	0	0	1.0	111105
110	"07:38:50"	371.0	-0.386	3.55	269	12.3	0.766	6	1	2.84	29.45	29.12	29.41	274.87	271.32	17.976	32.296	44.28	79.55	500.0	-0	167	101.7	0	0	1.0	111105
111	"07:38:51"	372.0	-1.5	3.55	270	12.3	0.767	6	1	2.84	29.45	29.12	29.41	273.57	271.35	17.962	32.295	44.24	79.54	500.0	-0	142	101.7	0	0	1.0	111105
112	"07:38:52"	373.0	-2.54	3.55	271	12.4	0.767	6	1	2.84	29.45	29.13	29.41	272.46	271.49	17.953	32.302	44.21	79.54	500.0	-0	121	101.7	0	0	0.7	111105
113	"07:38:53"	374.5	-3.36	3.53	272	12.3	0.768	6	1	2.84	29.46	29.13	29.41	271.71	271.73	17.980	32.306	44.27	79.54	500.0	-0	139	101.7	0	0	0.7	111105
114	"07:38:54"	375.5	-3.49	3.5	272	12.3	0.768	6	1	2.84	29.46	29.13	29.41	271.73	271.91	18.035	32.309	44.40	79.54	499.9	-0	183	101.7	0	0	0.7	111105
115	"07:38:55"	376.5	-3.4	3.46	272	12.2	0.768	6	1	2.84	29.46	29.13	29.42	271.99	272.08	18.113	32.311	44.58	79.53	499.9	-0	230	101.7	0	0	0.7	111105
116	"07:38:56"	377.5	-3.15	3.42	272	12.2	0.768	6	1	2.84	29.46	29.13	29.42	272.42	272.23	18.195	32.314	44.78	79.53	499.9	-0	260	101.7	0	0	0.7	111105
117	"07:38:57"	378.5	-2.93	3.39	272	12.1	0.768	6	1	2.84	29.47	29.14	29.42	272.85	272.41	18.272	32.318	44.96	79.53	500.0	-0	263	101.7	0	0	0.7	111105
118	"07:38:58"	380.0	-2.81	3.35	272	12	0.768	6	1	2.84	29.47	29.14	29.42	273.20	272.63	18.357	32.324	45.17	79.54	500.2	-0	266	101.7	0	0	0.7	111105
119	"07:39:00"	382.0	-0.845	3.32	270	12	0.767	6	1	2.84	29.47	29.14	29.43	275.72	272.81	18.418	32.334	45.31	79.54	500.1	-0	269	101.7	0	0	1.0	111105
120	"07:39:01"	382.5	-0.238	3.31	270	12	0.767	6	1	2.84	29.47	29.14	29.43	276.46	272.82	18.435	32.337	45.35	79.55	500.1	-0	270	101.7	0	0	1.0	111105
121	"07:39:02"	383.5	0.936	3.3	269	11.9	0.767	6	1	2.84	29.47	29.14	29.43	277.93	272.89	18.474	32.346	45.44	79.56	499.9	-0	271	101.7	0	0	1.0	111105
122	"07:39:03"	385.5	2.28	3.27	268	11.9	0.766	6	1	2.84	29.48	29.15	29.44	279.53	272.90	18.574	32.363	45.67	79.58	499.9	-0	274	101.7	0	0	1.0	111105
123	"07:39:04"	386.0	2.34	3.27	268	11.9	0.765	6	1	2.84	29.48	29.15	29.44	279.65	272.96	18.596	32.370	45.72	79.59	499.9	-0	275	101.7	0	0	0.7	111105
124	"07:39:06"	387.0	2.22	3.26	268	11.8	0.764	6	1	2.84	29.48	29.15	29.44	279.56	273.01	18.629	32.380	45.80	79.61	499.9	-0	277	101.7	0	0	0.7	111105
125	"07:39:07"	389.0	-0.0845	3.27	270	11.8	0.763	6	1	2.84	29.49	29.15	29.45	277.11	273.32	18.647	32.400	45.83	79.63	499.9	-0	278	101.7	0	0	0.7	111105
126	"07:39:08"	389.5	-1.05	3.28	271	11.9	0.763	6	1	2.84	29.49	29.15	29.45	276.06	273.43	18.640	32.403	45.81	79.64	499.9	-0	279	101.7	0	0	0.7	111105
127	"07:39:09"	390.5	-2.95	3.29	273	11.9	0.763	6	1	2.84	29.49	29.16	29.45	273.97	273.61	18.615	32.410	45.74	79.65	499.9	-0	296	101.7	0	0	0.7	111105
128	"07:39:10"	392.5	-5.34	3.35	276	12	0.762	6	1	2.84	29.49	29.16	29.45	271.60	274.08	18.544	32.434	45.56	79.68	499.9	-0	333	101.7	0	0	0.7	111105
129	"07:39:11"	393.5	-5.86	3.37	277	12	0.762	6	1	2.84	29.50	29.17	29.46	271.23	274.31	18.515	32.442	45.48	79.69	499.9	-0	351	101.7	0	0	0.7	111105
130	"07:39:13"	395.0	-6.45	3.42	278	12	0.761	6	1	2.84	29.50	29.17	29.46	270.80	274.57	18.472	32.459	45.37	79.72	499.9	-0	352	101.7	0	0	0.7	111105
131	"07:39:14"	396.0	-7.01	3.45	278	12.1	0.76	6	1	2.84	29.50	29.17	29.46	270.29	274.72	18.432	32.468	45.26	79.73	500.0	-0	352	101.7	0	0	0.7	111105
132	"07:39:15"	397.5	-7.78	3.51	279	12.2	0.76	6	1	2.84	29.51	29.17	29.47	269.53	274.85	18.351	32.480	45.06	79.75	499.9	-0	353	101.7	0	0	0.7	111105
133	"07:39:17"	398.5	-7.94	3.54	279	12.2	0.759	6	1	2.84	29.51	29.17	29.47	269.40	274.90	18.303	32.488	44.93	79.75	500.0	-0	338	101.7	0	0	0.7	111105
134	"07:39:18"	400.0	-7.31	3.57	279	12.3	0.759	6	1	2.84	29.51	29.18	29.47	270.19	274.93	18.275	32.502	44.85	79.77	499.9	-0	335	101.7	0	0	0.7	111105
135	"07:39:19"	401.0	-6.85	3.58	278	12.3	0.758	6	1	2.84	29.51	29.18	29.47	270.68	274.86	18.283	32.511	44.87	79.78	499.9	-0	334	101.7	0	0	0.7	111105
136	"07:39:20"	402.5	-6.34	3.58	277	12.2	0.757	6	1	2.84	29.52	29.18	29.48	271.14	274.72	18.312	32.526	44.93	79.80	499.9	-0	349	101.7	0	0	0.7	111105
137	"07:39:21"	403.5	-6.21	3.57	277	12.2	0.757	6	1	2.84	29.52	29.18	29.48	271.16	274.59	18.338	32.531	44.99	79.80	499.9	-0	353	101.7	0	0	0.7	111105
138	"07:39:23"	405.0	-5.77	3.56	277	12.2	0.756	6	1	2.84	29.52	29.19	29.49	271.47	274.38	18.398	32.548	45.12	79.83	500.0	-0	355	101.7	0	0	0.7	111105
139	"07:39:24"	406.0	-5.53	3.53	276	12.1	0.756	6	1	2.84	29.53	29.19	29.49	271.65	274.29	18.450	32.552	45.24	79.83	500.0	-0	353	101.7	0	0	0.7	111105
140	"07:39:25"	407.5	-4.91	3.5	276	12.1	0.756	6	1	2.84	29.53	29.19	29.49	272.17	274.09	18.532	32.562	45.43	79.83	500.1	-0	351	101.7	0	0	0.7	111105
141	"07:39:26"	408.5	-4.37	3.47	275	12	0.756	6	1	2.84	29.53	29.19	29.49	272.69	273.98	18.583	32.563	45.56	79.83	500.1	-0	348	101.7	0	0	1.0	111105
142	"07:39:28"	410.0	-3.67	3.43	274	12	0.756	6	1	2.84	29.54	29.19	29.50	273.28	273.75	18.655	32.567	45.72	79.82	500.1	-0	324	101.7	0	0	0.7	111105
143	"07:39:29"	411.0	-3.81	3.41	274	12	0.756	6	1	2.84	29.54	29.20	29.50	272.97	273.62	18.688	32.572	45.80	79.82	500.0	-0	265	101.7	0	0	0.7	111105
144	"07:39:30"	412.5	-4.82	3.4	275	12	0.757	6	1	2.84	29.54	29.20	29.50	271.63	273.49	18.703	32.580	45.83	79.83	500.0	-0	201	101.7	0	0	0.7	111105
145	"07:39:31"	413.5	-5.92	3.42	276	12	0.757	6	1	2.84	29.54	29.21	29.51	270.21	273.39	18.680	32.588	45.77	79.84	500.0	-0	170	101.7	0	0	0.7	111105
146	"07:39:33"	415.0	-7.33	3.46	277	12.1	0.758	6	1	2.84	29.55	29.21	29.51	268.49	273.34	18.599	32.591	45.56	79.83	500.0	-0	171	101.7	0	0	0.7	111105
147	"07:39:34"	416.0	-7.97	3.49	278	12.1	0.758	6	1	2.84	29.55	29.21	29.51	267.62	273.22	18.533	32.593	45.39	79.83	500.0	-0	161	101.7	0	0	0.7	111105
148	"07:39:35"	417.5	-8.47	3.54	278	12.2	0.758	6	1	2.84	29.55	29.21	29.52	266.98	273.15	18.439	32.591	45.15	79.81	500.0	-0	248	101.7	0	0	0.7	111105
149	"07:39:36"	418.5	-8.48	3.56	278	12.2	0.758	6	1	2.84	29.55	29.21	29.52	266.88	273.05	18.396	32.590	45.04	79.79	499.9	-0	279	101.7	0	0	0.7	111105
150	"07:39:38"	420.0	-8.53	3.58	278	12.3	0.759	6	1	2.84	29.56	29.22	29.52	266.74	272.97	18.355	32.589	44.93	79.78	499.8	-0	365	101.7	0	0	0.7	111105
151	"07:39:39"	421.0	-8.36	3.58	277	12.3	0.759	6	1	2.84	29.56	29.22	29.52	266.85	272.86	18.345	32.591	44.90	79.77	499.9	-0	368	101.7	0	0	0.7	111105
152	"07:39:40"	422.5	-7.91	3.57	277	12.3	0.759	6	1	2.84	29.56	29.22	29.53	267.18	272.67	18.357	32.597	44.92	79.77	499.9	-0	372	101.7	0	0	0.7	111105
153	"07:39:41"	423.5	-7.48	3.56	276	12.2	0.759	6	1	2.84	29.57	29.22	29.53	267.53	272.51	18.383	32.603	44.98	79.77	499.9	-0	374	101.7	0	0	0.7	111105
154	"07:39:43"	425.0	-6.98	3.53	276	12.2	0.76	6	1	2.84	29.57	29.22	29.53	267.82	272.21	18.435	32.604	45.10	79.76	499.9	-0	373	101.7	0	0	0.7	111105
155	"07:39:44"	426.0	-6.92	3.51	275	12.2	0.76	6	1	2.84	29.57	29.23	29.54	267.69	272.02	18.463	32.607	45.16	79.75	499.9	-0	373	101.7	0	0	0.7	111105
156	"07:39:45"	427.5	-7.33	3.5	276	12.2	0.761	6	1	2.84	29.57	29.23	29.54	266.93	271.76	18.481	32.611	45.19	79.75	499.9	-0	374	101.7	0	0	0.7	111105
157	"07:39:46"	428.5	-7.89	3.49	276	12.2	0.762	6	1	2.84	29.58	29.24	29.54	266.12	271.61	18.472	32.610	45.17	79.73	499.9	-0	332	101.7	0	0	0.7	111105
158	"07:39:48"	430.0	-8.69	3.52	276	12.2	0.762	6	1	2.84	29.58	29.24	29.55	264.92	271.37	18.429	32.619	45.05	79.74	500.0	-0	284	101.7	0	0	0.7	111105
159	"07:39:49"	431.0	-9.15	3.54	277	12.3	0.762	6	1	2.84	29.58	29.24	29.55	264.17	271.16	18.386	32.620	44.94	79.73	500.0	-0	284	101.7	0	0	0.7	111105
160	"07:39:50"	432.5	-9.75	3.59	277	12.3	0.762	6	1	2.84	29.59	29.24	29.55	263.24	270.92	18.301	32.623	44.72	79.72	500.0	-0	312	101.7	0	0	0.7	111105
161	"07:39:51"	433.5	-9.86	3.63	277	12.4	0.762	6	1	2.84	29.59	29.24	29.56	262.88	270.69	18.245	32.627	44.58	79.72	499.9	-0	360	101.7	0	0	0.7	111105
162	"07:39:53"	435.0	-9.93	3.65	276	12.4	0.763	6	1	2.84	29.59	29.25	29.56	262.56	270.44	18.185	32.625	44.43	79.70	500.0	-0	315	101.7	0	0	0.7	111105
163	"07:39:54"	436.0	-9.93	3.66	276	12.5	0.763	6	1	2.84	29.59	29.25	29.56	262.34	270.22	18.163	32.626	44.37	79.69	500.0	-0	327	101.7	0	0	0.7	111105
164	"07:39:55"	437.5	-9.89	3.66	276	12.5	0.764	6	1	2.84	29.60	29.25	29.57	262.06	269.89	18.139	32.623	44.30	79.67	500.1	-0	330	101.7	0	0	0.7	111105
165	"07:39:56"	438.5	-9.75	3.67	275	12.5	0.765	6	1	2.84	29.60	29.26	29.57	261.96	269.61	18.124	32.623	44.25	79.66	500.1	-0	330	101.7	0	0	0.7	111105
166	"07:39:58"	440.0	-9.26	3.66	275	12.5	0.766	6	1	2.84	29.61	29.26	29.57	262.12	269.19	18.115	32.625	44.22	79.64	500.1	-0	303	101.7	0	0	0.7	111105
167	"07:39:59"	441.0	-8.75	3.64	274	12.5	0.767	6	1	2.84	29.61	29.26	29.58	262.44	268.92	18.129	32.622	44.25	79.62	500.0	-0	309	101.7	0	0	0.7	111105
168	"07:40:00"	442.5	-8.06	3.58	273	12.4	0.769	6	1	2.84	29.61	29.27	29.58	262.87	268.54	18.184	32.615	44.37	79.59	499.9	-0	359	101.7	0	0	0.7	111105
169	"07:40:01"	443.5	-7.69	3.54	272	12.4	0.77	6	1	2.84	29.61	29.27	29.58	263.02	268.26	18.226	32.610	44.47	79.57	499.9	-0	389	101.7	0	0	0.7	111105
170	"07:40:03"	445.0	-7.4	3.51	272	12.4	0.771	6	1	2.84	29.62	29.27	29.59	262.89	267.81	18.267	32.608	44.56	79.54	499.9	-0	390	101.7	0	0	0.7	111105
171	"07:40:04"	446.0	-7.33	3.5	271	12.4	0.771	6	1	2.84	29.62	29.28	29.59	262.71	267.54	18.274	32.612	44.57	79.54	500.0	-0	388	101.7	0	0	0.7	111105
172	"07:40:05"	447.5	-7.15	3.5	271	12.4	0.772	6	1	2.84	29.62	29.28	29.59	262.53	267.15	18.274	32.614	44.56	79.53	500.0	-0	386	101.7	0	0	0.7	111105
173	"07:40:06"	448.5	-6.98	3.49	270	12.3	0.773	6	1	2.84	29.63	29.28	29.59	262.50	266.92	18.276	32.610	44.56	79.51	500.0	-0	384	101.7	0	0	0.7	111105
174	"07:40:08"	450.0	-6.65	3.47	270	12.3	0.774	6	1	2.84	29.63	29.29	29.60	262.52	266.55	18.282	32.606	44.56	79.48	500.0	-0	378	101.7	0	0	0.7	111105
175	"07:40:09"	451.0	-6.33	3.46	269	12.3	0.774	6	1	2.84	29.63	29.29	29.60	262.66	266.32	18.286	32.605	44.57	79.46	499.9	-0	378	101.7	0	0	0.7	111105
176	"07:40:10"	452.5	-5.82	3.45	268	12.3	0.775	6	1	2.84	29.64	29.29	29.61	262.98	266.04	18.300	32.605	44.59	79.44	499.9	-0	380	101.7	0	0	0.7	111105
177	"07:40:11"	453.5	-5.63	3.43	268	12.3	0.776	6	1	2.84	29.64	29.29	29.61	263.10	265.92	18.310	32.605	44.61	79.43	499.9	-0	384	101.7	0	0	0.7	111105
178	"07:40:13"	455.0	-5.35	3.42	268	12.3	0.777	6	1	2.84	29.64	29.30	29.61	263.19	265.68	18.321	32.603	44.62	79.41	499.9	-0	383	101.7	0	0	0.7	111105
179	"07:40:14"	456.0	-5.24	3.41	267	12.3	0.777	6	1	2.84	29.65	29.30	29.62	263.17	265.53	18.322	32.602	44.62	79.40	499.9	-0	382	101.7	0	0	0.7	111105
180	"07:40:15"	457.5	-4.79	3.4	267	12.3	0.778	6	1	2.84	29.65	29.30	29.62	263.43	265.26	18.325	32.600	44.62	79.37	499.9	-0	381	101.7	0	0	0.7	111105
181	"07:40:16"	458.5	-4.34	3.39	266	12.3	0.779	6	1	2.84	29.65	29.31	29.62	263.78	265.07	18.333	32.601	44.63	79.36	499.9	-0	381	101.7	0	0	0.7	111105
182	"07:40:18"	460.0	-3.29	3.37	265	12.3	0.78	6	1	2.84	29.66	29.31	29.63	264.83	264.88	18.364	32.604	44.69	79.35	500.1	-0	381	101.7	0	0	0.7	111105
183	"07:40:19"	460.5	-2.78	3.35	264	12.3	0.781	6	1	2.84	29.66	29.31	29.63	265.38	264.81	18.379	32.601	44.73	79.34	500.2	-0	380	101.7	0	0	0.7	111105
184	"07:40:20"	462.0	-0.986	3.31	263	12.2	0.781	6	1	2.84	29.66	29.32	29.63	267.35	264.66	18.448	32.602	44.89	79.33	500.2	-0	289	101.7	0	0	0.7	111105
185	"07:40:21"	462.5	-0.48	3.3	262	12.2	0.781	6	1	2.84	29.66	29.32	29.63	267.94	264.65	18.475	32.602	44.95	79.32	500.2	-0	252	101.7	0	0	0.7	111105
186	"07:40:22"	464.5	0.855	3.23	261	12.1	0.782	6	1	2.84	29.67	29.32	29.64	269.41	264.55	18.586	32.604	45.20	79.30	499.9	-0	108	101.7	0	0	0.7	111105
187	"07:40:23"	465.0	0.993	3.22	260	12.1	0.783	6	1	2.84	29.67	29.32	29.64	269.54	264.53	18.611	32.604	45.26	79.29	499.9	-0	89	101.7	0	0	0.7	111105
188	"07:40:25"	467.0	1.8	3.16	260	12	0.784	6	1	2.84	29.68	29.33	29.65	270.40	264.44	18.709	32.605	45.49	79.27	499.9	-0	89	101.7	0	0	0.7	111105
189	"07:40:26"	467.5	2.07	3.14	259	11.9	0.784	6	1	2.84	29.68	29.33	29.65	270.74	264.47	18.738	32.602	45.55	79.26	499.9	-0	89	101.7	0	0	0.7	111105
190	"07:40:27"	469.5	2.92	3.07	259	11.8	0.786	6	1	2.84	29.68	29.33	29.65	271.85	264.59	18.864	32.604	45.85	79.24	499.9	-0	92	101.7	0	0	0.7	111105
191	"07:40:28"	470.5	2.74	3.04	259	11.8	0.786	6	1	2.84	29.69	29.34	29.66	271.76	264.72	18.910	32.602	45.95	79.22	499.9	-0	132	101.7	0	0	0.7	111105
192	"07:40:30"	472.0	2.21	3.03	260	11.8	0.787	6	1	2.84	29.69	29.34	29.66	271.37	264.97	18.931	32.606	45.99	79.22	499.9	-0	236	101.7	0	0	0.7	111105
193	"07:40:31"	473.0	2.4	3.03	260	11.8	0.787	6	1	2.84	29.69	29.34	29.66	271.73	265.10	18.919	32.605	45.96	79.20	499.9	-0	306	101.7	0	0	0.7	111105
194	"07:40:32"	474.5	3.16	3.04	259	11.8	0.787	6	1	2.84	29.69	29.34	29.66	273.03	265.47	18.902	32.607	45.91	79.19	500.0	-0	365	101.7	0	0	0.7	111105
195	"07:40:33"	475.5	3.56	3.04	259	11.8	0.788	6	1	2.84	29.70	29.34	29.67	273.74	265.70	18.896	32.605	45.89	79.18	500.0	-0	368	101.7	0	0	1.0	111105
196	"07:40:35"	477.0	3.19	3.04	260	11.8	0.789	6	1	2.84	29.70	29.35	29.67	273.67	266.06	18.874	32.601	45.82	79.15	500.0	-0	370	101.7	0	0	0.7	111105
197	"07:41:02"	504.5	-7.13	3.24	274	12.3	0.798	6	1	2.84	29.77	29.42	29.75	265.63	270.18	18.360	32.685	44.39	79.02	500.0	-0	361	101.7	0	0	0.0	111105
198	"07:41:03"	505.5	-6.72	3.24	273	12.3	0.798	6	1	2.84	29.77	29.42	29.75	266.00	270.06	18.364	32.686	44.39	79.02	499.9	-0	361	101.7	0	0	0.3	111105
199	"07:41:05"	507.0	-6.35	3.23	273	12.3	0.798	6	1	2.84	29.78	29.42	29.75	266.36	269.99	18.380	32.683	44.43	79.00	499.8	-0	361	101.7	0	0	0.3	111105
200	"07:41:06"	508.0	-5.98	3.22	272	12.3	0.798	6	1	2.84	29.78	29.42	29.76	266.70	269.89	18.398	32.686	44.47	79.00	499.8	-0	362	101.7	0	0	0.3	111105
201	"07:41:07"	509.5	-5.19	3.19	272	12.3	0.799	6	1	2.84	29.78	29.43	29.76	267.47	269.73	18.453	32.686	44.59	78.98	499.8	-0	362	101.7	0	0	0.3	111105
202	"07:41:08"	510.0	-4.9	3.18	271	12.2	0.799	6	1	2.84	29.78	29.43	29.76	267.75	269.67	18.477	32.690	44.64	78.99	499.8	-0	363	101.7	0	0	0.3	111105
203	"07:41:10"	512.0	-3.56	3.14	270	12.2	0.799	6	1	2.84	29.79	29.43	29.77	269.11	269.45	18.584	32.697	44.89	78.98	499.9	-0	365	101.7	0	0	0.7	111105
204	"07:41:11"	513.0	-2.85	3.1	269	12.1	0.8	6	1	2.84	29.79	29.43	29.77	269.80	269.31	18.638	32.693	45.01	78.96	499.9	-0	366	101.7	0	0	0.7	111105
205	"07:41:12"	514.5	-1.33	3.06	267	12	0.8	6	1	2.84	29.79	29.44	29.77	271.39	269.10	18.723	32.697	45.21	78.95	500.1	-0	369	101.7	0	0	0.7	111105
206	"07:41:13"	515.5	0.595	3.03	265	12	0.801	6	1	2.84	29.80	29.44	29.78	273.51	268.93	18.794	32.701	45.37	78.95	500.1	-0	371	101.7	0	0	0.3	111105
207	"07:41:15"	517.0	2.55	2.97	263	11.9	0.802	6	1	2.84	29.80	29.45	29.78	275.67	268.78	18.921	32.704	45.67	78.94	500.1	-0	372	101.7	0	0	0.3	111105
208	"07:41:16"	518.0	2.16	2.94	263	11.8	0.802	6	1	2.84	29.80	29.45	29.78	275.09	268.69	18.971	32.708	45.78	78.93	499.9	-0	372	101.7	0	0	0.7	111105
209	"07:41:17"	519.5	-0.287	2.96	266	11.9	0.802	6	1	2.84	29.81	29.45	29.79	272.17	268.68	18.936	32.713	45.69	78.93	499.9	-0	372	101.7	0	0	0.7	111105
210	"07:41:18"	520.5	-2.26	3	268	11.9	0.802	6	1	2.84	29.81	29.45	29.79	269.87	268.73	18.856	32.716	45.49	78.92	499.9	-0	373	101.7	0	0	0.7	111105
211	"07:41:20"	522.0	-3.39	3.06	269	12.1	0.803	6	1	2.84	29.81	29.46	29.79	268.66	268.84	18.710	32.717	45.13	78.91	500.0	-0	375	101.7	0	0	0.7	111105
212	"07:41:21"	523.0	-3.55	3.08	269	12.1	0.803	6	1	2.84	29.82	29.46	29.80	268.61	268.96	18.640	32.720	44.95	78.90	500.0	-0	376	101.7	0	0	0.7	111105
213	"07:41:22"	524.5	-3.68	3.12	270	12.2	0.804	6	1	2.84	29.82	29.46	29.80	268.73	269.20	18.555	32.724	44.74	78.90	500.0	-0	377	101.7	0	0	0.7	111105
214	"07:41:23"	525.5	-3.54	3.13	270	12.2	0.806	6	1	2.84	29.82	29.47	29.80	269.03	269.32	18.507	32.720	44.61	78.87	500.0	-0	377	101.7	0	0	0.7	111105
215	"07:41:25"	527.0	-3.57	3.15	270	12.3	0.807	6	1	2.84	29.83	29.47	29.81	269.14	269.45	18.449	32.720	44.46	78.85	500.0	-0	378	101.7	0	0	0.7	111105
216	"07:41:26"	528.0	-3.61	3.15	270	12.3	0.808	6	1	2.84	29.83	29.48	29.81	269.12	269.47	18.424	32.720	44.39	78.84	500.0	-0	378	101.7	0	0	1.0	111105
217	"07:41:27"	529.5	-3.7	3.15	270	12.3	0.808	6	1	2.84	29.83	29.48	29.82	269.08	269.54	18.411	32.718	44.35	78.82	500.0	-0	377	101.7	0	0	1.0	111105
218	"07:41:28"	530.5	-3.62	3.14	270	12.3	0.809	6	1	2.84	29.84	29.48	29.82	269.20	269.56	18.417	32.715	44.36	78.80	500.0	-0	376	101.7	0	0	0.7	111105
219	"07:41:30"	532.0	-3.51	3.13	270	12.3	0.809	6	1	2.84	29.84	29.48	29.82	269.37	269.59	18.430	32.718	44.38	78.79	499.9	-0	375	101.7	0	0	0.7	111105
220	"07:41:31"	533.0	-3.43	3.13	270	12.3	0.809	6	1	2.84	29.84	29.48	29.82	269.43	269.57	18.432	32.719	44.38	78.78	499.9	-0	373	101.7	0	0	0.7	111105
221	"07:41:32"	534.5	-3.99	3.14	270	12.3	0.809	6	1	2.84	29.85	29.49	29.83	268.75	269.55	18.419	32.727	44.34	78.78	500.0	-0	371	101.7	0	0	0.7	111105
222	"07:41:33"	535.5	-4.52	3.14	271	12.3	0.811	6	1	2.84	29.85	29.49	29.83	268.09	269.52	18.396	32.725	44.27	78.76	500.0	-0	368	101.7	0	0	0.7	111105
223	"07:41:35"	537.0	-5.28	3.15	271	12.4	0.812	6	1	2.84	29.86	29.50	29.84	267.17	269.50	18.358	32.725	44.17	78.74	500.0	-0	365	101.7	0	0	0.7	111105
224	"07:41:36"	538.0	-5.48	3.14	272	12.4	0.813	6	1	2.84	29.86	29.50	29.84	266.95	269.52	18.345	32.724	44.13	78.73	499.9	-0	362	101.7	0	0	0.7	111105
225	"07:41:37"	539.5	-5.03	3.13	271	12.4	0.813	6	1	2.84	29.86	29.51	29.84	267.42	269.46	18.376	32.733	44.20	78.73	499.9	-0	358	101.7	0	0	0.7	111105
226	"07:41:38"	540.5	-4.63	3.11	271	12.3	0.814	6	1	2.84	29.87	29.51	29.85	267.86	269.43	18.428	32.740	44.32	78.73	499.9	-0	355	101.7	0	0	0.7	111105
227	"07:41:40"	542.0	-3.96	3.06	270	12.3	0.814	6	1	2.84	29.87	29.52	29.85	268.56	269.35	18.529	32.752	44.55	78.74	499.9	-0	351	101.7	0	0	1.0	111105
228	"07:41:41"	543.0	-3.87	3.04	270	12.2	0.815	6	1	2.84	29.87	29.52	29.85	268.62	269.32	18.591	32.758	44.69	78.74	499.9	-0	348	101.7	0	0	1.0	111105
229	"07:41:42"	544.5	-4.25	3.02	270	12.2	0.815	6	1	2.84	29.88	29.53	29.86	268.03	269.20	18.638	32.767	44.79	78.74	499.9	-0	343	101.7	0	0	1.0	111105
230	"07:41:43"	545.5	-4.53	3.02	270	12.2	0.815	6	1	2.84	29.88	29.53	29.86	267.62	269.12	18.637	32.775	44.78	78.75	499.9	-0	340	101.7	0	0	0.7	111105
231	"07:41:45"	547.0	-4.12	3.03	270	12.2	0.815	6	1	2.84	29.88	29.54	29.87	268.04	269.04	18.619	32.780	44.73	78.74	500.0	-0	335	101.7	0	0	0.7	111105
232	"07:41:46"	548.0	-2.87	3.02	269	12.2	0.816	6	1	2.84	29.89	29.54	29.87	269.50	269.01	18.632	32.782	44.75	78.73	500.0	-0	332	101.7	0	0	0.7	111105
233	"07:41:47"	549.5	-0.727	2.97	266	12.1	0.817	6	1	2.84	29.89	29.54	29.87	272.00	268.96	18.725	32.786	44.96	78.72	500.0	-0	327	101.7	0	0	0.7	111105
234	"07:41:48"	550.0	-0.073	2.95	266	12.1	0.817	6	1	2.84	29.89	29.55	29.88	272.72	268.91	18.769	32.787	45.06	78.72	500.0	-0	325	101.7	0	0	0.7	111105
235	"07:41:49"	551.5	1.08	2.89	264	12	0.818	6	1	2.84	29.90	29.55	29.88	273.93	268.77	18.905	32.786	45.38	78.70	500.1	-0	321	101.7	0	0	0.7	111105
236	"07:41:50"	552.0	1.24	2.87	264	11.9	0.818	6	1	2.84	29.90	29.55	29.88	274.08	268.74	18.945	32.788	45.47	78.70	500.2	-0	319	101.7	0	0	0.7	111105
237	"07:41:52"	554.0	0.821	2.82	265	11.8	0.819	6	1	2.84	29.90	29.55	29.89	273.51	268.71	19.051	32.785	45.71	78.67	500.0	-0	312	101.7	0	0	0.7	111105
238	"07:41:53"	555.0	-0.0747	2.8	266	11.8	0.82	6	1	2.84	29.91	29.55	29.89	272.48	268.76	19.057	32.776	45.72	78.63	500.0	-0	309	101.7	0	0	0.7	111105
239	"07:41:54"	556.5	-1.81	2.82	267	11.9	0.821	6	1	2.84	29.91	29.56	29.89	270.53	268.88	18.985	32.774	45.54	78.61	499.9	-0	305	101.7	0	0	0.7	111105
240	"07:41:55"	557.5	-2.54	2.86	268	12	0.822	6	1	2.84	29.91	29.56	29.90	269.77	268.96	18.899	32.780	45.32	78.61	500.0	-0	301	101.7	0	0	0.7	111105
241	"07:41:57"	559.0	-3	2.91	269	12.1	0.822	6	1	2.84	29.92	29.57	29.90	269.38	269.08	18.764	32.781	44.99	78.59	500.0	-0	297	101.7	0	0	0.7	111105
242	"07:41:58"	560.0	-2.96	2.94	269	12.1	0.823	6	1	2.84	29.92	29.57	29.90	269.62	269.25	18.695	32.781	44.81	78.58	500.0	-0	293	101.7	0	0	0.7	111105
243	"07:41:59"	561.5	-2.56	2.95	269	12.2	0.824	6	1	2.84	29.93	29.57	29.91	270.32	269.45	18.637	32.773	44.66	78.54	500.0	-0	288	101.7	0	0	1.0	111105
244	"07:42:00"	562.5	-2.51	2.95	269	12.2	0.825	6	1	2.84	29.93	29.57	29.91	270.57	269.64	18.619	32.772	44.61	78.53	500.0	-0	284	101.7	0	0	1.0	111105
245	"07:42:02"	564.0	-2.95	2.95	269	12.2	0.827	6	1	2.84	29.93	29.58	29.91	270.22	269.81	18.594	32.764	44.54	78.49	499.9	-0	279	101.7	0	0	0.7	111105
246	"07:42:03"	565.0	-3.52	2.95	270	12.2	0.828	6	1	2.84	29.93	29.58	29.92	269.58	269.84	18.566	32.759	44.47	78.47	499.9	-0	275	101.7	0	0	0.7	111105
247	"07:42:04"	566.5	-4.29	2.95	271	12.3	0.829	6	1	2.84	29.94	29.58	29.92	268.68	269.86	18.523	32.751	44.36	78.43	499.9	-0	270	101.7	0	0	0.7	111105
248	"07:42:05"	567.5	-4.51	2.94	271	12.3	0.831	6	1	2.84	29.94	29.58	29.92	268.42	269.87	18.509	32.745	44.32	78.40	499.9	-0	266	101.7	0	0	0.7	111105
249	"07:42:07"	569.0	-4.78	2.93	271	12.3	0.832	6	1	2.84	29.95	29.59	29.93	268.22	269.99	18.511	32.737	44.31	78.37	499.9	-0	260	101.7	0	0	0.7	111105
250	"07:42:08"	570.0	-5.04	2.91	272	12.2	0.834	6	1	2.84	29.95	29.59	29.93	267.92	270.00	18.514	32.726	44.31	78.33	499.9	-0	257	101.7	0	0	0.7	111105
251	"07:42:09"	571.5	-5.89	2.92	273	12.3	0.834	6	1	2.84	29.95	29.59	29.94	266.87	269.97	18.487	32.727	44.24	78.32	500.0	-0	251	101.7	0	0	0.7	111105
252	"07:42:10"	572.0	-6.26	2.93	273	12.3	0.834	6	1	2.84	29.95	29.59	29.94	266.41	269.95	18.467	32.728	44.19	78.31	499.9	-0	250	101.7	0	0	0.7	111105
253	"07:42:11"	573.5	-7.27	2.94	274	12.3	0.836	6	1	2.84	29.96	29.60	29.94	265.12	269.85	18.393	32.720	44.00	78.27	499.9	-0	245	101.7	0	0	0.7	111105
254	"07:42:13"	575.0	-7.57	2.94	274	12.4	0.839	6	1	2.84	29.96	29.60	29.95	264.80	269.87	18.322	32.697	43.82	78.20	500.0	-0	240	101.7	0	0	0.7	111105
255	"07:42:14"	576.0	-7.29	2.94	274	12.4	0.841	6	1	2.84	29.96	29.60	29.95	265.09	269.83	18.300	32.689	43.76	78.17	500.0	-0	237	101.7	0	0	0.7	111105
256	"07:42:15"	577.5	-6.8	2.91	273	12.4	0.843	6	1	2.84	29.97	29.61	29.95	265.54	269.69	18.305	32.673	43.77	78.12	500.0	-0	233	101.7	0	0	0.7	111105
257	"07:42:16"	578.5	-6.53	2.9	273	12.4	0.843	6	1	2.84	29.97	29.61	29.95	265.68	269.52	18.325	32.675	43.81	78.11	500.0	-0	231	101.7	0	0	1.0	111105
258	"07:42:18"	580.0	-6.07	2.9	272	12.3	0.842	6	1	2.84	29.97	29.61	29.96	265.98	269.28	18.369	32.690	43.90	78.13	499.9	-0	228	101.7	0	0	1.0	111105
259	"07:42:19"	581.0	-5.5	2.9	271	12.3	0.841	6	1	2.84	29.98	29.61	29.96	266.51	269.13	18.411	32.704	44.00	78.15	499.9	-0	226	101.7	0	0	0.7	111105
260	"07:42:20"	582.5	-3.58	2.84	269	12.2	0.843	6	1	2.84	29.98	29.61	29.96	268.50	268.86	18.496	32.687	44.19	78.10	499.9	-0	224	101.7	0	0	0.7	111105
261	"07:42:21"	583.5	-1.53	2.8	267	12.1	0.844	6	1	2.84	29.98	29.61	29.96	270.74	268.66	18.581	32.680	44.39	78.08	499.9	-0	223	101.7	0	0	0.7	111105
262	"07:42:23"	585.0	0.763	2.7	264	12	0.848	6	1	2.84	29.98	29.61	29.97	273.12	268.35	18.733	32.644	44.75	77.97	500.0	-0	221	101.7	0	0	0.7	111105
263	"07:42:24"	586.0	0.969	2.67	264	11.9	0.848	6	1	2.84	29.99	29.62	29.97	273.18	268.18	18.816	32.650	44.94	77.98	500.1	-0	220	101.7	0	0	0.7	111105
264	"07:42:25"	586.5	0.751	2.66	264	11.9	0.849	6	1	2.84	29.99	29.62	29.97	272.80	268.07	18.843	32.646	45.00	77.96	500.1	-0	220	101.7	0	0	0.7	111105
265	"07:42:26"	588.5	-1.58	2.64	266	11.9	0.851	6	1	2.84	29.99	29.62	29.98	269.80	267.88	18.823	32.626	44.94	77.90	500.1	-0	221	101.7	0	0	0.7	111105
266	"07:42:27"	589.0	-1.93	2.65	266	11.9	0.851	6	1	2.84	29.99	29.62	29.98	269.36	267.85	18.796	32.626	44.87	77.89	500.1	-0	221	101.7	0	0	0.7	111105
267	"07:42:28"	590.0	-2.42	2.66	267	12	0.853	6	1	2.84	29.99	29.62	29.98	268.80	267.86	18.738	32.612	44.73	77.85	500.0	-0	222	101.7	0	0	0.7	111105
268	"07:42:30"	592.0	-3.02	2.68	268	12	0.855	6	1	2.84	30.00	29.62	29.99	268.29	268.04	18.624	32.597	44.45	77.79	499.9	-0	222	101.7	0	0	0.7	111105
269	"07:42:31"	592.5	-3.15	2.68	268	12.1	0.856	6	1	2.84	30.00	29.62	29.99	268.18	268.08	18.594	32.590	44.37	77.77	500.0	-0	223	101.7	0	0	0.7	111105
270	"07:42:32"	594.5	-3.82	2.69	269	12.1	0.86	6	1	2.84	30.00	29.63	29.99	267.58	268.25	18.455	32.553	44.03	77.67	500.0	-0	225	101.7	0	0	0.7	111105
271	"07:42:33"	595.5	-4.43	2.71	270	12.2	0.861	6	1	2.84	30.01	29.63	29.99	266.96	268.34	18.377	32.541	43.84	77.63	500.0	-0	227	101.7	0	0	0.7	111105
272	"07:42:35"	597.0	-5.2	2.73	271	12.3	0.864	6	1	2.84	30.01	29.63	30.00	266.20	268.48	18.271	32.519	43.58	77.57	500.0	-0	232	101.7	0	0	0.7	111105
273	"07:42:36"	598.0	-5.38	2.73	271	12.3	0.866	6	1	2.84	30.01	29.63	30.00	266.04	268.53	18.218	32.497	43.45	77.51	500.0	-0	234	101.7	0	0	0.7	111105
274	"07:42:37"	599.5	-5.35	2.72	271	12.3	0.868	6	1	2.84	30.01	29.63	30.00	266.07	268.52	18.182	32.482	43.36	77.46	500.0	-0	237	101.7	0	0	0.7	111105
275	"07:42:38"	600.5	-5.34	2.71	271	12.3	0.869	6	1	2.84	30.01	29.63	30.01	266.02	268.46	18.176	32.472	43.34	77.43	500.0	-0	240	101.7	0	0	0.7	111105
276	"07:42:40"	602.0	-5.54	2.69	271	12.3	0.871	6	1	2.84	30.02	29.63	30.01	265.69	268.37	18.178	32.451	43.34	77.37	499.9	-0	244	101.7	0	0	1.0	111105
277	"07:42:41"	603.0	-6.07	2.68	271	12.3	0.873	6	1	2.84	30.02	29.63	30.01	265.01	268.34	18.173	32.436	43.32	77.32	499.9	-0	247	101.7	0	0	1.0	111105
278	"07:42:42"	604.5	-7.26	2.67	273	12.3	0.876	6	1	2.84	30.02	29.63	30.01	263.49	268.24	18.123	32.409	43.20	77.25	499.9	-0	251	101.7	0	0	0.7	111105
279	"07:42:43"	605.5	-8.17	2.67	273	12.3	0.878	6	1	2.84	30.02	29.63	30.02	262.35	268.18	18.061	32.396	43.04	77.21	499.9	-0	255	101.7	0	0	0.7	111105
280	"07:42:45"	606.0	-8.61	2.68	274	12.4	0.879	6	1	2.84	30.02	29.63	30.02	261.81	268.16	18.022	32.386	42.95	77.18	500.0	-0	256	101.7	0	0	0.7	111105
281	"07:42:46"	608.0	-9.51	2.7	275	12.5	0.883	6	1	2.84	30.03	29.64	30.02	260.56	267.96	17.877	32.356	42.59	77.09	500.0	-0	263	101.7	0	0	1.0	111105
282	"07:42:47"	609.5	-8.93	2.69	274	12.5	0.885	6	1	2.84	30.03	29.64	30.02	261.10	267.80	17.830	32.333	42.48	77.03	500.0	-0	267	101.7	0	0	1.0	111105
283	"07:42:48"	610.5	-7.9	2.67	273	12.5	0.887	6	1	2.84	30.03	29.64	30.03	262.15	267.62	17.846	32.323	42.51	76.99	500.0	-0	269	101.7	0	0	0.7	111105
284	"07:42:50"	612.0	-5.78	2.63	270	12.4	0.888	6	1	2.84	30.03	29.64	30.03	264.33	267.30	17.936	32.311	42.72	76.96	500.0	-0	269	101.7	0	0	0.7	111105
285	"07:42:51"	613.0	-4.61	2.59	269	12.3	0.889	6	1	2.84	30.04	29.64	30.03	265.47	267.06	18.020	32.298	42.92	76.92	499.9	-0	269	101.7	0	0	0.7	111105
286	"07:42:52"	614.5	-4.03	2.52	267	12.2	0.893	6	1	2.84	30.04	29.64	30.03	265.69	266.63	18.121	32.274	43.15	76.85	499.9	-0	267	101.7	0	0	0.7	111105
287	"07:42:53"	615.5	-3.94	2.5	267	12.1	0.895	6	1	2.84	30.04	29.65	30.04	265.54	266.39	18.158	32.259	43.23	76.81	499.9	-0	266	101.7	0	0	0.7	111105
288	"07:42:55"	617.0	-3.56	2.47	266	12.1	0.897	6	1	2.84	30.04	29.65	30.04	265.65	266.06	18.195	32.240	43.31	76.75	499.9	-0	256	101.7	0	0	0.7	111105
289	"07:42:56"	618.0	-3.06	2.45	266	12.1	0.898	6	1	2.84	30.05	29.65	30.04	266.05	265.88	18.226	32.230	43.38	76.71	499.9	-0	244	101.7	0	0	0.7	111105
290	"07:42:57"	619.5	-3.25	2.42	266	12	0.9	6	1	2.84	30.05	29.65	30.04	265.58	265.65	18.261	32.214	43.46	76.66	499.9	-0	222	101.7	0	0	0.7	111105
291	"07:42:58"	620.5	-4.19	2.42	267	12	0.901	6	1	2.84	30.05	29.65	30.05	264.29	265.49	18.245	32.203	43.42	76.63	499.9	-0	211	101.7	0	0	0.7	111105
292	"07:43:00"	622.0	-6.09	2.44	269	12.1	0.903	6	1	2.84	30.05	29.65	30.05	261.88	265.34	18.141	32.184	43.16	76.57	500.0	-0	200	101.7	0	0	0.7	111105
293	"07:43:01"	623.0	-6.85	2.45	269	12.2	0.905	6	1	2.84	30.05	29.65	30.05	260.90	265.25	18.045	32.169	42.93	76.53	500.0	-0	196	101.7	0	0	0.7	111105
294	"07:43:02"	624.5	-7.29	2.47	270	12.2	0.907	6	1	2.84	30.06	29.65	30.05	260.32	265.17	17.920	32.147	42.63	76.47	500.0	-0	191	101.7	0	0	0.7	111105
295	"07:43:03"	625.5	-7.19	2.48	270	12.3	0.909	6	1	2.84	30.06	29.65	30.06	260.41	265.13	17.869	32.134	42.50	76.43	500.0	-0	198	101.7	0	0	0.7	111105
296	"07:43:04"	626.0	-7.04	2.48	269	12.3	0.91	6	1	2.84	30.06	29.65	30.06	260.55	265.09	17.855	32.128	42.47	76.41	500.0	-0	206	101.7	0	0	0.7	111105
297	"07:43:06"	627.0	-6.66	2.47	269	12.3	0.911	6	1	2.84	30.06	29.65	30.06	260.97	265.06	17.853	32.118	42.46	76.38	500.0	-0	223	101.7	0	0	0.7	111105
298	"07:43:07"	629.0	-5.65	2.43	268	12.2	0.914	6	1	2.84	30.06	29.66	30.06	261.91	264.81	17.916	32.096	42.60	76.32	500.0	-0	252	101.7	0	0	0.7	111105
299	"07:43:08"	630.5	-5.53	2.4	267	12.2	0.915	6	1	2.84	30.06	29.66	30.06	261.86	264.64	17.966	32.082	42.72	76.28	499.9	-0	268	101.7	0	0	0.7	111105
300	"07:43:09"	631.5	-5.73	2.38	267	12.1	0.917	6	1	2.84	30.07	29.66	30.06	261.40	264.43	17.974	32.065	42.73	76.23	499.9	-0	287	101.7	0	0	0.7	111105
301	"07:43:11"	633.0	-6.41	2.38	268	12.1	0.918	6	1	2.84	30.07	29.66	30.07	260.40	264.23	17.941	32.054	42.65	76.19	499.9	-0	317	101.7	0	0	0.7	111105
302	"07:43:12"	634.0	-6.78	2.38	268	12.2	0.92	6	1	2.84	30.07	29.66	30.07	259.77	264.06	17.903	32.039	42.55	76.15	499.9	-0	338	101.7	0	0	0.7	111105
303	"07:43:13"	635.5	-7.4	2.39	269	12.2	0.922	6	1	2.84	30.07	29.66	30.07	258.80	263.81	17.840	32.026	42.40	76.11	499.9	-0	359	101.7	0	0	0.7	111105
304	"07:43:14"	636.5	-7.74	2.39	269	12.2	0.924	6	1	2.84	30.07	29.66	30.07	258.25	263.67	17.801	32.012	42.30	76.07	499.9	-0	368	101.7	0	0	0.7	111105
305	"07:43:16"	638.0	-7.97	2.39	269	12.3	0.926	6	1	2.84	30.08	29.67	30.08	257.72	263.42	17.759	32.000	42.19	76.03	500.0	-0	372	101.7	0	0	0.7	111105
306	"07:43:17"	639.0	-7.99	2.38	269	12.3	0.928	6	1	2.84	30.08	29.67	30.08	257.56	263.28	17.742	31.986	42.15	75.99	499.9	-0	374	101.7	0	0	0.7	111105
307	"07:43:18"	640.5	-7.63	2.36	268	12.2	0.93	6	1	2.84	30.08	29.67	30.08	257.72	263.02	17.743	31.973	42.14	75.94	499.9	-0	379	101.7	0	0	0.7	111105
308	"07:43:19"	641.0	-7.44	2.36	268	12.2	0.93	6	1	2.84	30.08	29.67	30.08	257.85	262.92	17.750	31.970	42.16	75.93	499.9	-0	380	101.7	0	0	0.7	111105
309	"07:43:20"	642.0	-6.86	2.34	267	12.2	0.932	6	1	2.84	30.08	29.67	30.08	258.35	262.73	17.778	31.964	42.22	75.91	499.9	-0	382	101.7	0	0	0.7	111105
310	"07:43:22"	644.0	-4.86	2.29	264	12.1	0.934	6	1	2.84	30.09	29.68	30.09	260.23	262.26	17.903	31.950	42.51	75.86	499.9	-0	390	101.7	0	0	0.7	111105
311	"07:43:23"	645.0	-3.81	2.26	263	12	0.935	6	1	2.84	30.09	29.68	30.09	261.22	262.02	17.983	31.940	42.69	75.83	499.9	-0	395	101.7	0	0	0.7	111105
312	"07:43:24"	645.5	-3.39	2.24	262	12	0.936	6	1	2.84	30.09	29.68	30.09	261.61	261.91	18.023	31.937	42.79	75.82	499.9	-0	397	101.7	0	0	0.7	111105
313	"07:43:25"	647.5	-2.43	2.21	261	11.9	0.937	6	1	2.84	30.09	29.68	30.10	262.32	261.51	18.130	31.929	43.03	75.78	499.9	-0	403	101.7	0	0	0.7	111105
314	"07:43:26"	648.0	-2.18	2.2	260	11.9	0.937	6	1	2.84	30.10	29.68	30.10	262.51	261.41	18.144	31.927	43.06	75.77	499.9	-0	404	101.7	0	0	0.7	111105
315	"07:43:28"	650.0	1.37	2.17	256	11.8	0.939	6	1	2.84	30.10	29.69	30.10	266.49	261.15	18.204	31.916	43.19	75.73	499.9	-0	408	101.7	0	0	0.7	111105
316	"07:43:29"	650.5	2.49	2.16	254	11.8	0.94	6	1	2.84	30.10	29.69	30.10	267.78	261.10	18.234	31.914	43.26	75.72	499.9	-0	408	101.7	0	0	0.7	111105
317	"07:43:30"	651.5	4.07	2.13	252	11.7	0.941	6	1	2.84	30.10	29.69	30.10	269.55	260.99	18.307	31.906	43.43	75.69	499.9	-0	409	101.7	0	0	0.7	111105
318	"07:43:31"	652.5	4.34	2.11	252	11.6	0.943	6	1	2.84	30.11	29.69	30.11	269.79	260.93	18.373	31.900	43.58	75.66	500.0	-0	409	101.7	0	0	0.7	111105
319	"07:43:32"	653.5	3.03	2.09	253	11.6	0.944	6	1	2.84	30.11	29.70	30.11	268.15	260.88	18.413	31.897	43.67	75.65	500.0	-0	407	101.7	0	0	0.7	111105
320	"07:43:33"	655.5	0.0942	2.09	257	11.6	0.945	6	1	2.84	30.11	29.70	30.11	264.63	260.87	18.393	31.896	43.61	75.63	500.0	-0	369	101.7	0	0	0.7	111105
321	"07:43:35"	657.0	-0.148	2.09	257	11.6	0.946	6	1	2.84	30.12	29.70	30.12	264.51	261.04	18.383	31.891	43.58	75.60	500.0	-0	366	101.7	0	0	0.7	111105
322	"07:43:36"	658.0	0.441	2.08	257	11.6	0.946	6	1	2.84	30.12	29.70	30.12	265.40	261.23	18.399	31.887	43.61	75.58	500.0	-0	382	101.7	0	0	0.7	111105
323	"07:43:37"	659.5	1.74	2.06	256	11.6	0.948	6	1	2.84	30.12	29.71	30.12	267.31	261.59	18.456	31.881	43.74	75.55	500.0	-0	427	101.7	0	0	0.7	111105
324	"07:43:38"	660.5	2.63	2.05	255	11.5	0.948	6	1	2.84	30.12	29.71	30.13	268.53	261.76	18.497	31.881	43.83	75.54	500.0	-0	443	101.7	0	0	0.7	111105
325	"07:43:40"	662.0	4.04	2.03	253	11.5	0.949	6	1	2.84	30.13	29.71	30.13	270.48	262.02	18.549	31.879	43.94	75.52	500.0	-0	448	101.7	0	0	0.7	111105
326	"07:43:41"	663.0	5	2.02	252	11.4	0.95	6	1	2.84	30.13	29.71	30.13	271.83	262.22	18.585	31.880	44.02	75.51	500.0	-0	450	101.7	0	0	0.7	111105
327	"07:43:42"	663.5	5.34	2.01	252	11.4	0.95	6	1	2.84	30.13	29.71	30.13	272.31	262.32	18.604	31.876	44.06	75.50	500.0	-0	452	101.7	0	0	1.0	111105
328	"07:43:43"	665.5	4.89	1.99	253	11.4	0.951	6	1	2.84	30.14	29.72	30.14	272.21	262.76	18.674	31.872	44.22	75.47	500.0	-0	456	101.7	0	0	0.7	111105
329	"07:43:45"	667.0	3.31	1.99	255	11.4	0.952	6	1	2.84	30.14	29.72	30.14	270.63	263.07	18.677	31.871	44.22	75.45	500.0	-0	459	101.7	0	0	0.7	111105
330	"07:43:46"	668.0	2.58	1.99	256	11.4	0.952	6	1	2.84	30.14	29.72	30.14	269.99	263.31	18.651	31.873	44.15	75.45	500.0	-0	461	101.7	0	0	0.7	111105
331	"07:43:47"	669.5	2.73	2	256	11.4	0.953	6	1	2.84	30.14	29.72	30.15	270.57	263.69	18.631	31.878	44.09	75.44	500.0	-0	464	101.7	0	0	0.7	111105
332	"07:43:48"	670.5	2.65	1.99	257	11.4	0.954	6	1	2.84	30.15	29.73	30.15	270.77	263.98	18.647	31.877	44.12	75.43	500.0	-0	466	101.7	0	0	0.7	111105
333	"07:43:50"	672.0	1.62	1.98	259	11.4	0.954	6	1	2.84	30.15	29.73	30.16	270.03	264.48	18.665	31.879	44.16	75.42	500.0	-0	468	101.7	0	0	0.7	111105
334	"07:43:51"	673.0	0.68	1.98	260	11.4	0.955	6	1	2.84	30.15	29.73	30.16	269.25	264.82	18.655	31.879	44.13	75.41	499.9	-0	470	101.7	0	0	0.7	111105
335	"07:43:52"	674.5	-0.405	1.99	262	11.4	0.956	6	1	2.84	30.16	29.74	30.16	268.49	265.34	18.609	31.877	44.01	75.39	500.0	-0	472	101.7	0	0	0.7	111105
336	"07:43:53"	675.5	-0.358	2	262	11.4	0.956	6	1	2.84	30.16	29.74	30.16	268.83	265.61	18.591	31.880	43.96	75.38	500.0	-0	473	101.7	0	0	0.7	111105
337	"07:43:55"	677.0	-0.316	1.99	263	11.4	0.957	6	1	2.84	30.16	29.74	30.17	269.26	265.99	18.604	31.880	43.98	75.36	500.0	-0	474	101.7	0	0	0.7	111105
338	"07:43:56"	678.0	-0.375	1.98	263	11.4	0.958	6	1	2.84	30.17	29.75	30.17	269.38	266.19	18.623	31.885	44.02	75.36	500.0	-0	475	101.7	0	0	0.7	111105
339	"07:43:57"	679.5	-0.346	1.97	263	11.4	0.959	6	1	2.84	30.17	29.76	30.18	269.67	266.45	18.658	31.893	44.09	75.36	500.0	-0	477	101.7	0	0	0.7	111105
340	"07:43:58"	680.5	-0.309	1.97	263	11.4	0.958	6	1	2.84	30.17	29.76	30.18	269.85	266.58	18.684	31.900	44.14	75.37	500.0	-0	478	101.7	0	0	0.7	111105
341	"07:44:00"	682.0	-0.387	1.96	263	11.3	0.959	6	1	2.84	30.18	29.76	30.18	269.97	266.80	18.723	31.904	44.23	75.36	500.0	-0	480	101.7	0	0	0.7	111105
342	"07:44:01"	683.0	-0.509	1.95	264	11.3	0.959	6	1	2.84	30.18	29.76	30.18	269.95	266.93	18.742	31.906	44.26	75.35	499.9	-0	481	101.7	0	0	0.7	111105
343	"07:44:02"	684.5	-0.719	1.95	264	11.3	0.959	6	1	2.84	30.18	29.76	30.19	269.88	267.12	18.755	31.906	44.29	75.34	499.9	-0	483	101.7	0	0	0.7	111105
344	"07:44:03"	685.5	-1.08	1.95	265	11.3	0.96	6	1	2.84	30.19	29.77	30.19	269.57	267.24	18.750	31.910	44.27	75.34	499.9	-0	484	101.7	0	0	0.7	111105
345	"07:44:05"	687.0	-2.38	1.96	267	11.4	0.96	6	1	2.84	30.19	29.77	30.20	268.19	267.40	18.708	31.908	44.16	75.31	500.0	-0	486	101.7	0	0	0.7	111105
346	"07:44:06"	688.0	-3.17	1.97	268	11.4	0.961	6	1	2.84	30.19	29.77	30.20	267.37	267.51	18.659	31.910	44.04	75.31	500.0	-0	487	101.7	0	0	0.7	111105
347	"07:44:07"	689.5	-3.22	1.97	268	11.4	0.962	6	1	2.84	30.20	29.78	30.20	267.50	267.68	18.620	31.910	43.93	75.29	500.0	-0	489	101.7	0	0	0.7	111105
348	"07:44:08"	690.5	-2.47	1.97	267	11.4	0.962	6	1	2.84	30.20	29.78	30.21	268.46	267.75	18.646	31.914	43.99	75.28	500.0	-0	490	101.7	0	0	0.7	111105
349	"07:44:10"	692.0	-1.44	1.94	266	11.3	0.963	6	1	2.84	30.20	29.78	30.21	269.79	267.88	18.753	31.917	44.23	75.27	500.0	-0	493	101.7	0	0	0.7	111105
350	"07:44:11"	693.0	-1.21	1.92	266	11.3	0.964	6	1	2.84	30.21	29.79	30.21	270.12	267.95	18.833	31.917	44.41	75.26	499.9	-0	494	101.7	0	0	0.7	111105
351	"07:44:12"	694.5	-1.81	1.89	266	11.2	0.965	6	1	2.84	30.21	29.79	30.22	269.46	268.04	18.918	31.922	44.60	75.25	499.9	-0	496	101.7	0	0	0.7	111105
352	"07:44:13"	695.5	-2.46	1.89	267	11.2	0.965	6	1	2.84	30.22	29.80	30.22	268.67	268.02	18.937	31.925	44.63	75.24	499.9	-0	497	101.7	0	0	0.7	111105
353	"07:44:15"	697.0	-3.37	1.89	268	11.2	0.966	6	1	2.84	30.22	29.80	30.23	267.57	268.01	18.924	31.927	44.59	75.23	499.9	-0	500	101.7	0	0	0.7	111105
354	"07:44:16"	698.0	-4.12	1.9	270	11.2	0.967	6	1	2.84	30.22	29.80	30.23	266.70	268.04	18.890	31.927	44.50	75.22	500.0	-0	501	101.7	0	0	0.7	111105
355	"07:44:17"	699.5	-4.99	1.92	271	11.3	0.967	6	1	2.84	30.23	29.81	30.24	265.77	268.12	18.805	31.931	44.29	75.21	500.0	-0	503	101.7	0	0	0.7	111105
356	"07:44:18"	700.5	-5.18	1.93	271	11.3	0.968	6	1	2.84	30.23	29.81	30.24	265.55	268.11	18.753	31.932	44.16	75.19	500.0	-0	505	101.7	0	0	0.7	111105
357	"07:44:20"	702.0	-4.98	1.93	271	11.4	0.969	6	1	2.84	30.24	29.82	30.24	265.78	268.09	18.707	31.934	44.04	75.18	500.0	-0	507	101.7	0	0	0.7	111105
358	"07:44:21"	703.0	-4.49	1.93	270	11.4	0.97	6	1	2.84	30.24	29.82	30.25	266.32	268.04	18.703	31.932	44.02	75.16	500.0	-0	508	101.7	0	0	0.7	111105
359	"07:44:22"	704.5	-4.3	1.93	270	11.4	0.971	6	1	2.84	30.24	29.82	30.25	266.49	267.99	18.706	31.928	44.02	75.13	500.0	-0	509	101.7	0	0	0.7	111105
360	"07:44:23"	705.5	-4.41	1.93	270	11.4	0.972	6	1	2.84	30.25	29.82	30.25	266.33	267.96	18.693	31.925	43.98	75.11	500.0	-0	510	101.7	0	0	0.7	111105
361	"07:44:25"	707.0	-4.77	1.93	270	11.4	0.973	6	1	2.84	30.25	29.83	30.26	265.84	267.90	18.667	31.930	43.91	75.10	499.9	-0	511	101.7	0	0	1.0	111105
362	"07:44:26"	708.0	-4.83	1.93	270	11.4	0.974	6	1	2.84	30.26	29.84	30.26	265.69	267.82	18.662	31.929	43.89	75.09	499.9	-0	511	101.7	0	0	1.0	111105
363	"07:44:27"	709.5	-4.46	1.92	270	11.4	0.975	6	1	2.84	30.26	29.84	30.27	265.99	267.68	18.692	31.934	43.94	75.08	499.9	-0	511	101.7	0	0	1.0	111105
364	"07:44:28"	710.5	-4.28	1.9	269	11.4	0.977	6	1	2.84	30.26	29.85	30.27	266.08	267.57	18.726	31.928	44.02	75.05	500.0	-0	512	101.7	0	0	1.0	111105
365	"07:44:30"	712.0	-4.33	1.89	269	11.3	0.977	6	1	2.84	30.27	29.85	30.27	265.81	267.37	18.751	31.929	44.06	75.04	500.0	-0	512	101.7	0	0	0.7	111105
366	"07:44:31"	713.0	-4.54	1.9	269	11.4	0.978	6	1	2.84	30.27	29.85	30.28	265.47	267.27	18.730	31.928	44.01	75.02	500.0	-0	512	101.7	0	0	0.7	111105
367	"07:44:32"	714.5	-4.55	1.9	269	11.4	0.98	6	1	2.84	30.28	29.86	30.28	265.33	267.14	18.679	31.924	43.87	74.98	500.0	-0	513	101.7	0	0	0.7	111105
"07:45:21 cut. matched before hand.too high ref.. moving to full scrub."
