"OPEN 5.3.2"
"Fri Aug  3 2018 10:09:55"
"Unit="	"PSC-895"
"ComputeList="	"/User/Configs/Comps/Default"
"BLCTable="	"/Sys/Lib/StdBLCTable"
"LightSource="	"Sun+Sky"	1	0.19
"LogFormat="	"/User/Configs/LogFormats/Std Output"
"LogCodes="	-35	-21	-36	30	23	36	21	25	-33	-34	-32	-9	-10	-8	-1	-2	-4	-5	-14	-15	-7	-12	-13	-11	-65	-66	-72	-23
"PromptList="	"/User/Configs/Prompts/Default (none)"
"Stability= (CO2S 15s SLP<1)(H2OS 15s SLP<1)(Flow 15s SLP<1)"
"10:09:57 "
$STARTOFDATA$
"Obs"	"HHMMSS"	"FTime"	"Photo"	"Cond"	"Ci"	"Trmmol"	"VpdL"	"Area"	"StmRat"	"BLCond"	"Tair"	"Tleaf"	"TBlk"	"CO2R"	"CO2S"	"H2OR"	"H2OS"	"RH_R"	"RH_S"	"Flow"	"PARi"	"PARo"	"Press"	"CsMch"	"HsMch"	"StableF"	"Status"
1	"10:12:00"	175.0	-7.84	0.531	492	19.3	4.14	6	1	2.84	41.84	41.31	41.79	499.29	497.51	18.760	37.368	23.38	46.57	599.9	-0	134	101.9	17.5	0.0602	0.3	111115
2	"10:12:01"	176.0	-7.85	0.531	492	19.3	4.14	6	1	2.84	41.84	41.31	41.79	499.32	497.56	18.766	37.356	23.39	46.55	599.9	-0	134	101.9	17.5	0.0602	0.7	111115
3	"10:12:02"	177.5	-7.85	0.53	492	19.3	4.14	6	1	2.84	41.84	41.31	41.79	499.35	497.59	18.770	37.343	23.39	46.54	599.9	-0	121	101.9	17.5	0.0602	0.7	111115
4	"10:12:04"	178.5	-7.76	0.529	491	19.3	4.15	6	1	2.84	41.84	41.31	41.79	499.43	497.60	18.775	37.324	23.40	46.51	599.9	-0	116	101.9	17.5	0.0602	1.0	111115
5	"10:12:05"	180.0	-7.53	0.528	491	19.2	4.15	6	1	2.84	41.84	41.31	41.79	499.64	497.61	18.787	37.301	23.41	46.49	599.9	-0	312	101.9	17.5	0.0602	1.0	111115
6	"10:12:06"	180.5	-7.35	0.527	490	19.2	4.15	6	1	2.84	41.84	41.31	41.79	499.78	497.56	18.793	37.294	23.42	46.48	599.9	-0	308	101.9	17.5	0.0602	1.0	111115
7	"10:12:07"	182.0	-7.21	0.526	490	19.2	4.15	6	1	2.84	41.84	41.31	41.79	499.93	497.60	18.804	37.270	23.43	46.45	600.0	-0	296	101.9	17.5	0.0602	1.0	111115
8	"10:12:08"	183.5	-7.18	0.524	490	19.1	4.15	6	1	2.84	41.84	41.31	41.79	500.00	497.65	18.815	37.244	23.45	46.42	600.0	-0	78	101.9	17.5	0.0602	1.0	111115
9	"10:12:10"	184.5	-7.15	0.523	490	19.1	4.16	6	1	2.84	41.84	41.31	41.79	500.01	497.65	18.822	37.222	23.46	46.39	600.0	-0	56	101.9	17.5	0.0602	1.0	111115
10	"10:12:11"	186.0	-7.17	0.521	490	19.1	4.16	6	1	2.84	41.84	41.31	41.79	500.02	497.70	18.835	37.194	23.47	46.36	600.0	-0	59	101.9	17.5	0.0602	1.0	111115
11	"10:12:12"	187.0	-7.05	0.52	489	19	4.16	6	1	2.84	41.84	41.31	41.79	500.09	497.66	18.843	37.179	23.48	46.34	600.1	-0	63	101.9	17.5	0.0602	1.0	111115
12	"10:12:13"	188.5	-7.2	0.518	490	19	4.17	6	1	2.84	41.83	41.31	41.79	500.04	497.77	18.854	37.154	23.50	46.31	600.1	-0	344	101.9	17.5	0.0602	1.0	111115
13	"10:12:15"	189.5	-7.3	0.517	490	19	4.17	6	1	2.84	41.83	41.31	41.79	500.01	497.85	18.861	37.138	23.51	46.29	600.1	-0	659	101.9	17.5	0.0602	1.0	111115
14	"10:12:16"	191.0	-7.25	0.515	490	18.9	4.17	6	1	2.84	41.83	41.31	41.79	500.06	497.88	18.870	37.112	23.52	46.26	600.0	-0	1125	101.9	17.5	0.0602	0.7	111115
15	"10:12:17"	192.0	-7.26	0.515	490	18.9	4.17	6	1	2.84	41.83	41.31	41.79	500.09	497.92	18.875	37.099	23.53	46.24	600.0	-0	1314	101.9	17.5	0.0602	0.7	111115
16	"10:12:18"	193.5	-7.04	0.513	490	18.9	4.17	6	1	2.84	41.83	41.31	41.79	500.21	497.84	18.885	37.079	23.54	46.22	600.0	-0	1305	101.9	17.5	0.0602	0.7	111115
17	"10:12:20"	194.5	-7.07	0.512	490	18.9	4.17	6	1	2.84	41.83	41.31	41.79	500.21	497.88	18.893	37.065	23.55	46.20	599.9	-0	1291	101.9	17.5	0.0602	0.7	111115
18	"10:12:21"	196.0	-7.05	0.51	490	18.8	4.18	6	1	2.84	41.83	41.32	41.79	500.26	497.94	18.906	37.034	23.57	46.16	600.0	-0	1074	101.9	17.5	0.0602	0.7	111115
19	"10:12:22"	197.0	-7.1	0.509	490	18.8	4.18	6	1	2.84	41.83	41.32	41.79	500.28	498.02	18.913	37.013	23.57	46.14	600.0	-0	887	101.9	17.5	0.0602	0.7	111115
20	"10:12:23"	198.5	-7.13	0.507	490	18.7	4.19	6	1	2.84	41.83	41.32	41.79	500.29	498.07	18.924	36.979	23.59	46.09	600.0	-0	625	101.9	17.5	0.0602	0.3	111115
21	"10:12:25"	199.5	-7.15	0.505	490	18.7	4.19	6	1	2.84	41.84	41.32	41.79	500.26	498.09	18.932	36.958	23.60	46.06	600.0	-0	567	101.9	17.5	0.0602	0.3	111115
22	"10:12:26"	201.0	-7.34	0.503	491	18.7	4.19	6	1	2.84	41.84	41.32	41.79	500.15	498.19	18.945	36.921	23.61	46.01	600.1	-0	542	101.9	17.5	0.0602	0.3	111115
23	"10:12:27"	202.0	-7.37	0.502	491	18.6	4.19	6	1	2.84	41.84	41.32	41.79	500.13	498.22	18.952	36.896	23.62	45.98	600.0	-0	491	101.9	17.5	0.0602	0.3	111115
24	"10:12:28"	203.5	-7.5	0.5	492	18.6	4.2	6	1	2.84	41.84	41.32	41.79	500.07	498.31	18.962	36.861	23.63	45.94	600.0	-0	380	101.9	17.5	0.0602	0.3	111115
25	"10:12:30"	204.5	-7.47	0.499	492	18.6	4.2	6	1	2.84	41.84	41.32	41.79	500.11	498.32	18.969	36.844	23.64	45.91	600.0	-0	312	101.9	17.5	0.0602	0.3	111115
26	"10:12:31"	206.0	-7.43	0.498	492	18.5	4.2	6	1	2.84	41.84	41.32	41.79	500.14	498.34	18.979	36.823	23.65	45.89	600.0	-0	264	101.9	17.5	0.0602	0.3	111115
27	"10:12:32"	207.0	-7.53	0.497	492	18.5	4.2	6	1	2.84	41.84	41.32	41.79	500.13	498.43	18.984	36.814	23.66	45.87	600.0	-0	254	101.9	17.5	0.0602	0.3	111115
28	"10:12:33"	208.5	-7.52	0.496	492	18.5	4.2	6	1	2.84	41.84	41.32	41.79	500.20	498.51	18.994	36.798	23.67	45.85	600.0	-0	247	101.9	17.5	0.0602	0.3	111115
29	"10:12:35"	209.5	-7.56	0.495	493	18.5	4.21	6	1	2.84	41.84	41.32	41.80	500.21	498.56	19.001	36.788	23.68	45.84	600.0	-0	245	101.9	17.5	0.0602	0.3	111115
30	"10:12:36"	210.0	-7.52	0.495	492	18.5	4.21	6	1	2.84	41.84	41.32	41.80	500.24	498.56	19.003	36.782	23.68	45.83	600.0	-0	245	101.9	17.5	0.0602	0.3	111115
31	"10:12:37"	212.0	-7.48	0.494	492	18.4	4.21	6	1	2.84	41.84	41.32	41.80	500.25	498.55	19.017	36.765	23.69	45.81	600.1	-0	245	101.9	17.5	0.0602	0.3	111115
32	"10:12:38"	213.5	-7.54	0.493	493	18.4	4.21	6	1	2.84	41.84	41.32	41.80	500.20	498.57	19.027	36.754	23.71	45.79	600.0	-0	243	101.9	17.5	0.0602	0.3	111115
33	"10:12:40"	214.5	-7.62	0.492	493	18.4	4.21	6	1	2.84	41.84	41.31	41.80	500.16	498.62	19.032	36.744	23.71	45.78	600.0	-0	242	101.9	17.5	0.0602	0.7	111115
34	"10:12:41"	216.0	-7.62	0.491	493	18.4	4.21	6	1	2.84	41.84	41.31	41.80	500.15	498.62	19.041	36.733	23.73	45.77	600.0	-0	239	101.9	17.5	0.0602	0.7	111115
35	"10:12:42"	217.0	-7.65	0.491	493	18.4	4.21	6	1	2.84	41.84	41.31	41.80	500.13	498.63	19.045	36.725	23.73	45.76	599.9	-0	237	101.9	17.5	0.0602	0.7	111115
36	"10:12:43"	218.5	-7.75	0.49	494	18.3	4.21	6	1	2.84	41.84	41.31	41.80	500.04	498.65	19.054	36.716	23.74	45.75	599.9	-0	233	101.9	17.5	0.0602	0.7	111115
37	"10:12:45"	219.5	-7.84	0.49	494	18.3	4.21	6	1	2.84	41.84	41.31	41.79	499.99	498.69	19.059	36.709	23.75	45.75	599.9	-0	232	101.9	17.5	0.0602	0.7	111115
38	"10:12:46"	221.0	-7.78	0.489	494	18.3	4.21	6	1	2.84	41.84	41.31	41.79	500.04	498.70	19.068	36.695	23.76	45.73	600.0	-0	231	101.9	17.5	0.0602	0.7	111115
39	"10:12:47"	222.0	-7.77	0.489	494	18.3	4.21	6	1	2.84	41.84	41.31	41.79	500.05	498.70	19.074	36.687	23.77	45.72	600.0	-0	230	101.9	17.5	0.0602	0.7	111115
40	"10:12:48"	223.5	-7.78	0.488	494	18.3	4.21	6	1	2.84	41.84	41.31	41.79	500.06	498.73	19.081	36.668	23.78	45.70	600.1	-0	232	101.9	17.5	0.0602	0.7	111115
41	"10:12:50"	224.5	-7.74	0.487	494	18.2	4.21	6	1	2.84	41.84	41.31	41.79	500.05	498.70	19.087	36.660	23.79	45.69	600.0	-0	233	101.9	17.5	0.0602	1.0	111115
42	"10:12:51"	226.0	-7.61	0.486	493	18.2	4.21	6	1	2.84	41.83	41.30	41.79	500.12	498.65	19.095	36.635	23.80	45.66	600.0	-0	237	101.9	17.5	0.0602	1.0	111115
43	"10:12:52"	227.0	-7.53	0.485	493	18.2	4.21	6	1	2.84	41.83	41.30	41.79	500.17	498.63	19.102	36.625	23.81	45.65	600.0	-0	241	101.9	17.5	0.0602	1.0	111115
44	"10:12:53"	228.5	-7.52	0.485	493	18.2	4.21	6	1	2.84	41.83	41.30	41.79	500.14	498.60	19.110	36.614	23.82	45.64	600.0	-0	256	101.9	17.5	0.0602	1.0	111115
45	"10:12:55"	229.5	-7.57	0.484	493	18.2	4.21	6	1	2.84	41.83	41.29	41.79	500.12	498.64	19.115	36.608	23.83	45.64	600.0	-0	275	101.9	17.5	0.0602	1.0	111115
46	"10:12:56"	231.0	-7.53	0.484	493	18.1	4.21	6	1	2.84	41.83	41.29	41.79	500.13	498.62	19.121	36.598	23.84	45.63	600.1	-0	289	101.9	17.5	0.0602	1.0	111115
47	"10:12:57"	232.0	-7.51	0.483	493	18.1	4.21	6	1	2.84	41.83	41.29	41.78	500.16	498.63	19.126	36.585	23.85	45.62	600.1	-0	289	101.9	17.5	0.0602	1.0	111115
48	"10:12:58"	233.5	-7.5	0.483	493	18.1	4.21	6	1	2.84	41.83	41.28	41.78	500.13	498.60	19.134	36.569	23.86	45.60	600.0	-0	270	101.9	17.5	0.0602	1.0	111115
49	"10:13:00"	234.5	-7.48	0.482	493	18.1	4.21	6	1	2.84	41.83	41.28	41.78	500.14	498.61	19.139	36.557	23.87	45.58	600.0	-0	260	101.9	17.5	0.0602	1.0	111115
50	"10:13:01"	236.0	-7.48	0.481	493	18.1	4.21	6	1	2.84	41.83	41.28	41.78	500.15	498.63	19.148	36.540	23.88	45.57	600.0	-0	252	101.9	17.5	0.0602	1.0	111115
51	"10:13:02"	237.0	-7.42	0.481	493	18	4.21	6	1	2.84	41.82	41.28	41.78	500.18	498.61	19.153	36.531	23.88	45.56	600.0	-0	250	101.9	17.5	0.0602	1.0	111115
52	"10:13:03"	238.5	-7.5	0.48	493	18	4.21	6	1	2.84	41.82	41.27	41.78	500.13	498.65	19.160	36.517	23.90	45.54	600.0	-0	249	101.9	17.5	0.0602	1.0	111115
53	"10:13:05"	239.5	-7.59	0.479	494	18	4.21	6	1	2.84	41.82	41.27	41.78	500.06	498.68	19.165	36.506	23.90	45.53	600.0	-0	253	101.9	17.5	0.0602	1.0	111115
54	"10:13:06"	241.0	-7.71	0.479	494	18	4.21	6	1	2.84	41.82	41.27	41.78	499.93	498.68	19.171	36.491	23.91	45.52	600.0	-0	260	101.9	17.5	0.0602	1.0	111115
55	"10:13:07"	242.0	-7.72	0.478	494	18	4.22	6	1	2.84	41.82	41.27	41.78	499.90	498.67	19.176	36.479	23.92	45.50	600.0	-0	265	101.9	17.5	0.0602	1.0	111115
56	"10:13:08"	242.5	-7.71	0.478	494	17.9	4.22	6	1	2.84	41.82	41.27	41.78	499.91	498.67	19.179	36.472	23.92	45.50	600.0	-0	268	101.9	17.5	0.0602	1.0	111115
57	"10:13:09"	244.5	-7.49	0.477	493	17.9	4.21	6	1	2.84	41.82	41.26	41.77	500.00	498.56	19.190	36.448	23.94	45.47	600.0	-0	274	101.9	17.5	0.0602	1.0	111115
58	"10:13:11"	245.5	-7.47	0.476	493	17.9	4.21	6	1	2.84	41.82	41.25	41.77	500.01	498.55	19.195	36.435	23.95	45.46	600.0	-0	279	101.9	17.5	0.0602	1.0	111115
59	"10:13:12"	247.0	-7.44	0.476	493	17.9	4.21	6	1	2.84	41.82	41.25	41.77	500.02	498.56	19.203	36.420	23.96	45.44	600.0	-0	294	101.9	17.5	0.0602	1.0	111115
60	"10:13:13"	248.0	-7.44	0.475	493	17.9	4.21	6	1	2.84	41.81	41.25	41.77	500.04	498.58	19.209	36.410	23.97	45.43	600.0	-0	320	101.9	17.5	0.0602	1.0	111115
61	"10:13:14"	249.5	-7.48	0.474	493	17.8	4.22	6	1	2.84	41.81	41.25	41.77	500.00	498.59	19.216	36.400	23.98	45.42	600.0	-0	360	101.9	17.5	0.0602	1.0	111115
62	"10:13:16"	250.5	-7.55	0.473	494	17.8	4.22	6	1	2.84	41.81	41.25	41.77	499.94	498.60	19.220	36.389	23.98	45.41	600.0	-0	378	101.9	17.5	0.0602	1.0	111115
63	"10:13:17"	252.0	-7.67	0.472	494	17.8	4.22	6	1	2.84	41.81	41.25	41.77	499.82	498.62	19.226	36.368	24.00	45.39	600.0	-0	402	101.9	17.5	0.0602	1.0	111115
64	"10:13:18"	253.0	-7.74	0.472	494	17.8	4.22	6	1	2.84	41.81	41.25	41.77	499.79	498.68	19.232	36.353	24.00	45.37	600.0	-0	524	101.9	17.5	0.0602	1.0	111115
65	"10:13:19"	254.5	-7.75	0.47	495	17.7	4.22	6	1	2.84	41.81	41.24	41.77	499.78	498.69	19.239	36.328	24.01	45.35	600.1	-0	801	101.9	17.5	0.0602	1.0	111115
66	"10:13:21"	255.5	-7.62	0.47	494	17.7	4.22	6	1	2.84	41.81	41.24	41.77	499.86	498.65	19.244	36.319	24.02	45.34	600.0	-0	1000	101.9	17.5	0.0602	1.0	111115
67	"10:13:22"	257.0	-7.53	0.469	494	17.7	4.22	6	1	2.84	41.80	41.24	41.77	499.90	498.61	19.250	36.299	24.03	45.32	600.0	-0	1191	101.9	17.5	0.0602	1.0	111115
68	"10:13:23"	258.0	-7.54	0.468	494	17.7	4.22	6	1	2.84	41.80	41.24	41.77	499.89	498.61	19.255	36.290	24.04	45.31	600.0	-0	1247	101.9	17.5	0.0602	1.0	111115
69	"10:13:24"	259.5	-7.67	0.467	494	17.6	4.23	6	1	2.84	41.80	41.24	41.76	499.78	498.65	19.263	36.266	24.05	45.28	600.0	-0	1314	101.9	17.5	0.0602	1.0	111115
70	"10:13:26"	260.5	-7.67	0.466	494	17.6	4.23	6	1	2.84	41.80	41.24	41.76	499.74	498.63	19.270	36.246	24.06	45.26	600.0	-0	1338	101.9	17.5	0.0602	1.0	111115
71	"10:13:27"	262.0	-7.54	0.464	494	17.6	4.23	6	1	2.84	41.80	41.24	41.76	499.79	498.57	19.279	36.214	24.07	45.22	600.0	-0	1349	101.9	17.5	0.0602	1.0	111115
72	"10:13:28"	263.0	-7.42	0.463	493	17.5	4.23	6	1	2.84	41.80	41.24	41.76	499.85	498.53	19.288	36.195	24.08	45.20	600.0	-0	1353	101.9	17.5	0.0602	1.0	111115
73	"10:13:29"	264.5	-7.4	0.461	494	17.5	4.24	6	1	2.84	41.80	41.24	41.76	499.87	498.55	19.296	36.154	24.10	45.15	600.0	-0	1355	101.9	17.5	0.0602	1.0	111115
74	"10:13:31"	265.5	-7.37	0.46	493	17.5	4.24	6	1	2.84	41.80	41.24	41.76	499.91	498.57	19.304	36.131	24.11	45.12	600.0	-0	1355	101.9	17.5	0.0602	1.0	111115
75	"10:13:32"	267.0	-7.35	0.458	493	17.4	4.24	6	1	2.84	41.80	41.24	41.76	499.87	498.54	19.312	36.095	24.12	45.08	600.0	-0	1352	101.9	17.5	0.0602	1.0	111115
76	"10:13:33"	268.0	-7.27	0.457	493	17.4	4.24	6	1	2.84	41.80	41.24	41.76	499.88	498.48	19.320	36.077	24.13	45.05	600.0	-0	1348	101.9	17.5	0.0602	0.7	111115
77	"10:13:34"	269.5	-7.27	0.455	493	17.3	4.25	6	1	2.84	41.80	41.24	41.76	499.85	498.47	19.328	36.046	24.14	45.01	600.0	-0	1344	101.9	17.5	0.0602	0.7	111115
78	"10:13:36"	270.5	-7.26	0.454	493	17.3	4.25	6	1	2.84	41.80	41.24	41.76	499.86	498.49	19.335	36.023	24.15	44.99	600.0	-0	1342	101.9	17.5	0.0602	0.7	111115
79	"10:13:37"	272.0	-7.23	0.452	493	17.3	4.25	6	1	2.84	41.80	41.25	41.76	499.90	498.52	19.346	35.996	24.16	44.95	600.0	-0	1340	101.9	17.5	0.0602	0.7	111115
80	"10:13:38"	272.5	-7.21	0.451	493	17.3	4.26	6	1	2.84	41.80	41.25	41.76	499.91	498.52	19.349	35.986	24.16	44.94	600.0	-0	1339	101.9	17.5	0.0602	0.7	111115
81	"10:13:39"	274.0	-7.18	0.45	493	17.2	4.26	6	1	2.84	41.80	41.25	41.76	499.97	498.56	19.358	35.966	24.17	44.91	600.0	-0	1338	101.9	17.5	0.0602	0.7	111115
82	"10:13:40"	274.5	-7.15	0.45	493	17.2	4.26	6	1	2.84	41.80	41.25	41.76	499.98	498.55	19.361	35.959	24.18	44.90	600.0	-0	1337	101.9	17.5	0.0602	0.7	111115
83	"10:13:41"	276.5	-7.16	0.448	493	17.2	4.26	6	1	2.84	41.80	41.25	41.76	499.96	498.55	19.374	35.936	24.19	44.87	600.0	-0	1336	101.9	17.5	0.0602	0.7	111115
84	"10:13:43"	277.5	-7.12	0.447	493	17.2	4.27	6	1	2.84	41.80	41.25	41.76	499.95	498.52	19.381	35.929	24.20	44.86	600.0	-0	1336	101.9	17.5	0.0602	0.7	111115
85	"10:13:44"	279.0	-7.21	0.447	493	17.1	4.27	6	1	2.84	41.80	41.26	41.76	499.93	498.59	19.393	35.919	24.21	44.84	600.0	-0	1336	101.9	17.5	0.0602	0.7	111115
86	"10:13:45"	280.0	-7.19	0.446	493	17.1	4.27	6	1	2.84	41.80	41.26	41.76	499.94	498.58	19.398	35.915	24.22	44.84	600.0	-0	1336	101.9	17.5	0.0602	0.7	111115
87	"10:13:46"	280.5	-7.19	0.446	493	17.1	4.27	6	1	2.84	41.81	41.26	41.76	499.94	498.59	19.400	35.913	24.22	44.83	600.0	-0	1336	101.9	17.5	0.0602	0.7	111115
88	"10:13:47"	282.5	-7.22	0.445	493	17.1	4.27	6	1	2.84	41.81	41.26	41.76	499.94	498.63	19.412	35.902	24.23	44.81	600.0	-0	1336	101.9	17.5	0.0602	1.0	111115
89	"10:13:48"	283.0	-7.13	0.445	493	17.1	4.27	6	1	2.84	41.81	41.26	41.76	499.98	498.59	19.416	35.901	24.24	44.81	600.0	-0	1336	101.9	17.5	0.0602	1.0	111115
90	"10:13:50"	284.5	-7.11	0.445	493	17.1	4.27	6	1	2.84	41.81	41.26	41.77	500.00	498.59	19.428	35.905	24.25	44.81	600.0	-0	1336	101.9	17.5	0.0602	1.0	111115
91	"10:13:51"	285.0	-7.06	0.445	493	17.1	4.27	6	1	2.84	41.81	41.26	41.76	500.05	498.59	19.431	35.910	24.25	44.82	600.0	-0	1336	101.9	17.5	0.0602	1.0	111115
92	"10:13:52"	286.0	-7.07	0.445	493	17.1	4.27	6	1	2.84	41.81	41.26	41.77	500.02	498.57	19.439	35.915	24.26	44.82	600.0	-0	1336	101.9	17.5	0.0602	1.0	111115
93	"10:13:53"	287.0	-7.13	0.445	493	17.1	4.27	6	1	2.84	41.81	41.26	41.77	499.99	498.60	19.446	35.914	24.27	44.82	600.0	-0	1335	101.9	17.5	0.0602	1.0	111115
94	"10:13:54"	288.5	-7.12	0.445	493	17.1	4.27	6	1	2.84	41.81	41.26	41.77	499.99	498.60	19.454	35.921	24.28	44.82	600.0	-0	1335	101.9	17.5	0.0602	1.0	111115
95	"10:13:55"	289.5	-7.15	0.445	493	17.1	4.27	6	1	2.84	41.81	41.26	41.77	499.97	498.61	19.461	35.929	24.28	44.83	600.0	-0	1335	101.9	17.5	0.0602	1.0	111115
96	"10:13:56"	290.5	-7.14	0.445	493	17.1	4.27	6	1	2.84	41.81	41.26	41.77	500.01	498.64	19.468	35.939	24.29	44.84	600.0	-0	1336	101.9	17.5	0.0602	1.0	111115
97	"10:13:57"	292.5	-7.09	0.445	493	17.1	4.27	6	1	2.84	41.82	41.26	41.77	500.04	498.61	19.483	35.950	24.31	44.85	600.0	-0	1337	101.9	17.5	0.0602	1.0	111115
98	"10:13:58"	293.0	-7.04	0.445	493	17.1	4.27	6	1	2.84	41.82	41.26	41.77	500.06	498.58	19.487	35.955	24.31	44.86	600.0	-0	1337	101.9	17.5	0.0602	1.0	111115
99	"10:13:59"	294.0	-7.01	0.445	493	17.1	4.27	6	1	2.84	41.82	41.26	41.77	500.06	498.55	19.493	35.960	24.32	44.86	600.0	-0	1337	101.9	17.5	0.0602	1.0	111115
100	"10:14:01"	296.0	-7.07	0.445	493	17.1	4.27	6	1	2.84	41.82	41.27	41.78	499.98	498.53	19.508	35.977	24.33	44.88	600.0	-0	1333	101.9	17.5	0.0602	1.0	111115
101	"10:14:02"	296.5	-7.17	0.445	493	17.1	4.26	6	1	2.84	41.82	41.27	41.78	499.94	498.59	19.511	35.985	24.34	44.89	600.0	-0	1333	101.9	17.5	0.0602	1.0	111115
102	"10:14:03"	298.5	-7.25	0.445	494	17.1	4.27	6	1	2.84	41.82	41.27	41.78	499.92	498.65	19.523	35.995	24.35	44.89	600.0	-0	1335	101.9	17.5	0.0602	1.0	111115
103	"10:14:05"	299.5	-7.16	0.445	493	17.1	4.26	6	1	2.84	41.82	41.27	41.78	500.02	498.66	19.531	36.004	24.36	44.90	600.0	-0	1342	101.9	17.5	0.0602	1.0	111115
104	"10:14:06"	301.0	-7.08	0.445	493	17.1	4.26	6	1	2.84	41.82	41.27	41.78	500.04	498.60	19.540	36.015	24.37	44.91	600.0	-0	1347	101.9	17.5	0.0602	1.0	111115
105	"10:14:07"	302.0	-7.04	0.445	493	17.1	4.26	6	1	2.84	41.83	41.27	41.78	500.05	498.57	19.548	36.024	24.38	44.92	600.0	-0	1355	101.9	17.5	0.0602	1.0	111115
106	"10:14:08"	303.5	-7.04	0.446	493	17.1	4.26	6	1	2.84	41.83	41.28	41.78	500.05	498.57	19.557	36.035	24.39	44.93	600.0	-0	1349	101.9	17.5	0.0602	1.0	111115
107	"10:14:10"	304.5	-7.05	0.446	493	17.1	4.26	6	1	2.84	41.83	41.28	41.78	500.04	498.57	19.565	36.042	24.39	44.94	600.0	-0	1299	101.9	17.5	0.0602	1.0	111115
108	"10:14:11"	306.0	-7.07	0.446	493	17.1	4.26	6	1	2.84	41.83	41.28	41.79	500.07	498.61	19.577	36.057	24.41	44.95	600.0	-0	1114	101.9	17.5	0.0602	1.0	111115
109	"10:14:12"	307.0	-7.09	0.446	493	17.1	4.26	6	1	2.84	41.83	41.28	41.79	500.06	498.64	19.585	36.061	24.42	44.96	600.0	-0	927	101.9	17.5	0.0602	1.0	111115
110	"10:14:13"	308.5	-7.04	0.446	493	17.1	4.26	6	1	2.84	41.83	41.28	41.79	500.04	498.57	19.595	36.071	24.43	44.97	600.0	-0	724	101.9	17.5	0.0602	1.0	111115
111	"10:14:15"	309.5	-7.08	0.446	493	17.1	4.26	6	1	2.84	41.83	41.28	41.79	500.00	498.56	19.602	36.079	24.44	44.97	600.0	-0	693	101.9	17.5	0.0602	1.0	111115
112	"10:14:16"	311.0	-7.22	0.446	493	17.1	4.26	6	1	2.84	41.83	41.27	41.79	499.89	498.59	19.613	36.094	24.45	44.99	600.0	-0	837	101.9	17.5	0.0602	1.0	111115
113	"10:14:17"	312.0	-7.32	0.447	494	17.1	4.26	6	1	2.84	41.83	41.27	41.79	499.86	498.65	19.619	36.101	24.45	45.00	600.0	-0	895	101.9	17.5	0.0602	1.0	111115
114	"10:14:18"	313.5	-7.43	0.447	494	17.1	4.25	6	1	2.84	41.83	41.27	41.79	499.80	498.70	19.626	36.116	24.46	45.02	600.0	-0	802	101.9	17.5	0.0602	1.0	111115
115	"10:14:20"	314.5	-7.34	0.447	494	17.1	4.25	6	1	2.84	41.83	41.27	41.79	499.87	498.67	19.631	36.121	24.47	45.02	600.0	-0	683	101.9	17.5	0.0602	1.0	111115
116	"10:14:21"	316.0	-7.25	0.448	494	17.1	4.25	6	1	2.84	41.84	41.27	41.79	499.94	498.65	19.640	36.135	24.48	45.04	600.0	-0	535	101.9	17.5	0.0602	1.0	111115
117	"10:14:22"	317.0	-7.26	0.448	494	17.1	4.25	6	1	2.84	41.83	41.27	41.79	499.91	498.63	19.647	36.142	24.49	45.05	600.0	-0	521	101.9	17.5	0.0602	1.0	111115
118	"10:14:23"	318.5	-7.49	0.448	495	17.1	4.25	6	1	2.84	41.83	41.26	41.79	499.76	498.71	19.656	36.159	24.50	45.07	600.0	-0	549	101.9	17.5	0.0602	1.0	111115
119	"10:14:24"	319.0	-7.47	0.449	495	17.1	4.25	6	1	2.84	41.83	41.26	41.79	499.77	498.71	19.659	36.165	24.50	45.08	600.0	-0	551	101.9	17.5	0.0602	1.0	111115
120	"10:14:26"	320.5	-7.47	0.449	494	17.1	4.24	6	1	2.84	41.83	41.26	41.79	499.75	498.68	19.667	36.171	24.51	45.09	600.0	-0	561	101.9	17.5	0.0602	1.0	111115
121	"10:14:27"	322.0	-7.31	0.449	494	17.1	4.24	6	1	2.84	41.83	41.26	41.79	499.85	498.62	19.674	36.180	24.52	45.10	600.0	-0	691	101.9	17.5	0.0602	1.0	111115
122	"10:14:28"	322.5	-7.27	0.449	494	17.1	4.24	6	1	2.84	41.83	41.26	41.79	499.86	498.60	19.676	36.182	24.53	45.10	600.0	-0	750	101.9	17.5	0.0602	1.0	111115
123	"10:14:29"	324.0	-7.37	0.449	494	17.1	4.24	6	1	2.84	41.83	41.26	41.79	499.78	498.61	19.682	36.188	24.53	45.11	600.0	-0	1027	101.9	17.5	0.0602	1.0	111115
124	"10:14:30"	325.5	-7.37	0.45	494	17.1	4.24	6	1	2.84	41.83	41.25	41.79	499.79	498.61	19.693	36.199	24.55	45.12	600.0	-0	1189	101.9	17.5	0.0602	1.0	111115
125	"10:14:32"	326.5	-7.36	0.45	494	17.1	4.24	6	1	2.84	41.83	41.25	41.79	499.78	498.60	19.699	36.202	24.56	45.13	600.0	-0	1246	101.9	17.5	0.0602	1.0	111115
126	"10:14:33"	328.0	-7.33	0.45	494	17.1	4.23	6	1	2.84	41.83	41.25	41.79	499.83	498.63	19.707	36.204	24.57	45.14	600.0	-0	1183	101.9	17.5	0.0602	1.0	111115
127	"10:14:34"	328.5	-7.35	0.45	494	17.1	4.23	6	1	2.84	41.83	41.24	41.79	499.84	498.66	19.709	36.205	24.57	45.14	600.0	-0	1132	101.9	17.5	0.0602	1.0	111115
128	"10:14:35"	330.0	-7.33	0.45	494	17.1	4.23	6	1	2.84	41.83	41.24	41.79	499.80	498.60	19.719	36.207	24.59	45.14	600.0	-0	977	101.9	17.5	0.0602	1.0	111115
129	"10:14:36"	331.5	-7.29	0.45	494	17.1	4.23	6	1	2.84	41.83	41.24	41.79	499.81	498.57	19.730	36.207	24.60	45.15	600.0	-0	1018	101.9	17.5	0.0602	1.0	111115
130	"10:14:38"	332.5	-7.29	0.449	494	17.1	4.23	6	1	2.84	41.83	41.24	41.79	499.78	498.55	19.736	36.205	24.61	45.14	600.0	-0	1109	101.9	17.5	0.0602	1.0	111115
131	"10:14:39"	334.0	-7.26	0.449	494	17.1	4.23	6	1	2.84	41.83	41.23	41.79	499.82	498.56	19.744	36.204	24.62	45.15	600.0	-0	1294	101.9	17.5	0.0602	1.0	111115
132	"10:14:40"	335.0	-7.2	0.449	493	17.1	4.23	6	1	2.84	41.83	41.23	41.79	499.86	498.56	19.750	36.199	24.63	45.14	600.0	-0	1315	101.9	17.5	0.0602	1.0	111115
133	"10:14:41"	336.5	-7.08	0.449	493	17.1	4.23	6	1	2.84	41.82	41.23	41.79	499.90	498.49	19.761	36.195	24.64	45.14	600.0	-0	1320	101.9	17.5	0.0602	1.0	111115
134	"10:14:43"	337.5	-7.14	0.449	493	17	4.23	6	1	2.84	41.82	41.23	41.79	499.85	498.49	19.767	36.195	24.65	45.14	600.0	-0	1315	101.9	17.5	0.0602	1.0	111115
135	"10:14:44"	339.0	-7.16	0.448	493	17	4.23	6	1	2.84	41.82	41.23	41.79	499.82	498.50	19.777	36.190	24.67	45.14	600.0	-0	1307	101.9	17.5	0.0602	1.0	111115
136	"10:14:45"	340.0	-7.21	0.448	494	17	4.23	6	1	2.84	41.82	41.23	41.79	499.80	498.52	19.784	36.187	24.68	45.13	600.0	-0	1302	101.9	17.5	0.0602	1.0	111115
137	"10:14:46"	341.5	-7.17	0.447	493	17	4.23	6	1	2.84	41.82	41.23	41.79	499.80	498.49	19.794	36.184	24.69	45.13	600.0	-0	1297	101.9	17.5	0.0602	1.0	111115
138	"10:14:48"	342.5	-7.2	0.447	494	17	4.23	6	1	2.84	41.82	41.22	41.79	499.78	498.51	19.801	36.184	24.70	45.14	600.0	-0	1294	101.9	17.5	0.0602	1.0	111115
139	"10:14:49"	344.0	-7.13	0.447	493	17	4.23	6	1	2.84	41.82	41.22	41.79	499.81	498.47	19.812	36.188	24.71	45.14	600.0	-0	1292	101.9	17.5	0.0602	1.0	111115
140	"10:14:50"	345.0	-7.04	0.447	493	17	4.22	6	1	2.84	41.82	41.22	41.79	499.85	498.42	19.818	36.186	24.72	45.14	600.0	-0	1291	101.9	17.5	0.0602	1.0	111115
141	"10:14:51"	346.5	-6.93	0.447	492	17	4.22	6	1	2.84	41.82	41.22	41.79	499.92	498.40	19.830	36.188	24.74	45.15	600.1	-0	1291	101.9	17.5	0.0602	1.0	111115
142	"10:14:52"	347.0	-6.92	0.447	492	17	4.22	6	1	2.84	41.82	41.22	41.79	499.92	498.38	19.833	36.190	24.74	45.15	600.1	-0	1291	101.9	17.5	0.0602	1.0	111115
143	"10:14:54"	349.0	-6.92	0.447	492	17	4.22	6	1	2.84	41.82	41.22	41.78	499.89	498.36	19.848	36.193	24.76	45.16	600.1	-0	1291	101.9	17.5	0.0602	1.0	111115
144	"10:14:55"	350.0	-7.1	0.447	493	17	4.22	6	1	2.84	41.81	41.21	41.78	499.78	498.43	19.855	36.197	24.77	45.16	600.0	-0	1292	101.9	17.5	0.0602	1.0	111115
145	"10:14:56"	351.5	-7.19	0.446	494	16.9	4.22	6	1	2.84	41.81	41.21	41.78	499.72	498.46	19.864	36.196	24.79	45.17	600.0	-0	1292	101.9	17.5	0.0602	1.0	111115
146	"10:14:58"	352.5	-7.32	0.446	494	16.9	4.22	6	1	2.84	41.81	41.21	41.78	499.66	498.54	19.871	36.198	24.79	45.17	600.0	-0	1292	101.9	17.5	0.0602	1.0	111115
147	"10:14:59"	354.0	-7.27	0.446	494	16.9	4.22	6	1	2.84	41.81	41.21	41.78	499.70	498.53	19.881	36.203	24.81	45.18	600.0	-0	1293	101.9	17.5	0.0602	1.0	111115
148	"10:15:00"	355.0	-7.18	0.446	494	16.9	4.22	6	1	2.84	41.81	41.21	41.78	499.78	498.52	19.887	36.210	24.82	45.19	600.0	-0	1293	101.9	17.5	0.0602	1.0	111115
149	"10:15:01"	356.5	-7.09	0.446	493	16.9	4.22	6	1	2.84	41.81	41.21	41.78	499.85	498.49	19.898	36.216	24.83	45.20	600.0	-0	1294	101.9	17.5	0.0602	1.0	111115
150	"10:15:03"	357.5	-6.98	0.446	493	16.9	4.22	6	1	2.84	41.81	41.21	41.78	499.91	498.45	19.904	36.216	24.84	45.20	600.0	-0	1294	101.9	17.5	0.0602	1.0	111115
151	"10:15:04"	359.0	-7.12	0.446	493	16.9	4.21	6	1	2.84	41.81	41.20	41.78	499.82	498.51	19.915	36.224	24.85	45.21	600.0	-0	1295	101.9	17.5	0.0602	1.0	111115
152	"10:15:05"	360.0	-7.08	0.446	493	16.9	4.21	6	1	2.84	41.81	41.20	41.78	499.84	498.48	19.921	36.227	24.86	45.21	600.0	-0	1295	101.9	17.5	0.0602	1.0	111115
153	"10:15:06"	361.5	-7.17	0.446	494	16.9	4.21	6	1	2.84	41.81	41.21	41.78	499.82	498.55	19.931	36.236	24.87	45.22	600.0	-0	1296	101.9	17.5	0.0602	1.0	111115
154	"10:15:08"	362.5	-7.24	0.446	494	16.9	4.21	6	1	2.84	41.81	41.21	41.78	499.78	498.58	19.938	36.240	24.88	45.23	600.0	-0	1296	101.9	17.5	0.0602	1.0	111115
155	"10:15:09"	364.0	-7.25	0.446	494	16.9	4.21	6	1	2.84	41.81	41.21	41.78	499.79	498.61	19.946	36.245	24.89	45.24	600.0	-0	1296	101.9	17.5	0.0602	1.0	111115
156	"10:15:10"	365.0	-7.18	0.446	494	16.9	4.21	6	1	2.84	41.81	41.21	41.78	499.81	498.56	19.953	36.253	24.90	45.25	600.0	-0	1296	101.9	17.5	0.0602	1.0	111115
157	"10:15:11"	366.5	-7.17	0.446	494	16.9	4.21	6	1	2.84	41.81	41.21	41.78	499.84	498.58	19.963	36.260	24.92	45.26	600.0	-0	1296	101.9	17.5	0.0602	1.0	111115
158	"10:15:13"	367.5	-7.18	0.446	494	16.9	4.21	6	1	2.84	41.81	41.20	41.78	499.81	498.55	19.971	36.265	24.93	45.26	600.0	-0	1296	101.9	17.5	0.0602	1.0	111115
159	"10:15:14"	369.0	-7.45	0.447	495	16.9	4.21	6	1	2.84	41.81	41.20	41.78	499.66	498.68	19.980	36.280	24.94	45.28	600.0	-0	1296	101.9	17.5	0.0602	1.0	111115
160	"10:15:15"	370.0	-7.37	0.447	494	16.9	4.21	6	1	2.84	41.81	41.20	41.78	499.70	498.64	19.988	36.283	24.94	45.28	600.0	-0	1296	101.9	17.5	0.0602	1.0	111115
161	"10:15:16"	371.5	-7.29	0.447	494	16.9	4.21	6	1	2.84	41.81	41.20	41.78	499.74	498.60	19.999	36.293	24.96	45.29	600.0	-0	1295	101.9	17.5	0.0602	1.0	111115
162	"10:15:18"	372.5	-7.23	0.447	494	16.9	4.21	6	1	2.84	41.81	41.21	41.78	499.76	498.57	20.007	36.296	24.97	45.30	600.0	-0	1295	101.9	17.5	0.0602	1.0	111115
163	"10:15:19"	374.0	-7.42	0.446	495	16.9	4.21	6	1	2.84	41.81	41.21	41.78	499.67	498.67	20.015	36.303	24.98	45.31	600.0	-0	1294	101.9	17.5	0.0602	1.0	111115
164	"10:15:20"	375.0	-7.36	0.446	494	16.9	4.21	6	1	2.84	41.81	41.21	41.78	499.73	498.66	20.023	36.307	24.99	45.31	600.0	-0	1294	101.9	17.5	0.0602	1.0	111115
165	"10:15:21"	376.5	-7.31	0.446	494	16.9	4.21	6	1	2.84	41.81	41.21	41.78	499.77	498.65	20.033	36.315	25.00	45.32	600.0	-0	1293	101.9	17.5	0.0602	1.0	111115
166	"10:15:23"	377.5	-7.28	0.446	494	16.9	4.21	6	1	2.84	41.81	41.21	41.78	499.77	498.63	20.040	36.320	25.01	45.33	600.0	-0	1293	101.9	17.5	0.0602	1.0	111115
167	"10:15:24"	379.0	-7.17	0.446	494	16.9	4.21	6	1	2.84	41.81	41.21	41.78	499.79	498.55	20.052	36.326	25.02	45.34	600.0	-0	1293	101.9	17.5	0.0602	1.0	111115
168	"10:15:25"	380.0	-7.24	0.446	494	16.9	4.21	6	1	2.84	41.81	41.21	41.78	499.78	498.59	20.059	36.333	25.03	45.34	600.0	-0	1293	101.9	17.5	0.0602	1.0	111115
169	"10:15:26"	381.5	-7.04	0.446	493	16.9	4.21	6	1	2.84	41.81	41.21	41.78	499.90	498.52	20.070	36.338	25.04	45.35	600.0	-0	1293	101.9	17.5	0.0602	1.0	111115
170	"10:15:28"	382.5	-7.05	0.446	493	16.9	4.2	6	1	2.84	41.81	41.21	41.78	499.88	498.52	20.076	36.341	25.05	45.35	600.0	-0	1293	101.9	17.5	0.0602	1.0	111115
171	"10:15:29"	384.0	-7.02	0.446	493	16.9	4.21	6	1	2.84	41.81	41.21	41.78	499.93	498.54	20.087	36.347	25.06	45.35	600.0	-0	1294	101.9	17.5	0.0602	1.0	111115
172	"10:15:30"	385.0	-7.08	0.446	493	16.9	4.21	6	1	2.84	41.81	41.22	41.78	499.92	498.58	20.094	36.354	25.07	45.36	600.0	-0	1295	101.9	17.5	0.0602	1.0	111115
173	"10:15:31"	386.5	-7.13	0.446	494	16.9	4.21	6	1	2.84	41.82	41.22	41.78	499.87	498.59	20.105	36.362	25.08	45.37	600.1	-0	1297	101.9	17.5	0.0602	1.0	111115
174	"10:15:33"	387.5	-7.17	0.446	494	16.9	4.21	6	1	2.84	41.82	41.22	41.79	499.82	498.58	20.111	36.363	25.09	45.37	600.1	-0	1297	101.9	17.5	0.0602	1.0	111115
175	"10:15:34"	389.0	-6.99	0.445	493	16.9	4.21	6	1	2.84	41.82	41.22	41.79	499.91	498.50	20.123	36.368	25.10	45.37	600.0	-0	1297	101.9	17.5	0.0602	1.0	111115
176	"10:15:35"	390.0	-6.99	0.445	493	16.9	4.21	6	1	2.84	41.82	41.22	41.79	499.92	498.51	20.130	36.377	25.11	45.38	600.0	-0	1296	101.9	17.5	0.0602	1.0	111115
177	"10:15:36"	391.5	-7.11	0.445	493	16.9	4.21	6	1	2.84	41.82	41.22	41.79	499.86	498.57	20.142	36.388	25.12	45.39	600.0	-0	1297	101.9	17.5	0.0602	1.0	111115
178	"10:15:38"	392.5	-7.16	0.445	494	16.9	4.21	6	1	2.84	41.82	41.22	41.79	499.79	498.54	20.149	36.395	25.13	45.40	600.0	-0	1300	101.9	17.5	0.0602	1.0	111115
179	"10:15:39"	394.0	-7.24	0.445	494	16.9	4.21	6	1	2.84	41.82	41.23	41.79	499.77	498.60	20.159	36.403	25.15	45.41	600.0	-0	1305	101.9	17.5	0.0602	1.0	111115
180	"10:15:40"	395.0	-7.12	0.445	494	16.9	4.21	6	1	2.84	41.82	41.23	41.79	499.85	498.57	20.166	36.404	25.15	45.41	600.0	-0	1308	101.9	17.5	0.0602	1.0	111115
181	"10:15:41"	396.5	-7.17	0.445	494	16.8	4.21	6	1	2.84	41.82	41.23	41.79	499.82	498.59	20.175	36.406	25.16	45.41	600.0	-0	1295	101.9	17.5	0.0602	1.0	111115
182	"10:15:43"	397.5	-7.18	0.444	494	16.8	4.21	6	1	2.84	41.82	41.23	41.79	499.81	498.60	20.182	36.406	25.17	45.40	600.0	-0	1275	101.9	17.5	0.0602	1.0	111115
183	"10:15:44"	399.0	-7.2	0.444	494	16.8	4.21	6	1	2.84	41.82	41.24	41.79	499.76	498.57	20.193	36.412	25.18	45.41	600.0	-0	1232	101.9	17.5	0.0602	1.0	111115
184	"10:15:45"	400.0	-7.21	0.444	494	16.8	4.21	6	1	2.84	41.83	41.24	41.79	499.75	498.57	20.202	36.419	25.19	45.42	600.0	-0	1185	101.9	17.5	0.0602	1.0	111115
185	"10:15:46"	401.5	-7.15	0.444	494	16.8	4.21	6	1	2.84	41.83	41.24	41.79	499.78	498.54	20.213	36.421	25.21	45.42	600.1	-0	1208	101.9	17.5	0.0602	1.0	111115
186	"10:15:48"	402.5	-7.12	0.444	494	16.8	4.21	6	1	2.84	41.83	41.24	41.79	499.77	498.51	20.220	36.422	25.21	45.41	600.1	-0	1221	101.9	17.5	0.0602	1.0	111115
187	"10:15:49"	404.0	-7.06	0.443	493	16.8	4.21	6	1	2.84	41.83	41.24	41.80	499.81	498.49	20.231	36.427	25.22	45.42	600.1	-0	1063	101.9	17.5	0.0602	1.0	111115
188	"10:15:50"	405.0	-7.02	0.443	493	16.8	4.21	6	1	2.84	41.83	41.24	41.80	499.84	498.48	20.238	36.432	25.23	45.42	600.1	-0	878	101.9	17.5	0.0602	1.0	111115
189	"10:15:51"	406.5	-7.01	0.443	493	16.8	4.21	6	1	2.84	41.83	41.25	41.80	499.87	498.50	20.247	36.438	25.24	45.43	600.0	-0	548	101.9	17.5	0.0602	1.0	111115
190	"10:15:53"	407.5	-7.04	0.443	493	16.8	4.21	6	1	2.84	41.83	41.25	41.80	499.86	498.53	20.254	36.443	25.25	45.43	600.0	-0	453	101.9	17.5	0.0602	1.0	111115
191	"10:15:54"	409.0	-7.2	0.443	494	16.8	4.21	6	1	2.84	41.83	41.25	41.80	499.77	498.59	20.265	36.451	25.26	45.44	600.0	-0	487	101.9	17.5	0.0602	1.0	111115
192	"10:15:55"	410.0	-7.25	0.443	494	16.8	4.21	6	1	2.84	41.83	41.25	41.80	499.74	498.61	20.271	36.455	25.27	45.44	600.0	-0	507	101.9	17.5	0.0602	1.0	111115
193	"10:15:56"	411.5	-7.25	0.443	494	16.8	4.21	6	1	2.84	41.83	41.25	41.80	499.69	498.56	20.278	36.464	25.28	45.45	600.0	-0	786	101.9	17.5	0.0602	1.0	111115
194	"10:15:58"	412.5	-7.18	0.443	494	16.8	4.21	6	1	2.84	41.83	41.25	41.80	499.73	498.53	20.284	36.471	25.28	45.46	600.0	-0	977	101.9	17.5	0.0602	1.0	111115
195	"10:15:59"	414.0	-7.23	0.444	494	16.8	4.21	6	1	2.84	41.84	41.25	41.80	499.70	498.55	20.291	36.479	25.29	45.47	600.0	-0	1243	101.9	17.5	0.0602	1.0	111115
196	"10:16:00"	415.0	-7.24	0.443	494	16.8	4.21	6	1	2.84	41.84	41.25	41.80	499.69	498.56	20.297	36.482	25.30	45.47	600.0	-0	1308	101.9	17.5	0.0602	1.0	111115
197	"10:16:01"	416.5	-7.19	0.444	494	16.8	4.2	6	1	2.84	41.84	41.24	41.80	499.72	498.54	20.306	36.486	25.31	45.47	600.1	-0	1297	101.9	17.5	0.0602	1.0	111115
198	"10:16:03"	417.5	-7.02	0.443	493	16.8	4.2	6	1	2.84	41.84	41.24	41.81	499.81	498.46	20.313	36.485	25.31	45.47	600.0	-0	1308	101.9	17.5	0.0602	1.0	111115
199	"10:16:04"	419.0	-7.16	0.443	494	16.8	4.2	6	1	2.84	41.84	41.24	41.81	499.79	498.59	20.323	36.484	25.33	45.46	600.0	-0	1272	101.9	17.5	0.0602	1.0	111115
200	"10:16:05"	420.0	-7.17	0.442	494	16.8	4.21	6	1	2.84	41.84	41.24	41.81	499.79	498.60	20.329	36.478	25.33	45.46	600.0	-0	1171	101.9	17.5	0.0602	1.0	111115
201	"10:16:06"	421.5	-7.27	0.441	494	16.7	4.21	6	1	2.84	41.84	41.25	41.81	499.66	498.59	20.340	36.468	25.34	45.44	600.0	-0	1026	101.9	17.5	0.0602	1.0	111115
202	"10:16:08"	422.5	-7.26	0.441	494	16.7	4.21	6	1	2.84	41.84	41.25	41.81	499.67	498.58	20.347	36.463	25.35	45.43	600.0	-0	946	101.9	17.5	0.0602	1.0	111115
203	"10:16:09"	424.0	-7.11	0.44	494	16.7	4.21	6	1	2.84	41.84	41.26	41.81	499.70	498.49	20.358	36.458	25.36	45.43	600.0	-0	903	101.9	17.5	0.0602	1.0	111115
204	"10:16:10"	425.0	-7.08	0.44	494	16.7	4.21	6	1	2.84	41.84	41.26	41.81	499.76	498.51	20.365	36.460	25.37	45.42	600.0	-0	895	101.9	17.5	0.0602	1.0	111115
205	"10:16:11"	426.5	-6.94	0.439	493	16.7	4.21	6	1	2.84	41.84	41.26	41.81	499.83	498.45	20.376	36.453	25.39	45.42	600.0	-0	1007	101.9	17.5	0.0602	1.0	111115
206	"10:16:13"	427.5	-6.95	0.439	493	16.7	4.21	6	1	2.84	41.84	41.26	41.81	499.85	498.49	20.383	36.448	25.39	45.41	600.0	-0	1121	101.9	17.5	0.0602	1.0	111115
207	"10:16:14"	429.0	-7	0.438	493	16.6	4.21	6	1	2.84	41.84	41.25	41.81	499.83	498.54	20.395	36.437	25.41	45.39	600.1	-0	1283	101.9	17.5	0.0602	1.0	111115
208	"10:16:15"	430.0	-7.05	0.438	494	16.6	4.21	6	1	2.84	41.85	41.25	41.81	499.80	498.54	20.400	36.440	25.41	45.39	600.1	-0	1319	101.9	17.5	0.0602	1.0	111115
209	"10:16:16"	431.5	-7.1	0.438	494	16.6	4.21	6	1	2.84	41.85	41.25	41.82	499.77	498.58	20.411	36.443	25.43	45.40	600.0	-0	1331	101.9	17.5	0.0602	1.0	111115
210	"10:16:18"	432.5	-7.11	0.438	494	16.6	4.21	6	1	2.84	41.85	41.25	41.82	499.73	498.55	20.417	36.443	25.43	45.40	600.0	-0	1326	101.9	17.5	0.0602	1.0	111115
211	"10:16:19"	433.0	-7.1	0.437	494	16.6	4.21	6	1	2.84	41.85	41.25	41.82	499.74	498.55	20.420	36.440	25.44	45.39	600.0	-0	1323	101.9	17.5	0.0602	1.0	111115
212	"10:16:20"	435.0	-7.23	0.437	494	16.6	4.21	6	1	2.84	41.85	41.25	41.82	499.58	498.53	20.432	36.431	25.45	45.38	600.0	-0	1318	101.9	17.5	0.0602	1.0	111115
213	"10:16:21"	436.5	-7.15	0.436	494	16.6	4.21	6	1	2.84	41.85	41.25	41.82	499.61	498.49	20.442	36.431	25.46	45.38	600.0	-0	1318	101.9	17.5	0.0602	1.0	111115
214	"10:16:23"	437.0	-7.14	0.436	494	16.6	4.21	6	1	2.84	41.85	41.25	41.82	499.62	498.49	20.445	36.433	25.47	45.38	600.0	-0	1318	101.9	17.5	0.0602	1.0	111115
215	"10:16:24"	439.0	-7.07	0.436	494	16.6	4.21	6	1	2.84	41.85	41.26	41.82	499.67	498.48	20.459	36.434	25.48	45.38	600.0	-0	1316	101.9	17.5	0.0602	1.0	111115
216	"10:16:25"	440.5	-7.1	0.436	494	16.6	4.21	6	1	2.84	41.85	41.25	41.82	499.66	498.50	20.468	36.437	25.49	45.38	600.0	-0	1314	101.9	17.5	0.0602	1.0	111115
217	"10:16:27"	441.5	-7.04	0.435	494	16.6	4.21	6	1	2.84	41.85	41.25	41.82	499.68	498.47	20.475	36.435	25.50	45.37	600.0	-0	1312	101.9	17.5	0.0602	1.0	111115
218	"10:16:28"	443.0	-6.97	0.435	493	16.5	4.21	6	1	2.84	41.85	41.26	41.82	499.73	498.45	20.486	36.432	25.51	45.37	600.0	-0	1310	101.9	17.5	0.0602	1.0	111115
219	"10:16:29"	444.0	-7	0.434	493	16.5	4.22	6	1	2.84	41.85	41.26	41.82	499.72	498.47	20.493	36.430	25.52	45.37	600.0	-0	1308	101.9	17.5	0.0602	1.0	111115
220	"10:16:30"	445.5	-6.85	0.434	493	16.5	4.22	6	1	2.84	41.85	41.26	41.83	499.78	498.39	20.503	36.435	25.53	45.37	600.0	-0	1307	101.9	17.5	0.0602	1.0	111115
221	"10:16:32"	446.5	-7	0.434	493	16.5	4.22	6	1	2.84	41.85	41.26	41.83	499.70	498.46	20.511	36.434	25.54	45.37	600.0	-0	1307	101.9	17.5	0.0602	1.0	111115
222	"10:16:33"	448.0	-6.97	0.434	493	16.5	4.22	6	1	2.84	41.85	41.26	41.83	499.74	498.47	20.520	36.441	25.55	45.37	600.0	-0	1306	101.9	17.5	0.0602	1.0	111115
223	"10:16:34"	449.0	-6.98	0.434	493	16.5	4.22	6	1	2.84	41.86	41.26	41.83	499.76	498.51	20.528	36.443	25.56	45.37	600.0	-0	1306	101.9	17.5	0.0602	1.0	111115
224	"10:16:35"	450.5	-6.83	0.434	493	16.5	4.22	6	1	2.84	41.86	41.26	41.83	499.82	498.42	20.539	36.451	25.57	45.38	600.0	-0	1305	101.9	17.5	0.0602	1.0	111115
225	"10:16:37"	451.5	-6.9	0.434	493	16.5	4.22	6	1	2.84	41.86	41.26	41.83	499.77	498.44	20.546	36.455	25.58	45.38	600.0	-0	1306	101.9	17.5	0.0602	1.0	111115
226	"10:16:38"	453.0	-6.99	0.434	493	16.5	4.21	6	1	2.84	41.86	41.26	41.83	499.66	498.42	20.556	36.463	25.59	45.39	600.0	-0	1306	101.9	17.5	0.0602	1.0	111115
227	"10:16:39"	454.0	-7.03	0.434	494	16.5	4.21	6	1	2.84	41.86	41.26	41.83	499.63	498.44	20.562	36.467	25.59	45.39	600.0	-0	1306	101.9	17.5	0.0602	1.0	111115
228	"10:16:40"	455.5	-7.07	0.433	494	16.5	4.21	6	1	2.84	41.86	41.26	41.83	499.64	498.48	20.572	36.473	25.61	45.40	600.0	-0	1305	101.9	17.5	0.0602	1.0	111115
229	"10:16:42"	456.5	-7.05	0.433	494	16.5	4.21	6	1	2.84	41.86	41.27	41.83	499.66	498.48	20.580	36.482	25.61	45.41	600.0	-0	1304	101.9	17.5	0.0602	1.0	111115
230	"10:16:43"	458.0	-7.16	0.433	494	16.5	4.21	6	1	2.84	41.86	41.27	41.83	499.60	498.54	20.592	36.485	25.63	45.41	600.0	-0	1304	101.9	17.5	0.0602	1.0	111115
231	"10:16:44"	459.0	-7.1	0.433	494	16.5	4.21	6	1	2.84	41.86	41.27	41.83	499.64	498.52	20.598	36.495	25.64	45.42	600.0	-0	1303	101.9	17.5	0.0602	1.0	111115
232	"10:16:45"	460.5	-6.97	0.433	493	16.5	4.21	6	1	2.84	41.86	41.27	41.84	499.70	498.44	20.609	36.503	25.65	45.43	600.0	-0	1303	101.9	17.5	0.0602	1.0	111115
233	"10:16:47"	461.5	-6.94	0.433	493	16.5	4.21	6	1	2.84	41.87	41.27	41.84	499.76	498.47	20.615	36.505	25.65	45.43	600.0	-0	1302	101.9	17.5	0.0602	1.0	111115
234	"10:16:48"	463.0	-6.88	0.433	493	16.5	4.21	6	1	2.84	41.87	41.27	41.84	499.78	498.44	20.626	36.510	25.66	45.43	600.0	-0	1301	101.9	17.5	0.0602	1.0	111115
235	"10:16:49"	464.0	-6.95	0.433	493	16.5	4.21	6	1	2.84	41.87	41.27	41.84	499.74	498.48	20.634	36.511	25.67	45.43	600.0	-0	1301	101.9	17.5	0.0602	1.0	111115
236	"10:16:50"	465.5	-7.04	0.433	494	16.5	4.21	6	1	2.84	41.87	41.27	41.84	499.72	498.54	20.643	36.521	25.68	45.44	600.0	-0	1301	101.9	17.5	0.0602	1.0	111115
237	"10:16:52"	466.5	-7.04	0.433	494	16.5	4.21	6	1	2.84	41.87	41.28	41.84	499.73	498.56	20.651	36.522	25.69	45.44	600.0	-0	1300	101.9	17.5	0.0602	1.0	111115
238	"10:16:53"	468.0	-7.2	0.432	495	16.5	4.21	6	1	2.84	41.87	41.28	41.84	499.65	498.63	20.660	36.529	25.70	45.44	600.1	-0	1300	101.9	17.5	0.0602	1.0	111115
239	"10:16:54"	469.0	-7.18	0.432	494	16.5	4.22	6	1	2.84	41.87	41.28	41.84	499.63	498.60	20.668	36.531	25.71	45.44	600.0	-0	1300	101.9	17.5	0.0602	1.0	111115
240	"10:16:55"	470.5	-7.22	0.432	495	16.5	4.22	6	1	2.84	41.87	41.28	41.85	499.55	498.57	20.679	36.536	25.72	45.45	600.0	-0	1299	101.9	17.5	0.0602	1.0	111115
241	"10:16:57"	471.5	-7.15	0.432	494	16.5	4.22	6	1	2.84	41.87	41.28	41.85	499.58	498.52	20.685	36.540	25.73	45.45	600.0	-0	1299	101.9	17.5	0.0602	1.0	111115
242	"10:16:58"	473.0	-7.09	0.432	494	16.5	4.22	6	1	2.84	41.88	41.29	41.85	499.58	498.47	20.696	36.550	25.74	45.46	600.0	-0	1299	101.9	17.5	0.0602	1.0	111115
243	"10:16:59"	474.0	-6.95	0.432	493	16.5	4.22	6	1	2.84	41.88	41.29	41.85	499.69	498.44	20.703	36.557	25.75	45.47	600.1	-0	1300	101.9	17.5	0.0602	1.0	111115
