"OPEN 5.3.2"
"Fri Aug  3 2018 10:44:46"
"Unit="	"PSC-895"
"ComputeList="	"/User/Configs/Comps/Default"
"BLCTable="	"/Sys/Lib/StdBLCTable"
"LightSource="	"Sun+Sky"	1	0.19
"LogFormat="	"/User/Configs/LogFormats/Std Output"
"LogCodes="	-35	-21	-36	30	23	36	21	25	-33	-34	-32	-9	-10	-8	-1	-2	-4	-5	-14	-15	-7	-12	-13	-11	-65	-66	-72	-23
"PromptList="	"/User/Configs/Prompts/Default (none)"
"Stability= (CO2S 15s SLP<1)(H2OS 15s SLP<1)(Flow 15s SLP<1)"
"10:44:47 "
$STARTOFDATA$
"Obs"	"HHMMSS"	"FTime"	"Photo"	"Cond"	"Ci"	"Trmmol"	"VpdL"	"Area"	"StmRat"	"BLCond"	"Tair"	"Tleaf"	"TBlk"	"CO2R"	"CO2S"	"H2OR"	"H2OS"	"RH_R"	"RH_S"	"Flow"	"PARi"	"PARo"	"Press"	"CsMch"	"HsMch"	"StableF"	"Status"
1	"10:47:31"	234.5	-3.39	0.32	489	10.2	3.42	6	1	2.84	39.83	38.76	39.94	499.28	497.59	24.648	34.488	34.16	47.80	600.0	-0	88	101.8	14.2	0.0613	0.3	111115
2	"10:47:32"	235.0	-3.3	0.32	488	10.2	3.42	6	1	2.84	39.83	38.76	39.94	499.32	497.55	24.645	34.486	34.16	47.80	600.0	-0	87	101.8	14.2	0.0613	0.3	111115
3	"10:47:33"	236.5	-3.23	0.32	488	10.2	3.43	6	1	2.84	39.83	38.77	39.94	499.33	497.49	24.640	34.482	34.16	47.80	600.0	-0	96	101.8	14.2	0.0613	0.3	111115
4	"10:47:35"	238.0	-2.92	0.32	486	10.2	3.43	6	1	2.84	39.83	38.77	39.94	499.54	497.39	24.638	34.479	34.16	47.80	600.0	-0	117	101.8	14.2	0.0613	0.7	111115
5	"10:47:36"	238.5	-2.9	0.32	486	10.2	3.43	6	1	2.84	39.83	38.77	39.94	499.57	497.40	24.635	34.476	34.16	47.80	600.0	-0	126	101.8	14.2	0.0613	0.7	111115
6	"10:47:37"	240.5	-2.67	0.32	485	10.2	3.42	6	1	2.84	39.82	38.76	39.93	499.84	497.44	24.632	34.470	34.17	47.81	600.0	-0	145	101.8	14.2	0.0613	0.7	111115
7	"10:47:38"	241.0	-2.62	0.32	484	10.2	3.42	6	1	2.84	39.82	38.76	39.93	499.92	497.47	24.633	34.467	34.17	47.81	600.0	0	147	101.8	14.2	0.0613	0.7	111115
8	"10:47:39"	242.5	-2.65	0.32	485	10.2	3.43	6	1	2.84	39.81	38.76	39.93	500.00	497.58	24.631	34.466	34.17	47.82	600.0	-0	156	101.8	14.2	0.0613	1.0	111115
9	"10:47:41"	244.0	-2.44	0.32	484	10.2	3.42	6	1	2.84	39.81	38.75	39.92	500.20	497.58	24.628	34.460	34.18	47.82	600.0	-0	169	101.8	14.2	0.0613	1.0	111115
10	"10:47:42"	245.0	-2.56	0.32	484	10.2	3.42	6	1	2.84	39.81	38.75	39.92	500.22	497.71	24.627	34.455	34.18	47.82	600.1	-0	178	101.8	14.2	0.0613	1.0	111115
11	"10:47:43"	246.5	-2.64	0.32	485	10.2	3.42	6	1	2.84	39.81	38.74	39.92	500.19	497.77	24.624	34.449	34.18	47.82	600.2	-0	180	101.8	14.2	0.0613	1.0	111115
12	"10:47:44"	247.5	-2.88	0.32	486	10.2	3.42	6	1	2.84	39.80	38.74	39.91	500.07	497.88	24.623	34.444	34.18	47.82	600.2	-0	181	101.8	14.2	0.0613	0.7	111115
13	"10:47:45"	249.0	-2.88	0.319	486	10.2	3.42	6	1	2.84	39.80	38.74	39.91	500.08	497.89	24.622	34.437	34.19	47.82	600.0	-0	180	101.8	14.2	0.0613	0.7	111115
14	"10:47:47"	250.0	-2.85	0.319	486	10.2	3.42	6	1	2.84	39.80	38.74	39.91	500.12	497.92	24.622	34.427	34.19	47.81	600.0	-0	180	101.8	14.2	0.0613	0.7	111115
15	"10:47:48"	251.5	-2.72	0.319	485	10.1	3.42	6	1	2.84	39.79	38.73	39.90	500.23	497.90	24.622	34.419	34.20	47.81	600.0	0	180	101.8	14.2	0.0613	0.7	111115
16	"10:47:49"	252.5	-2.76	0.319	486	10.1	3.42	6	1	2.84	39.79	38.73	39.90	500.25	497.95	24.620	34.421	34.20	47.82	600.0	-0	180	101.8	14.2	0.0613	0.7	111115
17	"10:47:50"	254.0	-2.99	0.319	487	10.2	3.42	6	1	2.84	39.79	38.73	39.89	500.12	498.06	24.617	34.420	34.21	47.83	599.9	-0	177	101.8	14.2	0.0613	0.7	111115
18	"10:47:52"	255.0	-2.99	0.319	487	10.1	3.42	6	1	2.84	39.78	38.73	39.89	500.13	498.06	24.618	34.418	34.21	47.83	599.9	-0	176	101.8	14.2	0.0613	0.7	111115
19	"10:47:53"	256.5	-3.14	0.319	488	10.1	3.42	6	1	2.84	39.78	38.72	39.89	500.03	498.12	24.616	34.411	34.22	47.83	600.0	-0	175	101.8	14.2	0.0613	0.7	111115
20	"10:47:54"	257.5	-3.04	0.319	487	10.1	3.42	6	1	2.84	39.78	38.72	39.88	500.08	498.07	24.614	34.408	34.22	47.84	600.0	-0	174	101.8	14.2	0.0613	0.7	111115
21	"10:47:55"	259.0	-3	0.319	487	10.1	3.42	6	1	2.84	39.77	38.72	39.88	500.10	498.05	24.613	34.402	34.23	47.84	600.1	0	172	101.8	14.2	0.0613	0.7	111115
22	"10:47:57"	260.0	-2.97	0.319	487	10.1	3.42	6	1	2.84	39.77	38.71	39.88	500.16	498.07	24.611	34.402	34.23	47.85	600.1	0	172	101.8	14.2	0.0613	0.7	111115
23	"10:47:58"	261.5	-3.03	0.319	487	10.1	3.41	6	1	2.84	39.77	38.71	39.87	500.15	498.14	24.612	34.395	34.24	47.84	600.1	0	170	101.8	14.2	0.0613	0.7	111115
24	"10:47:59"	262.5	-3.07	0.319	488	10.1	3.41	6	1	2.84	39.76	38.70	39.87	500.13	498.15	24.610	34.394	34.24	47.85	600.0	0	170	101.8	14.2	0.0613	0.7	111115
25	"10:48:00"	264.0	-3.21	0.319	488	10.1	3.41	6	1	2.84	39.76	38.70	39.87	500.07	498.23	24.611	34.383	34.25	47.84	600.0	-0	169	101.8	14.2	0.0613	0.7	111115
26	"10:48:02"	265.0	-3.23	0.319	489	10.1	3.41	6	1	2.84	39.76	38.70	39.87	500.06	498.24	24.610	34.381	34.25	47.85	600.0	-0	169	101.8	14.2	0.0613	0.7	111115
27	"10:48:03"	266.5	-3.26	0.318	489	10.1	3.42	6	1	2.84	39.75	38.71	39.86	500.08	498.30	24.608	34.377	34.25	47.85	600.0	-0	168	101.8	14.2	0.0613	0.7	111115
28	"10:48:04"	267.5	-3.3	0.318	489	10.1	3.42	6	1	2.84	39.75	38.71	39.86	500.07	498.33	24.605	34.374	34.25	47.85	600.0	-0	167	101.8	14.2	0.0613	0.7	111115
29	"10:48:05"	269.0	-3.28	0.318	489	10.1	3.42	6	1	2.84	39.75	38.71	39.85	500.11	498.36	24.602	34.364	34.26	47.85	600.0	-0	167	101.8	14.2	0.0613	0.7	111115
30	"10:48:07"	270.0	-3.17	0.318	488	10.1	3.42	6	1	2.84	39.75	38.70	39.85	500.19	498.33	24.603	34.361	34.26	47.85	600.0	-0	167	101.8	14.2	0.0613	0.7	111115
31	"10:48:08"	271.5	-3.11	0.318	488	10.1	3.41	6	1	2.84	39.74	38.69	39.85	500.28	498.36	24.600	34.358	34.26	47.85	600.0	-0	168	101.8	14.2	0.0613	0.7	111115
32	"10:48:09"	272.5	-3.16	0.319	488	10.1	3.41	6	1	2.84	39.74	38.69	39.85	500.25	498.37	24.600	34.359	34.27	47.86	600.0	-0	169	101.8	14.2	0.0613	0.7	111115
33	"10:48:10"	274.0	-3.29	0.319	489	10.1	3.41	6	1	2.84	39.74	38.69	39.84	500.19	498.44	24.599	34.358	34.27	47.87	600.0	-0	171	101.8	14.2	0.0613	0.7	111115
34	"10:48:12"	275.0	-3.23	0.318	489	10.1	3.41	6	1	2.84	39.73	38.69	39.84	500.20	498.39	24.597	34.350	34.27	47.86	600.0	-0	173	101.8	14.2	0.0613	0.7	111115
35	"10:48:13"	276.5	-3.19	0.318	489	10.1	3.41	6	1	2.84	39.73	38.68	39.84	500.22	498.38	24.594	34.342	34.28	47.86	600.0	-0	177	101.8	14.2	0.0613	0.7	111115
36	"10:48:14"	277.5	-3.19	0.318	489	10.1	3.41	6	1	2.84	39.73	38.68	39.83	500.21	498.38	24.591	34.339	34.28	47.86	600.0	-0	180	101.8	14.2	0.0613	0.7	111115
37	"10:48:15"	279.0	-3.32	0.318	489	10.1	3.41	6	1	2.84	39.72	38.67	39.83	500.16	498.44	24.590	34.338	34.28	47.87	600.1	-0	183	101.8	14.2	0.0613	1.0	111115
38	"10:48:17"	280.0	-3.31	0.318	489	10.1	3.41	6	1	2.84	39.72	38.68	39.83	500.17	498.45	24.590	34.334	34.29	47.87	600.2	-0	184	101.8	14.2	0.0613	1.0	111115
39	"10:48:18"	281.5	-3.38	0.318	490	10.1	3.41	6	1	2.84	39.72	38.68	39.82	500.16	498.51	24.589	34.328	34.29	47.87	600.2	-0	182	101.8	14.2	0.0613	1.0	111115
40	"10:48:19"	282.5	-3.36	0.318	490	10.1	3.41	6	1	2.84	39.72	38.67	39.82	500.17	498.50	24.588	34.322	34.29	47.87	600.2	-0	180	101.8	14.2	0.0613	1.0	111115
41	"10:48:20"	284.0	-3.53	0.318	491	10.1	3.41	6	1	2.84	39.71	38.66	39.82	500.11	498.62	24.587	34.319	34.30	47.88	600.0	-0	178	101.8	14.2	0.0613	1.0	111115
42	"10:48:22"	285.0	-3.51	0.318	491	10.1	3.4	6	1	2.84	39.71	38.66	39.81	500.13	498.62	24.587	34.314	34.30	47.88	600.0	-0	177	101.8	14.2	0.0613	1.0	111115
43	"10:48:23"	286.5	-3.41	0.318	490	10.1	3.4	6	1	2.84	39.71	38.66	39.81	500.17	498.56	24.586	34.309	34.31	47.88	599.9	-0	178	101.8	14.2	0.0613	1.0	111115
44	"10:48:24"	287.5	-3.42	0.318	490	10.1	3.4	6	1	2.84	39.70	38.66	39.81	500.18	498.58	24.587	34.306	34.32	47.88	600.0	-0	179	101.8	14.2	0.0613	1.0	111115
45	"10:48:25"	289.0	-3.5	0.318	490	10.1	3.4	6	1	2.84	39.70	38.66	39.80	500.09	498.57	24.584	34.306	34.32	47.89	600.0	-0	179	101.8	14.2	0.0613	1.0	111115
46	"10:48:27"	290.0	-3.53	0.318	491	10.1	3.4	6	1	2.84	39.70	38.66	39.80	500.07	498.58	24.585	34.300	34.32	47.89	600.0	-0	180	101.8	14.2	0.0613	1.0	111115
47	"10:48:28"	291.5	-3.55	0.318	491	10.1	3.4	6	1	2.84	39.69	38.65	39.80	500.04	498.57	24.582	34.299	34.33	47.90	600.0	-0	181	101.8	14.2	0.0613	1.0	111115
48	"10:48:29"	292.5	-3.55	0.318	491	10.1	3.4	6	1	2.84	39.69	38.65	39.79	500.04	498.57	24.583	34.298	34.33	47.90	600.0	-0	182	101.8	14.2	0.0613	1.0	111115
49	"10:48:30"	294.0	-3.67	0.318	491	10.1	3.4	6	1	2.84	39.69	38.65	39.79	499.97	498.62	24.581	34.299	34.34	47.91	599.9	-0	183	101.8	14.2	0.0613	1.0	111115
50	"10:48:32"	295.0	-3.58	0.318	491	10.1	3.4	6	1	2.84	39.69	38.65	39.79	500.03	498.59	24.579	34.295	34.34	47.91	600.0	-0	184	101.8	14.2	0.0613	1.0	111115
51	"10:48:33"	296.5	-3.39	0.318	490	10.1	3.4	6	1	2.84	39.68	38.64	39.79	500.12	498.50	24.578	34.292	34.34	47.91	600.0	-0	185	101.8	14.2	0.0613	1.0	111115
52	"10:48:34"	297.5	-3.42	0.318	490	10.1	3.4	6	1	2.84	39.68	38.64	39.78	500.11	498.51	24.576	34.290	34.34	47.92	600.0	-0	186	101.8	14.2	0.0613	1.0	111115
53	"10:48:35"	299.0	-3.44	0.318	490	10.1	3.4	6	1	2.84	39.68	38.63	39.78	500.08	498.50	24.575	34.288	34.35	47.92	600.0	-0	187	101.8	14.2	0.0613	1.0	111115
54	"10:48:37"	300.0	-3.48	0.318	490	10.1	3.4	6	1	2.84	39.67	38.63	39.78	500.07	498.54	24.575	34.290	34.35	47.93	600.0	-0	187	101.8	14.2	0.0613	1.0	111115
55	"10:48:38"	301.5	-3.42	0.318	490	10.1	3.4	6	1	2.84	39.67	38.63	39.77	500.16	498.56	24.575	34.284	34.36	47.93	600.0	-0	186	101.8	14.2	0.0613	1.0	111115
56	"10:48:39"	302.5	-3.49	0.318	490	10.1	3.4	6	1	2.84	39.67	38.64	39.77	500.13	498.61	24.575	34.282	34.36	47.94	600.0	-0	185	101.8	14.2	0.0613	1.0	111115
57	"10:48:40"	304.0	-3.63	0.318	491	10	3.4	6	1	2.84	39.67	38.64	39.77	500.04	498.66	24.573	34.275	34.37	47.93	600.0	-0	185	101.8	14.2	0.0613	1.0	111115
58	"10:48:42"	305.0	-3.58	0.318	491	10	3.4	6	1	2.84	39.66	38.63	39.77	500.05	498.62	24.572	34.276	34.37	47.94	600.0	-0	184	101.8	14.2	0.0613	1.0	111115
59	"10:48:43"	306.5	-3.55	0.318	491	10	3.4	6	1	2.84	39.66	38.63	39.76	500.09	498.64	24.569	34.263	34.37	47.93	600.0	-0	184	101.8	14.2	0.0613	1.0	111115
60	"10:48:44"	307.5	-3.46	0.318	490	10	3.4	6	1	2.84	39.66	38.62	39.76	500.18	498.63	24.568	34.258	34.37	47.93	600.0	-0	184	101.8	14.2	0.0613	1.0	111115
61	"10:48:45"	309.0	-3.59	0.317	491	10	3.4	6	1	2.84	39.65	38.62	39.76	500.13	498.71	24.568	34.250	34.38	47.93	600.0	-0	184	101.8	14.2	0.0613	1.0	111115
62	"10:48:47"	310.0	-3.5	0.317	491	10	3.39	6	1	2.84	39.65	38.61	39.75	500.17	498.67	24.569	34.251	34.38	47.94	600.0	-0	183	101.8	14.2	0.0613	1.0	111115
63	"10:48:48"	311.5	-3.4	0.317	490	10	3.39	6	1	2.84	39.65	38.62	39.75	500.23	498.62	24.568	34.249	34.39	47.94	600.0	-0	183	101.8	14.2	0.0613	1.0	111115
64	"10:48:49"	312.5	-3.33	0.317	490	10	3.39	6	1	2.84	39.65	38.61	39.75	500.23	498.56	24.568	34.247	34.39	47.94	600.0	-0	182	101.8	14.2	0.0613	1.0	111115
65	"10:48:50"	314.0	-3.46	0.317	490	10	3.39	6	1	2.84	39.64	38.61	39.75	500.09	498.56	24.565	34.248	34.39	47.95	600.0	-0	182	101.8	14.2	0.0613	1.0	111115
66	"10:48:52"	315.0	-3.54	0.318	491	10	3.39	6	1	2.84	39.64	38.61	39.74	500.03	498.57	24.564	34.246	34.40	47.95	600.0	-0	181	101.8	14.2	0.0613	1.0	111115
67	"10:48:53"	316.5	-3.53	0.318	491	10	3.39	6	1	2.84	39.64	38.60	39.74	500.08	498.61	24.561	34.243	34.40	47.96	600.2	-0	181	101.8	14.2	0.0613	1.0	111115
68	"10:48:54"	317.5	-3.57	0.318	491	10	3.39	6	1	2.84	39.64	38.60	39.74	500.06	498.64	24.561	34.238	34.40	47.95	600.2	-0	180	101.8	14.2	0.0613	1.0	111115
69	"10:48:55"	319.0	-3.62	0.318	491	10	3.39	6	1	2.84	39.64	38.60	39.74	500.06	498.67	24.559	34.238	34.40	47.96	600.2	-0	180	101.8	14.2	0.0613	1.0	111115
70	"10:48:57"	320.0	-3.64	0.317	491	10	3.39	6	1	2.84	39.63	38.60	39.73	500.02	498.66	24.559	34.232	34.41	47.96	600.0	-0	180	101.8	14.2	0.0613	1.0	111115
71	"10:48:58"	321.5	-3.5	0.317	491	10	3.39	6	1	2.84	39.63	38.61	39.73	500.11	498.62	24.559	34.228	34.41	47.96	599.9	-0	179	101.8	14.2	0.0613	1.0	111115
72	"10:48:59"	322.5	-3.51	0.316	491	10	3.4	6	1	2.84	39.63	38.61	39.73	500.15	498.67	24.560	34.220	34.42	47.95	599.9	-0	178	101.8	14.2	0.0613	1.0	111115
73	"10:49:00"	324.0	-3.53	0.317	491	10	3.39	6	1	2.84	39.63	38.61	39.73	500.13	498.66	24.560	34.221	34.42	47.96	600.0	-0	176	101.8	14.2	0.0613	1.0	111115
74	"10:49:02"	325.0	-3.7	0.317	492	10	3.39	6	1	2.84	39.62	38.60	39.72	500.04	498.74	24.559	34.217	34.42	47.96	600.0	-0	175	101.8	14.2	0.0613	1.0	111115
75	"10:49:03"	326.5	-3.72	0.317	492	9.99	3.39	6	1	2.84	39.62	38.59	39.72	499.99	498.72	24.559	34.211	34.43	47.96	600.0	-0	174	101.8	14.2	0.0613	1.0	111115
76	"10:49:04"	327.5	-3.69	0.317	492	9.99	3.39	6	1	2.84	39.62	38.60	39.72	500.03	498.74	24.558	34.210	34.43	47.97	599.9	-0	172	101.8	14.2	0.0613	1.0	111115
77	"10:49:05"	329.0	-3.74	0.317	492	9.99	3.39	6	1	2.84	39.62	38.59	39.71	499.98	498.74	24.557	34.208	34.44	47.97	599.9	-0	171	101.8	14.2	0.0613	1.0	111115
78	"10:49:07"	330.0	-3.73	0.317	492	9.99	3.39	6	1	2.84	39.61	38.59	39.71	499.99	498.74	24.556	34.205	34.44	47.97	600.0	-0	170	101.8	14.2	0.0613	1.0	111115
79	"10:49:08"	331.5	-3.68	0.317	492	9.98	3.39	6	1	2.84	39.61	38.58	39.71	500.02	498.72	24.555	34.196	34.44	47.96	600.0	-0	168	101.8	14.2	0.0613	1.0	111115
80	"10:49:09"	332.5	-3.65	0.317	492	9.98	3.39	6	1	2.84	39.61	38.58	39.71	500.07	498.74	24.554	34.194	34.44	47.97	600.0	0	166	101.8	14.2	0.0613	1.0	111115
81	"10:49:10"	334.0	-3.51	0.316	491	9.98	3.39	6	1	2.84	39.61	38.58	39.70	500.16	498.69	24.554	34.192	34.45	47.97	600.0	-0	166	101.8	14.2	0.0613	1.0	111115
82	"10:49:12"	335.0	-3.5	0.316	491	9.98	3.39	6	1	2.84	39.61	38.58	39.70	500.18	498.71	24.553	34.189	34.45	47.97	600.0	-0	166	101.8	14.2	0.0613	1.0	111115
83	"10:49:13"	336.5	-3.4	0.316	490	9.97	3.39	6	1	2.84	39.60	38.58	39.70	500.21	498.64	24.552	34.179	34.45	47.96	600.0	0	165	101.8	14.2	0.0613	1.0	111115
84	"10:49:14"	337.5	-3.46	0.316	491	9.96	3.39	6	1	2.84	39.60	38.58	39.70	500.18	498.68	24.550	34.172	34.45	47.95	600.0	-0	165	101.8	14.2	0.0613	1.0	111115
85	"10:49:15"	339.0	-3.6	0.315	491	9.96	3.39	6	1	2.84	39.60	38.58	39.69	500.11	498.74	24.548	34.166	34.46	47.96	600.0	-0	165	101.8	14.2	0.0613	1.0	111115
86	"10:49:17"	340.0	-3.67	0.315	492	9.96	3.39	6	1	2.84	39.60	38.58	39.69	500.09	498.79	24.547	34.166	34.46	47.96	600.0	-0	165	101.8	14.2	0.0613	1.0	111115
87	"10:49:18"	341.5	-3.71	0.315	492	9.96	3.39	6	1	2.84	39.59	38.58	39.69	500.05	498.79	24.546	34.161	34.46	47.96	600.0	0	165	101.8	14.2	0.0613	1.0	111115
88	"10:49:19"	342.5	-3.67	0.316	492	9.95	3.39	6	1	2.84	39.59	38.57	39.69	500.05	498.75	24.545	34.158	34.46	47.96	600.0	0	164	101.8	14.2	0.0613	1.0	111115
89	"10:49:20"	344.0	-3.57	0.316	491	9.95	3.39	6	1	2.84	39.59	38.57	39.68	500.09	498.70	24.543	34.153	34.47	47.96	600.0	-0	158	101.8	14.2	0.0613	1.0	111115
90	"10:49:22"	345.0	-3.55	0.315	491	9.94	3.39	6	1	2.84	39.59	38.56	39.68	500.09	498.68	24.543	34.146	34.47	47.96	600.0	-0	152	101.8	14.2	0.0613	1.0	111115
91	"10:49:23"	346.5	-3.57	0.315	491	9.94	3.39	6	1	2.84	39.58	38.56	39.68	500.11	498.73	24.542	34.138	34.47	47.96	600.0	-0	140	101.8	14.2	0.0613	1.0	111115
92	"10:49:24"	347.5	-3.58	0.315	491	9.93	3.39	6	1	2.84	39.58	38.56	39.68	500.10	498.73	24.541	34.132	34.48	47.95	600.0	-0	132	101.8	14.2	0.0613	1.0	111115
93	"10:49:25"	349.0	-3.69	0.315	492	9.93	3.39	6	1	2.84	39.58	38.56	39.67	500.04	498.78	24.537	34.127	34.48	47.96	600.0	-0	123	101.8	14.2	0.0613	1.0	111115
94	"10:49:27"	350.0	-3.68	0.315	492	9.93	3.39	6	1	2.84	39.57	38.56	39.67	500.03	498.76	24.537	34.125	34.48	47.96	600.0	-0	120	101.8	14.2	0.0613	1.0	111115
95	"10:49:28"	351.5	-3.84	0.315	493	9.93	3.38	6	1	2.84	39.57	38.55	39.67	499.96	498.85	24.536	34.123	34.49	47.96	600.0	-0	126	101.8	14.2	0.0613	1.0	111115
96	"10:49:29"	352.5	-3.65	0.315	492	9.93	3.38	6	1	2.84	39.57	38.55	39.67	500.08	498.78	24.537	34.125	34.49	47.97	600.0	-0	140	101.8	14.2	0.0613	1.0	111115
97	"10:49:30"	354.0	-3.78	0.315	492	9.92	3.38	6	1	2.84	39.57	38.54	39.66	500.01	498.84	24.535	34.115	34.50	47.97	600.0	-0	151	101.8	14.2	0.0613	1.0	111115
98	"10:49:32"	355.0	-3.64	0.315	492	9.92	3.38	6	1	2.84	39.56	38.54	39.66	500.06	498.76	24.535	34.113	34.50	47.97	600.0	-0	152	101.8	14.2	0.0613	1.0	111115
99	"10:49:33"	356.5	-3.59	0.315	491	9.91	3.38	6	1	2.84	39.56	38.54	39.66	500.08	498.73	24.532	34.101	34.50	47.96	600.0	-0	140	101.8	14.2	0.0613	1.0	111115
100	"10:49:34"	357.5	-3.45	0.315	491	9.91	3.38	6	1	2.84	39.56	38.54	39.65	500.15	498.66	24.532	34.100	34.51	47.97	600.0	0	137	101.8	14.2	0.0613	1.0	111115
101	"10:49:35"	358.0	-3.48	0.314	491	9.91	3.38	6	1	2.84	39.56	38.54	39.65	500.13	498.68	24.531	34.099	34.51	47.97	600.0	0	136	101.8	14.2	0.0613	1.0	111115
102	"10:49:37"	360.0	-3.57	0.314	491	9.9	3.38	6	1	2.84	39.55	38.54	39.65	500.09	498.72	24.530	34.092	34.51	47.97	600.1	0	142	101.8	14.2	0.0613	1.0	111115
103	"10:49:38"	361.5	-3.66	0.314	492	9.9	3.38	6	1	2.84	39.55	38.54	39.65	500.07	498.79	24.527	34.083	34.51	47.96	600.2	-0	142	101.8	14.2	0.0613	1.0	111115
104	"10:49:39"	362.5	-3.76	0.314	492	9.9	3.38	6	1	2.84	39.55	38.53	39.64	500.02	498.84	24.525	34.083	34.52	47.97	600.2	-0	137	101.8	14.2	0.0613	1.0	111115
105	"10:49:40"	364.0	-3.8	0.314	493	9.89	3.38	6	1	2.84	39.54	38.53	39.64	499.97	498.84	24.524	34.072	34.52	47.96	600.0	-0	138	101.8	14.2	0.0613	1.0	111115
106	"10:49:42"	365.0	-3.81	0.314	493	9.88	3.38	6	1	2.84	39.54	38.52	39.64	499.96	498.85	24.523	34.067	34.52	47.96	600.0	-0	139	101.8	14.2	0.0613	1.0	111115
107	"10:49:43"	366.5	-3.81	0.314	493	9.87	3.38	6	1	2.84	39.54	38.52	39.63	499.93	498.81	24.522	34.055	34.53	47.95	600.0	-0	143	101.8	14.2	0.0613	1.0	111115
108	"10:49:44"	367.5	-3.9	0.314	493	9.87	3.38	6	1	2.84	39.54	38.51	39.63	499.90	498.88	24.521	34.052	34.53	47.96	600.0	-0	134	101.8	14.2	0.0613	1.0	111115
109	"10:49:45"	368.0	-3.9	0.314	493	9.87	3.38	6	1	2.84	39.53	38.51	39.63	499.89	498.87	24.520	34.051	34.54	47.96	600.0	-0	130	101.8	14.2	0.0613	1.0	111115
110	"10:49:46"	369.0	-3.83	0.314	493	9.87	3.37	6	1	2.84	39.53	38.51	39.63	499.93	498.84	24.519	34.052	34.54	47.97	600.0	-0	121	101.8	14.2	0.0613	1.0	111115
111	"10:49:47"	371.0	-3.75	0.314	492	9.86	3.37	6	1	2.84	39.53	38.50	39.62	499.94	498.77	24.520	34.047	34.55	47.97	600.0	-0	115	101.8	14.2	0.0613	1.0	111115
112	"10:49:48"	371.5	-3.78	0.314	493	9.86	3.37	6	1	2.84	39.52	38.50	39.62	499.92	498.79	24.519	34.046	34.55	47.98	600.0	-0	116	101.8	14.2	0.0613	1.0	111115
113	"10:49:50"	373.5	-3.78	0.313	493	9.84	3.37	6	1	2.84	39.52	38.50	39.61	499.92	498.78	24.516	34.025	34.56	47.96	600.0	-0	123	101.8	14.2	0.0613	1.0	111115
114	"10:49:51"	374.5	-3.76	0.313	493	9.84	3.38	6	1	2.84	39.52	38.50	39.61	499.94	498.79	24.513	34.016	34.56	47.96	600.0	-0	121	101.8	14.2	0.0613	1.0	111115
115	"10:49:52"	376.0	-3.66	0.312	492	9.83	3.38	6	1	2.84	39.51	38.50	39.61	500.00	498.76	24.509	34.004	34.56	47.95	600.0	-0	119	101.8	14.2	0.0613	1.0	111115
116	"10:49:54"	377.0	-3.72	0.312	492	9.83	3.38	6	1	2.84	39.51	38.50	39.60	499.96	498.79	24.508	33.999	34.56	47.95	600.0	0	116	101.8	14.2	0.0613	1.0	111115
117	"10:49:55"	377.5	-3.74	0.312	492	9.83	3.38	6	1	2.84	39.51	38.50	39.60	499.93	498.77	24.506	33.997	34.56	47.95	600.0	0	114	101.8	14.2	0.0613	1.0	111115
118	"10:49:56"	379.5	-3.74	0.313	492	9.83	3.37	6	1	2.84	39.50	38.48	39.60	499.95	498.79	24.503	33.997	34.57	47.96	600.0	-0	112	101.8	14.2	0.0613	1.0	111115
119	"10:49:57"	380.5	-3.71	0.313	492	9.82	3.37	6	1	2.84	39.50	38.47	39.60	499.97	498.79	24.503	33.988	34.57	47.96	600.0	-0	108	101.8	14.2	0.0613	1.0	111115
120	"10:49:58"	382.0	-3.69	0.313	492	9.82	3.37	6	1	2.84	39.50	38.47	39.59	500.00	498.80	24.502	33.984	34.58	47.96	600.0	-0	111	101.8	14.2	0.0613	1.0	111115
121	"10:50:00"	383.0	-3.73	0.312	493	9.8	3.37	6	1	2.84	39.49	38.47	39.59	499.98	498.82	24.501	33.972	34.58	47.95	600.0	-0	113	101.8	14.2	0.0613	1.0	111115
122	"10:50:01"	384.5	-3.74	0.312	493	9.81	3.37	6	1	2.84	39.49	38.47	39.58	499.96	498.82	24.498	33.971	34.59	47.96	600.0	-0	120	101.8	14.2	0.0613	1.0	111115
123	"10:50:02"	385.0	-3.73	0.312	492	9.8	3.37	6	1	2.84	39.49	38.47	39.58	499.96	498.80	24.497	33.967	34.59	47.95	600.0	-0	126	101.8	14.2	0.0613	1.0	111115
124	"10:50:03"	387.0	-3.71	0.312	492	9.79	3.37	6	1	2.84	39.48	38.47	39.58	499.95	498.77	24.495	33.956	34.59	47.95	600.0	-0	174	101.8	14.2	0.0613	1.0	111115
125	"10:50:04"	387.5	-3.69	0.312	492	9.79	3.37	6	1	2.84	39.48	38.47	39.58	499.95	498.76	24.495	33.956	34.59	47.96	600.0	-0	189	101.8	14.2	0.0613	1.0	111115
126	"10:50:06"	389.0	-3.77	0.313	493	9.81	3.37	6	1	2.84	39.48	38.47	39.57	499.92	498.79	24.495	33.969	34.60	47.98	600.0	-0	220	101.8	14.2	0.0613	1.0	111115
127	"10:50:07"	390.5	-3.82	0.314	493	9.83	3.37	6	1	2.84	39.48	38.47	39.57	499.91	498.83	24.493	33.988	34.60	48.02	600.0	-0	235	101.8	14.2	0.0613	1.0	111115
128	"10:50:08"	391.5	-3.89	0.314	493	9.83	3.36	6	1	2.84	39.47	38.46	39.57	499.87	498.86	24.491	33.992	34.61	48.03	600.0	-0	232	101.8	14.2	0.0613	1.0	111115
129	"10:50:09"	393.0	-3.79	0.314	493	9.84	3.36	6	1	2.84	39.47	38.46	39.56	499.89	498.78	24.491	33.993	34.61	48.04	600.0	-0	227	101.8	14.2	0.0613	1.0	111115
130	"10:50:11"	394.0	-3.71	0.314	492	9.83	3.36	6	1	2.84	39.47	38.45	39.56	499.96	498.76	24.488	33.989	34.61	48.04	599.9	-0	217	101.8	14.2	0.0613	1.0	111115
131	"10:50:12"	395.5	-3.7	0.314	492	9.83	3.36	6	1	2.84	39.46	38.44	39.56	500.00	498.80	24.488	33.982	34.62	48.04	600.0	-0	207	101.8	14.2	0.0613	1.0	111115
132	"10:50:13"	396.5	-3.72	0.314	492	9.82	3.36	6	1	2.84	39.46	38.44	39.56	500.01	498.84	24.488	33.974	34.62	48.03	600.0	-0	203	101.8	14.2	0.0613	1.0	111115
133	"10:50:14"	398.0	-3.8	0.313	493	9.8	3.36	6	1	2.84	39.46	38.44	39.55	499.94	498.85	24.488	33.958	34.63	48.02	600.1	-0	199	101.8	14.2	0.0613	1.0	111115
134	"10:50:16"	399.0	-3.76	0.313	493	9.79	3.36	6	1	2.84	39.46	38.44	39.55	499.95	498.82	24.489	33.948	34.64	48.01	600.1	-0	198	101.8	14.2	0.0613	1.0	111115
135	"10:50:17"	400.5	-3.76	0.313	493	9.78	3.36	6	1	2.84	39.45	38.42	39.54	499.95	498.84	24.486	33.938	34.64	48.01	600.0	-0	200	101.8	14.2	0.0613	1.0	111115
136	"10:50:18"	401.5	-3.78	0.313	493	9.78	3.35	6	1	2.84	39.45	38.42	39.54	499.94	498.85	24.485	33.929	34.64	48.01	600.0	-0	201	101.8	14.2	0.0613	1.0	111115
137	"10:50:19"	402.0	-3.84	0.313	493	9.78	3.35	6	1	2.84	39.45	38.41	39.54	499.92	498.88	24.484	33.929	34.65	48.01	600.0	-0	200	101.8	14.2	0.0613	1.0	111115
138	"10:50:20"	404.0	-4.01	0.313	494	9.78	3.35	6	1	2.84	39.44	38.41	39.53	499.80	498.93	24.477	33.924	34.65	48.02	600.0	-0	197	101.8	14.2	0.0613	1.0	111115
139	"10:50:22"	404.5	-4.03	0.313	494	9.78	3.35	6	1	2.84	39.44	38.40	39.53	499.78	498.93	24.475	33.920	34.65	48.02	600.0	-0	198	101.8	14.2	0.0613	1.0	111115
140	"10:50:23"	406.5	-4.1	0.314	495	9.78	3.35	6	1	2.84	39.43	38.39	39.53	499.74	498.96	24.467	33.919	34.65	48.03	600.0	-0	213	101.8	14.2	0.0613	1.0	111115
141	"10:50:24"	407.5	-4.27	0.315	496	9.8	3.34	6	1	2.84	39.43	38.39	39.52	499.65	499.03	24.466	33.929	34.65	48.05	600.0	-0	220	101.8	14.2	0.0613	1.0	111115
142	"10:50:25"	409.0	-4.24	0.315	495	9.8	3.34	6	1	2.84	39.42	38.38	39.52	499.67	499.02	24.466	33.932	34.66	48.07	600.0	-0	227	101.8	14.2	0.0613	1.0	111115
143	"10:50:27"	410.0	-4.18	0.315	495	9.8	3.34	6	1	2.84	39.42	38.38	39.52	499.68	498.98	24.465	33.927	34.67	48.08	600.1	-0	229	101.8	14.2	0.0613	1.0	111115
144	"10:50:28"	411.5	-3.89	0.314	494	9.76	3.34	6	1	2.84	39.41	38.37	39.51	499.82	498.84	24.463	33.894	34.67	48.04	600.0	-0	230	101.8	14.2	0.0613	1.0	111115
145	"10:50:29"	412.5	-3.88	0.313	493	9.75	3.34	6	1	2.84	39.41	38.37	39.51	499.80	498.82	24.460	33.877	34.68	48.03	600.0	-0	231	101.8	14.2	0.0613	1.0	111115
146	"10:50:30"	414.0	-3.83	0.313	493	9.73	3.34	6	1	2.84	39.41	38.36	39.50	499.84	498.82	24.459	33.857	34.69	48.01	600.0	-0	230	101.8	14.2	0.0613	1.0	111115
147	"10:50:32"	415.0	-3.84	0.312	493	9.72	3.34	6	1	2.84	39.40	38.36	39.50	499.82	498.80	24.461	33.849	34.69	48.01	600.0	-0	230	101.8	14.2	0.0613	1.0	111115
148	"10:50:33"	416.5	-3.79	0.312	493	9.71	3.34	6	1	2.84	39.40	38.36	39.49	499.83	498.78	24.464	33.846	34.71	48.02	600.0	-0	229	101.8	14.2	0.0613	1.0	111115
149	"10:50:34"	417.5	-3.84	0.312	493	9.71	3.34	6	1	2.84	39.39	38.36	39.49	499.80	498.80	24.465	33.842	34.72	48.02	600.0	-0	228	101.8	14.2	0.0613	1.0	111115
150	"10:50:35"	419.0	-3.91	0.312	494	9.71	3.34	6	1	2.84	39.39	38.35	39.48	499.76	498.83	24.464	33.847	34.72	48.04	600.0	-0	227	101.8	14.2	0.0613	1.0	111115
151	"10:50:37"	420.0	-4	0.312	494	9.71	3.34	6	1	2.84	39.39	38.35	39.48	499.71	498.87	24.464	33.847	34.73	48.05	600.0	-0	227	101.8	14.2	0.0613	1.0	111115
152	"10:50:38"	421.5	-4.04	0.312	495	9.71	3.34	6	1	2.84	39.38	38.36	39.47	499.71	498.91	24.463	33.843	34.74	48.06	600.0	0	226	101.8	14.2	0.0613	1.0	111115
153	"10:50:39"	422.5	-4.02	0.312	494	9.7	3.34	6	1	2.84	39.38	38.36	39.47	499.75	498.92	24.462	33.837	34.74	48.06	600.0	-0	226	101.8	14.2	0.0613	1.0	111115
154	"10:50:40"	424.0	-3.76	0.312	493	9.7	3.34	6	1	2.84	39.37	38.35	39.47	499.87	498.79	24.462	33.836	34.75	48.07	600.1	-0	226	101.8	14.2	0.0613	1.0	111115
155	"10:50:42"	425.0	-3.7	0.312	493	9.7	3.34	6	1	2.84	39.37	38.35	39.46	499.91	498.77	24.460	33.833	34.76	48.07	600.0	-0	226	101.8	14.2	0.0613	1.0	111115
156	"10:50:43"	426.5	-3.76	0.312	493	9.7	3.34	6	1	2.84	39.36	38.34	39.46	499.88	498.81	24.456	33.827	34.76	48.08	600.0	0	226	101.8	14.2	0.0613	1.0	111115
157	"10:50:44"	427.5	-3.75	0.312	493	9.7	3.34	6	1	2.84	39.36	38.34	39.46	499.89	498.81	24.454	33.824	34.76	48.08	600.0	0	226	101.8	14.2	0.0613	1.0	111115
158	"10:50:45"	429.0	-3.86	0.312	493	9.69	3.34	6	1	2.84	39.36	38.34	39.45	499.82	498.85	24.453	33.815	34.77	48.08	600.0	0	226	101.8	14.2	0.0613	1.0	111115
159	"10:50:47"	430.0	-3.79	0.312	493	9.69	3.34	6	1	2.84	39.35	38.34	39.45	499.86	498.81	24.454	33.814	34.78	48.09	600.0	0	227	101.8	14.2	0.0613	1.0	111115
160	"10:50:48"	431.5	-3.88	0.312	494	9.68	3.33	6	1	2.84	39.35	38.33	39.44	499.82	498.87	24.451	33.806	34.78	48.09	600.0	-0	227	101.8	14.2	0.0613	1.0	111115
161	"10:50:49"	432.5	-3.89	0.312	494	9.68	3.33	6	1	2.84	39.35	38.33	39.44	499.82	498.88	24.449	33.806	34.78	48.09	600.0	0	227	101.8	14.2	0.0613	1.0	111115
162	"10:50:50"	434.0	-3.98	0.312	494	9.68	3.33	6	1	2.84	39.34	38.33	39.44	499.73	498.89	24.445	33.798	34.79	48.09	600.0	-0	228	101.8	14.2	0.0613	1.0	111115
163	"10:50:52"	435.0	-3.91	0.312	494	9.68	3.33	6	1	2.84	39.34	38.33	39.43	499.78	498.86	24.445	33.798	34.79	48.10	600.0	-0	229	101.8	14.2	0.0613	1.0	111115
164	"10:50:53"	436.5	-3.86	0.312	494	9.68	3.33	6	1	2.84	39.34	38.33	39.43	499.79	498.82	24.444	33.795	34.80	48.11	600.1	-0	231	101.8	14.2	0.0613	1.0	111115
165	"10:50:54"	437.0	-3.75	0.312	493	9.68	3.33	6	1	2.84	39.34	38.32	39.43	499.83	498.76	24.445	33.792	34.80	48.10	600.1	-0	232	101.8	14.2	0.0613	1.0	111115
166	"10:50:55"	438.5	-3.83	0.312	493	9.68	3.33	6	1	2.84	39.33	38.32	39.42	499.80	498.80	24.441	33.789	34.80	48.11	600.1	-0	234	101.8	14.2	0.0613	1.0	111115
167	"10:50:56"	440.0	-3.89	0.312	494	9.67	3.33	6	1	2.84	39.33	38.32	39.42	499.77	498.83	24.441	33.783	34.81	48.11	600.1	0	237	101.8	14.2	0.0613	1.0	111115
168	"10:50:58"	441.0	-3.98	0.312	494	9.67	3.33	6	1	2.84	39.32	38.31	39.42	499.76	498.92	24.439	33.780	34.81	48.11	600.1	-0	239	101.8	14.2	0.0613	1.0	111115
169	"10:50:59"	442.5	-3.87	0.312	494	9.66	3.33	6	1	2.84	39.32	38.30	39.41	499.83	498.88	24.438	33.769	34.82	48.11	600.1	0	242	101.8	14.2	0.0613	1.0	111115
170	"10:51:00"	443.5	-3.9	0.312	494	9.66	3.33	6	1	2.84	39.32	38.30	39.41	499.79	498.87	24.434	33.767	34.82	48.11	600.0	0	245	101.8	14.2	0.0613	1.0	111115
171	"10:51:01"	445.0	-3.89	0.312	494	9.65	3.33	6	1	2.84	39.31	38.30	39.40	499.77	498.84	24.431	33.759	34.82	48.11	600.0	-0	251	101.8	14.2	0.0613	1.0	111115
172	"10:51:03"	446.0	-3.94	0.312	494	9.65	3.33	6	1	2.84	39.31	38.29	39.40	499.76	498.88	24.430	33.758	34.82	48.12	600.0	-0	256	101.8	14.2	0.0613	1.0	111115
173	"10:51:04"	447.5	-3.96	0.311	494	9.64	3.33	6	1	2.84	39.31	38.29	39.40	499.75	498.90	24.430	33.749	34.83	48.12	600.0	-0	266	101.8	14.2	0.0613	1.0	111115
174	"10:51:05"	448.5	-4	0.311	494	9.64	3.33	6	1	2.84	39.30	38.29	39.39	499.71	498.90	24.428	33.745	34.83	48.12	600.0	-0	274	101.8	14.2	0.0613	1.0	111115
175	"10:51:06"	450.0	-4.04	0.312	495	9.65	3.32	6	1	2.84	39.30	38.29	39.39	499.68	498.91	24.424	33.744	34.84	48.13	600.0	-0	292	101.8	14.2	0.0613	1.0	111115
176	"10:51:08"	451.0	-4.05	0.311	495	9.64	3.32	6	1	2.84	39.30	38.28	39.39	499.69	498.93	24.422	33.740	34.84	48.13	600.0	-0	313	101.8	14.2	0.0613	1.0	111115
177	"10:51:09"	452.5	-4.11	0.311	495	9.64	3.32	6	1	2.84	39.29	38.28	39.38	499.68	498.99	24.419	33.732	34.84	48.13	600.0	-0	407	101.8	14.2	0.0613	1.0	111115
178	"10:51:10"	453.5	-4.15	0.311	495	9.64	3.32	6	1	2.84	39.29	38.28	39.38	499.69	499.04	24.418	33.729	34.84	48.13	600.0	-0	525	101.8	14.2	0.0613	1.0	111115
179	"10:51:11"	455.0	-4.15	0.311	495	9.64	3.32	6	1	2.84	39.29	38.28	39.38	499.66	499.00	24.417	33.727	34.85	48.14	600.0	-0	718	101.8	14.2	0.0613	1.0	111115
180	"10:51:13"	456.0	-4.09	0.311	495	9.64	3.32	6	1	2.84	39.28	38.28	39.37	499.64	498.93	24.416	33.728	34.85	48.15	600.0	-0	818	101.8	14.2	0.0613	1.0	111115
181	"10:51:14"	457.5	-4.11	0.311	495	9.64	3.32	6	1	2.84	39.28	38.28	39.37	499.60	498.90	24.414	33.731	34.86	48.16	600.0	-0	960	101.8	14.2	0.0613	1.0	111115
182	"10:51:15"	458.5	-3.98	0.311	494	9.64	3.32	6	1	2.84	39.28	38.28	39.37	499.68	498.86	24.413	33.730	34.86	48.17	600.0	-0	1095	101.8	14.2	0.0613	1.0	111115
183	"10:51:16"	460.0	-3.84	0.312	494	9.65	3.32	6	1	2.84	39.27	38.28	39.36	499.86	498.89	24.413	33.735	34.87	48.18	600.0	-0	1203	101.8	14.2	0.0613	1.0	111115
184	"10:51:18"	461.0	-3.66	0.312	492	9.65	3.32	6	1	2.84	39.27	38.28	39.36	499.96	498.80	24.415	33.740	34.88	48.20	600.0	-0	1190	101.8	14.2	0.0613	1.0	111115
185	"10:51:19"	462.5	-3.78	0.313	493	9.67	3.32	6	1	2.84	39.27	38.27	39.36	499.88	498.83	24.413	33.753	34.88	48.22	599.9	-0	993	101.8	14.2	0.0613	1.0	111115
186	"10:51:20"	463.5	-3.76	0.313	493	9.68	3.32	6	1	2.84	39.27	38.27	39.35	499.89	498.81	24.412	33.763	34.88	48.24	600.0	-0	883	101.8	14.2	0.0613	1.0	111115
187	"10:51:21"	465.0	-3.95	0.314	494	9.69	3.31	6	1	2.84	39.26	38.27	39.35	499.82	498.94	24.410	33.773	34.88	48.26	600.0	-0	844	101.8	14.2	0.0613	1.0	111115
188	"10:51:23"	466.0	-3.97	0.314	494	9.69	3.31	6	1	2.84	39.26	38.27	39.35	499.86	499.00	24.410	33.777	34.89	48.27	600.0	-0	910	101.8	14.2	0.0613	1.0	111115
189	"10:51:24"	467.5	-4.06	0.314	495	9.69	3.31	6	1	2.84	39.26	38.27	39.34	499.81	499.03	24.412	33.778	34.89	48.28	600.1	-0	1129	101.8	14.2	0.0613	1.0	111115
190	"10:51:25"	468.5	-3.98	0.314	494	9.7	3.31	6	1	2.84	39.26	38.27	39.34	499.85	498.99	24.414	33.784	34.90	48.29	600.1	-0	1263	101.8	14.2	0.0613	1.0	111115
191	"10:51:26"	470.0	-3.97	0.315	494	9.71	3.32	6	1	2.84	39.25	38.28	39.34	499.85	498.97	24.415	33.798	34.91	48.32	600.0	-0	1378	101.8	14.2	0.0613	1.0	111115
192	"10:51:28"	471.0	-3.97	0.315	494	9.72	3.32	6	1	2.84	39.25	38.28	39.34	499.83	498.94	24.414	33.808	34.91	48.34	600.0	-0	1385	101.8	14.2	0.0613	1.0	111115
193	"10:51:29"	472.5	-4.03	0.316	494	9.74	3.31	6	1	2.84	39.25	38.28	39.34	499.79	498.96	24.414	33.826	34.91	48.37	600.0	-0	1377	101.8	14.2	0.0613	1.0	111115
194	"10:51:30"	473.5	-3.92	0.316	494	9.75	3.31	6	1	2.84	39.25	38.28	39.33	499.84	498.89	24.414	33.837	34.91	48.39	600.0	-0	1391	101.8	14.2	0.0613	1.0	111115
195	"10:51:31"	475.0	-3.99	0.317	494	9.77	3.31	6	1	2.84	39.25	38.28	39.33	499.83	498.94	24.416	33.854	34.92	48.42	600.0	-0	1418	101.8	14.2	0.0613	1.0	111115
196	"10:51:33"	476.0	-3.96	0.318	494	9.78	3.31	6	1	2.84	39.25	38.28	39.33	499.85	498.93	24.416	33.866	34.92	48.44	600.0	-0	1433	101.8	14.2	0.0613	1.0	111115
197	"10:51:34"	477.5	-3.98	0.319	494	9.8	3.31	6	1	2.84	39.24	38.29	39.33	499.83	498.92	24.417	33.890	34.93	48.48	600.0	-0	1431	101.8	14.2	0.0613	1.0	111115
198	"10:51:35"	478.5	-3.96	0.319	494	9.82	3.31	6	1	2.84	39.24	38.29	39.32	499.81	498.88	24.416	33.903	34.93	48.50	599.9	-0	1423	101.8	14.2	0.0613	1.0	111115
199	"10:51:36"	480.0	-3.84	0.32	493	9.84	3.31	6	1	2.84	39.24	38.30	39.32	499.85	498.79	24.417	33.920	34.93	48.52	600.0	-0	1384	101.8	14.2	0.0613	1.0	111115
200	"10:51:38"	481.0	-3.83	0.32	493	9.85	3.31	6	1	2.84	39.24	38.30	39.32	499.86	498.78	24.417	33.930	34.93	48.54	600.1	-0	1359	101.8	14.2	0.0613	1.0	111115
201	"10:51:39"	482.5	-3.78	0.321	493	9.87	3.31	6	1	2.84	39.24	38.29	39.32	499.93	498.79	24.419	33.948	34.94	48.57	600.2	-0	1355	101.8	14.2	0.0613	1.0	111115
202	"10:51:40"	483.0	-3.82	0.322	493	9.87	3.31	6	1	2.84	39.24	38.30	39.32	499.93	498.83	24.419	33.955	34.94	48.58	600.2	-0	1359	101.8	14.2	0.0613	1.0	111115
203	"10:51:41"	484.5	-3.94	0.322	494	9.89	3.31	6	1	2.84	39.24	38.30	39.32	499.91	498.92	24.422	33.974	34.94	48.61	600.1	-0	1395	101.8	14.2	0.0613	1.0	111115
204	"10:51:42"	486.0	-3.89	0.322	493	9.9	3.31	6	1	2.84	39.24	38.31	39.32	499.93	498.89	24.423	33.987	34.94	48.63	600.0	-0	1386	101.8	14.2	0.0613	1.0	111115
205	"10:51:44"	487.0	-3.9	0.323	493	9.92	3.31	6	1	2.84	39.24	38.31	39.32	499.95	498.91	24.423	34.002	34.94	48.65	600.0	-0	1382	101.8	14.2	0.0613	1.0	111115
206	"10:51:45"	488.5	-4.03	0.324	494	9.94	3.31	6	1	2.84	39.24	38.31	39.31	499.88	498.95	24.424	34.024	34.94	48.68	600.0	-0	1382	101.8	14.2	0.0613	1.0	111115
207	"10:51:46"	489.5	-4.05	0.324	494	9.95	3.31	6	1	2.84	39.24	38.31	39.31	499.87	498.95	24.424	34.036	34.95	48.70	600.0	-0	1391	101.8	14.2	0.0613	1.0	111115
208	"10:51:47"	491.0	-4.05	0.325	494	9.97	3.3	6	1	2.84	39.24	38.32	39.31	499.86	498.93	24.425	34.059	34.95	48.73	600.0	-0	1401	101.8	14.2	0.0613	1.0	111115
209	"10:51:49"	492.0	-3.99	0.326	494	9.99	3.3	6	1	2.84	39.24	38.32	39.31	499.90	498.90	24.423	34.075	34.94	48.75	600.0	-0	1401	101.8	14.2	0.0613	1.0	111115
210	"10:51:50"	493.5	-3.88	0.327	493	10	3.3	6	1	2.84	39.24	38.32	39.31	499.94	498.83	24.422	34.097	34.94	48.79	599.9	-0	1399	101.8	14.2	0.0613	1.0	111115
211	"10:51:51"	494.5	-3.88	0.328	493	10	3.3	6	1	2.84	39.24	38.32	39.31	499.97	498.84	24.421	34.103	34.94	48.79	600.0	-0	1390	101.8	14.2	0.0613	1.0	111115
212	"10:51:52"	496.0	-3.77	0.328	492	10	3.3	6	1	2.84	39.24	38.32	39.31	500.01	498.77	24.422	34.116	34.94	48.81	600.0	-0	1345	101.8	14.2	0.0613	1.0	111115
213	"10:51:54"	497.0	-3.81	0.328	493	10	3.3	6	1	2.84	39.24	38.33	39.31	500.03	498.84	24.422	34.121	34.94	48.81	600.0	-0	1330	101.8	14.2	0.0613	1.0	111115
214	"10:51:55"	498.5	-3.89	0.329	493	10.1	3.3	6	1	2.84	39.24	38.33	39.31	500.01	498.88	24.425	34.136	34.94	48.83	600.0	-0	1337	101.8	14.2	0.0613	1.0	111115
215	"10:51:56"	499.5	-4.01	0.329	494	10.1	3.3	6	1	2.84	39.24	38.34	39.31	499.96	498.95	24.426	34.144	34.94	48.85	600.0	-0	1365	101.8	14.2	0.0613	1.0	111115
216	"10:51:57"	500.0	-3.98	0.329	494	10.1	3.3	6	1	2.84	39.24	38.34	39.31	499.99	498.95	24.426	34.144	34.94	48.85	600.0	-0	1379	101.8	14.2	0.0613	1.0	111115
217	"10:51:58"	502.0	-3.92	0.331	493	10.1	3.3	6	1	2.84	39.24	38.33	39.31	500.02	498.91	24.426	34.174	34.94	48.88	600.1	-0	1401	101.8	14.2	0.0613	1.0	111115
218	"10:52:00"	503.0	-3.93	0.331	493	10.1	3.3	6	1	2.84	39.24	38.33	39.31	499.99	498.88	24.426	34.182	34.94	48.90	600.1	-0	1403	101.8	14.2	0.0613	1.0	111115
219	"10:52:01"	504.5	-3.89	0.332	493	10.1	3.29	6	1	2.84	39.24	38.33	39.31	499.97	498.81	24.427	34.204	34.94	48.93	600.1	-0	1404	101.8	14.2	0.0613	1.0	111115
220	"10:52:02"	505.5	-3.92	0.333	493	10.1	3.29	6	1	2.84	39.24	38.33	39.31	499.92	498.79	24.427	34.222	34.94	48.95	600.1	-0	1399	101.8	14.2	0.0613	1.0	111115
221	"10:52:03"	507.0	-4.03	0.334	493	10.2	3.29	6	1	2.84	39.24	38.33	39.31	499.90	498.85	24.428	34.241	34.94	48.98	600.0	-0	1261	101.8	14.2	0.0613	1.0	111115
222	"10:52:05"	508.0	-4.01	0.334	493	10.2	3.29	6	1	2.84	39.24	38.34	39.31	499.92	498.86	24.429	34.252	34.95	49.00	600.0	-0	1245	101.8	14.2	0.0613	1.0	111115
223	"10:52:06"	509.5	-3.96	0.334	493	10.2	3.29	6	1	2.84	39.24	38.34	39.30	499.98	498.86	24.428	34.259	34.94	49.01	600.0	-0	1235	101.8	14.2	0.0613	1.0	111115
224	"10:52:07"	510.5	-3.85	0.335	492	10.2	3.29	6	1	2.84	39.24	38.34	39.30	500.01	498.78	24.429	34.268	34.94	49.02	600.0	-0	1358	101.8	14.2	0.0613	1.0	111115
225	"10:52:08"	512.0	-3.89	0.335	493	10.2	3.29	6	1	2.84	39.24	38.34	39.30	500.02	498.81	24.429	34.279	34.94	49.03	600.0	-0	1375	101.8	14.2	0.0613	1.0	111115
226	"10:52:10"	513.0	-3.89	0.335	493	10.2	3.29	6	1	2.84	39.24	38.34	39.30	500.02	498.81	24.429	34.282	34.95	49.04	600.0	-0	1383	101.8	14.2	0.0613	1.0	111115
227	"10:52:11"	514.5	-3.78	0.336	492	10.2	3.29	6	1	2.84	39.24	38.34	39.30	500.10	498.79	24.429	34.290	34.94	49.05	600.0	-0	1391	101.8	14.2	0.0613	1.0	111115
228	"10:52:12"	515.5	-3.7	0.336	492	10.2	3.29	6	1	2.84	39.24	38.35	39.30	500.15	498.75	24.429	34.291	34.95	49.05	600.0	-0	1393	101.8	14.2	0.0613	1.0	111115
229	"10:52:13"	517.0	-3.65	0.336	491	10.2	3.29	6	1	2.84	39.24	38.35	39.30	500.18	498.74	24.429	34.296	34.94	49.06	599.9	-0	1392	101.8	14.2	0.0613	1.0	111115
230	"10:52:15"	518.0	-3.7	0.336	492	10.2	3.29	6	1	2.84	39.24	38.35	39.30	500.14	498.74	24.430	34.300	34.95	49.06	600.0	-0	1391	101.8	14.2	0.0613	1.0	111115
231	"10:52:16"	519.5	-3.76	0.336	492	10.2	3.29	6	1	2.84	39.24	38.36	39.30	500.07	498.73	24.429	34.306	34.94	49.07	600.0	-0	1390	101.8	14.2	0.0613	1.0	111115
232	"10:52:17"	520.5	-3.81	0.336	492	10.2	3.29	6	1	2.84	39.24	38.36	39.30	500.02	498.73	24.429	34.314	34.94	49.08	600.0	-0	1389	101.8	14.2	0.0613	1.0	111115
233	"10:52:18"	522.0	-3.84	0.336	492	10.2	3.29	6	1	2.84	39.25	38.36	39.30	500.03	498.76	24.432	34.324	34.95	49.10	600.0	-0	1388	101.8	14.2	0.0613	1.0	111115
234	"10:52:20"	523.0	-3.79	0.337	492	10.2	3.29	6	1	2.84	39.25	38.36	39.30	500.06	498.74	24.435	34.333	34.95	49.11	600.0	-0	1388	101.8	14.2	0.0613	1.0	111115
235	"10:52:21"	524.5	-3.77	0.337	492	10.3	3.29	6	1	2.84	39.25	38.36	39.30	500.08	498.73	24.435	34.345	34.95	49.12	600.0	-0	1387	101.8	14.2	0.0613	1.0	111115
236	"10:52:22"	525.5	-3.71	0.337	492	10.3	3.29	6	1	2.84	39.25	38.37	39.30	500.11	498.70	24.434	34.352	34.95	49.13	600.0	-0	1387	101.8	14.2	0.0613	1.0	111115
237	"10:52:23"	527.0	-3.68	0.338	491	10.3	3.29	6	1	2.84	39.25	38.37	39.30	500.12	498.68	24.434	34.355	34.95	49.14	600.0	-0	1386	101.8	14.2	0.0613	1.0	111115
238	"10:52:25"	528.0	-3.65	0.338	491	10.3	3.29	6	1	2.84	39.25	38.37	39.30	500.13	498.65	24.435	34.365	34.95	49.15	600.0	-0	1385	101.8	14.2	0.0613	1.0	111115
239	"10:52:26"	529.5	-3.82	0.338	492	10.3	3.29	6	1	2.84	39.25	38.38	39.30	500.04	498.72	24.436	34.380	34.95	49.17	600.0	-0	1385	101.8	14.2	0.0613	1.0	111115
240	"10:52:27"	530.5	-3.81	0.339	492	10.3	3.29	6	1	2.84	39.25	38.38	39.30	500.01	498.68	24.435	34.391	34.95	49.18	600.0	-0	1385	101.8	14.2	0.0613	1.0	111115
241	"10:52:28"	532.0	-3.89	0.339	492	10.3	3.29	6	1	2.84	39.25	38.38	39.30	499.98	498.73	24.435	34.394	34.94	49.19	600.0	-0	1385	101.8	14.2	0.0613	1.0	111115
242	"10:52:30"	533.0	-3.96	0.339	493	10.3	3.29	6	1	2.84	39.25	38.38	39.30	499.97	498.78	24.436	34.398	34.94	49.19	600.1	-0	1386	101.8	14.2	0.0613	1.0	111115
243	"10:52:31"	534.5	-3.92	0.339	493	10.3	3.29	6	1	2.84	39.25	38.38	39.30	499.98	498.74	24.437	34.403	34.94	49.19	600.1	-0	1386	101.8	14.2	0.0613	1.0	111115
