"OPEN 5.3.2"
"Fri Aug  3 2018 08:55:58"
"Unit="	"PSC-895"
"ComputeList="	"/User/Configs/Comps/Default"
"BLCTable="	"/Sys/Lib/StdBLCTable"
"LightSource="	"Sun+Sky"	1	0.19
"LogFormat="	"/User/Configs/LogFormats/Std Output"
"LogCodes="	-35	-21	-36	30	23	36	21	25	-33	-34	-32	-9	-10	-8	-1	-2	-4	-5	-14	-15	-7	-12	-13	-11	-65	-66	-72	-23
"PromptList="	"/User/Configs/Prompts/Default (none)"
"Stability= (CO2S 15s SLP<1)(H2OS 15s SLP<1)(Flow 15s SLP<1)"
"08:56:02 co2 500 flow 600. note; fineroots-15 is firhiz-19 is fineroots19"
$STARTOFDATA$
"Obs"	"HHMMSS"	"FTime"	"Photo"	"Cond"	"Ci"	"Trmmol"	"VpdL"	"Area"	"StmRat"	"BLCond"	"Tair"	"Tleaf"	"TBlk"	"CO2R"	"CO2S"	"H2OR"	"H2OS"	"RH_R"	"RH_S"	"Flow"	"PARi"	"PARo"	"Press"	"CsMch"	"HsMch"	"StableF"	"Status"
1	"08:58:46"	267.0	-3.81	1.05	478	23	2.95	6	1	2.84	34.06	33.69	33.99	500.38	492.88	0.225	22.657	0.43	43.04	600.0	-0	217	101.8	6.62	-0.000349	1.0	111115
2	"08:59:44"	325.0	-3.58	0.965	478	22.1	3.01	6	1	2.84	34.05	33.66	33.99	500.25	492.92	0.249	21.898	0.47	41.62	600.0	-0	118	101.8	6.62	-0.000349	0.7	111115
3	"08:59:45"	326.0	-3.56	0.965	478	22.1	3.01	6	1	2.84	34.05	33.66	33.99	500.32	492.97	0.249	21.887	0.47	41.60	600.0	-0	134	101.8	6.62	-0.000349	0.3	111115
4	"08:59:46"	327.5	-3.44	0.963	477	22.1	3.01	6	1	2.84	34.05	33.66	33.99	500.39	492.93	0.249	21.877	0.47	41.58	600.0	-0	166	101.8	6.62	-0.000349	1.0	111115
5	"08:59:47"	328.5	-3.46	0.962	477	22.1	3.02	6	1	2.84	34.05	33.66	33.99	500.42	492.98	0.250	21.868	0.47	41.56	600.0	-0	188	101.8	6.62	-0.000349	1.0	111115
6	"08:59:49"	330.0	-3.44	0.96	477	22.1	3.02	6	1	2.84	34.05	33.66	33.99	500.42	492.97	0.249	21.850	0.47	41.53	600.0	-0	213	101.8	6.62	-0.000349	1.0	111115
7	"08:59:50"	331.0	-3.5	0.959	477	22.1	3.02	6	1	2.84	34.05	33.66	33.99	500.36	492.98	0.249	21.838	0.47	41.50	600.0	-0	211	101.8	6.62	-0.000349	1.0	111115
8	"08:59:51"	332.5	-3.54	0.958	478	22.1	3.02	6	1	2.84	34.05	33.66	33.99	500.31	492.98	0.248	21.821	0.47	41.47	600.0	-0	201	101.8	6.62	-0.000349	1.0	111115
9	"08:59:52"	333.5	-3.57	0.957	478	22	3.02	6	1	2.84	34.05	33.66	33.99	500.29	493.00	0.248	21.811	0.47	41.45	600.0	-0	178	101.8	6.62	-0.000349	1.0	111115
10	"08:59:54"	335.0	-3.62	0.955	478	22	3.02	6	1	2.84	34.05	33.66	33.99	500.27	493.03	0.248	21.791	0.47	41.41	600.0	-0	159	101.8	6.62	-0.000349	1.0	111115
11	"08:59:55"	336.0	-3.65	0.953	478	22	3.03	6	1	2.84	34.05	33.66	33.99	500.26	493.06	0.248	21.780	0.47	41.39	600.0	-0	160	101.8	6.62	-0.000349	1.0	111115
12	"08:59:56"	337.5	-3.64	0.951	478	22	3.03	6	1	2.84	34.05	33.66	33.99	500.28	493.08	0.248	21.761	0.47	41.36	600.0	-0	187	101.8	6.62	-0.000349	1.0	111115
13	"08:59:57"	338.5	-3.61	0.95	478	22	3.03	6	1	2.84	34.05	33.66	33.99	500.32	493.09	0.248	21.751	0.47	41.34	600.0	-0	212	101.8	6.62	-0.000349	1.0	111115
14	"08:59:59"	340.0	-3.58	0.949	478	22	3.03	6	1	2.84	34.05	33.66	33.99	500.35	493.10	0.249	21.733	0.47	41.30	600.0	-0	216	101.8	6.62	-0.000349	1.0	111115
15	"09:00:00"	341.0	-3.61	0.948	478	22	3.03	6	1	2.84	34.05	33.66	33.99	500.34	493.13	0.249	21.724	0.47	41.29	600.0	-0	218	101.8	6.62	-0.000349	1.0	111115
16	"09:00:01"	342.5	-3.56	0.946	478	21.9	3.03	6	1	2.84	34.05	33.66	33.99	500.42	493.15	0.250	21.710	0.47	41.26	600.0	-0	222	101.8	6.62	-0.000349	1.0	111115
17	"09:00:02"	343.5	-3.48	0.946	478	21.9	3.03	6	1	2.84	34.05	33.66	33.99	500.47	493.13	0.250	21.703	0.47	41.25	600.0	-0	223	101.8	6.62	-0.000349	1.0	111115
18	"09:00:04"	345.0	-3.49	0.944	478	21.9	3.03	6	1	2.84	34.05	33.66	33.99	500.45	493.13	0.249	21.688	0.47	41.22	600.0	-0	225	101.8	6.62	-0.000349	1.0	111115
19	"09:00:05"	346.0	-3.58	0.943	478	21.9	3.04	6	1	2.84	34.05	33.66	33.99	500.39	493.17	0.249	21.676	0.47	41.19	600.0	-0	227	101.8	6.62	-0.000349	1.0	111115
20	"09:00:06"	347.5	-3.63	0.941	478	21.9	3.04	6	1	2.84	34.05	33.66	33.99	500.35	493.19	0.249	21.658	0.47	41.16	600.0	-0	231	101.8	6.62	-0.000349	1.0	111115
21	"09:00:07"	348.5	-3.62	0.94	478	21.9	3.04	6	1	2.84	34.05	33.66	33.99	500.36	493.19	0.249	21.647	0.47	41.14	600.0	-0	236	101.8	6.62	-0.000349	1.0	111115
22	"09:00:09"	350.0	-3.52	0.938	478	21.9	3.04	6	1	2.84	34.05	33.66	33.99	500.43	493.17	0.250	21.633	0.48	41.11	600.0	-0	243	101.8	6.62	-0.000349	1.0	111115
23	"09:00:10"	351.0	-3.51	0.937	478	21.8	3.04	6	1	2.84	34.05	33.66	33.99	500.41	493.14	0.250	21.624	0.48	41.09	600.0	-0	251	101.8	6.62	-0.000349	1.0	111115
24	"09:00:11"	352.5	-3.54	0.936	478	21.8	3.04	6	1	2.84	34.05	33.66	33.99	500.36	493.14	0.250	21.611	0.48	41.07	600.0	-0	273	101.8	6.62	-0.000349	1.0	111115
25	"09:00:12"	353.5	-3.56	0.936	478	21.8	3.04	6	1	2.84	34.05	33.66	33.99	500.33	493.13	0.251	21.603	0.48	41.05	600.0	-0	300	101.8	6.62	-0.000349	1.0	111115
26	"09:00:14"	355.0	-3.61	0.934	478	21.8	3.04	6	1	2.84	34.05	33.66	33.99	500.27	493.12	0.252	21.585	0.48	41.02	600.0	-0	360	101.8	6.62	-0.000349	1.0	111115
27	"09:00:15"	356.0	-3.64	0.933	478	21.8	3.04	6	1	2.84	34.05	33.65	33.99	500.26	493.16	0.252	21.577	0.48	41.00	600.0	-0	411	101.8	6.62	-0.000349	1.0	111115
28	"09:00:16"	357.5	-3.58	0.932	478	21.8	3.04	6	1	2.84	34.05	33.65	33.99	500.27	493.11	0.252	21.566	0.48	40.98	600.0	-0	493	101.8	6.62	-0.000349	1.0	111115
29	"09:00:17"	358.5	-3.55	0.932	478	21.8	3.05	6	1	2.84	34.05	33.65	33.99	500.32	493.13	0.252	21.560	0.48	40.97	600.0	-0	533	101.8	6.62	-0.000349	1.0	111115
30	"09:00:19"	360.0	-3.6	0.93	478	21.8	3.05	6	1	2.84	34.05	33.65	33.99	500.30	493.17	0.252	21.546	0.48	40.94	600.0	-0	539	101.8	6.62	-0.000349	1.0	111115
31	"09:00:20"	361.0	-3.59	0.93	478	21.8	3.05	6	1	2.84	34.05	33.65	33.99	500.31	493.17	0.253	21.538	0.48	40.93	600.0	-0	516	101.8	6.62	-0.000349	1.0	111115
32	"09:00:21"	362.5	-3.58	0.929	478	21.7	3.05	6	1	2.84	34.05	33.65	33.99	500.30	493.16	0.253	21.530	0.48	40.91	600.0	-0	459	101.8	6.62	-0.000349	1.0	111115
33	"09:00:22"	363.5	-3.58	0.929	478	21.7	3.05	6	1	2.84	34.05	33.65	33.99	500.30	493.16	0.253	21.527	0.48	40.91	600.0	-0	428	101.8	6.62	-0.000349	1.0	111115
34	"09:00:24"	365.0	-3.6	0.928	478	21.7	3.05	6	1	2.84	34.05	33.65	33.99	500.28	493.16	0.253	21.520	0.48	40.89	600.0	-0	395	101.8	6.62	-0.000349	1.0	111115
35	"09:00:25"	366.0	-3.58	0.927	478	21.7	3.05	6	1	2.84	34.05	33.65	33.99	500.30	493.16	0.252	21.515	0.48	40.88	600.0	-0	365	101.8	6.62	-0.000349	1.0	111115
36	"09:00:26"	367.5	-3.51	0.926	478	21.7	3.05	6	1	2.84	34.05	33.65	33.99	500.34	493.15	0.253	21.505	0.48	40.86	600.0	-0	334	101.8	6.62	-0.000349	1.0	111115
37	"09:00:27"	368.5	-3.45	0.926	477	21.7	3.05	6	1	2.84	34.05	33.65	33.99	500.40	493.15	0.254	21.500	0.48	40.85	600.0	-0	320	101.8	6.62	-0.000349	1.0	111115
38	"09:00:29"	370.0	-3.6	0.925	478	21.7	3.05	6	1	2.84	34.05	33.65	33.99	500.33	493.22	0.254	21.489	0.48	40.83	600.0	-0	286	101.8	6.62	-0.000349	1.0	111115
39	"09:00:30"	371.0	-3.65	0.924	478	21.7	3.05	6	1	2.84	34.05	33.65	33.99	500.32	493.26	0.255	21.485	0.48	40.82	600.0	-0	242	101.8	6.62	-0.000349	1.0	111115
40	"09:00:31"	372.5	-3.81	0.927	478	21.7	3.05	6	1	2.84	34.05	33.65	33.99	500.24	493.34	0.255	21.508	0.48	40.87	600.0	-0	185	101.8	6.62	-0.000349	1.0	111115
41	"09:00:32"	373.5	-3.68	0.927	478	21.7	3.05	6	1	2.84	34.05	33.65	33.99	500.31	493.28	0.256	21.512	0.49	40.87	600.0	-0	190	101.8	6.62	-0.000349	1.0	111115
42	"09:00:34"	375.0	-3.73	0.927	478	21.7	3.05	6	1	2.84	34.05	33.65	33.99	500.27	493.27	0.256	21.518	0.49	40.89	600.0	-0	241	101.8	6.62	-0.000349	1.0	111115
43	"09:00:35"	376.0	-3.62	0.927	478	21.7	3.05	6	1	2.84	34.05	33.65	33.99	500.32	493.22	0.257	21.516	0.49	40.88	600.0	-0	267	101.8	6.62	-0.000349	1.0	111115
44	"09:00:36"	377.5	-3.64	0.931	478	21.8	3.05	6	1	2.84	34.05	33.65	33.99	500.27	493.17	0.258	21.557	0.49	40.96	600.0	-0	281	101.8	6.62	-0.000349	1.0	111115
45	"09:00:37"	378.5	-3.68	0.936	478	21.8	3.04	6	1	2.84	34.05	33.65	33.99	500.28	493.20	0.257	21.602	0.49	41.05	600.0	-0	277	101.8	6.62	-0.000349	1.0	111115
46	"09:00:39"	380.0	-3.7	0.942	478	21.9	3.04	6	1	2.84	34.05	33.66	33.99	500.25	493.16	0.257	21.670	0.49	41.17	599.9	-0	273	101.8	6.62	-0.000349	1.0	111115
47	"09:00:40"	381.0	-3.81	0.946	478	21.9	3.03	6	1	2.84	34.06	33.66	33.99	500.22	493.21	0.256	21.713	0.49	41.25	600.0	-0	271	101.8	6.62	-0.000349	1.0	111115
48	"09:00:41"	382.5	-3.76	0.952	478	22	3.03	6	1	2.84	34.06	33.66	33.99	500.23	493.15	0.257	21.767	0.49	41.35	599.9	-0	269	101.8	6.62	-0.000349	1.0	111115
49	"09:00:42"	383.5	-3.74	0.955	478	22	3.02	6	1	2.84	34.06	33.66	33.99	500.26	493.14	0.258	21.802	0.49	41.42	599.9	-0	267	101.8	6.62	-0.000349	1.0	111115
50	"09:00:44"	385.0	-3.71	0.959	478	22.1	3.02	6	1	2.84	34.06	33.66	33.99	500.29	493.12	0.259	21.838	0.49	41.49	600.0	-0	265	101.8	6.62	-0.000349	0.7	111115
51	"09:00:45"	386.0	-3.7	0.961	478	22.1	3.02	6	1	2.84	34.06	33.66	33.99	500.29	493.10	0.259	21.857	0.49	41.52	600.0	-0	264	101.8	6.62	-0.000349	0.7	111115
52	"09:00:46"	387.5	-3.68	0.962	478	22.1	3.02	6	1	2.84	34.06	33.66	33.99	500.31	493.10	0.260	21.871	0.49	41.55	600.0	-0	264	101.8	6.62	-0.000349	0.7	111115
53	"09:00:47"	388.5	-3.59	0.963	478	22.1	3.01	6	1	2.84	34.06	33.66	33.99	500.34	493.03	0.260	21.880	0.49	41.57	600.0	-0	266	101.8	6.62	-0.000349	0.7	111115
54	"09:00:49"	390.0	-3.46	0.964	477	22.1	3.01	6	1	2.84	34.06	33.66	33.99	500.43	492.99	0.261	21.885	0.50	41.58	600.0	-0	270	101.8	6.62	-0.000349	0.7	111115
55	"09:00:50"	391.0	-3.45	0.965	477	22.1	3.01	6	1	2.84	34.06	33.66	34.00	500.42	492.97	0.260	21.892	0.49	41.59	600.0	-0	274	101.8	6.62	-0.000349	0.7	111115
56	"09:00:51"	392.5	-3.45	0.965	477	22.1	3.01	6	1	2.84	34.06	33.66	34.00	500.44	492.99	0.261	21.892	0.50	41.59	600.0	-0	277	101.8	6.62	-0.000349	0.7	111115
57	"09:00:52"	393.5	-3.49	0.965	477	22.1	3.01	6	1	2.84	34.06	33.66	34.00	500.39	492.98	0.262	21.891	0.50	41.59	600.0	-0	278	101.8	6.62	-0.000349	0.7	111115
58	"09:00:54"	395.0	-3.59	0.964	478	22.1	3.01	6	1	2.84	34.06	33.66	34.00	500.36	493.05	0.261	21.888	0.50	41.58	600.0	-0	281	101.8	6.62	-0.000349	0.7	111115
59	"09:00:55"	396.0	-3.62	0.963	478	22.1	3.01	6	1	2.84	34.06	33.66	34.00	500.35	493.07	0.261	21.881	0.50	41.57	600.0	-0	283	101.8	6.62	-0.000349	1.0	111115
60	"09:00:56"	397.5	-3.68	0.963	478	22.1	3.01	6	1	2.84	34.06	33.66	34.00	500.33	493.12	0.261	21.875	0.50	41.55	600.0	-0	285	101.8	6.62	-0.000349	1.0	111115
61	"09:00:57"	398.5	-3.65	0.962	478	22.1	3.02	6	1	2.84	34.06	33.66	34.00	500.35	493.11	0.262	21.871	0.50	41.55	600.0	-0	284	101.8	6.62	-0.000349	1.0	111115
62	"09:00:59"	400.0	-3.59	0.961	478	22.1	3.02	6	1	2.84	34.06	33.66	34.00	500.34	493.04	0.263	21.857	0.50	41.52	600.0	-0	282	101.8	6.62	-0.000349	1.0	111115
63	"09:01:00"	401.0	-3.53	0.96	478	22.1	3.02	6	1	2.84	34.06	33.66	34.00	500.34	492.99	0.263	21.848	0.50	41.50	600.0	-0	282	101.8	6.62	-0.000349	1.0	111115
64	"09:01:01"	402.5	-3.44	0.959	477	22.1	3.02	6	1	2.84	34.06	33.66	34.00	500.40	492.97	0.264	21.836	0.50	41.48	600.0	-0	288	101.8	6.62	-0.000349	1.0	111115
65	"09:01:02"	403.5	-3.48	0.958	477	22	3.02	6	1	2.84	34.06	33.66	34.00	500.41	493.02	0.264	21.830	0.50	41.47	600.0	-0	294	101.8	6.62	-0.000349	1.0	111115
66	"09:01:04"	405.0	-3.45	0.956	477	22	3.02	6	1	2.84	34.06	33.66	34.00	500.44	493.03	0.264	21.815	0.50	41.44	600.0	-0	303	101.8	6.62	-0.000349	1.0	111115
67	"09:01:05"	406.0	-3.44	0.955	477	22	3.02	6	1	2.84	34.06	33.66	34.00	500.43	493.01	0.265	21.800	0.50	41.41	600.0	-0	308	101.8	6.62	-0.000349	1.0	111115
68	"09:01:06"	407.5	-3.5	0.953	478	22	3.02	6	1	2.84	34.06	33.66	34.00	500.36	493.01	0.266	21.784	0.50	41.38	600.0	-0	314	101.8	6.62	-0.000349	1.0	111115
69	"09:01:07"	408.5	-3.51	0.952	478	22	3.02	6	1	2.84	34.06	33.66	34.00	500.34	493.02	0.266	21.774	0.50	41.36	600.0	-0	319	101.8	6.62	-0.000349	1.0	111115
70	"09:01:09"	410.0	-3.59	0.951	478	22	3.02	6	1	2.84	34.06	33.65	34.00	500.30	493.05	0.266	21.763	0.51	41.34	600.0	-0	326	101.8	6.62	-0.000349	1.0	111115
71	"09:01:10"	411.0	-3.58	0.951	478	22	3.02	6	1	2.84	34.06	33.65	34.00	500.29	493.04	0.266	21.756	0.50	41.33	600.0	-0	327	101.8	6.62	-0.000349	1.0	111115
72	"09:01:11"	412.5	-3.62	0.95	478	22	3.03	6	1	2.84	34.06	33.65	34.00	500.28	493.08	0.266	21.741	0.51	41.30	600.0	-0	319	101.8	6.62	-0.000349	1.0	111115
73	"09:01:12"	413.5	-3.6	0.949	478	21.9	3.03	6	1	2.84	34.06	33.65	34.00	500.32	493.10	0.267	21.734	0.51	41.29	600.0	-0	315	101.8	6.62	-0.000349	1.0	111115
74	"09:01:14"	415.0	-3.46	0.948	477	21.9	3.03	6	1	2.84	34.06	33.64	34.00	500.37	493.02	0.267	21.714	0.51	41.25	600.0	0	315	101.8	6.62	-0.000349	1.0	111115
75	"09:01:15"	415.5	-3.49	0.948	478	21.9	3.03	6	1	2.84	34.06	33.64	34.00	500.35	493.03	0.268	21.712	0.51	41.25	600.0	0	317	101.8	6.62	-0.000349	1.0	111115
76	"09:01:16"	417.0	-3.48	0.947	477	21.9	3.03	6	1	2.84	34.06	33.64	34.00	500.35	493.03	0.269	21.702	0.51	41.23	600.0	0	317	101.8	6.62	-0.000349	1.0	111115
77	"09:01:17"	418.5	-3.5	0.946	478	21.9	3.03	6	1	2.84	34.06	33.64	34.00	500.31	493.01	0.269	21.688	0.51	41.20	600.0	-0	310	101.8	6.62	-0.000349	1.0	111115
78	"09:01:18"	419.5	-3.55	0.945	478	21.9	3.03	6	1	2.84	34.06	33.64	34.00	500.29	493.05	0.269	21.679	0.51	41.19	600.0	-0	311	101.8	6.62	-0.000349	1.0	111115
79	"09:01:20"	421.0	-3.48	0.943	477	21.9	3.03	6	1	2.84	34.05	33.64	34.00	500.30	493.00	0.269	21.664	0.51	41.16	600.0	-0	329	101.8	6.62	-0.000349	1.0	111115
80	"09:01:21"	422.0	-3.56	0.943	478	21.9	3.03	6	1	2.84	34.05	33.64	34.00	500.26	493.03	0.269	21.662	0.51	41.16	600.0	-0	354	101.8	6.62	-0.000349	1.0	111115
81	"09:01:22"	423.5	-3.58	0.942	478	21.8	3.03	6	1	2.84	34.05	33.63	33.99	500.23	493.03	0.271	21.646	0.51	41.13	600.0	-0	424	101.8	6.62	-0.000349	1.0	111115
82	"09:01:23"	424.5	-3.69	0.941	478	21.8	3.03	6	1	2.84	34.05	33.63	33.99	500.18	493.11	0.271	21.637	0.51	41.12	600.0	-0	493	101.8	6.62	-0.000349	1.0	111115
83	"09:01:25"	426.0	-3.52	0.94	478	21.8	3.03	6	1	2.84	34.05	33.63	33.99	500.29	493.05	0.272	21.621	0.52	41.09	600.0	-0	609	101.8	6.62	-0.000349	1.0	111115
84	"09:01:26"	427.0	-3.51	0.94	478	21.8	3.03	6	1	2.84	34.05	33.63	33.99	500.28	493.04	0.272	21.618	0.52	41.09	600.0	-0	668	101.8	6.62	-0.000349	1.0	111115
85	"09:01:27"	428.5	-3.42	0.939	477	21.8	3.03	6	1	2.84	34.05	33.63	33.99	500.37	493.03	0.272	21.611	0.52	41.08	600.0	-0	710	101.8	6.62	-0.000349	1.0	111115
86	"09:01:28"	429.5	-3.43	0.938	477	21.8	3.03	6	1	2.84	34.05	33.63	33.99	500.35	493.02	0.272	21.610	0.52	41.08	600.0	-0	716	101.8	6.62	-0.000349	1.0	111115
87	"09:01:30"	431.0	-3.34	0.937	477	21.8	3.03	6	1	2.84	34.05	33.63	33.99	500.40	493.00	0.273	21.602	0.52	41.06	600.0	-0	716	101.8	6.62	-0.000349	1.0	111115
88	"09:01:31"	432.0	-3.34	0.937	477	21.8	3.04	6	1	2.84	34.05	33.63	33.99	500.40	493.00	0.274	21.598	0.52	41.06	600.0	-0	714	101.8	6.62	-0.000349	1.0	111115
89	"09:01:32"	433.5	-3.34	0.936	477	21.8	3.04	6	1	2.84	34.05	33.63	33.99	500.41	493.01	0.275	21.589	0.52	41.04	600.0	-0	709	101.8	6.62	-0.000349	1.0	111115
90	"09:01:33"	434.5	-3.38	0.935	477	21.8	3.04	6	1	2.84	34.05	33.63	33.99	500.40	493.05	0.275	21.584	0.52	41.03	600.0	-0	704	101.8	6.62	-0.000349	1.0	111115
91	"09:01:35"	436.0	-3.35	0.934	477	21.8	3.04	6	1	2.84	34.04	33.63	33.99	500.44	493.06	0.276	21.574	0.52	41.01	600.0	-0	699	101.8	6.62	-0.000349	1.0	111115
92	"09:01:36"	437.0	-3.45	0.933	477	21.8	3.04	6	1	2.84	34.04	33.64	33.99	500.39	493.10	0.276	21.567	0.52	41.00	600.0	-0	694	101.8	6.62	-0.000349	1.0	111115
93	"09:01:37"	438.5	-3.28	0.933	477	21.8	3.04	6	1	2.84	34.04	33.64	33.99	500.47	493.03	0.277	21.560	0.53	40.99	600.0	-0	674	101.8	6.62	-0.000349	1.0	111115
94	"09:01:38"	439.5	-3.35	0.932	477	21.8	3.04	6	1	2.84	34.04	33.64	33.99	500.44	493.06	0.277	21.559	0.53	40.99	600.0	-0	644	101.8	6.62	-0.000349	1.0	111115
95	"09:01:40"	441.0	-3.32	0.932	477	21.7	3.04	6	1	2.84	34.04	33.64	33.99	500.46	493.05	0.277	21.556	0.53	40.98	600.0	-0	572	101.8	6.62	-0.000349	1.0	111115
96	"09:01:41"	442.0	-3.37	0.931	477	21.7	3.04	6	1	2.84	34.04	33.64	33.99	500.43	493.07	0.277	21.550	0.53	40.97	600.0	-0	510	101.8	6.62	-0.000349	1.0	111115
97	"09:01:42"	443.5	-3.31	0.93	477	21.7	3.04	6	1	2.84	34.04	33.64	33.99	500.49	493.08	0.278	21.543	0.53	40.96	600.0	-0	419	101.8	6.62	-0.000349	1.0	111115
98	"09:01:43"	444.5	-3.34	0.93	477	21.7	3.04	6	1	2.84	34.04	33.64	33.99	500.48	493.10	0.278	21.536	0.53	40.94	600.0	-0	371	101.8	6.62	-0.000349	1.0	111115
99	"09:01:45"	446.0	-3.42	0.928	477	21.7	3.05	6	1	2.84	34.04	33.64	33.99	500.41	493.13	0.279	21.530	0.53	40.93	600.0	-0	324	101.8	6.62	-0.000349	1.0	111115
100	"09:01:46"	447.0	-3.41	0.928	477	21.7	3.05	6	1	2.84	34.05	33.65	33.99	500.42	493.12	0.280	21.523	0.53	40.92	600.0	-0	305	101.8	6.62	-0.000349	1.0	111115
101	"09:01:47"	447.5	-3.42	0.927	477	21.7	3.05	6	1	2.84	34.05	33.65	33.99	500.38	493.10	0.280	21.517	0.53	40.91	600.0	-0	298	101.8	6.62	-0.000349	1.0	111115
102	"09:01:48"	449.5	-3.49	0.925	478	21.7	3.05	6	1	2.84	34.05	33.65	33.99	500.38	493.18	0.280	21.501	0.53	40.87	600.0	-0	283	101.8	6.62	-0.000349	1.0	111115
103	"09:01:50"	451.0	-3.47	0.924	478	21.7	3.05	6	1	2.84	34.05	33.65	33.99	500.41	493.19	0.281	21.492	0.53	40.85	600.0	-0	277	101.8	6.62	-0.000349	1.0	111115
104	"09:01:51"	452.0	-3.44	0.923	478	21.7	3.05	6	1	2.84	34.05	33.65	33.99	500.45	493.20	0.281	21.485	0.53	40.84	600.0	-0	274	101.8	6.62	-0.000349	1.0	111115
105	"09:01:52"	453.5	-3.26	0.922	477	21.7	3.05	6	1	2.84	34.05	33.65	33.99	500.56	493.14	0.283	21.471	0.54	40.81	600.0	-0	271	101.8	6.62	-0.000349	1.0	111115
106	"09:01:53"	454.5	-3.17	0.921	477	21.6	3.05	6	1	2.84	34.05	33.65	33.99	500.59	493.09	0.283	21.460	0.54	40.79	600.0	-0	272	101.8	6.62	-0.000349	1.0	111115
107	"09:01:54"	455.0	-3.15	0.92	477	21.6	3.06	6	1	2.84	34.05	33.65	33.99	500.62	493.11	0.283	21.454	0.54	40.78	600.0	-0	274	101.8	6.62	-0.000349	1.0	111115
108	"09:01:56"	457.0	-3.14	0.918	477	21.6	3.06	6	1	2.84	34.05	33.65	33.99	500.60	493.09	0.284	21.434	0.54	40.74	600.0	-0	303	101.8	6.62	-0.000349	1.0	111115
109	"09:01:57"	458.0	-3.25	0.917	477	21.6	3.06	6	1	2.84	34.05	33.65	33.99	500.54	493.14	0.284	21.426	0.54	40.72	600.0	-0	328	101.8	6.62	-0.000349	1.0	111115
110	"09:01:58"	459.5	-3.4	0.915	477	21.6	3.06	6	1	2.84	34.05	33.66	33.99	500.46	493.22	0.284	21.408	0.54	40.69	600.0	-0	350	101.8	6.62	-0.000349	1.0	111115
111	"09:01:59"	460.5	-3.42	0.913	477	21.6	3.06	6	1	2.84	34.05	33.66	33.99	500.44	493.22	0.285	21.395	0.54	40.67	600.0	-0	342	101.8	6.62	-0.000349	1.0	111115
112	"09:02:01"	462.0	-3.46	0.911	478	21.6	3.07	6	1	2.84	34.05	33.66	33.99	500.39	493.23	0.285	21.378	0.54	40.63	600.0	-0	306	101.8	6.62	-0.000349	1.0	111115
113	"09:02:02"	463.0	-3.45	0.91	477	21.5	3.07	6	1	2.84	34.05	33.66	33.99	500.38	493.20	0.286	21.370	0.54	40.61	600.0	-0	284	101.8	6.62	-0.000349	1.0	111115
114	"09:02:03"	464.5	-3.53	0.909	478	21.5	3.07	6	1	2.84	34.05	33.66	33.99	500.29	493.20	0.285	21.359	0.54	40.59	600.0	-0	263	101.8	6.62	-0.000349	1.0	111115
115	"09:02:04"	465.5	-3.52	0.908	478	21.5	3.07	6	1	2.84	34.05	33.66	33.99	500.33	493.23	0.286	21.347	0.54	40.57	600.0	-0	256	101.8	6.62	-0.000349	1.0	111115
116	"09:02:06"	467.0	-3.52	0.906	478	21.5	3.07	6	1	2.84	34.05	33.66	33.99	500.31	493.23	0.287	21.330	0.55	40.54	600.0	-0	250	101.8	6.62	-0.000349	1.0	111115
117	"09:02:07"	468.0	-3.42	0.905	477	21.5	3.07	6	1	2.84	34.05	33.66	33.99	500.40	493.22	0.288	21.318	0.55	40.52	600.0	-0	248	101.8	6.62	-0.000349	1.0	111115
118	"09:02:08"	469.5	-3.27	0.903	477	21.5	3.07	6	1	2.84	34.05	33.66	33.99	500.51	493.19	0.288	21.299	0.55	40.48	600.0	-0	244	101.8	6.62	-0.000349	1.0	111115
119	"09:02:09"	470.5	-3.2	0.902	477	21.5	3.08	6	1	2.84	34.05	33.66	33.99	500.52	493.14	0.288	21.287	0.55	40.46	600.0	-0	242	101.8	6.62	-0.000349	1.0	111115
120	"09:02:11"	472.0	-3.18	0.9	477	21.4	3.08	6	1	2.84	34.05	33.66	33.99	500.52	493.13	0.290	21.267	0.55	40.42	600.0	-0	240	101.8	6.62	-0.000349	1.0	111115
121	"09:02:12"	473.0	-3.23	0.899	477	21.4	3.08	6	1	2.84	34.05	33.66	33.99	500.46	493.13	0.290	21.255	0.55	40.39	600.0	-0	239	101.8	6.62	-0.000349	1.0	111115
122	"09:02:13"	474.5	-3.38	0.897	477	21.4	3.08	6	1	2.84	34.05	33.66	33.99	500.41	493.23	0.290	21.238	0.55	40.36	600.0	-0	240	101.8	6.62	-0.000349	1.0	111115
123	"09:02:14"	475.5	-3.41	0.896	477	21.4	3.08	6	1	2.84	34.05	33.66	33.99	500.42	493.27	0.289	21.231	0.55	40.34	600.0	-0	240	101.8	6.62	-0.000349	1.0	111115
124	"09:02:16"	477.0	-3.46	0.895	478	21.4	3.08	6	1	2.84	34.05	33.66	33.99	500.37	493.29	0.289	21.214	0.55	40.31	600.0	-0	241	101.8	6.62	-0.000349	1.0	111115
125	"09:02:17"	478.0	-3.44	0.893	478	21.4	3.09	6	1	2.84	34.05	33.67	33.99	500.40	493.30	0.290	21.203	0.55	40.29	600.0	-0	241	101.8	6.62	-0.000349	1.0	111115
126	"09:02:18"	479.5	-3.42	0.892	477	21.3	3.09	6	1	2.84	34.05	33.67	33.99	500.38	493.27	0.291	21.185	0.55	40.25	600.0	-0	239	101.8	6.62	-0.000349	1.0	111115
127	"09:02:19"	480.5	-3.4	0.891	477	21.3	3.09	6	1	2.84	34.05	33.66	33.99	500.39	493.27	0.292	21.174	0.55	40.23	600.0	-0	238	101.8	6.62	-0.000349	1.0	111115
128	"09:02:21"	482.0	-3.4	0.89	477	21.3	3.09	6	1	2.84	34.05	33.66	33.99	500.40	493.28	0.291	21.162	0.55	40.21	600.0	-0	234	101.8	6.62	-0.000349	1.0	111115
129	"09:02:22"	483.0	-3.39	0.889	477	21.3	3.09	6	1	2.84	34.05	33.66	33.99	500.41	493.29	0.292	21.152	0.55	40.19	600.0	-0	232	101.8	6.62	-0.000349	1.0	111115
130	"09:02:23"	484.5	-3.38	0.887	477	21.3	3.09	6	1	2.84	34.06	33.66	33.99	500.41	493.28	0.293	21.132	0.56	40.15	600.0	-0	228	101.8	6.62	-0.000349	1.0	111115
131	"09:02:24"	485.5	-3.36	0.886	477	21.3	3.09	6	1	2.84	34.06	33.66	33.99	500.41	493.27	0.294	21.121	0.56	40.13	600.0	-0	225	101.8	6.62	-0.000349	1.0	111115
132	"09:02:26"	487.0	-3.32	0.884	477	21.3	3.09	6	1	2.84	34.06	33.66	33.99	500.42	493.26	0.296	21.105	0.56	40.10	600.0	-0	223	101.8	6.62	-0.000349	1.0	111115
133	"09:02:27"	488.0	-3.44	0.883	478	21.3	3.1	6	1	2.84	34.06	33.66	33.99	500.38	493.34	0.295	21.097	0.56	40.08	600.0	-0	221	101.8	6.62	-0.000349	1.0	111115
134	"09:02:28"	489.5	-3.4	0.882	477	21.2	3.1	6	1	2.84	34.06	33.67	33.99	500.41	493.33	0.295	21.084	0.56	40.06	600.0	-0	219	101.8	6.62	-0.000349	1.0	111115
135	"09:02:29"	490.5	-3.31	0.88	477	21.2	3.1	6	1	2.84	34.06	33.67	33.99	500.45	493.30	0.296	21.072	0.56	40.03	600.0	-0	218	101.8	6.62	-0.000349	1.0	111115
136	"09:02:31"	492.0	-3.24	0.879	477	21.2	3.1	6	1	2.84	34.06	33.67	33.99	500.48	493.26	0.296	21.054	0.56	40.00	600.0	-0	216	101.8	6.62	-0.000349	1.0	111115
137	"09:02:32"	493.0	-3.26	0.877	477	21.2	3.1	6	1	2.84	34.06	33.67	33.99	500.48	493.28	0.297	21.043	0.56	39.98	600.0	-0	216	101.8	6.62	-0.000349	1.0	111115
138	"09:02:33"	494.5	-3.4	0.876	477	21.2	3.1	6	1	2.84	34.06	33.67	33.99	500.42	493.37	0.296	21.028	0.56	39.95	600.0	-0	215	101.8	6.62	-0.000349	1.0	111115
139	"09:02:34"	495.5	-3.39	0.875	477	21.2	3.1	6	1	2.84	34.06	33.67	33.99	500.42	493.37	0.297	21.019	0.56	39.93	600.0	-0	214	101.8	6.62	-0.000349	1.0	111115
140	"09:02:36"	497.0	-3.47	0.874	478	21.1	3.11	6	1	2.84	34.06	33.67	33.99	500.39	493.42	0.297	21.003	0.56	39.90	600.0	0	213	101.8	6.62	-0.000349	1.0	111115
141	"09:02:37"	498.0	-3.49	0.873	478	21.1	3.11	6	1	2.84	34.06	33.67	33.99	500.35	493.42	0.298	20.992	0.57	39.88	600.0	0	213	101.8	6.62	-0.000349	1.0	111115
142	"09:02:38"	499.5	-3.45	0.871	478	21.1	3.11	6	1	2.84	34.06	33.67	33.99	500.39	493.41	0.299	20.975	0.57	39.85	600.0	0	214	101.8	6.62	-0.000349	1.0	111115
143	"09:02:39"	500.5	-3.43	0.871	478	21.1	3.11	6	1	2.84	34.06	33.66	33.99	500.38	493.39	0.298	20.965	0.57	39.83	600.0	-0	215	101.8	6.62	-0.000349	1.0	111115
144	"09:02:41"	502.0	-3.27	0.87	477	21.1	3.11	6	1	2.84	34.06	33.66	33.99	500.48	493.34	0.299	20.951	0.57	39.80	600.0	-0	216	101.8	6.62	-0.000349	1.0	111115
145	"09:02:42"	503.0	-3.22	0.868	477	21.1	3.11	6	1	2.84	34.06	33.66	33.99	500.49	493.32	0.299	20.939	0.57	39.78	600.0	-0	217	101.8	6.62	-0.000349	1.0	111115
146	"09:02:43"	504.5	-3.18	0.867	477	21.1	3.11	6	1	2.84	34.06	33.67	33.99	500.55	493.34	0.300	20.927	0.57	39.76	600.0	-0	218	101.8	6.62	-0.000349	1.0	111115
147	"09:02:44"	505.5	-3.23	0.866	477	21.1	3.11	6	1	2.84	34.06	33.66	33.99	500.50	493.34	0.300	20.918	0.57	39.74	600.0	-0	220	101.8	6.62	-0.000349	1.0	111115
148	"09:02:46"	507.0	-3.24	0.865	477	21	3.11	6	1	2.84	34.06	33.66	33.99	500.47	493.33	0.300	20.905	0.57	39.71	600.0	-0	222	101.8	6.62	-0.000349	1.0	111115
149	"09:02:47"	508.0	-3.23	0.864	477	21	3.12	6	1	2.84	34.06	33.66	33.99	500.48	493.33	0.301	20.894	0.57	39.69	600.0	-0	224	101.8	6.62	-0.000349	1.0	111115
150	"09:02:48"	509.5	-3.3	0.862	477	21	3.12	6	1	2.84	34.06	33.67	33.99	500.40	493.34	0.302	20.873	0.57	39.65	600.0	-0	228	101.8	6.62	-0.000349	1.0	111115
151	"09:02:49"	510.5	-3.49	0.86	478	21	3.12	6	1	2.84	34.06	33.67	33.99	500.30	493.43	0.302	20.861	0.57	39.63	600.0	-0	230	101.8	6.62	-0.000349	1.0	111115
152	"09:02:51"	512.0	-3.54	0.859	478	21	3.12	6	1	2.84	34.06	33.67	33.99	500.28	493.47	0.302	20.846	0.57	39.60	600.0	-0	234	101.8	6.62	-0.000349	1.0	111115
153	"09:02:52"	513.0	-3.39	0.858	477	21	3.12	6	1	2.84	34.06	33.67	33.99	500.35	493.39	0.303	20.837	0.57	39.58	600.0	-0	239	101.8	6.62	-0.000349	1.0	111115
154	"09:02:53"	514.5	-3.27	0.857	477	21	3.13	6	1	2.84	34.06	33.67	33.99	500.41	493.35	0.304	20.826	0.58	39.56	600.0	-0	247	101.8	6.62	-0.000349	1.0	111115
155	"09:02:54"	515.5	-3.34	0.856	477	20.9	3.13	6	1	2.84	34.06	33.67	34.00	500.36	493.37	0.304	20.816	0.58	39.54	600.0	-0	252	101.8	6.62	-0.000349	1.0	111115
156	"09:02:56"	517.0	-3.35	0.854	477	20.9	3.13	6	1	2.84	34.06	33.67	34.00	500.35	493.38	0.305	20.799	0.58	39.51	600.0	-0	254	101.8	6.62	-0.000349	1.0	111115
157	"09:02:57"	518.0	-3.37	0.853	477	20.9	3.13	6	1	2.84	34.06	33.67	34.00	500.36	493.41	0.305	20.788	0.58	39.49	600.0	-0	252	101.8	6.62	-0.000349	1.0	111115
158	"09:02:58"	519.5	-3.39	0.852	477	20.9	3.13	6	1	2.84	34.06	33.67	34.00	500.36	493.44	0.306	20.772	0.58	39.46	600.0	-0	246	101.8	6.62	-0.000349	1.0	111115
159	"09:02:59"	520.5	-3.41	0.851	478	20.9	3.13	6	1	2.84	34.06	33.68	34.00	500.35	493.45	0.306	20.766	0.58	39.44	600.0	-0	241	101.8	6.62	-0.000349	1.0	111115
160	"09:03:01"	522.0	-3.28	0.85	477	20.9	3.13	6	1	2.84	34.06	33.68	34.00	500.40	493.38	0.306	20.754	0.58	39.42	600.0	-0	235	101.8	6.62	-0.000349	1.0	111115
161	"09:03:02"	523.0	-3.22	0.848	477	20.9	3.14	6	1	2.84	34.06	33.68	34.00	500.44	493.37	0.306	20.743	0.58	39.39	600.0	-0	233	101.8	6.62	-0.000349	1.0	111115
162	"09:03:03"	524.5	-3.09	0.847	477	20.9	3.14	6	1	2.84	34.06	33.68	34.00	500.49	493.30	0.307	20.733	0.58	39.38	600.0	-0	230	101.8	6.62	-0.000349	1.0	111115
163	"09:03:04"	525.5	-3.19	0.847	477	20.8	3.14	6	1	2.84	34.06	33.68	34.00	500.45	493.36	0.307	20.722	0.58	39.36	600.0	-0	227	101.8	6.62	-0.000349	1.0	111115
164	"09:03:06"	527.0	-3.35	0.846	477	20.8	3.14	6	1	2.84	34.06	33.68	34.00	500.35	493.42	0.308	20.711	0.59	39.33	600.0	-0	213	101.8	6.62	-0.000349	1.0	111115
165	"09:03:07"	528.0	-3.41	0.845	478	20.8	3.14	6	1	2.84	34.06	33.67	34.00	500.29	493.43	0.308	20.705	0.58	39.32	600.0	-0	187	101.8	6.62	-0.000349	1.0	111115
166	"09:03:08"	529.5	-3.34	0.844	477	20.8	3.14	6	1	2.84	34.06	33.67	34.00	500.32	493.39	0.308	20.695	0.58	39.30	600.0	-0	150	101.8	6.62	-0.000349	1.0	111115
167	"09:03:09"	530.5	-3.27	0.843	477	20.8	3.14	6	1	2.84	34.06	33.68	34.00	500.36	493.37	0.309	20.684	0.59	39.28	600.0	-0	130	101.8	6.62	-0.000349	1.0	111115
168	"09:03:11"	532.0	-3.29	0.842	477	20.8	3.14	6	1	2.84	34.07	33.68	34.00	500.33	493.37	0.309	20.672	0.59	39.25	600.0	-0	125	101.8	6.62	-0.000349	1.0	111115
169	"09:03:12"	533.0	-3.33	0.84	477	20.8	3.14	6	1	2.84	34.07	33.68	34.00	500.30	493.39	0.310	20.660	0.59	39.23	600.0	-0	126	101.8	6.62	-0.000349	1.0	111115
170	"09:03:13"	534.5	-3.32	0.839	477	20.8	3.15	6	1	2.84	34.06	33.68	34.00	500.25	493.33	0.311	20.648	0.59	39.21	600.0	-0	121	101.8	6.62	-0.000349	1.0	111115
171	"09:03:14"	535.5	-3.26	0.838	477	20.7	3.15	6	1	2.84	34.06	33.68	34.00	500.32	493.34	0.312	20.633	0.59	39.18	600.0	-0	114	101.8	6.62	-0.000349	1.0	111115
172	"09:03:16"	537.0	-3.2	0.837	477	20.7	3.15	6	1	2.84	34.07	33.68	34.00	500.35	493.32	0.311	20.620	0.59	39.16	600.0	-0	101	101.8	6.62	-0.000349	1.0	111115
173	"09:03:17"	538.0	-3.13	0.836	477	20.7	3.15	6	1	2.84	34.07	33.68	34.00	500.39	493.30	0.312	20.610	0.59	39.14	600.0	-0	101	101.8	6.62	-0.000349	1.0	111115
174	"09:03:18"	539.5	-3.18	0.835	477	20.7	3.15	6	1	2.84	34.07	33.68	34.00	500.36	493.33	0.312	20.595	0.59	39.11	600.0	-0	105	101.8	6.62	-0.000349	1.0	111115
175	"09:03:19"	540.5	-3.16	0.834	477	20.7	3.15	6	1	2.84	34.07	33.68	34.00	500.38	493.33	0.313	20.584	0.59	39.08	600.0	-0	109	101.8	6.62	-0.000349	1.0	111115
176	"09:03:21"	542.0	-3.26	0.833	477	20.7	3.15	6	1	2.84	34.07	33.67	34.00	500.35	493.41	0.312	20.569	0.59	39.06	600.0	-0	110	101.8	6.62	-0.000349	1.0	111115
177	"09:03:22"	543.0	-3.24	0.832	477	20.7	3.15	6	1	2.84	34.07	33.67	34.00	500.34	493.38	0.312	20.564	0.59	39.05	600.0	-0	110	101.8	6.62	-0.000349	1.0	111115
178	"09:03:23"	544.5	-3.32	0.831	477	20.7	3.15	6	1	2.84	34.07	33.67	34.00	500.25	493.38	0.313	20.553	0.59	39.02	600.0	-0	149	101.8	6.62	-0.000349	1.0	111115
179	"09:03:24"	545.5	-3.26	0.831	477	20.7	3.15	6	1	2.84	34.07	33.68	34.00	500.27	493.34	0.314	20.546	0.60	39.01	600.0	-0	198	101.8	6.62	-0.000349	1.0	111115
180	"09:03:26"	547.0	-3.19	0.83	477	20.6	3.16	6	1	2.84	34.07	33.68	34.00	500.30	493.30	0.315	20.539	0.60	39.00	600.0	-0	271	101.8	6.62	-0.000349	1.0	111115
181	"09:03:27"	548.0	-3.17	0.83	477	20.6	3.16	6	1	2.84	34.07	33.68	34.00	500.34	493.33	0.315	20.540	0.60	39.00	600.0	-0	302	101.8	6.62	-0.000349	1.0	111115
182	"09:03:28"	549.5	-3.23	0.83	477	20.6	3.16	6	1	2.84	34.07	33.68	34.00	500.34	493.38	0.315	20.537	0.60	39.00	600.0	-0	300	101.8	6.62	-0.000349	1.0	111115
183	"09:03:29"	550.0	-3.25	0.829	477	20.6	3.16	6	1	2.84	34.07	33.68	34.00	500.33	493.39	0.316	20.536	0.60	38.99	600.0	-0	297	101.8	6.62	-0.000349	1.0	111115
184	"09:03:30"	551.5	-3.19	0.829	477	20.6	3.16	6	1	2.84	34.07	33.68	34.00	500.34	493.35	0.316	20.528	0.60	38.98	600.0	-0	292	101.8	6.62	-0.000349	1.0	111115
185	"09:03:32"	553.0	-3.17	0.828	477	20.6	3.16	6	1	2.84	34.07	33.68	34.00	500.31	493.31	0.317	20.522	0.60	38.96	600.0	-0	326	101.8	6.62	-0.000349	1.0	111115
186	"09:03:33"	554.0	-3.23	0.828	477	20.6	3.16	6	1	2.84	34.07	33.67	34.00	500.28	493.33	0.318	20.521	0.60	38.96	600.0	-0	387	101.8	6.62	-0.000349	1.0	111115
187	"09:03:34"	555.5	-3.19	0.828	477	20.6	3.16	6	1	2.84	34.07	33.68	34.01	500.34	493.35	0.319	20.517	0.60	38.95	600.0	-0	515	101.8	6.62	-0.000349	1.0	111115
188	"09:03:35"	556.5	-3.05	0.827	477	20.6	3.16	6	1	2.84	34.07	33.67	34.01	500.45	493.33	0.319	20.509	0.60	38.94	600.0	-0	544	101.8	6.62	-0.000349	1.0	111115
189	"09:03:37"	558.0	-2.96	0.824	476	20.6	3.16	6	1	2.84	34.07	33.68	34.01	500.51	493.32	0.319	20.470	0.61	38.86	600.0	-0	453	101.8	6.62	-0.000349	1.0	111115
190	"09:03:38"	558.5	-2.99	0.823	476	20.6	3.16	6	1	2.84	34.07	33.68	34.01	500.48	493.32	0.319	20.463	0.61	38.85	600.0	-0	408	101.8	6.62	-0.000349	1.0	111115
191	"09:03:39"	560.5	-3.26	0.826	477	20.6	3.16	6	1	2.84	34.07	33.68	34.01	500.29	493.39	0.319	20.497	0.60	38.91	600.0	-0	252	101.8	6.62	-0.000349	1.0	111115
192	"09:03:40"	561.5	-3.38	0.83	477	20.7	3.16	6	1	2.84	34.07	33.68	34.01	500.25	493.43	0.318	20.550	0.60	39.01	600.0	-0	254	101.8	6.62	-0.000349	1.0	111115
193	"09:03:42"	563.0	-3.4	0.838	477	20.7	3.15	6	1	2.84	34.07	33.68	34.01	500.24	493.41	0.319	20.635	0.61	39.17	600.0	-0	253	101.8	6.62	-0.000349	1.0	111115
194	"09:03:43"	564.0	-3.38	0.84	477	20.8	3.14	6	1	2.84	34.07	33.68	34.01	500.27	493.40	0.320	20.662	0.61	39.23	600.0	-0	254	101.8	6.62	-0.000349	1.0	111115
195	"09:03:44"	565.5	-3.21	0.841	477	20.8	3.14	6	1	2.84	34.07	33.68	34.01	500.33	493.29	0.321	20.675	0.61	39.25	600.0	-0	262	101.8	6.62	-0.000349	1.0	111115
196	"09:03:45"	566.5	-3.15	0.84	477	20.8	3.14	6	1	2.84	34.07	33.68	34.01	500.35	493.26	0.321	20.660	0.61	39.22	600.0	-0	341	101.8	6.62	-0.000349	1.0	111115
197	"09:03:47"	568.0	-3.18	0.834	477	20.7	3.15	6	1	2.84	34.07	33.68	34.01	500.33	493.30	0.323	20.592	0.61	39.09	599.9	-0	528	101.8	6.62	-0.000349	1.0	111115
198	"09:03:48"	569.0	-3.34	0.834	477	20.7	3.15	6	1	2.84	34.07	33.68	34.01	500.27	493.40	0.323	20.593	0.61	39.09	600.0	-0	661	101.8	6.62	-0.000349	1.0	111115
199	"09:03:49"	570.5	-3.26	0.838	477	20.7	3.15	6	1	2.84	34.07	33.68	34.01	500.32	493.35	0.324	20.643	0.61	39.19	600.0	-0	757	101.8	6.62	-0.000349	1.0	111115
200	"09:03:50"	571.5	-3.13	0.845	477	20.8	3.14	6	1	2.84	34.07	33.68	34.01	500.43	493.28	0.324	20.716	0.61	39.32	600.0	-0	734	101.8	6.62	-0.000349	1.0	111115
201	"09:03:52"	573.0	-3.03	0.849	476	20.9	3.13	6	1	2.84	34.07	33.68	34.01	500.46	493.19	0.325	20.762	0.62	39.41	600.0	-0	643	101.8	6.62	-0.000349	1.0	111115
202	"09:03:53"	574.0	-3.16	0.848	477	20.9	3.14	6	1	2.84	34.07	33.68	34.01	500.40	493.27	0.326	20.752	0.62	39.39	600.0	-0	567	101.8	6.62	-0.000349	1.0	111115
203	"09:03:54"	575.5	-3.3	0.844	477	20.8	3.14	6	1	2.84	34.07	33.68	34.01	500.31	493.33	0.326	20.714	0.62	39.31	600.0	-0	412	101.8	6.62	-0.000349	1.0	111115
204	"09:03:55"	576.5	-3.22	0.841	477	20.8	3.14	6	1	2.84	34.07	33.68	34.01	500.33	493.30	0.327	20.681	0.62	39.25	600.0	-0	327	101.8	6.62	-0.000349	1.0	111115
205	"09:03:57"	578.0	-3.11	0.837	477	20.7	3.15	6	1	2.84	34.07	33.68	34.01	500.41	493.29	0.328	20.637	0.62	39.17	600.0	-0	240	101.8	6.62	-0.000349	1.0	111115
206	"09:03:58"	579.0	-3.17	0.835	477	20.7	3.15	6	1	2.84	34.07	33.68	34.01	500.38	493.33	0.328	20.612	0.62	39.12	600.0	-0	221	101.8	6.62	-0.000349	1.0	111115
207	"09:03:59"	580.5	-3.21	0.832	477	20.7	3.15	6	1	2.84	34.07	33.68	34.01	500.34	493.35	0.328	20.581	0.62	39.06	600.0	-0	233	101.8	6.62	-0.000349	1.0	111115
208	"09:04:00"	581.5	-3.14	0.83	477	20.7	3.16	6	1	2.84	34.07	33.68	34.01	500.37	493.31	0.329	20.558	0.62	39.02	600.0	-0	229	101.8	6.62	-0.000349	1.0	111115
209	"09:04:02"	583.0	-3.08	0.827	477	20.6	3.16	6	1	2.84	34.07	33.68	34.01	500.37	493.28	0.330	20.525	0.63	38.96	600.0	-0	227	101.8	6.62	-0.000349	1.0	111115
210	"09:04:03"	584.0	-3.12	0.826	477	20.6	3.16	6	1	2.84	34.08	33.68	34.01	500.35	493.31	0.330	20.508	0.63	38.92	600.0	-0	226	101.8	6.62	-0.000349	1.0	111115
211	"09:04:04"	585.5	-3.27	0.824	477	20.6	3.16	6	1	2.84	34.08	33.68	34.01	500.27	493.39	0.330	20.482	0.63	38.87	600.0	-0	224	101.8	6.62	-0.000349	1.0	111115
212	"09:04:05"	586.5	-3.36	0.822	477	20.6	3.16	6	1	2.84	34.08	33.68	34.01	500.22	493.43	0.331	20.466	0.63	38.84	600.0	-0	222	101.8	6.62	-0.000349	1.0	111115
213	"09:04:07"	588.0	-3.35	0.821	477	20.5	3.17	6	1	2.84	34.08	33.68	34.01	500.21	493.43	0.331	20.448	0.63	38.80	600.0	-0	219	101.8	6.62	-0.000349	1.0	111115
214	"09:04:08"	589.0	-3.26	0.82	477	20.5	3.17	6	1	2.84	34.08	33.68	34.01	500.24	493.37	0.332	20.435	0.63	38.78	600.0	-0	216	101.8	6.62	-0.000349	0.7	111115
215	"09:04:09"	590.5	-3.21	0.818	477	20.5	3.17	6	1	2.84	34.08	33.68	34.01	500.27	493.37	0.333	20.419	0.63	38.75	600.0	-0	216	101.8	6.62	-0.000349	0.7	111115
216	"09:04:10"	591.5	-3.14	0.817	477	20.5	3.17	6	1	2.84	34.08	33.68	34.01	500.31	493.34	0.333	20.405	0.63	38.72	600.0	-0	216	101.8	6.62	-0.000349	0.7	111115
217	"09:04:12"	593.0	-3.18	0.815	477	20.5	3.17	6	1	2.84	34.08	33.68	34.01	500.30	493.38	0.333	20.386	0.63	38.69	600.0	-0	219	101.8	6.62	-0.000349	0.7	111115
218	"09:04:13"	594.0	-3.16	0.814	477	20.5	3.17	6	1	2.84	34.08	33.68	34.01	500.30	493.37	0.334	20.380	0.63	38.67	600.0	-0	220	101.8	6.62	-0.000349	0.7	111115
219	"09:04:14"	595.5	-3.13	0.813	477	20.4	3.17	6	1	2.84	34.08	33.68	34.02	500.29	493.34	0.334	20.365	0.63	38.65	600.0	-0	223	101.8	6.62	-0.000349	1.0	111115
220	"09:04:15"	596.5	-3.12	0.812	477	20.4	3.18	6	1	2.84	34.08	33.68	34.02	500.32	493.37	0.334	20.354	0.63	38.62	599.9	-0	226	101.8	6.62	-0.000349	1.0	111115
221	"09:04:17"	598.0	-3.07	0.811	477	20.4	3.18	6	1	2.84	34.08	33.68	34.02	500.35	493.35	0.336	20.341	0.64	38.60	600.0	-0	231	101.8	6.62	-0.000349	1.0	111115
222	"09:04:18"	599.0	-2.99	0.811	476	20.4	3.18	6	1	2.84	34.08	33.68	34.02	500.39	493.31	0.336	20.334	0.64	38.59	599.9	-0	239	101.8	6.62	-0.000349	1.0	111115
223	"09:04:19"	600.5	-2.99	0.81	476	20.4	3.18	6	1	2.84	34.08	33.68	34.02	500.40	493.33	0.337	20.323	0.64	38.56	600.0	-0	262	101.8	6.62	-0.000349	1.0	111115
224	"09:04:20"	601.5	-3.05	0.809	477	20.4	3.18	6	1	2.84	34.08	33.68	34.02	500.35	493.34	0.337	20.314	0.64	38.55	600.0	-0	280	101.8	6.62	-0.000349	1.0	111115
225	"09:04:22"	603.0	-3.08	0.808	477	20.4	3.18	6	1	2.84	34.08	33.68	34.02	500.30	493.34	0.338	20.300	0.64	38.52	600.0	-0	294	101.8	6.62	-0.000349	1.0	111115
226	"09:04:23"	604.0	-3.25	0.807	477	20.4	3.18	6	1	2.84	34.08	33.68	34.02	500.21	493.41	0.338	20.291	0.64	38.50	600.0	-0	288	101.8	6.62	-0.000349	1.0	111115
227	"09:04:24"	605.5	-3.18	0.806	477	20.3	3.18	6	1	2.84	34.08	33.67	34.02	500.28	493.41	0.339	20.275	0.64	38.47	600.0	-0	267	101.8	6.62	-0.000349	1.0	111115
228	"09:04:25"	606.5	-3.13	0.806	477	20.3	3.18	6	1	2.84	34.08	33.67	34.02	500.32	493.41	0.338	20.272	0.64	38.47	600.0	-0	254	101.8	6.62	-0.000349	1.0	111115
229	"09:04:27"	608.0	-2.96	0.805	476	20.3	3.18	6	1	2.84	34.08	33.67	34.02	500.42	493.34	0.339	20.259	0.64	38.44	600.0	-0	245	101.8	6.62	-0.000349	1.0	111115
230	"09:04:28"	609.0	-2.99	0.804	476	20.3	3.19	6	1	2.84	34.08	33.68	34.02	500.39	493.35	0.339	20.254	0.64	38.43	600.0	-0	244	101.8	6.62	-0.000349	1.0	111115
231	"09:04:29"	610.5	-2.96	0.803	476	20.3	3.19	6	1	2.84	34.08	33.68	34.02	500.41	493.35	0.340	20.239	0.65	38.40	600.0	-0	249	101.8	6.62	-0.000349	1.0	111115
232	"09:04:30"	611.5	-2.95	0.802	476	20.3	3.19	6	1	2.84	34.08	33.68	34.02	500.43	493.36	0.341	20.232	0.65	38.39	600.0	-0	252	101.8	6.62	-0.000349	1.0	111115
233	"09:04:32"	613.0	-2.94	0.801	476	20.3	3.19	6	1	2.84	34.08	33.68	34.02	500.40	493.33	0.342	20.216	0.65	38.36	600.0	-0	250	101.8	6.62	-0.000349	1.0	111115
234	"09:04:33"	614.0	-2.97	0.8	476	20.3	3.19	6	1	2.84	34.08	33.68	34.02	500.36	493.33	0.341	20.206	0.65	38.34	600.0	-0	242	101.8	6.62	-0.000349	1.0	111115
235	"09:04:34"	615.5	-3.16	0.799	477	20.3	3.19	6	1	2.84	34.08	33.68	34.02	500.25	493.41	0.341	20.197	0.65	38.32	600.0	-0	228	101.8	6.62	-0.000349	1.0	111115
236	"09:04:35"	616.5	-3.18	0.798	477	20.3	3.19	6	1	2.84	34.08	33.68	34.02	500.21	493.40	0.342	20.185	0.65	38.30	600.0	-0	221	101.8	6.62	-0.000349	1.0	111115
237	"09:04:37"	618.0	-3.21	0.797	477	20.2	3.19	6	1	2.84	34.08	33.68	34.02	500.24	493.46	0.342	20.171	0.65	38.28	600.0	-0	214	101.8	6.62	-0.000349	1.0	111115
238	"09:04:38"	619.0	-3.11	0.796	477	20.2	3.19	6	1	2.84	34.08	33.68	34.02	500.29	493.42	0.343	20.159	0.65	38.25	600.0	-0	212	101.8	6.62	-0.000349	1.0	111115
239	"09:04:39"	620.5	-3.14	0.795	477	20.2	3.19	6	1	2.84	34.08	33.67	34.02	500.28	493.45	0.343	20.149	0.65	38.23	600.0	-0	208	101.8	6.62	-0.000349	1.0	111115
240	"09:04:40"	621.5	-3.11	0.794	477	20.2	3.2	6	1	2.84	34.08	33.68	34.02	500.30	493.44	0.344	20.140	0.65	38.21	600.0	-0	206	101.8	6.62	-0.000349	1.0	111115
241	"09:04:42"	623.0	-3.25	0.793	477	20.2	3.2	6	1	2.84	34.08	33.68	34.02	500.23	493.52	0.345	20.132	0.65	38.20	600.0	-0	204	101.8	6.62	-0.000349	1.0	111115
242	"09:04:43"	624.0	-3.21	0.793	477	20.2	3.2	6	1	2.84	34.08	33.68	34.02	500.26	493.51	0.345	20.124	0.66	38.18	600.0	-0	202	101.8	6.62	-0.000349	1.0	111115
