"OPEN 5.3.2"
"Fri Aug  3 2018 10:35:39"
"Unit="	"PSC-895"
"ComputeList="	"/User/Configs/Comps/Default"
"BLCTable="	"/Sys/Lib/StdBLCTable"
"LightSource="	"Sun+Sky"	1	0.19
"LogFormat="	"/User/Configs/LogFormats/Std Output"
"LogCodes="	-35	-21	-36	30	23	36	21	25	-33	-34	-32	-9	-10	-8	-1	-2	-4	-5	-14	-15	-7	-12	-13	-11	-65	-66	-72	-23
"PromptList="	"/User/Configs/Prompts/Default (none)"
"Stability= (CO2S 15s SLP<1)(H2OS 15s SLP<1)(Flow 15s SLP<1)"
"10:35:40 "
$STARTOFDATA$
"Obs"	"HHMMSS"	"FTime"	"Photo"	"Cond"	"Ci"	"Trmmol"	"VpdL"	"Area"	"StmRat"	"BLCond"	"Tair"	"Tleaf"	"TBlk"	"CO2R"	"CO2S"	"H2OR"	"H2OS"	"RH_R"	"RH_S"	"Flow"	"PARi"	"PARo"	"Press"	"CsMch"	"HsMch"	"StableF"	"Status"
1	"10:37:11"	148.5	-9.99	0.19	555	8.29	4.49	6	1	2.84	41.85	41.00	41.89	499.22	505.03	24.724	32.742	30.79	40.77	600.0	-0	37	101.9	17.7	0.273	0.0	111115
2	"10:37:12"	149.0	-10.1	0.19	556	8.29	4.49	6	1	2.84	41.85	41.00	41.89	499.24	505.10	24.723	32.741	30.79	40.77	600.0	-0	39	101.9	17.7	0.273	0.3	111115
3	"10:37:13"	150.0	-10.3	0.19	557	8.28	4.49	6	1	2.84	41.85	41.00	41.89	499.20	505.27	24.725	32.738	30.79	40.77	600.0	-0	40	101.9	17.7	0.273	0.7	111115
4	"10:37:14"	151.0	-10.3	0.19	558	8.28	4.49	6	1	2.84	41.85	41.00	41.89	499.24	505.36	24.725	32.734	30.80	40.77	600.0	-0	41	101.9	17.7	0.273	0.7	111115
5	"10:37:15"	152.0	-10.3	0.189	558	8.27	4.49	6	1	2.84	41.85	41.00	41.88	499.33	505.43	24.727	32.727	30.80	40.77	600.0	-0	49	101.9	17.7	0.273	0.7	111115
6	"10:37:16"	154.0	-10.2	0.189	558	8.25	4.49	6	1	2.84	41.84	40.99	41.88	499.57	505.65	24.729	32.708	30.81	40.76	600.0	-0	61	101.9	17.7	0.273	0.7	111115
7	"10:37:17"	155.0	-10.2	0.189	558	8.24	4.48	6	1	2.84	41.84	40.99	41.88	499.74	505.76	24.731	32.704	30.82	40.76	600.1	-0	129	101.9	17.7	0.273	0.7	111115
8	"10:37:19"	156.5	-10.2	0.19	558	8.27	4.48	6	1	2.84	41.83	40.98	41.87	499.90	505.95	24.733	32.731	30.83	40.80	600.1	-0	571	101.9	17.7	0.273	0.7	111115
9	"10:37:20"	157.5	-10.4	0.191	559	8.32	4.47	6	1	2.84	41.83	40.98	41.87	499.96	506.10	24.734	32.780	30.84	40.87	600.0	-0	868	101.9	17.7	0.273	0.7	111115
10	"10:37:21"	159.0	-10.5	0.194	559	8.41	4.46	6	1	2.84	41.83	40.98	41.87	500.01	506.25	24.736	32.871	30.85	40.99	600.0	-0	1250	101.9	17.7	0.273	0.7	111115
11	"10:37:22"	160.0	-10.6	0.195	559	8.46	4.46	6	1	2.84	41.82	40.98	41.86	500.02	506.34	24.738	32.920	30.85	41.06	600.0	-0	1251	101.9	17.7	0.273	0.7	111115
12	"10:37:23"	160.5	-10.6	0.196	559	8.48	4.46	6	1	2.84	41.82	40.98	41.86	500.06	506.37	24.739	32.942	30.85	41.09	600.0	-0	1251	101.9	17.7	0.273	0.7	111115
13	"10:37:25"	162.5	-10.8	0.198	560	8.55	4.45	6	1	2.84	41.82	40.98	41.86	500.16	506.59	24.748	33.012	30.87	41.18	600.0	-0	1252	101.9	17.7	0.273	0.3	111115
14	"10:37:26"	163.5	-10.9	0.199	561	8.57	4.45	6	1	2.84	41.82	40.98	41.86	500.14	506.69	24.751	33.036	30.88	41.22	600.0	-0	1252	101.9	17.7	0.273	0.3	111115
15	"10:37:27"	165.0	-11.1	0.199	562	8.59	4.44	6	1	2.84	41.81	40.97	41.85	500.10	506.80	24.757	33.062	30.89	41.25	600.0	-0	1252	101.9	17.7	0.273	0.3	111115
16	"10:37:29"	166.5	-11.1	0.2	562	8.6	4.44	6	1	2.84	41.81	40.97	41.85	500.07	506.85	24.760	33.072	30.90	41.27	600.0	-0	1253	101.9	17.7	0.273	0.3	111115
17	"10:37:30"	167.5	-11.2	0.2	563	8.6	4.44	6	1	2.84	41.81	40.97	41.85	500.07	506.92	24.761	33.076	30.91	41.28	600.0	-0	1253	101.9	17.7	0.273	0.3	111115
18	"10:37:31"	168.0	-11.3	0.2	564	8.6	4.44	6	1	2.84	41.81	40.97	41.85	500.05	506.94	24.760	33.074	30.91	41.28	600.0	-0	1254	101.9	17.7	0.273	0.3	111115
19	"10:37:32"	170.0	-11.5	0.2	566	8.61	4.44	6	1	2.84	41.80	40.97	41.84	499.97	507.12	24.766	33.090	30.92	41.31	600.1	-0	1160	101.9	17.7	0.273	0.3	111115
20	"10:37:33"	170.5	-11.6	0.2	567	8.62	4.44	6	1	2.84	41.80	40.97	41.84	499.92	507.20	24.766	33.101	30.92	41.33	600.1	-0	1024	101.9	17.7	0.273	0.3	111115
21	"10:37:34"	171.5	-11.9	0.202	568	8.68	4.43	6	1	2.84	41.80	40.97	41.84	499.88	507.35	24.771	33.161	30.93	41.40	600.1	-0	745	101.9	17.7	0.273	0.3	111115
22	"10:37:35"	172.5	-12.2	0.205	570	8.79	4.42	6	1	2.84	41.80	40.97	41.84	499.83	507.60	24.773	33.272	30.93	41.55	600.1	-0	467	101.9	17.7	0.273	0.3	111115
23	"10:37:36"	173.5	-12.6	0.21	571	8.95	4.4	6	1	2.84	41.80	40.97	41.84	499.89	507.92	24.776	33.423	30.94	41.74	600.0	-0	187	101.9	17.7	0.273	0.3	111115
24	"10:37:37"	174.5	-12.9	0.216	571	9.14	4.38	6	1	2.84	41.80	40.97	41.83	499.98	508.25	24.781	33.614	30.95	41.98	600.0	-0	118	101.9	17.7	0.273	0.3	111115
25	"10:37:38"	175.5	-13.2	0.221	571	9.31	4.36	6	1	2.84	41.80	40.96	41.83	500.11	508.56	24.787	33.778	30.96	42.19	600.0	-0	120	101.9	17.7	0.273	0.3	111115
26	"10:37:40"	177.5	-13.6	0.225	574	9.41	4.35	6	1	2.84	41.79	40.96	41.83	500.11	508.96	24.798	33.893	30.97	42.33	600.0	-0	150	101.9	17.7	0.273	0.3	111115
27	"10:37:41"	178.0	-13.7	0.224	575	9.38	4.35	6	1	2.84	41.79	40.96	41.83	500.05	508.95	24.797	33.860	30.97	42.29	600.0	-0	161	101.9	17.7	0.273	0.3	111115
28	"10:37:42"	179.0	-13.6	0.22	575	9.25	4.36	6	1	2.84	41.79	40.95	41.83	499.94	508.80	24.794	33.731	30.97	42.14	600.0	-0	183	101.9	17.7	0.273	0.3	111115
29	"10:37:43"	180.0	-13.4	0.215	576	9.08	4.38	6	1	2.84	41.79	40.95	41.82	499.82	508.59	24.791	33.565	30.97	41.93	600.0	-0	184	101.8	17.7	0.273	0.3	111115
30	"10:37:44"	182.0	-12.5	0.204	573	8.72	4.41	6	1	2.84	41.78	40.94	41.82	499.94	507.99	24.794	33.223	30.99	41.52	600.0	-0	165	101.8	17.7	0.273	0.3	111115
31	"10:37:46"	183.5	-12	0.198	571	8.49	4.43	6	1	2.84	41.78	40.93	41.82	500.00	507.66	24.803	33.014	31.00	41.27	600.0	-0	149	101.8	17.7	0.273	0.3	111115
32	"10:37:47"	184.5	-11.8	0.194	571	8.36	4.44	6	1	2.84	41.78	40.93	41.82	499.96	507.52	24.809	32.898	31.01	41.13	600.0	-0	144	101.8	17.7	0.273	0.7	111115
33	"10:37:48"	186.0	-11.6	0.189	571	8.21	4.45	6	1	2.84	41.77	40.92	41.82	499.94	507.38	24.812	32.750	31.02	40.95	600.0	-0	147	101.8	17.7	0.273	0.7	111115
34	"10:37:49"	187.0	-11.6	0.187	572	8.13	4.46	6	1	2.84	41.77	40.92	41.81	499.96	507.39	24.814	32.673	31.03	40.86	600.0	-0	148	101.8	17.7	0.273	0.7	111115
35	"10:37:51"	188.5	-11.5	0.184	573	8.03	4.47	6	1	2.84	41.77	40.91	41.81	499.96	507.37	24.813	32.580	31.04	40.75	600.0	-0	155	101.8	17.7	0.273	0.7	111115
36	"10:37:52"	189.5	-11.5	0.183	574	7.98	4.47	6	1	2.84	41.76	40.91	41.81	499.99	507.44	24.816	32.534	31.04	40.70	600.1	-0	159	101.8	17.7	0.273	0.7	111115
37	"10:37:53"	191.0	-11.6	0.181	576	7.92	4.47	6	1	2.84	41.76	40.90	41.81	499.97	507.55	24.819	32.479	31.05	40.64	600.1	-0	169	101.8	17.7	0.273	0.7	111115
38	"10:37:54"	192.0	-11.6	0.181	576	7.89	4.47	6	1	2.84	41.76	40.90	41.80	499.97	507.60	24.818	32.447	31.06	40.60	600.1	-0	174	101.9	17.7	0.273	0.3	111115
39	"10:37:56"	193.5	-11.7	0.18	577	7.85	4.47	6	1	2.84	41.76	40.90	41.80	499.94	507.65	24.819	32.411	31.06	40.56	600.0	-0	178	101.9	17.7	0.273	0.3	111115
40	"10:37:57"	194.0	-11.8	0.179	578	7.83	4.48	6	1	2.84	41.75	40.89	41.80	499.88	507.67	24.819	32.399	31.06	40.55	600.0	-0	178	101.9	17.7	0.273	0.3	111115
41	"10:37:58"	195.0	-11.7	0.179	578	7.81	4.48	6	1	2.84	41.75	40.89	41.80	499.93	507.65	24.820	32.379	31.07	40.53	600.0	-0	179	101.9	17.7	0.273	0.3	111115
42	"10:37:59"	197.0	-11.8	0.178	580	7.79	4.48	6	1	2.84	41.75	40.89	41.80	499.92	507.77	24.824	32.359	31.08	40.52	600.0	-0	180	101.9	17.7	0.273	0.3	111115
43	"10:38:00"	197.5	-11.9	0.178	580	7.78	4.48	6	1	2.84	41.75	40.89	41.79	499.89	507.80	24.825	32.353	31.08	40.51	600.0	-0	176	101.9	17.7	0.273	0.3	111115
44	"10:38:01"	198.5	-12	0.178	581	7.77	4.48	6	1	2.84	41.74	40.89	41.79	499.84	507.86	24.825	32.347	31.09	40.51	600.0	-0	172	101.9	17.7	0.273	0.3	111115
45	"10:38:02"	199.5	-12	0.177	581	7.77	4.48	6	1	2.84	41.74	40.89	41.79	499.85	507.88	24.827	32.342	31.09	40.51	600.0	-0	165	101.9	17.7	0.273	0.3	111115
46	"10:38:04"	201.5	-12	0.177	581	7.76	4.48	6	1	2.84	41.74	40.88	41.79	499.87	507.89	24.829	32.335	31.10	40.51	600.0	-0	156	101.9	17.7	0.273	0.7	111115
47	"10:38:05"	202.0	-12	0.177	582	7.76	4.48	6	1	2.84	41.74	40.88	41.79	499.88	507.91	24.830	32.335	31.11	40.51	600.0	-0	156	101.8	17.7	0.273	0.7	111115
48	"10:38:06"	203.5	-11.9	0.177	581	7.75	4.47	6	1	2.84	41.73	40.87	41.78	499.86	507.87	24.832	32.335	31.12	40.52	600.0	-0	149	101.8	17.7	0.273	0.3	111115
49	"10:38:07"	205.0	-11.8	0.178	580	7.75	4.47	6	1	2.84	41.73	40.86	41.78	499.91	507.81	24.836	32.340	31.13	40.53	600.0	-0	144	101.9	17.7	0.273	0.3	111115
50	"10:38:08"	206.0	-12	0.178	581	7.76	4.47	6	1	2.84	41.73	40.86	41.78	499.85	507.86	24.838	32.349	31.13	40.55	600.1	-0	142	101.9	17.7	0.273	0.3	111115
51	"10:38:10"	207.5	-12.1	0.178	582	7.77	4.46	6	1	2.84	41.72	40.85	41.78	499.81	507.95	24.840	32.358	31.14	40.56	600.1	-0	145	101.9	17.7	0.273	0.7	111115
52	"10:38:11"	208.0	-12.2	0.178	583	7.77	4.46	6	1	2.84	41.72	40.85	41.77	499.79	508.00	24.840	32.362	31.14	40.57	600.0	-0	145	101.9	17.7	0.273	0.7	111115
53	"10:38:12"	209.5	-12.2	0.178	583	7.77	4.46	6	1	2.84	41.72	40.85	41.77	499.82	508.08	24.841	32.361	31.15	40.58	600.0	-0	144	101.9	17.7	0.273	0.7	111115
54	"10:38:13"	211.0	-12.2	0.179	583	7.78	4.46	6	1	2.84	41.72	40.84	41.77	499.83	508.09	24.844	32.369	31.16	40.59	600.0	-0	145	101.9	17.7	0.273	0.7	111115
55	"10:38:15"	212.5	-12.2	0.179	583	7.77	4.46	6	1	2.84	41.71	40.84	41.77	499.83	508.07	24.849	32.368	31.17	40.60	600.0	-0	151	101.9	17.7	0.273	0.7	111115
56	"10:38:16"	213.5	-12.1	0.179	583	7.78	4.45	6	1	2.84	41.71	40.84	41.76	499.82	508.01	24.851	32.381	31.18	40.62	600.0	-0	156	101.9	17.7	0.273	0.7	111115
57	"10:38:17"	215.0	-12.3	0.179	584	7.79	4.45	6	1	2.84	41.71	40.84	41.76	499.76	508.08	24.852	32.386	31.18	40.64	600.0	-0	160	101.9	17.7	0.273	0.7	111115
58	"10:38:18"	216.0	-12.3	0.179	583	7.8	4.45	6	1	2.84	41.71	40.84	41.76	499.81	508.10	24.851	32.396	31.18	40.65	600.0	-0	160	101.9	17.7	0.273	0.7	111115
59	"10:38:20"	217.5	-12.3	0.179	583	7.79	4.45	6	1	2.84	41.70	40.83	41.76	499.84	508.14	24.851	32.389	31.19	40.65	600.0	-0	160	101.9	17.7	0.273	1.0	111115
60	"10:38:21"	218.5	-12.2	0.179	583	7.79	4.45	6	1	2.84	41.70	40.82	41.75	499.88	508.13	24.853	32.389	31.19	40.65	600.0	-0	159	101.9	17.7	0.273	1.0	111115
61	"10:38:22"	220.0	-12.2	0.179	583	7.79	4.45	6	1	2.84	41.70	40.82	41.75	499.89	508.12	24.854	32.390	31.20	40.66	600.0	-0	163	101.9	17.7	0.273	1.0	111115
62	"10:38:23"	221.0	-12.2	0.18	583	7.79	4.44	6	1	2.84	41.70	40.82	41.75	499.84	508.11	24.855	32.393	31.20	40.67	600.0	-0	163	101.9	17.7	0.273	1.0	111115
63	"10:38:25"	222.5	-12.2	0.18	583	7.8	4.44	6	1	2.84	41.69	40.81	41.75	499.82	508.05	24.858	32.402	31.21	40.69	600.0	-0	166	101.9	17.7	0.273	1.0	111115
64	"10:38:26"	223.5	-12.2	0.18	583	7.8	4.44	6	1	2.84	41.69	40.81	41.74	499.80	508.05	24.860	32.403	31.22	40.69	600.0	-0	164	101.9	17.7	0.273	1.0	111115
65	"10:38:27"	225.0	-12.3	0.18	583	7.81	4.44	6	1	2.84	41.69	40.80	41.74	499.78	508.12	24.864	32.418	31.23	40.72	600.0	-0	172	101.9	17.7	0.273	1.0	111115
66	"10:38:28"	226.0	-12.3	0.18	583	7.8	4.44	6	1	2.84	41.68	40.81	41.74	499.81	508.11	24.866	32.416	31.24	40.72	600.0	-0	174	101.9	17.7	0.273	1.0	111115
67	"10:38:30"	227.5	-12.4	0.181	584	7.82	4.43	6	1	2.84	41.68	40.80	41.74	499.75	508.19	24.870	32.439	31.25	40.76	600.0	-0	171	101.9	17.7	0.273	1.0	111115
68	"10:38:31"	228.0	-12.4	0.181	584	7.82	4.43	6	1	2.84	41.68	40.80	41.74	499.75	508.17	24.870	32.435	31.25	40.75	600.0	-0	169	101.9	17.7	0.273	1.0	111115
69	"10:38:32"	229.5	-12.3	0.181	583	7.83	4.43	6	1	2.84	41.68	40.80	41.73	499.82	508.15	24.873	32.454	31.26	40.79	599.9	-0	156	101.9	17.7	0.273	1.0	111115
70	"10:38:33"	231.0	-12.3	0.181	583	7.84	4.43	6	1	2.84	41.67	40.79	41.73	499.83	508.16	24.875	32.456	31.27	40.80	600.0	-0	152	101.9	17.7	0.273	1.0	111115
71	"10:38:34"	232.0	-12.3	0.181	583	7.83	4.43	6	1	2.84	41.67	40.78	41.73	499.86	508.17	24.876	32.450	31.27	40.79	600.0	-0	154	101.9	17.7	0.273	1.0	111115
72	"10:38:36"	233.5	-12.3	0.181	584	7.82	4.42	6	1	2.84	41.67	40.78	41.73	499.82	508.20	24.881	32.444	31.28	40.79	600.1	-0	166	101.9	17.7	0.273	1.0	111115
73	"10:38:37"	234.5	-12.3	0.181	583	7.82	4.42	6	1	2.84	41.67	40.78	41.72	499.84	508.15	24.883	32.451	31.29	40.80	600.0	-0	169	101.9	17.7	0.273	1.0	111115
74	"10:38:38"	236.0	-12.2	0.181	582	7.82	4.42	6	1	2.84	41.66	40.78	41.72	499.88	508.12	24.887	32.457	31.30	40.82	600.0	-0	161	101.9	17.7	0.273	1.0	111115
75	"10:38:39"	237.0	-12.2	0.181	582	7.83	4.42	6	1	2.84	41.66	40.78	41.72	499.86	508.11	24.890	32.463	31.31	40.83	600.0	-0	161	101.9	17.7	0.273	1.0	111115
76	"10:38:41"	238.5	-12.2	0.182	582	7.83	4.42	6	1	2.84	41.66	40.78	41.72	499.88	508.10	24.894	32.472	31.31	40.85	600.0	-0	155	101.9	17.7	0.273	1.0	111115
77	"10:38:42"	239.5	-12.2	0.182	582	7.83	4.42	6	1	2.84	41.66	40.78	41.72	499.86	508.12	24.896	32.474	31.32	40.85	600.0	-0	167	101.9	17.7	0.273	1.0	111115
78	"10:38:43"	241.0	-12.3	0.182	583	7.83	4.42	6	1	2.84	41.66	40.77	41.71	499.83	508.19	24.897	32.475	31.33	40.86	600.1	-0	175	101.9	17.7	0.273	1.0	111115
79	"10:38:44"	242.0	-12.5	0.182	585	7.84	4.41	6	1	2.84	41.65	40.76	41.71	499.76	508.31	24.898	32.480	31.33	40.87	600.1	-0	184	101.9	17.7	0.273	1.0	111115
80	"10:38:46"	243.5	-12.7	0.182	586	7.85	4.41	6	1	2.84	41.65	40.76	41.71	499.71	508.39	24.900	32.493	31.34	40.89	600.0	-0	177	101.9	17.7	0.273	1.0	111115
81	"10:38:47"	244.5	-12.6	0.183	586	7.85	4.41	6	1	2.84	41.65	40.76	41.71	499.72	508.38	24.903	32.499	31.34	40.90	600.0	-0	172	101.9	17.7	0.273	1.0	111115
82	"10:38:48"	246.0	-12.4	0.183	583	7.85	4.41	6	1	2.84	41.65	40.76	41.71	499.83	508.23	24.907	32.505	31.35	40.92	600.0	-0	158	101.9	17.7	0.273	1.0	111115
83	"10:38:49"	247.0	-12.4	0.183	584	7.85	4.41	6	1	2.84	41.64	40.76	41.70	499.80	508.25	24.908	32.502	31.36	40.92	600.0	-0	153	101.9	17.7	0.273	1.0	111115
84	"10:38:51"	248.5	-12.5	0.183	584	7.85	4.41	6	1	2.84	41.64	40.75	41.70	499.81	508.29	24.910	32.500	31.36	40.92	600.0	-0	151	101.9	17.7	0.273	1.0	111115
85	"10:38:52"	249.5	-12.5	0.183	585	7.84	4.41	6	1	2.84	41.64	40.75	41.70	499.80	508.35	24.912	32.501	31.37	40.93	600.0	-0	151	101.9	17.7	0.273	1.0	111115
86	"10:38:53"	251.0	-12.5	0.183	584	7.85	4.4	6	1	2.84	41.64	40.75	41.70	499.83	508.36	24.915	32.506	31.38	40.94	600.0	0	149	101.9	17.7	0.273	1.0	111115
87	"10:38:54"	251.5	-12.5	0.183	584	7.85	4.4	6	1	2.84	41.64	40.74	41.70	499.85	508.34	24.918	32.509	31.38	40.94	600.0	0	146	101.9	17.7	0.273	1.0	111115
88	"10:38:55"	253.0	-12.4	0.183	583	7.84	4.4	6	1	2.84	41.63	40.74	41.69	499.91	508.30	24.923	32.512	31.39	40.95	600.1	-0	142	101.9	17.7	0.273	1.0	111115
89	"10:38:57"	254.5	-12.4	0.183	584	7.84	4.4	6	1	2.84	41.63	40.74	41.69	499.90	508.35	24.924	32.508	31.40	40.95	600.0	-0	140	101.9	17.7	0.273	1.0	111115
90	"10:38:58"	255.5	-12.5	0.183	584	7.84	4.4	6	1	2.84	41.63	40.74	41.69	499.89	508.38	24.925	32.511	31.40	40.96	600.0	-0	140	101.9	17.7	0.273	1.0	111115
91	"10:38:59"	257.0	-12.6	0.183	585	7.85	4.4	6	1	2.84	41.63	40.74	41.69	499.83	508.39	24.924	32.521	31.41	40.98	600.0	-0	138	101.9	17.7	0.273	1.0	111115
92	"10:39:00"	258.0	-12.5	0.183	584	7.86	4.4	6	1	2.84	41.63	40.74	41.68	499.81	508.35	24.925	32.527	31.41	40.99	600.0	-0	138	101.9	17.7	0.273	1.0	111115
93	"10:39:02"	259.5	-12.7	0.183	586	7.86	4.39	6	1	2.84	41.62	40.73	41.68	499.71	508.42	24.926	32.530	31.42	41.00	600.0	-0	144	101.9	17.7	0.273	1.0	111115
94	"10:39:03"	260.5	-12.7	0.183	586	7.86	4.39	6	1	2.84	41.62	40.72	41.68	499.71	508.45	24.928	32.530	31.42	41.01	600.0	-0	159	101.9	17.7	0.273	1.0	111115
95	"10:39:04"	262.0	-12.6	0.183	585	7.85	4.39	6	1	2.84	41.62	40.72	41.68	499.74	508.39	24.932	32.527	31.43	41.01	600.0	-0	172	101.9	17.7	0.273	1.0	111115
96	"10:39:05"	263.0	-12.5	0.183	584	7.85	4.39	6	1	2.84	41.62	40.71	41.68	499.82	508.34	24.935	32.528	31.44	41.01	600.0	-0	197	101.9	17.7	0.273	1.0	111115
97	"10:39:07"	264.5	-12.4	0.183	583	7.84	4.39	6	1	2.84	41.61	40.71	41.67	499.83	508.29	24.939	32.527	31.45	41.02	600.0	-0	215	101.9	17.7	0.273	1.0	111115
98	"10:39:08"	265.5	-12.6	0.183	585	7.84	4.39	6	1	2.84	41.61	40.71	41.67	499.76	508.33	24.940	32.526	31.45	41.02	600.0	-0	248	101.9	17.7	0.273	1.0	111115
99	"10:39:09"	266.0	-12.6	0.183	585	7.84	4.39	6	1	2.84	41.61	40.71	41.67	499.77	508.38	24.942	32.527	31.46	41.02	600.0	-0	251	101.9	17.7	0.273	1.0	111115
100	"10:39:10"	268.0	-12.7	0.183	586	7.84	4.39	6	1	2.84	41.61	40.71	41.67	499.66	508.38	24.942	32.529	31.46	41.03	600.0	-0	264	101.9	17.7	0.273	1.0	111115
101	"10:39:11"	268.5	-12.7	0.183	586	7.84	4.38	6	1	2.84	41.61	40.71	41.67	499.66	508.39	24.943	32.529	31.47	41.04	600.0	-0	262	101.9	17.7	0.273	1.0	111115
102	"10:39:12"	269.5	-12.8	0.184	587	7.84	4.38	6	1	2.84	41.60	40.70	41.67	499.60	508.44	24.945	32.534	31.47	41.05	600.0	-0	251	101.9	17.7	0.273	1.0	111115
103	"10:39:13"	270.5	-12.8	0.184	586	7.85	4.38	6	1	2.84	41.60	40.70	41.66	499.61	508.40	24.944	32.537	31.47	41.05	600.0	0	249	101.9	17.7	0.273	1.0	111115
104	"10:39:15"	272.5	-12.7	0.184	586	7.85	4.38	6	1	2.84	41.60	40.69	41.66	499.67	508.39	24.947	32.540	31.48	41.07	600.0	-0	221	101.9	17.7	0.273	1.0	111115
105	"10:39:16"	274.0	-12.6	0.184	585	7.85	4.37	6	1	2.84	41.60	40.68	41.66	499.68	508.31	24.950	32.542	31.49	41.07	600.1	-0	211	101.9	17.7	0.273	1.0	111115
106	"10:39:17"	275.0	-12.7	0.184	585	7.85	4.37	6	1	2.84	41.59	40.68	41.66	499.64	508.33	24.952	32.546	31.50	41.08	600.1	-0	218	101.9	17.7	0.273	1.0	111115
107	"10:39:19"	276.5	-12.8	0.184	586	7.85	4.37	6	1	2.84	41.59	40.68	41.65	499.57	508.36	24.955	32.545	31.51	41.09	600.1	-0	230	101.9	17.7	0.273	1.0	111115
108	"10:39:20"	277.5	-12.9	0.184	587	7.85	4.37	6	1	2.84	41.59	40.68	41.65	499.52	508.44	24.956	32.547	31.51	41.10	600.0	-0	243	101.9	17.7	0.273	1.0	111115
109	"10:39:21"	278.0	-12.9	0.184	588	7.85	4.37	6	1	2.84	41.59	40.67	41.65	499.54	508.48	24.955	32.548	31.51	41.10	600.0	-0	248	101.9	17.7	0.273	1.0	111115
110	"10:39:22"	280.0	-12.9	0.184	587	7.85	4.37	6	1	2.84	41.58	40.67	41.65	499.54	508.42	24.956	32.549	31.52	41.11	600.0	-0	246	101.9	17.7	0.273	1.0	111115
111	"10:39:23"	280.5	-12.9	0.184	587	7.85	4.37	6	1	2.84	41.58	40.66	41.65	499.56	508.43	24.956	32.549	31.52	41.11	600.0	-0	244	101.9	17.7	0.273	1.0	111115
112	"10:39:25"	282.5	-12.7	0.184	585	7.84	4.36	6	1	2.84	41.58	40.66	41.64	499.67	508.35	24.962	32.542	31.54	41.11	600.0	-0	212	101.9	17.7	0.273	1.0	111115
113	"10:39:26"	283.5	-12.6	0.184	585	7.84	4.36	6	1	2.84	41.57	40.65	41.64	499.68	508.34	24.964	32.544	31.54	41.12	600.0	-0	203	101.9	17.7	0.273	1.0	111115
114	"10:39:27"	284.0	-12.7	0.184	585	7.83	4.36	6	1	2.84	41.57	40.65	41.64	499.66	508.37	24.965	32.544	31.55	41.13	600.0	-0	198	101.9	17.7	0.273	1.0	111115
115	"10:39:28"	285.0	-12.7	0.184	585	7.84	4.36	6	1	2.84	41.57	40.65	41.64	499.63	508.35	24.966	32.548	31.55	41.13	600.0	-0	195	101.9	17.7	0.273	1.0	111115
116	"10:39:29"	286.0	-12.9	0.184	587	7.84	4.36	6	1	2.84	41.57	40.65	41.63	499.55	508.42	24.965	32.550	31.56	41.14	600.0	-0	204	101.9	17.7	0.273	1.0	111115
117	"10:39:30"	287.0	-13	0.185	588	7.84	4.36	6	1	2.84	41.57	40.65	41.63	499.49	508.46	24.965	32.554	31.56	41.15	600.0	-0	216	101.9	17.7	0.273	1.0	111115
118	"10:39:31"	289.0	-12.8	0.185	587	7.84	4.36	6	1	2.84	41.56	40.65	41.63	499.55	508.41	24.967	32.554	31.57	41.16	600.0	-0	231	101.9	17.7	0.273	1.0	111115
119	"10:39:32"	289.5	-12.8	0.185	587	7.84	4.36	6	1	2.84	41.56	40.65	41.63	499.56	508.40	24.968	32.551	31.57	41.16	600.0	-0	234	101.9	17.7	0.273	1.0	111115
120	"10:39:33"	290.5	-12.7	0.185	585	7.84	4.36	6	1	2.84	41.56	40.64	41.63	499.67	508.33	24.970	32.553	31.58	41.17	600.1	-0	236	101.9	17.7	0.273	1.0	111115
121	"10:39:34"	291.5	-12.5	0.185	584	7.83	4.36	6	1	2.84	41.56	40.64	41.62	499.75	508.31	24.973	32.552	31.58	41.17	600.1	-0	236	101.9	17.7	0.273	1.0	111115
122	"10:39:35"	292.5	-12.5	0.185	584	7.83	4.35	6	1	2.84	41.56	40.64	41.62	499.78	508.32	24.976	32.553	31.59	41.18	600.1	-0	237	101.9	17.7	0.273	1.0	111115
123	"10:39:36"	293.5	-12.5	0.185	583	7.83	4.35	6	1	2.84	41.55	40.64	41.62	499.81	508.31	24.978	32.554	31.60	41.18	600.0	-0	236	101.9	17.7	0.273	1.0	111115
124	"10:39:37"	294.5	-12.4	0.184	583	7.82	4.35	6	1	2.84	41.55	40.63	41.62	499.82	508.26	24.980	32.549	31.60	41.18	600.0	-0	233	101.9	17.7	0.273	1.0	111115
125	"10:39:39"	296.5	-12.6	0.184	585	7.82	4.35	6	1	2.84	41.55	40.63	41.61	499.65	508.28	24.982	32.544	31.61	41.18	600.0	-0	240	101.9	17.7	0.273	1.0	111115
126	"10:39:40"	298.0	-12.7	0.184	586	7.82	4.35	6	1	2.84	41.54	40.62	41.61	499.54	508.28	24.984	32.545	31.62	41.19	600.0	-0	246	101.9	17.7	0.273	1.0	111115
127	"10:39:41"	299.0	-12.8	0.185	586	7.82	4.35	6	1	2.84	41.54	40.62	41.61	499.50	508.30	24.984	32.550	31.62	41.20	600.1	-0	241	101.9	17.7	0.273	1.0	111115
128	"10:39:43"	300.5	-12.8	0.185	587	7.83	4.35	6	1	2.84	41.54	40.62	41.61	499.48	508.34	24.984	32.556	31.63	41.22	600.0	-0	229	101.9	17.7	0.273	1.0	111115
129	"10:39:44"	301.5	-12.8	0.185	586	7.83	4.34	6	1	2.84	41.54	40.62	41.61	499.54	508.38	24.985	32.557	31.63	41.22	600.0	-0	218	101.9	17.7	0.273	1.0	111115
130	"10:39:45"	302.0	-12.8	0.185	586	7.83	4.34	6	1	2.84	41.54	40.61	41.60	499.58	508.39	24.985	32.557	31.64	41.22	600.0	-0	210	101.9	17.7	0.273	1.0	111115
131	"10:39:46"	304.0	-12.6	0.185	585	7.82	4.34	6	1	2.84	41.53	40.61	41.60	499.70	508.34	24.988	32.555	31.65	41.23	600.0	-0	173	101.9	17.7	0.273	1.0	111115
132	"10:39:48"	305.5	-12.6	0.185	585	7.82	4.34	6	1	2.84	41.53	40.60	41.60	499.65	508.30	24.989	32.557	31.65	41.24	600.0	-0	143	101.8	17.7	0.273	1.0	111115
133	"10:39:49"	306.5	-12.7	0.185	585	7.82	4.34	6	1	2.84	41.53	40.60	41.60	499.63	508.32	24.990	32.557	31.66	41.24	600.0	-0	135	101.9	17.7	0.273	1.0	111115
134	"10:39:50"	307.0	-12.7	0.185	585	7.82	4.34	6	1	2.84	41.53	40.60	41.59	499.61	508.32	24.991	32.556	31.66	41.24	600.0	-0	134	101.9	17.7	0.273	1.0	111115
135	"10:39:51"	309.0	-12.7	0.185	585	7.82	4.34	6	1	2.84	41.52	40.60	41.59	499.66	508.34	24.991	32.553	31.67	41.25	600.0	-0	124	101.9	17.7	0.273	1.0	111115
136	"10:39:52"	309.5	-12.7	0.185	585	7.81	4.34	6	1	2.84	41.52	40.59	41.59	499.67	508.37	24.992	32.551	31.67	41.25	600.0	-0	125	101.9	17.7	0.273	1.0	111115
137	"10:39:53"	310.5	-12.6	0.185	585	7.82	4.34	6	1	2.84	41.52	40.59	41.59	499.68	508.34	24.994	32.555	31.68	41.26	600.0	-0	125	101.9	17.7	0.273	1.0	111115
138	"10:39:54"	311.5	-12.7	0.185	585	7.82	4.33	6	1	2.84	41.52	40.59	41.59	499.66	508.35	24.997	32.561	31.68	41.27	600.0	-0	128	101.9	17.7	0.273	1.0	111115
139	"10:39:55"	312.5	-12.5	0.185	584	7.81	4.33	6	1	2.84	41.51	40.59	41.58	499.72	508.27	24.998	32.559	31.69	41.27	600.0	-0	134	101.9	17.7	0.273	1.0	111115
140	"10:39:57"	314.5	-12.6	0.185	584	7.82	4.33	6	1	2.84	41.51	40.59	41.58	499.71	508.32	25.001	32.562	31.70	41.28	600.0	-0	160	101.9	17.7	0.273	1.0	111115
141	"10:39:58"	315.5	-12.5	0.185	583	7.81	4.33	6	1	2.84	41.51	40.58	41.58	499.75	508.29	25.001	32.561	31.70	41.28	600.0	-0	181	101.9	17.7	0.273	1.0	111115
142	"10:39:59"	316.0	-12.7	0.185	585	7.81	4.33	6	1	2.84	41.51	40.58	41.58	499.66	508.37	25.002	32.559	31.70	41.28	600.0	-0	192	101.9	17.7	0.273	1.0	111115
143	"10:40:00"	317.0	-12.7	0.185	585	7.81	4.33	6	1	2.84	41.51	40.58	41.58	499.67	508.38	25.004	32.560	31.71	41.29	600.0	-0	212	101.9	17.7	0.273	1.0	111115
144	"10:40:01"	319.0	-12.7	0.185	585	7.81	4.33	6	1	2.84	41.50	40.57	41.57	499.69	508.41	25.009	32.561	31.72	41.30	600.0	-0	234	101.9	17.7	0.273	1.0	111115
145	"10:40:02"	320.0	-12.6	0.185	584	7.81	4.32	6	1	2.84	41.50	40.57	41.57	499.73	508.35	25.011	32.563	31.73	41.31	600.0	-0	235	101.9	17.7	0.273	1.0	111115
146	"10:40:04"	321.5	-12.8	0.186	586	7.81	4.32	6	1	2.84	41.50	40.56	41.57	499.56	508.42	25.014	32.569	31.74	41.32	600.0	-0	219	101.9	17.7	0.273	1.0	111115
147	"10:40:05"	322.5	-12.9	0.186	587	7.81	4.32	6	1	2.84	41.50	40.55	41.57	499.53	508.46	25.014	32.573	31.74	41.33	600.0	-0	195	101.9	17.7	0.273	1.0	111115
148	"10:40:06"	324.0	-12.9	0.186	586	7.81	4.31	6	1	2.84	41.49	40.54	41.56	499.56	508.45	25.015	32.569	31.75	41.33	600.0	-0	148	101.9	17.7	0.273	1.0	111115
149	"10:40:07"	325.0	-12.8	0.186	586	7.81	4.31	6	1	2.84	41.49	40.54	41.56	499.62	508.46	25.017	32.569	31.75	41.34	600.0	-0	114	101.9	17.7	0.273	1.0	111115
150	"10:40:08"	325.5	-12.7	0.186	585	7.81	4.32	6	1	2.84	41.49	40.54	41.56	499.67	508.42	25.018	32.568	31.76	41.34	600.0	-0	99	101.9	17.7	0.273	1.0	111115
151	"10:40:09"	326.5	-12.7	0.186	585	7.8	4.32	6	1	2.84	41.49	40.55	41.56	499.66	508.41	25.019	32.569	31.76	41.35	600.0	-0	85	101.9	17.7	0.273	1.0	111115
152	"10:40:11"	328.5	-12.9	0.186	586	7.81	4.31	6	1	2.84	41.48	40.54	41.56	499.51	508.39	25.018	32.577	31.77	41.36	600.0	-0	102	101.9	17.7	0.273	1.0	111115
153	"10:40:12"	330.0	-12.8	0.186	586	7.81	4.31	6	1	2.84	41.48	40.53	41.55	499.55	508.40	25.020	32.575	31.77	41.37	600.0	-0	117	101.9	17.7	0.273	1.0	111115
154	"10:40:13"	331.0	-12.7	0.186	585	7.81	4.31	6	1	2.84	41.48	40.53	41.55	499.61	508.33	25.020	32.579	31.78	41.38	600.0	-0	115	101.9	17.7	0.273	1.0	111115
155	"10:40:15"	332.5	-12.6	0.186	584	7.81	4.3	6	1	2.84	41.47	40.52	41.55	499.71	508.32	25.024	32.580	31.79	41.39	600.0	-0	99	101.9	17.7	0.273	1.0	111115
156	"10:40:16"	333.5	-12.6	0.186	584	7.81	4.3	6	1	2.84	41.47	40.52	41.54	499.70	508.32	25.025	32.581	31.79	41.39	600.0	-0	111	101.9	17.7	0.273	1.0	111115
157	"10:40:17"	335.0	-12.7	0.187	585	7.81	4.3	6	1	2.84	41.47	40.51	41.54	499.63	508.35	25.024	32.581	31.80	41.40	600.0	-0	185	101.9	17.7	0.273	1.0	111115
158	"10:40:18"	336.0	-12.7	0.187	585	7.81	4.3	6	1	2.84	41.46	40.50	41.54	499.59	508.35	25.026	32.582	31.81	41.41	600.0	-0	231	101.9	17.7	0.273	1.0	111115
159	"10:40:20"	337.5	-12.7	0.187	585	7.81	4.29	6	1	2.84	41.46	40.49	41.53	499.57	508.34	25.027	32.579	31.82	41.42	600.1	-0	288	101.9	17.7	0.273	1.0	111115
160	"10:40:21"	338.5	-12.7	0.187	584	7.81	4.29	6	1	2.84	41.46	40.49	41.53	499.62	508.32	25.028	32.583	31.82	41.43	600.0	-0	297	101.9	17.7	0.273	1.0	111115
161	"10:40:22"	340.0	-12.6	0.187	583	7.81	4.29	6	1	2.84	41.45	40.48	41.53	499.72	508.33	25.031	32.584	31.84	41.44	600.0	-0	279	101.9	17.7	0.273	1.0	111115
162	"10:40:23"	341.0	-12.6	0.187	583	7.81	4.28	6	1	2.84	41.45	40.47	41.52	499.71	508.33	25.031	32.585	31.84	41.45	600.0	-0	264	101.9	17.7	0.273	1.0	111115
163	"10:40:25"	342.5	-12.7	0.187	584	7.81	4.28	6	1	2.84	41.44	40.47	41.52	499.67	508.39	25.033	32.587	31.85	41.47	600.1	-0	231	101.9	17.7	0.273	1.0	111115
164	"10:40:26"	343.5	-12.7	0.188	585	7.81	4.28	6	1	2.84	41.44	40.46	41.52	499.64	508.42	25.034	32.591	31.86	41.48	600.0	-0	220	101.9	17.7	0.273	1.0	111115
165	"10:40:27"	345.0	-12.9	0.188	586	7.82	4.28	6	1	2.84	41.43	40.46	41.51	499.59	508.47	25.035	32.595	31.87	41.50	600.0	-0	208	101.9	17.7	0.273	1.0	111115
166	"10:40:28"	346.0	-12.8	0.188	585	7.81	4.28	6	1	2.84	41.43	40.45	41.51	499.62	508.44	25.037	32.597	31.88	41.50	600.0	-0	202	101.9	17.7	0.273	1.0	111115
167	"10:40:30"	347.5	-12.9	0.188	586	7.82	4.27	6	1	2.84	41.43	40.45	41.50	499.56	508.50	25.037	32.600	31.89	41.52	600.0	-0	189	101.9	17.7	0.273	1.0	111115
168	"10:40:31"	348.5	-12.9	0.188	586	7.82	4.27	6	1	2.84	41.42	40.45	41.50	499.60	508.50	25.039	32.607	31.89	41.53	600.0	-0	186	101.9	17.7	0.273	1.0	111115
169	"10:40:32"	350.0	-12.8	0.188	585	7.83	4.27	6	1	2.84	41.42	40.44	41.50	499.65	508.46	25.040	32.612	31.90	41.55	600.1	0	186	101.9	17.7	0.273	1.0	111115
170	"10:40:33"	351.0	-12.9	0.188	586	7.83	4.27	6	1	2.84	41.42	40.44	41.49	499.61	508.50	25.040	32.610	31.91	41.55	600.1	0	188	101.9	17.7	0.273	1.0	111115
171	"10:40:35"	352.5	-12.9	0.188	586	7.83	4.27	6	1	2.84	41.41	40.44	41.49	499.55	508.46	25.042	32.612	31.92	41.57	600.1	-0	188	101.9	17.7	0.273	1.0	111115
172	"10:40:36"	353.5	-12.9	0.189	586	7.82	4.27	6	1	2.84	41.41	40.44	41.49	499.54	508.46	25.043	32.611	31.92	41.57	600.1	-0	191	101.9	17.7	0.273	1.0	111115
173	"10:40:37"	355.0	-12.9	0.189	585	7.83	4.26	6	1	2.84	41.40	40.42	41.48	499.54	508.43	25.044	32.621	31.93	41.59	600.0	-0	188	101.9	17.7	0.273	1.0	111115
174	"10:40:38"	356.0	-12.9	0.189	585	7.83	4.26	6	1	2.84	41.40	40.42	41.48	499.54	508.43	25.045	32.620	31.94	41.60	600.0	-0	185	101.9	17.7	0.273	1.0	111115
175	"10:40:40"	357.5	-13	0.189	587	7.83	4.26	6	1	2.84	41.40	40.41	41.47	499.48	508.51	25.047	32.620	31.95	41.61	600.0	-0	190	101.9	17.7	0.273	1.0	111115
176	"10:40:41"	358.0	-13	0.189	586	7.83	4.26	6	1	2.84	41.39	40.41	41.47	499.50	508.51	25.047	32.619	31.95	41.61	600.0	-0	193	101.9	17.7	0.273	1.0	111115
177	"10:40:42"	359.0	-13.1	0.189	587	7.83	4.26	6	1	2.84	41.39	40.41	41.47	499.49	508.58	25.047	32.620	31.96	41.62	600.0	-0	203	101.9	17.7	0.273	1.0	111115
178	"10:40:43"	361.0	-13	0.189	586	7.83	4.26	6	1	2.84	41.38	40.41	41.46	499.52	508.54	25.048	32.625	31.97	41.64	600.0	-0	221	101.9	17.7	0.273	1.0	111115
179	"10:40:44"	362.0	-13	0.189	587	7.83	4.25	6	1	2.84	41.38	40.41	41.46	499.51	508.55	25.049	32.626	31.98	41.65	600.0	-0	228	101.9	17.7	0.273	1.0	111115
180	"10:40:46"	363.5	-12.9	0.189	585	7.83	4.25	6	1	2.84	41.38	40.40	41.46	499.54	508.46	25.052	32.625	31.99	41.66	600.0	-0	251	101.9	17.7	0.273	1.0	111115
181	"10:40:47"	364.5	-12.9	0.19	585	7.83	4.25	6	1	2.84	41.37	40.40	41.45	499.58	508.50	25.053	32.628	31.99	41.67	600.0	-0	232	101.9	17.7	0.273	1.0	111115
182	"10:40:48"	366.0	-13	0.19	586	7.83	4.25	6	1	2.84	41.37	40.39	41.45	499.56	508.54	25.053	32.624	32.00	41.67	600.0	-0	189	101.9	17.7	0.273	1.0	111115
183	"10:40:49"	367.0	-13.1	0.19	587	7.83	4.24	6	1	2.84	41.37	40.38	41.45	499.46	508.58	25.052	32.625	32.01	41.68	600.0	-0	153	101.9	17.7	0.273	1.0	111115
184	"10:40:51"	368.5	-13.1	0.19	587	7.83	4.24	6	1	2.84	41.36	40.38	41.44	499.47	508.55	25.052	32.623	32.01	41.69	600.0	-0	130	101.9	17.7	0.273	1.0	111115
185	"10:40:52"	369.5	-13.1	0.19	587	7.83	4.24	6	1	2.84	41.36	40.37	41.44	499.42	508.57	25.052	32.623	32.02	41.70	600.0	0	130	101.9	17.7	0.273	1.0	111115
186	"10:40:53"	371.0	-13.1	0.19	587	7.82	4.24	6	1	2.84	41.35	40.36	41.44	499.46	508.59	25.056	32.623	32.03	41.71	600.0	-0	129	101.9	17.7	0.273	1.0	111115
187	"10:40:54"	372.0	-13.1	0.19	587	7.82	4.23	6	1	2.84	41.35	40.36	41.43	499.44	508.58	25.056	32.621	32.04	41.71	600.0	-0	131	101.9	17.7	0.273	1.0	111115
188	"10:40:56"	373.5	-13.1	0.19	587	7.83	4.23	6	1	2.84	41.35	40.35	41.43	499.48	508.61	25.056	32.626	32.04	41.73	600.0	-0	140	101.9	17.7	0.273	1.0	111115
189	"10:40:57"	374.5	-13.1	0.19	587	7.83	4.23	6	1	2.84	41.34	40.35	41.43	499.48	508.62	25.055	32.627	32.05	41.73	600.0	-0	148	101.9	17.7	0.273	1.0	111115
190	"10:40:58"	376.0	-13	0.19	586	7.83	4.23	6	1	2.84	41.34	40.34	41.42	499.56	508.59	25.055	32.626	32.06	41.74	600.0	-0	166	101.9	17.7	0.273	1.0	111115
191	"10:40:59"	377.0	-13.1	0.19	587	7.82	4.23	6	1	2.84	41.34	40.34	41.42	499.52	508.61	25.056	32.624	32.06	41.75	600.0	-0	191	101.9	17.7	0.273	1.0	111115
192	"10:41:01"	378.5	-13	0.191	586	7.82	4.22	6	1	2.84	41.33	40.33	41.42	499.52	508.59	25.057	32.624	32.07	41.76	600.0	-0	212	101.9	17.7	0.273	1.0	111115
193	"10:41:02"	379.5	-13.1	0.191	587	7.82	4.22	6	1	2.84	41.33	40.32	41.41	499.47	508.56	25.057	32.623	32.08	41.76	600.0	-0	210	101.9	17.7	0.273	1.0	111115
194	"10:41:03"	381.0	-13	0.191	586	7.81	4.22	6	1	2.84	41.32	40.31	41.41	499.42	508.50	25.056	32.613	32.09	41.76	600.0	-0	186	101.9	17.7	0.273	1.0	111115
195	"10:41:04"	382.0	-13.1	0.191	587	7.81	4.21	6	1	2.84	41.32	40.31	41.41	499.36	508.52	25.058	32.611	32.10	41.77	600.0	0	162	101.9	17.7	0.273	1.0	111115
196	"10:41:06"	383.5	-13.2	0.191	587	7.8	4.21	6	1	2.84	41.31	40.30	41.40	499.38	508.57	25.058	32.609	32.11	41.78	600.0	-0	145	101.9	17.7	0.273	1.0	111115
197	"10:41:07"	384.5	-13.1	0.191	587	7.81	4.21	6	1	2.84	41.31	40.29	41.40	499.41	508.56	25.058	32.612	32.11	41.79	600.0	-0	142	101.8	17.7	0.273	1.0	111115
198	"10:41:08"	386.0	-13	0.191	586	7.81	4.2	6	1	2.84	41.30	40.28	41.39	499.45	508.51	25.057	32.616	32.12	41.81	600.0	-0	141	101.9	17.7	0.273	1.0	111115
199	"10:41:09"	387.0	-12.9	0.191	585	7.81	4.2	6	1	2.84	41.30	40.28	41.39	499.50	508.47	25.059	32.617	32.13	41.82	600.0	-0	139	101.9	17.7	0.273	1.0	111115
200	"10:41:11"	388.5	-13	0.191	585	7.81	4.2	6	1	2.84	41.29	40.28	41.38	499.53	508.51	25.060	32.619	32.14	41.83	600.0	-0	136	101.9	17.7	0.273	1.0	111115
201	"10:41:12"	389.5	-13	0.191	586	7.81	4.2	6	1	2.84	41.29	40.27	41.38	499.52	508.55	25.061	32.615	32.15	41.84	600.0	-0	136	101.9	17.7	0.273	1.0	111115
202	"10:41:13"	391.0	-13.2	0.191	587	7.8	4.2	6	1	2.84	41.28	40.26	41.38	499.38	508.59	25.062	32.611	32.16	41.84	600.0	-0	139	101.9	17.7	0.273	1.0	111115
203	"10:41:14"	391.5	-13.2	0.191	587	7.8	4.2	6	1	2.84	41.28	40.26	41.37	499.36	508.58	25.061	32.611	32.16	41.85	600.0	-0	141	101.9	17.7	0.273	1.0	111115
204	"10:41:15"	392.0	-13.2	0.191	588	7.8	4.2	6	1	2.84	41.28	40.26	41.37	499.34	508.59	25.063	32.612	32.16	41.85	600.0	-0	141	101.9	17.7	0.273	1.0	111115
205	"10:41:17"	394.5	-13.1	0.192	587	7.81	4.19	6	1	2.84	41.27	40.25	41.36	499.39	508.55	25.061	32.613	32.18	41.88	600.0	0	145	101.9	17.7	0.273	1.0	111115
206	"10:41:18"	396.0	-13.2	0.192	587	7.8	4.19	6	1	2.84	41.27	40.24	41.36	499.37	508.59	25.059	32.608	32.19	41.88	600.0	-0	144	101.9	17.7	0.273	1.0	111115
207	"10:41:19"	397.0	-13.2	0.192	587	7.8	4.19	6	1	2.84	41.26	40.23	41.36	499.32	508.56	25.058	32.607	32.19	41.89	600.0	-0	139	101.9	17.7	0.273	1.0	111115
208	"10:41:21"	398.5	-13.2	0.192	588	7.8	4.18	6	1	2.84	41.26	40.22	41.35	499.30	508.57	25.059	32.602	32.20	41.90	600.1	-0	133	101.9	17.7	0.273	1.0	111115
209	"10:41:22"	399.5	-13.2	0.192	587	7.79	4.18	6	1	2.84	41.25	40.22	41.35	499.33	508.55	25.060	32.598	32.21	41.90	600.1	-0	129	101.9	17.7	0.273	1.0	111115
210	"10:41:23"	401.0	-13.1	0.192	586	7.79	4.18	6	1	2.84	41.25	40.21	41.34	499.39	508.50	25.063	32.594	32.23	41.91	600.2	-0	127	101.9	17.7	0.273	1.0	111115
211	"10:41:24"	402.0	-13	0.192	586	7.78	4.18	6	1	2.84	41.24	40.21	41.34	499.38	508.45	25.060	32.588	32.23	41.91	600.1	-0	132	101.9	17.7	0.273	1.0	111115
212	"10:41:26"	403.5	-13	0.192	585	7.78	4.17	6	1	2.84	41.24	40.20	41.33	499.39	508.43	25.059	32.590	32.24	41.93	600.0	0	142	101.9	17.7	0.273	1.0	111115
213	"10:41:27"	404.5	-13	0.192	585	7.78	4.17	6	1	2.84	41.23	40.19	41.33	499.37	508.40	25.057	32.588	32.24	41.93	599.9	-0	151	101.9	17.7	0.273	1.0	111115
214	"10:41:28"	406.0	-13	0.192	586	7.78	4.17	6	1	2.84	41.22	40.18	41.32	499.37	508.44	25.057	32.586	32.25	41.95	600.0	-0	155	101.9	17.7	0.273	1.0	111115
215	"10:41:29"	407.0	-13	0.192	586	7.78	4.17	6	1	2.84	41.22	40.18	41.32	499.33	508.41	25.056	32.584	32.26	41.95	600.0	-0	158	101.9	17.7	0.273	1.0	111115
216	"10:41:31"	408.5	-13.1	0.192	586	7.78	4.16	6	1	2.84	41.21	40.18	41.31	499.30	508.46	25.057	32.581	32.27	41.96	600.0	-0	151	101.9	17.7	0.273	1.0	111115
217	"10:41:32"	409.5	-13.2	0.192	587	7.77	4.16	6	1	2.84	41.21	40.17	41.31	499.29	508.50	25.057	32.577	32.28	41.97	600.1	-0	148	101.9	17.7	0.273	1.0	111115
218	"10:41:33"	411.0	-13.2	0.192	587	7.78	4.16	6	1	2.84	41.20	40.17	41.30	499.29	508.56	25.058	32.579	32.29	41.98	600.1	-0	144	101.9	17.7	0.273	1.0	111115
219	"10:41:34"	412.0	-13.1	0.192	587	7.77	4.16	6	1	2.84	41.20	40.16	41.30	499.37	508.55	25.058	32.575	32.30	41.99	600.1	-0	148	101.9	17.7	0.273	1.0	111115
220	"10:41:36"	413.5	-13	0.192	586	7.76	4.16	6	1	2.84	41.19	40.15	41.29	499.41	508.47	25.058	32.569	32.31	41.99	600.0	-0	162	101.9	17.7	0.273	1.0	111115
221	"10:41:37"	414.5	-13	0.193	585	7.77	4.15	6	1	2.84	41.19	40.14	41.29	499.42	508.45	25.058	32.570	32.31	42.00	600.0	-0	174	101.9	17.7	0.273	1.0	111115
222	"10:41:38"	416.0	-13.1	0.193	586	7.76	4.15	6	1	2.84	41.18	40.14	41.29	499.33	508.50	25.056	32.567	32.32	42.01	600.0	-0	183	101.9	17.7	0.273	1.0	111115
223	"10:41:39"	417.0	-13.2	0.193	587	7.77	4.15	6	1	2.84	41.18	40.13	41.28	499.28	508.52	25.055	32.570	32.33	42.02	600.0	-0	185	101.9	17.7	0.273	1.0	111115
224	"10:41:41"	418.5	-13.4	0.193	589	7.77	4.14	6	1	2.84	41.17	40.12	41.28	499.15	508.64	25.055	32.569	32.34	42.04	599.9	-0	168	101.9	17.7	0.273	1.0	111115
225	"10:41:42"	419.0	-13.4	0.193	588	7.77	4.14	6	1	2.84	41.17	40.12	41.27	499.19	508.60	25.055	32.569	32.34	42.04	599.9	-0	164	101.9	17.7	0.273	1.0	111115
226	"10:41:43"	421.0	-13.5	0.193	589	7.76	4.14	6	1	2.84	41.16	40.12	41.27	499.15	508.67	25.055	32.561	32.36	42.05	599.9	-0	134	101.9	17.7	0.273	1.0	111115
227	"10:41:44"	422.0	-13.4	0.193	589	7.75	4.14	6	1	2.84	41.16	40.12	41.26	499.21	508.62	25.056	32.558	32.36	42.05	599.9	-0	128	101.9	17.7	0.273	1.0	111115
228	"10:41:46"	423.5	-13.3	0.193	588	7.75	4.14	6	1	2.84	41.15	40.11	41.26	499.23	508.63	25.057	32.557	32.37	42.06	600.0	-0	117	101.9	17.7	0.273	1.0	111115
229	"10:41:47"	424.5	-13.3	0.193	588	7.76	4.14	6	1	2.84	41.15	40.11	41.26	499.26	508.66	25.058	32.561	32.38	42.08	600.0	-0	115	101.9	17.7	0.273	1.0	111115
230	"10:41:48"	426.0	-13.3	0.193	588	7.76	4.14	6	1	2.84	41.15	40.10	41.25	499.27	508.66	25.058	32.561	32.39	42.09	600.1	-0	110	101.9	17.7	0.273	1.0	111115
231	"10:41:49"	427.0	-13.3	0.193	588	7.75	4.13	6	1	2.84	41.14	40.09	41.25	499.25	508.65	25.059	32.560	32.40	42.10	600.1	-0	112	101.9	17.7	0.273	1.0	111115
232	"10:41:51"	428.5	-13.3	0.193	588	7.75	4.13	6	1	2.84	41.14	40.09	41.24	499.23	508.59	25.060	32.553	32.41	42.10	600.1	-0	138	101.9	17.7	0.273	1.0	111115
233	"10:41:52"	429.5	-13.3	0.193	588	7.75	4.13	6	1	2.84	41.13	40.09	41.24	499.25	508.60	25.059	32.552	32.41	42.11	600.0	-0	145	101.9	17.7	0.273	1.0	111115
234	"10:41:53"	431.0	-13.2	0.193	587	7.74	4.13	6	1	2.84	41.13	40.08	41.23	499.31	508.60	25.059	32.548	32.42	42.11	600.0	-0	152	101.9	17.7	0.273	1.0	111115
235	"10:41:54"	432.0	-13.2	0.193	587	7.74	4.13	6	1	2.84	41.12	40.08	41.23	499.34	508.60	25.058	32.550	32.43	42.12	600.0	-0	140	101.9	17.7	0.273	1.0	111115
236	"10:41:56"	433.5	-13.1	0.193	586	7.75	4.13	6	1	2.84	41.12	40.07	41.22	499.37	508.57	25.058	32.551	32.44	42.14	600.0	-0	129	101.9	17.7	0.273	1.0	111115
237	"10:41:57"	434.5	-13.2	0.194	587	7.75	4.12	6	1	2.84	41.12	40.06	41.22	499.33	508.58	25.056	32.553	32.44	42.15	600.0	-0	125	101.9	17.7	0.273	1.0	111115
238	"10:41:58"	436.0	-13.2	0.194	586	7.75	4.12	6	1	2.84	41.11	40.05	41.22	499.35	508.57	25.057	32.552	32.45	42.16	600.0	-0	116	101.9	17.7	0.273	1.0	111115
239	"10:41:59"	437.0	-13.2	0.194	587	7.75	4.12	6	1	2.84	41.11	40.05	41.21	499.31	508.61	25.058	32.554	32.46	42.17	600.0	-0	116	101.9	17.7	0.273	1.0	111115
240	"10:42:01"	438.5	-13.2	0.194	587	7.74	4.12	6	1	2.84	41.10	40.05	41.21	499.35	508.64	25.059	32.548	32.47	42.17	600.1	0	114	101.9	17.7	0.273	1.0	111115
241	"10:42:02"	439.5	-13.2	0.194	587	7.74	4.12	6	1	2.84	41.10	40.05	41.21	499.36	508.65	25.058	32.545	32.47	42.17	600.1	-0	113	101.9	17.7	0.273	1.0	111115
242	"10:42:03"	441.0	-13.3	0.194	588	7.74	4.12	6	1	2.84	41.09	40.05	41.20	499.28	508.66	25.056	32.546	32.48	42.19	600.0	-0	112	101.9	17.7	0.273	1.0	111115
243	"10:42:04"	442.0	-13.3	0.194	588	7.74	4.12	6	1	2.84	41.09	40.05	41.20	499.25	508.62	25.056	32.547	32.48	42.20	600.0	-0	111	101.9	17.7	0.273	1.0	111115
244	"10:42:06"	443.5	-13.3	0.194	588	7.75	4.12	6	1	2.84	41.08	40.04	41.19	499.24	508.62	25.055	32.549	32.49	42.21	600.0	-0	113	101.9	17.7	0.273	1.0	111115
245	"10:42:07"	444.5	-13.3	0.194	588	7.75	4.12	6	1	2.84	41.08	40.04	41.19	499.24	508.64	25.056	32.552	32.50	42.22	600.0	-0	115	101.9	17.7	0.273	1.0	111115
246	"10:42:08"	446.0	-13.5	0.194	589	7.75	4.11	6	1	2.84	41.08	40.04	41.18	499.13	508.68	25.057	32.551	32.51	42.23	600.1	0	118	101.9	17.7	0.273	1.0	111115
247	"10:42:09"	447.0	-13.6	0.194	590	7.75	4.11	6	1	2.84	41.07	40.04	41.18	499.08	508.71	25.056	32.555	32.51	42.24	600.1	-0	119	101.9	17.7	0.273	1.0	111115
