"OPEN 5.3.2"
"Fri Aug  3 2018 10:53:34"
"Unit="	"PSC-895"
"ComputeList="	"/User/Configs/Comps/Default"
"BLCTable="	"/Sys/Lib/StdBLCTable"
"LightSource="	"Sun+Sky"	1	0.19
"LogFormat="	"/User/Configs/LogFormats/Std Output"
"LogCodes="	-35	-21	-36	30	23	36	21	25	-33	-34	-32	-9	-10	-8	-1	-2	-4	-5	-14	-15	-7	-12	-13	-11	-65	-66	-72	-23
"PromptList="	"/User/Configs/Prompts/Default (none)"
"Stability= (CO2S 15s SLP<1)(H2OS 15s SLP<1)(Flow 15s SLP<1)"
"10:53:36 "
$STARTOFDATA$
"Obs"	"HHMMSS"	"FTime"	"Photo"	"Cond"	"Ci"	"Trmmol"	"VpdL"	"Area"	"StmRat"	"BLCond"	"Tair"	"Tleaf"	"TBlk"	"CO2R"	"CO2S"	"H2OR"	"H2OS"	"RH_R"	"RH_S"	"Flow"	"PARi"	"PARo"	"Press"	"CsMch"	"HsMch"	"StableF"	"Status"
1	"10:55:36"	165.0	-9.86	0.53	512	13.9	3.01	6	1	2.84	39.28	38.56	39.29	499.82	502.67	24.426	37.825	34.86	53.99	600.0	-0	1200	101.8	14.2	0.0613	0.3	111115
2	"10:55:37"	166.0	-9.95	0.53	513	13.9	3.01	6	1	2.84	39.28	38.56	39.29	499.77	502.72	24.426	37.819	34.86	53.98	600.0	-0	1207	101.8	14.2	0.0613	0.3	111115
3	"10:55:39"	167.5	-10	0.53	513	13.9	3.01	6	1	2.84	39.29	38.56	39.29	499.76	502.78	24.427	37.835	34.86	54.00	600.0	-0	937	101.8	14.2	0.0613	0.3	111115
4	"10:55:40"	168.0	-10.1	0.531	513	13.9	3.01	6	1	2.84	39.29	38.56	39.30	499.76	502.82	24.426	37.841	34.86	54.00	600.0	-0	834	101.8	14.2	0.0613	0.3	111115
5	"10:55:41"	170.0	-10	0.532	513	14	3.01	6	1	2.84	39.29	38.56	39.30	499.84	502.83	24.426	37.862	34.85	54.03	600.0	-0	283	101.8	14.2	0.0613	0.3	111115
6	"10:55:42"	171.0	-9.94	0.532	513	14	3.01	6	1	2.84	39.29	38.56	39.30	499.89	502.80	24.426	37.865	34.85	54.02	600.0	-0	99	101.8	14.2	0.0613	0.7	111115
7	"10:55:44"	172.5	-9.99	0.532	513	14	3.01	6	1	2.84	39.29	38.57	39.30	499.81	502.77	24.426	37.874	34.85	54.03	600.0	-0	85	101.8	14.2	0.0613	1.0	111115
8	"10:55:45"	173.5	-10.1	0.532	513	14	3.01	6	1	2.84	39.30	38.57	39.30	499.76	502.79	24.428	37.875	34.85	54.03	600.0	-0	196	101.8	14.2	0.0613	1.0	111115
9	"10:55:46"	175.0	-10.1	0.533	513	14	3.01	6	1	2.84	39.30	38.57	39.30	499.71	502.81	24.428	37.885	34.84	54.04	600.0	-0	403	101.8	14.2	0.0613	1.0	111115
10	"10:55:47"	176.0	-10.2	0.533	514	14	3.01	6	1	2.84	39.30	38.57	39.31	499.71	502.86	24.430	37.888	34.84	54.04	600.0	-0	600	101.8	14.2	0.0613	1.0	111115
11	"10:55:49"	177.5	-10.2	0.534	514	14	3.01	6	1	2.84	39.30	38.58	39.31	499.73	502.87	24.430	37.907	34.84	54.06	600.0	-0	936	101.8	14.2	0.0613	1.0	111115
12	"10:55:50"	178.5	-10.2	0.534	514	14	3.01	6	1	2.84	39.30	38.58	39.31	499.69	502.87	24.431	37.914	34.84	54.06	600.0	-0	1124	101.8	14.2	0.0613	1.0	111115
13	"10:55:51"	180.0	-10.1	0.535	513	14	3.01	6	1	2.84	39.30	38.59	39.31	499.73	502.82	24.432	37.937	34.83	54.09	600.0	-0	1329	101.8	14.2	0.0613	1.0	111115
14	"10:55:52"	181.0	-10.1	0.535	513	14	3.01	6	1	2.84	39.31	38.59	39.31	499.78	502.79	24.433	37.945	34.83	54.10	600.0	-0	1350	101.8	14.2	0.0613	1.0	111115
15	"10:55:54"	182.5	-10.1	0.536	513	14.1	3.01	6	1	2.84	39.31	38.59	39.31	499.83	502.84	24.434	37.955	34.83	54.11	599.9	-0	1355	101.8	14.2	0.0613	1.0	111115
16	"10:55:55"	183.5	-10.1	0.536	513	14.1	3.01	6	1	2.84	39.31	38.59	39.32	499.86	502.86	24.434	37.956	34.83	54.11	599.9	-0	1356	101.8	14.2	0.0613	1.0	111115
17	"10:55:56"	185.0	-10.2	0.535	513	14	3.01	6	1	2.84	39.31	38.59	39.32	499.83	502.94	24.436	37.951	34.83	54.10	600.0	-0	1349	101.8	14.2	0.0613	1.0	111115
18	"10:55:57"	186.0	-10.2	0.535	513	14	3.01	6	1	2.84	39.31	38.59	39.32	499.83	502.93	24.438	37.945	34.83	54.09	600.0	-0	1331	101.8	14.2	0.0613	1.0	111115
19	"10:55:59"	187.5	-10.1	0.534	513	14	3.01	6	1	2.84	39.31	38.60	39.32	499.88	502.91	24.441	37.940	34.83	54.08	600.0	-0	1291	101.8	14.2	0.0613	1.0	111115
20	"10:56:00"	188.5	-10.2	0.534	513	14	3.01	6	1	2.84	39.31	38.60	39.32	499.80	502.90	24.441	37.940	34.83	54.07	600.0	-0	1266	101.8	14.2	0.0613	1.0	111115
21	"10:56:01"	190.0	-10.1	0.533	513	14	3.02	6	1	2.84	39.31	38.60	39.32	499.82	502.87	24.442	37.931	34.83	54.05	600.0	0	1036	101.8	14.2	0.0613	1.0	111115
22	"10:56:02"	191.0	-10.1	0.532	513	14	3.02	6	1	2.84	39.31	38.61	39.33	499.77	502.85	24.445	37.929	34.83	54.05	600.0	-0	1066	101.8	14.2	0.0613	1.0	111115
23	"10:56:04"	192.5	-10	0.532	513	14	3.02	6	1	2.84	39.32	38.60	39.33	499.79	502.75	24.447	37.922	34.83	54.04	600.0	-0	1095	101.8	14.2	0.0613	1.0	111115
24	"10:56:05"	193.5	-9.92	0.532	512	14	3.02	6	1	2.84	39.32	38.60	39.33	499.79	502.67	24.450	37.920	34.84	54.03	600.0	-0	1352	101.8	14.2	0.0613	1.0	111115
25	"10:56:06"	195.0	-9.92	0.531	513	14	3.02	6	1	2.84	39.32	38.61	39.33	499.83	502.71	24.451	37.915	34.83	54.02	600.0	-0	1278	101.8	14.2	0.0613	1.0	111115
26	"10:56:07"	196.0	-9.92	0.53	513	14	3.02	6	1	2.84	39.32	38.61	39.33	499.85	502.74	24.452	37.908	34.83	54.00	600.0	-0	1133	101.8	14.2	0.0613	1.0	111115
27	"10:56:09"	197.5	-9.87	0.53	512	14	3.02	6	1	2.84	39.32	38.61	39.33	499.92	502.76	24.455	37.901	34.84	53.99	600.0	-0	1157	101.8	14.2	0.0613	1.0	111115
28	"10:56:10"	198.5	-9.78	0.529	512	14	3.02	6	1	2.84	39.32	38.61	39.33	499.94	502.70	24.458	37.891	34.84	53.97	600.0	-0	1162	101.8	14.2	0.0613	1.0	111115
29	"10:56:11"	200.0	-9.8	0.528	512	14	3.02	6	1	2.84	39.32	38.61	39.33	499.88	502.67	24.461	37.883	34.84	53.96	600.0	0	1407	101.8	14.2	0.0613	1.0	111115
30	"10:56:12"	201.0	-9.8	0.527	512	13.9	3.02	6	1	2.84	39.32	38.61	39.33	499.87	502.66	24.463	37.879	34.84	53.95	600.0	-0	1406	101.8	14.2	0.0613	1.0	111115
31	"10:56:14"	202.5	-9.92	0.527	513	13.9	3.03	6	1	2.84	39.32	38.61	39.34	499.84	502.75	24.466	37.871	34.84	53.94	600.0	-0	1375	101.8	14.2	0.0613	1.0	111115
32	"10:56:15"	203.5	-9.86	0.526	513	13.9	3.03	6	1	2.84	39.33	38.62	39.34	499.86	502.72	24.468	37.868	34.85	53.93	600.0	-0	1342	101.8	14.2	0.0613	1.0	111115
33	"10:56:16"	205.0	-10	0.525	513	13.9	3.03	6	1	2.84	39.33	38.62	39.34	499.77	502.78	24.474	37.860	34.85	53.91	600.0	-0	1326	101.8	14.2	0.0613	1.0	111115
34	"10:56:17"	206.0	-10.1	0.525	513	13.9	3.03	6	1	2.84	39.33	38.62	39.34	499.71	502.77	24.476	37.858	34.85	53.91	600.0	-0	1339	101.8	14.2	0.0613	1.0	111115
35	"10:56:19"	207.5	-10.1	0.524	514	13.9	3.03	6	1	2.84	39.33	38.62	39.34	499.64	502.78	24.480	37.851	34.86	53.90	600.0	-0	1380	101.8	14.2	0.0613	1.0	111115
36	"10:56:20"	208.5	-10.2	0.524	514	13.9	3.03	6	1	2.84	39.33	38.62	39.34	499.62	502.80	24.482	37.847	34.86	53.89	600.0	-0	1393	101.8	14.2	0.0613	1.0	111115
37	"10:56:21"	210.0	-9.97	0.523	513	13.9	3.03	6	1	2.84	39.33	38.62	39.34	499.76	502.75	24.485	37.845	34.86	53.88	600.0	0	1399	101.8	14.2	0.0613	1.0	111115
38	"10:56:22"	211.0	-10.1	0.523	513	13.9	3.03	6	1	2.84	39.33	38.63	39.34	499.70	502.78	24.489	37.841	34.86	53.87	600.1	0	1401	101.8	14.2	0.0613	1.0	111115
39	"10:56:24"	212.5	-9.99	0.522	513	13.9	3.03	6	1	2.84	39.33	38.63	39.35	499.70	502.72	24.492	37.836	34.86	53.86	600.1	0	1405	101.8	14.2	0.0613	1.0	111115
40	"10:56:25"	213.5	-10	0.521	513	13.9	3.04	6	1	2.84	39.33	38.63	39.35	499.67	502.74	24.493	37.831	34.87	53.85	600.1	-0	1406	101.8	14.2	0.0613	1.0	111115
41	"10:56:26"	215.0	-10.1	0.521	513	13.9	3.04	6	1	2.84	39.33	38.63	39.35	499.67	502.77	24.495	37.827	34.87	53.84	600.0	-0	1407	101.8	14.2	0.0613	1.0	111115
42	"10:56:27"	216.0	-9.99	0.521	513	13.9	3.04	6	1	2.84	39.34	38.63	39.35	499.74	502.76	24.496	37.827	34.87	53.84	600.0	-0	1408	101.8	14.2	0.0613	1.0	111115
43	"10:56:29"	217.5	-10	0.52	513	13.8	3.04	6	1	2.84	39.34	38.64	39.35	499.73	502.78	24.499	37.824	34.87	53.83	600.0	-0	1409	101.8	14.2	0.0613	1.0	111115
44	"10:56:30"	218.5	-10.1	0.52	514	13.8	3.04	6	1	2.84	39.34	38.64	39.35	499.70	502.79	24.501	37.821	34.87	53.83	600.0	-0	1410	101.8	14.2	0.0613	1.0	111115
45	"10:56:31"	220.0	-10.1	0.519	514	13.8	3.04	6	1	2.84	39.34	38.64	39.35	499.66	502.82	24.503	37.814	34.87	53.82	600.0	-0	1411	101.8	14.2	0.0613	1.0	111115
46	"10:56:32"	221.0	-10.1	0.518	514	13.8	3.04	6	1	2.84	39.34	38.64	39.35	499.64	502.83	24.505	37.809	34.87	53.81	600.0	-0	1412	101.8	14.2	0.0613	1.0	111115
47	"10:56:34"	222.5	-10	0.518	514	13.8	3.04	6	1	2.84	39.34	38.64	39.35	499.66	502.75	24.508	37.805	34.88	53.80	600.0	-0	1412	101.8	14.2	0.0613	1.0	111115
48	"10:56:35"	223.5	-9.95	0.518	513	13.8	3.04	6	1	2.84	39.34	38.65	39.35	499.69	502.69	24.510	37.805	34.88	53.79	600.0	-0	1413	101.8	14.2	0.0613	1.0	111115
49	"10:56:36"	225.0	-9.83	0.518	513	13.8	3.04	6	1	2.84	39.34	38.65	39.35	499.74	502.63	24.513	37.807	34.88	53.79	600.0	-0	1414	101.8	14.2	0.0613	1.0	111115
50	"10:56:37"	226.0	-9.92	0.517	513	13.8	3.04	6	1	2.84	39.34	38.65	39.36	499.70	502.67	24.515	37.807	34.88	53.79	600.0	-0	1415	101.8	14.2	0.0613	1.0	111115
51	"10:56:39"	227.5	-10	0.517	514	13.8	3.05	6	1	2.84	39.34	38.65	39.36	499.62	502.72	24.518	37.807	34.88	53.79	600.0	-0	1413	101.8	14.2	0.0613	1.0	111115
52	"10:56:40"	228.5	-9.99	0.517	513	13.8	3.05	6	1	2.84	39.34	38.65	39.36	499.64	502.70	24.520	37.803	34.88	53.78	600.0	-0	1414	101.8	14.2	0.0613	1.0	111115
53	"10:56:41"	230.0	-10	0.516	514	13.8	3.05	6	1	2.84	39.35	38.65	39.36	499.61	502.70	24.524	37.800	34.89	53.78	600.0	-0	1417	101.8	14.2	0.0613	1.0	111115
54	"10:56:42"	231.0	-9.99	0.516	513	13.8	3.05	6	1	2.84	39.35	38.65	39.36	499.66	502.72	24.526	37.796	34.89	53.77	600.0	-0	1420	101.8	14.2	0.0613	1.0	111115
55	"10:56:44"	232.5	-9.9	0.514	513	13.8	3.05	6	1	2.84	39.35	38.66	39.36	499.73	502.71	24.530	37.783	34.89	53.75	600.0	-0	1425	101.8	14.2	0.0613	1.0	111115
56	"10:56:45"	233.5	-9.84	0.514	513	13.8	3.05	6	1	2.84	39.35	38.66	39.36	499.78	502.70	24.533	37.782	34.90	53.74	600.0	0	1428	101.8	14.2	0.0613	1.0	111115
57	"10:56:46"	235.0	-9.71	0.514	512	13.8	3.05	6	1	2.84	39.35	38.66	39.36	499.85	502.64	24.538	37.779	34.90	53.74	600.0	0	1434	101.8	14.2	0.0613	1.0	111115
58	"10:56:47"	236.0	-9.73	0.514	512	13.8	3.05	6	1	2.84	39.35	38.66	39.36	499.80	502.61	24.540	37.788	34.91	53.75	600.1	0	1425	101.8	14.2	0.0613	1.0	111115
59	"10:56:49"	237.5	-9.65	0.514	512	13.8	3.05	6	1	2.84	39.35	38.66	39.36	499.84	502.57	24.545	37.784	34.91	53.74	600.1	-0	1425	101.8	14.2	0.0613	1.0	111115
60	"10:56:50"	238.5	-9.59	0.514	512	13.8	3.05	6	1	2.84	39.35	38.66	39.36	499.85	502.53	24.548	37.783	34.91	53.74	600.1	-0	1430	101.8	14.2	0.0613	1.0	111115
61	"10:56:51"	240.0	-9.65	0.513	512	13.7	3.05	6	1	2.84	39.35	38.66	39.36	499.85	502.59	24.552	37.776	34.92	53.72	600.0	-0	1442	101.8	14.2	0.0613	1.0	111115
62	"10:56:52"	241.0	-9.67	0.512	512	13.7	3.05	6	1	2.84	39.35	38.66	39.36	499.82	502.59	24.556	37.771	34.92	53.71	600.0	-0	1376	101.8	14.2	0.0613	1.0	111115
63	"10:56:54"	242.5	-9.63	0.512	512	13.7	3.05	6	1	2.84	39.35	38.66	39.36	499.81	502.54	24.560	37.767	34.92	53.71	600.0	-0	1099	101.8	14.2	0.0613	1.0	111115
64	"10:56:55"	243.5	-9.72	0.512	513	13.7	3.05	6	1	2.84	39.35	38.66	39.36	499.78	502.60	24.562	37.771	34.93	53.71	600.0	-0	890	101.8	14.2	0.0613	1.0	111115
65	"10:56:56"	245.0	-9.81	0.511	513	13.7	3.06	6	1	2.84	39.36	38.66	39.37	499.74	502.66	24.564	37.763	34.93	53.69	600.0	-0	639	101.8	14.2	0.0613	1.0	111115
66	"10:56:57"	246.0	-9.85	0.511	513	13.7	3.06	6	1	2.84	39.36	38.67	39.37	499.74	502.70	24.566	37.762	34.93	53.69	600.0	-0	596	101.8	14.2	0.0613	1.0	111115
67	"10:56:59"	247.5	-9.77	0.51	513	13.7	3.06	6	1	2.84	39.36	38.67	39.37	499.75	502.64	24.569	37.752	34.93	53.67	600.0	-0	613	101.8	14.2	0.0613	1.0	111115
68	"10:57:00"	248.5	-9.8	0.509	513	13.7	3.06	6	1	2.84	39.36	38.67	39.37	499.74	502.65	24.573	37.749	34.94	53.67	600.0	0	621	101.8	14.2	0.0613	1.0	111115
69	"10:57:01"	250.0	-9.77	0.509	513	13.7	3.06	6	1	2.84	39.36	38.68	39.37	499.79	502.67	24.573	37.742	34.93	53.66	600.0	0	628	101.8	14.2	0.0613	1.0	111115
70	"10:57:02"	251.0	-9.84	0.508	513	13.7	3.06	6	1	2.84	39.36	38.68	39.37	499.72	502.69	24.574	37.737	34.93	53.65	600.0	0	647	101.8	14.2	0.0613	1.0	111115
71	"10:57:04"	252.5	-9.91	0.508	513	13.7	3.06	6	1	2.84	39.36	38.68	39.37	499.65	502.69	24.574	37.731	34.93	53.64	600.0	-0	687	101.8	14.2	0.0613	1.0	111115
72	"10:57:05"	253.5	-9.97	0.507	514	13.7	3.06	6	1	2.84	39.36	38.68	39.37	499.60	502.70	24.574	37.725	34.93	53.62	600.0	-0	718	101.8	14.2	0.0613	1.0	111115
73	"10:57:06"	255.0	-10.1	0.507	514	13.7	3.06	6	1	2.84	39.36	38.68	39.37	499.59	502.80	24.573	37.715	34.93	53.61	600.0	-0	695	101.8	14.2	0.0613	1.0	111115
74	"10:57:07"	255.5	-10.1	0.507	514	13.7	3.06	6	1	2.84	39.36	38.67	39.37	499.57	502.82	24.572	37.714	34.93	53.61	600.0	-0	681	101.8	14.2	0.0613	1.0	111115
75	"10:57:08"	257.0	-10.1	0.506	514	13.6	3.06	6	1	2.84	39.36	38.67	39.37	499.60	502.84	24.571	37.704	34.93	53.59	600.0	-0	650	101.8	14.2	0.0613	1.0	111115
76	"10:57:10"	258.5	-10.1	0.506	514	13.6	3.07	6	1	2.84	39.36	38.67	39.37	499.58	502.82	24.573	37.697	34.93	53.58	600.0	-0	635	101.8	14.2	0.0613	1.0	111115
77	"10:57:11"	259.5	-10	0.505	514	13.6	3.07	6	1	2.84	39.36	38.67	39.37	499.62	502.78	24.575	37.689	34.93	53.57	600.0	-0	633	101.8	14.2	0.0613	1.0	111115
78	"10:57:12"	261.0	-9.84	0.504	513	13.6	3.07	6	1	2.84	39.36	38.68	39.37	499.74	502.74	24.578	37.684	34.93	53.56	600.0	-0	668	101.8	14.2	0.0613	1.0	111115
79	"10:57:13"	262.0	-9.82	0.504	513	13.6	3.07	6	1	2.84	39.36	38.68	39.37	499.80	502.77	24.580	37.679	34.93	53.55	600.0	-0	726	101.8	14.2	0.0613	1.0	111115
80	"10:57:15"	263.5	-9.7	0.503	513	13.6	3.07	6	1	2.84	39.36	38.68	39.37	499.84	502.70	24.582	37.672	34.94	53.54	600.1	-0	840	101.8	14.2	0.0613	1.0	111115
81	"10:57:16"	264.5	-9.65	0.502	513	13.6	3.07	6	1	2.84	39.36	38.68	39.38	499.81	502.63	24.583	37.663	34.94	53.52	600.1	-0	881	101.8	14.2	0.0613	1.0	111115
82	"10:57:17"	266.0	-9.66	0.502	513	13.6	3.07	6	1	2.84	39.36	38.68	39.38	499.76	502.60	24.584	37.653	34.94	53.51	600.0	-0	890	101.8	14.2	0.0613	1.0	111115
83	"10:57:18"	267.0	-9.77	0.502	513	13.6	3.07	6	1	2.84	39.37	38.68	39.38	499.70	502.65	24.585	37.652	34.94	53.51	600.0	-0	856	101.8	14.2	0.0613	1.0	111115
84	"10:57:20"	268.5	-9.86	0.501	514	13.6	3.07	6	1	2.84	39.37	38.68	39.38	499.68	502.71	24.588	37.648	34.94	53.50	600.0	-0	823	101.8	14.2	0.0613	1.0	111115
85	"10:57:21"	269.5	-9.92	0.5	514	13.6	3.08	6	1	2.84	39.37	38.69	39.38	499.65	502.75	24.591	37.641	34.94	53.49	600.0	-0	762	101.8	14.2	0.0613	1.0	111115
86	"10:57:22"	271.0	-9.79	0.499	513	13.5	3.08	6	1	2.84	39.37	38.69	39.38	499.70	502.68	24.594	37.629	34.95	53.47	600.1	-0	682	101.8	14.2	0.0613	1.0	111115
87	"10:57:23"	272.0	-9.75	0.499	513	13.5	3.08	6	1	2.84	39.37	38.69	39.38	499.73	502.68	24.595	37.622	34.95	53.46	600.0	-0	593	101.8	14.2	0.0613	1.0	111115
88	"10:57:25"	273.5	-9.8	0.498	513	13.5	3.08	6	1	2.84	39.37	38.69	39.38	499.70	502.70	24.596	37.619	34.95	53.45	600.0	-0	520	101.8	14.2	0.0613	1.0	111115
89	"10:57:26"	274.0	-9.86	0.498	514	13.5	3.08	6	1	2.84	39.37	38.69	39.38	499.70	502.75	24.598	37.618	34.95	53.45	600.0	-0	505	101.8	14.2	0.0613	1.0	111115
90	"10:57:27"	276.0	-9.99	0.497	514	13.5	3.08	6	1	2.84	39.37	38.70	39.38	499.60	502.79	24.601	37.618	34.95	53.44	600.0	-0	547	101.8	14.2	0.0613	1.0	111115
91	"10:57:28"	277.0	-9.87	0.497	514	13.5	3.08	6	1	2.84	39.37	38.70	39.38	499.66	502.74	24.604	37.616	34.95	53.44	600.0	-0	592	101.8	14.2	0.0613	1.0	111115
92	"10:57:30"	278.5	-9.83	0.497	514	13.5	3.08	6	1	2.84	39.37	38.70	39.38	499.67	502.71	24.604	37.617	34.95	53.44	600.1	-0	698	101.8	14.2	0.0613	1.0	111115
93	"10:57:31"	279.0	-9.83	0.497	514	13.5	3.08	6	1	2.84	39.37	38.70	39.38	499.68	502.71	24.605	37.617	34.95	53.44	600.0	-0	730	101.8	14.2	0.0613	1.0	111115
94	"10:57:32"	281.0	-9.87	0.497	514	13.5	3.08	6	1	2.84	39.37	38.69	39.38	499.68	502.76	24.607	37.612	34.95	53.43	600.0	0	911	101.8	14.2	0.0613	1.0	111115
95	"10:57:34"	282.5	-9.98	0.496	514	13.5	3.08	6	1	2.84	39.37	38.70	39.38	499.64	502.83	24.608	37.601	34.95	53.41	599.9	-0	1020	101.8	14.2	0.0613	1.0	111115
96	"10:57:35"	283.5	-9.96	0.495	514	13.5	3.08	6	1	2.84	39.37	38.70	39.38	499.61	502.78	24.609	37.595	34.96	53.40	599.9	-0	1059	101.8	14.2	0.0613	1.0	111115
97	"10:57:36"	285.0	-9.99	0.495	514	13.5	3.09	6	1	2.84	39.37	38.70	39.38	499.55	502.76	24.610	37.589	34.96	53.39	600.0	-0	1039	101.8	14.2	0.0613	1.0	111115
98	"10:57:37"	285.5	-9.93	0.495	514	13.5	3.09	6	1	2.84	39.37	38.70	39.38	499.56	502.72	24.612	37.585	34.96	53.38	600.0	-0	1024	101.8	14.2	0.0613	1.0	111115
99	"10:57:38"	287.0	-9.78	0.494	514	13.5	3.09	6	1	2.84	39.38	38.70	39.39	499.66	502.66	24.614	37.584	34.96	53.38	600.0	-0	971	101.8	14.2	0.0613	1.0	111115
100	"10:57:40"	288.5	-9.82	0.493	514	13.5	3.09	6	1	2.84	39.38	38.71	39.39	499.66	502.71	24.618	37.577	34.96	53.37	600.0	-0	915	101.8	14.2	0.0613	1.0	111115
101	"10:57:41"	289.0	-9.8	0.493	514	13.5	3.09	6	1	2.84	39.38	38.71	39.39	499.67	502.70	24.618	37.574	34.96	53.36	600.0	-0	916	101.8	14.2	0.0613	1.0	111115
102	"10:57:42"	291.0	-9.81	0.493	514	13.5	3.09	6	1	2.84	39.38	38.71	39.39	499.68	502.72	24.622	37.569	34.97	53.35	600.0	-0	998	101.8	14.2	0.0613	1.0	111115
103	"10:57:43"	292.0	-9.82	0.493	514	13.5	3.09	6	1	2.84	39.38	38.71	39.39	499.68	502.74	24.625	37.571	34.97	53.35	600.0	-0	1055	101.8	14.2	0.0613	1.0	111115
104	"10:57:45"	293.5	-9.75	0.492	514	13.4	3.09	6	1	2.84	39.38	38.71	39.39	499.75	502.74	24.630	37.568	34.97	53.34	600.0	-0	1109	101.8	14.2	0.0613	1.0	111115
105	"10:57:46"	294.5	-9.8	0.492	514	13.4	3.09	6	1	2.84	39.38	38.71	39.39	499.75	502.79	24.633	37.568	34.97	53.34	600.0	-0	1171	101.8	14.2	0.0613	1.0	111115
106	"10:57:47"	296.0	-9.59	0.491	513	13.4	3.09	6	1	2.84	39.38	38.71	39.39	499.84	502.69	24.636	37.560	34.98	53.33	600.1	0	1295	101.8	14.2	0.0613	1.0	111115
107	"10:57:48"	297.0	-9.59	0.491	513	13.4	3.09	6	1	2.84	39.38	38.71	39.39	499.85	502.68	24.636	37.561	34.98	53.33	600.1	-0	1384	101.8	14.2	0.0613	1.0	111115
108	"10:57:50"	298.5	-9.66	0.491	513	13.4	3.09	6	1	2.84	39.38	38.71	39.39	499.76	502.67	24.638	37.560	34.98	53.33	600.1	-0	1450	101.8	14.2	0.0613	1.0	111115
109	"10:57:51"	299.5	-9.68	0.491	513	13.4	3.09	6	1	2.84	39.38	38.71	39.39	499.74	502.67	24.641	37.562	34.98	53.33	600.1	-0	1450	101.8	14.2	0.0613	1.0	111115
110	"10:57:52"	301.0	-9.66	0.49	513	13.4	3.1	6	1	2.84	39.38	38.72	39.39	499.77	502.69	24.645	37.556	34.99	53.32	600.0	-0	1443	101.8	14.2	0.0613	1.0	111115
111	"10:57:53"	302.0	-9.58	0.489	513	13.4	3.1	6	1	2.84	39.38	38.72	39.39	499.82	502.66	24.648	37.550	34.99	53.31	600.0	-0	1440	101.8	14.2	0.0613	1.0	111115
112	"10:57:55"	303.5	-9.65	0.489	513	13.4	3.1	6	1	2.84	39.38	38.72	39.39	499.80	502.71	24.652	37.546	34.99	53.30	600.0	0	1436	101.8	14.2	0.0613	1.0	111115
113	"10:57:56"	304.5	-9.64	0.489	513	13.4	3.1	6	1	2.84	39.39	38.72	39.39	499.79	502.69	24.654	37.548	35.00	53.30	600.0	-0	1434	101.8	14.2	0.0613	1.0	111115
114	"10:57:57"	306.0	-9.84	0.489	514	13.4	3.1	6	1	2.84	39.39	38.72	39.39	499.68	502.78	24.658	37.555	35.00	53.31	600.0	-0	1431	101.8	14.2	0.0613	1.0	111115
115	"10:57:58"	307.0	-9.85	0.489	514	13.4	3.1	6	1	2.84	39.39	38.72	39.39	499.66	502.78	24.661	37.554	35.00	53.30	600.0	-0	1429	101.8	14.2	0.0613	1.0	111115
116	"10:58:00"	308.5	-9.88	0.489	514	13.4	3.1	6	1	2.84	39.39	38.72	39.40	499.66	502.81	24.665	37.554	35.01	53.30	600.0	-0	1427	101.8	14.2	0.0613	1.0	111115
117	"10:58:01"	309.5	-9.91	0.488	514	13.4	3.1	6	1	2.84	39.39	38.73	39.40	499.63	502.81	24.667	37.550	35.01	53.29	600.0	-0	1425	101.8	14.2	0.0613	1.0	111115
118	"10:58:02"	311.0	-9.9	0.488	514	13.4	3.1	6	1	2.84	39.39	38.73	39.40	499.66	502.84	24.672	37.553	35.01	53.29	600.0	-0	1422	101.8	14.2	0.0613	1.0	111115
119	"10:58:03"	312.0	-9.95	0.487	515	13.4	3.1	6	1	2.84	39.39	38.73	39.40	499.63	502.86	24.675	37.552	35.01	53.29	600.0	-0	1420	101.8	14.2	0.0613	1.0	111115
120	"10:58:05"	313.5	-9.87	0.487	514	13.4	3.1	6	1	2.84	39.39	38.74	39.40	499.66	502.80	24.678	37.556	35.02	53.29	600.0	-0	1417	101.8	14.2	0.0613	1.0	111115
121	"10:58:06"	314.5	-9.82	0.487	514	13.4	3.1	6	1	2.84	39.39	38.74	39.40	499.68	502.77	24.681	37.554	35.02	53.29	600.0	-0	1415	101.8	14.2	0.0613	1.0	111115
122	"10:58:07"	316.0	-9.7	0.487	514	13.4	3.11	6	1	2.84	39.39	38.74	39.40	499.73	502.70	24.682	37.553	35.02	53.28	600.0	-0	1411	101.8	14.2	0.0613	1.0	111115
123	"10:58:08"	317.0	-9.61	0.486	513	13.4	3.11	6	1	2.84	39.40	38.75	39.40	499.80	502.69	24.685	37.553	35.02	53.28	600.0	-0	1408	101.8	14.2	0.0613	1.0	111115
124	"10:58:10"	318.5	-9.65	0.486	513	13.4	3.11	6	1	2.84	39.40	38.75	39.40	499.79	502.71	24.690	37.558	35.03	53.28	600.0	-0	1405	101.8	14.2	0.0613	1.0	111115
125	"10:58:11"	319.5	-9.7	0.486	514	13.4	3.11	6	1	2.84	39.40	38.75	39.40	499.77	502.75	24.693	37.554	35.03	53.27	599.9	-0	1402	101.8	14.2	0.0613	1.0	111115
126	"10:58:12"	321.0	-9.84	0.485	514	13.4	3.11	6	1	2.84	39.40	38.75	39.40	499.67	502.79	24.696	37.553	35.03	53.27	599.9	-0	1397	101.8	14.2	0.0613	1.0	111115
127	"10:58:13"	322.0	-9.83	0.485	514	13.4	3.11	6	1	2.84	39.40	38.75	39.40	499.69	502.80	24.698	37.553	35.03	53.27	599.9	-0	1395	101.8	14.2	0.0613	1.0	111115
128	"10:58:15"	323.5	-9.71	0.485	514	13.4	3.11	6	1	2.84	39.40	38.75	39.41	499.77	502.77	24.701	37.556	35.04	53.27	600.0	-0	1394	101.8	14.2	0.0613	1.0	111115
129	"10:58:16"	324.5	-9.63	0.485	513	13.4	3.11	6	1	2.84	39.40	38.76	39.41	499.82	502.73	24.704	37.561	35.04	53.27	600.0	-0	1395	101.8	14.2	0.0613	1.0	111115
130	"10:58:17"	326.0	-9.53	0.484	513	13.4	3.11	6	1	2.84	39.40	38.76	39.41	499.90	502.71	24.707	37.558	35.04	53.27	600.0	-0	1395	101.8	14.2	0.0613	1.0	111115
131	"10:58:18"	327.0	-9.55	0.484	513	13.4	3.11	6	1	2.84	39.40	38.76	39.41	499.90	502.74	24.709	37.558	35.04	53.27	600.0	-0	1394	101.8	14.2	0.0613	1.0	111115
132	"10:58:20"	328.5	-9.62	0.484	514	13.3	3.11	6	1	2.84	39.40	38.76	39.41	499.83	502.75	24.713	37.557	35.05	53.26	600.0	-0	1393	101.8	14.2	0.0613	1.0	111115
133	"10:58:21"	329.5	-9.65	0.484	514	13.3	3.11	6	1	2.84	39.40	38.76	39.41	499.81	502.75	24.717	37.561	35.05	53.27	600.0	-0	1392	101.8	14.2	0.0613	1.0	111115
134	"10:58:22"	331.0	-9.62	0.484	513	13.3	3.11	6	1	2.84	39.41	38.76	39.41	499.79	502.70	24.721	37.564	35.05	53.26	600.1	-0	1392	101.8	14.2	0.0613	1.0	111115
135	"10:58:23"	332.0	-9.59	0.484	513	13.3	3.11	6	1	2.84	39.41	38.77	39.41	499.82	502.70	24.723	37.563	35.06	53.26	600.1	-0	1390	101.8	14.2	0.0613	1.0	111115
136	"10:58:25"	333.5	-9.46	0.484	513	13.3	3.11	6	1	2.84	39.41	38.77	39.41	499.94	502.69	24.726	37.570	35.06	53.27	600.1	-0	1383	101.8	14.2	0.0613	1.0	111115
137	"10:58:26"	334.5	-9.5	0.484	513	13.3	3.11	6	1	2.84	39.41	38.77	39.41	499.92	502.71	24.728	37.568	35.06	53.27	600.1	-0	1370	101.8	14.2	0.0613	1.0	111115
138	"10:58:27"	336.0	-9.57	0.483	513	13.3	3.12	6	1	2.84	39.41	38.77	39.41	499.86	502.72	24.733	37.571	35.07	53.27	600.1	-0	1316	101.8	14.2	0.0613	1.0	111115
139	"10:58:28"	337.0	-9.68	0.483	514	13.3	3.12	6	1	2.84	39.41	38.78	39.41	499.77	502.75	24.734	37.567	35.07	53.26	600.1	-0	1254	101.8	14.2	0.0613	1.0	111115
140	"10:58:30"	338.5	-9.73	0.483	514	13.3	3.12	6	1	2.84	39.41	38.78	39.41	499.73	502.76	24.737	37.568	35.07	53.26	600.0	-0	1146	101.8	14.2	0.0613	1.0	111115
141	"10:58:31"	339.5	-9.78	0.483	514	13.3	3.12	6	1	2.84	39.41	38.78	39.41	499.71	502.78	24.737	37.574	35.06	53.26	600.0	-0	1099	101.8	14.2	0.0613	1.0	111115
142	"10:58:32"	341.0	-9.71	0.482	514	13.3	3.12	6	1	2.84	39.41	38.78	39.41	499.75	502.75	24.739	37.575	35.06	53.26	600.0	-0	1116	101.8	14.2	0.0613	1.0	111115
143	"10:58:33"	342.0	-9.84	0.482	514	13.3	3.12	6	1	2.84	39.41	38.79	39.41	499.68	502.82	24.742	37.572	35.07	53.25	599.9	-0	1171	101.8	14.2	0.0613	1.0	111115
144	"10:58:35"	343.5	-9.89	0.481	515	13.3	3.12	6	1	2.84	39.42	38.79	39.41	499.68	502.88	24.744	37.566	35.07	53.24	599.9	-0	1273	101.8	14.2	0.0613	1.0	111115
145	"10:58:36"	344.5	-9.85	0.481	515	13.3	3.12	6	1	2.84	39.42	38.80	39.41	499.72	502.87	24.746	37.568	35.07	53.24	599.9	-0	1322	101.8	14.2	0.0613	1.0	111115
146	"10:58:37"	346.0	-9.68	0.481	514	13.3	3.12	6	1	2.84	39.42	38.80	39.41	499.84	502.82	24.749	37.568	35.07	53.24	599.9	-0	1361	101.8	14.2	0.0613	1.0	111115
147	"10:58:38"	347.0	-9.55	0.481	513	13.3	3.12	6	1	2.84	39.42	38.80	39.42	499.89	502.74	24.750	37.569	35.07	53.24	599.9	-0	1378	101.8	14.2	0.0613	1.0	111115
148	"10:58:40"	348.5	-9.59	0.481	514	13.3	3.13	6	1	2.84	39.42	38.80	39.42	499.85	502.74	24.755	37.573	35.08	53.24	600.0	-0	1390	101.8	14.2	0.0613	1.0	111115
149	"10:58:41"	349.5	-9.68	0.481	514	13.3	3.13	6	1	2.84	39.42	38.80	39.42	499.78	502.75	24.756	37.580	35.07	53.24	600.1	-0	1393	101.8	14.2	0.0613	1.0	111115
150	"10:58:42"	351.0	-9.61	0.481	514	13.3	3.13	6	1	2.84	39.42	38.80	39.42	499.81	502.72	24.760	37.583	35.08	53.24	600.2	-0	1394	101.8	14.2	0.0613	1.0	111115
151	"10:58:43"	352.0	-9.58	0.48	513	13.3	3.13	6	1	2.84	39.42	38.81	39.42	499.81	502.69	24.761	37.578	35.08	53.23	600.1	-0	1394	101.8	14.2	0.0613	1.0	111115
152	"10:58:45"	353.5	-9.55	0.48	513	13.3	3.13	6	1	2.84	39.42	38.81	39.42	499.88	502.74	24.767	37.578	35.08	53.23	600.0	-0	1394	101.8	14.2	0.0613	1.0	111115
153	"10:58:46"	354.5	-9.59	0.479	514	13.3	3.13	6	1	2.84	39.43	38.81	39.42	499.87	502.77	24.769	37.577	35.08	53.23	599.9	-0	1394	101.8	14.2	0.0613	1.0	111115
154	"10:58:47"	356.0	-9.7	0.479	514	13.3	3.13	6	1	2.84	39.43	38.82	39.42	499.79	502.80	24.772	37.582	35.09	53.23	599.9	-0	1393	101.8	14.2	0.0613	1.0	111115
155	"10:58:48"	357.0	-9.71	0.479	514	13.3	3.13	6	1	2.84	39.43	38.82	39.42	499.77	502.79	24.776	37.585	35.09	53.23	600.0	-0	1393	101.8	14.2	0.0613	1.0	111115
156	"10:58:50"	358.5	-9.71	0.479	514	13.3	3.13	6	1	2.84	39.43	38.82	39.42	499.79	502.81	24.780	37.589	35.09	53.23	600.0	-0	1387	101.8	14.2	0.0613	1.0	111115
157	"10:58:51"	359.5	-9.69	0.478	514	13.3	3.13	6	1	2.84	39.43	38.82	39.43	499.82	502.82	24.784	37.587	35.09	53.22	600.0	-0	1383	101.8	14.2	0.0613	1.0	111115
158	"10:58:52"	361.0	-9.57	0.478	514	13.3	3.13	6	1	2.84	39.43	38.82	39.43	499.90	502.79	24.787	37.584	35.09	53.21	600.0	0	1381	101.8	14.2	0.0613	1.0	111115
159	"10:58:53"	362.0	-9.5	0.478	513	13.3	3.13	6	1	2.84	39.44	38.83	39.43	499.92	502.75	24.790	37.584	35.10	53.21	600.0	-0	1382	101.8	14.2	0.0613	1.0	111115
160	"10:58:55"	363.5	-9.41	0.478	513	13.3	3.13	6	1	2.84	39.44	38.83	39.43	499.93	502.66	24.796	37.588	35.10	53.21	600.0	-0	1385	101.8	14.2	0.0613	1.0	111115
161	"10:58:56"	364.0	-9.37	0.478	513	13.3	3.13	6	1	2.84	39.44	38.83	39.43	499.93	502.62	24.797	37.589	35.10	53.21	600.0	-0	1384	101.8	14.2	0.0613	1.0	111115
162	"10:58:57"	365.5	-9.52	0.478	513	13.3	3.13	6	1	2.84	39.44	38.83	39.43	499.82	502.67	24.801	37.593	35.10	53.20	600.0	-0	1382	101.8	14.2	0.0613	1.0	111115
163	"10:58:58"	367.0	-9.57	0.478	514	13.3	3.13	6	1	2.84	39.44	38.83	39.43	499.84	502.72	24.805	37.600	35.10	53.21	600.0	-0	1380	101.8	14.2	0.0613	1.0	111115
164	"10:58:59"	368.0	-9.61	0.478	514	13.3	3.13	6	1	2.84	39.44	38.83	39.44	499.82	502.75	24.806	37.604	35.10	53.21	600.0	-0	1378	101.8	14.2	0.0613	1.0	111115
165	"10:59:01"	369.5	-9.57	0.477	514	13.3	3.14	6	1	2.84	39.45	38.83	39.44	499.86	502.75	24.811	37.602	35.10	53.20	600.0	-0	1376	101.8	14.2	0.0613	1.0	111115
166	"10:59:02"	370.5	-9.6	0.477	514	13.3	3.14	6	1	2.84	39.45	38.84	39.44	499.85	502.76	24.812	37.600	35.10	53.19	600.0	-0	1374	101.8	14.2	0.0613	1.0	111115
167	"10:59:03"	372.0	-9.58	0.476	514	13.3	3.14	6	1	2.84	39.45	38.85	39.44	499.87	502.77	24.817	37.599	35.11	53.18	600.0	-0	1371	101.8	14.2	0.0613	1.0	111115
168	"10:59:04"	373.0	-9.61	0.476	514	13.3	3.14	6	1	2.84	39.45	38.85	39.44	499.86	502.79	24.821	37.599	35.11	53.18	600.0	-0	1370	101.8	14.2	0.0613	1.0	111115
169	"10:59:06"	374.5	-9.65	0.475	514	13.3	3.14	6	1	2.84	39.45	38.86	39.44	499.84	502.82	24.827	37.603	35.11	53.18	600.0	-0	1370	101.8	14.2	0.0613	1.0	111115
170	"10:59:07"	375.5	-9.73	0.475	514	13.3	3.14	6	1	2.84	39.46	38.86	39.45	499.81	502.86	24.830	37.606	35.11	53.18	600.0	-0	1370	101.8	14.2	0.0613	1.0	111115
171	"10:59:08"	377.0	-9.66	0.475	514	13.3	3.14	6	1	2.84	39.46	38.86	39.45	499.83	502.81	24.836	37.611	35.12	53.18	600.0	-0	1370	101.8	14.2	0.0613	1.0	111115
172	"10:59:09"	378.0	-9.58	0.475	514	13.3	3.14	6	1	2.84	39.46	38.86	39.45	499.85	502.76	24.838	37.612	35.12	53.18	600.0	-0	1370	101.8	14.2	0.0613	1.0	111115
173	"10:59:11"	379.5	-9.63	0.475	514	13.3	3.15	6	1	2.84	39.46	38.86	39.45	499.80	502.76	24.841	37.612	35.12	53.17	600.0	-0	1370	101.8	14.2	0.0613	1.0	111115
174	"10:59:12"	380.5	-9.64	0.475	514	13.3	3.15	6	1	2.84	39.46	38.86	39.45	499.79	502.76	24.845	37.611	35.12	53.17	600.0	-0	1371	101.8	14.2	0.0613	1.0	111115
175	"10:59:13"	382.0	-9.57	0.474	514	13.3	3.15	6	1	2.84	39.46	38.87	39.45	499.86	502.76	24.851	37.617	35.13	53.17	600.0	-0	1371	101.8	14.2	0.0613	1.0	111115
176	"10:59:14"	383.0	-9.56	0.474	514	13.3	3.15	6	1	2.84	39.47	38.87	39.46	499.89	502.78	24.855	37.620	35.13	53.17	600.0	-0	1372	101.8	14.2	0.0613	1.0	111115
177	"10:59:16"	384.5	-9.66	0.475	514	13.3	3.15	6	1	2.84	39.47	38.87	39.46	499.82	502.82	24.858	37.623	35.13	53.17	600.0	-0	1372	101.8	14.2	0.0613	1.0	111115
178	"10:59:17"	385.0	-9.68	0.475	514	13.3	3.15	6	1	2.84	39.47	38.87	39.46	499.83	502.84	24.860	37.626	35.13	53.17	600.0	-0	1373	101.8	14.2	0.0613	1.0	111115
179	"10:59:18"	387.0	-9.69	0.474	514	13.3	3.15	6	1	2.84	39.47	38.87	39.46	499.82	502.85	24.866	37.627	35.13	53.16	600.1	-0	1373	101.8	14.2	0.0613	1.0	111115
180	"10:59:19"	388.0	-9.65	0.474	514	13.3	3.15	6	1	2.84	39.47	38.87	39.46	499.85	502.83	24.868	37.627	35.13	53.16	600.1	0	1373	101.8	14.2	0.0613	1.0	111115
181	"10:59:21"	389.5	-9.8	0.474	515	13.3	3.15	6	1	2.84	39.48	38.88	39.46	499.72	502.85	24.873	37.634	35.14	53.16	600.1	-0	1373	101.8	14.2	0.0613	1.0	111115
182	"10:59:22"	390.5	-9.73	0.473	514	13.3	3.15	6	1	2.84	39.48	38.88	39.47	499.73	502.80	24.875	37.631	35.14	53.15	600.0	-0	1372	101.8	14.2	0.0613	1.0	111115
183	"10:59:23"	392.0	-9.56	0.473	514	13.3	3.15	6	1	2.84	39.48	38.89	39.47	499.83	502.73	24.880	37.634	35.14	53.15	600.0	-0	1372	101.8	14.2	0.0613	1.0	111115
184	"10:59:24"	393.0	-9.52	0.473	514	13.2	3.15	6	1	2.84	39.48	38.89	39.47	499.90	502.76	24.883	37.634	35.14	53.15	600.0	-0	1370	101.8	14.2	0.0613	1.0	111115
185	"10:59:26"	394.5	-9.54	0.473	514	13.3	3.15	6	1	2.84	39.48	38.89	39.47	499.87	502.75	24.890	37.643	35.15	53.16	600.0	0	1369	101.8	14.2	0.0613	1.0	111115
186	"10:59:27"	395.5	-9.71	0.472	514	13.2	3.16	6	1	2.84	39.48	38.90	39.47	499.76	502.81	24.893	37.643	35.15	53.15	600.0	-0	1367	101.8	14.2	0.0613	1.0	111115
187	"10:59:28"	397.0	-9.73	0.472	514	13.2	3.16	6	1	2.84	39.49	38.90	39.47	499.72	502.79	24.897	37.645	35.15	53.15	600.0	-0	1364	101.8	14.2	0.0613	1.0	111115
188	"10:59:29"	398.0	-9.64	0.472	514	13.2	3.16	6	1	2.84	39.49	38.90	39.47	499.75	502.74	24.899	37.643	35.15	53.14	600.0	-0	1362	101.8	14.2	0.0613	1.0	111115
189	"10:59:31"	399.5	-9.46	0.471	513	13.2	3.16	6	1	2.84	39.49	38.90	39.48	499.87	502.68	24.903	37.641	35.15	53.13	600.0	-0	1362	101.8	14.2	0.0613	1.0	111115
190	"10:59:32"	400.5	-9.47	0.471	513	13.2	3.16	6	1	2.84	39.49	38.91	39.48	499.86	502.69	24.907	37.643	35.15	53.13	600.0	-0	1362	101.8	14.2	0.0613	1.0	111115
191	"10:59:33"	402.0	-9.55	0.471	514	13.2	3.16	6	1	2.84	39.49	38.91	39.48	499.84	502.74	24.913	37.655	35.16	53.14	600.0	-0	1363	101.8	14.2	0.0613	1.0	111115
192	"10:59:34"	403.0	-9.55	0.472	514	13.2	3.16	6	1	2.84	39.50	38.91	39.48	499.86	502.74	24.915	37.665	35.16	53.15	600.0	-0	1363	101.8	14.2	0.0613	1.0	111115
193	"10:59:36"	404.5	-9.56	0.472	514	13.3	3.16	6	1	2.84	39.50	38.92	39.48	499.81	502.71	24.919	37.676	35.16	53.16	600.0	0	1363	101.8	14.2	0.0613	1.0	111115
194	"10:59:37"	405.5	-9.54	0.471	514	13.3	3.16	6	1	2.84	39.50	38.92	39.48	499.80	502.68	24.923	37.677	35.16	53.16	600.0	-0	1362	101.8	14.2	0.0613	1.0	111115
195	"10:59:38"	407.0	-9.64	0.471	514	13.3	3.16	6	1	2.84	39.50	38.92	39.49	499.74	502.72	24.928	37.684	35.17	53.16	600.0	-0	1363	101.8	14.2	0.0613	1.0	111115
196	"10:59:39"	408.0	-9.53	0.471	514	13.3	3.16	6	1	2.84	39.50	38.93	39.49	499.80	502.67	24.930	37.687	35.17	53.16	600.0	-0	1364	101.8	14.2	0.0613	1.0	111115
197	"10:59:41"	409.5	-9.56	0.472	514	13.3	3.16	6	1	2.84	39.50	38.93	39.49	499.82	502.71	24.934	37.693	35.17	53.16	600.0	-0	1366	101.8	14.2	0.0613	1.0	111115
198	"10:59:42"	410.5	-9.5	0.471	513	13.3	3.16	6	1	2.84	39.51	38.93	39.49	499.85	502.68	24.937	37.693	35.17	53.16	600.0	-0	1367	101.8	14.2	0.0613	1.0	111115
199	"10:59:43"	412.0	-9.58	0.471	514	13.3	3.16	6	1	2.84	39.51	38.93	39.49	499.80	502.73	24.943	37.694	35.17	53.16	600.0	-0	1368	101.8	14.2	0.0613	1.0	111115
200	"10:59:44"	413.0	-9.6	0.471	514	13.2	3.16	6	1	2.84	39.51	38.93	39.49	499.80	502.73	24.945	37.695	35.17	53.15	600.0	-0	1369	101.8	14.2	0.0613	1.0	111115
201	"10:59:46"	414.5	-9.56	0.471	514	13.3	3.16	6	1	2.84	39.51	38.93	39.50	499.80	502.69	24.952	37.705	35.18	53.16	600.0	-0	1370	101.8	14.2	0.0613	1.0	111115
202	"10:59:47"	415.5	-9.52	0.471	513	13.3	3.16	6	1	2.84	39.51	38.94	39.50	499.81	502.67	24.955	37.708	35.18	53.16	600.0	-0	1370	101.8	14.2	0.0613	1.0	111115
203	"10:59:48"	417.0	-9.5	0.471	513	13.3	3.16	6	1	2.84	39.52	38.94	39.50	499.83	502.67	24.962	37.715	35.19	53.16	600.0	-0	1371	101.8	14.2	0.0613	1.0	111115
204	"10:59:49"	418.0	-9.55	0.471	514	13.3	3.16	6	1	2.84	39.52	38.94	39.50	499.85	502.73	24.964	37.718	35.19	53.16	600.0	-0	1371	101.8	14.2	0.0613	1.0	111115
205	"10:59:51"	419.5	-9.58	0.471	514	13.2	3.16	6	1	2.84	39.52	38.94	39.50	499.85	502.77	24.970	37.718	35.19	53.16	600.0	-0	1371	101.8	14.2	0.0613	1.0	111115
206	"10:59:52"	420.5	-9.52	0.471	514	13.2	3.16	6	1	2.84	39.52	38.94	39.50	499.89	502.75	24.974	37.720	35.19	53.16	600.0	-0	1371	101.8	14.2	0.0613	1.0	111115
207	"10:59:53"	422.0	-9.48	0.47	513	13.2	3.17	6	1	2.84	39.52	38.95	39.51	499.85	502.68	24.979	37.723	35.20	53.15	600.0	-0	1372	101.8	14.2	0.0613	1.0	111115
208	"10:59:54"	423.0	-9.39	0.47	513	13.2	3.17	6	1	2.84	39.53	38.95	39.51	499.89	502.62	24.983	37.725	35.20	53.15	600.0	-0	1373	101.8	14.2	0.0613	1.0	111115
209	"10:59:56"	424.5	-9.38	0.469	513	13.2	3.17	6	1	2.84	39.53	38.96	39.51	499.91	502.64	24.987	37.727	35.20	53.14	599.9	-0	1374	101.8	14.2	0.0613	1.0	111115
210	"10:59:57"	425.5	-9.35	0.469	513	13.2	3.17	6	1	2.84	39.53	38.96	39.51	499.95	502.65	24.992	37.728	35.20	53.14	599.9	-0	1374	101.8	14.2	0.0613	1.0	111115
211	"10:59:58"	427.0	-9.42	0.469	513	13.2	3.17	6	1	2.84	39.53	38.96	39.52	499.90	502.67	24.998	37.733	35.21	53.14	600.0	-0	1375	101.8	14.2	0.0613	1.0	111115
212	"10:59:59"	428.0	-9.39	0.469	513	13.2	3.17	6	1	2.84	39.53	38.96	39.52	499.89	502.63	25.003	37.735	35.21	53.14	599.9	-0	1375	101.8	14.2	0.0613	1.0	111115
213	"11:00:01"	429.5	-9.44	0.468	513	13.2	3.17	6	1	2.84	39.54	38.97	39.52	499.85	502.64	25.009	37.734	35.22	53.14	600.0	-0	1375	101.8	14.2	0.0613	1.0	111115
214	"11:00:02"	430.5	-9.42	0.468	513	13.2	3.17	6	1	2.84	39.54	38.97	39.52	499.86	502.64	25.014	37.735	35.22	53.13	600.0	-0	1375	101.8	14.2	0.0613	1.0	111115
215	"11:00:03"	432.0	-9.57	0.468	514	13.2	3.17	6	1	2.84	39.54	38.97	39.52	499.80	502.73	25.020	37.741	35.22	53.13	600.0	-0	1376	101.8	14.2	0.0613	1.0	111115
216	"11:00:04"	433.0	-9.62	0.468	514	13.2	3.17	6	1	2.84	39.54	38.97	39.52	499.77	502.74	25.024	37.743	35.23	53.13	600.0	-0	1375	101.8	14.2	0.0613	1.0	111115
217	"11:00:06"	434.5	-9.62	0.467	514	13.2	3.17	6	1	2.84	39.54	38.98	39.53	499.77	502.75	25.030	37.745	35.23	53.13	600.0	-0	1376	101.8	14.2	0.0613	1.0	111115
218	"11:00:07"	435.5	-9.64	0.467	514	13.2	3.18	6	1	2.84	39.55	38.98	39.53	499.76	502.76	25.034	37.745	35.23	53.12	600.0	-0	1376	101.8	14.2	0.0613	1.0	111115
219	"11:00:08"	437.0	-9.59	0.467	514	13.2	3.18	6	1	2.84	39.55	38.98	39.53	499.77	502.72	25.039	37.751	35.23	53.12	600.0	-0	1376	101.8	14.2	0.0613	1.0	111115
220	"11:00:09"	438.0	-9.57	0.467	514	13.2	3.18	6	1	2.84	39.55	38.98	39.53	499.78	502.71	25.043	37.757	35.24	53.13	600.0	-0	1375	101.8	14.2	0.0613	1.0	111115
221	"11:00:11"	439.5	-9.55	0.467	514	13.2	3.18	6	1	2.84	39.55	38.99	39.53	499.76	502.67	25.048	37.766	35.24	53.13	600.0	-0	1375	101.8	14.2	0.0613	1.0	111115
222	"11:00:12"	440.5	-9.49	0.467	513	13.2	3.18	6	1	2.84	39.55	38.99	39.54	499.81	502.66	25.053	37.770	35.24	53.13	600.0	-0	1375	101.8	14.2	0.0613	1.0	111115
223	"11:00:13"	442.0	-9.44	0.466	513	13.2	3.18	6	1	2.84	39.56	38.99	39.54	499.88	502.68	25.057	37.765	35.25	53.12	600.0	-0	1339	101.8	14.2	0.0613	1.0	111115
224	"11:00:14"	443.0	-9.4	0.466	513	13.2	3.18	6	1	2.84	39.56	39.00	39.54	499.90	502.65	25.061	37.770	35.25	53.12	600.0	-0	1332	101.8	14.2	0.0613	1.0	111115
225	"11:00:16"	444.5	-9.48	0.466	514	13.2	3.18	6	1	2.84	39.56	39.00	39.54	499.80	502.65	25.067	37.766	35.25	53.11	600.0	-0	1327	101.8	14.2	0.0613	1.0	111115
226	"11:00:17"	445.5	-9.48	0.466	513	13.2	3.18	6	1	2.84	39.56	39.00	39.54	499.77	502.62	25.073	37.770	35.26	53.11	600.0	-0	1219	101.8	14.2	0.0613	1.0	111115
227	"11:00:18"	447.0	-9.49	0.466	514	13.2	3.18	6	1	2.84	39.56	39.00	39.55	499.73	502.59	25.078	37.773	35.26	53.11	600.0	-0	1208	101.8	14.2	0.0613	1.0	111115
228	"11:00:19"	448.0	-9.47	0.466	513	13.2	3.18	6	1	2.84	39.57	39.00	39.55	499.76	502.59	25.083	37.781	35.26	53.12	600.0	-0	1212	101.8	14.2	0.0613	1.0	111115
229	"11:00:21"	449.5	-9.53	0.466	514	13.2	3.18	6	1	2.84	39.57	39.00	39.55	499.73	502.63	25.087	37.786	35.27	53.12	600.0	-0	1345	101.8	14.2	0.0613	1.0	111115
230	"11:00:22"	450.5	-9.61	0.466	514	13.2	3.18	6	1	2.84	39.57	39.00	39.55	499.66	502.64	25.090	37.788	35.27	53.12	600.1	-0	1373	101.8	14.2	0.0613	1.0	111115
231	"11:00:23"	452.0	-9.63	0.466	514	13.2	3.18	6	1	2.84	39.57	39.00	39.55	499.66	502.66	25.095	37.791	35.27	53.11	600.1	-0	1373	101.8	14.2	0.0613	1.0	111115
232	"11:00:24"	453.0	-9.59	0.466	514	13.2	3.18	6	1	2.84	39.57	39.00	39.56	499.65	502.61	25.100	37.792	35.27	53.11	600.1	-0	1372	101.8	14.2	0.0613	1.0	111115
233	"11:00:26"	454.5	-9.53	0.465	514	13.2	3.18	6	1	2.84	39.58	39.01	39.56	499.76	502.66	25.105	37.794	35.28	53.11	600.0	-0	1371	101.8	14.2	0.0613	1.0	111115
234	"11:00:27"	455.5	-9.38	0.465	513	13.2	3.18	6	1	2.84	39.58	39.01	39.56	499.84	502.59	25.109	37.798	35.28	53.11	600.0	-0	1371	101.8	14.2	0.0613	1.0	111115
235	"11:00:28"	457.0	-9.21	0.465	512	13.2	3.18	6	1	2.84	39.58	39.01	39.56	499.97	502.55	25.116	37.803	35.28	53.11	600.0	-0	1369	101.8	14.2	0.0613	1.0	111115
236	"11:00:29"	458.0	-9.09	0.465	512	13.2	3.18	6	1	2.84	39.58	39.01	39.56	500.04	502.51	25.120	37.803	35.29	53.10	600.0	-0	1369	101.8	14.2	0.0613	1.0	111115
237	"11:00:30"	458.5	-9.09	0.465	512	13.2	3.18	6	1	2.84	39.58	39.01	39.56	500.02	502.48	25.123	37.806	35.29	53.11	600.0	-0	1368	101.8	14.2	0.0613	1.0	111115
238	"11:00:32"	460.5	-9.21	0.465	512	13.2	3.18	6	1	2.84	39.59	39.01	39.57	499.94	502.53	25.130	37.814	35.29	53.11	600.0	-0	1367	101.8	14.2	0.0613	1.0	111115
239	"11:00:33"	461.5	-9.32	0.464	513	13.2	3.18	6	1	2.84	39.59	39.02	39.57	499.88	502.58	25.134	37.813	35.30	53.10	600.0	-0	1366	101.8	14.2	0.0613	1.0	111115
240	"11:00:34"	463.0	-9.28	0.464	513	13.2	3.18	6	1	2.84	39.59	39.02	39.57	499.90	502.55	25.141	37.819	35.30	53.10	600.0	-0	1365	101.8	14.2	0.0613	1.0	111115
241	"11:00:35"	464.0	-9.27	0.464	513	13.2	3.19	6	1	2.84	39.59	39.03	39.57	499.91	502.55	25.146	37.821	35.30	53.10	600.0	-0	1365	101.8	14.2	0.0613	1.0	111115
