"OPEN 5.3.2"
"Wed Aug  1 2018 13:10:32"
"Unit="	"PSC-895"
"ComputeList="	"/User/Configs/Comps/Default"
"BLCTable="	"/Sys/Lib/StdBLCTable"
"LightSource="	"Sun+Sky"	1	0.19
"LogFormat="	"/User/Configs/LogFormats/Std Output"
"LogCodes="	-35	-21	-36	30	23	36	21	25	-33	-34	-32	-9	-10	-8	-1	-2	-4	-5	-14	-15	-7	-12	-13	-11	-65	-66	-72	-23
"PromptList="	"/User/Configs/Prompts/Default (none)"
"Stability= (CO2S 15s SLP<1)(H2OS 15s SLP<1)(Flow 15s SLP<1)"
"13:10:55 atttached fine root.matched pre"
$STARTOFDATA$
"Obs"	"HHMMSS"	"FTime"	"Photo"	"Cond"	"Ci"	"Trmmol"	"VpdL"	"Area"	"StmRat"	"BLCond"	"Tair"	"Tleaf"	"TBlk"	"CO2R"	"CO2S"	"H2OR"	"H2OS"	"RH_R"	"RH_S"	"Flow"	"PARi"	"PARo"	"Press"	"CsMch"	"HsMch"	"StableF"	"Status"
"13:11:11 atttached fine root.matched pre.jar on."
1	"13:16:22"	368.0	-2.15	0.00812	641	0.218	2.64	6	1	2.84	31.45	31.31	31.34	231.35	233.88	18.940	19.196	41.54	42.10	500.0	-0	56	101.5	2.8	-0.0235	0.3	111105
2	"13:16:23"	368.5	-2.16	0.00824	636	0.221	2.64	6	1	2.84	31.45	31.31	31.34	231.34	233.87	18.939	19.199	41.54	42.11	499.9	-0	56	101.5	2.8	-0.0235	0.3	111105
3	"13:16:24"	369.5	-2.18	0.00813	645	0.218	2.64	6	1	2.84	31.46	31.31	31.34	231.31	233.87	18.942	19.199	41.54	42.10	499.9	-0	55	101.5	2.8	-0.0235	0.7	111105
4	"13:16:25"	371.5	-2.13	0.00781	653	0.209	2.64	6	1	2.84	31.46	31.31	31.34	231.36	233.86	18.970	19.217	41.59	42.13	499.9	-0	55	101.5	2.8	-0.0235	0.7	111105
5	"13:16:26"	372.0	-2.05	0.00762	647	0.204	2.64	6	1	2.84	31.46	31.31	31.34	231.44	233.85	18.981	19.222	41.61	42.14	499.9	-0	55	101.5	2.8	-0.0235	0.7	111105
6	"13:16:27"	372.5	-2.02	0.00743	650	0.199	2.64	6	1	2.84	31.46	31.32	31.34	231.50	233.86	18.992	19.226	41.64	42.15	499.9	-0	55	101.5	2.8	-0.0235	0.7	111105
7	"13:16:28"	373.0	-1.94	0.00716	649	0.192	2.64	6	1	2.84	31.46	31.32	31.34	231.59	233.87	19.004	19.230	41.66	42.16	499.9	-0	56	101.5	2.8	-0.0235	0.7	111105
8	"13:16:29"	374.0	-1.64	0.00633	631	0.17	2.64	6	1	2.84	31.46	31.32	31.35	231.92	233.84	19.032	19.232	41.72	42.15	499.9	-0	56	101.5	2.8	-0.0235	0.7	111105
9	"13:17:10"	417.0	-1.77	-0.00121	-2.06E+03	-0.0324	2.63	6	1	2.84	31.55	31.38	31.43	231.71	233.84	19.555	19.517	42.66	42.58	500.1	-0	54	101.5	2.8	-0.0235	0.7	111105
10	"13:17:12"	419.0	-1.74	-0.000763	-3.35E+03	-0.0204	2.63	6	1	2.84	31.55	31.38	31.43	231.72	233.82	19.548	19.524	42.64	42.59	500.1	-0	55	101.5	2.8	-0.0235	1.0	111105
11	"13:17:14"	421.0	-1.85	0.00151	2.14E+03	0.0404	2.63	6	1	2.84	31.55	31.38	31.44	231.57	233.78	19.486	19.533	42.50	42.60	500.0	-0	55	101.5	2.8	-0.0235	1.0	111105
12	"13:17:16"	423.5	-2.24	0.00649	765	0.173	2.63	6	1	2.84	31.56	31.38	31.44	231.15	233.79	19.341	19.545	42.17	42.62	500.0	-0	56	101.5	2.8	-0.0235	1.0	111105
13	"13:17:18"	425.5	-2.37	0.0083	672	0.221	2.63	6	1	2.84	31.56	31.38	31.44	230.96	233.75	19.290	19.550	42.05	42.62	500.0	-0	56	101.5	2.8	-0.0235	0.7	111105
14	"13:17:20"	427.5	-2.4	0.00859	663	0.229	2.63	6	1	2.84	31.56	31.39	31.45	230.80	233.62	19.287	19.556	42.03	42.62	499.9	-0	60	101.5	2.8	-0.0235	0.7	111105
15	"13:17:22"	429.5	-2.13	0.00874	606	0.233	2.63	6	1	2.84	31.57	31.39	31.45	231.05	233.54	19.286	19.560	42.03	42.62	499.9	-0	63	101.5	2.8	-0.0235	0.7	111105
16	"13:17:24"	431.5	-1.63	0.00838	529	0.224	2.63	6	1	2.84	31.57	31.40	31.46	231.66	233.55	19.303	19.566	42.06	42.63	499.9	-0	62	101.5	2.8	-0.0235	0.3	111105
17	"13:17:26"	433.5	-1.51	0.00846	504	0.225	2.63	6	1	2.84	31.57	31.40	31.46	231.75	233.50	19.308	19.573	42.06	42.64	499.9	-0	61	101.5	2.8	-0.0235	0.7	111105
18	"13:17:28"	435.5	-1.93	0.00905	559	0.241	2.63	6	1	2.84	31.58	31.40	31.46	231.29	233.54	19.295	19.579	42.02	42.64	499.9	-0	60	101.5	2.8	-0.0235	0.7	111105
19	"13:17:31"	438.0	-2.34	0.0107	567	0.286	2.63	6	1	2.84	31.58	31.41	31.47	230.88	233.61	19.279	19.615	41.98	42.71	499.9	-0	60	101.5	2.8	-0.0235	1.0	111105
20	"13:17:33"	440.0	-2.13	0.0158	435	0.419	2.61	6	1	2.84	31.59	31.41	31.47	231.22	233.65	19.258	19.750	41.92	42.99	499.9	-0	60	101.5	2.8	-0.0235	1.0	111105
21	"13:17:35"	442.0	-1.81	0.023	348	0.602	2.59	6	1	2.84	31.59	31.42	31.47	231.64	233.65	19.247	19.956	41.89	43.43	499.9	-0	60	101.5	2.8	-0.0235	0.7	111105
22	"13:17:37"	444.5	-2.07	0.0319	327	0.826	2.57	6	1	2.84	31.60	31.42	31.48	231.37	233.62	19.232	20.203	41.84	43.96	500.0	-0	60	101.5	2.8	-0.0235	0.7	111105
23	"13:17:39"	446.5	-2.64	0.0399	329	1.02	2.55	6	1	2.84	31.60	31.43	31.48	230.73	233.62	19.179	20.381	41.72	44.33	499.9	-0	60	101.5	2.8	-0.0235	0.7	111105
24	"13:17:42"	449.0	-2.36	0.0472	304	1.2	2.53	6	1	2.84	31.61	31.43	31.49	231.05	233.55	19.163	20.572	41.67	44.73	499.9	-0	60	101.5	2.8	-0.0235	0.7	111105
25	"13:17:44"	451.0	-1.85	0.0504	283	1.27	2.52	6	1	2.84	31.61	31.43	31.49	231.70	233.56	19.227	20.721	41.80	45.05	499.9	-0	60	101.5	2.8	-0.0235	0.7	111105
26	"13:17:46"	453.0	-1.47	0.0521	269	1.31	2.51	6	1	2.84	31.61	31.43	31.49	232.19	233.60	19.310	20.846	41.97	45.31	499.9	-0	62	101.5	2.8	-0.0235	0.7	111105
27	"13:17:48"	455.0	-1.56	0.0545	270	1.36	2.49	6	1	2.84	31.62	31.43	31.50	232.40	233.89	19.378	20.974	42.11	45.58	500.0	-0	67	101.5	2.8	-0.0235	0.7	111105
28	"13:17:50"	457.5	-1.56	0.06	266	1.48	2.48	6	1	2.84	31.62	31.44	31.50	232.24	233.69	19.413	21.156	42.18	45.96	500.0	-0	71	101.5	2.8	-0.0235	0.7	111105
29	"13:17:52"	459.5	-1.53	0.0645	262	1.59	2.47	6	1	2.84	31.62	31.44	31.50	232.31	233.70	19.372	21.236	42.08	46.13	499.9	-0	73	101.5	2.8	-0.0235	0.7	111105
30	"13:17:54"	461.5	-1.07	0.0698	249	1.71	2.46	6	1	2.84	31.63	31.44	31.51	232.75	233.56	19.309	21.316	41.93	46.29	499.9	-0	73	101.5	2.8	-0.0235	0.7	111105
31	"13:17:57"	464.0	-0.518	0.0763	235	1.86	2.45	6	1	2.84	31.63	31.45	31.51	233.32	233.42	19.277	21.457	41.85	46.58	499.9	-0	73	101.5	2.8	-0.0235	0.7	111105
32	"13:17:59"	466.0	-0.667	0.08	238	1.93	2.44	6	1	2.84	31.64	31.45	31.52	233.20	233.46	19.277	21.549	41.84	46.77	499.9	-0	73	101.5	2.8	-0.0235	0.3	111105
33	"13:18:01"	468.5	-0.555	0.0825	235	1.99	2.43	6	1	2.84	31.64	31.45	31.52	233.31	233.42	19.316	21.649	41.92	46.98	499.9	-0	72	101.5	2.8	-0.0235	0.3	111105
34	"13:18:03"	470.5	-0.271	0.0829	230	1.99	2.42	6	1	2.84	31.64	31.45	31.52	233.64	233.41	19.388	21.724	42.07	47.14	499.9	-0	73	101.5	2.8	-0.0235	0.3	111105
35	"13:18:05"	472.5	-0.586	0.0845	236	2.02	2.42	6	1	2.84	31.65	31.46	31.53	233.28	233.41	19.420	21.794	42.13	47.28	499.9	-0	73	101.5	2.8	-0.0235	0.3	111105
36	"13:18:07"	474.5	-1.33	0.0892	248	2.13	2.41	6	1	2.84	31.65	31.46	31.53	232.42	233.41	19.367	21.862	42.01	47.42	500.1	-0	73	101.5	2.8	-0.0235	0.7	111105
37	"13:18:09"	476.5	-1.61	0.0948	252	2.25	2.41	6	1	2.84	31.65	31.47	31.53	232.13	233.43	19.291	21.931	41.83	47.56	500.1	-0	73	101.5	2.8	-0.0235	0.7	111105
38	"13:18:12"	479.0	-0.773	0.0987	237	2.33	2.4	6	1	2.84	31.66	31.47	31.54	233.08	233.36	19.272	22.009	41.78	47.72	499.9	-0	73	101.5	2.8	-0.0235	0.7	111105
39	"13:18:14"	481.0	-0.729	0.1	236	2.36	2.39	6	1	2.84	31.66	31.47	31.54	233.22	233.44	19.289	22.064	41.81	47.83	499.9	-0	73	101.5	2.8	-0.0235	0.7	111105
40	"13:18:16"	483.0	-1.5	0.103	248	2.43	2.39	6	1	2.84	31.66	31.48	31.55	232.54	233.65	19.269	22.123	41.76	47.94	499.9	-0	73	101.5	2.8	-0.0235	0.7	111105
41	"13:18:18"	485.5	-2.04	0.11	255	2.56	2.38	6	1	2.84	31.67	31.49	31.55	231.69	233.43	19.214	22.220	41.63	48.14	499.9	-0	72	101.5	2.8	-0.0235	0.7	111105
42	"13:18:20"	487.5	-1.98	0.112	253	2.61	2.38	6	1	2.84	31.67	31.49	31.55	231.47	233.11	19.193	22.259	41.58	48.22	499.9	-0	71	101.5	2.8	-0.0235	0.7	111105
43	"13:18:22"	489.5	-1.72	0.113	249	2.62	2.38	6	1	2.84	31.67	31.49	31.56	232.12	233.44	19.214	22.292	41.62	48.28	499.9	-0	71	101.5	2.8	-0.0235	0.7	111105
44	"13:18:24"	491.5	-1.36	0.113	244	2.63	2.37	6	1	2.84	31.68	31.49	31.56	232.61	233.50	19.252	22.344	41.69	48.38	499.9	-0	71	101.5	2.8	-0.0235	0.7	111105
45	"13:18:27"	494.0	-1.48	0.114	246	2.63	2.37	6	1	2.84	31.68	31.50	31.56	232.49	233.53	19.309	22.399	41.80	48.49	499.9	-0	71	101.5	2.8	-0.0235	0.7	111105
46	"13:18:29"	496.0	-1.51	0.115	246	2.66	2.36	6	1	2.84	31.69	31.50	31.57	232.44	233.50	19.321	22.436	41.82	48.57	499.9	-0	71	101.5	2.8	-0.0235	0.7	111105
47	"13:18:31"	498.0	-1.64	0.119	247	2.75	2.36	6	1	2.84	31.69	31.50	31.57	232.32	233.52	19.254	22.478	41.67	48.65	499.9	-0	71	101.5	2.8	-0.0235	0.7	111105
48	"13:18:33"	500.0	-1.85	0.125	249	2.87	2.36	6	1	2.84	31.69	31.50	31.58	232.16	233.57	19.149	22.518	41.44	48.73	499.9	-0	71	101.5	2.8	-0.0235	0.7	111105
49	"13:18:35"	502.0	-1.93	0.13	249	2.98	2.35	6	1	2.84	31.70	31.50	31.58	232.11	233.59	19.067	22.559	41.25	48.80	500.0	-0	72	101.5	2.8	-0.0235	0.7	111105
50	"13:18:37"	504.5	-2.16	0.134	251	3.06	2.35	6	1	2.84	31.70	31.50	31.58	231.92	233.65	19.021	22.605	41.14	48.89	499.9	-0	72	101.5	2.8	-0.0235	0.7	111105
51	"13:18:39"	506.5	-2.1	0.135	250	3.08	2.34	6	1	2.84	31.70	31.51	31.59	231.98	233.64	19.033	22.642	41.16	48.96	499.9	-0	72	101.5	2.8	-0.0235	0.7	111105
52	"13:18:41"	508.5	-2.14	0.134	251	3.06	2.34	6	1	2.84	31.71	31.51	31.59	231.95	233.66	19.090	22.673	41.27	49.02	500.0	-0	71	101.5	2.8	-0.0235	0.7	111105
53	"13:18:43"	510.5	-2.51	0.133	256	3.03	2.34	6	1	2.84	31.71	31.52	31.59	231.54	233.71	19.155	22.706	41.41	49.08	500.1	-0	71	101.5	2.8	-0.0235	0.7	111105
54	"13:18:45"	512.5	-2.79	0.132	259	3.02	2.34	6	1	2.84	31.71	31.52	31.60	231.19	233.69	19.201	22.737	41.50	49.14	500.0	-0	71	101.5	2.8	-0.0235	0.7	111105
55	"13:18:48"	515.0	-2.79	0.132	260	3	2.34	6	1	2.84	31.72	31.52	31.60	231.18	233.69	19.252	22.774	41.60	49.21	499.9	-0	71	101.5	2.8	-0.0235	0.7	111105
56	"13:18:50"	517.0	-2.46	0.131	256	2.98	2.33	6	1	2.84	31.72	31.53	31.60	231.54	233.66	19.304	22.804	41.70	49.27	499.9	-0	70	101.5	2.8	-0.0235	1.0	111105
57	"13:18:52"	519.0	-2.36	0.13	255	2.95	2.33	6	1	2.84	31.72	31.53	31.61	231.61	233.62	19.365	22.830	41.83	49.31	499.9	-0	71	101.5	2.8	-0.0235	1.0	111105
58	"13:18:54"	521.0	-2.72	0.13	259	2.96	2.33	6	1	2.84	31.73	31.53	31.61	231.15	233.59	19.389	22.857	41.87	49.36	499.9	-0	71	101.5	2.8	-0.0235	1.0	111105
59	"13:18:56"	523.0	-3.37	0.133	266	3.01	2.33	6	1	2.84	31.73	31.53	31.61	230.48	233.68	19.357	22.885	41.80	49.41	499.9	-0	70	101.5	2.8	-0.0235	0.7	111105
60	"13:18:58"	525.5	-3.54	0.135	268	3.05	2.32	6	1	2.84	31.73	31.54	31.62	230.35	233.74	19.337	22.915	41.74	49.47	499.9	-0	70	101.5	2.8	-0.0235	1.0	111105
61	"13:19:00"	527.5	-2.99	0.134	262	3.03	2.32	6	1	2.84	31.74	31.54	31.62	231.00	233.74	19.384	22.935	41.84	49.50	499.9	-0	71	101.5	2.8	-0.0235	1.0	111105
62	"13:19:02"	529.5	-2.31	0.132	254	2.99	2.32	6	1	2.84	31.74	31.54	31.62	231.81	233.74	19.450	22.957	41.97	49.54	499.9	-0	71	101.5	2.8	-0.0235	1.0	111105
63	"13:19:04"	531.5	-1.46	0.131	243	2.97	2.32	6	1	2.84	31.74	31.55	31.63	232.84	233.75	19.506	22.988	42.09	49.60	499.9	-0	70	101.5	2.8	-0.0235	1.0	111105
64	"13:19:07"	534.0	0.343	0.128	221	2.9	2.32	6	1	2.84	31.75	31.55	31.63	234.92	233.69	19.611	23.014	42.30	49.64	499.9	-0	69	101.5	2.8	-0.0235	1.0	111105
65	"13:19:09"	536.0	0.308	0.127	221	2.87	2.32	6	1	2.84	31.75	31.55	31.64	234.90	233.73	19.669	23.036	42.42	49.68	499.9	-0	69	101.5	2.8	-0.0235	1.0	111105
66	"13:19:11"	538.0	-1.32	0.131	242	2.95	2.31	6	1	2.84	31.75	31.55	31.64	233.01	233.77	19.609	23.065	42.28	49.73	499.9	-0	70	101.5	2.8	-0.0235	1.0	111105
67	"13:19:13"	540.0	-2.56	0.136	256	3.07	2.31	6	1	2.84	31.76	31.56	31.64	231.50	233.71	19.487	23.087	42.01	49.77	500.0	-0	69	101.5	2.8	-0.0235	1.0	111105
68	"13:19:15"	542.5	-2.8	0.141	258	3.17	2.31	6	1	2.84	31.76	31.56	31.65	231.25	233.72	19.382	23.097	41.77	49.78	499.9	-0	69	101.5	2.8	-0.0235	1.0	111105
69	"13:19:18"	545.0	-2.42	0.144	253	3.23	2.31	6	1	2.84	31.77	31.57	31.65	231.68	233.68	19.330	23.119	41.65	49.82	500.0	-0	72	101.5	2.8	-0.0235	1.0	111105
70	"13:19:20"	547.0	-2.09	0.145	249	3.26	2.31	6	1	2.84	31.77	31.57	31.65	232.13	233.72	19.326	23.147	41.63	49.87	500.0	-0	71	101.5	2.8	-0.0235	1.0	111105
71	"13:19:22"	549.0	-1.89	0.145	246	3.25	2.31	6	1	2.84	31.77	31.58	31.66	232.40	233.75	19.361	23.170	41.70	49.91	500.0	-0	69	101.5	2.8	-0.0235	1.0	111105
72	"13:19:24"	551.5	-1.58	0.143	243	3.21	2.31	6	1	2.84	31.78	31.58	31.66	232.76	233.76	19.434	23.194	41.85	49.95	500.0	-0	69	101.5	2.8	-0.0235	1.0	111105
73	"13:19:26"	553.5	-0.654	0.141	233	3.15	2.31	6	1	2.84	31.78	31.59	31.67	233.88	233.78	19.516	23.212	42.01	49.97	499.9	-0	69	101.5	2.8	-0.0235	1.0	111105
74	"13:19:28"	555.5	0.0397	0.138	225	3.09	2.31	6	1	2.84	31.78	31.59	31.67	234.68	233.76	19.605	23.231	42.20	50.00	500.0	-0	70	101.5	2.8	-0.0235	1.0	111105
75	"13:19:30"	557.5	-0.0992	0.137	226	3.07	2.31	6	1	2.84	31.79	31.59	31.67	234.44	233.70	19.645	23.244	42.28	50.02	500.2	-0	70	101.5	2.8	-0.0235	1.0	111105
76	"13:19:33"	560.0	-0.364	0.138	229	3.1	2.3	6	1	2.84	31.79	31.59	31.68	234.15	233.71	19.628	23.262	42.23	50.05	500.0	-0	71	101.5	2.8	-0.0235	1.0	111105
77	"13:19:35"	562.0	-0.583	0.141	232	3.15	2.3	6	1	2.84	31.79	31.60	31.68	233.93	233.74	19.583	23.280	42.13	50.08	499.9	-0	72	101.5	2.8	-0.0235	1.0	111105
78	"13:19:37"	564.0	-0.86	0.144	235	3.22	2.3	6	1	2.84	31.80	31.60	31.68	233.59	233.72	19.529	23.299	42.00	50.11	499.9	-0	73	101.5	2.8	-0.0235	1.0	111105
79	"13:19:39"	566.0	-0.586	0.145	232	3.24	2.3	6	1	2.84	31.80	31.60	31.69	233.98	233.78	19.517	23.312	41.97	50.13	499.9	-0	73	101.5	2.8	-0.0235	1.0	111105
80	"13:19:41"	568.0	-0.412	0.145	230	3.23	2.3	6	1	2.84	31.81	31.60	31.69	234.26	233.85	19.537	23.325	42.00	50.15	499.9	-0	73	101.5	2.8	-0.0235	1.0	111105
81	"13:19:43"	570.5	-0.979	0.146	236	3.27	2.3	6	1	2.84	31.81	31.61	31.70	233.55	233.80	19.512	23.343	41.94	50.18	499.9	-0	74	101.5	2.8	-0.0235	1.0	111105
82	"13:19:46"	573.0	-1.2	0.149	238	3.32	2.3	6	1	2.84	31.81	31.61	31.70	233.29	233.80	19.479	23.365	41.86	50.21	499.9	-0	74	101.5	2.8	-0.0235	1.0	111105
83	"13:19:48"	575.0	-1.07	0.148	237	3.31	2.3	6	1	2.84	31.82	31.62	31.70	233.53	233.88	19.503	23.381	41.90	50.23	499.9	-0	73	101.5	2.8	-0.0235	1.0	111105
84	"13:19:50"	577.0	-1.22	0.148	239	3.29	2.3	6	1	2.84	31.82	31.62	31.71	233.36	233.90	19.538	23.396	41.97	50.26	500.0	-0	73	101.5	2.8	-0.0235	1.0	111105
85	"13:19:52"	579.0	-1.49	0.147	242	3.27	2.3	6	1	2.84	31.82	31.62	31.71	233.07	233.95	19.578	23.408	42.05	50.27	500.0	-0	72	101.5	2.8	-0.0235	1.0	111105
86	"13:19:54"	581.5	-2.43	0.145	253	3.24	2.3	6	1	2.84	31.83	31.63	31.72	232.01	234.03	19.629	23.423	42.14	50.29	500.0	-0	72	101.5	2.8	-0.0235	1.0	111105
87	"13:19:56"	583.5	-3.41	0.146	264	3.26	2.3	6	1	2.84	31.83	31.63	31.72	230.88	234.05	19.617	23.436	42.11	50.31	500.0	-0	72	101.5	2.8	-0.0235	0.7	111105
88	"13:19:58"	585.5	-3.28	0.147	262	3.27	2.3	6	1	2.84	31.84	31.64	31.72	230.99	234.02	19.618	23.449	42.11	50.33	499.9	-0	73	101.5	2.8	-0.0235	0.7	111105
89	"13:20:00"	587.5	-2.42	0.145	253	3.22	2.3	6	1	2.84	31.84	31.64	31.73	232.03	234.03	19.686	23.464	42.24	50.35	499.9	-0	73	101.5	2.8	-0.0235	1.0	111105
90	"13:20:03"	590.0	-2.05	0.141	249	3.15	2.3	6	1	2.84	31.84	31.64	31.73	232.50	234.08	19.780	23.470	42.43	50.35	499.9	-0	72	101.5	2.8	-0.0235	1.0	111105
91	"13:20:05"	592.0	-2.19	0.141	251	3.15	2.3	6	1	2.84	31.85	31.65	31.74	232.35	234.09	19.796	23.483	42.46	50.37	499.9	-0	72	101.5	2.8	-0.0235	1.0	111105
92	"13:20:07"	594.0	-2.35	0.145	252	3.24	2.3	6	1	2.84	31.85	31.65	31.74	232.24	234.15	19.710	23.502	42.27	50.40	500.1	-0	70	101.5	2.8	-0.0235	1.0	111105
93	"13:20:09"	596.0	-2.65	0.155	254	3.45	2.29	6	1	2.84	31.85	31.65	31.74	231.88	234.09	19.474	23.513	41.75	50.41	500.1	-0	70	101.5	2.8	-0.0235	1.0	111105
94	"13:20:11"	598.5	-2.29	0.167	248	3.69	2.29	6	1	2.84	31.86	31.66	31.75	232.38	234.08	19.196	23.525	41.14	50.42	500.0	-0	70	101.5	2.8	-0.0235	1.0	111105
95	"13:20:13"	600.5	-1.78	0.17	243	3.75	2.29	6	1	2.84	31.86	31.66	31.75	233.14	234.22	19.140	23.534	41.02	50.43	500.0	-0	70	101.5	2.8	-0.0235	1.0	111105
96	"13:20:15"	602.5	-1.84	0.171	243	3.77	2.29	6	1	2.84	31.86	31.66	31.75	233.09	234.24	19.122	23.541	40.97	50.44	499.9	-0	71	101.5	2.8	-0.0235	1.0	111105
97	"13:20:17"	604.5	-2.04	0.172	245	3.8	2.29	6	1	2.84	31.87	31.66	31.76	232.84	234.22	19.100	23.555	40.92	50.46	499.9	-0	72	101.5	2.8	-0.0235	1.0	111105
98	"13:20:20"	607.0	-1.99	0.171	245	3.77	2.29	6	1	2.84	31.87	31.67	31.76	232.94	234.27	19.146	23.569	41.01	50.48	499.9	-0	72	101.5	2.8	-0.0235	1.0	111105
99	"13:20:22"	609.0	-2.18	0.169	247	3.73	2.29	6	1	2.84	31.88	31.67	31.76	232.68	234.26	19.215	23.582	41.15	50.50	499.9	-0	72	101.5	2.8	-0.0235	1.0	111105
100	"13:20:24"	611.0	-2.52	0.168	250	3.72	2.29	6	1	2.84	31.88	31.68	31.77	232.29	234.27	19.239	23.595	41.19	50.51	499.9	-0	72	101.5	2.8	-0.0235	1.0	111105
101	"13:20:26"	613.0	-2.61	0.169	251	3.73	2.29	6	1	2.84	31.88	31.68	31.77	232.18	234.27	19.234	23.603	41.17	50.52	499.9	-0	73	101.5	2.8	-0.0235	1.0	111105
102	"13:20:28"	615.5	-2.78	0.168	253	3.71	2.29	6	1	2.84	31.89	31.68	31.77	232.02	234.30	19.255	23.607	41.21	50.52	499.9	-0	73	101.5	2.8	-0.0235	1.0	111105
103	"13:20:30"	617.5	-3	0.168	255	3.71	2.29	6	1	2.84	31.89	31.69	31.78	231.82	234.37	19.276	23.618	41.24	50.54	499.9	-0	73	101.5	2.8	-0.0235	1.0	111105
104	"13:20:32"	619.5	-2.94	0.167	255	3.69	2.29	6	1	2.84	31.89	31.69	31.78	231.87	234.36	19.298	23.626	41.28	50.54	500.0	-0	73	101.5	2.8	-0.0235	1.0	111105
105	"13:20:34"	621.5	-3.19	0.167	257	3.69	2.29	6	1	2.84	31.90	31.69	31.79	231.56	234.35	19.306	23.628	41.29	50.53	500.0	-0	72	101.5	2.8	-0.0235	1.0	111105
106	"13:20:37"	624.0	-1.6	0.168	242	3.71	2.29	6	1	2.84	31.90	31.70	31.79	233.49	234.37	19.294	23.642	41.26	50.55	499.9	-0	70	101.5	2.8	-0.0235	1.0	111105
107	"13:20:39"	626.0	6.67	0.168	160	3.72	2.29	6	1	2.84	31.90	31.70	31.79	243.40	234.35	19.302	23.657	41.27	50.58	499.9	-0	70	101.5	2.8	-0.0235	1.0	111105
108	"13:20:41"	628.0	12.3	0.166	104	3.67	2.29	6	1	2.84	31.91	31.71	31.80	250.06	234.33	19.366	23.663	41.39	50.58	499.9	-0	69	101.5	2.8	-0.0235	1.0	111105
109	"13:20:43"	630.5	5.26	0.159	171	3.52	2.29	6	1	2.84	31.91	31.71	31.80	241.65	234.35	19.535	23.664	41.74	50.57	499.9	-0	69	101.5	2.8	-0.0235	1.0	111105
110	"13:20:45"	632.5	0.551	0.153	220	3.4	2.29	6	1	2.84	31.92	31.71	31.80	236.02	234.40	19.682	23.667	42.05	50.57	499.9	-0	69	101.5	2.8	-0.0235	1.0	111105
111	"13:20:48"	635.0	-0.128	0.149	227	3.31	2.29	6	1	2.84	31.92	31.72	31.81	235.21	234.43	19.801	23.674	42.29	50.57	500.0	-0	70	101.5	2.8	-0.0235	1.0	111105
112	"13:20:50"	637.0	0.974	0.147	215	3.28	2.29	6	1	2.84	31.92	31.72	31.81	236.50	234.41	19.844	23.685	42.38	50.58	500.0	-0	69	101.5	2.8	-0.0235	1.0	111105
113	"13:20:52"	639.0	1.57	0.147	208	3.27	2.3	6	1	2.84	31.93	31.72	31.82	237.28	234.47	19.853	23.688	42.39	50.58	500.0	-0	68	101.5	2.8	-0.0235	1.0	111105
114	"13:20:54"	641.0	1.16	0.149	213	3.33	2.3	6	1	2.84	31.93	31.73	31.82	236.89	234.57	19.796	23.692	42.26	50.58	500.0	-0	68	101.5	2.8	-0.0235	1.0	111105
115	"13:20:56"	643.5	0.662	0.154	219	3.42	2.3	6	1	2.84	31.93	31.73	31.82	236.32	234.56	19.696	23.701	42.03	50.58	500.2	-0	68	101.5	2.8	-0.0235	1.0	111105
116	"13:20:58"	645.5	0.249	0.157	223	3.49	2.3	6	1	2.84	31.94	31.73	31.83	235.88	234.60	19.621	23.704	41.87	50.58	500.1	-0	68	101.5	2.8	-0.0235	1.0	111105
117	"13:21:00"	647.5	-0.0322	0.162	226	3.58	2.3	6	1	2.84	31.94	31.74	31.83	235.64	234.67	19.516	23.714	41.63	50.59	499.9	-0	69	101.5	2.8	-0.0235	0.7	111105
118	"13:21:02"	649.5	-0.313	0.166	229	3.67	2.3	6	1	2.84	31.95	31.74	31.83	235.41	234.75	19.422	23.725	41.42	50.60	499.9	-0	69	101.5	2.8	-0.0235	0.7	111105
119	"13:21:04"	651.5	-1.03	0.169	236	3.73	2.3	6	1	2.84	31.95	31.74	31.84	234.61	234.79	19.356	23.727	41.28	50.60	499.9	-0	70	101.5	2.8	-0.0235	0.7	111105
120	"13:21:07"	654.0	-2.01	0.173	246	3.82	2.3	6	1	2.84	31.95	31.75	31.84	233.54	234.88	19.263	23.734	41.07	50.60	500.0	-0	69	101.5	2.8	-0.0235	0.7	111105
121	"13:21:09"	656.0	-2.49	0.175	250	3.87	2.3	6	1	2.84	31.96	31.75	31.85	233.07	234.97	19.206	23.743	40.94	50.61	500.0	-0	68	101.5	2.8	-0.0235	0.7	111105
122	"13:21:11"	658.0	-2.45	0.176	249	3.88	2.3	6	1	2.84	31.96	31.75	31.85	233.12	234.97	19.200	23.746	40.92	50.61	499.9	-0	67	101.5	2.8	-0.0235	0.7	111105
123	"13:21:13"	660.5	-2.04	0.174	246	3.85	2.3	6	1	2.84	31.96	31.76	31.85	233.67	235.03	19.232	23.748	40.98	50.60	499.9	-0	68	101.5	2.8	-0.0235	0.7	111105
124	"13:21:16"	663.0	-1.26	0.173	239	3.82	2.3	6	1	2.84	31.97	31.76	31.86	234.65	235.09	19.285	23.758	41.08	50.61	499.9	-0	71	101.5	2.8	-0.0235	0.7	111105
125	"13:21:18"	665.0	-1.51	0.17	241	3.77	2.3	6	1	2.84	31.97	31.76	31.86	234.39	235.13	19.345	23.762	41.20	50.61	499.9	-0	71	101.5	2.8	-0.0235	0.7	111105
126	"13:21:20"	667.0	-2.04	0.166	247	3.69	2.3	6	1	2.84	31.98	31.77	31.87	233.76	235.17	19.443	23.767	41.40	50.60	499.9	-0	67	101.5	2.8	-0.0235	0.7	111105
127	"13:21:22"	669.5	-0.722	0.162	234	3.6	2.3	6	1	2.84	31.98	31.77	31.87	235.39	235.24	19.568	23.781	41.65	50.62	499.9	-0	67	101.5	2.8	-0.0235	0.7	111105
128	"13:21:25"	672.0	1.75	0.159	208	3.52	2.3	6	1	2.84	31.98	31.77	31.87	238.34	235.25	19.651	23.780	41.82	50.61	500.0	-0	72	101.5	2.8	-0.0235	0.7	111105
129	"13:21:27"	674.0	1.35	0.155	212	3.46	2.3	6	1	2.84	31.99	31.77	31.88	237.88	235.29	19.736	23.785	41.99	50.61	500.0	-0	73	101.5	2.8	-0.0235	0.7	111105
130	"13:21:29"	676.0	-0.408	0.153	231	3.41	2.3	6	1	2.84	31.99	31.78	31.88	235.82	235.35	19.808	23.799	42.14	50.63	499.9	-0	74	101.5	2.8	-0.0235	0.7	111105
131	"13:21:31"	678.5	-1.87	0.153	247	3.4	2.3	6	1	2.84	32.00	31.78	31.89	234.07	235.35	19.814	23.801	42.14	50.62	500.0	-0	74	101.5	2.8	-0.0235	0.7	111105
132	"13:21:33"	680.5	-0.267	0.153	230	3.41	2.3	6	1	2.84	32.00	31.78	31.89	235.97	235.33	19.803	23.794	42.11	50.60	499.9	-0	74	101.5	2.8	-0.0235	1.0	111105
133	"13:21:35"	682.5	2.34	0.151	201	3.36	2.3	6	1	2.84	32.00	31.79	31.89	239.17	235.42	19.861	23.796	42.23	50.59	499.9	-0	73	101.5	2.8	-0.0235	1.0	111105
134	"13:21:37"	684.5	2.34	0.149	201	3.34	2.3	6	1	2.84	32.01	31.79	31.90	239.21	235.47	19.896	23.804	42.29	50.60	500.0	-0	73	101.5	2.8	-0.0235	1.0	111105
135	"13:21:39"	686.5	1.46	0.151	211	3.38	2.3	6	1	2.84	32.01	31.79	31.90	238.18	235.47	19.851	23.804	42.19	50.59	500.0	-0	73	101.5	2.8	-0.0235	1.0	111105
136	"13:21:42"	689.0	1.14	0.154	215	3.44	2.3	6	1	2.84	32.01	31.80	31.90	237.84	235.50	19.784	23.809	42.04	50.59	500.0	-0	73	101.5	2.8	-0.0235	1.0	111105
137	"13:21:44"	691.0	-0.68	0.159	234	3.54	2.3	6	1	2.84	32.02	31.80	31.91	235.77	235.59	19.665	23.813	41.78	50.59	500.0	-0	74	101.5	2.8	-0.0235	0.7	111105
138	"13:21:46"	693.0	-1.61	0.164	243	3.65	2.3	6	1	2.84	32.02	31.80	31.91	234.72	235.62	19.541	23.820	41.50	50.59	500.0	-0	74	101.5	2.8	-0.0235	0.7	111105
139	"13:21:48"	695.0	-1.62	0.166	243	3.69	2.3	6	1	2.84	32.02	31.81	31.91	234.72	235.62	19.497	23.823	41.40	50.59	499.9	-0	74	101.5	2.8	-0.0235	0.7	111105
140	"13:21:50"	697.0	-1.77	0.166	245	3.69	2.3	6	1	2.84	32.03	31.81	31.92	234.60	235.67	19.502	23.829	41.41	50.59	499.9	-0	74	101.5	2.8	-0.0235	0.7	111105
141	"13:21:52"	699.5	-1.52	0.164	242	3.64	2.3	6	1	2.84	32.03	31.81	31.92	234.95	235.74	19.577	23.840	41.56	50.61	499.9	-0	72	101.5	2.8	-0.0235	0.7	111105
142	"13:21:54"	701.5	-1.83	0.161	246	3.59	2.3	6	1	2.84	32.03	31.82	31.92	234.67	235.85	19.640	23.846	41.68	50.61	499.9	-0	72	101.5	2.8	-0.0235	0.7	111105
143	"13:21:56"	703.5	-2.47	0.161	253	3.58	2.31	6	1	2.84	32.04	31.82	31.93	233.94	235.89	19.647	23.843	41.69	50.60	499.9	-0	72	101.5	2.8	-0.0235	0.7	111105
144	"13:21:58"	705.5	-3.25	0.162	260	3.6	2.31	6	1	2.84	32.04	31.82	31.93	233.03	235.91	19.628	23.847	41.65	50.60	499.9	-0	71	101.5	2.8	-0.0235	0.7	111105
145	"13:22:01"	708.0	-3.97	0.162	268	3.61	2.31	6	1	2.84	32.04	31.83	31.93	232.21	235.96	19.630	23.854	41.64	50.60	499.9	-0	68	101.5	2.8	-0.0235	0.7	111105
146	"13:22:03"	710.0	-3.84	0.161	267	3.58	2.31	6	1	2.84	32.05	31.83	31.94	232.41	236.01	19.669	23.858	41.71	50.60	500.1	-0	67	101.5	2.8	-0.0235	0.7	111105
147	"13:22:05"	712.0	-3.83	0.158	267	3.52	2.31	6	1	2.84	32.05	31.83	31.94	232.45	236.04	19.737	23.864	41.85	50.60	500.2	-0	70	101.5	2.8	-0.0235	0.7	111105
148	"13:22:07"	714.0	-4.49	0.157	274	3.5	2.31	6	1	2.84	32.05	31.83	31.94	231.65	236.05	19.779	23.873	41.93	50.61	500.0	-0	73	101.5	2.8	-0.0235	0.3	111105
149	"13:25:38"	924.5	-0.574	0.011	304	0.309	2.77	6	1	2.84	32.32	32.03	32.23	231.91	232.52	19.463	19.827	40.63	41.39	500.0	-0	89	101.5	2.8	-0.0235	0.7	111105
150	"13:25:39"	925.0	-0.651	0.011	315	0.31	2.77	6	1	2.84	32.32	32.03	32.23	231.82	232.51	19.457	19.822	40.62	41.38	500.0	-0	88	101.5	2.8	-0.0235	0.7	111105
151	"13:25:40"	926.0	-0.68	0.011	320	0.308	2.77	6	1	2.84	32.32	32.04	32.24	231.72	232.45	19.451	19.813	40.60	41.36	500.0	-0	86	101.5	2.8	-0.0235	0.7	111105
