"OPEN 5.3.2"
"Fri Aug  3 2018 11:14:58"
"Unit="	"PSC-895"
"ComputeList="	"/User/Configs/Comps/Default"
"BLCTable="	"/Sys/Lib/StdBLCTable"
"LightSource="	"Sun+Sky"	1	0.19
"LogFormat="	"/User/Configs/LogFormats/Std Output"
"LogCodes="	-35	-21	-36	30	23	36	21	25	-33	-34	-32	-9	-10	-8	-1	-2	-4	-5	-14	-15	-7	-12	-13	-11	-65	-66	-72	-23
"PromptList="	"/User/Configs/Prompts/Default (none)"
"Stability= (CO2S 15s SLP<1)(H2OS 15s SLP<1)(Flow 15s SLP<1)"
"11:15:01 "
$STARTOFDATA$
"Obs"	"HHMMSS"	"FTime"	"Photo"	"Cond"	"Ci"	"Trmmol"	"VpdL"	"Area"	"StmRat"	"BLCond"	"Tair"	"Tleaf"	"TBlk"	"CO2R"	"CO2S"	"H2OR"	"H2OS"	"RH_R"	"RH_S"	"Flow"	"PARi"	"PARo"	"Press"	"CsMch"	"HsMch"	"StableF"	"Status"
1	"11:17:31"	204.5	-7.6	0.249	526	8.14	3.43	6	1	2.84	40.06	39.27	40.09	499.02	502.53	28.514	36.354	39.04	49.77	600.0	-0	162	101.8	15	0.0532	0.3	111115
2	"11:17:32"	205.0	-7.62	0.249	526	8.12	3.43	6	1	2.84	40.06	39.26	40.09	498.99	502.52	28.516	36.346	39.05	49.77	600.0	-0	146	101.8	15	0.0532	0.3	111115
3	"11:17:34"	206.5	-7.47	0.249	525	8.13	3.42	6	1	2.84	40.06	39.26	40.09	499.06	502.45	28.517	36.349	39.05	49.78	600.0	-0	136	101.8	15	0.0532	1.0	111115
4	"11:17:35"	208.0	-7.44	0.251	525	8.19	3.42	6	1	2.84	40.06	39.26	40.09	499.13	502.45	28.518	36.408	39.05	49.86	600.0	-0	166	101.8	15	0.0532	1.0	111115
5	"11:17:36"	209.0	-7.26	0.252	523	8.19	3.42	6	1	2.84	40.05	39.26	40.09	499.23	502.37	28.519	36.413	39.06	49.87	600.1	-0	209	101.8	15	0.0532	0.7	111115
6	"11:17:37"	210.5	-7.19	0.248	523	8.11	3.43	6	1	2.84	40.05	39.26	40.09	499.20	502.31	28.516	36.332	39.06	49.77	600.1	-0	284	101.8	15	0.0532	0.7	111115
7	"11:17:39"	211.5	-7.1	0.243	523	7.98	3.44	6	1	2.84	40.05	39.26	40.09	499.16	502.25	28.513	36.205	39.06	49.60	600.1	0	308	101.8	15	0.0532	0.7	111115
8	"11:17:40"	213.0	-6.99	0.234	524	7.76	3.46	6	1	2.84	40.05	39.25	40.08	499.07	502.17	28.509	35.990	39.06	49.31	600.0	-0	319	101.8	15	0.0532	0.3	111115
9	"11:17:41"	214.0	-6.84	0.23	524	7.64	3.47	6	1	2.84	40.04	39.25	40.08	499.10	502.11	28.510	35.878	39.07	49.16	600.0	-0	316	101.8	15	0.0532	0.3	111115
10	"11:17:42"	215.5	-6.61	0.224	523	7.49	3.48	6	1	2.84	40.04	39.25	40.08	499.21	502.06	28.514	35.731	39.08	48.97	600.0	-0	313	101.8	15	0.0532	0.3	111115
11	"11:17:44"	216.5	-6.6	0.221	524	7.41	3.49	6	1	2.84	40.04	39.25	40.08	499.21	502.09	28.514	35.655	39.08	48.87	600.0	-0	311	101.8	15	0.0532	0.3	111115
12	"11:17:45"	218.0	-6.47	0.217	523	7.32	3.5	6	1	2.84	40.04	39.25	40.08	499.29	502.09	28.516	35.571	39.09	48.76	600.0	-0	306	101.8	15	0.0532	0.3	111115
13	"11:17:46"	219.0	-6.48	0.215	524	7.27	3.5	6	1	2.84	40.04	39.25	40.08	499.25	502.08	28.515	35.528	39.09	48.70	600.0	-0	306	101.8	15	0.0532	0.3	111115
14	"11:17:47"	220.5	-6.39	0.213	523	7.22	3.51	6	1	2.84	40.04	39.25	40.08	499.26	502.03	28.515	35.478	39.09	48.64	600.0	-0	302	101.8	15	0.0532	0.3	111115
15	"11:17:49"	221.5	-6.48	0.212	524	7.19	3.51	6	1	2.84	40.04	39.25	40.07	499.20	502.06	28.514	35.454	39.09	48.61	600.0	-0	300	101.8	15	0.0532	0.3	111115
16	"11:17:50"	223.0	-6.63	0.211	526	7.17	3.52	6	1	2.84	40.03	39.26	40.07	499.12	502.15	28.514	35.431	39.09	48.58	600.0	-0	303	101.8	15	0.0532	0.3	111115
17	"11:17:51"	224.0	-6.76	0.211	527	7.17	3.52	6	1	2.84	40.03	39.26	40.07	499.04	502.20	28.513	35.424	39.09	48.57	600.0	-0	305	101.8	15	0.0532	0.3	111115
18	"11:17:52"	224.5	-6.74	0.211	527	7.17	3.52	6	1	2.84	40.03	39.26	40.07	499.06	502.21	28.512	35.423	39.09	48.57	600.0	-0	308	101.8	15	0.0532	0.3	111115
19	"11:17:53"	226.5	-6.49	0.211	525	7.17	3.52	6	1	2.84	40.03	39.26	40.07	499.27	502.16	28.510	35.426	39.09	48.58	600.0	-0	320	101.8	15	0.0532	0.7	111115
20	"11:17:55"	227.5	-6.49	0.211	525	7.17	3.52	6	1	2.84	40.03	39.25	40.07	499.31	502.19	28.509	35.426	39.09	48.58	600.0	-0	324	101.8	15	0.0532	0.7	111115
21	"11:17:56"	229.0	-6.47	0.211	525	7.17	3.52	6	1	2.84	40.03	39.25	40.07	499.39	502.26	28.510	35.426	39.09	48.58	600.0	-0	331	101.8	15	0.0532	0.7	111115
22	"11:17:57"	230.0	-6.6	0.211	526	7.17	3.52	6	1	2.84	40.03	39.25	40.07	499.36	502.35	28.512	35.428	39.10	48.58	600.0	-0	332	101.8	15	0.0532	0.7	111115
23	"11:17:58"	231.5	-6.71	0.212	527	7.18	3.51	6	1	2.84	40.03	39.25	40.07	499.27	502.37	28.511	35.434	39.10	48.59	600.0	-0	331	101.8	15	0.0532	0.7	111115
24	"11:18:00"	232.5	-6.71	0.212	527	7.18	3.51	6	1	2.84	40.03	39.25	40.06	499.28	502.37	28.510	35.439	39.10	48.60	600.0	-0	328	101.8	15	0.0532	0.3	111115
25	"11:18:01"	234.0	-6.73	0.212	527	7.18	3.51	6	1	2.84	40.03	39.25	40.06	499.22	502.34	28.507	35.434	39.10	48.60	600.0	-0	323	101.8	15	0.0532	0.7	111115
26	"11:18:02"	235.0	-6.79	0.212	527	7.18	3.51	6	1	2.84	40.03	39.25	40.06	499.19	502.38	28.507	35.435	39.10	48.60	599.9	-0	321	101.8	15	0.0532	0.7	111115
27	"11:18:03"	235.5	-6.85	0.212	528	7.18	3.51	6	1	2.84	40.03	39.25	40.06	499.15	502.40	28.506	35.437	39.10	48.60	599.9	-0	321	101.8	15	0.0532	0.7	111115
28	"11:18:04"	237.5	-6.84	0.212	528	7.2	3.51	6	1	2.84	40.03	39.25	40.06	499.23	502.45	28.505	35.445	39.10	48.62	600.0	-0	324	101.8	15	0.0532	0.7	111115
29	"11:18:06"	238.5	-6.9	0.213	528	7.2	3.51	6	1	2.84	40.03	39.25	40.06	499.23	502.51	28.505	35.451	39.10	48.63	600.0	-0	324	101.8	15	0.0532	0.7	111115
30	"11:18:07"	239.0	-6.85	0.213	528	7.2	3.51	6	1	2.84	40.03	39.25	40.06	499.27	502.49	28.506	35.449	39.10	48.62	600.0	-0	325	101.8	15	0.0532	0.7	111115
31	"11:18:08"	241.0	-6.67	0.212	526	7.19	3.51	6	1	2.84	40.02	39.24	40.06	499.36	502.42	28.508	35.442	39.10	48.62	600.0	-0	326	101.8	15	0.0532	0.7	111115
32	"11:18:09"	242.0	-6.75	0.212	527	7.18	3.51	6	1	2.84	40.02	39.24	40.06	499.34	502.48	28.509	35.434	39.11	48.61	600.0	-0	327	101.8	15	0.0532	0.7	111115
33	"11:18:10"	243.5	-6.94	0.212	529	7.17	3.51	6	1	2.84	40.02	39.24	40.06	499.22	502.56	28.510	35.427	39.11	48.60	600.0	-0	328	101.8	15	0.0532	0.7	111115
34	"11:18:12"	244.5	-6.99	0.211	529	7.16	3.51	6	1	2.84	40.02	39.24	40.05	499.18	502.57	28.510	35.421	39.11	48.59	600.0	-0	329	101.8	15	0.0532	0.7	111115
35	"11:18:13"	245.0	-7.07	0.211	530	7.16	3.51	6	1	2.84	40.02	39.24	40.05	499.15	502.63	28.511	35.418	39.11	48.59	600.0	-0	329	101.8	15	0.0532	0.7	111115
36	"11:18:14"	247.0	-7.06	0.211	530	7.15	3.51	6	1	2.84	40.02	39.24	40.05	499.16	502.63	28.512	35.408	39.12	48.58	600.1	-0	331	101.8	15	0.0532	0.7	111115
37	"11:18:15"	248.0	-6.95	0.211	529	7.14	3.51	6	1	2.84	40.02	39.23	40.05	499.22	502.58	28.512	35.400	39.12	48.57	600.1	-0	332	101.8	15	0.0532	0.7	111115
38	"11:18:16"	249.5	-7.02	0.211	530	7.13	3.51	6	1	2.84	40.02	39.23	40.05	499.17	502.60	28.513	35.393	39.13	48.57	600.1	-0	334	101.8	15	0.0532	1.0	111115
39	"11:18:18"	250.5	-7.03	0.211	530	7.13	3.51	6	1	2.84	40.02	39.23	40.05	499.11	502.56	28.511	35.392	39.13	48.57	600.0	-0	335	101.8	15	0.0532	1.0	111115
40	"11:18:19"	252.0	-7.08	0.21	530	7.13	3.51	6	1	2.84	40.01	39.23	40.05	499.08	502.57	28.509	35.384	39.13	48.56	600.1	-0	337	101.8	15	0.0532	1.0	111115
41	"11:18:20"	252.5	-7.11	0.21	530	7.13	3.51	6	1	2.84	40.01	39.23	40.05	499.07	502.60	28.510	35.383	39.13	48.56	600.1	-0	338	101.8	15	0.0532	1.0	111115
42	"11:18:21"	254.0	-7.02	0.21	530	7.12	3.51	6	1	2.84	40.01	39.23	40.05	499.10	502.54	28.506	35.375	39.13	48.56	600.1	-0	340	101.8	15	0.0532	1.0	111115
43	"11:18:22"	255.5	-6.93	0.21	529	7.12	3.51	6	1	2.84	40.01	39.23	40.04	499.11	502.46	28.506	35.372	39.13	48.55	600.1	-0	342	101.8	15	0.0532	1.0	111115
44	"11:18:24"	256.5	-6.87	0.21	528	7.11	3.51	6	1	2.84	40.01	39.23	40.04	499.11	502.41	28.504	35.367	39.13	48.55	600.0	-0	343	101.8	15	0.0532	1.0	111115
45	"11:18:25"	258.0	-6.9	0.21	529	7.12	3.51	6	1	2.84	40.01	39.23	40.04	499.11	502.44	28.503	35.367	39.13	48.55	600.0	-0	345	101.8	15	0.0532	1.0	111115
46	"11:18:26"	259.0	-7.05	0.21	530	7.12	3.51	6	1	2.84	40.01	39.22	40.04	499.07	502.54	28.503	35.369	39.13	48.56	600.0	-0	346	101.8	15	0.0532	1.0	111115
47	"11:18:27"	260.5	-7.02	0.21	530	7.11	3.51	6	1	2.84	40.01	39.22	40.04	499.10	502.54	28.501	35.364	39.13	48.55	600.0	-0	348	101.8	15	0.0532	1.0	111115
48	"11:18:29"	261.5	-6.92	0.21	529	7.11	3.51	6	1	2.84	40.01	39.22	40.04	499.14	502.48	28.499	35.359	39.13	48.55	600.0	-0	349	101.8	15	0.0532	1.0	111115
49	"11:18:30"	263.0	-6.83	0.21	528	7.11	3.51	6	1	2.84	40.00	39.22	40.04	499.18	502.44	28.496	35.352	39.13	48.54	600.0	-0	350	101.8	15	0.0532	1.0	111115
50	"11:18:31"	264.0	-6.93	0.21	529	7.11	3.51	6	1	2.84	40.00	39.22	40.04	499.12	502.48	28.494	35.352	39.13	48.55	600.0	-0	351	101.8	15	0.0532	1.0	111115
51	"11:18:32"	265.5	-7.1	0.21	530	7.11	3.51	6	1	2.84	40.00	39.21	40.03	499.06	502.59	28.493	35.352	39.13	48.55	600.0	-0	352	101.8	15	0.0532	1.0	111115
52	"11:18:34"	266.5	-7.18	0.21	531	7.11	3.51	6	1	2.84	40.00	39.21	40.03	499.03	502.64	28.491	35.353	39.13	48.56	600.0	-0	353	101.8	15	0.0532	1.0	111115
53	"11:18:35"	267.0	-7.23	0.21	531	7.11	3.51	6	1	2.84	40.00	39.21	40.03	498.99	502.65	28.491	35.350	39.13	48.55	600.0	-0	353	101.8	15	0.0532	1.0	111115
54	"11:18:36"	269.0	-7.14	0.21	531	7.1	3.51	6	1	2.84	40.00	39.21	40.03	499.04	502.61	28.493	35.344	39.14	48.55	600.0	-0	355	101.8	15	0.0532	1.0	111115
55	"11:18:37"	270.0	-7.14	0.21	531	7.1	3.51	6	1	2.84	40.00	39.21	40.03	499.03	502.60	28.494	35.340	39.14	48.54	600.0	-0	356	101.8	15	0.0532	1.0	111115
56	"11:18:38"	271.5	-6.96	0.209	529	7.09	3.51	6	1	2.84	40.00	39.21	40.03	499.14	502.54	28.495	35.334	39.14	48.54	600.0	-0	357	101.8	15	0.0532	1.0	111115
57	"11:18:40"	272.5	-6.87	0.209	529	7.08	3.51	6	1	2.84	40.00	39.21	40.03	499.23	502.54	28.496	35.331	39.15	48.54	600.0	-0	358	101.8	15	0.0532	1.0	111115
58	"11:18:41"	274.0	-6.87	0.209	529	7.08	3.51	6	1	2.84	40.00	39.21	40.03	499.25	502.56	28.495	35.329	39.15	48.54	600.0	-0	360	101.8	15	0.0532	1.0	111115
59	"11:18:42"	275.0	-6.93	0.209	529	7.09	3.51	6	1	2.84	39.99	39.20	40.03	499.18	502.55	28.495	35.331	39.15	48.54	600.0	-0	361	101.8	15	0.0532	1.0	111115
60	"11:18:43"	276.5	-7.11	0.209	531	7.09	3.5	6	1	2.84	39.99	39.20	40.03	499.05	502.60	28.493	35.329	39.15	48.54	600.0	-0	363	101.8	15	0.0532	1.0	111115
61	"11:18:45"	277.5	-7.15	0.209	531	7.08	3.5	6	1	2.84	39.99	39.20	40.02	498.98	502.57	28.493	35.326	39.15	48.54	600.0	-0	365	101.8	15	0.0532	1.0	111115
62	"11:18:46"	279.0	-7.19	0.209	531	7.08	3.5	6	1	2.84	39.99	39.19	40.02	498.97	502.60	28.494	35.324	39.16	48.55	600.0	-0	367	101.8	15	0.0532	1.0	111115
63	"11:18:47"	280.0	-7.11	0.209	531	7.08	3.5	6	1	2.84	39.99	39.19	40.02	499.02	502.58	28.494	35.323	39.16	48.55	600.0	-0	369	101.8	15	0.0532	1.0	111115
64	"11:18:48"	281.5	-6.98	0.209	530	7.07	3.5	6	1	2.84	39.99	39.18	40.02	499.09	502.52	28.496	35.320	39.17	48.55	600.0	-0	372	101.8	15	0.0532	1.0	111115
65	"11:18:50"	282.5	-7.04	0.209	530	7.07	3.5	6	1	2.84	39.98	39.18	40.02	499.09	502.57	28.495	35.313	39.17	48.54	600.0	-0	374	101.8	15	0.0532	1.0	111115
66	"11:18:51"	284.0	-7.01	0.209	530	7.07	3.5	6	1	2.84	39.98	39.18	40.02	499.09	502.55	28.495	35.311	39.18	48.55	600.0	-0	378	101.8	15	0.0532	1.0	111115
67	"11:18:52"	285.0	-7.06	0.209	530	7.07	3.5	6	1	2.84	39.98	39.18	40.01	499.05	502.56	28.494	35.311	39.18	48.55	600.0	-0	381	101.8	15	0.0532	1.0	111115
68	"11:18:53"	286.5	-7.06	0.209	530	7.07	3.5	6	1	2.84	39.98	39.18	40.01	499.06	502.57	28.493	35.312	39.18	48.56	600.0	-0	385	101.8	15	0.0532	1.0	111115
69	"11:18:55"	287.5	-7.05	0.209	530	7.07	3.5	6	1	2.84	39.98	39.18	40.01	499.05	502.55	28.493	35.310	39.18	48.56	600.0	-0	389	101.8	15	0.0532	1.0	111115
70	"11:18:56"	289.0	-6.99	0.209	530	7.06	3.5	6	1	2.84	39.97	39.18	40.01	499.09	502.52	28.493	35.302	39.19	48.55	600.0	-0	395	101.8	15	0.0532	1.0	111115
71	"11:18:57"	290.0	-7	0.209	530	7.05	3.5	6	1	2.84	39.97	39.17	40.01	499.05	502.50	28.492	35.298	39.19	48.55	600.0	-0	400	101.8	15	0.0532	1.0	111115
72	"11:18:58"	291.5	-7.03	0.209	530	7.05	3.5	6	1	2.84	39.97	39.17	40.01	499.06	502.54	28.492	35.290	39.19	48.55	600.0	-0	407	101.8	15	0.0532	1.0	111115
73	"11:19:00"	292.5	-6.91	0.209	529	7.04	3.5	6	1	2.84	39.97	39.17	40.00	499.13	502.50	28.491	35.287	39.20	48.54	600.0	-0	412	101.8	15	0.0532	1.0	111115
74	"11:19:01"	294.0	-7.01	0.209	530	7.05	3.5	6	1	2.84	39.97	39.17	40.00	499.09	502.56	28.490	35.287	39.20	48.55	600.0	-0	420	101.8	15	0.0532	1.0	111115
75	"11:19:02"	295.0	-7.03	0.209	530	7.05	3.5	6	1	2.84	39.97	39.17	40.00	499.07	502.55	28.490	35.287	39.20	48.55	600.0	-0	426	101.8	15	0.0532	1.0	111115
76	"11:19:03"	296.5	-7.1	0.209	531	7.04	3.5	6	1	2.84	39.96	39.17	40.00	499.01	502.57	28.490	35.286	39.20	48.56	600.0	-0	436	101.8	15	0.0532	1.0	111115
77	"11:19:05"	297.5	-7.1	0.209	531	7.04	3.5	6	1	2.84	39.96	39.17	40.00	499.00	502.56	28.492	35.286	39.21	48.56	600.0	-0	444	101.8	15	0.0532	1.0	111115
78	"11:19:06"	299.0	-7.08	0.209	531	7.04	3.5	6	1	2.84	39.96	39.17	40.00	498.96	502.51	28.493	35.287	39.21	48.56	600.0	-0	438	101.8	15	0.0532	1.0	111115
79	"11:19:07"	300.0	-7.1	0.209	531	7.05	3.5	6	1	2.84	39.96	39.17	40.00	498.95	502.51	28.492	35.289	39.22	48.57	600.0	-0	392	101.8	15	0.0532	1.0	111115
80	"11:19:08"	301.5	-7.01	0.208	530	7.04	3.5	6	1	2.84	39.96	39.17	39.99	499.02	502.49	28.492	35.282	39.22	48.56	600.2	-0	277	101.8	15	0.0532	1.0	111115
81	"11:19:10"	302.5	-6.94	0.208	530	7.03	3.5	6	1	2.84	39.96	39.17	39.99	499.10	502.51	28.493	35.276	39.22	48.56	600.2	-0	214	101.8	15	0.0532	1.0	111115
82	"11:19:11"	304.0	-7.07	0.208	531	7.03	3.5	6	1	2.84	39.96	39.16	39.99	499.00	502.54	28.493	35.271	39.22	48.56	600.2	-0	166	101.8	15	0.0532	1.0	111115
83	"11:19:12"	305.0	-7.08	0.208	531	7.03	3.5	6	1	2.84	39.96	39.16	39.99	498.99	502.55	28.491	35.270	39.23	48.56	600.1	-0	170	101.8	15	0.0532	1.0	111115
84	"11:19:13"	306.5	-7.08	0.208	531	7.02	3.5	6	1	2.84	39.95	39.16	39.99	498.97	502.52	28.490	35.259	39.23	48.55	600.0	-0	165	101.8	15	0.0532	1.0	111115
85	"11:19:15"	307.5	-6.97	0.207	530	7.01	3.5	6	1	2.84	39.95	39.17	39.99	499.03	502.48	28.492	35.253	39.23	48.54	600.0	-0	160	101.8	15	0.0532	1.0	111115
86	"11:19:16"	309.0	-6.87	0.207	529	7.01	3.5	6	1	2.84	39.95	39.16	39.99	499.07	502.43	28.492	35.253	39.24	48.54	600.0	-0	154	101.8	15	0.0532	1.0	111115
87	"11:19:17"	310.0	-6.93	0.208	530	7.01	3.5	6	1	2.84	39.95	39.16	39.99	499.04	502.45	28.490	35.257	39.23	48.55	600.0	-0	152	101.8	15	0.0532	1.0	111115
88	"11:19:18"	311.5	-7.01	0.207	530	7.01	3.5	6	1	2.84	39.95	39.16	39.98	499.01	502.50	28.489	35.249	39.24	48.55	600.0	-0	149	101.8	15	0.0532	1.0	111115
89	"11:19:20"	312.5	-7.04	0.207	531	7	3.5	6	1	2.84	39.95	39.16	39.98	499.01	502.53	28.489	35.243	39.24	48.54	600.0	-0	147	101.8	15	0.0532	1.0	111115
90	"11:19:21"	314.0	-7.02	0.207	531	6.98	3.5	6	1	2.84	39.95	39.15	39.98	499.00	502.51	28.490	35.228	39.24	48.52	600.0	-0	145	101.8	15	0.0532	1.0	111115
91	"11:19:22"	315.0	-6.87	0.206	529	6.98	3.5	6	1	2.84	39.95	39.15	39.98	499.05	502.42	28.490	35.220	39.24	48.51	600.0	-0	144	101.8	15	0.0532	1.0	111115
92	"11:19:23"	316.5	-6.94	0.206	530	6.96	3.5	6	1	2.84	39.94	39.15	39.98	499.00	502.45	28.488	35.208	39.24	48.50	600.0	-0	141	101.8	15	0.0532	1.0	111115
93	"11:19:25"	317.5	-6.98	0.206	530	6.96	3.5	6	1	2.84	39.94	39.16	39.98	498.98	502.46	28.486	35.204	39.24	48.50	599.9	-0	139	101.8	15	0.0532	1.0	111115
94	"11:19:26"	319.0	-7.11	0.206	532	6.96	3.5	6	1	2.84	39.94	39.15	39.98	498.97	502.58	28.484	35.201	39.24	48.50	599.9	-0	138	101.8	15	0.0532	1.0	111115
95	"11:19:27"	320.0	-7.08	0.206	531	6.96	3.5	6	1	2.84	39.94	39.15	39.98	498.99	502.58	28.483	35.195	39.24	48.49	599.9	-0	138	101.8	15	0.0532	1.0	111115
96	"11:19:28"	321.5	-7	0.206	531	6.96	3.5	6	1	2.84	39.94	39.15	39.97	499.06	502.57	28.482	35.194	39.25	48.49	600.0	-0	138	101.8	15	0.0532	1.0	111115
97	"11:19:30"	322.5	-7.04	0.206	531	6.96	3.5	6	1	2.84	39.94	39.15	39.97	499.06	502.60	28.481	35.193	39.25	48.49	600.0	-0	138	101.8	15	0.0532	1.0	111115
98	"11:19:31"	324.0	-6.96	0.206	530	6.96	3.5	6	1	2.84	39.94	39.15	39.97	499.11	502.57	28.480	35.191	39.25	48.49	600.0	-0	138	101.8	15	0.0532	1.0	111115
99	"11:19:32"	325.0	-6.94	0.205	530	6.95	3.5	6	1	2.84	39.94	39.15	39.97	499.11	502.55	28.478	35.181	39.25	48.48	600.0	-0	138	101.8	15	0.0532	1.0	111115
100	"11:19:33"	326.5	-6.9	0.205	530	6.94	3.5	6	1	2.84	39.94	39.15	39.97	499.12	502.54	28.478	35.170	39.25	48.47	600.0	-0	138	101.8	15	0.0532	1.0	111115
101	"11:19:35"	327.0	-6.95	0.205	530	6.94	3.5	6	1	2.84	39.94	39.15	39.97	499.11	502.57	28.476	35.169	39.25	48.47	600.0	-0	139	101.8	15	0.0532	1.0	111115
102	"11:19:36"	329.0	-7.11	0.205	532	6.93	3.5	6	1	2.84	39.93	39.14	39.97	499.02	502.64	28.477	35.166	39.25	48.47	600.0	-0	139	101.8	15	0.0532	1.0	111115
103	"11:19:37"	330.0	-7.11	0.205	532	6.93	3.5	6	1	2.84	39.93	39.14	39.97	499.01	502.64	28.478	35.162	39.25	48.47	600.0	-0	140	101.8	15	0.0532	1.0	111115
104	"11:19:39"	331.5	-7.09	0.205	532	6.92	3.5	6	1	2.84	39.93	39.15	39.97	499.02	502.63	28.478	35.158	39.26	48.46	600.0	-0	140	101.8	15	0.0532	1.0	111115
105	"11:19:40"	332.0	-7.02	0.204	531	6.92	3.5	6	1	2.84	39.93	39.15	39.97	499.06	502.60	28.478	35.153	39.26	48.46	600.0	-0	140	101.8	15	0.0532	1.0	111115
106	"11:19:41"	334.0	-6.75	0.204	529	6.91	3.5	6	1	2.84	39.93	39.15	39.96	499.17	502.44	28.476	35.144	39.26	48.45	600.0	-0	141	101.8	15	0.0532	1.0	111115
107	"11:19:42"	335.0	-6.9	0.204	530	6.91	3.5	6	1	2.84	39.93	39.15	39.96	499.11	502.54	28.472	35.137	39.25	48.44	600.0	-0	142	101.8	15	0.0532	1.0	111115
108	"11:19:43"	335.5	-6.93	0.204	531	6.9	3.51	6	1	2.84	39.93	39.15	39.96	499.09	502.55	28.471	35.133	39.25	48.44	600.0	-0	142	101.8	15	0.0532	1.0	111115
109	"11:19:44"	337.5	-7.21	0.204	533	6.9	3.51	6	1	2.84	39.93	39.15	39.96	498.91	502.66	28.469	35.128	39.25	48.43	600.0	-0	143	101.8	15	0.0532	1.0	111115
110	"11:19:45"	338.0	-7.32	0.203	534	6.9	3.51	6	1	2.84	39.93	39.15	39.96	498.86	502.71	28.468	35.124	39.25	48.43	600.0	-0	143	101.8	15	0.0532	1.0	111115
111	"11:19:47"	340.0	-7.22	0.203	533	6.9	3.51	6	1	2.84	39.92	39.15	39.96	498.87	502.62	28.467	35.121	39.26	48.43	600.0	-0	144	101.8	15	0.0532	1.0	111115
112	"11:19:48"	341.0	-7.29	0.203	534	6.89	3.51	6	1	2.84	39.92	39.15	39.96	498.85	502.68	28.466	35.115	39.26	48.43	600.0	-0	144	101.8	15	0.0532	1.0	111115
113	"11:19:49"	342.5	-7	0.203	531	6.88	3.51	6	1	2.84	39.92	39.14	39.96	498.99	502.53	28.466	35.105	39.26	48.41	600.0	-0	145	101.8	15	0.0532	1.0	111115
114	"11:19:51"	343.5	-6.99	0.203	531	6.87	3.51	6	1	2.84	39.92	39.14	39.95	499.03	502.57	28.466	35.099	39.26	48.41	600.0	-0	145	101.8	15	0.0532	1.0	111115
115	"11:19:52"	344.0	-6.98	0.203	531	6.88	3.51	6	1	2.84	39.92	39.14	39.95	499.05	502.58	28.465	35.102	39.26	48.41	600.0	-0	146	101.8	15	0.0532	1.0	111115
116	"11:19:53"	346.0	-6.95	0.203	531	6.88	3.51	6	1	2.84	39.92	39.14	39.95	499.01	502.51	28.466	35.101	39.26	48.42	600.1	-0	146	101.8	15	0.0532	1.0	111115
117	"11:19:54"	347.0	-6.97	0.203	531	6.87	3.51	6	1	2.84	39.92	39.14	39.95	498.99	502.50	28.466	35.096	39.27	48.41	600.1	-0	147	101.8	15	0.0532	1.0	111115
118	"11:19:55"	348.5	-7.06	0.202	532	6.86	3.51	6	1	2.84	39.92	39.14	39.95	498.94	502.56	28.466	35.086	39.27	48.40	600.1	-0	148	101.8	15	0.0532	1.0	111115
119	"11:19:57"	349.5	-7.05	0.202	532	6.86	3.51	6	1	2.84	39.92	39.14	39.95	498.96	502.57	28.465	35.079	39.27	48.40	600.1	-0	148	101.8	15	0.0532	1.0	111115
120	"11:19:58"	351.0	-7.06	0.202	532	6.85	3.51	6	1	2.84	39.92	39.14	39.95	498.96	502.58	28.462	35.071	39.27	48.39	600.0	-0	149	101.8	15	0.0532	1.0	111115
121	"11:19:59"	352.0	-7	0.202	532	6.85	3.51	6	1	2.84	39.91	39.14	39.95	499.00	502.57	28.462	35.069	39.27	48.39	599.9	-0	150	101.8	15	0.0532	1.0	111115
122	"11:20:00"	352.5	-6.99	0.202	532	6.85	3.51	6	1	2.84	39.91	39.14	39.95	499.00	502.55	28.461	35.069	39.27	48.39	599.9	-0	150	101.8	15	0.0532	1.0	111115
123	"11:20:01"	353.5	-6.96	0.201	531	6.84	3.51	6	1	2.84	39.91	39.14	39.95	498.98	502.51	28.462	35.066	39.27	48.38	599.9	-0	151	101.8	15	0.0532	1.0	111115
124	"11:20:03"	355.5	-6.94	0.201	531	6.84	3.51	6	1	2.84	39.91	39.14	39.94	498.97	502.48	28.460	35.057	39.27	48.38	599.9	-0	152	101.8	15	0.0532	1.0	111115
125	"11:20:04"	357.0	-6.93	0.201	531	6.83	3.51	6	1	2.84	39.91	39.13	39.94	498.99	502.49	28.458	35.052	39.27	48.37	600.0	-0	153	101.8	15	0.0532	1.0	111115
126	"11:20:05"	358.0	-6.89	0.201	531	6.83	3.51	6	1	2.84	39.91	39.13	39.94	499.02	502.48	28.458	35.052	39.27	48.37	600.0	-0	153	101.8	15	0.0532	1.0	111115
127	"11:20:06"	359.5	-6.77	0.201	530	6.83	3.51	6	1	2.84	39.91	39.13	39.94	499.09	502.43	28.458	35.047	39.27	48.37	600.1	-0	154	101.8	15	0.0532	1.0	111115
128	"11:20:08"	360.5	-6.84	0.201	530	6.82	3.51	6	1	2.84	39.91	39.13	39.94	499.05	502.46	28.456	35.039	39.27	48.36	600.1	-0	155	101.8	15	0.0532	1.0	111115
129	"11:20:09"	362.0	-6.91	0.201	531	6.82	3.51	6	1	2.84	39.91	39.13	39.94	499.01	502.49	28.453	35.038	39.27	48.36	600.0	-0	156	101.8	15	0.0532	1.0	111115
130	"11:20:10"	363.0	-7.09	0.201	533	6.83	3.51	6	1	2.84	39.91	39.13	39.94	498.90	502.56	28.450	35.037	39.27	48.36	600.0	-0	156	101.8	15	0.0532	1.0	111115
131	"11:20:11"	364.5	-7.11	0.201	533	6.82	3.51	6	1	2.84	39.91	39.14	39.94	498.93	502.61	28.451	35.034	39.27	48.36	600.1	-0	157	101.8	15	0.0532	1.0	111115
132	"11:20:12"	365.0	-7.14	0.201	533	6.82	3.51	6	1	2.84	39.91	39.14	39.94	498.92	502.63	28.451	35.031	39.27	48.36	600.1	-0	158	101.8	15	0.0532	1.0	111115
133	"11:20:13"	366.0	-7.05	0.2	532	6.81	3.51	6	1	2.84	39.90	39.14	39.94	498.96	502.59	28.452	35.027	39.28	48.35	600.1	-0	159	101.8	15	0.0532	1.0	111115
134	"11:20:15"	368.0	-7.03	0.2	532	6.81	3.51	6	1	2.84	39.90	39.14	39.93	498.97	502.57	28.451	35.018	39.28	48.35	600.0	-0	161	101.8	15	0.0532	1.0	111115
135	"11:20:16"	369.0	-6.98	0.2	532	6.8	3.51	6	1	2.84	39.90	39.14	39.93	498.99	502.55	28.450	35.014	39.28	48.34	600.0	-0	162	101.8	15	0.0532	1.0	111115
136	"11:20:17"	370.5	-7.04	0.2	532	6.8	3.51	6	1	2.84	39.90	39.13	39.93	498.91	502.53	28.449	35.006	39.28	48.34	600.0	-0	164	101.8	15	0.0532	1.0	111115
137	"11:20:19"	371.5	-7.12	0.2	533	6.8	3.51	6	1	2.84	39.90	39.13	39.93	498.87	502.58	28.446	35.004	39.28	48.33	600.0	-0	166	101.8	15	0.0532	1.0	111115
138	"11:20:20"	373.0	-7.07	0.2	533	6.79	3.51	6	1	2.84	39.90	39.12	39.93	498.88	502.54	28.445	34.995	39.28	48.33	600.0	-0	167	101.8	15	0.0532	1.0	111115
139	"11:20:21"	374.0	-7.13	0.2	533	6.78	3.51	6	1	2.84	39.90	39.12	39.93	498.89	502.61	28.444	34.989	39.28	48.32	600.0	-0	168	101.8	15	0.0532	1.0	111115
140	"11:20:22"	375.5	-7.14	0.199	533	6.78	3.51	6	1	2.84	39.90	39.12	39.93	498.88	502.61	28.444	34.983	39.29	48.32	600.0	-0	170	101.8	15	0.0532	1.0	111115
141	"11:20:24"	376.0	-7.18	0.199	534	6.78	3.51	6	1	2.84	39.89	39.12	39.93	498.84	502.62	28.443	34.984	39.29	48.32	600.0	-0	170	101.8	15	0.0532	1.0	111115
142	"11:20:25"	378.0	-7.2	0.199	534	6.77	3.51	6	1	2.84	39.89	39.12	39.92	498.85	502.65	28.444	34.980	39.29	48.32	600.0	-0	172	101.8	15	0.0532	1.0	111115
143	"11:20:26"	379.0	-7.22	0.199	534	6.77	3.51	6	1	2.84	39.89	39.12	39.92	498.82	502.63	28.441	34.974	39.29	48.31	600.0	-0	180	101.8	15	0.0532	1.0	111115
144	"11:20:27"	380.5	-7.13	0.199	534	6.77	3.51	6	1	2.84	39.89	39.12	39.92	498.91	502.64	28.441	34.971	39.29	48.31	600.0	-0	196	101.8	15	0.0532	1.0	111115
145	"11:20:29"	381.5	-7.07	0.199	533	6.76	3.51	6	1	2.84	39.89	39.12	39.92	498.95	502.62	28.440	34.968	39.29	48.31	600.0	-0	216	101.8	15	0.0532	1.0	111115
146	"11:20:30"	383.0	-6.91	0.199	532	6.76	3.51	6	1	2.84	39.89	39.12	39.92	499.02	502.53	28.440	34.968	39.30	48.32	600.0	-0	253	101.8	15	0.0532	1.0	111115
147	"11:20:31"	384.0	-7	0.199	532	6.76	3.51	6	1	2.84	39.89	39.12	39.92	498.96	502.57	28.440	34.967	39.30	48.32	600.0	-0	276	101.8	15	0.0532	1.0	111115
148	"11:20:32"	385.5	-7.05	0.199	533	6.76	3.51	6	1	2.84	39.89	39.13	39.92	498.90	502.55	28.437	34.965	39.29	48.31	600.0	-0	298	101.8	15	0.0532	1.0	111115
149	"11:20:34"	386.5	-7.03	0.199	533	6.76	3.51	6	1	2.84	39.89	39.13	39.92	498.90	502.53	28.437	34.965	39.29	48.31	600.0	-0	301	101.8	15	0.0532	1.0	111115
150	"11:20:35"	388.0	-6.94	0.199	532	6.76	3.51	6	1	2.84	39.89	39.12	39.92	498.97	502.51	28.439	34.960	39.30	48.31	600.0	-0	302	101.8	15	0.0532	1.0	111115
151	"11:20:36"	389.0	-6.93	0.198	532	6.75	3.51	6	1	2.84	39.89	39.12	39.91	498.98	502.51	28.441	34.957	39.30	48.31	600.0	-0	303	101.8	15	0.0532	1.0	111115
152	"11:20:37"	390.5	-6.83	0.198	531	6.74	3.52	6	1	2.84	39.88	39.12	39.91	499.04	502.49	28.445	34.947	39.31	48.30	600.0	-0	300	101.8	15	0.0532	1.0	111115
153	"11:20:39"	391.5	-6.8	0.198	531	6.73	3.52	6	1	2.84	39.88	39.12	39.91	499.06	502.48	28.447	34.943	39.32	48.30	600.0	-0	300	101.8	15	0.0532	1.0	111115
154	"11:20:40"	393.0	-6.79	0.197	531	6.72	3.52	6	1	2.84	39.88	39.12	39.91	499.03	502.44	28.451	34.940	39.32	48.29	600.0	-0	300	101.8	15	0.0532	1.0	111115
155	"11:20:41"	394.0	-6.76	0.197	531	6.72	3.52	6	1	2.84	39.88	39.12	39.91	499.03	502.41	28.454	34.943	39.33	48.30	600.0	-0	302	101.8	15	0.0532	1.0	111115
156	"11:20:42"	395.5	-6.84	0.197	531	6.72	3.52	6	1	2.84	39.88	39.13	39.91	499.00	502.46	28.458	34.945	39.34	48.30	600.0	-0	304	101.8	15	0.0532	1.0	111115
157	"11:20:44"	396.5	-6.84	0.197	531	6.72	3.52	6	1	2.84	39.88	39.13	39.91	499.05	502.51	28.461	34.944	39.34	48.31	600.0	-0	305	101.8	15	0.0532	1.0	111115
158	"11:20:45"	398.0	-6.8	0.197	531	6.71	3.52	6	1	2.84	39.88	39.13	39.91	499.07	502.49	28.464	34.942	39.35	48.30	600.0	-0	304	101.8	15	0.0532	1.0	111115
159	"11:20:46"	399.0	-6.8	0.197	531	6.71	3.52	6	1	2.84	39.88	39.12	39.91	499.08	502.51	28.468	34.941	39.36	48.30	600.0	-0	305	101.8	15	0.0532	1.0	111115
160	"11:20:47"	400.5	-6.84	0.197	532	6.7	3.52	6	1	2.84	39.88	39.13	39.90	499.03	502.50	28.469	34.938	39.36	48.30	600.0	-0	306	101.8	15	0.0532	1.0	111115
161	"11:20:49"	401.5	-6.87	0.197	532	6.7	3.52	6	1	2.84	39.88	39.13	39.90	499.00	502.50	28.472	34.940	39.36	48.30	600.0	-0	307	101.8	15	0.0532	1.0	111115
162	"11:20:50"	403.0	-6.96	0.197	533	6.7	3.52	6	1	2.84	39.88	39.13	39.90	498.95	502.54	28.472	34.941	39.36	48.31	600.1	-0	307	101.8	15	0.0532	1.0	111115
163	"11:20:51"	404.0	-7.03	0.197	533	6.7	3.52	6	1	2.84	39.88	39.13	39.90	498.92	502.58	28.474	34.942	39.37	48.31	600.0	-0	307	101.8	15	0.0532	1.0	111115
164	"11:20:52"	405.5	-7.07	0.197	534	6.7	3.52	6	1	2.84	39.88	39.12	39.90	498.92	502.62	28.477	34.942	39.37	48.31	600.0	-0	308	101.8	15	0.0532	1.0	111115
165	"11:20:54"	406.5	-7.12	0.197	534	6.7	3.52	6	1	2.84	39.88	39.12	39.90	498.87	502.62	28.480	34.943	39.38	48.31	600.0	-0	308	101.8	15	0.0532	1.0	111115
166	"11:20:55"	408.0	-7	0.196	533	6.69	3.52	6	1	2.84	39.88	39.13	39.90	498.97	502.61	28.483	34.941	39.38	48.31	600.0	-0	309	101.8	15	0.0532	1.0	111115
167	"11:20:56"	409.0	-6.86	0.196	532	6.69	3.52	6	1	2.84	39.87	39.13	39.90	499.05	502.55	28.485	34.942	39.38	48.31	600.0	-0	309	101.8	15	0.0532	1.0	111115
168	"11:20:57"	410.5	-6.78	0.196	531	6.69	3.52	6	1	2.84	39.87	39.13	39.90	499.12	502.54	28.489	34.941	39.39	48.31	600.0	-0	310	101.8	15	0.0532	1.0	111115
169	"11:20:59"	411.5	-6.89	0.196	532	6.68	3.52	6	1	2.84	39.87	39.14	39.90	499.04	502.57	28.489	34.939	39.39	48.31	600.0	-0	310	101.8	15	0.0532	1.0	111115
170	"11:21:00"	413.0	-6.99	0.196	533	6.68	3.52	6	1	2.84	39.88	39.14	39.90	498.99	502.62	28.488	34.936	39.39	48.30	600.0	-0	310	101.8	15	0.0532	1.0	111115
171	"11:21:01"	414.0	-6.86	0.196	532	6.68	3.52	6	1	2.84	39.88	39.14	39.90	499.06	502.56	28.489	34.937	39.39	48.30	600.0	-0	311	101.8	15	0.0532	1.0	111115
172	"11:21:02"	415.5	-6.7	0.196	531	6.68	3.52	6	1	2.84	39.88	39.14	39.90	499.17	502.52	28.494	34.938	39.40	48.31	600.1	-0	311	101.8	15	0.0532	1.0	111115
173	"11:21:04"	416.5	-6.7	0.196	531	6.68	3.52	6	1	2.84	39.87	39.14	39.90	499.17	502.51	28.497	34.940	39.40	48.31	600.1	-0	312	101.8	15	0.0532	1.0	111115
174	"11:21:05"	418.0	-6.89	0.195	532	6.67	3.52	6	1	2.84	39.88	39.14	39.90	499.07	502.61	28.499	34.935	39.40	48.30	600.2	-0	313	101.8	15	0.0532	1.0	111115
175	"11:21:06"	419.0	-6.98	0.195	533	6.67	3.52	6	1	2.84	39.88	39.14	39.90	499.00	502.63	28.500	34.936	39.40	48.30	600.2	-0	314	101.8	15	0.0532	1.0	111115
176	"11:21:07"	420.5	-7.03	0.195	534	6.67	3.52	6	1	2.84	39.88	39.15	39.90	498.94	502.62	28.502	34.939	39.41	48.31	600.1	-0	314	101.8	15	0.0532	1.0	111115
177	"11:21:09"	421.5	-7.08	0.195	534	6.67	3.52	6	1	2.84	39.87	39.14	39.90	498.93	502.66	28.503	34.941	39.41	48.31	600.0	-0	315	101.8	15	0.0532	1.0	111115
178	"11:21:10"	423.0	-7.03	0.195	534	6.67	3.52	6	1	2.84	39.88	39.14	39.90	498.97	502.65	28.505	34.941	39.41	48.31	599.9	-0	315	101.8	15	0.0532	1.0	111115
179	"11:21:11"	424.0	-6.99	0.195	533	6.67	3.52	6	1	2.84	39.88	39.14	39.90	499.03	502.67	28.505	34.944	39.41	48.31	599.9	-0	315	101.8	15	0.0532	1.0	111115
180	"11:21:12"	425.5	-6.91	0.195	533	6.67	3.52	6	1	2.84	39.88	39.14	39.90	499.05	502.61	28.507	34.944	39.41	48.31	599.9	-0	313	101.8	15	0.0532	1.0	111115
181	"11:21:14"	426.5	-6.78	0.195	531	6.67	3.52	6	1	2.84	39.88	39.14	39.90	499.11	502.54	28.509	34.946	39.41	48.31	599.9	-0	312	101.8	15	0.0532	1.0	111115
182	"11:21:15"	428.0	-6.69	0.195	531	6.66	3.52	6	1	2.84	39.88	39.14	39.90	499.13	502.47	28.511	34.942	39.42	48.31	600.0	-0	312	101.8	15	0.0532	1.0	111115
183	"11:21:16"	429.0	-6.84	0.195	532	6.66	3.52	6	1	2.84	39.88	39.15	39.90	499.06	502.55	28.514	34.941	39.42	48.30	600.0	-0	313	101.8	15	0.0532	1.0	111115
184	"11:21:17"	430.5	-6.87	0.195	532	6.65	3.53	6	1	2.84	39.88	39.15	39.90	499.05	502.57	28.517	34.938	39.42	48.30	600.0	-0	316	101.8	15	0.0532	1.0	111115
185	"11:21:19"	431.5	-6.86	0.195	532	6.65	3.53	6	1	2.84	39.88	39.15	39.90	499.07	502.58	28.520	34.939	39.43	48.30	600.0	-0	316	101.8	15	0.0532	1.0	111115
186	"11:21:20"	433.0	-6.58	0.195	530	6.65	3.52	6	1	2.84	39.88	39.15	39.90	499.25	502.49	28.523	34.943	39.43	48.30	600.0	-0	316	101.8	15	0.0532	1.0	111115
187	"11:21:21"	434.0	-6.64	0.195	530	6.65	3.52	6	1	2.84	39.88	39.15	39.90	499.23	502.52	28.526	34.946	39.43	48.31	600.0	-0	312	101.8	15	0.0532	1.0	111115
188	"11:21:22"	435.5	-6.85	0.195	532	6.65	3.52	6	1	2.84	39.88	39.15	39.90	499.12	502.62	28.528	34.949	39.44	48.31	600.0	-0	309	101.8	15	0.0532	1.0	111115
189	"11:21:24"	436.5	-7.01	0.195	534	6.65	3.52	6	1	2.84	39.88	39.15	39.90	499.03	502.69	28.530	34.949	39.44	48.31	600.0	-0	309	101.8	15	0.0532	1.0	111115
190	"11:21:25"	438.0	-6.99	0.195	534	6.65	3.53	6	1	2.84	39.88	39.15	39.90	499.04	502.68	28.533	34.950	39.44	48.31	600.0	-0	314	101.8	15	0.0532	1.0	111115
191	"11:21:26"	439.0	-6.85	0.195	532	6.65	3.52	6	1	2.84	39.88	39.15	39.90	499.12	502.64	28.534	34.953	39.44	48.31	600.0	-0	316	101.8	15	0.0532	1.0	111115
192	"11:21:27"	440.5	-6.67	0.194	531	6.64	3.53	6	1	2.84	39.88	39.15	39.90	499.25	502.58	28.538	34.948	39.45	48.31	600.0	-0	317	101.8	15	0.0532	1.0	111115
193	"11:21:29"	441.5	-6.67	0.194	531	6.64	3.53	6	1	2.84	39.88	39.15	39.90	499.23	502.56	28.539	34.951	39.45	48.31	600.0	-0	315	101.8	15	0.0532	1.0	111115
194	"11:21:30"	443.0	-6.75	0.194	531	6.64	3.53	6	1	2.84	39.88	39.15	39.90	499.17	502.58	28.541	34.951	39.45	48.31	600.0	-0	310	101.8	15	0.0532	1.0	111115
195	"11:21:31"	444.0	-6.79	0.194	532	6.65	3.53	6	1	2.84	39.88	39.16	39.90	499.13	502.58	28.542	34.957	39.45	48.32	600.0	-0	308	101.8	15	0.0532	1.0	111115
196	"11:21:32"	445.5	-6.79	0.194	532	6.65	3.53	6	1	2.84	39.88	39.15	39.90	499.13	502.59	28.544	34.957	39.45	48.31	600.1	-0	306	101.8	15	0.0532	1.0	111115
197	"11:21:34"	446.5	-6.68	0.194	531	6.64	3.52	6	1	2.84	39.88	39.15	39.90	499.21	502.55	28.546	34.957	39.45	48.31	600.1	-0	304	101.8	15	0.0532	1.0	111115
198	"11:21:35"	448.0	-6.81	0.194	532	6.64	3.53	6	1	2.84	39.88	39.15	39.90	499.13	502.59	28.546	34.953	39.45	48.31	600.1	-0	296	101.8	15	0.0532	1.0	111115
199	"11:21:36"	449.0	-6.77	0.194	532	6.64	3.53	6	1	2.84	39.88	39.15	39.90	499.13	502.56	28.548	34.952	39.46	48.31	600.1	-0	293	101.8	15	0.0532	1.0	111115
200	"11:21:37"	450.5	-6.84	0.194	532	6.64	3.53	6	1	2.84	39.88	39.16	39.90	499.07	502.57	28.551	34.955	39.46	48.31	600.1	-0	294	101.8	15	0.0532	1.0	111115
201	"11:21:39"	451.5	-6.77	0.194	532	6.64	3.53	6	1	2.84	39.88	39.16	39.90	499.12	502.55	28.552	34.960	39.46	48.31	600.0	-0	297	101.8	15	0.0532	1.0	111115
202	"11:21:40"	453.0	-6.67	0.194	531	6.64	3.53	6	1	2.84	39.88	39.16	39.90	499.18	502.51	28.556	34.959	39.46	48.31	600.1	-0	301	101.8	15	0.0532	1.0	111115
203	"11:21:41"	454.0	-6.69	0.194	531	6.63	3.53	6	1	2.84	39.88	39.16	39.90	499.18	502.54	28.558	34.957	39.46	48.31	600.1	-0	301	101.8	15	0.0532	1.0	111115
204	"11:21:42"	455.5	-6.7	0.194	531	6.62	3.53	6	1	2.84	39.88	39.16	39.90	499.15	502.52	28.559	34.951	39.47	48.30	600.1	-0	296	101.8	15	0.0532	1.0	111115
205	"11:21:44"	456.5	-6.82	0.194	532	6.63	3.53	6	1	2.84	39.89	39.16	39.90	499.11	502.59	28.560	34.954	39.46	48.30	600.0	-0	295	101.8	15	0.0532	1.0	111115
206	"11:21:45"	458.0	-6.76	0.193	532	6.62	3.53	6	1	2.84	39.89	39.16	39.90	499.14	502.57	28.561	34.952	39.47	48.30	600.0	-0	292	101.8	15	0.0532	1.0	111115
207	"11:21:46"	458.5	-6.73	0.193	532	6.62	3.53	6	1	2.84	39.89	39.16	39.91	499.18	502.58	28.562	34.951	39.47	48.29	600.0	-0	291	101.8	15	0.0532	1.0	111115
208	"11:21:47"	460.0	-6.67	0.194	531	6.62	3.53	6	1	2.84	39.89	39.16	39.91	499.22	502.56	28.563	34.955	39.47	48.30	600.0	-0	285	101.8	15	0.0532	1.0	111115
209	"11:21:48"	461.5	-6.69	0.193	531	6.62	3.53	6	1	2.84	39.89	39.16	39.91	499.21	502.56	28.563	34.955	39.47	48.30	600.0	-0	269	101.8	15	0.0532	1.0	111115
210	"11:21:50"	462.5	-6.68	0.194	531	6.63	3.53	6	1	2.84	39.89	39.16	39.91	499.19	502.54	28.566	34.960	39.47	48.30	600.0	-0	258	101.8	15	0.0532	1.0	111115
211	"11:21:51"	464.0	-6.83	0.193	532	6.62	3.53	6	1	2.84	39.89	39.16	39.91	499.08	502.57	28.567	34.960	39.47	48.30	600.0	-0	243	101.8	15	0.0532	1.0	111115
212	"11:21:52"	465.0	-6.88	0.193	533	6.62	3.53	6	1	2.84	39.89	39.17	39.91	499.05	502.60	28.569	34.958	39.47	48.30	600.0	-0	235	101.8	15	0.0532	1.0	111115
213	"11:21:53"	466.5	-6.81	0.193	532	6.62	3.53	6	1	2.84	39.89	39.17	39.91	499.09	502.57	28.570	34.957	39.47	48.29	600.0	-0	221	101.8	15	0.0532	1.0	111115
214	"11:21:55"	467.5	-6.67	0.193	531	6.62	3.53	6	1	2.84	39.89	39.17	39.91	499.15	502.50	28.572	34.955	39.47	48.29	600.0	-0	218	101.8	15	0.0532	1.0	111115
215	"11:21:56"	469.0	-6.6	0.193	530	6.61	3.53	6	1	2.84	39.89	39.16	39.91	499.19	502.47	28.570	34.950	39.47	48.28	600.0	-0	222	101.8	15	0.0532	1.0	111115
216	"11:21:57"	470.0	-6.53	0.193	530	6.61	3.53	6	1	2.84	39.89	39.16	39.91	499.22	502.43	28.569	34.949	39.47	48.28	600.0	-0	228	101.8	15	0.0532	1.0	111115
217	"11:21:58"	471.5	-6.65	0.193	531	6.61	3.53	6	1	2.84	39.89	39.17	39.91	499.21	502.53	28.567	34.946	39.46	48.28	600.0	-0	240	101.8	15	0.0532	1.0	111115
218	"11:22:00"	472.5	-6.67	0.193	531	6.61	3.53	6	1	2.84	39.89	39.17	39.91	499.19	502.54	28.567	34.948	39.46	48.28	600.0	-0	249	101.8	15	0.0532	1.0	111115
219	"11:22:01"	474.0	-6.78	0.193	532	6.61	3.53	6	1	2.84	39.89	39.17	39.91	499.11	502.57	28.567	34.942	39.46	48.27	600.0	-0	265	101.8	15	0.0532	1.0	111115
220	"11:22:02"	475.0	-6.77	0.193	532	6.61	3.53	6	1	2.84	39.89	39.17	39.91	499.11	502.56	28.568	34.944	39.46	48.27	600.0	-0	277	101.8	15	0.0532	1.0	111115
221	"11:22:03"	476.5	-6.67	0.193	531	6.61	3.53	6	1	2.84	39.89	39.17	39.91	499.16	502.51	28.568	34.944	39.46	48.27	600.0	-0	286	101.8	15	0.0532	1.0	111115
222	"11:22:05"	477.5	-6.63	0.193	531	6.61	3.53	6	1	2.84	39.89	39.16	39.91	499.20	502.51	28.569	34.950	39.46	48.27	600.0	-0	283	101.8	15	0.0532	1.0	111115
223	"11:22:06"	479.0	-6.64	0.193	531	6.61	3.53	6	1	2.84	39.89	39.17	39.91	499.17	502.49	28.571	34.947	39.46	48.27	600.1	-0	268	101.8	15	0.0532	1.0	111115
224	"11:22:07"	480.0	-6.61	0.193	531	6.6	3.53	6	1	2.84	39.89	39.17	39.91	499.17	502.46	28.572	34.943	39.46	48.26	600.0	-0	261	101.8	15	0.0532	1.0	111115
225	"11:22:08"	481.5	-6.71	0.193	532	6.6	3.53	6	1	2.84	39.89	39.17	39.91	499.13	502.53	28.575	34.944	39.47	48.26	600.0	-0	263	101.8	15	0.0532	1.0	111115
226	"11:22:10"	482.5	-6.78	0.193	532	6.6	3.53	6	1	2.84	39.89	39.17	39.91	499.11	502.57	28.577	34.947	39.47	48.27	600.0	-0	269	101.8	15	0.0532	1.0	111115
227	"11:22:11"	484.0	-6.74	0.193	532	6.6	3.53	6	1	2.84	39.90	39.17	39.91	499.13	502.55	28.578	34.951	39.47	48.27	600.0	-0	277	101.8	15	0.0532	1.0	111115
228	"11:22:12"	485.0	-6.67	0.193	531	6.6	3.53	6	1	2.84	39.90	39.17	39.91	499.16	502.52	28.578	34.949	39.47	48.27	600.0	-0	282	101.8	15	0.0532	1.0	111115
229	"11:22:13"	486.5	-6.51	0.192	530	6.6	3.53	6	1	2.84	39.90	39.17	39.91	499.23	502.42	28.579	34.944	39.47	48.26	600.0	-0	292	101.8	15	0.0532	1.0	111115
230	"11:22:15"	487.5	-6.48	0.192	529	6.59	3.53	6	1	2.84	39.90	39.17	39.91	499.25	502.41	28.580	34.943	39.47	48.26	600.0	-0	296	101.8	15	0.0532	1.0	111115
231	"11:22:16"	489.0	-6.45	0.192	529	6.59	3.53	6	1	2.84	39.90	39.17	39.91	499.24	502.38	28.583	34.944	39.47	48.26	600.0	-0	297	101.8	15	0.0532	1.0	111115
232	"11:22:17"	490.0	-6.44	0.192	529	6.59	3.53	6	1	2.84	39.90	39.17	39.91	499.24	502.37	28.585	34.943	39.48	48.26	600.0	-0	298	101.8	15	0.0532	1.0	111115
233	"11:22:18"	491.5	-6.56	0.192	530	6.59	3.53	6	1	2.84	39.90	39.17	39.91	499.15	502.40	28.588	34.945	39.48	48.26	600.0	-0	300	101.8	15	0.0532	1.0	111115
234	"11:22:20"	492.5	-6.54	0.192	530	6.59	3.53	6	1	2.84	39.90	39.17	39.91	499.16	502.40	28.589	34.947	39.48	48.26	600.0	-0	301	101.8	15	0.0532	1.0	111115
235	"11:22:21"	494.0	-6.48	0.192	530	6.59	3.53	6	1	2.84	39.90	39.17	39.92	499.23	502.40	28.592	34.947	39.48	48.26	600.0	-0	301	101.8	15	0.0532	1.0	111115
236	"11:22:22"	495.0	-6.43	0.192	529	6.59	3.53	6	1	2.84	39.90	39.17	39.92	499.28	502.40	28.593	34.949	39.48	48.26	600.0	-0	301	101.8	15	0.0532	1.0	111115
237	"11:22:23"	496.5	-6.53	0.192	530	6.59	3.53	6	1	2.84	39.90	39.17	39.92	499.18	502.41	28.594	34.949	39.48	48.26	600.0	-0	302	101.8	15	0.0532	1.0	111115
238	"11:22:25"	497.5	-6.65	0.192	531	6.59	3.53	6	1	2.84	39.90	39.17	39.92	499.11	502.45	28.595	34.950	39.49	48.26	600.0	-0	302	101.8	15	0.0532	1.0	111115
239	"11:22:26"	499.0	-6.84	0.192	533	6.58	3.53	6	1	2.84	39.90	39.17	39.92	498.97	502.51	28.602	34.954	39.49	48.26	600.0	-0	302	101.8	15	0.0532	1.0	111115
240	"11:22:27"	500.0	-6.83	0.192	533	6.58	3.53	6	1	2.84	39.90	39.18	39.92	498.97	502.49	28.604	34.956	39.49	48.26	600.0	-0	302	101.8	15	0.0532	1.0	111115
241	"11:22:28"	501.5	-6.83	0.192	533	6.58	3.54	6	1	2.84	39.90	39.18	39.92	498.95	502.47	28.607	34.954	39.50	48.26	600.1	-0	303	101.8	15	0.0532	1.0	111115
242	"11:22:30"	502.5	-6.87	0.191	533	6.58	3.54	6	1	2.84	39.90	39.18	39.92	498.96	502.52	28.607	34.953	39.50	48.26	600.0	-0	300	101.8	15	0.0532	1.0	111115
243	"11:22:31"	504.0	-6.91	0.191	534	6.57	3.54	6	1	2.84	39.90	39.19	39.92	498.95	502.55	28.610	34.951	39.50	48.25	600.0	-0	290	101.8	15	0.0532	1.0	111115
