"OPEN 5.3.2"
"Fri Aug  3 2018 06:59:09"
"Unit="	"PSC-895"
"ComputeList="	"/User/Configs/Comps/Default"
"BLCTable="	"/Sys/Lib/StdBLCTable"
"LightSource="	"Sun+Sky"	1	0.19
"LogFormat="	"/User/Configs/LogFormats/Std Output"
"LogCodes="	-35	-21	-36	30	23	36	21	25	-33	-34	-32	-9	-10	-8	-1	-2	-4	-5	-14	-15	-7	-12	-13	-11	-65	-66	-72	-23
"PromptList="	"/User/Configs/Prompts/Default (none)"
"Stability= (CO2S 15s SLP<1)(H2OS 15s SLP<1)(Flow 15s SLP<1)"
"06:59:24 co2 500 flow 600"
$STARTOFDATA$
"Obs"	"HHMMSS"	"FTime"	"Photo"	"Cond"	"Ci"	"Trmmol"	"VpdL"	"Area"	"StmRat"	"BLCond"	"Tair"	"Tleaf"	"TBlk"	"CO2R"	"CO2S"	"H2OR"	"H2OS"	"RH_R"	"RH_S"	"Flow"	"PARi"	"PARo"	"Press"	"CsMch"	"HsMch"	"StableF"	"Status"
1	"07:12:06"	791.5	-0.471	3.4	490	22.9	1.46	6	1	2.84	28.23	27.76	28.19	511.10	500.11	0.023	22.420	0.06	59.34	599.2	0	76	101.8	0	0	0.7	111125
2	"07:12:08"	792.5	-0.145	3.4	489	22.9	1.46	6	1	2.84	28.23	27.76	28.19	511.32	500.01	0.022	22.416	0.06	59.33	599.2	0	85	101.8	0	0	1.0	111115
3	"07:12:09"	794.0	0.485	3.38	489	22.9	1.46	6	1	2.84	28.23	27.76	28.19	511.97	500.04	0.023	22.401	0.06	59.29	599.1	0	94	101.8	0	0	0.7	111115
4	"07:12:10"	795.0	2.48	3.37	487	22.8	1.46	6	1	2.84	28.23	27.76	28.19	514.04	500.11	0.023	22.386	0.06	59.25	599.1	0	99	101.8	0	0	1.0	111115
5	"07:12:11"	795.5	4.58	3.36	485	22.8	1.47	6	1	2.84	28.23	27.76	28.19	516.13	500.10	0.023	22.375	0.06	59.22	599.1	0	102	101.8	0	0	1.0	111115
6	"07:12:12"	796.5	10.6	3.34	479	22.8	1.47	6	1	2.84	28.23	27.76	28.19	522.30	500.23	0.023	22.348	0.06	59.14	599.1	0	107	101.8	0	0	0.3	111115
7	"07:12:13"	797.5	18.7	3.32	472	22.8	1.47	6	1	2.84	28.23	27.76	28.19	530.51	500.37	0.022	22.324	0.06	59.08	599.1	0	108	101.8	0	0	0.7	111115
8	"07:12:14"	798.5	27	3.29	464	22.7	1.47	6	1	2.84	28.23	27.76	28.19	539.03	500.55	0.021	22.294	0.06	59.00	599.1	-0	109	101.8	0	0	0.3	111115
9	"07:12:15"	799.5	33.8	3.27	457	22.7	1.48	6	1	2.84	28.23	27.76	28.19	545.95	500.73	0.021	22.266	0.05	58.92	599.1	-0	110	101.8	0	0	0.3	111115
10	"07:12:16"	800.5	38	3.24	453	22.7	1.48	6	1	2.84	28.23	27.77	28.19	550.36	500.97	0.020	22.237	0.05	58.85	599.0	-0	110	101.8	0	0	0.3	111115
11	"07:12:17"	801.5	40	3.22	452	22.7	1.48	6	1	2.84	28.23	27.77	28.20	552.75	501.31	0.020	22.207	0.05	58.76	599.1	-0	104	101.8	0	0	0.3	111115
12	"07:12:18"	802.5	40.8	3.2	451	22.6	1.49	6	1	2.84	28.23	27.77	28.20	554.00	501.76	0.019	22.180	0.05	58.69	599.1	-0	95	101.8	0	0	0.3	111115
13	"07:12:20"	804.5	39.9	3.16	453	22.6	1.49	6	1	2.84	28.23	27.76	28.20	554.87	503.48	0.018	22.134	0.05	58.57	599.1	-0	78	101.8	0	0	0.3	111115
14	"07:12:21"	806.0	38.5	3.14	456	22.6	1.49	6	1	2.84	28.23	27.76	28.20	555.19	505.25	0.017	22.101	0.05	58.48	599.2	-0	69	101.8	0	0	0.3	111115
15	"07:12:22"	807.0	37.2	3.12	459	22.5	1.5	6	1	2.84	28.23	27.76	28.20	555.35	506.63	0.017	22.075	0.05	58.41	599.2	-0	65	101.8	0	0	0.3	111115
16	"07:12:23"	808.5	35	3.1	463	22.5	1.5	6	1	2.84	28.23	27.77	28.20	555.57	509.10	0.017	22.054	0.05	58.35	599.3	-0	66	101.8	0	0	0.3	111115
17	"07:12:25"	809.5	33	3.06	467	22.4	1.51	6	1	2.84	28.23	27.77	28.20	555.63	511.10	0.017	21.994	0.05	58.19	599.2	-0	78	101.8	0	0	0.3	111115
18	"07:12:26"	811.0	29.5	2.9	473	22.2	1.53	6	1	2.84	28.23	27.77	28.20	555.75	514.72	0.017	21.776	0.05	57.62	599.2	-0	100	101.8	0	0	0.3	111115
19	"07:12:27"	812.0	27	2.75	477	22	1.55	6	1	2.84	28.23	27.77	28.20	555.87	517.40	0.017	21.534	0.05	56.98	599.0	-0	110	101.8	0	0	0.3	111115
20	"07:12:28"	813.5	23.5	2.52	483	21.5	1.59	6	1	2.84	28.23	27.77	28.20	556.05	521.30	0.018	21.126	0.05	55.90	599.0	-0	116	101.8	0	0	0.3	111115
21	"07:12:30"	814.5	20.1	2.39	488	21.3	1.62	6	1	2.84	28.23	27.77	28.20	554.95	523.71	0.018	20.880	0.05	55.25	599.0	-0	116	101.8	0	0	0.3	111115
22	"07:12:31"	816.0	9.23	2.24	503	20.9	1.65	6	1	2.84	28.23	27.76	28.21	547.20	526.90	0.018	20.552	0.05	54.39	599.1	-0	116	101.8	0	0	0.3	111115
23	"07:12:32"	816.5	4.26	2.2	510	20.8	1.66	6	1	2.84	28.23	27.76	28.21	543.16	527.88	0.018	20.455	0.05	54.14	599.1	-0	116	101.8	0	0	0.3	111115
24	"07:12:33"	817.5	-6.59	2.13	524	20.6	1.68	6	1	2.84	28.23	27.76	28.21	533.90	529.55	0.018	20.275	0.05	53.66	599.1	-0	116	101.8	0	0	0.3	111115
25	"07:12:34"	818.5	-16.8	2.06	538	20.5	1.69	6	1	2.84	28.23	27.76	28.21	524.87	530.85	0.018	20.117	0.05	53.24	599.1	-0	116	101.8	0	0	0.3	111115
26	"07:12:35"	819.5	-24	2.01	548	20.3	1.71	6	1	2.84	28.23	27.76	28.21	518.52	531.72	0.019	19.980	0.05	52.88	599.1	-0	116	101.8	0	0	0.3	111115
27	"07:12:36"	820.5	-27.8	1.97	554	20.2	1.72	6	1	2.84	28.23	27.76	28.21	514.97	532.06	0.019	19.861	0.05	52.57	599.1	-0	116	101.8	0	0	0.3	111115
28	"07:12:37"	821.5	-29.5	1.93	556	20.1	1.73	6	1	2.84	28.23	27.76	28.21	513.15	532.02	0.019	19.761	0.05	52.30	599.1	-0	116	101.8	0	0	0.3	111115
29	"07:12:38"	822.5	-30	1.9	557	20	1.74	6	1	2.84	28.23	27.76	28.21	512.27	531.62	0.019	19.674	0.05	52.07	599.1	0	115	101.8	0	0	0.3	111115
30	"07:12:40"	824.5	-28.9	1.85	554	19.9	1.76	6	1	2.84	28.23	27.77	28.21	511.70	530.07	0.017	19.534	0.05	51.69	599.1	0	115	101.8	0	0	0.3	111115
31	"07:12:41"	826.0	-27.3	1.82	551	19.8	1.76	6	1	2.84	28.23	27.77	28.21	511.62	528.48	0.017	19.455	0.05	51.48	599.1	0	115	101.8	0	0	0.3	111115
32	"07:12:42"	827.0	-26	1.81	548	19.7	1.77	6	1	2.84	28.23	27.77	28.21	511.67	527.30	0.017	19.405	0.05	51.34	599.1	-0	115	101.8	0	0	0.3	111115
33	"07:12:43"	828.5	-23.9	1.78	544	19.7	1.78	6	1	2.84	28.23	27.77	28.21	511.80	525.41	0.017	19.334	0.05	51.15	599.1	-0	115	101.8	0	0	0.3	111115
34	"07:12:45"	829.5	-22.6	1.77	541	19.6	1.78	6	1	2.84	28.24	27.78	28.21	511.89	524.20	0.017	19.291	0.04	51.03	599.1	-0	115	101.8	0	0	0.3	111115
35	"07:12:46"	831.0	-20.7	1.75	537	19.6	1.79	6	1	2.84	28.24	27.78	28.21	512.00	522.45	0.017	19.232	0.04	50.87	599.1	-0	115	101.8	0	0	0.3	111115
36	"07:12:47"	832.0	-19.5	1.74	534	19.5	1.79	6	1	2.84	28.24	27.78	28.21	512.04	521.40	0.017	19.202	0.04	50.79	599.1	-0	115	101.8	0	0	0.3	111115
37	"07:12:48"	833.5	-17.8	1.73	531	19.5	1.8	6	1	2.84	28.24	27.78	28.22	512.17	519.89	0.017	19.163	0.04	50.68	599.1	-0	115	101.8	0	0	0.3	111115
38	"07:12:50"	834.5	-17	1.72	529	19.5	1.8	6	1	2.84	28.24	27.78	28.22	511.94	518.87	0.017	19.143	0.04	50.63	599.1	-0	115	101.8	0	0	0.3	111115
39	"07:12:51"	836.0	-17.6	1.71	528	19.4	1.8	6	1	2.84	28.24	27.78	28.22	510.04	517.55	0.016	19.113	0.04	50.54	599.0	-0	115	101.8	0	0	0.3	111115
40	"07:12:52"	837.0	-18.8	1.71	529	19.4	1.8	6	1	2.84	28.24	27.78	28.22	507.90	516.71	0.016	19.096	0.04	50.50	599.1	-0	115	101.8	0	0	0.3	111115
41	"07:12:53"	838.5	-21.1	1.7	531	19.4	1.8	6	1	2.84	28.24	27.78	28.22	504.46	515.55	0.016	19.075	0.04	50.44	599.1	-0	115	101.8	0	0	0.3	111115
42	"07:12:55"	839.5	-21.9	1.7	531	19.4	1.81	6	1	2.84	28.24	27.78	28.22	502.89	514.78	0.016	19.066	0.04	50.41	599.2	-0	115	101.8	0	0	0.3	111115
43	"07:12:56"	841.0	-21.7	1.69	530	19.4	1.81	6	1	2.84	28.25	27.78	28.22	501.79	513.57	0.016	19.052	0.04	50.37	599.1	-0	115	101.8	0	0	0.3	111115
44	"07:12:57"	842.0	-21.2	1.69	529	19.4	1.81	6	1	2.84	28.25	27.78	28.22	501.52	512.77	0.016	19.040	0.04	50.34	599.1	-0	115	101.8	0	0	0.3	111115
45	"07:12:58"	843.5	-19.9	1.68	526	19.3	1.81	6	1	2.84	28.25	27.79	28.22	501.40	511.43	0.017	19.012	0.04	50.26	599.1	-0	115	101.8	0	0	0.3	111115
46	"07:13:00"	844.5	-19	1.67	523	19.3	1.82	6	1	2.84	28.25	27.79	28.22	501.41	510.53	0.017	18.987	0.04	50.19	599.1	-0	115	101.8	0	0	0.3	111115
47	"07:13:01"	846.0	-17.6	1.66	520	19.3	1.82	6	1	2.84	28.25	27.79	28.22	501.45	509.25	0.015	18.933	0.04	50.04	599.1	-0	115	101.8	0	0	0.3	111115
48	"07:13:02"	847.0	-16.6	1.65	518	19.2	1.83	6	1	2.84	28.25	27.79	28.22	501.55	508.40	0.015	18.897	0.04	49.95	599.1	-0	114	101.8	0	0	0.3	111115
49	"07:13:04"	848.5	-15.3	1.63	515	19.2	1.83	6	1	2.84	28.25	27.79	28.23	501.67	507.27	0.014	18.847	0.04	49.81	599.1	-0	114	101.8	0	0	0.3	111115
50	"07:13:05"	850.0	-14	1.62	512	19.1	1.84	6	1	2.84	28.25	27.79	28.23	501.79	506.15	0.015	18.800	0.04	49.69	599.0	-0	114	101.8	0	0	0.3	111115
51	"07:13:06"	851.0	-13.3	1.61	511	19.1	1.84	6	1	2.84	28.25	27.79	28.23	501.83	505.45	0.016	18.773	0.04	49.61	599.0	-0	114	101.8	0	0	0.3	111115
52	"07:13:07"	852.5	-12.2	1.6	508	19.1	1.84	6	1	2.84	28.26	27.79	28.23	501.96	504.54	0.016	18.741	0.04	49.52	599.1	-0	114	101.8	0	0	0.3	111115
53	"07:13:09"	853.5	-11.5	1.6	507	19	1.84	6	1	2.84	28.26	27.79	28.23	502.03	503.96	0.016	18.726	0.04	49.48	599.1	-0	114	101.8	0	0	0.3	111115
54	"07:13:10"	855.0	-10.8	1.59	505	19	1.84	6	1	2.84	28.26	27.79	28.23	502.02	503.26	0.015	18.718	0.04	49.45	599.1	-0	114	101.8	0	0	0.3	111115
55	"07:13:11"	856.0	-10.7	1.59	505	19	1.84	6	1	2.84	28.26	27.79	28.23	501.95	503.04	0.015	18.716	0.04	49.45	599.1	-0	114	101.8	0	0	0.3	111115
56	"07:13:13"	857.5	-10.2	1.59	503	19	1.85	6	1	2.84	28.26	27.80	28.23	501.44	502.14	0.015	18.711	0.04	49.43	599.0	-0	114	101.8	0	0	0.3	111115
57	"07:13:14"	858.5	-10.1	1.59	503	19	1.85	6	1	2.84	28.26	27.80	28.23	501.15	501.72	0.015	18.714	0.04	49.43	599.1	-0	114	101.8	0	0	0.3	111115
58	"07:13:15"	860.0	-9.67	1.59	501	19	1.85	6	1	2.84	28.26	27.80	28.23	500.90	501.03	0.016	18.722	0.04	49.45	599.1	-0	114	101.8	0	0	0.3	111115
59	"07:13:16"	861.5	-9.12	1.6	500	19	1.84	6	1	2.84	28.26	27.80	28.23	500.82	500.40	0.015	18.733	0.04	49.48	599.2	-0	114	101.8	0	0	0.3	111115
60	"07:13:18"	862.5	-8.65	1.6	499	19.1	1.84	6	1	2.84	28.27	27.80	28.24	500.86	499.99	0.015	18.739	0.04	49.49	599.2	-0	113	101.8	0	0	0.7	111115
61	"07:13:19"	864.0	-8.02	1.6	497	19.1	1.84	6	1	2.84	28.27	27.80	28.24	500.96	499.46	0.015	18.749	0.04	49.51	599.2	0	113	101.8	0	0	0.7	111115
62	"07:13:20"	865.0	-7.64	1.6	496	19.1	1.84	6	1	2.84	28.27	27.81	28.24	501.03	499.15	0.014	18.751	0.04	49.51	599.2	-0	113	101.8	0	0	0.7	111115
63	"07:13:21"	866.5	-7.12	1.6	495	19.1	1.84	6	1	2.84	28.27	27.80	28.24	501.07	498.68	0.014	18.751	0.04	49.51	599.1	-0	113	101.8	0	0	0.7	111115
64	"07:13:23"	867.5	-6.76	1.6	494	19.1	1.84	6	1	2.84	28.27	27.80	28.24	501.13	498.38	0.014	18.753	0.04	49.51	599.1	-0	113	101.8	0	0	0.7	111115
65	"07:13:24"	869.0	-6.24	1.6	493	19.1	1.84	6	1	2.84	28.27	27.80	28.24	501.22	497.96	0.015	18.754	0.04	49.51	599.1	-0	113	101.8	0	0	0.7	111115
66	"07:13:25"	870.0	-5.96	1.6	493	19.1	1.84	6	1	2.84	28.27	27.81	28.24	501.26	497.72	0.014	18.758	0.04	49.52	599.1	-0	113	101.8	0	0	0.7	111115
67	"07:13:26"	871.5	-5.55	1.6	492	19.1	1.84	6	1	2.84	28.27	27.81	28.24	501.34	497.40	0.014	18.752	0.04	49.50	599.1	-0	113	101.8	0	0	0.7	111115
68	"07:13:28"	873.0	-5.1	1.6	491	19.1	1.84	6	1	2.84	28.27	27.81	28.24	501.41	497.03	0.014	18.753	0.04	49.50	599.1	-0	113	101.8	0	0	0.7	111115
69	"07:13:29"	874.0	-4.86	1.6	490	19.1	1.84	6	1	2.84	28.27	27.81	28.24	501.45	496.84	0.014	18.747	0.04	49.48	599.0	-0	113	101.8	0	0	0.7	111115
70	"07:13:30"	875.5	-4.48	1.6	489	19.1	1.84	6	1	2.84	28.28	27.81	28.24	501.55	496.56	0.015	18.748	0.04	49.48	599.1	-0	113	101.8	0	0	0.7	111115
71	"07:13:32"	876.5	-4.21	1.6	489	19.1	1.85	6	1	2.84	28.28	27.81	28.24	501.64	496.39	0.014	18.743	0.04	49.47	599.1	-0	113	101.8	0	0	0.7	111115
72	"07:13:33"	878.0	-3.81	1.6	488	19.1	1.85	6	1	2.84	28.28	27.81	28.25	501.81	496.16	0.015	18.740	0.04	49.46	599.1	-0	112	101.8	0	0	0.7	111115
73	"07:13:34"	879.0	-3.7	1.59	488	19.1	1.85	6	1	2.84	28.28	27.81	28.25	501.86	496.10	0.014	18.736	0.04	49.44	599.1	-0	112	101.8	0	0	0.7	111115
74	"07:13:35"	880.5	-3.5	1.59	487	19	1.85	6	1	2.84	28.28	27.81	28.25	501.88	495.93	0.014	18.734	0.04	49.44	599.1	-0	112	101.8	0	0	0.7	111115
75	"07:13:37"	881.5	-3.25	1.59	487	19	1.85	6	1	2.84	28.28	27.82	28.25	501.99	495.78	0.015	18.731	0.04	49.43	599.1	-0	112	101.8	0	0	0.7	111115
76	"07:13:38"	883.0	-2.81	1.59	486	19	1.85	6	1	2.84	28.28	27.82	28.25	502.16	495.52	0.015	18.728	0.04	49.42	599.1	-0	112	101.8	0	0	0.7	111115
77	"07:13:39"	883.5	-2.76	1.59	486	19	1.85	6	1	2.84	28.28	27.82	28.25	502.20	495.51	0.015	18.725	0.04	49.41	599.1	-0	112	101.8	0	0	0.7	111115
78	"07:13:40"	885.5	-2.92	1.58	486	19	1.85	6	1	2.84	28.28	27.82	28.25	501.99	495.48	0.014	18.710	0.04	49.36	599.1	-0	112	101.8	0	0	0.7	111115
79	"07:13:42"	886.5	-3.24	1.58	486	19	1.85	6	1	2.84	28.28	27.82	28.25	501.68	495.49	0.014	18.700	0.04	49.34	599.1	-0	112	101.8	0	0	0.7	111115
80	"07:13:43"	888.0	-3.68	1.58	487	19	1.85	6	1	2.84	28.28	27.82	28.25	501.16	495.41	0.014	18.690	0.04	49.31	599.0	-0	112	101.8	0	0	0.7	111115
81	"07:13:44"	889.0	-3.88	1.58	487	19	1.85	6	1	2.84	28.28	27.82	28.25	500.92	495.38	0.013	18.686	0.04	49.30	599.0	-0	111	101.8	0	0	0.7	111115
82	"07:13:45"	890.5	-3.78	1.58	487	19	1.85	6	1	2.84	28.29	27.82	28.25	500.86	495.22	0.013	18.678	0.04	49.27	599.1	-0	111	101.8	0	0	0.7	111115
83	"07:13:47"	891.5	-3.75	1.57	487	19	1.85	6	1	2.84	28.29	27.82	28.26	500.84	495.19	0.014	18.669	0.04	49.25	599.1	-0	111	101.8	0	0	0.7	111115
84	"07:13:48"	893.0	-3.45	1.57	486	19	1.86	6	1	2.84	28.29	27.82	28.26	500.97	495.02	0.014	18.653	0.04	49.20	599.1	-0	111	101.8	0	0	0.7	111115
85	"07:13:49"	894.0	-3.35	1.57	486	19	1.86	6	1	2.84	28.29	27.82	28.26	501.00	494.96	0.014	18.644	0.04	49.17	599.1	-0	111	101.8	0	0	0.7	111115
86	"07:13:50"	895.5	-3.19	1.56	486	18.9	1.86	6	1	2.84	28.29	27.83	28.26	501.07	494.88	0.014	18.632	0.04	49.14	599.1	-0	111	101.8	0	0	0.7	111115
87	"07:13:52"	896.5	-3.15	1.56	486	18.9	1.86	6	1	2.84	28.29	27.83	28.26	501.07	494.84	0.014	18.625	0.04	49.12	599.1	-0	111	101.8	0	0	0.7	111115
88	"07:13:53"	898.0	-2.98	1.56	485	18.9	1.86	6	1	2.84	28.29	27.83	28.26	501.11	494.72	0.013	18.617	0.03	49.09	599.1	-0	110	101.8	0	0	0.7	111115
89	"07:13:54"	899.0	-2.96	1.56	485	18.9	1.86	6	1	2.84	28.29	27.83	28.26	501.08	494.68	0.013	18.610	0.04	49.07	599.1	-0	110	101.8	0	0	0.7	111115
90	"07:13:55"	900.5	-2.86	1.55	485	18.9	1.86	6	1	2.84	28.29	27.83	28.26	501.13	494.63	0.013	18.603	0.03	49.05	599.0	-0	110	101.8	0	0	0.7	111115
91	"07:13:57"	901.5	-2.7	1.55	485	18.9	1.86	6	1	2.84	28.29	27.83	28.26	501.21	494.55	0.013	18.599	0.03	49.04	599.0	-0	110	101.8	0	0	0.7	111115
92	"07:13:58"	903.0	-2.46	1.55	484	18.9	1.87	6	1	2.84	28.29	27.83	28.26	501.38	494.49	0.014	18.584	0.04	49.00	599.1	-0	110	101.8	0	0	0.7	111115
93	"07:13:59"	904.5	-2.19	1.55	484	18.9	1.87	6	1	2.84	28.30	27.83	28.26	501.51	494.36	0.015	18.572	0.04	48.96	599.1	-0	110	101.8	0	0	0.7	111115
94	"07:14:01"	905.5	-2.24	1.54	484	18.9	1.87	6	1	2.84	28.30	27.83	28.26	501.51	494.41	0.014	18.561	0.04	48.93	599.1	-0	110	101.8	0	0	0.7	111115
95	"07:14:02"	907.0	-2.09	1.54	484	18.9	1.87	6	1	2.84	28.30	27.83	28.27	501.61	494.37	0.014	18.552	0.04	48.91	599.0	-0	109	101.8	0	0	0.7	111115
96	"07:14:03"	908.0	-2.1	1.54	484	18.8	1.87	6	1	2.84	28.30	27.83	28.27	501.61	494.38	0.013	18.543	0.04	48.88	599.0	-0	109	101.8	0	0	0.7	111115
97	"07:14:04"	909.5	-1.9	1.53	483	18.8	1.87	6	1	2.84	28.30	27.83	28.27	501.71	494.29	0.014	18.533	0.04	48.85	599.1	-0	109	101.8	0	0	0.7	111115
98	"07:14:06"	910.5	-1.86	1.53	483	18.8	1.87	6	1	2.84	28.30	27.83	28.27	501.76	494.30	0.014	18.525	0.04	48.83	599.1	-0	109	101.8	0	0	0.7	111115
99	"07:14:07"	912.0	-1.87	1.53	483	18.8	1.87	6	1	2.84	28.30	27.83	28.27	501.79	494.34	0.014	18.522	0.04	48.82	599.1	-0	109	101.8	0	0	0.7	111115
100	"07:14:08"	913.0	-1.76	1.53	483	18.8	1.87	6	1	2.84	28.30	27.84	28.27	501.90	494.34	0.014	18.516	0.04	48.80	599.1	-0	109	101.8	0	0	0.7	111115
101	"07:14:09"	913.5	-1.8	1.53	483	18.8	1.87	6	1	2.84	28.30	27.84	28.27	501.88	494.37	0.014	18.513	0.04	48.79	599.1	-0	109	101.8	0	0	0.7	111115
102	"07:14:11"	915.5	-1.88	1.52	483	18.8	1.88	6	1	2.84	28.30	27.84	28.27	501.78	494.36	0.013	18.494	0.03	48.74	599.2	-0	108	101.8	0	0	0.7	111115
103	"07:14:12"	917.0	-2.28	1.52	484	18.8	1.88	6	1	2.84	28.30	27.84	28.27	501.42	494.39	0.012	18.486	0.03	48.71	599.2	-0	108	101.8	0	0	0.7	111115
104	"07:14:13"	918.0	-2.5	1.52	484	18.8	1.88	6	1	2.84	28.30	27.84	28.27	501.13	494.34	0.013	18.481	0.03	48.70	599.2	-0	108	101.8	0	0	1.0	111115
105	"07:14:14"	919.5	-2.76	1.52	484	18.8	1.88	6	1	2.84	28.30	27.84	28.28	500.81	494.27	0.013	18.472	0.03	48.67	599.1	-0	108	101.8	0	0	1.0	111115
106	"07:14:16"	920.5	-2.83	1.51	484	18.8	1.88	6	1	2.84	28.31	27.84	28.28	500.71	494.25	0.012	18.463	0.03	48.65	599.1	-0	108	101.8	0	0	1.0	111115
107	"07:14:17"	922.0	-2.95	1.51	485	18.8	1.88	6	1	2.84	28.31	27.84	28.28	500.60	494.27	0.012	18.451	0.03	48.61	599.1	-0	108	101.8	0	0	1.0	111115
108	"07:14:18"	923.0	-3.02	1.51	485	18.8	1.88	6	1	2.84	28.31	27.84	28.28	500.61	494.35	0.012	18.446	0.03	48.60	599.1	0	108	101.8	0	0	1.0	111115
109	"07:14:19"	924.5	-2.84	1.51	484	18.7	1.88	6	1	2.84	28.31	27.84	28.28	500.69	494.25	0.013	18.438	0.03	48.57	599.1	0	107	101.8	0	0	1.0	111115
110	"07:14:21"	925.5	-2.66	1.51	484	18.7	1.88	6	1	2.84	28.31	27.85	28.28	500.78	494.17	0.013	18.434	0.04	48.56	599.1	0	107	101.8	0	0	1.0	111115
111	"07:14:22"	927.0	-2.49	1.5	484	18.7	1.89	6	1	2.84	28.31	27.85	28.28	500.82	494.05	0.013	18.426	0.03	48.54	599.1	-0	107	101.8	0	0	1.0	111115
112	"07:14:23"	928.0	-2.46	1.5	484	18.7	1.89	6	1	2.84	28.31	27.85	28.28	500.84	494.04	0.013	18.419	0.03	48.52	599.0	-0	107	101.8	0	0	1.0	111115
113	"07:14:24"	928.5	-2.42	1.5	484	18.7	1.89	6	1	2.84	28.31	27.85	28.28	500.86	494.02	0.013	18.414	0.03	48.50	599.0	-0	107	101.8	0	0	1.0	111115
114	"07:14:26"	929.5	-2.41	1.5	484	18.7	1.89	6	1	2.84	28.31	27.85	28.28	500.88	494.04	0.012	18.404	0.03	48.47	599.0	-0	107	101.8	0	0	1.0	111115
115	"07:14:27"	931.0	-2.35	1.49	483	18.7	1.89	6	1	2.84	28.31	27.85	28.28	500.91	494.01	0.013	18.395	0.03	48.44	599.1	-0	106	101.8	0	0	0.7	111115
116	"07:14:28"	932.0	-2.31	1.49	483	18.7	1.89	6	1	2.84	28.31	27.85	28.28	500.93	493.99	0.013	18.391	0.03	48.43	599.1	-0	106	101.8	0	0	0.7	111115
117	"07:14:29"	933.5	-2.18	1.49	483	18.7	1.89	6	1	2.84	28.32	27.85	28.28	501.02	493.96	0.013	18.385	0.03	48.41	599.1	-0	106	101.8	0	0	0.7	111115
118	"07:14:30"	934.5	-2.02	1.49	483	18.7	1.89	6	1	2.84	28.32	27.85	28.29	501.17	493.95	0.013	18.380	0.03	48.40	599.1	-0	106	101.8	0	0	0.7	111115
119	"07:14:32"	935.5	-1.88	1.49	483	18.7	1.89	6	1	2.84	28.32	27.85	28.29	501.28	493.92	0.013	18.376	0.03	48.39	599.1	-0	106	101.8	0	0	0.7	111115
120	"07:14:33"	937.0	-1.93	1.49	483	18.7	1.89	6	1	2.84	28.32	27.85	28.29	501.31	494.00	0.013	18.371	0.03	48.37	599.1	-0	106	101.8	0	0	0.7	111115
121	"07:14:34"	938.0	-1.83	1.49	483	18.7	1.89	6	1	2.84	28.32	27.85	28.29	501.37	493.96	0.013	18.365	0.03	48.35	599.1	-0	105	101.8	0	0	0.7	111115
122	"07:14:35"	939.0	-1.78	1.49	483	18.7	1.89	6	1	2.84	28.32	27.85	28.29	501.42	493.96	0.013	18.362	0.04	48.34	599.1	-0	105	101.8	0	0	0.7	111115
123	"07:14:36"	940.5	-1.61	1.48	482	18.7	1.89	6	1	2.84	28.32	27.85	28.29	501.54	493.92	0.013	18.351	0.03	48.31	599.1	-0	105	101.8	0	0	0.7	111115
124	"07:14:37"	941.5	-1.6	1.48	482	18.6	1.9	6	1	2.84	28.32	27.86	28.29	501.58	493.96	0.013	18.344	0.03	48.29	599.1	-0	105	101.8	0	0	0.7	111115
125	"07:14:39"	944.0	-1.57	1.48	482	18.6	1.9	6	1	2.84	28.32	27.86	28.29	501.66	494.02	0.012	18.326	0.03	48.23	599.1	-0	105	101.8	0	0	1.0	111115
126	"07:14:40"	945.0	-1.56	1.48	482	18.6	1.9	6	1	2.84	28.32	27.86	28.29	501.67	494.02	0.013	18.324	0.03	48.23	599.2	-0	105	101.8	0	0	1.0	111115
127	"07:14:41"	946.5	-1.4	1.47	482	18.6	1.9	6	1	2.84	28.33	27.86	28.30	501.75	493.94	0.012	18.318	0.03	48.21	599.2	-0	104	101.8	0	0	1.0	111115
128	"07:14:42"	947.0	-1.38	1.47	482	18.6	1.9	6	1	2.84	28.33	27.86	28.30	501.75	493.92	0.012	18.315	0.03	48.20	599.2	-0	104	101.8	0	0	1.0	111115
129	"07:14:44"	949.0	-1.36	1.47	482	18.6	1.9	6	1	2.84	28.33	27.86	28.30	501.80	493.96	0.013	18.301	0.03	48.16	599.1	-0	104	101.8	0	0	1.0	111115
130	"07:14:45"	949.5	-1.31	1.47	482	18.6	1.9	6	1	2.84	28.33	27.86	28.30	501.86	493.98	0.013	18.297	0.03	48.15	599.1	-0	104	101.8	0	0	1.0	111115
131	"07:14:46"	950.5	-1.43	1.47	482	18.6	1.9	6	1	2.84	28.33	27.86	28.30	501.84	494.07	0.013	18.290	0.03	48.13	599.1	-0	104	101.8	0	0	1.0	111115
132	"07:14:47"	951.5	-1.46	1.47	482	18.6	1.9	6	1	2.84	28.33	27.86	28.30	501.85	494.12	0.012	18.283	0.03	48.11	599.1	-0	104	101.8	0	0	1.0	111115
133	"07:14:49"	953.0	-1.47	1.46	482	18.6	1.9	6	1	2.84	28.33	27.86	28.30	501.92	494.19	0.012	18.277	0.03	48.09	599.0	-0	103	101.8	0	0	1.0	111115
134	"07:14:50"	954.0	-1.39	1.46	482	18.6	1.9	6	1	2.84	28.33	27.86	28.30	501.99	494.18	0.012	18.274	0.03	48.08	599.0	-0	103	101.8	0	0	1.0	111115
135	"07:14:51"	955.0	-1.48	1.46	482	18.6	1.9	6	1	2.84	28.33	27.86	28.30	501.95	494.24	0.012	18.271	0.03	48.07	599.1	-0	103	101.8	0	0	1.0	111115
136	"07:14:52"	956.5	-1.71	1.46	483	18.6	1.91	6	1	2.84	28.33	27.86	28.30	501.74	494.27	0.012	18.262	0.03	48.05	599.1	-0	103	101.8	0	0	1.0	111115
137	"07:14:53"	957.5	-2.09	1.46	483	18.6	1.91	6	1	2.84	28.33	27.86	28.30	501.43	494.34	0.012	18.258	0.03	48.03	599.1	-0	103	101.8	0	0	1.0	111115
138	"07:14:55"	959.5	-2.57	1.45	484	18.5	1.91	6	1	2.84	28.33	27.86	28.31	500.86	494.26	0.012	18.245	0.03	47.99	599.0	-0	102	101.8	0	0	1.0	111115
139	"07:14:56"	961.0	-2.69	1.45	484	18.5	1.91	6	1	2.84	28.33	27.86	28.31	500.68	494.20	0.011	18.236	0.03	47.97	599.1	-0	102	101.8	0	0	1.0	111115
140	"07:14:57"	962.0	-2.63	1.45	484	18.5	1.91	6	1	2.84	28.34	27.86	28.31	500.68	494.14	0.012	18.230	0.03	47.95	599.1	-0	102	101.8	0	0	1.0	111115
141	"07:14:58"	963.5	-2.75	1.45	484	18.5	1.91	6	1	2.84	28.34	27.87	28.31	500.61	494.20	0.012	18.224	0.03	47.93	599.1	-0	102	101.8	0	0	1.0	111115
142	"07:15:00"	964.5	-2.76	1.45	484	18.5	1.91	6	1	2.84	28.34	27.87	28.31	500.59	494.19	0.013	18.221	0.03	47.92	599.1	-0	101	101.8	0	0	1.0	111115
143	"07:15:01"	965.0	-2.73	1.45	484	18.5	1.91	6	1	2.84	28.34	27.87	28.31	500.62	494.19	0.013	18.218	0.03	47.91	599.1	-0	101	101.8	0	0	1.0	111115
144	"07:15:02"	966.0	-2.73	1.45	484	18.5	1.91	6	1	2.84	28.34	27.87	28.31	500.65	494.22	0.013	18.214	0.03	47.90	599.2	-0	97	101.8	0	0	1.0	111115
145	"07:15:03"	967.0	-2.52	1.45	484	18.5	1.91	6	1	2.84	28.34	27.86	28.31	500.74	494.11	0.013	18.210	0.03	47.89	599.2	-0	92	101.8	0	0	1.0	111115
146	"07:15:04"	968.5	-2.37	1.45	483	18.5	1.91	6	1	2.84	28.34	27.86	28.31	500.82	494.04	0.012	18.201	0.03	47.86	599.2	-0	80	101.8	0	0	1.0	111115
147	"07:15:05"	969.5	-2.32	1.44	483	18.5	1.91	6	1	2.84	28.34	27.86	28.31	500.82	493.99	0.012	18.195	0.03	47.84	599.2	-0	71	101.8	0	0	1.0	111115
148	"07:15:06"	970.5	-2.39	1.44	483	18.5	1.91	6	1	2.84	28.34	27.86	28.31	500.77	494.01	0.012	18.189	0.03	47.83	599.1	-0	66	101.8	0	0	1.0	111115
149	"07:15:08"	972.0	-2.29	1.44	483	18.5	1.91	6	1	2.84	28.34	27.86	28.31	500.82	493.97	0.011	18.176	0.03	47.79	599.1	-0	63	101.8	0	0	1.0	111115
150	"07:15:09"	973.0	-2.14	1.44	483	18.5	1.92	6	1	2.84	28.34	27.87	28.31	500.91	493.91	0.011	18.172	0.03	47.78	599.1	-0	64	101.8	0	0	1.0	111115
151	"07:15:10"	974.5	-1.99	1.43	483	18.5	1.92	6	1	2.84	28.34	27.87	28.32	501.03	493.89	0.011	18.164	0.03	47.76	599.1	-0	66	101.8	0	0	1.0	111115
152	"07:15:11"	975.5	-1.98	1.43	483	18.5	1.92	6	1	2.84	28.34	27.87	28.32	501.05	493.90	0.011	18.159	0.03	47.74	599.1	-0	68	101.8	0	0	1.0	111115
153	"07:15:12"	976.5	-1.9	1.43	482	18.5	1.92	6	1	2.84	28.34	27.87	28.32	501.09	493.87	0.011	18.157	0.03	47.73	599.1	-0	71	101.8	0	0	1.0	111115
154	"07:15:14"	978.0	-1.81	1.43	482	18.4	1.92	6	1	2.84	28.35	27.87	28.32	501.15	493.84	0.011	18.144	0.03	47.70	599.1	-0	74	101.8	0	0	1.0	111115
155	"07:15:15"	979.0	-1.81	1.43	482	18.4	1.92	6	1	2.84	28.35	27.87	28.32	501.15	493.85	0.012	18.138	0.03	47.68	599.1	0	79	101.8	0	0	1.0	111115
156	"07:15:16"	980.0	-1.76	1.43	482	18.4	1.92	6	1	2.84	28.35	27.87	28.32	501.20	493.85	0.012	18.129	0.03	47.65	599.0	-0	82	101.8	0	0	1.0	111115
157	"07:15:17"	981.0	-1.84	1.42	482	18.4	1.92	6	1	2.84	28.35	27.87	28.32	501.18	493.92	0.012	18.121	0.03	47.63	599.0	-0	86	101.8	0	0	0.7	111115
158	"07:15:18"	982.0	-1.9	1.42	483	18.4	1.92	6	1	2.84	28.35	27.87	28.32	501.18	493.98	0.011	18.113	0.03	47.61	599.0	-0	88	101.8	0	0	0.7	111115
159	"07:15:19"	983.5	-1.78	1.42	482	18.4	1.92	6	1	2.84	28.35	27.87	28.32	501.27	493.95	0.011	18.104	0.03	47.59	599.1	-0	91	101.8	0	0	0.7	111115
160	"07:15:20"	984.5	-1.78	1.42	482	18.4	1.93	6	1	2.84	28.35	27.87	28.32	501.29	493.98	0.011	18.096	0.03	47.56	599.1	-0	92	101.8	0	0	1.0	111115
161	"07:15:21"	985.5	-1.63	1.42	482	18.4	1.93	6	1	2.84	28.35	27.88	28.32	501.38	493.92	0.012	18.090	0.03	47.55	599.1	-0	96	101.8	0	0	1.0	111115
162	"07:15:23"	986.5	-1.67	1.41	482	18.4	1.93	6	1	2.84	28.35	27.88	28.32	501.41	493.98	0.011	18.083	0.03	47.53	599.1	-0	97	101.8	0	0	1.0	111115
163	"07:15:24"	988.0	-1.56	1.41	482	18.4	1.93	6	1	2.84	28.35	27.88	28.32	501.51	493.99	0.011	18.075	0.03	47.50	599.1	-0	97	101.8	0	0	1.0	111115
164	"07:15:25"	989.0	-1.49	1.41	482	18.4	1.93	6	1	2.84	28.35	27.88	28.32	501.60	494.01	0.012	18.074	0.03	47.50	599.1	-0	97	101.8	0	0	1.0	111115
165	"07:15:26"	990.0	-1.48	1.41	482	18.4	1.93	6	1	2.84	28.35	27.88	28.32	501.61	494.01	0.011	18.068	0.03	47.48	599.1	-0	97	101.8	0	0	1.0	111115
166	"07:15:27"	991.0	-1.44	1.41	482	18.4	1.93	6	1	2.84	28.35	27.88	28.33	501.63	493.98	0.011	18.063	0.03	47.47	599.1	-0	97	101.8	0	0	1.0	111115
167	"07:15:28"	992.5	-1.4	1.41	482	18.4	1.93	6	1	2.84	28.35	27.88	28.33	501.67	493.99	0.011	18.057	0.03	47.45	599.1	-0	97	101.8	0	0	1.0	111115
168	"07:15:29"	993.5	-1.35	1.41	482	18.3	1.93	6	1	2.84	28.35	27.88	28.33	501.72	494.00	0.011	18.053	0.03	47.44	599.1	-0	97	101.8	0	0	1.0	111115
169	"07:15:30"	994.5	-1.23	1.41	481	18.3	1.93	6	1	2.84	28.35	27.88	28.33	501.80	493.95	0.011	18.051	0.03	47.43	599.1	-0	97	101.8	0	0	1.0	111115
170	"07:15:32"	996.0	-1.52	1.41	482	18.3	1.93	6	1	2.84	28.35	27.88	28.33	501.59	494.04	0.011	18.045	0.03	47.41	599.1	-0	96	101.8	0	0	1.0	111115
171	"07:15:33"	997.0	-1.87	1.4	483	18.3	1.93	6	1	2.84	28.35	27.88	28.33	501.31	494.12	0.011	18.041	0.03	47.40	599.1	-0	96	101.8	0	0	1.0	111115
172	"07:15:34"	998.0	-2.33	1.4	483	18.3	1.93	6	1	2.84	28.35	27.88	28.33	500.92	494.18	0.011	18.040	0.03	47.40	599.0	-0	96	101.8	0	0	1.0	111115
173	"07:15:35"	1000.0	-2.84	1.4	484	18.3	1.93	6	1	2.84	28.36	27.88	28.33	500.39	494.17	0.011	18.035	0.03	47.38	599.1	0	96	101.8	0	0	1.0	111115
174	"07:15:36"	1001.5	-2.86	1.4	484	18.3	1.93	6	1	2.84	28.36	27.88	28.33	500.29	494.09	0.011	18.031	0.03	47.37	599.1	-0	95	101.8	0	0	1.0	111115
175	"07:15:38"	1002.5	-2.85	1.4	484	18.3	1.93	6	1	2.84	28.36	27.88	28.33	500.30	494.09	0.011	18.033	0.03	47.37	599.1	-0	95	101.8	0	0	1.0	111115
176	"07:15:39"	1004.0	-2.81	1.4	484	18.3	1.93	6	1	2.84	28.36	27.88	28.33	500.32	494.07	0.010	18.024	0.03	47.35	599.1	-0	95	101.8	0	0	1.0	111115
177	"07:15:40"	1005.0	-2.76	1.4	484	18.3	1.93	6	1	2.84	28.36	27.88	28.33	500.38	494.08	0.011	18.014	0.03	47.32	599.1	-0	95	101.8	0	0	1.0	111115
178	"07:15:41"	1006.5	-2.64	1.39	484	18.3	1.94	6	1	2.84	28.36	27.88	28.33	500.41	494.01	0.011	18.004	0.03	47.29	599.1	-0	94	101.8	0	0	1.0	111115
179	"07:15:43"	1007.5	-2.5	1.39	483	18.3	1.94	6	1	2.84	28.36	27.89	28.33	500.46	493.93	0.011	17.998	0.03	47.27	599.1	-0	94	101.8	0	0	1.0	111115
180	"07:15:44"	1009.0	-2.33	1.39	483	18.3	1.94	6	1	2.84	28.36	27.89	28.34	500.52	493.81	0.011	17.990	0.03	47.25	599.1	-0	94	101.8	0	0	1.0	111115
181	"07:15:45"	1010.0	-2.29	1.39	483	18.3	1.94	6	1	2.84	28.36	27.89	28.34	500.55	493.80	0.011	17.985	0.03	47.24	599.1	-0	94	101.8	0	0	1.0	111115
182	"07:15:46"	1010.5	-2.26	1.39	483	18.3	1.94	6	1	2.84	28.36	27.88	28.34	500.56	493.79	0.011	17.980	0.03	47.23	599.1	-0	94	101.8	0	0	1.0	111115
183	"07:15:47"	1012.5	-2.24	1.39	483	18.3	1.94	6	1	2.84	28.36	27.88	28.34	500.57	493.79	0.012	17.976	0.03	47.21	599.1	-0	93	101.8	0	0	1.0	111115
184	"07:15:49"	1014.0	-2.09	1.39	483	18.3	1.94	6	1	2.84	28.36	27.88	28.34	500.65	493.72	0.012	17.967	0.03	47.19	599.1	-0	93	101.8	0	0	1.0	111115
185	"07:15:50"	1015.0	-2.15	1.39	483	18.3	1.94	6	1	2.84	28.36	27.88	28.34	500.67	493.80	0.011	17.964	0.03	47.18	599.1	-0	93	101.8	0	0	0.7	111115
186	"07:15:51"	1015.5	-2.05	1.38	483	18.2	1.94	6	1	2.84	28.36	27.88	28.34	500.74	493.77	0.011	17.961	0.03	47.17	599.0	-0	93	101.8	0	0	0.7	111115
187	"07:15:52"	1017.5	-1.99	1.38	482	18.2	1.94	6	1	2.84	28.36	27.88	28.34	500.77	493.74	0.011	17.952	0.03	47.15	599.1	-0	92	101.8	0	0	0.7	111115
188	"07:15:54"	1018.5	-1.95	1.38	482	18.2	1.94	6	1	2.84	28.36	27.89	28.34	500.81	493.74	0.010	17.949	0.03	47.14	599.1	-0	92	101.8	0	0	0.7	111115
189	"07:15:55"	1020.0	-1.96	1.38	482	18.2	1.94	6	1	2.84	28.36	27.89	28.34	500.83	493.77	0.011	17.945	0.03	47.12	599.2	-0	92	101.8	0	0	0.7	111115
190	"07:15:56"	1020.5	-1.98	1.38	482	18.2	1.94	6	1	2.84	28.36	27.89	28.34	500.83	493.79	0.011	17.944	0.03	47.12	599.2	-0	92	101.8	0	0	0.7	111115
191	"07:15:57"	1022.5	-1.84	1.38	482	18.2	1.95	6	1	2.84	28.36	27.89	28.34	500.92	493.75	0.011	17.936	0.03	47.10	599.2	0	91	101.8	0	0	0.7	111115
192	"07:15:59"	1023.5	-1.77	1.38	482	18.2	1.95	6	1	2.84	28.37	27.89	28.34	500.96	493.73	0.011	17.930	0.03	47.08	599.1	-0	91	101.8	0	0	1.0	111115
193	"07:16:00"	1025.0	-1.83	1.37	482	18.2	1.95	6	1	2.84	28.37	27.89	28.34	500.95	493.77	0.010	17.924	0.03	47.06	599.1	0	91	101.8	0	0	1.0	111115
194	"07:16:01"	1026.0	-1.85	1.37	482	18.2	1.95	6	1	2.84	28.37	27.89	28.34	500.99	493.84	0.010	17.918	0.03	47.05	599.1	0	91	101.8	0	0	1.0	111115
195	"07:16:02"	1027.5	-1.78	1.37	482	18.2	1.95	6	1	2.84	28.37	27.89	28.34	501.06	493.83	0.009	17.918	0.02	47.05	599.1	-0	90	101.8	0	0	1.0	111115
196	"07:16:04"	1028.5	-1.66	1.37	482	18.2	1.95	6	1	2.84	28.37	27.89	28.34	501.11	493.78	0.010	17.912	0.03	47.03	599.2	-0	90	101.8	0	0	1.0	111115
197	"07:16:05"	1030.0	-1.58	1.37	482	18.2	1.95	6	1	2.84	28.37	27.89	28.35	501.15	493.74	0.010	17.909	0.03	47.02	599.2	-0	90	101.8	0	0	1.0	111115
198	"07:16:06"	1031.0	-1.63	1.37	482	18.2	1.95	6	1	2.84	28.37	27.89	28.35	501.13	493.77	0.010	17.901	0.03	47.00	599.1	-0	90	101.8	0	0	1.0	111115
199	"07:16:07"	1032.5	-1.65	1.37	482	18.2	1.95	6	1	2.84	28.37	27.89	28.35	501.19	493.84	0.010	17.897	0.03	46.98	599.1	-0	90	101.8	0	0	1.0	111115
200	"07:16:09"	1033.5	-1.65	1.37	482	18.2	1.95	6	1	2.84	28.37	27.89	28.35	501.24	493.91	0.010	17.889	0.03	46.96	599.0	-0	89	101.8	0	0	1.0	111115
201	"07:16:10"	1035.0	-1.47	1.36	482	18.2	1.95	6	1	2.84	28.37	27.89	28.35	501.42	493.90	0.010	17.883	0.03	46.94	599.0	-0	89	101.8	0	0	1.0	111115
202	"07:16:11"	1036.0	-1.51	1.36	482	18.2	1.95	6	1	2.84	28.37	27.89	28.35	501.44	493.97	0.010	17.877	0.03	46.93	599.0	0	89	101.8	0	0	1.0	111115
203	"07:16:12"	1037.5	-1.55	1.36	482	18.2	1.95	6	1	2.84	28.37	27.89	28.35	501.45	494.01	0.010	17.869	0.03	46.90	599.0	-0	89	101.8	0	0	1.0	111115
204	"07:16:14"	1038.5	-1.54	1.36	482	18.1	1.95	6	1	2.84	28.37	27.89	28.35	501.45	494.02	0.011	17.864	0.03	46.89	599.0	-0	89	101.8	0	0	1.0	111115
205	"07:16:15"	1040.0	-1.43	1.36	482	18.1	1.95	6	1	2.84	28.37	27.90	28.35	501.55	494.00	0.011	17.860	0.03	46.88	599.1	-0	88	101.8	0	0	1.0	111115
206	"07:16:16"	1041.0	-1.33	1.36	481	18.1	1.96	6	1	2.84	28.37	27.90	28.35	501.61	493.98	0.011	17.856	0.03	46.86	599.1	-0	88	101.8	0	0	1.0	111115
207	"07:16:17"	1042.5	-1.32	1.36	481	18.1	1.95	6	1	2.84	28.37	27.90	28.35	501.64	493.99	0.010	17.850	0.03	46.85	599.1	-0	88	101.8	0	0	1.0	111115
208	"07:16:19"	1043.5	-1.43	1.36	482	18.1	1.95	6	1	2.84	28.37	27.89	28.35	501.59	494.05	0.010	17.848	0.03	46.84	599.1	-0	88	101.8	0	0	1.0	111115
209	"07:16:20"	1044.0	-1.5	1.36	482	18.1	1.95	6	1	2.84	28.37	27.89	28.35	501.57	494.10	0.010	17.845	0.03	46.83	599.1	-0	88	101.8	0	0	1.0	111115
210	"07:16:21"	1046.0	-1.98	1.36	483	18.1	1.96	6	1	2.84	28.38	27.90	28.35	501.28	494.28	0.010	17.844	0.03	46.83	599.0	-0	87	101.8	0	0	0.7	111115
211	"07:16:22"	1047.5	-2.23	1.35	483	18.1	1.96	6	1	2.84	28.38	27.90	28.35	500.95	494.22	0.011	17.838	0.03	46.81	599.1	-0	87	101.8	0	0	0.7	111115
212	"07:16:24"	1048.5	-2.51	1.35	484	18.1	1.96	6	1	2.84	28.38	27.90	28.35	500.65	494.20	0.011	17.831	0.03	46.79	599.2	-0	87	101.8	0	0	0.7	111115
213	"07:16:25"	1050.0	-2.7	1.35	484	18.1	1.96	6	1	2.84	28.38	27.90	28.35	500.39	494.13	0.011	17.826	0.03	46.78	599.1	-0	87	101.8	0	0	0.7	111115
214	"07:16:26"	1051.0	-2.87	1.35	484	18.1	1.96	6	1	2.84	28.38	27.89	28.35	500.26	494.17	0.011	17.824	0.03	46.77	599.1	-0	87	101.8	0	0	0.7	111115
215	"07:16:27"	1052.5	-3	1.35	484	18.1	1.96	6	1	2.84	28.38	27.90	28.36	500.12	494.16	0.010	17.823	0.03	46.76	599.1	-0	86	101.8	0	0	1.0	111115
216	"07:16:29"	1053.5	-2.97	1.35	484	18.1	1.96	6	1	2.84	28.38	27.90	28.36	500.12	494.13	0.011	17.818	0.03	46.75	599.1	-0	86	101.8	0	0	1.0	111115
217	"07:16:30"	1054.0	-2.95	1.35	484	18.1	1.96	6	1	2.84	28.38	27.90	28.36	500.12	494.12	0.010	17.816	0.03	46.74	599.1	0	86	101.8	0	0	1.0	111115
218	"07:16:31"	1056.5	-2.73	1.35	484	18.1	1.96	6	1	2.84	28.38	27.90	28.36	500.22	494.01	0.011	17.805	0.03	46.71	599.1	-0	85	101.8	0	0	1.0	111115
219	"07:16:33"	1057.5	-2.6	1.35	483	18.1	1.96	6	1	2.84	28.38	27.90	28.36	500.27	493.93	0.011	17.802	0.03	46.70	599.1	-0	85	101.8	0	0	1.0	111115
220	"07:16:34"	1059.0	-2.36	1.34	483	18.1	1.96	6	1	2.84	28.38	27.90	28.36	500.36	493.79	0.011	17.795	0.03	46.68	599.1	-0	85	101.8	0	0	1.0	111115
221	"07:16:35"	1060.0	-2.31	1.34	483	18.1	1.96	6	1	2.84	28.38	27.91	28.36	500.39	493.76	0.011	17.794	0.03	46.68	599.0	-0	85	101.8	0	0	1.0	111115
222	"07:16:36"	1061.5	-2.24	1.34	483	18.1	1.96	6	1	2.84	28.38	27.91	28.36	500.40	493.71	0.011	17.789	0.03	46.66	599.0	-0	84	101.8	0	0	0.7	111115
223	"07:16:38"	1062.5	-2.22	1.34	483	18.1	1.96	6	1	2.84	28.38	27.91	28.36	500.40	493.69	0.010	17.786	0.03	46.65	599.0	-0	84	101.8	0	0	0.7	111115
224	"07:16:39"	1063.0	-2.21	1.34	483	18.1	1.96	6	1	2.84	28.38	27.91	28.36	500.41	493.70	0.011	17.786	0.03	46.65	599.0	-0	84	101.8	0	0	0.7	111115
225	"07:16:40"	1065.0	-2.2	1.34	483	18.1	1.97	6	1	2.84	28.39	27.91	28.36	500.45	493.73	0.012	17.773	0.03	46.61	599.2	-0	84	101.8	0	0	0.7	111115
226	"07:16:41"	1066.0	-2.13	1.34	482	18.1	1.97	6	1	2.84	28.39	27.90	28.36	500.49	493.70	0.011	17.768	0.03	46.60	599.2	-0	84	101.8	0	0	0.7	111115
227	"07:16:42"	1067.5	-2.03	1.34	482	18.1	1.97	6	1	2.84	28.39	27.90	28.36	500.52	493.63	0.010	17.767	0.03	46.60	599.2	-0	83	101.8	0	0	0.7	111115
228	"07:16:44"	1068.5	-1.9	1.34	482	18	1.97	6	1	2.84	28.39	27.90	28.36	500.58	493.56	0.009	17.761	0.02	46.58	599.2	-0	83	101.8	0	0	0.7	111115
229	"07:16:45"	1070.0	-1.91	1.34	482	18	1.97	6	1	2.84	28.39	27.91	28.36	500.59	493.58	0.010	17.758	0.03	46.57	599.2	-0	83	101.8	0	0	0.7	111115
230	"07:16:46"	1071.0	-1.98	1.33	482	18	1.97	6	1	2.84	28.39	27.91	28.37	500.58	493.65	0.010	17.751	0.03	46.55	599.2	-0	83	101.8	0	0	0.7	111115
231	"07:16:47"	1072.5	-1.83	1.33	482	18	1.97	6	1	2.84	28.39	27.91	28.37	500.65	493.58	0.010	17.747	0.03	46.54	599.1	-0	83	101.8	0	0	0.7	111115
232	"07:16:49"	1073.5	-1.77	1.33	482	18	1.97	6	1	2.84	28.39	27.91	28.37	500.66	493.53	0.010	17.742	0.03	46.52	599.1	-0	82	101.8	0	0	0.7	111115
233	"07:16:50"	1075.0	-1.58	1.33	481	18	1.97	6	1	2.84	28.39	27.91	28.37	500.76	493.44	0.010	17.736	0.03	46.51	599.1	-0	82	101.8	0	0	0.7	111115
234	"07:16:51"	1076.0	-1.61	1.33	481	18	1.97	6	1	2.84	28.39	27.91	28.37	500.77	493.47	0.010	17.733	0.03	46.50	599.0	-0	82	101.8	0	0	0.7	111115
235	"07:16:52"	1077.5	-1.63	1.33	481	18	1.97	6	1	2.84	28.39	27.91	28.37	500.79	493.52	0.010	17.730	0.03	46.49	599.0	-0	82	101.8	0	0	1.0	111115
236	"07:16:54"	1078.5	-1.68	1.33	482	18	1.97	6	1	2.84	28.39	27.91	28.37	500.77	493.56	0.009	17.728	0.02	46.48	599.1	-0	82	101.8	0	0	1.0	111115
237	"07:16:55"	1080.0	-1.71	1.33	482	18	1.97	6	1	2.84	28.39	27.91	28.37	500.78	493.59	0.009	17.721	0.02	46.46	599.1	-0	82	101.8	0	0	1.0	111115
238	"07:16:56"	1081.0	-1.66	1.33	482	18	1.97	6	1	2.84	28.39	27.91	28.37	500.84	493.60	0.010	17.716	0.03	46.45	599.1	-0	81	101.8	0	0	1.0	111115
239	"07:16:57"	1082.5	-1.69	1.32	482	18	1.97	6	1	2.84	28.39	27.91	28.37	500.89	493.68	0.009	17.710	0.02	46.43	599.1	-0	81	101.8	0	0	1.0	111115
240	"07:16:59"	1083.5	-1.62	1.32	482	18	1.97	6	1	2.84	28.39	27.91	28.37	500.97	493.70	0.009	17.704	0.02	46.41	599.0	-0	81	101.8	0	0	1.0	111115
241	"07:17:00"	1085.0	-1.56	1.32	482	18	1.97	6	1	2.84	28.39	27.91	28.37	501.03	493.71	0.009	17.700	0.02	46.40	599.1	-0	81	101.8	0	0	1.0	111115
242	"07:17:01"	1086.0	-1.49	1.32	481	18	1.98	6	1	2.84	28.40	27.92	28.37	501.09	493.69	0.010	17.696	0.03	46.39	599.1	0	81	101.8	0	0	1.0	111115
243	"07:17:02"	1087.5	-1.52	1.32	481	18	1.98	6	1	2.84	28.40	27.92	28.37	501.08	493.72	0.010	17.689	0.03	46.37	599.1	0	80	101.8	0	0	1.0	111115
244	"07:17:04"	1088.5	-1.61	1.32	482	18	1.98	6	1	2.84	28.40	27.92	28.37	501.04	493.77	0.010	17.680	0.03	46.34	599.1	-0	80	101.8	0	0	1.0	111115
245	"07:17:05"	1090.0	-1.48	1.31	481	18	1.98	6	1	2.84	28.40	27.92	28.37	501.13	493.73	0.010	17.673	0.03	46.32	599.1	-0	80	101.8	0	0	1.0	111115
246	"07:17:06"	1091.0	-1.51	1.31	481	17.9	1.98	6	1	2.84	28.40	27.92	28.37	501.14	493.78	0.010	17.668	0.03	46.31	599.1	-0	80	101.8	0	0	0.7	111115
