"OPEN 5.3.2"
"Thr Aug  2 2018 10:06:14"
"Unit="	"PSC-895"
"ComputeList="	"/User/Configs/Comps/Default"
"BLCTable="	"/Sys/Lib/StdBLCTable"
"LightSource="	"Sun+Sky"	1	0.19
"LogFormat="	"/User/Configs/LogFormats/Std Output"
"LogCodes="	-35	-21	-36	30	23	36	21	25	-33	-34	-32	-9	-10	-8	-1	-2	-4	-5	-14	-15	-7	-12	-13	-11	-65	-66	-72	-23
"PromptList="	"/User/Configs/Prompts/Default (none)"
"Stability= (CO2S 15s SLP<1)(H2OS 15s SLP<1)(Flow 15s SLP<1)"
"10:06:17 cut. match post roots. tteststabe co2 at 500.flow 600. full scrub. match post "
$STARTOFDATA$
"Obs"	"HHMMSS"	"FTime"	"Photo"	"Cond"	"Ci"	"Trmmol"	"VpdL"	"Area"	"StmRat"	"BLCond"	"Tair"	"Tleaf"	"TBlk"	"CO2R"	"CO2S"	"H2OR"	"H2OS"	"RH_R"	"RH_S"	"Flow"	"PARi"	"PARo"	"Press"	"CsMch"	"HsMch"	"StableF"	"Status"
1	"10:10:18"	260.5	-18.4	0.511	558	10.8	2.43	6	1	2.84	35.37	34.68	35.39	499.33	512.16	20.133	30.638	35.50	54.02	600.0	-0	179	101.7	8.99	0.0819	0.3	111115
2	"10:10:19"	261.0	-18.4	0.512	558	10.8	2.43	6	1	2.84	35.37	34.68	35.39	499.26	512.16	20.135	30.649	35.51	54.05	600.0	-0	175	101.7	8.99	0.0819	0.3	111115
3	"10:10:20"	262.0	-18.6	0.512	558	10.9	2.43	6	1	2.84	35.37	34.68	35.39	499.08	512.15	20.137	30.656	35.51	54.06	600.0	-0	175	101.7	8.99	0.0819	0.3	111115
4	"10:10:21"	263.0	-18.6	0.513	558	10.9	2.43	6	1	2.84	35.37	34.68	35.39	499.08	512.15	20.137	30.657	35.51	54.07	600.0	-0	179	101.7	8.99	0.0819	0.3	111115
5	"10:10:22"	264.0	-18.6	0.513	558	10.9	2.43	6	1	2.84	35.36	34.67	35.39	499.20	512.20	20.141	30.659	35.52	54.08	599.9	-0	182	101.7	8.99	0.0819	0.3	111115
6	"10:10:23"	265.0	-18.4	0.513	557	10.8	2.43	6	1	2.84	35.36	34.67	35.39	499.38	512.20	20.144	30.662	35.53	54.09	599.9	-0	186	101.7	8.99	0.0819	0.3	111115
7	"10:10:24"	266.0	-17.9	0.513	556	10.8	2.43	6	1	2.84	35.36	34.67	35.38	499.73	512.04	20.146	30.658	35.54	54.09	599.9	-0	190	101.7	8.99	0.0819	0.7	111115
8	"10:10:25"	267.0	-17.6	0.513	555	10.8	2.43	6	1	2.84	35.36	34.67	35.38	500.02	512.07	20.151	30.662	35.56	54.10	599.9	-0	191	101.7	8.99	0.0819	0.7	111115
9	"10:10:26"	268.0	-17.5	0.514	554	10.8	2.43	6	1	2.84	35.35	34.67	35.38	500.16	512.12	20.155	30.671	35.57	54.13	600.0	-0	191	101.7	8.99	0.0819	1.0	111115
10	"10:10:27"	269.0	-17.6	0.514	554	10.9	2.43	6	1	2.84	35.35	34.66	35.38	500.16	512.17	20.158	30.675	35.58	54.14	600.0	-0	192	101.7	8.99	0.0819	1.0	111115
11	"10:10:28"	270.0	-17.6	0.515	555	10.9	2.42	6	1	2.84	35.35	34.66	35.37	500.23	512.29	20.160	30.680	35.59	54.16	600.0	-0	193	101.7	8.99	0.0819	1.0	111115
12	"10:10:29"	271.0	-17.6	0.515	555	10.8	2.42	6	1	2.84	35.35	34.65	35.37	500.27	512.29	20.163	30.680	35.60	54.17	600.0	-0	193	101.7	8.99	0.0819	1.0	111115
13	"10:10:30"	272.0	-17.3	0.515	554	10.8	2.42	6	1	2.84	35.34	34.65	35.37	500.38	512.15	20.166	30.674	35.61	54.16	600.0	-0	194	101.7	8.99	0.0819	1.0	111115
14	"10:10:31"	273.0	-16.9	0.515	552	10.8	2.42	6	1	2.84	35.34	34.65	35.37	500.62	511.99	20.171	30.678	35.62	54.18	600.0	0	194	101.7	8.99	0.0819	1.0	111115
15	"10:10:32"	274.0	-16.7	0.515	551	10.8	2.42	6	1	2.84	35.34	34.65	35.37	500.82	511.94	20.174	30.683	35.63	54.19	600.0	0	194	101.7	8.99	0.0819	1.0	111115
16	"10:10:33"	275.5	-16	0.515	548	10.8	2.42	6	1	2.84	35.34	34.64	35.36	501.20	511.65	20.180	30.687	35.65	54.22	600.0	0	195	101.7	8.99	0.0819	1.0	111115
17	"10:10:34"	276.5	-15.6	0.516	547	10.8	2.42	6	1	2.84	35.33	34.64	35.36	501.45	511.53	20.182	30.694	35.66	54.24	600.0	0	196	101.7	8.99	0.0819	0.7	111115
18	"10:10:35"	277.5	-15.1	0.516	545	10.8	2.42	6	1	2.84	35.33	34.64	35.36	501.75	511.35	20.186	30.694	35.67	54.25	600.0	-0	197	101.7	8.99	0.0819	0.7	111115
19	"10:10:36"	278.5	-14.7	0.517	543	10.8	2.41	6	1	2.84	35.33	34.63	35.36	502.01	511.13	20.190	30.699	35.69	54.26	600.0	-0	197	101.7	8.99	0.0819	0.7	111115
20	"10:10:37"	279.5	-14.3	0.518	542	10.8	2.41	6	1	2.84	35.32	34.62	35.35	502.26	511.01	20.193	30.705	35.70	54.28	600.0	-0	197	101.7	8.99	0.0819	0.7	111115
21	"10:10:38"	280.5	-13.7	0.518	539	10.8	2.41	6	1	2.84	35.32	34.62	35.35	502.56	510.72	20.198	30.709	35.71	54.29	600.0	-0	197	101.7	8.99	0.0819	0.7	111115
22	"10:10:39"	281.5	-13	0.519	537	10.8	2.41	6	1	2.84	35.32	34.62	35.35	502.85	510.34	20.200	30.712	35.72	54.30	600.0	-0	198	101.7	8.99	0.0819	0.7	111115
23	"10:10:40"	282.5	-12.2	0.519	533	10.9	2.41	6	1	2.84	35.32	34.61	35.35	503.24	509.90	20.204	30.721	35.73	54.33	600.0	-0	198	101.7	8.99	0.0819	0.7	111115
24	"10:10:41"	283.5	-11.4	0.52	530	10.9	2.4	6	1	2.84	35.31	34.61	35.34	503.65	509.50	20.207	30.729	35.74	54.35	600.0	-0	198	101.7	8.99	0.0819	0.7	111115
25	"10:10:42"	284.5	-10.7	0.521	527	10.9	2.4	6	1	2.84	35.31	34.61	35.34	503.89	509.10	20.211	30.742	35.75	54.38	600.0	-0	199	101.7	8.99	0.0819	0.7	111115
26	"10:10:44"	285.5	-10.4	0.521	526	10.9	2.4	6	1	2.84	35.31	34.61	35.34	503.98	508.88	20.217	30.744	35.77	54.39	600.0	-0	199	101.7	8.99	0.0819	0.7	111115
27	"10:10:45"	287.0	-10.2	0.522	525	10.9	2.4	6	1	2.84	35.31	34.60	35.33	503.73	508.40	20.222	30.755	35.78	54.42	600.0	-0	199	101.7	8.99	0.0819	0.7	111115
28	"10:10:46"	288.0	-9.99	0.524	524	10.9	2.4	6	1	2.84	35.30	34.60	35.33	503.60	508.07	20.226	30.771	35.80	54.46	600.0	-0	198	101.7	8.99	0.0819	0.7	111115
29	"10:10:47"	289.0	-9.72	0.525	522	10.9	2.39	6	1	2.84	35.30	34.59	35.33	503.56	507.74	20.229	30.787	35.81	54.49	600.0	-0	198	101.7	8.99	0.0819	0.7	111115
30	"10:10:48"	290.0	-9.06	0.528	519	10.9	2.39	6	1	2.84	35.30	34.59	35.33	503.74	507.26	20.233	30.817	35.82	54.56	600.0	-0	198	101.7	8.99	0.0819	0.7	111115
31	"10:10:49"	291.5	-9.6	0.53	521	10.9	2.38	6	1	2.84	35.29	34.59	35.32	503.33	507.37	20.238	30.845	35.84	54.62	600.0	-0	198	101.7	8.99	0.0819	0.7	111115
32	"10:10:50"	292.5	-9.16	0.531	519	11	2.38	6	1	2.84	35.29	34.58	35.32	503.45	507.05	20.242	30.860	35.85	54.65	600.0	-0	198	101.7	8.99	0.0819	0.7	111115
33	"10:10:51"	293.5	-8.74	0.531	518	11	2.38	6	1	2.84	35.29	34.58	35.32	503.56	506.75	20.246	30.860	35.86	54.66	600.0	-0	199	101.7	8.99	0.0819	0.7	111115
34	"10:10:53"	294.5	-8.62	0.531	517	10.9	2.38	6	1	2.84	35.29	34.58	35.32	503.60	506.67	20.251	30.861	35.87	54.67	600.0	0	199	101.7	8.99	0.0819	0.7	111115
35	"10:10:54"	296.0	-7.4	0.532	512	10.9	2.38	6	1	2.84	35.28	34.57	35.31	504.16	506.02	20.258	30.869	35.89	54.69	600.0	-0	200	101.7	8.99	0.0819	0.7	111115
36	"10:10:55"	297.0	-7.27	0.532	512	10.9	2.38	6	1	2.84	35.28	34.57	35.31	504.15	505.88	20.263	30.871	35.91	54.70	600.0	-0	200	101.7	8.99	0.0819	0.7	111115
37	"10:10:56"	298.0	-7.22	0.532	512	10.9	2.37	6	1	2.84	35.28	34.56	35.31	504.11	505.80	20.268	30.872	35.92	54.71	600.0	-0	201	101.7	8.99	0.0819	0.7	111115
38	"10:10:57"	299.0	-7.01	0.532	511	10.9	2.37	6	1	2.84	35.28	34.56	35.31	504.03	505.51	20.273	30.871	35.93	54.72	599.9	-0	201	101.7	8.99	0.0819	0.7	111115
39	"10:10:58"	300.0	-7.04	0.532	511	10.9	2.37	6	1	2.84	35.27	34.56	35.31	503.88	505.39	20.278	30.877	35.95	54.73	599.9	-0	202	101.7	8.99	0.0819	0.7	111115
40	"10:10:59"	301.5	30.4	0.534	345	10.9	2.37	6	1	2.84	35.27	34.55	35.30	501.01	465.54	20.289	30.897	35.97	54.78	599.5	-0	203	101.7	8.99	0.0819	0.7	111115
41	"10:11:00"	302.5	23.9	0.509	367	10.6	2.39	6	1	2.84	35.27	34.53	35.30	498.22	469.30	20.349	30.631	36.09	54.32	599.3	-0	203	101.7	8.99	0.0819	0.7	111115
42	"10:11:01"	303.5	39	0.493	292	10.4	2.4	6	1	2.84	35.26	34.51	35.30	495.98	452.20	20.388	30.449	36.16	54.01	599.2	-0	204	101.7	8.99	0.0819	0.7	111115
43	"10:11:03"	304.5	40.4	0.475	281	10.1	2.42	6	1	2.84	35.26	34.50	35.29	496.01	450.94	20.411	30.236	36.21	53.64	599.2	-0	205	101.7	8.99	0.0819	0.7	111115
44	"10:11:04"	306.0	57.8	0.469	200	10	2.43	6	1	2.84	35.26	34.50	35.29	499.93	437.65	20.439	30.169	36.26	53.53	599.6	0	206	101.7	8.99	0.0819	0.7	111115
45	"10:11:05"	307.0	69.3	0.487	156	10.3	2.41	6	1	2.84	35.26	34.50	35.29	502.37	428.58	20.397	30.365	36.20	53.88	599.6	0	207	101.7	8.99	0.0819	0.3	111115
46	"10:11:06"	308.5	93.7	0.486	43.4	10.2	2.4	6	1	2.84	35.25	34.49	35.29	504.18	406.22	20.418	30.352	36.24	53.87	599.6	-0	207	101.7	8.99	0.0819	0.3	111115
47	"10:11:08"	309.5	67.4	0.494	168	10.3	2.39	6	1	2.84	35.25	34.48	35.28	502.87	430.94	20.402	30.435	36.22	54.03	599.6	-0	208	101.7	8.99	0.0819	0.3	111115
48	"10:11:09"	311.0	39.3	0.486	295	10.2	2.4	6	1	2.84	35.25	34.47	35.28	501.85	457.89	20.441	30.360	36.29	53.90	599.7	-0	209	101.7	8.99	0.0819	0.3	111115
49	"10:11:10"	312.0	36.4	0.459	302	9.85	2.43	6	1	2.84	35.24	34.47	35.28	502.04	461.03	20.521	30.084	36.44	53.42	599.7	-0	210	101.7	8.99	0.0819	0.3	111115
50	"10:11:11"	313.0	21.6	0.444	372	9.63	2.44	6	1	2.84	35.24	34.47	35.28	502.55	476.38	20.580	29.929	36.55	53.15	599.7	-0	210	101.7	8.99	0.0819	0.0	111115
51	"10:11:12"	314.0	-4.02	0.444	499	9.63	2.44	6	1	2.84	35.24	34.47	35.28	502.60	501.79	20.590	29.933	36.57	53.17	599.7	-0	211	101.7	8.99	0.0819	0.3	111115
52	"10:11:13"	315.0	24.7	0.439	356	9.55	2.45	6	1	2.84	35.24	34.47	35.27	503.31	474.04	20.615	29.887	36.62	53.09	599.7	-0	212	101.7	8.99	0.0819	0.3	111115
53	"10:11:14"	316.0	28.9	0.462	339	9.86	2.42	6	1	2.84	35.23	34.47	35.27	502.78	469.20	20.564	30.137	36.53	53.54	599.7	-0	213	101.7	8.99	0.0819	0.3	111115
54	"10:11:15"	317.0	30.1	0.461	335	9.85	2.42	6	1	2.84	35.23	34.46	35.27	504.61	469.89	20.574	30.135	36.55	53.54	599.6	-0	213	101.7	8.99	0.0819	0.3	111115
55	"10:11:16"	318.0	57.5	0.442	195	9.57	2.44	6	1	2.84	35.23	34.45	35.27	505.62	443.80	20.640	29.928	36.68	53.18	599.6	-0	214	101.7	8.99	0.0819	0.3	111115
56	"10:11:17"	319.0	62.2	0.458	181	9.8	2.42	6	1	2.84	35.23	34.45	35.27	506.51	440.00	20.605	30.112	36.62	53.51	599.6	-0	216	101.6	8.99	0.0819	0.3	111115
57	"10:11:18"	320.0	29.4	0.399	326	8.92	2.48	6	1	2.84	35.23	34.44	35.27	508.26	474.57	20.787	29.453	36.94	52.34	599.6	-0	217	101.6	8.99	0.0819	0.3	111115
58	"10:11:19"	321.0	17.5	0.414	391	9.14	2.46	6	1	2.84	35.22	34.44	35.26	506.54	484.63	20.755	29.627	36.88	52.64	599.6	-0	218	101.6	8.99	0.0819	0.3	111115
"OPEN 5.3.2"
"Thr Aug  2 2018 10:17:03"
"Unit="	"PSC-895"
"ComputeList="	"/User/Configs/Comps/Default"
"BLCTable="	"/Sys/Lib/StdBLCTable"
"LightSource="	"Sun+Sky"	1	0.19
"LogFormat="	"/User/Configs/LogFormats/Std Output"
"LogCodes="	-35	-21	-36	30	23	36	21	25	-33	-34	-32	-9	-10	-8	-1	-2	-4	-5	-14	-15	-7	-12	-13	-11	-65	-66	-72	-23
"PromptList="	"/User/Configs/Prompts/Default (none)"
"Stability= (CO2S 15s SLP<1)(H2OS 15s SLP<1)(Flow 15s SLP<1)"
"10:17:26 apended after restart"
$STARTOFDATA$
"Obs"	"HHMMSS"	"FTime"	"Photo"	"Cond"	"Ci"	"Trmmol"	"VpdL"	"Area"	"StmRat"	"BLCond"	"Tair"	"Tleaf"	"TBlk"	"CO2R"	"CO2S"	"H2OR"	"H2OS"	"RH_R"	"RH_S"	"Flow"	"PARi"	"PARo"	"Press"	"CsMch"	"HsMch"	"StableF"	"Status"
1	"10:18:55"	128.5	-9.25	0.685	513	12	2.12	6	1	2.84	34.50	33.90	34.50	500.53	503.75	19.828	31.456	36.68	58.18	599.1	-0	148	101.6	5.83	-0.0915	0.7	111115
2	"10:19:08"	142.0	-9.6	0.668	515	11.8	2.12	6	1	2.84	34.50	33.90	34.49	500.56	504.23	20.035	31.444	37.07	58.18	599.2	-0	157	101.6	5.83	-0.0915	0.0	111115
3	"10:19:09"	143.0	-9.54	0.667	514	11.8	2.12	6	1	2.84	34.50	33.90	34.49	500.55	504.17	20.042	31.440	37.09	58.17	599.3	-0	184	101.6	5.83	-0.0915	0.0	111115
4	"10:19:10"	144.0	-9.87	0.667	515	11.8	2.12	6	1	2.84	34.50	33.90	34.49	500.26	504.20	20.048	31.445	37.10	58.19	599.2	-0	194	101.6	5.83	-0.0915	0.7	111115
5	"10:19:12"	145.5	-11.7	0.665	521	11.7	2.12	6	1	2.84	34.50	33.90	34.49	498.38	504.19	20.063	31.434	37.12	58.16	599.2	-0	202	101.6	5.83	-0.0915	1.0	111115
6	"10:19:13"	146.5	-14.1	0.665	527	11.7	2.12	6	1	2.84	34.50	33.90	34.48	495.99	504.15	20.076	31.436	37.15	58.17	599.2	-0	216	101.6	5.83	-0.0915	1.0	111115
7	"10:19:14"	148.0	-18.2	0.661	539	11.7	2.12	6	1	2.84	34.50	33.90	34.48	491.70	504.05	20.098	31.421	37.19	58.14	599.1	-0	208	101.6	5.83	-0.0915	0.3	111115
8	"10:19:15"	149.0	-20.3	0.66	545	11.7	2.12	6	1	2.84	34.50	33.90	34.48	489.48	503.94	20.111	31.418	37.22	58.14	599.1	-0	192	101.6	5.83	-0.0915	0.3	111115
9	"10:19:17"	150.5	-21.7	0.657	549	11.6	2.12	6	1	2.84	34.50	33.91	34.48	487.67	503.56	20.129	31.412	37.25	58.13	599.1	-0	161	101.6	5.83	-0.0915	0.3	111115
10	"10:19:18"	151.5	-21.7	0.655	549	11.6	2.12	6	1	2.84	34.49	33.91	34.48	487.20	503.06	20.141	31.398	37.28	58.11	599.1	-0	157	101.6	5.83	-0.0915	0.3	111115
11	"10:19:19"	152.5	-21.3	0.651	547	11.6	2.13	6	1	2.84	34.49	33.91	34.48	487.00	502.51	20.154	31.375	37.30	58.07	599.0	-0	169	101.6	5.83	-0.0915	0.3	111115
12	"10:19:20"	154.0	-20.6	0.645	545	11.5	2.13	6	1	2.84	34.49	33.91	34.48	486.92	501.79	20.174	31.332	37.34	57.99	599.1	-0	189	101.6	5.83	-0.0915	0.3	111115
13	"10:19:21"	155.0	-20.1	0.641	543	11.5	2.13	6	1	2.84	34.49	33.91	34.48	486.85	501.21	20.187	31.301	37.37	57.94	599.0	-0	197	101.6	5.83	-0.0915	0.3	111115
14	"10:19:22"	156.0	-19.7	0.637	542	11.4	2.14	6	1	2.84	34.49	33.91	34.48	486.80	500.80	20.200	31.279	37.39	57.90	599.0	-0	197	101.6	5.83	-0.0915	0.3	111115
15	"10:19:24"	157.5	-19	0.632	539	11.4	2.14	6	1	2.84	34.49	33.91	34.48	486.69	499.98	20.218	31.243	37.42	57.83	599.0	-0	196	101.6	5.83	-0.0915	0.3	111115
16	"10:19:25"	158.5	-18.5	0.629	538	11.3	2.14	6	1	2.84	34.49	33.91	34.48	486.67	499.56	20.231	31.223	37.45	57.80	599.0	-0	193	101.6	5.83	-0.0915	0.7	111115
17	"10:19:26"	159.5	-18	0.626	536	11.3	2.14	6	1	2.84	34.49	33.91	34.48	486.69	499.04	20.243	31.206	37.47	57.77	599.1	-0	192	101.6	5.83	-0.0915	0.7	111115
18	"10:19:27"	161.0	-17.3	0.623	534	11.3	2.15	6	1	2.84	34.49	33.92	34.48	486.65	498.39	20.261	31.187	37.51	57.73	599.1	-0	190	101.6	5.83	-0.0915	0.7	111115
19	"10:19:28"	162.0	-16.9	0.62	532	11.2	2.15	6	1	2.84	34.49	33.92	34.48	486.63	497.97	20.273	31.171	37.53	57.70	599.1	-0	190	101.6	5.83	-0.0915	0.3	111115
20	"10:19:29"	163.0	-16.6	0.618	531	11.2	2.15	6	1	2.84	34.49	33.92	34.48	486.61	497.65	20.284	31.160	37.55	57.68	599.2	-0	190	101.6	5.83	-0.0915	0.3	111115
21	"10:19:31"	164.5	-16	0.614	529	11.2	2.15	6	1	2.84	34.49	33.92	34.48	486.64	497.08	20.303	31.142	37.58	57.65	599.3	-0	190	101.6	5.83	-0.0915	0.3	111115
22	"10:19:32"	165.5	-15.4	0.614	526	11.2	2.15	6	1	2.84	34.49	33.92	34.48	486.74	496.57	20.314	31.140	37.60	57.64	599.2	-0	191	101.6	5.83	-0.0915	0.3	111115
23	"10:19:33"	166.5	-14.2	0.613	523	11.1	2.15	6	1	2.84	34.49	33.92	34.48	487.50	496.17	20.325	31.136	37.62	57.64	599.1	-0	193	101.6	5.83	-0.0915	0.3	111115
24	"10:19:34"	168.0	-10.4	0.611	510	11.1	2.15	6	1	2.84	34.49	33.92	34.48	490.53	495.45	20.343	31.134	37.66	57.63	598.9	-0	195	101.6	5.83	-0.0915	0.3	111115
25	"10:19:35"	169.0	-7.47	0.609	501	11.1	2.16	6	1	2.84	34.49	33.92	34.48	493.24	495.21	20.356	31.128	37.68	57.62	598.9	-0	196	101.6	5.83	-0.0915	0.7	111115
26	"10:19:37"	170.5	-3.51	0.607	489	11.1	2.16	6	1	2.84	34.49	33.92	34.48	497.08	495.10	20.375	31.124	37.72	57.61	599.1	-0	196	101.6	5.83	-0.0915	0.7	111115
27	"10:19:38"	172.0	-1.67	0.605	483	11.1	2.16	6	1	2.84	34.49	33.93	34.48	498.86	495.05	20.393	31.117	37.75	57.60	599.1	-0	196	101.6	5.83	-0.0915	0.7	111115
28	"10:19:39"	173.0	-1.28	0.604	482	11	2.16	6	1	2.84	34.49	33.93	34.48	499.34	495.14	20.403	31.123	37.77	57.61	599.1	-0	197	101.6	5.83	-0.0915	0.7	111115
29	"10:19:41"	174.5	-1.09	0.602	482	11	2.16	6	1	2.84	34.49	33.93	34.48	499.67	495.29	20.419	31.115	37.80	57.59	599.1	-0	198	101.6	5.83	-0.0915	0.7	111115
30	"10:19:42"	175.5	-1.16	0.602	482	11	2.16	6	1	2.84	34.49	33.93	34.48	499.78	495.48	20.429	31.117	37.81	57.60	599.1	-0	199	101.6	5.83	-0.0915	0.7	111115
31	"10:19:43"	176.5	-1.34	0.601	483	11	2.16	6	1	2.84	34.49	33.93	34.47	499.90	495.78	20.441	31.115	37.83	57.59	599.1	-0	201	101.6	5.83	-0.0915	0.7	111115
32	"10:19:44"	178.0	-1.65	0.6	484	11	2.16	6	1	2.84	34.49	33.93	34.47	499.93	496.12	20.457	31.113	37.86	57.59	599.1	-0	204	101.6	5.83	-0.0915	0.7	111115
33	"10:19:45"	179.0	-2.07	0.6	486	11	2.16	6	1	2.84	34.49	33.93	34.47	499.98	496.60	20.468	31.118	37.88	57.60	599.1	-0	205	101.6	5.83	-0.0915	0.7	111115
34	"10:19:46"	180.0	-2.4	0.599	487	11	2.16	6	1	2.84	34.49	33.93	34.47	500.00	496.95	20.479	31.119	37.90	57.60	599.1	-0	206	101.6	5.83	-0.0915	0.7	111115
35	"10:19:48"	181.5	-2.9	0.598	490	11	2.16	6	1	2.84	34.49	33.93	34.48	500.00	497.45	20.495	31.120	37.93	57.59	599.2	-0	207	101.6	5.83	-0.0915	1.0	111115
36	"10:19:49"	182.5	-3.11	0.597	490	10.9	2.16	6	1	2.84	34.50	33.93	34.48	499.98	497.65	20.505	31.112	37.95	57.58	599.1	-0	209	101.6	5.83	-0.0915	0.7	111115
37	"10:19:50"	183.5	-3.46	0.597	492	10.9	2.16	6	1	2.84	34.50	33.92	34.48	499.97	497.99	20.515	31.114	37.97	57.58	599.1	-0	210	101.6	5.83	-0.0915	0.7	111115
38	"10:19:51"	185.0	-3.94	0.595	494	10.9	2.16	6	1	2.84	34.50	33.92	34.48	499.95	498.45	20.532	31.116	38.00	57.58	599.0	-0	213	101.6	5.83	-0.0915	0.7	111115
39	"10:19:52"	186.0	-4.33	0.595	495	10.9	2.16	6	1	2.84	34.50	33.93	34.48	499.96	498.86	20.544	31.120	38.02	57.59	599.0	-0	219	101.6	5.83	-0.0915	0.7	111115
40	"10:19:53"	187.0	-4.58	0.594	496	10.9	2.16	6	1	2.84	34.49	33.93	34.48	499.99	499.13	20.554	31.124	38.04	57.60	599.0	-0	224	101.6	5.83	-0.0915	0.7	111115
41	"10:19:55"	188.5	-5.04	0.595	498	10.9	2.16	6	1	2.84	34.49	33.93	34.47	500.00	499.60	20.569	31.134	38.07	57.62	599.0	-0	224	101.6	5.83	-0.0915	0.7	111115
42	"10:19:56"	189.5	-5.21	0.595	499	10.9	2.15	6	1	2.84	34.49	33.92	34.47	500.05	499.82	20.579	31.141	38.09	57.64	599.0	-0	220	101.6	5.83	-0.0915	0.7	111115
43	"10:19:57"	190.5	-5.35	0.596	500	10.9	2.15	6	1	2.84	34.49	33.92	34.47	500.08	499.98	20.589	31.148	38.11	57.65	599.1	-0	215	101.6	5.83	-0.0915	0.7	111115
44	"10:19:58"	192.0	-5.42	0.595	500	10.9	2.15	6	1	2.84	34.49	33.92	34.47	500.07	500.06	20.605	31.155	38.14	57.66	599.1	-0	216	101.6	5.83	-0.0915	0.7	111115
45	"10:19:59"	193.0	-5.7	0.595	501	10.9	2.15	6	1	2.84	34.49	33.92	34.47	500.07	500.34	20.616	31.160	38.16	57.67	599.2	-0	216	101.6	5.83	-0.0915	0.7	111115
46	"10:20:00"	194.0	-6.06	0.595	503	10.9	2.15	6	1	2.84	34.49	33.92	34.47	499.99	500.61	20.626	31.163	38.18	57.68	599.2	-0	216	101.6	5.83	-0.0915	0.7	111115
47	"10:20:02"	195.5	-6.33	0.595	504	10.9	2.15	6	1	2.84	34.49	33.92	34.47	499.96	500.85	20.641	31.170	38.21	57.70	599.2	-0	218	101.6	5.83	-0.0915	0.7	111115
48	"10:20:03"	196.5	-6.62	0.593	505	10.8	2.15	6	1	2.84	34.49	33.92	34.47	499.93	501.13	20.652	31.160	38.23	57.68	599.1	-0	220	101.6	5.83	-0.0915	0.7	111115
49	"10:20:04"	197.5	-6.67	0.592	505	10.8	2.15	6	1	2.84	34.49	33.92	34.47	499.93	501.18	20.662	31.162	38.25	57.69	599.1	-0	220	101.6	5.83	-0.0915	0.7	111115
50	"10:20:05"	199.0	-6.94	0.591	506	10.8	2.15	6	1	2.84	34.49	33.92	34.47	499.98	501.51	20.678	31.160	38.28	57.69	599.1	-0	221	101.6	5.83	-0.0915	0.7	111115
51	"10:20:06"	200.0	-7	0.591	507	10.8	2.15	6	1	2.84	34.49	33.92	34.47	499.99	501.57	20.688	31.163	38.30	57.69	599.0	-0	220	101.6	5.83	-0.0915	0.7	111115
52	"10:20:07"	201.0	-7.2	0.591	507	10.8	2.15	6	1	2.84	34.49	33.92	34.47	499.99	501.78	20.696	31.168	38.32	57.70	599.0	-0	222	101.6	5.83	-0.0915	0.7	111115
53	"10:20:09"	202.5	-7.46	0.59	508	10.8	2.15	6	1	2.84	34.49	33.92	34.47	499.97	502.03	20.709	31.167	38.34	57.70	599.0	-0	224	101.6	5.83	-0.0915	0.7	111115
54	"10:20:10"	203.5	-7.43	0.59	508	10.8	2.15	6	1	2.84	34.49	33.91	34.47	500.01	502.03	20.718	31.171	38.36	57.71	599.0	-0	226	101.6	5.83	-0.0915	0.7	111115
55	"10:20:11"	204.5	-7.6	0.59	509	10.8	2.15	6	1	2.84	34.49	33.91	34.47	500.02	502.21	20.728	31.177	38.38	57.73	599.0	-0	227	101.6	5.83	-0.0915	0.7	111115
56	"10:20:12"	206.0	-7.7	0.588	510	10.7	2.15	6	1	2.84	34.49	33.92	34.47	500.01	502.32	20.744	31.174	38.41	57.72	599.0	-0	228	101.6	5.83	-0.0915	0.7	111115
57	"10:20:13"	207.0	-7.79	0.587	510	10.7	2.15	6	1	2.84	34.48	33.92	34.47	500.00	502.40	20.755	31.171	38.43	57.72	599.1	-0	227	101.6	5.83	-0.0915	0.7	111115
58	"10:20:14"	208.0	-7.78	0.586	510	10.7	2.15	6	1	2.84	34.48	33.92	34.47	500.02	502.42	20.766	31.165	38.45	57.71	599.1	-0	225	101.6	5.83	-0.0915	0.7	111115
59	"10:20:16"	209.5	-7.9	0.585	510	10.7	2.15	6	1	2.84	34.48	33.92	34.47	500.01	502.53	20.781	31.168	38.48	57.72	599.1	-0	226	101.6	5.83	-0.0915	0.7	111115
60	"10:20:17"	210.5	-8.08	0.584	511	10.7	2.15	6	1	2.84	34.48	33.92	34.47	500.03	502.74	20.791	31.171	38.50	57.72	599.2	-0	226	101.6	5.83	-0.0915	0.7	111115
61	"10:20:18"	211.5	-8.21	0.584	512	10.7	2.15	6	1	2.84	34.48	33.92	34.47	500.02	502.86	20.799	31.171	38.52	57.73	599.2	-0	227	101.6	5.83	-0.0915	0.7	111115
62	"10:20:19"	213.0	-8.17	0.581	512	10.7	2.15	6	1	2.84	34.48	33.92	34.47	500.00	502.82	20.812	31.152	38.54	57.69	599.2	-0	228	101.6	5.83	-0.0915	0.7	111115
63	"10:20:20"	214.0	-8.26	0.58	512	10.6	2.15	6	1	2.84	34.48	33.92	34.47	499.97	502.89	20.820	31.147	38.56	57.69	599.2	-0	229	101.6	5.83	-0.0915	0.7	111115
64	"10:20:21"	215.0	-8.17	0.579	512	10.6	2.15	6	1	2.84	34.48	33.92	34.47	500.00	502.83	20.830	31.141	38.58	57.68	599.1	-0	229	101.6	5.83	-0.0915	0.7	111115
65	"10:20:23"	216.5	-8.28	0.577	512	10.6	2.15	6	1	2.84	34.48	33.92	34.46	500.02	502.97	20.845	31.137	38.61	57.67	599.1	-0	231	101.6	5.83	-0.0915	0.7	111115
66	"10:20:24"	217.5	-8.25	0.577	512	10.6	2.15	6	1	2.84	34.48	33.92	34.46	500.06	502.99	20.855	31.148	38.63	57.69	599.1	-0	232	101.6	5.83	-0.0915	0.7	111115
67	"10:20:25"	218.5	-8.26	0.577	512	10.6	2.15	6	1	2.84	34.48	33.92	34.46	500.09	503.03	20.866	31.150	38.65	57.69	599.1	-0	232	101.6	5.83	-0.0915	0.7	111115
68	"10:20:26"	220.0	-8.33	0.577	513	10.6	2.15	6	1	2.84	34.48	33.92	34.46	500.14	503.15	20.879	31.156	38.67	57.71	599.1	-0	233	101.6	5.83	-0.0915	0.7	111115
69	"10:20:27"	221.0	-8.24	0.576	512	10.6	2.15	6	1	2.84	34.48	33.92	34.46	500.14	503.06	20.888	31.159	38.69	57.71	599.1	-0	233	101.6	5.83	-0.0915	0.7	111115
70	"10:20:28"	222.0	-8.28	0.576	513	10.6	2.15	6	1	2.84	34.48	33.92	34.46	500.12	503.08	20.897	31.163	38.71	57.72	599.1	-0	234	101.6	5.83	-0.0915	0.7	111115
71	"10:20:30"	223.5	-8.41	0.576	513	10.6	2.15	6	1	2.84	34.48	33.93	34.46	500.05	503.14	20.911	31.183	38.73	57.76	599.1	-0	234	101.6	5.83	-0.0915	0.7	111115
72	"10:20:31"	224.5	-8.35	0.575	513	10.6	2.15	6	1	2.84	34.48	33.93	34.46	500.05	503.09	20.920	31.178	38.75	57.75	599.1	-0	235	101.6	5.83	-0.0915	0.7	111115
73	"10:20:32"	225.5	-8.38	0.575	513	10.6	2.15	6	1	2.84	34.48	33.93	34.46	500.08	503.14	20.928	31.181	38.76	57.75	599.1	-0	235	101.6	5.83	-0.0915	0.7	111115
74	"10:20:33"	227.0	-8.33	0.572	513	10.5	2.16	6	1	2.84	34.48	33.93	34.46	500.15	503.18	20.941	31.168	38.79	57.73	599.1	-0	236	101.6	5.83	-0.0915	0.7	111115
75	"10:20:34"	228.0	-8.18	0.572	512	10.5	2.16	6	1	2.84	34.48	33.93	34.46	500.16	503.04	20.949	31.168	38.80	57.73	599.1	-0	236	101.6	5.83	-0.0915	0.7	111115
76	"10:20:35"	229.0	-8.25	0.571	513	10.5	2.16	6	1	2.84	34.48	33.93	34.46	500.15	503.11	20.957	31.168	38.82	57.73	599.1	-0	237	101.6	5.83	-0.0915	0.7	111115
77	"10:20:37"	230.5	-8.42	0.57	513	10.5	2.16	6	1	2.84	34.48	33.94	34.46	500.04	503.18	20.972	31.165	38.84	57.73	599.1	-0	238	101.6	5.83	-0.0915	1.0	111115
78	"10:20:38"	231.5	-8.45	0.569	513	10.5	2.16	6	1	2.84	34.48	33.94	34.46	500.01	503.18	20.981	31.167	38.86	57.73	599.1	-0	238	101.6	5.83	-0.0915	1.0	111115
79	"10:20:39"	233.0	-8.53	0.568	514	10.5	2.16	6	1	2.84	34.48	33.94	34.46	500.04	503.29	20.995	31.171	38.89	57.73	599.0	-0	239	101.6	5.83	-0.0915	1.0	111115
80	"10:20:40"	234.0	-8.49	0.568	514	10.5	2.16	6	1	2.84	34.48	33.94	34.46	500.08	503.30	21.005	31.178	38.90	57.74	599.0	-0	239	101.6	5.83	-0.0915	1.0	111115
81	"10:20:41"	235.0	-8.44	0.568	514	10.5	2.16	6	1	2.84	34.48	33.94	34.46	500.13	503.31	21.013	31.179	38.92	57.74	599.0	-0	239	101.6	5.83	-0.0915	1.0	111115
82	"10:20:43"	236.5	-8.46	0.567	514	10.5	2.16	6	1	2.84	34.48	33.94	34.46	500.14	503.34	21.024	31.179	38.94	57.74	599.0	-0	240	101.6	5.83	-0.0915	1.0	111115
83	"10:20:44"	237.5	-8.48	0.567	514	10.5	2.15	6	1	2.84	34.48	33.94	34.46	500.17	503.38	21.033	31.180	38.95	57.75	599.0	-0	240	101.6	5.83	-0.0915	0.7	111115
84	"10:20:45"	238.5	-8.4	0.566	514	10.4	2.16	6	1	2.84	34.48	33.94	34.46	500.16	503.31	21.041	31.178	38.97	57.74	599.0	-0	240	101.6	5.83	-0.0915	0.7	111115
85	"10:20:46"	240.0	-8.16	0.565	513	10.4	2.16	6	1	2.84	34.48	33.94	34.46	500.21	503.12	21.057	31.181	39.00	57.74	599.0	-0	241	101.6	5.83	-0.0915	1.0	111115
86	"10:20:47"	241.0	-8.06	0.564	512	10.4	2.16	6	1	2.84	34.48	33.95	34.46	500.17	503.00	21.065	31.182	39.01	57.75	599.1	-0	241	101.6	5.83	-0.0915	1.0	111115
87	"10:20:49"	242.0	-8.13	0.564	512	10.4	2.16	6	1	2.84	34.48	33.94	34.46	500.09	502.99	21.075	31.186	39.03	57.75	599.1	-0	242	101.6	5.83	-0.0915	1.0	111115
88	"10:20:50"	243.5	-8.29	0.563	513	10.4	2.16	6	1	2.84	34.48	33.94	34.46	500.06	503.12	21.088	31.184	39.05	57.75	599.1	-0	242	101.6	5.83	-0.0915	1.0	111115
89	"10:20:51"	244.5	-8.3	0.563	513	10.4	2.16	6	1	2.84	34.48	33.94	34.46	500.11	503.18	21.096	31.182	39.07	57.75	599.1	-0	243	101.6	5.83	-0.0915	1.0	111115
90	"10:20:52"	245.5	-8.39	0.562	514	10.4	2.16	6	1	2.84	34.48	33.94	34.46	500.12	503.29	21.105	31.182	39.08	57.75	599.1	-0	243	101.6	5.83	-0.0915	1.0	111115
91	"10:20:53"	247.0	-8.29	0.561	513	10.4	2.16	6	1	2.84	34.48	33.94	34.46	500.16	503.23	21.118	31.187	39.11	57.76	599.1	-0	244	101.6	5.83	-0.0915	1.0	111115
92	"10:20:54"	248.0	-8.39	0.561	514	10.4	2.16	6	1	2.84	34.48	33.94	34.46	500.11	503.28	21.126	31.193	39.12	57.77	599.1	-0	244	101.6	5.83	-0.0915	1.0	111115
93	"10:20:55"	249.0	-8.4	0.561	514	10.4	2.16	6	1	2.84	34.48	33.95	34.46	500.03	503.22	21.135	31.196	39.14	57.77	599.1	-0	245	101.6	5.83	-0.0915	1.0	111115
94	"10:20:57"	250.5	-8.52	0.56	514	10.4	2.16	6	1	2.84	34.48	33.95	34.46	499.98	503.30	21.149	31.194	39.16	57.77	599.1	-0	246	101.6	5.83	-0.0915	1.0	111115
95	"10:20:58"	251.5	-8.44	0.56	514	10.4	2.16	6	1	2.84	34.48	33.94	34.46	500.02	503.25	21.157	31.197	39.18	57.77	599.2	-0	246	101.6	5.83	-0.0915	1.0	111115
96	"10:20:59"	252.5	-8.35	0.56	513	10.3	2.16	6	1	2.84	34.48	33.94	34.46	500.02	503.16	21.161	31.198	39.19	57.78	599.3	-0	247	101.6	5.83	-0.0915	1.0	111115
97	"10:21:00"	254.0	-8.31	0.559	514	10.3	2.16	6	1	2.84	34.48	33.94	34.46	500.14	503.26	21.178	31.198	39.22	57.77	599.3	-0	248	101.6	5.83	-0.0915	1.0	111115
98	"10:21:01"	255.0	-8.21	0.558	513	10.3	2.16	6	1	2.84	34.48	33.95	34.46	500.18	503.20	21.186	31.199	39.23	57.77	599.2	-0	249	101.6	5.83	-0.0915	1.0	111115
99	"10:21:02"	256.0	-8.26	0.557	513	10.3	2.16	6	1	2.84	34.48	33.95	34.46	500.21	503.29	21.193	31.197	39.24	57.77	599.0	-0	250	101.6	5.83	-0.0915	1.0	111115
100	"10:21:04"	257.5	-8.22	0.556	513	10.3	2.16	6	1	2.84	34.48	33.95	34.46	500.27	503.30	21.205	31.200	39.27	57.77	599.0	-0	250	101.6	5.83	-0.0915	1.0	111115
101	"10:21:05"	258.5	-8.17	0.556	513	10.3	2.16	6	1	2.84	34.48	33.95	34.46	500.23	503.22	21.213	31.202	39.28	57.78	599.0	-0	250	101.6	5.83	-0.0915	1.0	111115
102	"10:21:06"	259.5	-8.24	0.555	513	10.3	2.16	6	1	2.84	34.49	33.95	34.46	500.17	503.24	21.222	31.199	39.30	57.77	599.0	-0	251	101.6	5.83	-0.0915	1.0	111115
103	"10:21:07"	261.0	-8.15	0.554	513	10.3	2.16	6	1	2.84	34.49	33.96	34.46	500.12	503.10	21.235	31.202	39.32	57.77	599.0	-0	251	101.6	5.83	-0.0915	1.0	111115
104	"10:21:08"	262.0	-8.29	0.553	514	10.3	2.16	6	1	2.84	34.49	33.96	34.46	500.02	503.15	21.244	31.199	39.34	57.77	599.0	-0	251	101.6	5.83	-0.0915	1.0	111115
105	"10:21:10"	263.5	-8.26	0.552	513	10.2	2.16	6	1	2.84	34.49	33.96	34.46	500.03	503.14	21.258	31.199	39.36	57.77	599.1	-0	251	101.6	5.83	-0.0915	1.0	111115
106	"10:21:11"	264.5	-8.3	0.551	514	10.2	2.16	6	1	2.84	34.49	33.97	34.46	500.07	503.23	21.266	31.198	39.37	57.76	599.0	-0	251	101.6	5.83	-0.0915	1.0	111115
107	"10:21:12"	265.5	-8.32	0.55	514	10.2	2.16	6	1	2.84	34.49	33.97	34.46	500.05	503.23	21.273	31.199	39.39	57.76	599.0	-0	251	101.6	5.83	-0.0915	1.0	111115
108	"10:21:13"	267.0	-8.35	0.55	514	10.2	2.16	6	1	2.84	34.49	33.97	34.46	500.04	503.25	21.282	31.207	39.40	57.78	599.1	-0	252	101.6	5.83	-0.0915	1.0	111115
109	"10:21:14"	268.0	-8.26	0.549	514	10.2	2.16	6	1	2.84	34.49	33.97	34.46	500.10	503.22	21.291	31.205	39.42	57.77	599.1	-0	252	101.6	5.83	-0.0915	1.0	111115
110	"10:21:16"	269.5	-8.18	0.549	513	10.2	2.16	6	1	2.84	34.49	33.97	34.46	500.10	503.14	21.304	31.214	39.44	57.79	599.1	-0	252	101.6	5.83	-0.0915	1.0	111115
111	"10:21:17"	270.5	-8.17	0.548	513	10.2	2.16	6	1	2.84	34.49	33.98	34.46	500.12	503.16	21.312	31.207	39.45	57.77	599.1	-0	252	101.6	5.83	-0.0915	1.0	111115
112	"10:21:18"	271.0	-8.16	0.548	513	10.2	2.16	6	1	2.84	34.49	33.98	34.46	500.13	503.17	21.315	31.210	39.46	57.78	599.1	-0	252	101.6	5.83	-0.0915	1.0	111115
113	"10:21:19"	273.0	-8.15	0.547	513	10.2	2.16	6	1	2.84	34.49	33.98	34.46	500.22	503.24	21.330	31.218	39.48	57.79	599.1	-0	252	101.6	5.83	-0.0915	1.0	111115
114	"10:21:20"	273.5	-8.23	0.547	514	10.2	2.16	6	1	2.84	34.49	33.98	34.46	500.20	503.31	21.333	31.220	39.49	57.79	599.1	-0	252	101.6	5.83	-0.0915	1.0	111115
115	"10:21:22"	274.5	-8.19	0.546	514	10.2	2.16	6	1	2.84	34.49	33.98	34.46	500.19	503.26	21.341	31.222	39.50	57.79	599.1	-0	252	101.6	5.83	-0.0915	1.0	111115
116	"10:21:23"	276.5	-8.52	0.546	515	10.2	2.17	6	1	2.84	34.49	33.99	34.47	500.05	503.45	21.355	31.230	39.52	57.80	599.0	-0	252	101.6	5.83	-0.0915	1.0	111115
117	"10:21:24"	277.0	-8.49	0.545	515	10.2	2.17	6	1	2.84	34.49	33.99	34.47	500.07	503.45	21.359	31.231	39.53	57.80	599.0	-0	252	101.6	5.83	-0.0915	1.0	111115
118	"10:21:25"	279.0	-8.16	0.545	514	10.2	2.17	6	1	2.84	34.50	33.99	34.47	500.22	503.27	21.375	31.234	39.56	57.80	599.1	-0	251	101.6	5.83	-0.0915	1.0	111115
119	"10:21:26"	279.5	-8.06	0.545	513	10.2	2.16	6	1	2.84	34.50	33.99	34.47	500.25	503.21	21.380	31.238	39.57	57.81	599.0	-0	251	101.6	5.83	-0.0915	1.0	111115
120	"10:21:27"	280.5	-7.99	0.544	513	10.1	2.17	6	1	2.84	34.50	33.99	34.47	500.24	503.13	21.387	31.233	39.58	57.80	599.1	-0	250	101.6	5.83	-0.0915	1.0	111115
121	"10:21:28"	281.5	-7.96	0.543	513	10.1	2.17	6	1	2.84	34.50	33.99	34.47	500.24	503.11	21.392	31.234	39.59	57.80	599.1	-0	250	101.6	5.83	-0.0915	1.0	111115
122	"10:21:30"	283.5	-7.91	0.543	513	10.1	2.17	6	1	2.84	34.50	33.99	34.47	500.25	503.07	21.405	31.240	39.61	57.81	599.1	-0	249	101.6	5.83	-0.0915	1.0	111115
123	"10:21:31"	284.0	-7.87	0.543	512	10.1	2.16	6	1	2.84	34.50	33.99	34.47	500.27	503.04	21.408	31.245	39.61	57.81	599.1	-0	249	101.6	5.83	-0.0915	1.0	111115
124	"10:21:32"	285.0	-7.74	0.543	512	10.1	2.17	6	1	2.84	34.50	33.99	34.47	500.32	502.96	21.414	31.247	39.62	57.82	599.1	-0	249	101.6	5.83	-0.0915	1.0	111115
125	"10:21:33"	286.0	-7.86	0.543	512	10.1	2.17	6	1	2.84	34.50	34.00	34.47	500.32	503.09	21.422	31.249	39.64	57.82	599.1	-0	248	101.6	5.83	-0.0915	1.0	111115
126	"10:21:34"	288.0	-7.89	0.542	513	10.1	2.17	6	1	2.84	34.50	34.00	34.47	500.31	503.11	21.435	31.257	39.66	57.83	599.2	-0	247	101.6	5.83	-0.0915	1.0	111115
127	"10:21:35"	289.0	-7.99	0.542	513	10.1	2.17	6	1	2.84	34.50	34.01	34.47	500.29	503.19	21.442	31.262	39.67	57.83	599.1	-0	246	101.6	5.83	-0.0915	1.0	111115
128	"10:21:37"	290.5	-7.89	0.541	513	10.1	2.17	6	1	2.84	34.50	34.01	34.47	500.30	503.10	21.450	31.266	39.68	57.84	599.1	-0	244	101.6	5.83	-0.0915	1.0	111115
129	"10:21:38"	291.5	-7.97	0.54	513	10.1	2.17	6	1	2.84	34.50	34.01	34.47	500.29	503.18	21.458	31.264	39.69	57.83	599.1	-0	244	101.6	5.83	-0.0915	1.0	111115
130	"10:21:39"	293.0	-8.06	0.54	513	10.1	2.17	6	1	2.84	34.51	34.01	34.47	500.29	503.28	21.468	31.267	39.71	57.83	599.2	-0	243	101.6	5.83	-0.0915	1.0	111115
131	"10:21:40"	294.0	-8.03	0.539	513	10.1	2.17	6	1	2.84	34.51	34.01	34.47	500.27	503.23	21.474	31.266	39.72	57.83	599.1	-0	242	101.6	5.83	-0.0915	1.0	111115
132	"10:21:42"	295.5	-8.08	0.539	513	10.1	2.17	6	1	2.84	34.51	34.01	34.47	500.24	503.25	21.484	31.268	39.73	57.83	599.1	-0	242	101.6	5.83	-0.0915	1.0	111115
133	"10:21:43"	296.0	-8.16	0.538	514	10.1	2.17	6	1	2.84	34.51	34.01	34.47	500.21	503.30	21.487	31.266	39.74	57.82	599.1	-0	241	101.6	5.83	-0.0915	1.0	111115
134	"10:21:44"	298.0	-8.11	0.537	514	10.1	2.17	6	1	2.84	34.51	34.01	34.48	500.29	503.34	21.500	31.267	39.76	57.82	599.0	-0	237	101.6	5.83	-0.0915	1.0	111115
135	"10:21:45"	299.0	-8.01	0.538	513	10.1	2.17	6	1	2.84	34.51	34.02	34.48	500.36	503.31	21.506	31.274	39.77	57.83	599.0	-0	236	101.6	5.83	-0.0915	1.0	111115
136	"10:21:47"	299.5	-7.95	0.537	513	10.1	2.17	6	1	2.84	34.51	34.02	34.48	500.38	503.27	21.509	31.273	39.77	57.83	599.0	-0	235	101.6	5.83	-0.0915	1.0	111115
137	"10:21:48"	300.5	-7.83	0.537	513	10.1	2.17	6	1	2.84	34.51	34.02	34.48	500.34	503.12	21.514	31.274	39.78	57.83	599.0	-0	235	101.6	5.83	-0.0915	1.0	111115
138	"10:21:49"	302.5	-8	0.536	513	10	2.17	6	1	2.84	34.51	34.02	34.48	500.14	503.10	21.525	31.276	39.80	57.82	599.1	-0	232	101.6	5.83	-0.0915	1.0	111115
139	"10:21:50"	303.0	-8.02	0.536	513	10.1	2.17	6	1	2.84	34.51	34.02	34.48	500.13	503.10	21.528	31.282	39.80	57.83	599.1	-0	231	101.6	5.83	-0.0915	1.0	111115
140	"10:21:51"	305.0	-8.11	0.536	514	10	2.17	6	1	2.84	34.52	34.02	34.48	500.14	503.19	21.539	31.290	39.82	57.84	599.1	-0	229	101.6	5.83	-0.0915	1.0	111115
141	"10:21:52"	305.5	-8.08	0.536	513	10	2.17	6	1	2.84	34.52	34.02	34.48	500.15	503.18	21.542	31.287	39.82	57.84	599.1	-0	229	101.6	5.83	-0.0915	1.0	111115
142	"10:21:53"	306.5	-7.88	0.536	513	10	2.17	6	1	2.84	34.52	34.02	34.48	500.28	503.10	21.548	31.292	39.83	57.85	599.2	-0	227	101.6	5.83	-0.0915	1.0	111115
143	"10:21:55"	308.5	-7.72	0.535	512	10	2.17	6	1	2.84	34.52	34.02	34.48	500.36	503.04	21.561	31.288	39.85	57.83	599.3	-0	223	101.6	5.83	-0.0915	1.0	111115
144	"10:21:56"	309.5	-7.66	0.535	512	10	2.17	6	1	2.84	34.52	34.03	34.48	500.37	502.98	21.567	31.292	39.86	57.84	599.3	-0	220	101.6	5.83	-0.0915	1.0	111115
145	"10:21:57"	311.0	-7.75	0.533	512	10	2.17	6	1	2.84	34.52	34.03	34.48	500.32	503.04	21.577	31.282	39.88	57.81	599.1	-0	217	101.6	5.83	-0.0915	1.0	111115
146	"10:21:58"	311.5	-7.68	0.532	512	9.99	2.17	6	1	2.84	34.52	34.03	34.48	500.32	502.97	21.580	31.278	39.88	57.81	599.1	-0	215	101.6	5.83	-0.0915	1.0	111115
147	"10:22:00"	313.5	-7.71	0.531	512	9.98	2.17	6	1	2.84	34.52	34.03	34.48	500.33	503.02	21.593	31.281	39.90	57.80	599.0	-0	212	101.6	5.83	-0.0915	1.0	111115
148	"10:22:01"	314.5	-7.74	0.531	512	9.98	2.17	6	1	2.84	34.52	34.03	34.48	500.31	503.04	21.599	31.281	39.91	57.80	599.0	-0	211	101.6	5.83	-0.0915	1.0	111115
149	"10:22:02"	316.0	-7.91	0.531	513	9.98	2.17	6	1	2.84	34.52	34.03	34.48	500.25	503.14	21.607	31.291	39.92	57.82	599.1	-0	210	101.6	5.83	-0.0915	1.0	111115
150	"10:22:04"	317.5	-7.97	0.531	513	9.97	2.17	6	1	2.84	34.52	34.03	34.49	500.26	503.22	21.615	31.291	39.94	57.81	599.1	-0	208	101.6	5.83	-0.0915	1.0	111115
151	"10:22:05"	318.5	-8	0.53	513	9.97	2.17	6	1	2.84	34.53	34.03	34.49	500.23	503.22	21.620	31.292	39.95	57.82	599.0	-0	207	101.6	5.83	-0.0915	1.0	111115
152	"10:22:06"	319.0	-7.99	0.53	513	9.96	2.17	6	1	2.84	34.53	34.04	34.49	500.21	503.20	21.623	31.290	39.95	57.81	599.1	-0	207	101.6	5.83	-0.0915	1.0	111115
153	"10:22:07"	320.0	-8.01	0.53	514	9.97	2.17	6	1	2.84	34.53	34.04	34.49	500.22	503.22	21.628	31.296	39.96	57.82	599.1	-0	206	101.6	5.83	-0.0915	1.0	111115
154	"10:22:08"	322.0	-7.86	0.53	513	9.96	2.17	6	1	2.84	34.53	34.04	34.49	500.27	503.13	21.642	31.303	39.98	57.83	599.1	-0	204	101.6	5.83	-0.0915	1.0	111115
155	"10:22:09"	323.0	-7.85	0.529	513	9.95	2.17	6	1	2.84	34.53	34.04	34.49	500.34	503.19	21.647	31.301	39.99	57.82	599.1	-0	203	101.6	5.83	-0.0915	1.0	111115
156	"10:22:11"	324.5	-7.81	0.527	513	9.93	2.17	6	1	2.84	34.53	34.04	34.49	500.30	503.12	21.655	31.290	40.00	57.80	599.0	-0	202	101.6	5.83	-0.0915	1.0	111115
157	"10:22:12"	325.5	-7.82	0.527	513	9.93	2.17	6	1	2.84	34.53	34.04	34.49	500.25	503.08	21.660	31.291	40.01	57.80	599.0	-0	202	101.6	5.83	-0.0915	1.0	111115
158	"10:22:13"	327.0	-7.81	0.527	513	9.93	2.17	6	1	2.84	34.53	34.04	34.49	500.15	502.97	21.667	31.296	40.02	57.81	599.1	-0	201	101.6	5.83	-0.0915	1.0	111115
159	"10:22:14"	328.0	-7.84	0.527	513	9.93	2.17	6	1	2.84	34.53	34.04	34.49	500.15	502.99	21.672	31.304	40.03	57.82	599.1	-0	201	101.6	5.83	-0.0915	1.0	111115
160	"10:22:16"	329.5	-7.65	0.526	512	9.92	2.18	6	1	2.84	34.53	34.05	34.49	500.27	502.93	21.679	31.299	40.04	57.81	599.1	-0	201	101.6	5.83	-0.0915	1.0	111115
161	"10:22:17"	330.5	-7.64	0.526	512	9.91	2.18	6	1	2.84	34.53	34.04	34.49	500.32	502.98	21.685	31.296	40.05	57.80	599.1	-0	200	101.6	5.83	-0.0915	1.0	111115
162	"10:22:18"	332.0	-7.63	0.524	512	9.89	2.18	6	1	2.84	34.53	34.05	34.49	500.30	502.96	21.692	31.288	40.06	57.78	599.1	-0	200	101.6	5.83	-0.0915	1.0	111115
163	"10:22:19"	333.0	-7.74	0.524	513	9.89	2.18	6	1	2.84	34.53	34.05	34.49	500.24	503.02	21.698	31.289	40.07	57.78	599.0	-0	200	101.6	5.83	-0.0915	1.0	111115
164	"10:22:21"	334.5	-7.7	0.523	513	9.88	2.18	6	1	2.84	34.54	34.05	34.49	500.28	503.02	21.706	31.291	40.08	57.78	599.0	-0	200	101.6	5.83	-0.0915	1.0	111115
165	"10:22:22"	335.5	-7.78	0.523	513	9.87	2.18	6	1	2.84	34.54	34.05	34.49	500.29	503.10	21.711	31.291	40.09	57.78	599.0	-0	200	101.6	5.83	-0.0915	1.0	111115
166	"10:22:23"	337.0	-7.81	0.523	513	9.88	2.18	6	1	2.84	34.54	34.06	34.50	500.33	503.17	21.716	31.299	40.10	57.79	599.2	-0	200	101.6	5.83	-0.0915	1.0	111115
167	"10:22:24"	338.0	-7.75	0.523	513	9.88	2.18	6	1	2.84	34.54	34.06	34.50	500.34	503.13	21.722	31.303	40.11	57.80	599.2	-0	200	101.6	5.83	-0.0915	1.0	111115
168	"10:22:26"	339.5	-7.5	0.523	512	9.88	2.18	6	1	2.84	34.54	34.06	34.50	500.38	502.91	21.729	31.310	40.12	57.81	599.3	-0	199	101.6	5.83	-0.0915	1.0	111115
169	"10:22:27"	340.5	-7.36	0.522	511	9.86	2.18	6	1	2.84	34.54	34.06	34.50	500.35	502.76	21.737	31.304	40.13	57.79	599.2	-0	199	101.6	5.83	-0.0915	1.0	111115
170	"10:22:28"	342.0	-7.59	0.521	512	9.85	2.18	6	1	2.84	34.54	34.06	34.50	500.19	502.83	21.744	31.304	40.14	57.79	599.1	-0	199	101.6	5.83	-0.0915	1.0	111115
171	"10:22:29"	343.0	-7.65	0.52	512	9.84	2.18	6	1	2.84	34.54	34.06	34.50	500.15	502.86	21.748	31.298	40.15	57.78	599.1	-0	199	101.6	5.83	-0.0915	1.0	111115
172	"10:22:31"	344.5	-7.86	0.52	513	9.84	2.18	6	1	2.84	34.54	34.06	34.50	500.12	503.04	21.753	31.302	40.16	57.78	599.1	-0	199	101.6	5.83	-0.0915	1.0	111115
173	"10:22:32"	345.5	-7.95	0.52	514	9.84	2.18	6	1	2.84	34.54	34.06	34.50	500.11	503.11	21.756	31.304	40.16	57.78	599.0	-0	199	101.6	5.83	-0.0915	1.0	111115
174	"10:22:33"	347.0	-7.88	0.52	513	9.84	2.18	6	1	2.84	34.54	34.07	34.50	500.22	503.15	21.765	31.312	40.17	57.79	599.0	-0	199	101.6	5.83	-0.0915	1.0	111115
175	"10:22:34"	348.0	-7.64	0.52	512	9.84	2.18	6	1	2.84	34.54	34.07	34.50	500.32	503.02	21.770	31.314	40.18	57.79	599.0	-0	199	101.6	5.83	-0.0915	1.0	111115
176	"10:22:36"	349.5	-7.53	0.519	512	9.82	2.18	6	1	2.84	34.55	34.06	34.50	500.34	502.93	21.777	31.309	40.19	57.78	599.0	-0	199	101.6	5.83	-0.0915	1.0	111115
177	"10:22:37"	350.5	-7.56	0.519	512	9.82	2.18	6	1	2.84	34.55	34.06	34.50	500.29	502.92	21.783	31.309	40.20	57.78	599.0	-0	200	101.6	5.83	-0.0915	1.0	111115
178	"10:22:38"	352.0	-7.64	0.518	512	9.81	2.18	6	1	2.84	34.55	34.07	34.50	500.25	502.96	21.790	31.305	40.21	57.77	599.0	-0	200	101.6	5.83	-0.0915	1.0	111115
179	"10:22:39"	353.0	-7.7	0.518	513	9.81	2.18	6	1	2.84	34.55	34.07	34.50	500.25	503.02	21.794	31.309	40.22	57.77	599.1	-0	200	101.6	5.83	-0.0915	1.0	111115
180	"10:22:41"	354.5	-7.63	0.517	512	9.8	2.18	6	1	2.84	34.55	34.07	34.50	500.26	502.97	21.801	31.307	40.23	57.77	599.1	-0	201	101.6	5.83	-0.0915	1.0	111115
181	"10:22:42"	355.5	-7.73	0.517	513	9.8	2.18	6	1	2.84	34.55	34.07	34.51	500.22	503.03	21.805	31.311	40.23	57.77	599.1	-0	201	101.6	5.83	-0.0915	1.0	111115
182	"10:22:43"	357.0	-7.72	0.516	513	9.79	2.18	6	1	2.84	34.55	34.08	34.51	500.21	503.01	21.813	31.312	40.24	57.77	599.1	-0	201	101.6	5.83	-0.0915	1.0	111115
183	"10:22:44"	358.0	-7.6	0.516	512	9.79	2.18	6	1	2.84	34.55	34.08	34.51	500.24	502.92	21.818	31.312	40.25	57.77	599.0	-0	202	101.6	5.83	-0.0915	1.0	111115
184	"10:22:46"	359.5	-7.58	0.515	512	9.77	2.18	6	1	2.84	34.55	34.08	34.51	500.25	502.93	21.826	31.306	40.26	57.75	599.1	-0	202	101.6	5.83	-0.0915	1.0	111115
185	"10:22:47"	360.5	-7.54	0.514	512	9.77	2.18	6	1	2.84	34.55	34.08	34.51	500.34	502.96	21.830	31.306	40.27	57.75	599.1	-0	202	101.6	5.83	-0.0915	1.0	111115
186	"10:22:48"	362.0	-7.37	0.515	512	9.77	2.18	6	1	2.84	34.56	34.07	34.51	500.41	502.87	21.838	31.316	40.28	57.76	599.1	-0	203	101.6	5.83	-0.0915	1.0	111115
187	"10:22:49"	363.0	-7.32	0.515	511	9.77	2.18	6	1	2.84	34.56	34.07	34.51	500.41	502.82	21.844	31.324	40.29	57.78	599.1	-0	203	101.6	5.83	-0.0915	1.0	111115
188	"10:22:51"	364.5	-7.48	0.515	512	9.77	2.18	6	1	2.84	34.56	34.08	34.51	500.20	502.78	21.850	31.327	40.30	57.78	599.1	-0	204	101.6	5.83	-0.0915	1.0	111115
189	"10:22:52"	365.5	-7.49	0.514	512	9.76	2.18	6	1	2.84	34.56	34.08	34.51	500.19	502.78	21.855	31.320	40.31	57.76	599.1	-0	204	101.6	5.83	-0.0915	1.0	111115
190	"10:22:53"	367.0	-7.57	0.513	512	9.75	2.18	6	1	2.84	34.56	34.08	34.51	500.13	502.80	21.860	31.314	40.31	57.75	599.1	-0	204	101.6	5.83	-0.0915	1.0	111115
191	"10:22:54"	368.0	-7.56	0.512	512	9.73	2.19	6	1	2.84	34.56	34.09	34.52	500.21	502.88	21.866	31.309	40.32	57.73	599.1	-0	204	101.6	5.83	-0.0915	1.0	111115
192	"10:22:56"	369.5	-7.54	0.511	512	9.73	2.19	6	1	2.84	34.56	34.09	34.52	500.25	502.91	21.873	31.312	40.33	57.74	599.1	-0	205	101.6	5.83	-0.0915	1.0	111115
193	"10:22:57"	370.5	-7.49	0.511	512	9.72	2.19	6	1	2.84	34.56	34.09	34.52	500.24	502.85	21.879	31.311	40.34	57.73	599.1	-0	205	101.6	5.83	-0.0915	1.0	111115
194	"10:22:58"	372.0	-7.62	0.51	513	9.71	2.19	6	1	2.84	34.56	34.09	34.52	500.15	502.90	21.887	31.307	40.35	57.72	599.0	-0	206	101.6	5.83	-0.0915	1.0	111115
195	"10:22:59"	373.0	-7.65	0.51	513	9.71	2.19	6	1	2.84	34.56	34.09	34.52	500.13	502.91	21.892	31.311	40.36	57.73	599.1	-0	207	101.6	5.83	-0.0915	1.0	111115
196	"10:23:01"	374.5	-7.61	0.509	513	9.69	2.19	6	1	2.84	34.57	34.09	34.52	500.16	502.90	21.898	31.303	40.37	57.71	599.1	-0	208	101.6	5.83	-0.0915	1.0	111115
197	"10:23:02"	375.5	-7.53	0.508	512	9.69	2.19	6	1	2.84	34.57	34.09	34.52	500.25	502.91	21.904	31.306	40.38	57.71	599.1	-0	210	101.6	5.83	-0.0915	1.0	111115
198	"10:23:03"	377.0	-7.31	0.507	512	9.68	2.19	6	1	2.84	34.57	34.10	34.52	500.35	502.79	21.913	31.305	40.39	57.70	599.1	-0	211	101.6	5.83	-0.0915	1.0	111115
199	"10:23:04"	378.0	-7.36	0.508	512	9.68	2.19	6	1	2.84	34.57	34.10	34.53	500.34	502.83	21.918	31.311	40.40	57.71	599.1	-0	212	101.6	5.83	-0.0915	1.0	111115
200	"10:23:06"	379.5	-7.36	0.507	512	9.68	2.19	6	1	2.84	34.57	34.10	34.53	500.28	502.78	21.924	31.313	40.41	57.71	599.1	-0	214	101.6	5.83	-0.0915	1.0	111115
201	"10:23:07"	380.5	-7.32	0.506	512	9.66	2.19	6	1	2.84	34.57	34.10	34.53	500.31	502.78	21.930	31.307	40.41	57.69	599.0	-0	215	101.6	5.83	-0.0915	1.0	111115
202	"10:23:08"	382.0	-7.13	0.506	511	9.66	2.19	6	1	2.84	34.57	34.10	34.53	500.35	502.63	21.937	31.312	40.42	57.70	599.1	-0	217	101.6	5.83	-0.0915	1.0	111115
203	"10:23:10"	383.0	-7.02	0.505	510	9.66	2.19	6	1	2.84	34.57	34.11	34.53	500.42	502.59	21.943	31.313	40.43	57.70	599.1	-0	218	101.6	5.83	-0.0915	1.0	111115
204	"10:23:11"	383.5	-7	0.505	510	9.66	2.19	6	1	2.84	34.57	34.11	34.53	500.42	502.57	21.946	31.316	40.44	57.70	599.1	-0	219	101.6	5.83	-0.0915	1.0	111115
205	"10:23:12"	385.5	-7.06	0.505	510	9.66	2.19	6	1	2.84	34.58	34.11	34.53	500.35	502.57	21.955	31.323	40.45	57.71	599.1	-0	221	101.6	5.83	-0.0915	0.7	111115
206	"10:23:13"	386.5	-7.19	0.505	511	9.66	2.19	6	1	2.84	34.58	34.11	34.53	500.32	502.66	21.960	31.331	40.45	57.72	599.1	-0	222	101.6	5.83	-0.0915	0.7	111115
207	"10:23:15"	388.5	-7.03	0.505	510	9.65	2.19	6	1	2.84	34.58	34.12	34.53	500.34	502.52	21.970	31.334	40.47	57.72	599.2	-0	223	101.6	5.83	-0.0915	0.7	111115
208	"10:23:16"	389.5	-7.2	0.505	511	9.65	2.19	6	1	2.84	34.58	34.12	34.54	500.28	502.63	21.974	31.335	40.47	57.72	599.2	-0	224	101.6	5.83	-0.0915	0.7	111115
209	"10:23:17"	391.0	-7.1	0.503	511	9.63	2.19	6	1	2.84	34.58	34.12	34.54	500.31	502.58	21.982	31.326	40.49	57.69	599.2	-0	225	101.6	5.83	-0.0915	0.7	111115
210	"10:23:18"	392.0	-7.11	0.503	511	9.63	2.2	6	1	2.84	34.58	34.12	34.54	500.30	502.57	21.988	31.327	40.49	57.69	599.1	-0	227	101.6	5.83	-0.0915	0.7	111115
211	"10:23:20"	393.5	-7.19	0.502	511	9.62	2.2	6	1	2.84	34.59	34.12	34.54	500.33	502.68	21.997	31.330	40.51	57.69	599.1	-0	229	101.6	5.83	-0.0915	0.7	111115
212	"10:23:21"	394.5	-7.42	0.502	512	9.62	2.2	6	1	2.84	34.59	34.13	34.54	500.32	502.91	22.003	31.336	40.51	57.70	599.1	-0	230	101.6	5.83	-0.0915	1.0	111115
213	"10:23:22"	396.0	-7.64	0.502	513	9.62	2.2	6	1	2.84	34.59	34.13	34.54	500.29	503.10	22.009	31.344	40.52	57.71	599.1	-0	232	101.6	5.83	-0.0915	1.0	111115
214	"10:23:23"	397.0	-7.58	0.502	513	9.62	2.2	6	1	2.84	34.59	34.13	34.55	500.30	503.05	22.015	31.343	40.53	57.70	599.1	-0	233	101.6	5.83	-0.0915	1.0	111115
215	"10:23:25"	398.5	-7.23	0.501	511	9.61	2.2	6	1	2.84	34.59	34.13	34.55	500.31	502.72	22.021	31.342	40.54	57.69	599.1	-0	235	101.6	5.83	-0.0915	1.0	111115
216	"10:23:26"	399.5	-7.05	0.5	511	9.6	2.2	6	1	2.84	34.59	34.13	34.55	500.32	502.55	22.025	31.338	40.54	57.68	599.0	-0	236	101.6	5.83	-0.0915	1.0	111115
217	"10:23:27"	401.0	-7.06	0.5	511	9.59	2.2	6	1	2.84	34.59	34.13	34.55	500.28	502.52	22.033	31.332	40.55	57.67	599.0	-0	237	101.6	5.83	-0.0915	1.0	111115
218	"10:23:28"	401.5	-7.04	0.5	511	9.58	2.2	6	1	2.84	34.60	34.13	34.55	500.30	502.52	22.036	31.334	40.56	57.67	599.0	-0	238	101.6	5.83	-0.0915	1.0	111115
219	"10:23:29"	403.0	-7.16	0.499	511	9.58	2.2	6	1	2.84	34.60	34.13	34.55	500.23	502.58	22.046	31.341	40.57	57.68	599.1	-0	239	101.6	5.83	-0.0915	1.0	111115
220	"10:23:31"	404.5	-7.04	0.5	511	9.58	2.2	6	1	2.84	34.60	34.13	34.55	500.34	502.57	22.056	31.351	40.58	57.69	599.1	-0	239	101.6	5.83	-0.0915	1.0	111115
221	"10:23:32"	405.5	-7.17	0.499	511	9.58	2.2	6	1	2.84	34.60	34.13	34.56	500.31	502.67	22.063	31.352	40.59	57.68	599.1	-0	239	101.6	5.83	-0.0915	1.0	111115
222	"10:23:33"	407.0	-7.23	0.499	512	9.57	2.2	6	1	2.84	34.60	34.13	34.56	500.32	502.75	22.073	31.354	40.61	57.68	599.1	-0	239	101.6	5.83	-0.0915	1.0	111115
223	"10:23:34"	408.0	-7.29	0.498	512	9.56	2.2	6	1	2.84	34.60	34.13	34.56	500.29	502.78	22.080	31.349	40.62	57.67	599.2	-0	239	101.6	5.83	-0.0915	1.0	111115
224	"10:23:36"	409.5	-7.17	0.498	511	9.56	2.2	6	1	2.84	34.60	34.14	34.56	500.31	502.68	22.086	31.357	40.63	57.68	599.1	-0	240	101.6	5.83	-0.0915	1.0	111115
225	"10:23:37"	410.5	-7.07	0.498	511	9.55	2.2	6	1	2.84	34.61	34.14	34.56	500.35	502.62	22.093	31.361	40.64	57.69	599.1	-0	240	101.6	5.83	-0.0915	1.0	111115
226	"10:23:38"	412.0	-7.11	0.497	511	9.54	2.2	6	1	2.84	34.61	34.14	34.56	500.30	502.62	22.101	31.361	40.65	57.68	599.0	-0	240	101.6	5.83	-0.0915	1.0	111115
227	"10:23:39"	413.0	-7.06	0.496	511	9.53	2.2	6	1	2.84	34.61	34.14	34.56	500.31	502.59	22.110	31.359	40.66	57.67	599.0	-0	241	101.6	5.83	-0.0915	1.0	111115
228	"10:23:41"	414.5	-7.12	0.495	511	9.52	2.2	6	1	2.84	34.61	34.15	34.57	500.34	502.68	22.120	31.356	40.68	57.66	599.0	-0	242	101.6	5.83	-0.0915	1.0	111115
229	"10:23:42"	415.5	-7.14	0.495	511	9.52	2.2	6	1	2.84	34.61	34.15	34.57	500.32	502.68	22.126	31.362	40.68	57.67	599.1	-0	242	101.6	5.83	-0.0915	1.0	111115
230	"10:23:43"	417.0	-6.99	0.495	511	9.52	2.2	6	1	2.84	34.61	34.15	34.57	500.34	502.56	22.135	31.368	40.70	57.67	599.0	-0	243	101.6	5.83	-0.0915	1.0	111115
231	"10:23:44"	417.5	-6.96	0.495	510	9.51	2.2	6	1	2.84	34.61	34.15	34.57	500.31	502.49	22.136	31.365	40.70	57.67	599.0	-0	244	101.6	5.83	-0.0915	1.0	111115
232	"10:23:46"	419.5	-7.1	0.495	511	9.52	2.2	6	1	2.84	34.62	34.15	34.57	500.22	502.54	22.149	31.383	40.72	57.69	599.0	-0	245	101.6	5.83	-0.0915	1.0	111115
233	"10:23:47"	420.5	-7.12	0.495	511	9.52	2.2	6	1	2.84	34.62	34.15	34.57	500.23	502.57	22.154	31.389	40.72	57.70	599.0	-0	245	101.6	5.83	-0.0915	1.0	111115
234	"10:23:48"	422.0	-6.96	0.494	510	9.51	2.2	6	1	2.84	34.62	34.16	34.58	500.31	502.50	22.164	31.392	40.74	57.70	599.1	-0	246	101.6	5.83	-0.0915	1.0	111115
235	"10:23:49"	423.0	-6.95	0.494	510	9.51	2.2	6	1	2.84	34.62	34.16	34.58	500.36	502.54	22.170	31.395	40.75	57.70	599.1	-0	246	101.6	5.83	-0.0915	1.0	111115
236	"10:23:51"	424.5	-6.81	0.494	510	9.51	2.2	6	1	2.84	34.62	34.16	34.58	500.41	502.44	22.179	31.402	40.76	57.71	599.0	-0	246	101.6	5.83	-0.0915	1.0	111115
237	"10:23:52"	425.5	-6.96	0.495	510	9.51	2.2	6	1	2.84	34.62	34.16	34.58	500.32	502.50	22.184	31.410	40.76	57.72	599.1	-0	246	101.6	5.83	-0.0915	1.0	111115
238	"10:23:53"	427.0	-7.08	0.494	511	9.51	2.2	6	1	2.84	34.63	34.16	34.58	500.30	502.60	22.194	31.414	40.78	57.72	599.1	-0	245	101.6	5.83	-0.0915	1.0	111115
239	"10:23:54"	428.0	-7.13	0.494	511	9.51	2.2	6	1	2.84	34.63	34.17	34.58	500.29	502.65	22.199	31.421	40.78	57.73	599.1	-0	245	101.6	5.83	-0.0915	1.0	111115
240	"10:23:56"	429.5	-7.12	0.494	511	9.5	2.2	6	1	2.84	34.63	34.17	34.58	500.27	502.62	22.209	31.425	40.80	57.73	599.1	-0	246	101.6	5.83	-0.0915	1.0	111115
241	"10:23:57"	430.5	-7.03	0.494	511	9.5	2.2	6	1	2.84	34.63	34.17	34.59	500.25	502.51	22.214	31.427	40.80	57.73	599.1	-0	246	101.6	5.83	-0.0915	1.0	111115
242	"10:23:58"	432.0	-6.96	0.494	510	9.5	2.2	6	1	2.84	34.63	34.17	34.59	500.30	502.48	22.222	31.435	40.81	57.74	599.1	-0	246	101.6	5.83	-0.0915	1.0	111115
243	"10:23:59"	433.0	-6.9	0.493	510	9.49	2.2	6	1	2.84	34.63	34.17	34.59	500.38	502.51	22.228	31.432	40.82	57.73	599.1	-0	246	101.6	5.83	-0.0915	1.0	111115
244	"10:24:01"	434.5	-6.84	0.492	510	9.48	2.2	6	1	2.84	34.64	34.17	34.59	500.42	502.50	22.238	31.436	40.84	57.73	599.1	-0	246	101.6	5.83	-0.0915	1.0	111115
245	"10:24:02"	435.5	-6.98	0.492	511	9.47	2.2	6	1	2.84	34.64	34.17	34.59	500.36	502.58	22.245	31.435	40.85	57.72	599.1	-0	246	101.6	5.83	-0.0915	1.0	111115
246	"10:24:03"	437.0	-7.23	0.491	512	9.46	2.2	6	1	2.84	34.64	34.18	34.59	500.22	502.70	22.254	31.433	40.86	57.71	599.1	-0	246	101.6	5.83	-0.0915	1.0	111115
247	"10:24:04"	438.0	-7.26	0.49	512	9.45	2.2	6	1	2.84	34.64	34.18	34.60	500.20	502.71	22.261	31.432	40.87	57.70	599.1	-0	245	101.6	5.83	-0.0915	1.0	111115
248	"10:24:06"	439.5	-7.15	0.49	512	9.45	2.2	6	1	2.84	34.64	34.18	34.60	500.28	502.69	22.269	31.434	40.88	57.70	599.1	-0	245	101.6	5.83	-0.0915	1.0	111115
249	"10:24:07"	440.5	-7.13	0.49	511	9.45	2.2	6	1	2.84	34.64	34.18	34.60	500.30	502.69	22.276	31.441	40.89	57.71	599.2	-0	245	101.6	5.83	-0.0915	1.0	111115
250	"10:24:08"	442.0	-6.77	0.49	510	9.45	2.2	6	1	2.84	34.65	34.18	34.60	500.39	502.41	22.284	31.450	40.90	57.72	599.1	-0	245	101.6	5.83	-0.0915	1.0	111115
251	"10:24:09"	443.0	-6.8	0.49	510	9.45	2.2	6	1	2.84	34.65	34.18	34.60	500.33	502.38	22.290	31.454	40.91	57.72	599.1	-0	245	101.6	5.83	-0.0915	1.0	111115
252	"10:24:11"	444.5	-6.63	0.49	509	9.44	2.2	6	1	2.84	34.65	34.19	34.60	500.34	502.23	22.299	31.458	40.92	57.73	599.1	-0	237	101.6	5.83	-0.0915	1.0	111115
253	"10:24:12"	445.5	-6.73	0.489	510	9.44	2.2	6	1	2.84	34.65	34.19	34.61	500.34	502.33	22.304	31.459	40.92	57.72	599.1	-0	226	101.6	5.83	-0.0915	1.0	111115
254	"10:24:13"	446.0	-6.75	0.489	510	9.43	2.2	6	1	2.84	34.65	34.19	34.61	500.33	502.34	22.308	31.458	40.93	57.72	599.1	-0	220	101.6	5.83	-0.0915	1.0	111115
255	"10:24:14"	448.0	-6.79	0.488	510	9.43	2.2	6	1	2.84	34.65	34.19	34.61	500.35	502.40	22.320	31.465	40.95	57.73	599.1	-0	200	101.6	5.83	-0.0915	1.0	111115
256	"10:24:15"	449.0	-6.75	0.487	510	9.42	2.2	6	1	2.84	34.65	34.19	34.61	500.36	502.39	22.326	31.459	40.96	57.71	599.1	-0	199	101.6	5.83	-0.0915	1.0	111115
257	"10:24:17"	450.5	-6.59	0.487	509	9.41	2.2	6	1	2.84	34.66	34.20	34.61	500.36	502.23	22.335	31.461	40.97	57.71	599.1	-0	197	101.6	5.83	-0.0915	1.0	111115
258	"10:24:18"	451.5	-6.72	0.486	510	9.4	2.2	6	1	2.84	34.66	34.20	34.61	500.36	502.36	22.342	31.461	40.98	57.70	599.1	-0	196	101.6	5.83	-0.0915	0.7	111115
259	"10:24:19"	453.0	-6.81	0.487	510	9.41	2.2	6	1	2.84	34.66	34.20	34.61	500.31	502.40	22.351	31.474	40.99	57.72	599.1	-0	195	101.6	5.83	-0.0915	0.7	111115
260	"10:24:20"	454.0	-6.94	0.486	511	9.4	2.2	6	1	2.84	34.66	34.20	34.62	500.29	502.51	22.356	31.475	41.00	57.72	599.1	-0	194	101.6	5.83	-0.0915	0.7	111115
261	"10:24:22"	455.5	-7.06	0.486	511	9.4	2.2	6	1	2.84	34.66	34.20	34.62	500.24	502.58	22.364	31.480	41.01	57.72	599.1	-0	202	101.6	5.83	-0.0915	1.0	111115
262	"10:24:23"	456.5	-7.14	0.485	512	9.39	2.2	6	1	2.84	34.66	34.20	34.62	500.20	502.62	22.369	31.476	41.02	57.71	599.1	-0	213	101.6	5.83	-0.0915	1.0	111115
263	"10:24:24"	458.0	-7.12	0.484	512	9.37	2.21	6	1	2.84	34.66	34.21	34.62	500.19	502.61	22.378	31.466	41.03	57.69	599.1	-0	229	101.6	5.83	-0.0915	1.0	111115
264	"10:24:25"	459.0	-7.04	0.483	511	9.36	2.21	6	1	2.84	34.67	34.21	34.62	500.23	502.57	22.385	31.462	41.04	57.68	599.1	-0	237	101.6	5.83	-0.0915	1.0	111115
265	"10:24:27"	460.5	-6.99	0.482	511	9.35	2.21	6	1	2.84	34.67	34.21	34.62	500.31	502.60	22.394	31.462	41.05	57.67	599.1	-0	239	101.6	5.83	-0.0915	0.7	111115
266	"10:24:28"	461.5	-6.98	0.483	511	9.35	2.21	6	1	2.84	34.67	34.21	34.63	500.33	502.62	22.400	31.472	41.06	57.69	599.1	-0	240	101.6	5.83	-0.0915	0.7	111115
267	"10:24:29"	463.0	-6.88	0.482	511	9.35	2.21	6	1	2.84	34.67	34.21	34.63	500.31	502.50	22.407	31.472	41.07	57.68	599.2	-0	240	101.6	5.83	-0.0915	0.7	111115
268	"10:24:30"	464.0	-6.88	0.482	511	9.34	2.21	6	1	2.84	34.67	34.21	34.63	500.31	502.50	22.411	31.472	41.07	57.68	599.2	-0	240	101.6	5.83	-0.0915	1.0	111115
269	"10:24:32"	465.5	-6.76	0.481	510	9.33	2.21	6	1	2.84	34.67	34.21	34.63	500.30	502.38	22.419	31.468	41.08	57.67	599.3	-0	240	101.6	5.83	-0.0915	1.0	111115
270	"10:24:33"	466.5	-6.8	0.481	510	9.33	2.21	6	1	2.84	34.67	34.21	34.63	500.33	502.44	22.424	31.470	41.09	57.67	599.3	-0	240	101.6	5.83	-0.0915	1.0	111115
271	"10:24:34"	468.0	-6.77	0.481	510	9.33	2.21	6	1	2.84	34.68	34.21	34.63	500.28	502.37	22.429	31.476	41.10	57.67	599.2	-0	241	101.6	5.83	-0.0915	1.0	111115
272	"10:24:35"	469.0	-6.82	0.481	510	9.33	2.21	6	1	2.84	34.68	34.22	34.63	500.18	502.31	22.433	31.481	41.10	57.68	599.1	-0	241	101.6	5.83	-0.0915	1.0	111115
273	"10:24:37"	470.5	-6.79	0.481	510	9.32	2.21	6	1	2.84	34.68	34.21	34.63	500.16	502.27	22.440	31.484	41.11	57.68	598.9	-0	241	101.6	5.83	-0.0915	1.0	111115
274	"10:24:38"	471.5	-6.87	0.481	511	9.32	2.21	6	1	2.84	34.68	34.21	34.64	500.14	502.33	22.445	31.486	41.12	57.68	598.9	-0	241	101.6	5.83	-0.0915	1.0	111115
275	"10:24:39"	473.0	-6.88	0.48	511	9.32	2.21	6	1	2.84	34.68	34.22	34.64	500.16	502.37	22.455	31.491	41.14	57.69	599.0	-0	241	101.6	5.83	-0.0915	0.7	111115
276	"10:24:40"	474.0	-6.88	0.48	511	9.32	2.21	6	1	2.84	34.68	34.22	34.64	500.14	502.34	22.462	31.498	41.15	57.70	599.1	-0	241	101.6	5.83	-0.0915	0.7	111115
277	"10:24:42"	475.5	-6.84	0.48	511	9.31	2.21	6	1	2.84	34.68	34.22	34.64	500.27	502.43	22.470	31.500	41.16	57.70	599.2	-0	241	101.6	5.83	-0.0915	0.7	111115
278	"10:24:43"	476.5	-6.76	0.479	510	9.31	2.21	6	1	2.84	34.68	34.23	34.64	500.31	502.39	22.476	31.502	41.17	57.70	599.2	-0	241	101.6	5.83	-0.0915	1.0	111115
279	"10:24:44"	478.0	-6.81	0.478	511	9.29	2.21	6	1	2.84	34.68	34.23	34.64	500.31	502.45	22.485	31.498	41.18	57.68	599.2	-0	241	101.6	5.83	-0.0915	1.0	111115
280	"10:24:45"	479.0	-6.71	0.477	510	9.28	2.21	6	1	2.84	34.69	34.23	34.64	500.32	502.37	22.492	31.496	41.19	57.68	599.2	-0	241	101.6	5.83	-0.0915	1.0	111115
281	"10:24:47"	480.5	-6.65	0.477	510	9.28	2.21	6	1	2.84	34.69	34.23	34.64	500.36	502.35	22.500	31.496	41.20	57.67	599.1	-0	242	101.6	5.83	-0.0915	1.0	111115
282	"10:24:48"	481.5	-6.65	0.477	510	9.28	2.21	6	1	2.84	34.69	34.23	34.65	500.38	502.37	22.504	31.500	41.21	57.68	599.1	-0	241	101.6	5.83	-0.0915	1.0	111115
283	"10:24:49"	483.0	-6.74	0.477	510	9.27	2.21	6	1	2.84	34.69	34.23	34.65	500.28	502.37	22.510	31.502	41.21	57.67	599.1	-0	241	101.6	5.83	-0.0915	1.0	111115
284	"10:24:50"	484.0	-6.75	0.476	510	9.26	2.21	6	1	2.84	34.69	34.23	34.65	500.31	502.41	22.516	31.497	41.22	57.66	599.1	-0	241	101.6	5.83	-0.0915	1.0	111115
285	"10:24:52"	485.5	-6.62	0.475	510	9.25	2.21	6	1	2.84	34.69	34.24	34.65	500.36	502.33	22.527	31.502	41.24	57.66	599.0	-0	240	101.6	5.83	-0.0915	1.0	111115
286	"10:24:53"	486.5	-6.74	0.475	510	9.25	2.21	6	1	2.84	34.69	34.24	34.65	500.35	502.45	22.533	31.506	41.24	57.67	599.0	-0	240	101.6	5.83	-0.0915	1.0	111115
287	"10:24:54"	488.0	-6.64	0.475	510	9.25	2.21	6	1	2.84	34.70	34.25	34.65	500.37	502.36	22.542	31.515	41.26	57.68	599.1	-0	239	101.6	5.83	-0.0915	1.0	111115
288	"10:24:55"	489.0	-6.56	0.475	510	9.25	2.21	6	1	2.84	34.70	34.25	34.65	500.36	502.28	22.547	31.516	41.26	57.68	599.1	-0	238	101.6	5.83	-0.0915	1.0	111115
289	"10:24:57"	490.5	-6.45	0.474	509	9.24	2.21	6	1	2.84	34.70	34.25	34.65	500.44	502.24	22.553	31.516	41.27	57.67	599.1	-0	236	101.6	5.83	-0.0915	1.0	111115
290	"10:24:58"	491.5	-6.52	0.474	509	9.24	2.21	6	1	2.84	34.70	34.25	34.65	500.37	502.26	22.559	31.521	41.28	57.68	599.1	-0	235	101.6	5.83	-0.0915	1.0	111115
291	"10:24:59"	493.0	-6.63	0.474	510	9.24	2.21	6	1	2.84	34.70	34.26	34.66	500.35	502.34	22.567	31.531	41.29	57.69	599.1	-0	234	101.6	5.83	-0.0915	1.0	111115
292	"10:25:00"	494.0	-6.58	0.474	510	9.24	2.21	6	1	2.84	34.70	34.26	34.66	500.39	502.33	22.573	31.535	41.30	57.69	599.1	-0	234	101.6	5.83	-0.0915	1.0	111115
293	"10:25:02"	495.5	-6.6	0.473	510	9.23	2.22	6	1	2.84	34.70	34.26	34.66	500.40	502.36	22.579	31.531	41.30	57.68	599.1	-0	233	101.6	5.83	-0.0915	1.0	111115
294	"10:25:03"	496.5	-6.44	0.473	509	9.23	2.22	6	1	2.84	34.71	34.26	34.66	500.44	502.25	22.584	31.538	41.31	57.69	599.1	-0	233	101.6	5.83	-0.0915	1.0	111115
295	"10:25:04"	498.0	-6.73	0.472	510	9.22	2.22	6	1	2.84	34.71	34.26	34.66	500.36	502.45	22.593	31.540	41.32	57.69	599.0	-0	232	101.6	5.83	-0.0915	1.0	111115
296	"10:25:05"	499.0	-6.83	0.473	511	9.23	2.22	6	1	2.84	34.71	34.27	34.66	500.28	502.48	22.599	31.551	41.33	57.70	599.0	-0	231	101.6	5.83	-0.0915	1.0	111115
297	"10:25:07"	500.5	-7.04	0.472	512	9.22	2.22	6	1	2.84	34.71	34.27	34.66	500.24	502.65	22.608	31.551	41.34	57.70	599.1	-0	230	101.6	5.83	-0.0915	1.0	111115
298	"10:25:08"	501.5	-6.98	0.472	511	9.22	2.22	6	1	2.84	34.71	34.27	34.67	500.17	502.52	22.614	31.556	41.35	57.70	599.1	-0	230	101.6	5.83	-0.0915	1.0	111115
299	"10:25:09"	503.0	-6.78	0.471	511	9.21	2.22	6	1	2.84	34.71	34.27	34.67	500.19	502.34	22.621	31.556	41.36	57.70	599.1	-0	229	101.6	5.83	-0.0915	1.0	111115
300	"10:25:10"	504.0	-6.55	0.471	510	9.21	2.22	6	1	2.84	34.71	34.27	34.67	500.24	502.17	22.626	31.555	41.37	57.69	599.1	-0	230	101.6	5.83	-0.0915	1.0	111115
301	"10:25:12"	505.5	-6.57	0.471	510	9.2	2.22	6	1	2.84	34.72	34.27	34.67	500.26	502.21	22.633	31.558	41.38	57.69	599.1	-0	230	101.6	5.83	-0.0915	1.0	111115
302	"10:25:13"	506.5	-6.58	0.471	510	9.2	2.22	6	1	2.84	34.72	34.28	34.67	500.32	502.28	22.639	31.562	41.38	57.70	599.0	-0	229	101.6	5.83	-0.0915	1.0	111115
303	"10:25:14"	508.0	-6.54	0.47	510	9.19	2.22	6	1	2.84	34.72	34.28	34.67	500.31	502.24	22.647	31.564	41.39	57.69	599.1	-0	228	101.6	5.83	-0.0915	1.0	111115
304	"10:25:15"	509.0	-6.39	0.469	509	9.19	2.22	6	1	2.84	34.72	34.28	34.67	500.35	502.14	22.653	31.563	41.40	57.69	599.1	-0	228	101.6	5.83	-0.0915	1.0	111115
305	"10:25:16"	509.5	-6.41	0.47	509	9.19	2.22	6	1	2.84	34.72	34.28	34.67	500.37	502.16	22.656	31.569	41.41	57.69	599.1	-0	228	101.6	5.83	-0.0915	1.0	111115
306	"10:25:18"	511.5	-6.33	0.469	509	9.18	2.22	6	1	2.84	34.72	34.28	34.68	500.41	502.13	22.665	31.571	41.42	57.69	599.1	-0	231	101.6	5.83	-0.0915	1.0	111115
307	"10:25:19"	512.5	-6.36	0.469	509	9.18	2.22	6	1	2.84	34.73	34.29	34.68	500.41	502.17	22.670	31.574	41.42	57.69	599.1	-0	232	101.6	5.83	-0.0915	0.7	111115
308	"10:25:20"	514.0	-6.29	0.469	509	9.18	2.22	6	1	2.84	34.73	34.29	34.68	500.38	502.07	22.679	31.578	41.44	57.70	599.1	-0	233	101.6	5.83	-0.0915	0.7	111115
309	"10:25:21"	515.0	-6.48	0.469	509	9.18	2.22	6	1	2.84	34.73	34.29	34.68	500.31	502.19	22.684	31.583	41.44	57.70	599.1	-0	234	101.6	5.83	-0.0915	0.7	111115
310	"10:25:23"	516.5	-6.53	0.469	510	9.17	2.22	6	1	2.84	34.73	34.29	34.68	500.28	502.21	22.691	31.590	41.45	57.71	599.1	-0	235	101.6	5.83	-0.0915	0.7	111115
311	"10:25:24"	517.5	-6.56	0.468	510	9.16	2.22	6	1	2.84	34.73	34.29	34.68	500.27	502.23	22.698	31.587	41.46	57.70	599.1	-0	235	101.6	5.83	-0.0915	0.7	111115
312	"10:25:25"	519.0	-6.82	0.467	511	9.15	2.22	6	1	2.84	34.73	34.29	34.68	500.24	502.47	22.709	31.587	41.48	57.69	599.1	-0	232	101.6	5.83	-0.0915	1.0	111115
313	"10:25:26"	520.0	-6.7	0.467	510	9.15	2.22	6	1	2.84	34.73	34.29	34.69	500.24	502.35	22.715	31.591	41.48	57.70	599.1	-0	228	101.6	5.83	-0.0915	1.0	111115
314	"10:25:27"	520.5	-6.64	0.467	510	9.14	2.22	6	1	2.84	34.73	34.29	34.69	500.28	502.33	22.718	31.587	41.49	57.69	599.2	-0	227	101.6	5.83	-0.0915	1.0	111115
315	"10:25:28"	521.5	-6.64	0.467	510	9.14	2.22	6	1	2.84	34.74	34.29	34.69	500.29	502.34	22.724	31.590	41.50	57.69	599.3	-0	226	101.6	5.83	-0.0915	1.0	111115
316	"10:25:30"	523.5	-6.28	0.467	509	9.14	2.22	6	1	2.84	34.74	34.29	34.69	500.37	502.06	22.734	31.598	41.51	57.70	599.3	-0	229	101.6	5.83	-0.0915	1.0	111115
317	"10:25:31"	524.5	-6.3	0.467	509	9.14	2.22	6	1	2.84	34.74	34.29	34.69	500.39	502.10	22.739	31.606	41.52	57.71	599.2	-0	229	101.6	5.83	-0.0915	1.0	111115
318	"10:25:32"	526.0	-6.29	0.467	509	9.14	2.22	6	1	2.84	34.74	34.29	34.69	500.39	502.10	22.748	31.610	41.53	57.71	599.0	-0	224	101.6	5.83	-0.0915	1.0	111115
319	"10:25:33"	527.0	-6.4	0.467	509	9.13	2.22	6	1	2.84	34.74	34.30	34.69	500.38	502.19	22.753	31.612	41.54	57.71	599.0	-0	222	101.6	5.83	-0.0915	1.0	111115
320	"10:25:35"	528.5	-6.55	0.466	510	9.12	2.22	6	1	2.84	34.74	34.30	34.69	500.26	502.23	22.763	31.612	41.55	57.71	599.0	-0	223	101.6	5.83	-0.0915	1.0	111115
321	"10:25:36"	529.5	-6.62	0.466	510	9.12	2.22	6	1	2.84	34.74	34.30	34.70	500.22	502.26	22.769	31.616	41.56	57.71	599.1	-0	225	101.6	5.83	-0.0915	1.0	111115
322	"10:25:37"	531.0	-6.72	0.465	511	9.11	2.22	6	1	2.84	34.75	34.30	34.70	500.19	502.33	22.778	31.618	41.58	57.71	599.1	-0	220	101.6	5.83	-0.0915	1.0	111115
323	"10:25:38"	532.0	-6.62	0.465	510	9.11	2.22	6	1	2.84	34.75	34.30	34.70	500.20	502.24	22.782	31.621	41.58	57.71	599.1	-0	214	101.6	5.83	-0.0915	1.0	111115
324	"10:25:40"	533.5	-6.6	0.465	510	9.1	2.22	6	1	2.84	34.75	34.30	34.70	500.28	502.32	22.791	31.619	41.60	57.71	599.1	-0	204	101.6	5.83	-0.0915	1.0	111115
325	"10:25:41"	534.5	-6.53	0.464	510	9.09	2.22	6	1	2.84	34.75	34.30	34.70	500.32	502.28	22.797	31.617	41.60	57.70	599.1	-0	201	101.6	5.83	-0.0915	1.0	111115
326	"10:25:42"	536.0	-6.48	0.464	510	9.09	2.22	6	1	2.84	34.75	34.30	34.70	500.29	502.21	22.806	31.622	41.62	57.71	599.2	-0	198	101.6	5.83	-0.0915	1.0	111115
327	"10:25:43"	537.0	-6.52	0.463	510	9.08	2.22	6	1	2.84	34.75	34.30	34.70	500.18	502.14	22.811	31.616	41.63	57.69	599.1	-0	197	101.6	5.83	-0.0915	1.0	111115
328	"10:25:45"	538.5	-6.45	0.463	509	9.07	2.22	6	1	2.84	34.75	34.30	34.70	500.14	502.04	22.821	31.618	41.64	57.69	599.1	-0	195	101.7	5.83	-0.0915	1.0	111115
329	"10:25:46"	539.5	-6.44	0.462	509	9.07	2.22	6	1	2.84	34.75	34.30	34.71	500.23	502.12	22.829	31.623	41.65	57.70	599.0	-0	193	101.6	5.83	-0.0915	1.0	111115
330	"10:25:47"	541.0	-6.36	0.463	509	9.07	2.22	6	1	2.84	34.75	34.30	34.71	500.28	502.09	22.839	31.640	41.67	57.73	599.0	-0	190	101.6	5.83	-0.0915	1.0	111115
331	"10:25:48"	542.0	-6.43	0.463	509	9.08	2.22	6	1	2.84	34.75	34.31	34.71	500.28	502.16	22.844	31.647	41.68	57.74	599.0	-0	189	101.6	5.83	-0.0915	1.0	111115
332	"10:25:50"	543.5	-6.54	0.462	510	9.06	2.22	6	1	2.84	34.75	34.31	34.71	500.25	502.24	22.852	31.642	41.69	57.73	599.0	-0	186	101.6	5.83	-0.0915	1.0	111115
333	"10:25:51"	544.5	-6.48	0.462	510	9.06	2.22	6	1	2.84	34.76	34.31	34.71	500.28	502.22	22.857	31.640	41.70	57.72	599.0	-0	184	101.6	5.83	-0.0915	1.0	111115
334	"10:25:52"	546.0	-6.43	0.462	510	9.05	2.22	6	1	2.84	34.76	34.30	34.71	500.38	502.26	22.867	31.646	41.71	57.72	599.1	-0	183	101.6	5.83	-0.0915	1.0	111115
335	"10:25:53"	547.0	-6.26	0.462	509	9.06	2.22	6	1	2.84	34.76	34.30	34.71	500.40	502.12	22.872	31.656	41.72	57.74	599.1	-0	181	101.6	5.83	-0.0915	1.0	111115
336	"10:25:55"	548.5	-6.52	0.463	510	9.06	2.22	6	1	2.84	34.76	34.31	34.71	500.30	502.27	22.879	31.666	41.73	57.75	599.1	-0	179	101.6	5.83	-0.0915	1.0	111115
337	"10:25:56"	549.5	-6.55	0.462	510	9.05	2.22	6	1	2.84	34.76	34.31	34.71	500.27	502.27	22.885	31.666	41.74	57.75	599.1	-0	177	101.6	5.83	-0.0915	1.0	111115
338	"10:25:57"	551.0	-6.55	0.461	510	9.04	2.22	6	1	2.84	34.76	34.31	34.71	500.23	502.24	22.895	31.666	41.75	57.75	599.1	-0	176	101.6	5.83	-0.0915	1.0	111115
339	"10:25:58"	552.0	-6.36	0.461	509	9.04	2.22	6	1	2.84	34.76	34.31	34.72	500.26	502.08	22.902	31.666	41.76	57.75	599.1	-0	174	101.6	5.83	-0.0915	1.0	111115
340	"10:26:00"	553.5	-6.26	0.461	509	9.03	2.22	6	1	2.84	34.76	34.32	34.72	500.31	502.03	22.911	31.672	41.78	57.75	599.1	-0	171	101.6	5.83	-0.0915	1.0	111115
341	"10:26:01"	554.5	-6.39	0.46	509	9.03	2.22	6	1	2.84	34.76	34.32	34.72	500.35	502.21	22.918	31.675	41.79	57.76	599.1	-0	168	101.6	5.83	-0.0915	1.0	111115
342	"10:26:02"	556.0	-6.51	0.46	510	9.02	2.22	6	1	2.84	34.76	34.32	34.72	500.29	502.28	22.929	31.675	41.81	57.75	599.1	-0	166	101.6	5.83	-0.0915	1.0	111115
343	"10:26:03"	557.0	-6.45	0.458	510	9.01	2.22	6	1	2.84	34.76	34.32	34.72	500.28	502.21	22.936	31.669	41.82	57.74	599.1	-0	165	101.6	5.83	-0.0915	1.0	111115
344	"10:26:05"	558.5	-6.27	0.458	509	9	2.22	6	1	2.84	34.77	34.32	34.72	500.23	501.98	22.944	31.671	41.83	57.74	599.1	-0	164	101.6	5.83	-0.0915	1.0	111115
345	"10:26:06"	559.5	-6.38	0.458	509	8.99	2.22	6	1	2.84	34.77	34.32	34.72	500.24	502.10	22.949	31.672	41.83	57.74	599.0	-0	163	101.6	5.83	-0.0915	1.0	111115
346	"10:26:07"	561.0	-6.36	0.458	509	8.99	2.22	6	1	2.84	34.77	34.32	34.72	500.26	502.10	22.959	31.677	41.85	57.74	599.1	-0	161	101.6	5.83	-0.0915	1.0	111115
347	"10:26:08"	562.0	-6.38	0.457	509	8.98	2.22	6	1	2.84	34.77	34.32	34.72	500.27	502.14	22.964	31.673	41.86	57.73	599.1	-0	160	101.6	5.83	-0.0915	1.0	111115
348	"10:26:10"	563.5	-6.16	0.456	509	8.97	2.22	6	1	2.84	34.77	34.33	34.73	500.36	502.01	22.975	31.672	41.87	57.72	599.1	-0	160	101.6	5.83	-0.0915	1.0	111115
349	"10:26:11"	564.5	-6.18	0.455	509	8.96	2.22	6	1	2.84	34.77	34.33	34.73	500.37	502.05	22.980	31.669	41.88	57.71	599.1	-0	162	101.6	5.83	-0.0915	1.0	111115
350	"10:26:12"	566.0	-6.17	0.455	509	8.96	2.22	6	1	2.84	34.77	34.33	34.73	500.39	502.07	22.988	31.678	41.89	57.72	599.0	-0	164	101.6	5.83	-0.0915	1.0	111115
351	"10:26:13"	567.0	-6.23	0.455	509	8.95	2.22	6	1	2.84	34.77	34.33	34.73	500.39	502.13	22.995	31.677	41.90	57.72	599.1	-0	169	101.6	5.83	-0.0915	1.0	111115
352	"10:26:15"	568.5	-6.22	0.455	509	8.96	2.22	6	1	2.84	34.78	34.33	34.73	500.41	502.13	23.005	31.695	41.92	57.75	599.1	-0	173	101.6	5.83	-0.0915	1.0	111115
353	"10:26:16"	569.5	-6.27	0.455	509	8.95	2.22	6	1	2.84	34.78	34.34	34.73	500.38	502.16	23.014	31.694	41.93	57.74	599.1	-0	174	101.6	5.83	-0.0915	1.0	111115
354	"10:26:17"	571.0	-6.21	0.455	509	8.95	2.22	6	1	2.84	34.78	34.34	34.73	500.33	502.05	23.022	31.699	41.94	57.75	599.2	-0	166	101.6	5.83	-0.0915	1.0	111115
355	"10:26:18"	572.0	-6.46	0.454	510	8.94	2.22	6	1	2.84	34.78	34.33	34.73	500.25	502.22	23.029	31.698	41.95	57.75	599.3	-0	158	101.6	5.83	-0.0915	1.0	111115
356	"10:26:20"	573.5	-6.61	0.453	511	8.92	2.22	6	1	2.84	34.78	34.33	34.74	500.13	502.26	23.036	31.687	41.96	57.72	599.3	-0	143	101.6	5.83	-0.0915	1.0	111115
357	"10:26:21"	574.5	-6.7	0.453	511	8.93	2.22	6	1	2.84	34.78	34.33	34.74	500.07	502.29	23.043	31.697	41.97	57.74	599.2	-0	131	101.6	5.83	-0.0915	1.0	111115
358	"10:26:22"	576.0	-6.61	0.452	511	8.91	2.22	6	1	2.84	34.78	34.33	34.74	500.05	502.19	23.050	31.691	41.98	57.72	599.0	-0	132	101.6	5.83	-0.0915	1.0	111115
359	"10:26:23"	577.0	-6.39	0.452	510	8.9	2.22	6	1	2.84	34.78	34.33	34.74	500.12	502.04	23.057	31.693	42.00	57.72	599.0	-0	135	101.6	5.83	-0.0915	1.0	111115
360	"10:26:25"	578.5	-6.5	0.451	510	8.89	2.22	6	1	2.84	34.78	34.34	34.74	500.09	502.13	23.065	31.685	42.01	57.71	599.0	-0	146	101.6	5.83	-0.0915	1.0	111115
361	"10:26:26"	579.5	-6.35	0.451	510	8.89	2.22	6	1	2.84	34.78	34.34	34.74	500.19	502.08	23.071	31.691	42.02	57.72	599.0	-0	142	101.6	5.83	-0.0915	1.0	111115
362	"10:26:27"	581.0	-6.17	0.451	509	8.89	2.22	6	1	2.84	34.79	34.34	34.74	500.27	501.98	23.079	31.700	42.03	57.73	599.1	-0	139	101.6	5.83	-0.0915	1.0	111115
363	"10:26:28"	582.0	-5.93	0.451	508	8.89	2.22	6	1	2.84	34.79	34.34	34.74	500.36	501.83	23.084	31.703	42.04	57.73	599.1	-0	143	101.6	5.83	-0.0915	1.0	111115
364	"10:26:30"	582.5	-5.89	0.451	507	8.89	2.22	6	1	2.84	34.79	34.34	34.74	500.36	501.80	23.088	31.709	42.04	57.74	599.1	-0	138	101.6	5.83	-0.0915	1.0	111115
365	"10:26:31"	584.5	-5.88	0.448	507	8.85	2.23	6	1	2.84	34.79	34.35	34.74	500.28	501.73	23.100	31.686	42.06	57.69	599.1	-0	120	101.6	5.83	-0.0915	0.7	111115
366	"10:26:32"	586.0	-6.17	0.449	509	8.86	2.22	6	1	2.84	34.79	34.35	34.74	500.20	501.93	23.108	31.696	42.07	57.71	599.1	-0	101	101.6	5.83	-0.0915	0.7	111115
367	"10:26:33"	587.0	-6.27	0.452	509	8.9	2.22	6	1	2.84	34.79	34.34	34.74	500.21	502.02	23.116	31.742	42.09	57.79	599.2	-0	104	101.6	5.83	-0.0915	0.7	111115
368	"10:26:35"	588.5	-6.47	0.457	510	8.95	2.21	6	1	2.84	34.79	34.34	34.75	500.15	502.13	23.125	31.804	42.10	57.90	599.2	-0	105	101.6	5.83	-0.0915	0.7	111115
369	"10:26:36"	589.5	-6.4	0.457	510	8.96	2.21	6	1	2.84	34.79	34.35	34.75	500.17	502.07	23.132	31.815	42.11	57.92	599.1	-0	104	101.6	5.83	-0.0915	1.0	111115
370	"10:26:37"	591.0	-6.25	0.447	509	8.83	2.22	6	1	2.84	34.79	34.35	34.75	500.06	501.89	23.141	31.700	42.13	57.71	599.1	-0	104	101.6	5.83	-0.0915	1.0	111115
371	"10:26:38"	592.0	-6.07	0.439	509	8.73	2.23	6	1	2.84	34.79	34.35	34.75	500.11	501.81	23.147	31.611	42.14	57.55	599.1	-0	103	101.6	5.83	-0.0915	1.0	111115
372	"10:26:40"	593.5	-5.82	0.43	508	8.6	2.24	6	1	2.84	34.79	34.34	34.75	500.13	501.64	23.154	31.499	42.15	57.34	599.1	-0	109	101.6	5.83	-0.0915	0.7	111115
373	"10:26:41"	594.5	-5.64	0.427	507	8.57	2.25	6	1	2.84	34.79	34.34	34.75	500.20	501.55	23.160	31.473	42.16	57.29	599.1	-0	117	101.6	5.83	-0.0915	0.7	111115
374	"10:26:42"	596.0	-5.75	0.435	507	8.66	2.24	6	1	2.84	34.79	34.34	34.75	500.28	501.68	23.168	31.571	42.18	57.47	599.1	-0	128	101.6	5.83	-0.0915	0.7	111115
375	"10:26:43"	597.0	-6	0.446	508	8.8	2.22	6	1	2.84	34.79	34.34	34.75	500.30	501.88	23.176	31.710	42.19	57.72	599.1	-0	133	101.6	5.83	-0.0915	0.7	111115
376	"10:26:45"	598.5	-6.29	0.471	509	9.1	2.19	6	1	2.84	34.80	34.35	34.75	500.35	502.07	23.185	32.009	42.20	58.26	599.1	-0	133	101.6	5.83	-0.0915	1.0	111115
377	"10:26:46"	599.5	-6.53	0.486	509	9.29	2.18	6	1	2.84	34.80	34.35	34.75	500.32	502.19	23.191	32.193	42.21	58.59	599.0	-0	132	101.6	5.83	-0.0915	1.0	111115
378	"10:26:47"	601.0	-6.82	0.509	510	9.54	2.15	6	1	2.84	34.80	34.35	34.75	500.27	502.30	23.202	32.449	42.22	59.05	599.1	-0	118	101.6	5.83	-0.0915	0.7	111115
379	"10:26:48"	602.0	-7.1	0.522	510	9.69	2.14	6	1	2.84	34.80	34.35	34.75	500.22	502.46	23.208	32.592	42.23	59.30	599.1	-0	121	101.6	5.83	-0.0915	0.3	111115
380	"10:26:50"	603.5	-7.18	0.541	510	9.88	2.12	6	1	2.84	34.80	34.35	34.75	500.18	502.40	23.217	32.790	42.24	59.66	599.1	-0	128	101.6	5.83	-0.0915	0.3	111115
381	"10:26:51"	604.5	-7.21	0.552	510	10	2.1	6	1	2.84	34.80	34.35	34.75	500.21	502.40	23.223	32.906	42.25	59.87	599.1	-0	141	101.6	5.83	-0.0915	0.3	111115
382	"10:26:52"	606.0	-7.11	0.567	509	10.1	2.09	6	1	2.84	34.81	34.36	34.76	500.27	502.28	23.233	33.061	42.26	60.14	599.1	-0	152	101.6	5.83	-0.0915	0.3	111115
383	"10:26:53"	607.0	-7.18	0.576	509	10.2	2.08	6	1	2.84	34.81	34.36	34.76	500.27	502.30	23.239	33.156	42.27	60.31	599.1	-0	151	101.6	5.83	-0.0915	0.3	111115
384	"10:26:55"	608.5	-7.25	0.588	509	10.4	2.07	6	1	2.84	34.81	34.36	34.76	500.23	502.27	23.249	33.285	42.29	60.54	599.1	-0	148	101.6	5.83	-0.0915	0.3	111115
385	"10:26:56"	609.5	-7.45	0.596	509	10.4	2.06	6	1	2.84	34.81	34.36	34.76	500.18	502.39	23.255	33.361	42.30	60.68	599.1	-0	146	101.6	5.83	-0.0915	0.3	111115
386	"10:26:57"	611.0	-7.37	0.605	509	10.5	2.05	6	1	2.84	34.81	34.36	34.76	500.21	502.30	23.264	33.452	42.31	60.84	599.1	-0	146	101.6	5.83	-0.0915	0.3	111115
387	"10:26:58"	612.0	-7.4	0.609	509	10.6	2.05	6	1	2.84	34.81	34.36	34.76	500.17	502.27	23.271	33.495	42.32	60.92	599.1	-0	145	101.6	5.83	-0.0915	0.3	111115
388	"10:27:00"	613.5	-7.36	0.615	508	10.6	2.04	6	1	2.84	34.81	34.36	34.76	500.17	502.21	23.280	33.554	42.34	61.02	599.1	-0	145	101.6	5.83	-0.0915	0.3	111115
389	"10:27:01"	614.5	-7.27	0.618	508	10.6	2.04	6	1	2.84	34.81	34.37	34.76	500.23	502.16	23.288	33.586	42.35	61.08	599.2	-0	146	101.6	5.83	-0.0915	0.7	111115
390	"10:27:02"	616.0	-7.09	0.621	507	10.7	2.04	6	1	2.84	34.81	34.37	34.76	500.27	502.01	23.295	33.620	42.36	61.14	599.2	-0	146	101.6	5.83	-0.0915	0.7	111115
391	"10:27:03"	617.0	-6.93	0.622	507	10.7	2.03	6	1	2.84	34.81	34.37	34.76	500.29	501.87	23.303	33.638	42.38	61.17	599.1	-0	146	101.6	5.83	-0.0915	0.7	111115
392	"10:27:04"	617.5	-6.78	0.624	506	10.7	2.03	6	1	2.84	34.81	34.37	34.76	500.35	501.76	23.307	33.653	42.38	61.19	599.1	-0	146	101.6	5.83	-0.0915	0.3	111115
393	"10:27:06"	619.5	-6.6	0.627	505	10.7	2.03	6	1	2.84	34.81	34.37	34.76	500.36	501.58	23.319	33.693	42.40	61.26	599.1	-0	147	101.6	5.83	-0.0915	0.3	111115
394	"10:27:07"	621.0	-6.62	0.628	505	10.7	2.03	6	1	2.84	34.81	34.37	34.76	500.30	501.54	23.327	33.714	42.41	61.30	599.0	-0	148	101.6	5.83	-0.0915	0.3	111115
395	"10:27:08"	622.0	-6.67	0.629	505	10.7	2.03	6	1	2.84	34.82	34.37	34.77	500.26	501.55	23.332	33.726	42.42	61.32	599.0	-0	148	101.6	5.83	-0.0915	0.3	111115
396	"10:27:10"	623.5	-6.75	0.629	506	10.7	2.03	6	1	2.84	34.82	34.38	34.77	500.24	501.60	23.343	33.736	42.44	61.33	599.1	-0	144	101.6	5.83	-0.0915	0.3	111115
397	"10:27:11"	624.5	-6.69	0.63	505	10.7	2.03	6	1	2.84	34.82	34.38	34.77	500.27	501.57	23.349	33.744	42.45	61.34	599.2	-0	141	101.6	5.83	-0.0915	0.3	111115
398	"10:27:12"	626.0	-6.65	0.629	505	10.7	2.03	6	1	2.84	34.82	34.38	34.77	500.27	501.54	23.357	33.743	42.46	61.34	599.2	-0	138	101.6	5.83	-0.0915	0.3	111115
399	"10:27:13"	627.0	-6.62	0.628	505	10.7	2.03	6	1	2.84	34.82	34.38	34.77	500.27	501.51	23.364	33.746	42.47	61.34	599.2	-0	138	101.6	5.83	-0.0915	0.3	111115
400	"10:27:15"	628.5	-6.63	0.628	505	10.7	2.03	6	1	2.84	34.82	34.38	34.77	500.24	501.50	23.374	33.752	42.48	61.35	599.1	-0	136	101.6	5.83	-0.0915	0.3	111115
401	"10:27:16"	629.5	-6.5	0.628	505	10.7	2.03	6	1	2.84	34.82	34.39	34.77	500.25	501.37	23.381	33.761	42.49	61.36	599.1	-0	132	101.6	5.83	-0.0915	0.7	111115
402	"10:27:17"	630.0	-6.48	0.628	505	10.7	2.03	6	1	2.84	34.82	34.39	34.77	500.24	501.34	23.384	33.763	42.50	61.36	599.1	-0	130	101.6	5.83	-0.0915	0.7	111115
403	"10:27:18"	632.0	-6.18	0.626	504	10.7	2.03	6	1	2.84	34.82	34.39	34.77	500.32	501.13	23.395	33.751	42.51	61.33	599.1	-0	120	101.6	5.83	-0.0915	0.7	111115
404	"10:27:19"	632.5	-6.15	0.625	503	10.7	2.03	6	1	2.84	34.82	34.39	34.77	500.31	501.10	23.397	33.748	42.52	61.33	599.1	-0	120	101.6	5.83	-0.0915	0.7	111115
405	"10:27:21"	634.5	-6.16	0.623	504	10.7	2.03	6	1	2.84	34.83	34.39	34.78	500.34	501.16	23.410	33.746	42.54	61.32	599.1	-0	123	101.6	5.83	-0.0915	0.7	111115
406	"10:27:22"	635.5	-6.28	0.626	504	10.7	2.03	6	1	2.84	34.83	34.39	34.78	500.32	501.24	23.414	33.768	42.54	61.35	599.1	-0	131	101.6	5.83	-0.0915	0.7	111115
407	"10:27:23"	637.0	-6.22	0.626	504	10.7	2.03	6	1	2.84	34.83	34.39	34.78	500.33	501.18	23.424	33.781	42.56	61.37	599.1	-0	146	101.6	5.83	-0.0915	0.7	111115
408	"10:27:24"	638.0	-6.19	0.624	504	10.7	2.03	6	1	2.84	34.83	34.40	34.78	500.33	501.16	23.430	33.772	42.57	61.35	599.0	-0	156	101.6	5.83	-0.0915	0.7	111115
409	"10:27:26"	639.5	-5.92	0.616	503	10.6	2.04	6	1	2.84	34.83	34.40	34.78	500.33	500.94	23.440	33.707	42.58	61.23	599.1	-0	155	101.6	5.83	-0.0915	0.7	111115
410	"10:27:27"	640.0	-5.88	0.613	503	10.6	2.04	6	1	2.84	34.83	34.40	34.78	500.35	500.93	23.444	33.686	42.59	61.19	599.1	-0	152	101.6	5.83	-0.0915	0.7	111115
411	"10:27:28"	641.5	-5.77	0.607	502	10.5	2.04	6	1	2.84	34.83	34.40	34.78	500.31	500.81	23.452	33.633	42.60	61.09	599.1	-0	144	101.6	5.83	-0.0915	0.7	111115
412	"10:27:29"	643.0	-5.88	0.603	503	10.5	2.05	6	1	2.84	34.83	34.40	34.79	500.30	500.94	23.462	33.603	42.61	61.03	599.1	-0	138	101.6	5.83	-0.0915	0.7	111115
413	"10:27:30"	644.0	-5.85	0.601	503	10.5	2.05	6	1	2.84	34.83	34.40	34.79	500.33	500.93	23.466	33.595	42.62	61.01	599.1	-0	138	101.6	5.83	-0.0915	0.7	111115
414	"10:27:32"	645.5	-5.74	0.599	502	10.4	2.05	6	1	2.84	34.84	34.41	34.79	500.40	500.91	23.477	33.584	42.63	60.99	599.1	-0	137	101.6	5.83	-0.0915	0.7	111115
415	"10:27:33"	646.5	-5.72	0.599	502	10.4	2.05	6	1	2.84	34.84	34.41	34.79	500.34	500.84	23.481	33.582	42.64	60.98	599.1	-0	137	101.6	5.83	-0.0915	0.7	111115
416	"10:27:34"	648.0	-5.81	0.597	503	10.4	2.05	6	1	2.84	34.84	34.41	34.79	500.23	500.82	23.489	33.579	42.65	60.97	599.1	-0	138	101.6	5.83	-0.0915	0.7	111115
417	"10:27:35"	649.0	-5.82	0.597	503	10.4	2.05	6	1	2.84	34.84	34.41	34.79	500.20	500.79	23.493	33.582	42.65	60.97	599.1	-0	138	101.6	5.83	-0.0915	0.7	111115
418	"10:27:37"	650.5	-5.91	0.595	503	10.4	2.06	6	1	2.84	34.84	34.42	34.79	500.20	500.89	23.500	33.571	42.66	60.95	599.0	-0	138	101.6	5.83	-0.0915	0.7	111115
419	"10:27:38"	651.5	-5.84	0.594	503	10.4	2.06	6	1	2.84	34.84	34.42	34.79	500.24	500.88	23.505	33.571	42.67	60.94	599.0	-0	138	101.6	5.83	-0.0915	0.7	111115
420	"10:27:39"	653.0	-5.92	0.593	503	10.4	2.06	6	1	2.84	34.84	34.42	34.79	500.26	500.98	23.514	33.571	42.68	60.93	599.1	-0	138	101.6	5.83	-0.0915	0.7	111115
421	"10:27:40"	654.0	-5.97	0.593	503	10.4	2.06	6	1	2.84	34.85	34.42	34.80	500.25	501.01	23.518	33.576	42.69	60.94	599.0	-0	139	101.6	5.83	-0.0915	1.0	111115
422	"10:27:42"	655.5	-6	0.592	503	10.4	2.06	6	1	2.84	34.85	34.42	34.80	500.21	501.01	23.527	33.573	42.70	60.93	599.1	-0	139	101.6	5.83	-0.0915	1.0	111115
423	"10:27:43"	656.5	-5.97	0.592	503	10.4	2.06	6	1	2.84	34.85	34.43	34.80	500.22	500.99	23.532	33.576	42.70	60.93	599.1	-0	139	101.6	5.83	-0.0915	1.0	111115
424	"10:27:44"	658.0	-6.09	0.59	504	10.4	2.06	6	1	2.84	34.85	34.43	34.80	500.20	501.10	23.540	33.562	42.71	60.90	599.2	-0	139	101.6	5.83	-0.0915	1.0	111115
425	"10:27:45"	659.0	-6.04	0.59	504	10.4	2.06	6	1	2.84	34.85	34.43	34.80	500.25	501.10	23.545	33.568	42.72	60.91	599.1	-0	139	101.6	5.83	-0.0915	1.0	111115
426	"10:27:47"	660.5	-5.98	0.589	504	10.3	2.06	6	1	2.84	34.85	34.43	34.80	500.25	501.06	23.553	33.558	42.73	60.88	599.1	-0	142	101.6	5.83	-0.0915	1.0	111115
427	"10:27:48"	661.5	-5.92	0.588	503	10.3	2.06	6	1	2.84	34.85	34.43	34.80	500.30	501.05	23.557	33.558	42.74	60.88	599.1	-0	150	101.6	5.83	-0.0915	1.0	111115
428	"10:27:49"	663.0	-5.75	0.587	503	10.3	2.06	6	1	2.84	34.86	34.43	34.80	500.37	500.95	23.565	33.555	42.75	60.87	599.1	-0	165	101.6	5.83	-0.0915	1.0	111115
429	"10:27:50"	664.0	-5.7	0.586	503	10.3	2.06	6	1	2.84	34.86	34.43	34.81	500.37	500.91	23.572	33.554	42.76	60.86	599.1	-0	174	101.6	5.83	-0.0915	1.0	111115
430	"10:27:52"	665.5	-5.63	0.585	502	10.3	2.06	6	1	2.84	34.86	34.44	34.81	500.31	500.78	23.580	33.546	42.76	60.84	599.1	-0	161	101.6	5.83	-0.0915	1.0	111115
431	"10:27:53"	666.5	-5.7	0.583	503	10.3	2.07	6	1	2.84	34.86	34.44	34.81	500.28	500.83	23.585	33.541	42.77	60.82	599.1	-0	147	101.6	5.83	-0.0915	1.0	111115
432	"10:27:54"	668.0	-5.73	0.583	503	10.3	2.07	6	1	2.84	34.86	34.44	34.81	500.26	500.85	23.593	33.546	42.78	60.83	599.0	-0	143	101.6	5.83	-0.0915	1.0	111115
433	"10:27:55"	669.0	-5.79	0.583	503	10.3	2.07	6	1	2.84	34.86	34.44	34.81	500.28	500.92	23.597	33.546	42.79	60.83	599.0	-0	152	101.6	5.83	-0.0915	1.0	111115
434	"10:27:57"	670.5	-5.88	0.583	503	10.3	2.07	6	1	2.84	34.86	34.44	34.81	500.24	500.97	23.604	33.552	42.80	60.83	599.1	-0	171	101.6	5.83	-0.0915	1.0	111115
435	"10:27:58"	671.5	-5.97	0.582	504	10.3	2.07	6	1	2.84	34.87	34.44	34.81	500.22	501.04	23.607	33.547	42.80	60.82	599.2	-0	172	101.6	5.83	-0.0915	1.0	111115
436	"10:27:59"	673.0	-5.99	0.581	504	10.3	2.07	6	1	2.84	34.87	34.44	34.82	500.21	501.07	23.615	33.544	42.81	60.81	599.1	-0	173	101.6	5.83	-0.0915	1.0	111115
437	"10:28:00"	674.0	-5.83	0.58	503	10.2	2.07	6	1	2.84	34.87	34.45	34.82	500.30	501.00	23.621	33.537	42.82	60.79	599.1	-0	174	101.6	5.83	-0.0915	1.0	111115
438	"10:28:02"	675.5	-5.76	0.579	503	10.2	2.07	6	1	2.84	34.87	34.45	34.82	500.29	500.92	23.629	33.539	42.83	60.79	599.0	-0	176	101.6	5.83	-0.0915	1.0	111115
439	"10:28:03"	676.5	-5.75	0.578	503	10.2	2.07	6	1	2.84	34.87	34.45	34.82	500.28	500.92	23.635	33.534	42.83	60.77	599.0	-0	177	101.6	5.83	-0.0915	1.0	111115
440	"10:28:04"	678.0	-5.77	0.578	503	10.2	2.07	6	1	2.84	34.87	34.45	34.82	500.31	500.96	23.643	33.535	42.84	60.77	599.0	-0	178	101.6	5.83	-0.0915	1.0	111115
441	"10:28:05"	679.0	-5.67	0.577	503	10.2	2.07	6	1	2.84	34.88	34.45	34.82	500.37	500.93	23.649	33.533	42.85	60.76	599.1	-0	178	101.6	5.83	-0.0915	1.0	111115
442	"10:28:07"	680.5	-5.49	0.576	502	10.2	2.07	6	1	2.84	34.88	34.45	34.82	500.46	500.84	23.655	33.535	42.86	60.76	599.1	-0	178	101.6	5.83	-0.0915	1.0	111115
443	"10:28:08"	681.5	-5.54	0.576	502	10.2	2.07	6	1	2.84	34.88	34.45	34.82	500.42	500.85	23.660	33.535	42.87	60.76	599.1	-0	178	101.6	5.83	-0.0915	1.0	111115
444	"10:28:09"	683.0	-5.55	0.575	502	10.2	2.07	6	1	2.84	34.88	34.46	34.83	500.34	500.79	23.670	33.537	42.88	60.76	599.1	-0	177	101.6	5.83	-0.0915	1.0	111115
445	"10:28:10"	684.0	-5.67	0.575	503	10.2	2.07	6	1	2.84	34.88	34.46	34.83	500.29	500.86	23.675	33.538	42.89	60.75	599.1	-0	166	101.6	5.83	-0.0915	1.0	111115
446	"10:28:12"	685.5	-5.98	0.574	504	10.2	2.07	6	1	2.84	34.88	34.46	34.83	500.16	501.03	23.680	33.540	42.89	60.75	599.1	-0	137	101.6	5.83	-0.0915	1.0	111115
447	"10:28:13"	686.5	-6.11	0.575	504	10.2	2.07	6	1	2.84	34.88	34.47	34.83	500.17	501.18	23.683	33.550	42.89	60.76	599.1	-0	117	101.6	5.83	-0.0915	1.0	111115
448	"10:28:14"	688.0	-6.06	0.574	504	10.2	2.07	6	1	2.84	34.89	34.47	34.83	500.18	501.14	23.688	33.548	42.90	60.75	599.0	-0	99	101.6	5.83	-0.0915	1.0	111115
449	"10:28:15"	689.0	-5.94	0.573	504	10.2	2.07	6	1	2.84	34.89	34.47	34.83	500.23	501.07	23.695	33.543	42.91	60.74	599.1	-0	98	101.6	5.83	-0.0915	1.0	111115
450	"10:28:17"	690.5	-5.88	0.571	504	10.2	2.08	6	1	2.84	34.89	34.47	34.84	500.20	500.99	23.701	33.536	42.91	60.72	599.1	-0	97	101.6	5.83	-0.0915	1.0	111115
451	"10:28:18"	691.5	-5.9	0.571	504	10.2	2.08	6	1	2.84	34.89	34.47	34.84	500.20	501.01	23.706	33.537	42.92	60.71	599.1	-0	97	101.6	5.83	-0.0915	1.0	111115
452	"10:28:19"	693.0	-5.65	0.57	503	10.1	2.08	6	1	2.84	34.89	34.47	34.84	500.35	500.92	23.713	33.534	42.93	60.70	599.1	-0	97	101.6	5.83	-0.0915	1.0	111115
453	"10:28:20"	694.0	-5.66	0.57	503	10.1	2.08	6	1	2.84	34.89	34.47	34.84	500.40	500.98	23.718	33.532	42.93	60.70	599.1	-0	97	101.6	5.83	-0.0915	1.0	111115
454	"10:28:22"	695.5	-5.59	0.568	503	10.1	2.08	6	1	2.84	34.90	34.47	34.84	500.43	500.95	23.723	33.525	42.94	60.68	599.1	-0	97	101.6	5.83	-0.0915	1.0	111115
455	"10:28:23"	696.5	-5.73	0.567	503	10.1	2.08	6	1	2.84	34.90	34.47	34.84	500.33	500.99	23.726	33.518	42.94	60.66	599.1	-0	97	101.6	5.83	-0.0915	1.0	111115
456	"10:28:24"	698.0	-5.69	0.566	503	10.1	2.08	6	1	2.84	34.90	34.48	34.84	500.22	500.85	23.731	33.512	42.95	60.65	599.2	-0	97	101.6	5.83	-0.0915	1.0	111115
457	"10:28:25"	699.0	-5.72	0.565	503	10.1	2.08	6	1	2.84	34.90	34.48	34.85	500.15	500.81	23.735	33.504	42.95	60.63	599.2	-0	99	101.6	5.83	-0.0915	1.0	111115
458	"10:28:26"	699.5	-5.67	0.565	503	10.1	2.08	6	1	2.84	34.90	34.48	34.85	500.18	500.79	23.738	33.505	42.96	60.63	599.2	-0	100	101.6	5.83	-0.0915	1.0	111115
459	"10:28:28"	701.5	-5.48	0.563	502	10.1	2.08	6	1	2.84	34.90	34.48	34.85	500.27	500.71	23.748	33.501	42.97	60.61	599.1	-0	106	101.6	5.83	-0.0915	1.0	111115
460	"10:28:29"	702.5	-5.46	0.562	502	10.1	2.08	6	1	2.84	34.90	34.49	34.85	500.30	500.72	23.752	33.499	42.97	60.60	599.0	-0	109	101.6	5.83	-0.0915	0.7	111115
461	"10:28:30"	704.0	-5.73	0.562	503	10.1	2.08	6	1	2.84	34.91	34.48	34.85	500.32	501.01	23.757	33.494	42.98	60.59	599.0	-0	110	101.6	5.83	-0.0915	0.7	111115
462	"10:28:31"	705.0	-5.86	0.561	504	10.1	2.08	6	1	2.84	34.91	34.48	34.85	500.26	501.09	23.760	33.492	42.98	60.58	599.0	-0	110	101.6	5.83	-0.0915	1.0	111115
463	"10:28:33"	706.5	-6.04	0.56	505	10	2.09	6	1	2.84	34.91	34.49	34.85	500.17	501.18	23.764	33.479	42.98	60.55	599.0	-0	121	101.6	5.83	-0.0915	1.0	111115
464	"10:28:34"	707.5	-5.85	0.559	504	10	2.09	6	1	2.84	34.91	34.49	34.86	500.18	501.01	23.768	33.473	42.99	60.54	599.0	-0	129	101.6	5.83	-0.0915	1.0	111115
465	"10:28:35"	709.0	-5.63	0.558	503	10	2.09	6	1	2.84	34.91	34.49	34.86	500.24	500.85	23.775	33.468	42.99	60.52	599.1	-0	134	101.6	5.83	-0.0915	1.0	111115
466	"10:28:36"	710.0	-5.6	0.557	503	10	2.09	6	1	2.84	34.91	34.49	34.86	500.27	500.86	23.779	33.465	43.00	60.51	599.1	-0	127	101.6	5.83	-0.0915	1.0	111115
467	"10:28:38"	711.5	-5.51	0.556	502	10	2.09	6	1	2.84	34.91	34.49	34.86	500.32	500.82	23.782	33.461	43.00	60.50	599.2	-0	103	101.6	5.83	-0.0915	1.0	111115
468	"10:28:39"	712.5	-5.61	0.555	503	10	2.09	6	1	2.84	34.91	34.49	34.86	500.25	500.86	23.783	33.457	43.00	60.49	599.2	-0	100	101.6	5.83	-0.0915	1.0	111115
469	"10:28:40"	714.0	-5.57	0.554	503	9.98	2.09	6	1	2.84	34.92	34.49	34.86	500.29	500.86	23.788	33.449	43.01	60.47	599.1	-0	101	101.6	5.83	-0.0915	1.0	111115
470	"10:28:41"	715.0	-5.56	0.554	503	9.98	2.09	6	1	2.84	34.92	34.49	34.86	500.25	500.80	23.792	33.452	43.01	60.47	599.1	-0	110	101.6	5.83	-0.0915	1.0	111115
471	"10:28:43"	716.5	-5.71	0.553	503	9.96	2.09	6	1	2.84	34.92	34.50	34.87	500.24	500.96	23.798	33.444	43.02	60.45	599.1	-0	123	101.6	5.83	-0.0915	1.0	111115
472	"10:28:44"	717.5	-5.56	0.552	503	9.95	2.09	6	1	2.84	34.92	34.50	34.87	500.28	500.85	23.803	33.439	43.02	60.44	599.0	-0	130	101.6	5.83	-0.0915	1.0	111115
473	"10:28:45"	719.0	-5.52	0.55	503	9.93	2.1	6	1	2.84	34.92	34.50	34.87	500.31	500.85	23.807	33.423	43.03	60.41	599.1	-0	143	101.6	5.83	-0.0915	1.0	111115
474	"10:28:46"	720.0	-5.4	0.549	502	9.93	2.1	6	1	2.84	34.92	34.50	34.87	500.37	500.80	23.812	33.423	43.03	60.41	599.1	-0	147	101.6	5.83	-0.0915	1.0	111115
475	"10:28:48"	721.5	-5.38	0.548	502	9.92	2.1	6	1	2.84	34.92	34.50	34.87	500.36	500.78	23.815	33.414	43.04	60.38	599.1	-0	150	101.6	5.83	-0.0915	1.0	111115
476	"10:28:49"	722.5	-5.56	0.548	503	9.91	2.1	6	1	2.84	34.92	34.50	34.87	500.28	500.88	23.817	33.414	43.04	60.38	599.1	-0	152	101.6	5.83	-0.0915	1.0	111115
477	"10:28:50"	724.0	-5.7	0.547	503	9.91	2.1	6	1	2.84	34.93	34.50	34.87	500.14	500.88	23.821	33.412	43.04	60.37	599.1	-0	156	101.6	5.83	-0.0915	1.0	111115
478	"10:28:51"	725.0	-5.87	0.547	504	9.9	2.1	6	1	2.84	34.93	34.50	34.88	500.11	501.03	23.826	33.409	43.05	60.36	599.1	-0	158	101.6	5.83	-0.0915	1.0	111115
479	"10:28:53"	726.5	-5.68	0.545	503	9.89	2.1	6	1	2.84	34.93	34.50	34.88	500.20	500.93	23.830	33.399	43.05	60.34	599.1	-0	159	101.6	5.83	-0.0915	1.0	111115
480	"10:28:54"	727.0	-5.66	0.545	503	9.88	2.1	6	1	2.84	34.93	34.50	34.88	500.21	500.92	23.832	33.395	43.05	60.33	599.1	-0	158	101.6	5.83	-0.0915	1.0	111115
481	"10:28:55"	728.5	-5.49	0.545	503	9.88	2.1	6	1	2.84	34.93	34.50	34.88	500.30	500.85	23.836	33.396	43.06	60.33	599.1	-0	158	101.6	5.83	-0.0915	1.0	111115
482	"10:28:56"	730.0	-5.41	0.544	502	9.87	2.1	6	1	2.84	34.93	34.50	34.88	500.32	500.78	23.842	33.394	43.07	60.32	599.1	-0	157	101.6	5.83	-0.0915	1.0	111115
483	"10:28:57"	731.0	-5.32	0.544	502	9.86	2.1	6	1	2.84	34.93	34.50	34.88	500.32	500.71	23.845	33.392	43.07	60.31	599.1	-0	156	101.6	5.83	-0.0915	1.0	111115
484	"10:28:59"	732.5	-5.39	0.543	502	9.85	2.1	6	1	2.84	34.93	34.50	34.88	500.27	500.72	23.848	33.389	43.07	60.30	599.0	-0	155	101.6	5.83	-0.0915	1.0	111115
485	"10:29:00"	733.0	-5.51	0.543	503	9.85	2.1	6	1	2.84	34.93	34.50	34.88	500.22	500.79	23.850	33.390	43.07	60.30	599.1	-0	155	101.6	5.83	-0.0915	1.0	111115
486	"10:29:01"	734.0	-5.7	0.543	503	9.85	2.1	6	1	2.84	34.94	34.50	34.88	500.12	500.88	23.851	33.387	43.08	60.30	599.1	-0	153	101.6	5.83	-0.0915	1.0	111115
487	"10:29:02"	736.0	-5.78	0.542	504	9.84	2.1	6	1	2.84	34.94	34.49	34.89	500.09	500.94	23.858	33.380	43.09	60.28	599.2	-0	152	101.6	5.83	-0.0915	1.0	111115
488	"10:29:03"	737.0	-5.71	0.541	504	9.82	2.1	6	1	2.84	34.94	34.50	34.89	500.14	500.93	23.863	33.370	43.09	60.26	599.2	-0	151	101.6	5.83	-0.0915	1.0	111115
489	"10:29:04"	737.5	-5.68	0.541	503	9.82	2.1	6	1	2.84	34.94	34.50	34.89	500.16	500.93	23.864	33.372	43.10	60.27	599.2	-0	150	101.6	5.83	-0.0915	1.0	111115
490	"10:29:06"	739.5	-5.62	0.541	503	9.82	2.1	6	1	2.84	34.94	34.49	34.89	500.16	500.86	23.870	33.376	43.11	60.27	599.1	-0	151	101.6	5.83	-0.0915	1.0	111115
491	"10:29:07"	740.0	-5.64	0.541	503	9.82	2.1	6	1	2.84	34.94	34.49	34.89	500.17	500.89	23.872	33.377	43.11	60.27	599.1	-0	151	101.6	5.83	-0.0915	1.0	111115
492	"10:29:08"	742.0	-5.59	0.543	503	9.83	2.1	6	1	2.84	34.94	34.49	34.89	500.17	500.83	23.878	33.398	43.12	60.31	599.0	-0	153	101.6	5.83	-0.0915	1.0	111115
