"OPEN 5.3.2"
"Fri Aug  3 2018 12:52:28"
"Unit="	"PSC-895"
"ComputeList="	"/User/Configs/Comps/Default"
"BLCTable="	"/Sys/Lib/StdBLCTable"
"LightSource="	"Sun+Sky"	1	0.19
"LogFormat="	"/User/Configs/LogFormats/Std Output"
"LogCodes="	-35	-21	-36	30	23	36	21	25	-33	-34	-32	-9	-10	-8	-1	-2	-4	-5	-14	-15	-7	-12	-13	-11	-65	-66	-72	-23
"PromptList="	"/User/Configs/Prompts/Default (none)"
"Stability= (CO2S 15s SLP<1)(H2OS 15s SLP<1)(Flow 15s SLP<1)"
"12:52:30 "
$STARTOFDATA$
"Obs"	"HHMMSS"	"FTime"	"Photo"	"Cond"	"Ci"	"Trmmol"	"VpdL"	"Area"	"StmRat"	"BLCond"	"Tair"	"Tleaf"	"TBlk"	"CO2R"	"CO2S"	"H2OR"	"H2OS"	"RH_R"	"RH_S"	"Flow"	"PARi"	"PARo"	"Press"	"CsMch"	"HsMch"	"StableF"	"Status"
1	"12:56:08"	231.5	0.179	-0.000764	865	-0.0152	1.98	6	1	2.84	27.10	26.47	27.10	512.89	512.72	14.657	14.642	41.43	41.39	600.3	-0	6	101.8	-1.03	-0.142	0.3	111115
2	"12:56:09"	232.5	0.05	-0.000542	642	-0.0108	1.98	6	1	2.84	27.10	26.47	27.10	512.83	512.78	14.654	14.644	41.43	41.40	600.2	-0	6	101.8	-1.03	-0.142	0.7	111115
3	"12:56:11"	234.0	-1.92	-0.000583	-4.69E+03	-0.0116	1.98	6	1	2.84	27.10	26.46	27.10	510.86	512.78	14.654	14.642	41.43	41.40	600.1	-0	6	101.8	-1.03	-0.142	0.7	111115
4	"12:56:12"	235.0	-5.67	-0.000533	-1.62E+04	-0.0106	1.98	6	1	2.84	27.10	26.46	27.10	506.99	512.66	14.653	14.642	41.44	41.41	600.1	-0	6	101.8	-1.03	-0.142	0.7	111115
5	"12:56:13"	236.5	-14.4	-0.000659	-3.38E+04	-0.0131	1.98	6	1	2.84	27.09	26.46	27.09	497.59	511.97	14.655	14.642	41.45	41.42	600.0	-0	6	101.8	-1.03	-0.142	0.3	111115
6	"12:56:14"	237.5	-20.3	-0.000557	-5.68E+04	-0.0111	1.98	6	1	2.84	27.09	26.45	27.09	490.80	511.06	14.655	14.644	41.46	41.43	600.0	-0	6	101.8	-1.03	-0.142	0.3	111115
7	"12:56:16"	239.0	-24.7	-0.000538	-7.18E+04	-0.0107	1.98	6	1	2.84	27.09	26.45	27.09	484.15	508.90	14.655	14.644	41.47	41.44	599.9	0	6	101.8	-1.03	-0.142	0.3	111115
8	"12:56:17"	240.0	-25.2	-0.000423	-9.34E+04	-0.00841	1.97	6	1	2.84	27.08	26.45	27.08	481.99	507.22	14.653	14.645	41.47	41.45	599.9	0	6	101.8	-1.03	-0.142	0.3	111115
9	"12:56:18"	241.5	-24	-0.000556	-6.74E+04	-0.0111	1.97	6	1	2.84	27.08	26.45	27.08	480.60	504.59	14.652	14.641	41.48	41.44	599.9	-0	6	101.8	-1.03	-0.142	0.3	111115
10	"12:56:19"	242.5	-22.7	-0.000637	-5.55E+04	-0.0127	1.97	6	1	2.84	27.07	26.44	27.08	480.22	502.89	14.652	14.639	41.48	41.45	599.9	0	6	101.8	-1.03	-0.142	0.3	111115
11	"12:56:21"	243.5	-21.2	-0.000565	-5.86E+04	-0.0112	1.97	6	1	2.84	27.07	26.44	27.07	480.05	501.27	14.650	14.639	41.49	41.45	599.9	0	6	101.8	-1.03	-0.142	0.3	111115
12	"12:56:22"	245.0	-19.1	-0.00059	-5.06E+04	-0.0117	1.97	6	1	2.84	27.07	26.44	27.07	479.89	499.02	14.650	14.639	41.49	41.46	599.9	-0	6	101.8	-1.03	-0.142	0.3	111115
13	"12:56:23"	246.0	-17.7	-0.000452	-6.14E+04	-0.00897	1.97	6	1	2.84	27.07	26.44	27.07	479.88	497.63	14.650	14.641	41.50	41.48	599.9	-0	6	101.8	-1.03	-0.142	0.3	111115
14	"12:56:24"	247.0	-16.5	-0.000474	-5.43E+04	-0.00942	1.97	6	1	2.84	27.06	26.44	27.06	479.86	496.37	14.649	14.640	41.50	41.48	599.9	-0	6	101.8	-1.03	-0.142	0.3	111115
15	"12:56:25"	248.5	-14.7	-0.000653	-3.49E+04	-0.013	1.97	6	1	2.84	27.06	26.43	27.06	479.87	494.55	14.651	14.638	41.52	41.48	599.9	-0	6	101.8	-1.03	-0.142	0.3	111115
16	"12:56:26"	249.5	-13.7	-0.000675	-3.14E+04	-0.0134	1.97	6	1	2.84	27.06	26.42	27.06	479.84	493.51	14.650	14.637	41.52	41.48	599.9	-0	6	101.8	-1.03	-0.142	0.7	111115
17	"12:56:28"	250.5	-12.7	-0.000715	-2.75E+04	-0.0142	1.97	6	1	2.84	27.05	26.42	27.05	479.85	492.57	14.650	14.636	41.53	41.49	599.9	-0	6	101.8	-1.03	-0.142	0.7	111115
18	"12:56:29"	252.0	-11.5	-0.000822	-2.15E+04	-0.0163	1.97	6	1	2.84	27.05	26.42	27.05	479.79	491.28	14.648	14.632	41.53	41.49	600.0	0	6	101.8	-1.03	-0.142	0.7	111125
19	"12:56:30"	253.0	-10.6	-0.000766	-2.14E+04	-0.0152	1.97	6	1	2.84	27.05	26.42	27.05	479.79	490.43	14.646	14.631	41.53	41.49	600.2	0	6	101.8	-1.03	-0.142	0.7	111115
20	"12:56:31"	254.5	-9.36	-0.000664	-2.17E+04	-0.0132	1.97	6	1	2.84	27.04	26.42	27.04	479.87	489.23	14.644	14.631	41.53	41.50	600.2	0	5	101.8	-1.03	-0.142	0.7	111115
21	"12:56:32"	255.5	-7.63	-0.00061	-1.92E+04	-0.0121	1.97	6	1	2.84	27.04	26.41	27.04	480.96	488.60	14.644	14.632	41.54	41.50	600.1	0	6	101.8	-1.03	-0.142	0.7	111115
22	"12:56:34"	257.0	-2.51	-0.000464	-8.04E+03	-0.0092	1.97	6	1	2.84	27.04	26.41	27.04	485.28	487.79	14.643	14.634	41.55	41.52	599.7	0	6	101.8	-1.03	-0.142	0.7	111115
23	"12:56:35"	258.0	1.73	-0.000455	6.45E+03	-0.009	1.97	6	1	2.84	27.04	26.40	27.04	489.28	487.56	14.642	14.633	41.55	41.53	599.8	0	6	101.8	-1.03	-0.142	0.7	111115
24	"12:56:36"	259.5	7.08	-0.000364	3.11E+04	-0.0072	1.96	6	1	2.84	27.03	26.40	27.03	494.86	487.79	14.640	14.633	41.56	41.54	599.9	-0	6	101.8	-1.03	-0.142	0.7	111115
25	"12:56:38"	260.5	8.77	-0.000406	3.45E+04	-0.00802	1.96	6	1	2.84	27.03	26.40	27.03	497.00	488.23	14.639	14.631	41.56	41.54	600.0	-0	6	101.8	-1.03	-0.142	0.7	111115
26	"12:56:39"	262.0	9.24	-0.000557	2.66E+04	-0.011	1.96	6	1	2.84	27.02	26.39	27.02	498.40	489.16	14.638	14.628	41.57	41.54	600.0	-0	6	101.8	-1.03	-0.142	0.7	111115
27	"12:56:40"	263.5	8.72	-0.000397	3.51E+04	-0.00784	1.96	6	1	2.84	27.02	26.39	27.02	498.84	490.12	14.637	14.629	41.57	41.55	600.0	-0	6	101.8	-1.03	-0.142	0.7	111115
28	"12:56:41"	264.5	8.29	-0.000377	3.51E+04	-0.00746	1.96	6	1	2.84	27.02	26.39	27.02	499.01	490.72	14.636	14.628	41.57	41.55	600.0	-0	6	101.8	-1.03	-0.142	0.7	111115
29	"12:56:43"	266.0	7.51	-0.000213	5.6E+04	-0.00421	1.96	6	1	2.84	27.02	26.39	27.02	499.15	491.64	14.635	14.630	41.58	41.57	600.0	-0	6	101.8	-1.03	-0.142	0.7	111115
30	"12:56:44"	267.0	6.98	-0.000437	2.56E+04	-0.00865	1.96	6	1	2.84	27.01	26.39	27.01	499.19	492.22	14.634	14.626	41.59	41.56	600.0	-0	6	101.8	-1.03	-0.142	0.7	111115
31	"12:56:45"	268.5	6.2	-0.000568	1.77E+04	-0.0112	1.96	6	1	2.84	27.01	26.38	27.01	499.17	492.97	14.634	14.622	41.59	41.56	599.9	-0	6	101.8	-1.03	-0.142	0.7	111115
32	"12:56:46"	269.5	5.76	-0.000569	1.64E+04	-0.0113	1.96	6	1	2.84	27.01	26.38	27.01	499.19	493.43	14.633	14.622	41.60	41.57	599.9	-0	6	101.8	-1.03	-0.142	0.7	111115
33	"12:56:48"	271.0	5.23	-0.000638	1.34E+04	-0.0126	1.96	6	1	2.84	27.00	26.38	27.00	499.21	493.98	14.631	14.619	41.60	41.57	599.9	-0	6	101.8	-1.03	-0.142	0.7	111115
34	"12:56:49"	272.0	4.89	-0.000679	1.18E+04	-0.0134	1.96	6	1	2.84	27.00	26.38	27.00	499.23	494.34	14.630	14.616	41.60	41.57	600.0	0	6	101.8	-1.03	-0.142	0.7	111115
35	"12:56:50"	273.5	4.34	-0.000584	1.22E+04	-0.0115	1.96	6	1	2.84	27.00	26.37	27.00	499.21	494.87	14.629	14.617	41.61	41.58	600.1	0	6	101.8	-1.03	-0.142	0.7	111115
36	"12:56:51"	274.5	4.01	-0.000539	1.22E+04	-0.0106	1.96	6	1	2.84	26.99	26.37	26.99	499.20	495.19	14.629	14.618	41.61	41.58	600.2	0	6	101.8	-1.03	-0.142	0.7	111115
37	"12:56:53"	276.0	3.52	-0.000628	9.31E+03	-0.0124	1.96	6	1	2.84	26.99	26.36	26.99	499.10	495.59	14.628	14.616	41.62	41.59	600.1	-0	6	101.8	-1.03	-0.142	0.7	111115
38	"12:56:54"	277.0	3.3	-0.000792	7.04E+03	-0.0156	1.96	6	1	2.84	26.99	26.35	26.99	499.11	495.82	14.627	14.612	41.62	41.58	600.1	-0	6	101.8	-1.03	-0.142	0.7	111115
39	"12:56:55"	278.5	2.94	-0.000749	6.67E+03	-0.0148	1.96	6	1	2.84	26.99	26.36	26.98	499.11	496.17	14.625	14.610	41.62	41.58	600.0	0	6	101.8	-1.03	-0.142	0.7	111115
40	"12:56:56"	279.5	2.68	-0.000636	7.12E+03	-0.0125	1.96	6	1	2.84	26.98	26.36	26.98	499.12	496.44	14.623	14.611	41.62	41.59	600.0	0	6	101.8	-1.03	-0.142	0.7	111115
41	"12:56:58"	281.0	2.5	-0.000575	7.33E+03	-0.0113	1.96	6	1	2.84	26.98	26.36	26.98	499.18	496.68	14.620	14.609	41.62	41.59	599.9	0	6	101.8	-1.03	-0.142	0.7	111115
42	"12:56:59"	282.0	2.41	-0.000685	6.02E+03	-0.0135	1.96	6	1	2.84	26.98	26.36	26.98	499.20	496.80	14.620	14.607	41.63	41.59	600.0	0	6	101.8	-1.03	-0.142	0.7	111115
43	"12:57:00"	283.5	2.12	-0.000751	4.92E+03	-0.0148	1.96	6	1	2.84	26.97	26.35	26.97	499.15	497.05	14.618	14.603	41.63	41.59	600.0	0	6	101.8	-1.03	-0.142	0.7	111115
44	"12:57:01"	284.5	1.84	-0.000706	4.59E+03	-0.0139	1.96	6	1	2.84	26.97	26.35	26.97	499.08	497.25	14.617	14.603	41.64	41.60	599.9	-0	6	101.8	-1.03	-0.142	0.7	111115
45	"12:57:03"	286.0	1.6	-0.000471	5.83E+03	-0.00928	1.96	6	1	2.84	26.97	26.34	26.97	499.05	497.45	14.616	14.607	41.64	41.61	599.9	-0	6	101.8	-1.03	-0.142	0.7	111115
46	"12:57:04"	287.0	1.66	-0.000553	5.2E+03	-0.0109	1.96	6	1	2.84	26.97	26.34	26.96	499.13	497.48	14.616	14.605	41.65	41.62	599.8	0	6	101.8	-1.03	-0.142	0.7	111115
47	"12:57:05"	288.5	1.47	-0.0006	4.33E+03	-0.0118	1.96	6	1	2.84	26.96	26.34	26.96	499.12	497.66	14.615	14.603	41.65	41.62	599.8	0	6	101.8	-1.03	-0.142	0.7	111115
48	"12:57:06"	289.5	1.42	-0.000532	4.7E+03	-0.0105	1.96	6	1	2.84	26.96	26.34	26.96	499.14	497.72	14.613	14.603	41.65	41.62	599.9	-0	6	101.8	-1.03	-0.142	0.3	111115
49	"12:57:08"	291.0	1.3	-0.00076	3.17E+03	-0.015	1.96	6	1	2.84	26.96	26.34	26.96	499.14	497.85	14.610	14.595	41.65	41.61	600.0	-0	6	101.8	-1.03	-0.142	0.3	111115
50	"12:57:09"	292.0	1.3	-0.000767	3.15E+03	-0.0151	1.96	6	1	2.84	26.96	26.34	26.95	499.18	497.89	14.609	14.594	41.65	41.61	599.9	-0	6	101.8	-1.03	-0.142	0.7	111115
51	"12:57:10"	293.5	1.11	-0.000745	2.83E+03	-0.0147	1.96	6	1	2.84	26.95	26.34	26.95	499.16	498.06	14.607	14.593	41.65	41.61	599.9	0	6	101.8	-1.03	-0.142	0.7	111115
52	"12:57:11"	294.5	0.947	-0.000628	2.86E+03	-0.0124	1.96	6	1	2.84	26.95	26.33	26.95	499.12	498.18	14.607	14.594	41.66	41.62	599.9	0	6	101.8	-1.03	-0.142	0.7	111115
53	"12:57:13"	296.0	0.799	-0.000675	2.35E+03	-0.0133	1.96	6	1	2.84	26.95	26.33	26.94	499.08	498.29	14.608	14.595	41.67	41.63	599.9	0	6	101.8	-1.03	-0.142	0.7	111115
54	"12:57:14"	297.0	0.776	-0.000623	2.44E+03	-0.0123	1.95	6	1	2.84	26.95	26.33	26.94	499.06	498.29	14.606	14.594	41.67	41.63	600.0	0	6	101.8	-1.03	-0.142	0.7	111115
55	"12:57:15"	298.5	0.73	-0.000814	1.9E+03	-0.016	1.95	6	1	2.84	26.94	26.32	26.94	499.03	498.31	14.606	14.590	41.68	41.63	600.2	-0	6	101.8	-1.03	-0.142	0.7	111115
56	"12:57:16"	299.5	0.71	-0.000657	2.18E+03	-0.0129	1.95	6	1	2.84	26.94	26.32	26.94	499.06	498.36	14.603	14.591	41.67	41.64	600.3	-0	6	101.8	-1.03	-0.142	0.7	111115
57	"12:57:18"	301.0	0.697	-0.000823	1.82E+03	-0.0162	1.95	6	1	2.84	26.94	26.32	26.94	499.13	498.44	14.603	14.587	41.68	41.63	600.2	-0	6	101.8	-1.03	-0.142	0.3	111115
58	"12:57:19"	302.0	0.773	-0.000671	2.3E+03	-0.0132	1.95	6	1	2.84	26.94	26.32	26.93	499.21	498.44	14.601	14.588	41.68	41.64	600.1	-0	6	101.8	-1.03	-0.142	0.3	111115
59	"12:57:20"	303.5	0.723	-0.000564	2.5E+03	-0.0111	1.95	6	1	2.84	26.93	26.31	26.93	499.21	498.49	14.599	14.588	41.68	41.65	600.0	-0	6	101.8	-1.03	-0.142	0.3	111115
60	"12:57:21"	304.5	0.719	-0.000559	2.51E+03	-0.011	1.95	6	1	2.84	26.93	26.31	26.93	499.20	498.49	14.597	14.586	41.68	41.65	599.9	-0	6	101.8	-1.03	-0.142	0.7	111115
61	"12:57:23"	306.0	0.599	-0.000533	2.25E+03	-0.0105	1.95	6	1	2.84	26.93	26.31	26.92	499.17	498.58	14.596	14.586	41.69	41.66	599.9	-0	6	101.8	-1.03	-0.142	0.7	111115
62	"12:57:24"	307.0	0.45	-0.000424	2.16E+03	-0.00833	1.95	6	1	2.84	26.93	26.31	26.92	499.09	498.64	14.594	14.586	41.68	41.66	599.9	-0	6	101.8	-1.03	-0.142	0.7	111115
63	"12:57:25"	308.5	0.375	-0.000561	1.54E+03	-0.011	1.95	6	1	2.84	26.92	26.31	26.92	499.08	498.71	14.593	14.582	41.69	41.66	599.8	0	6	101.8	-1.03	-0.142	0.7	111115
64	"12:57:26"	309.5	0.343	-0.000399	1.84E+03	-0.00784	1.95	6	1	2.84	26.92	26.31	26.92	499.07	498.73	14.591	14.584	41.69	41.67	599.9	0	6	101.8	-1.03	-0.142	0.7	111115
65	"12:57:28"	311.0	0.335	-0.000572	1.41E+03	-0.0112	1.95	6	1	2.84	26.92	26.30	26.91	499.07	498.74	14.590	14.579	41.69	41.66	599.9	0	6	101.8	-1.03	-0.142	0.7	111115
66	"12:57:29"	312.0	0.317	-0.000573	1.36E+03	-0.0113	1.95	6	1	2.84	26.92	26.30	26.91	499.04	498.73	14.589	14.578	41.69	41.66	599.9	0	6	101.8	-1.03	-0.142	0.7	111115
67	"12:57:30"	313.5	0.268	-0.000843	983	-0.0166	1.95	6	1	2.84	26.91	26.29	26.91	499.03	498.77	14.587	14.571	41.70	41.65	599.9	-0	6	101.8	-1.03	-0.142	0.7	111115
68	"12:57:31"	314.5	0.398	-0.000727	1.35E+03	-0.0143	1.95	6	1	2.84	26.91	26.29	26.91	499.14	498.75	14.587	14.573	41.70	41.66	599.9	0	6	101.8	-1.03	-0.142	0.3	111115
69	"12:57:33"	316.0	0.488	-0.000659	1.65E+03	-0.0129	1.95	6	1	2.84	26.91	26.29	26.90	499.19	498.71	14.585	14.573	41.70	41.67	599.9	-0	6	101.8	-1.03	-0.142	0.3	111115
70	"12:57:34"	317.0	0.473	-0.000414	2.28E+03	-0.00812	1.95	6	1	2.84	26.91	26.29	26.90	499.19	498.72	14.583	14.575	41.70	41.68	599.9	-0	6	101.8	-1.03	-0.142	0.3	111115
71	"12:57:35"	318.5	0.341	-0.000605	1.37E+03	-0.0119	1.95	6	1	2.84	26.90	26.28	26.90	499.13	498.79	14.582	14.570	41.70	41.67	600.0	-0	6	101.8	-1.03	-0.142	0.7	111115
72	"12:57:36"	319.5	0.3	-0.000662	1.2E+03	-0.013	1.95	6	1	2.84	26.90	26.28	26.90	499.10	498.81	14.580	14.567	41.70	41.67	600.0	-0	6	101.8	-1.03	-0.142	0.7	111115
73	"12:57:38"	321.0	0.26	-0.000923	927	-0.0181	1.95	6	1	2.84	26.90	26.28	26.89	499.06	498.81	14.580	14.562	41.71	41.66	599.9	-0	7	101.8	-1.03	-0.142	0.7	111115
74	"12:57:39"	322.0	0.365	-0.00107	1.02E+03	-0.0209	1.95	6	1	2.84	26.90	26.28	26.89	499.07	498.71	14.579	14.558	41.71	41.65	599.9	-0	7	101.8	-1.03	-0.142	1.0	111115
75	"12:57:40"	323.5	0.334	-0.000916	1.06E+03	-0.018	1.95	6	1	2.84	26.89	26.28	26.89	499.09	498.76	14.576	14.558	41.71	41.66	600.0	-0	7	101.8	-1.03	-0.142	1.0	111115
76	"12:57:41"	324.5	0.285	-0.000753	1.08E+03	-0.0148	1.95	6	1	2.84	26.89	26.27	26.89	499.09	498.81	14.573	14.558	41.71	41.66	600.0	-0	7	101.8	-1.03	-0.142	1.0	111115
77	"12:57:43"	326.0	0.155	-0.000593	895	-0.0116	1.95	6	1	2.84	26.89	26.27	26.89	499.07	498.92	14.572	14.561	41.71	41.68	600.0	-0	7	101.8	-1.03	-0.142	1.0	111115
78	"12:57:44"	327.0	0.103	-0.000588	759	-0.0115	1.95	6	1	2.84	26.89	26.26	26.88	499.01	498.91	14.572	14.561	41.71	41.68	600.0	0	7	101.8	-1.03	-0.142	1.0	111115
79	"12:57:45"	328.5	0.221	-0.000719	968	-0.0141	1.94	6	1	2.84	26.88	26.26	26.88	499.00	498.79	14.572	14.558	41.72	41.68	599.9	0	7	101.8	-1.03	-0.142	1.0	111115
80	"12:57:46"	329.5	0.397	-0.000506	1.72E+03	-0.00989	1.94	6	1	2.84	26.88	26.25	26.88	499.01	498.62	14.571	14.562	41.72	41.70	599.9	0	7	101.8	-1.03	-0.142	1.0	111115
81	"12:57:48"	331.0	-0.245	-0.000663	-99.2	-0.013	1.94	6	1	2.84	26.88	26.24	26.87	499.02	499.28	14.568	14.555	41.72	41.69	599.9	-0	7	101.8	-1.03	-0.142	1.0	111115
82	"12:57:49"	332.0	-0.236	-0.000569	-168	-0.0111	1.94	6	1	2.84	26.88	26.24	26.87	499.02	499.27	14.566	14.555	41.72	41.69	599.9	0	7	101.8	-1.03	-0.142	0.7	111115
83	"12:57:50"	333.5	-0.621	-0.000842	-677	-0.0165	1.94	6	1	2.84	26.87	26.24	26.87	498.93	499.56	14.562	14.546	41.72	41.67	599.9	-0	7	101.8	-1.03	-0.142	0.7	111115
84	"12:57:51"	334.5	0.013	-0.000718	512	-0.014	1.94	6	1	2.84	26.87	26.25	26.87	498.87	498.87	14.561	14.547	41.72	41.68	599.9	0	7	101.8	-1.03	-0.142	0.7	111115
85	"12:57:53"	336.0	-0.0832	-0.000756	310	-0.0148	1.94	6	1	2.84	26.87	26.25	26.87	498.84	498.93	14.559	14.544	41.72	41.68	600.0	0	7	101.8	-1.03	-0.142	0.7	111115
86	"12:57:54"	337.0	-0.0387	-0.00091	417	-0.0178	1.94	6	1	2.84	26.87	26.25	26.86	498.85	498.90	14.558	14.540	41.73	41.68	600.0	0	7	101.8	-1.03	-0.142	0.7	111115
87	"12:57:55"	338.5	0.217	-0.000886	870	-0.0173	1.94	6	1	2.84	26.86	26.24	26.86	498.99	498.78	14.556	14.539	41.73	41.68	600.1	0	7	101.8	-1.03	-0.142	1.0	111115
88	"12:57:56"	339.5	0.21	-0.00081	892	-0.0158	1.94	6	1	2.84	26.86	26.23	26.86	498.97	498.77	14.555	14.539	41.73	41.69	600.1	-0	7	101.8	-1.03	-0.142	1.0	111115
89	"12:57:58"	341.0	0.317	-0.000773	1.13E+03	-0.0151	1.94	6	1	2.84	26.86	26.23	26.86	499.02	498.71	14.552	14.537	41.73	41.69	600.1	-0	7	101.8	-1.03	-0.142	1.0	111115
90	"12:57:59"	342.0	0.313	-0.000926	1.02E+03	-0.0181	1.94	6	1	2.84	26.86	26.23	26.85	499.02	498.71	14.552	14.534	41.73	41.68	600.0	-0	7	101.8	-1.03	-0.142	1.0	111115
91	"12:58:00"	343.5	0.279	-0.00107	893	-0.021	1.94	6	1	2.84	26.85	26.23	26.85	499.04	498.77	14.549	14.528	41.73	41.68	600.0	0	7	101.8	-1.03	-0.142	1.0	111115
92	"12:58:01"	344.5	0.315	-0.00122	890	-0.0238	1.94	6	1	2.84	26.85	26.23	26.85	499.09	498.78	14.549	14.526	41.74	41.67	599.9	0	7	101.8	-1.03	-0.142	0.7	111115
93	"12:58:03"	346.0	0.238	-0.00114	813	-0.0222	1.94	6	1	2.84	26.85	26.22	26.85	499.03	498.80	14.545	14.523	41.74	41.67	599.9	-0	7	101.8	-1.03	-0.142	0.7	111115
94	"12:58:04"	347.0	0.0521	-0.000987	567	-0.0193	1.94	6	1	2.84	26.84	26.22	26.84	498.90	498.86	14.543	14.524	41.74	41.68	599.9	-0	7	101.8	-1.03	-0.142	0.7	111115
95	"12:58:05"	348.5	-0.0255	-0.000773	432	-0.0151	1.94	6	1	2.84	26.84	26.21	26.84	498.81	498.84	14.541	14.526	41.74	41.70	599.9	-0	7	101.8	-1.03	-0.142	0.7	111115
96	"12:58:06"	349.5	-0.0011	-0.000608	481	-0.0119	1.94	6	1	2.84	26.84	26.21	26.84	498.80	498.81	14.540	14.528	41.74	41.71	599.9	-0	7	101.8	-1.03	-0.142	0.7	111115
97	"12:58:08"	351.0	0.124	-0.000604	807	-0.0118	1.94	6	1	2.84	26.83	26.20	26.83	498.93	498.81	14.537	14.526	41.74	41.71	599.9	0	7	101.8	-1.03	-0.142	0.7	111115
98	"12:58:09"	352.0	0.207	-0.000615	1.01E+03	-0.012	1.94	6	1	2.84	26.83	26.20	26.83	499.02	498.82	14.535	14.524	41.74	41.71	599.9	0	7	101.8	-1.03	-0.142	1.0	111115
99	"12:58:10"	353.5	0.198	-0.000666	951	-0.013	1.94	6	1	2.84	26.83	26.19	26.83	499.04	498.85	14.532	14.520	41.74	41.71	599.9	0	7	101.8	-1.03	-0.142	1.0	111115
100	"12:58:11"	354.5	0.226	-0.000667	1.02E+03	-0.013	1.93	6	1	2.84	26.83	26.19	26.83	499.05	498.83	14.532	14.519	41.75	41.71	599.9	-0	7	101.8	-1.03	-0.142	1.0	111115
101	"12:58:13"	356.0	0.154	-0.000785	792	-0.0153	1.93	6	1	2.84	26.82	26.19	26.82	498.98	498.83	14.530	14.515	41.75	41.71	600.0	-0	7	101.8	-1.03	-0.142	1.0	111115
102	"12:58:14"	357.0	0.0755	-0.000926	612	-0.018	1.93	6	1	2.84	26.82	26.19	26.82	498.93	498.86	14.529	14.512	41.76	41.71	600.2	0	7	101.8	-1.03	-0.142	1.0	111115
103	"12:58:15"	358.5	0.0428	-0.0012	540	-0.0235	1.94	6	1	2.84	26.82	26.19	26.82	498.90	498.87	14.528	14.505	41.76	41.70	600.3	0	7	101.8	-1.03	-0.142	1.0	111115
104	"12:58:16"	359.5	0.0154	-0.00113	505	-0.022	1.94	6	1	2.84	26.81	26.19	26.82	498.87	498.86	14.526	14.504	41.76	41.70	600.2	0	7	101.8	-1.03	-0.142	1.0	111115
105	"12:58:18"	361.0	0.116	-0.00123	632	-0.0239	1.94	6	1	2.84	26.81	26.18	26.81	498.89	498.79	14.523	14.500	41.76	41.70	600.0	0	7	101.8	-1.03	-0.142	1.0	111115
106	"12:58:19"	362.0	0.2	-0.0012	745	-0.0235	1.94	6	1	2.84	26.81	26.18	26.81	498.94	498.75	14.521	14.498	41.76	41.70	599.9	0	7	101.8	-1.03	-0.142	1.0	111115
107	"12:58:20"	363.5	0.236	-0.00127	776	-0.0247	1.93	6	1	2.84	26.81	26.17	26.81	498.96	498.73	14.519	14.495	41.76	41.69	599.9	-0	7	101.8	-1.03	-0.142	1.0	111115
108	"12:58:21"	364.5	0.211	-0.00116	770	-0.0226	1.93	6	1	2.84	26.80	26.15	26.80	498.95	498.75	14.518	14.495	41.76	41.70	599.9	-0	7	101.8	-1.03	-0.142	1.0	111115
109	"12:58:22"	365.0	0.246	-0.00115	821	-0.0223	1.93	6	1	2.84	26.80	26.14	26.80	498.97	498.73	14.517	14.495	41.76	41.70	599.9	-0	7	101.8	-1.03	-0.142	1.0	111115
110	"12:58:24"	366.0	0.202	-0.0011	773	-0.0213	1.92	6	1	2.84	26.80	26.12	26.80	498.94	498.74	14.516	14.495	41.77	41.71	599.9	-0	7	101.8	-1.03	-0.142	1.0	111115
111	"12:58:25"	367.0	0.289	-0.00107	908	-0.0207	1.92	6	1	2.84	26.80	26.10	26.80	498.98	498.70	14.515	14.494	41.77	41.71	599.9	-0	7	101.8	-1.03	-0.142	1.0	111115
112	"12:58:26"	368.5	0.299	-0.00103	942	-0.0198	1.92	6	1	2.84	26.80	26.09	26.80	498.93	498.64	14.512	14.492	41.76	41.71	599.9	0	7	101.8	-1.03	-0.142	1.0	111115
113	"12:58:27"	369.5	0.299	-0.001	953	-0.0194	1.92	6	1	2.84	26.79	26.09	26.79	498.93	498.64	14.511	14.491	41.77	41.71	599.9	0	7	101.8	-1.03	-0.142	1.0	111115
114	"12:58:28"	370.5	0.248	-0.000935	901	-0.018	1.92	6	1	2.84	26.79	26.08	26.79	498.92	498.68	14.508	14.491	41.76	41.71	599.9	-0	7	101.8	-1.03	-0.142	1.0	111115
115	"12:58:29"	371.5	0.158	-0.000849	778	-0.0164	1.92	6	1	2.84	26.79	26.09	26.79	498.89	498.74	14.506	14.490	41.76	41.71	599.9	-0	7	101.8	-1.03	-0.142	1.0	111115
116	"12:58:31"	373.0	0.158	-0.000635	876	-0.0123	1.92	6	1	2.84	26.79	26.12	26.79	498.94	498.79	14.504	14.492	41.76	41.73	599.9	-0	7	101.8	-1.03	-0.142	1.0	111115
117	"12:58:32"	374.0	0.0704	-0.000637	658	-0.0124	1.93	6	1	2.84	26.79	26.14	26.78	498.89	498.83	14.502	14.490	41.77	41.73	599.9	0	7	101.8	-1.03	-0.142	1.0	111115
118	"12:58:33"	375.0	-0.000188	-0.00077	483	-0.015	1.93	6	1	2.84	26.78	26.16	26.78	498.85	498.85	14.501	14.486	41.77	41.72	599.9	0	7	101.8	-1.03	-0.142	1.0	111115
119	"12:58:34"	376.5	0.0117	-0.00104	501	-0.0203	1.93	6	1	2.84	26.78	26.16	26.78	498.84	498.83	14.499	14.479	41.77	41.71	599.9	-0	7	101.8	-1.03	-0.142	1.0	111115
120	"12:58:35"	377.5	0.0738	-0.0011	589	-0.0213	1.93	6	1	2.84	26.78	26.15	26.78	498.85	498.79	14.497	14.476	41.77	41.71	599.9	-0	7	101.8	-1.03	-0.142	1.0	111115
121	"12:58:36"	378.5	0.175	-0.00119	716	-0.0231	1.93	6	1	2.84	26.77	26.15	26.77	498.88	498.72	14.497	14.474	41.78	41.71	599.9	-0	7	101.8	-1.03	-0.142	1.0	111115
122	"12:58:37"	379.5	0.205	-0.00104	795	-0.0201	1.93	6	1	2.84	26.77	26.14	26.77	498.92	498.73	14.496	14.476	41.78	41.72	599.9	-0	7	101.8	-1.03	-0.142	1.0	111115
123	"12:58:39"	381.0	0.193	-0.000968	797	-0.0188	1.93	6	1	2.84	26.77	26.14	26.77	498.91	498.73	14.494	14.475	41.78	41.73	599.9	-0	7	101.8	-1.03	-0.142	1.0	111115
124	"12:58:40"	383.0	0.227	-0.000827	917	-0.0161	1.93	6	1	2.84	26.77	26.14	26.77	498.93	498.71	14.491	14.475	41.78	41.73	599.9	0	7	101.8	-1.03	-0.142	1.0	111115
125	"12:58:41"	384.0	0.239	-0.000906	899	-0.0176	1.93	6	1	2.84	26.76	26.14	26.76	498.93	498.70	14.489	14.471	41.78	41.73	600.0	0	7	101.8	-1.03	-0.142	1.0	111115
126	"12:58:42"	385.5	0.27	-0.000922	945	-0.0179	1.93	6	1	2.84	26.76	26.14	26.76	498.94	498.68	14.486	14.468	41.78	41.73	600.0	-0	7	101.8	-1.03	-0.142	1.0	111115
127	"12:58:43"	386.0	0.236	-0.000934	881	-0.0181	1.93	6	1	2.84	26.76	26.14	26.76	498.93	498.71	14.485	14.467	41.78	41.73	600.0	-0	7	101.8	-1.03	-0.142	1.0	111115
128	"12:58:45"	388.0	0.105	-0.000918	664	-0.0178	1.93	6	1	2.84	26.75	26.14	26.76	498.85	498.75	14.480	14.463	41.78	41.72	600.0	-0	7	101.8	-1.03	-0.142	1.0	111115
129	"12:58:46"	388.5	0.0832	-0.000939	623	-0.0182	1.93	6	1	2.84	26.75	26.13	26.75	498.84	498.76	14.479	14.461	41.77	41.72	600.0	-0	7	101.8	-1.03	-0.142	1.0	111115
130	"12:58:47"	389.5	0.0302	-0.000916	535	-0.0178	1.93	6	1	2.84	26.75	26.13	26.75	498.78	498.76	14.477	14.460	41.78	41.73	600.1	0	7	101.8	-1.03	-0.142	1.0	111115
131	"12:58:48"	390.5	0.0557	-0.00084	588	-0.0163	1.93	6	1	2.84	26.75	26.12	26.75	498.80	498.76	14.476	14.460	41.78	41.73	600.2	0	7	101.8	-1.03	-0.142	1.0	111115
132	"12:58:49"	391.5	0.107	-0.000804	693	-0.0156	1.93	6	1	2.84	26.75	26.12	26.75	498.80	498.71	14.474	14.459	41.78	41.73	600.2	0	7	101.8	-1.03	-0.142	1.0	111115
133	"12:58:50"	392.5	0.11	-0.00081	697	-0.0157	1.93	6	1	2.84	26.75	26.12	26.75	498.80	498.70	14.473	14.457	41.78	41.73	600.2	0	7	101.8	-1.03	-0.142	1.0	111115
134	"12:58:51"	393.5	0.203	-0.000999	804	-0.0194	1.93	6	1	2.84	26.74	26.12	26.75	498.85	498.66	14.472	14.453	41.78	41.72	600.1	0	7	101.8	-1.03	-0.142	1.0	111115
135	"12:58:53"	395.5	0.254	-0.00109	852	-0.0211	1.93	6	1	2.84	26.74	26.11	26.74	498.86	498.62	14.468	14.447	41.78	41.72	600.0	-0	7	101.8	-1.03	-0.142	1.0	111115
136	"12:58:54"	397.0	0.325	-0.00101	992	-0.0196	1.93	6	1	2.84	26.74	26.11	26.74	498.93	498.61	14.467	14.448	41.78	41.73	600.0	-0	7	101.8	-1.03	-0.142	1.0	111115
137	"12:58:55"	397.5	0.301	-0.000853	1.04E+03	-0.0165	1.92	6	1	2.84	26.74	26.11	26.74	498.90	498.61	14.465	14.449	41.78	41.73	600.0	-0	7	101.8	-1.03	-0.142	1.0	111115
138	"12:58:56"	398.5	0.295	-0.000782	1.08E+03	-0.0151	1.92	6	1	2.84	26.73	26.09	26.74	498.90	498.61	14.464	14.450	41.78	41.74	600.0	0	7	101.8	-1.03	-0.142	1.0	111115
139	"12:58:57"	399.5	0.252	-0.000738	1.02E+03	-0.0143	1.92	6	1	2.84	26.73	26.08	26.73	498.89	498.64	14.463	14.449	41.78	41.74	599.9	0	7	101.8	-1.03	-0.142	1.0	111115
140	"12:58:58"	401.5	0.273	-0.000862	983	-0.0166	1.91	6	1	2.84	26.73	26.04	26.73	498.86	498.60	14.461	14.444	41.78	41.74	599.9	-0	7	101.8	-1.03	-0.142	1.0	111115
141	"12:58:59"	402.5	0.259	-0.000895	939	-0.0172	1.91	6	1	2.84	26.73	26.03	26.73	498.85	498.60	14.458	14.441	41.78	41.73	599.9	0	7	101.8	-1.03	-0.142	1.0	111115
142	"12:59:00"	403.0	0.28	-0.000866	993	-0.0167	1.91	6	1	2.84	26.73	26.03	26.73	498.85	498.57	14.457	14.440	41.78	41.73	599.9	-0	7	101.8	-1.03	-0.142	1.0	111115
143	"12:59:01"	404.0	0.288	-0.001	937	-0.0193	1.91	6	1	2.84	26.72	26.04	26.73	498.87	498.59	14.455	14.436	41.78	41.72	599.9	-0	7	101.8	-1.03	-0.142	1.0	111115
144	"12:59:03"	405.0	0.243	-0.000902	907	-0.0174	1.92	6	1	2.84	26.72	26.06	26.72	498.87	498.63	14.453	14.436	41.78	41.73	599.9	0	7	101.8	-1.03	-0.142	1.0	111115
145	"12:59:04"	407.0	0.038	-0.000727	566	-0.0141	1.92	6	1	2.84	26.72	26.08	26.72	498.76	498.73	14.447	14.433	41.77	41.73	599.9	-0	6	101.8	-1.03	-0.142	1.0	111115
146	"12:59:05"	407.5	0.0202	-0.000731	527	-0.0142	1.92	6	1	2.84	26.72	26.08	26.72	498.74	498.73	14.447	14.433	41.77	41.73	599.9	-0	6	101.8	-1.03	-0.142	1.0	111115
147	"12:59:06"	408.5	-0.00939	-0.000667	461	-0.0129	1.92	6	1	2.84	26.71	26.08	26.72	498.71	498.72	14.445	14.432	41.77	41.74	599.9	-0	6	101.8	-1.03	-0.142	1.0	111115
148	"12:59:07"	410.5	0.194	-0.000867	837	-0.0168	1.92	6	1	2.84	26.71	26.09	26.71	498.83	498.65	14.443	14.427	41.78	41.73	599.9	-0	6	101.8	-1.03	-0.142	1.0	111115
149	"12:59:08"	411.0	0.223	-0.00103	823	-0.02	1.92	6	1	2.84	26.71	26.08	26.71	498.85	498.63	14.443	14.424	41.78	41.72	599.9	0	6	101.8	-1.03	-0.142	1.0	111115
150	"12:59:09"	412.0	0.274	-0.00126	826	-0.0244	1.92	6	1	2.84	26.71	26.08	26.71	498.88	498.61	14.443	14.419	41.79	41.72	599.9	-0	6	101.8	-1.03	-0.142	1.0	111115
151	"12:59:10"	413.0	0.349	-0.00138	882	-0.0267	1.92	6	1	2.84	26.70	26.08	26.71	498.94	498.60	14.443	14.416	41.79	41.71	600.0	-0	6	101.8	-1.03	-0.142	1.0	111115
152	"12:59:11"	414.0	0.381	-0.00135	927	-0.0262	1.92	6	1	2.84	26.70	26.08	26.71	498.98	498.61	14.440	14.414	41.79	41.71	599.9	-0	6	101.8	-1.03	-0.142	1.0	111115
153	"12:59:12"	415.0	0.429	-0.00124	1.03E+03	-0.024	1.92	6	1	2.84	26.70	26.07	26.70	499.00	498.59	14.437	14.414	41.79	41.72	599.9	-0	6	101.8	-1.03	-0.142	1.0	111115
154	"12:59:14"	417.0	0.335	-0.00112	956	-0.0216	1.92	6	1	2.84	26.70	26.06	26.70	498.91	498.59	14.432	14.411	41.78	41.72	599.9	-0	6	101.8	-1.03	-0.142	1.0	111115
155	"12:59:15"	418.0	0.252	-0.0011	845	-0.0212	1.92	6	1	2.84	26.69	26.06	26.70	498.83	498.59	14.431	14.410	41.78	41.72	599.9	-0	6	101.8	-1.03	-0.142	1.0	111115
156	"12:59:16"	419.5	0.196	-0.00136	710	-0.0263	1.92	6	1	2.84	26.69	26.06	26.69	498.78	498.60	14.431	14.405	41.79	41.72	599.9	-0	6	101.8	-1.03	-0.142	1.0	111115
157	"12:59:17"	420.5	0.156	-0.00108	711	-0.0209	1.92	6	1	2.84	26.69	26.06	26.69	498.75	498.60	14.429	14.408	41.79	41.73	600.0	-0	6	101.8	-1.03	-0.142	1.0	111115
158	"12:59:19"	422.0	0.215	-0.000985	827	-0.019	1.92	6	1	2.84	26.68	26.05	26.69	498.78	498.58	14.425	14.406	41.79	41.74	599.9	-0	6	101.8	-1.03	-0.142	1.0	111115
159	"12:59:20"	423.0	0.174	-0.00102	752	-0.0197	1.92	6	1	2.84	26.68	26.05	26.69	498.79	498.63	14.422	14.403	41.79	41.73	599.9	0	6	101.8	-1.03	-0.142	1.0	111115
160	"12:59:21"	424.5	0.173	-0.00108	736	-0.0208	1.92	6	1	2.84	26.68	26.05	26.68	498.78	498.62	14.418	14.398	41.78	41.72	600.0	0	6	101.8	-1.03	-0.142	1.0	111115
161	"12:59:22"	425.0	0.204	-0.00112	770	-0.0216	1.92	6	1	2.84	26.68	26.04	26.68	498.81	498.62	14.417	14.396	41.78	41.72	600.1	0	6	101.8	-1.03	-0.142	1.0	111115
162	"12:59:24"	426.0	0.194	-0.00123	731	-0.0238	1.92	6	1	2.84	26.68	26.04	26.68	498.82	498.63	14.416	14.392	41.78	41.72	600.2	0	6	101.8	-1.03	-0.142	1.0	111115
163	"12:59:25"	427.0	0.219	-0.00115	782	-0.0222	1.92	6	1	2.84	26.67	26.04	26.68	498.81	498.60	14.414	14.392	41.79	41.72	600.2	0	6	101.8	-1.03	-0.142	1.0	111115
164	"12:59:26"	429.5	0.209	-0.00118	763	-0.0227	1.92	6	1	2.84	26.67	26.03	26.67	498.83	498.64	14.411	14.389	41.79	41.73	600.1	0	6	101.8	-1.03	-0.142	1.0	111115
165	"12:59:27"	430.5	0.263	-0.00115	846	-0.0221	1.91	6	1	2.84	26.66	26.02	26.67	498.87	498.62	14.409	14.387	41.79	41.73	600.0	0	6	101.8	-1.03	-0.142	1.0	111115
166	"12:59:29"	432.0	0.241	-0.00114	816	-0.022	1.91	6	1	2.84	26.66	26.01	26.67	498.86	498.63	14.407	14.385	41.79	41.73	600.0	0	6	101.8	-1.03	-0.142	1.0	111115
167	"12:59:30"	433.0	0.213	-0.00122	758	-0.0235	1.91	6	1	2.84	26.66	26.01	26.66	498.83	498.63	14.406	14.382	41.80	41.73	599.9	-0	6	101.8	-1.03	-0.142	1.0	111115
168	"12:59:31"	434.5	0.118	-0.00124	633	-0.024	1.91	6	1	2.84	26.66	26.01	26.66	498.77	498.66	14.403	14.379	41.80	41.73	599.9	-0	6	101.8	-1.03	-0.142	1.0	111115
169	"12:59:32"	435.5	0.171	-0.00109	732	-0.021	1.91	6	1	2.84	26.65	26.01	26.66	498.80	498.64	14.400	14.379	41.79	41.73	599.9	-0	6	101.8	-1.03	-0.142	1.0	111115
170	"12:59:34"	437.0	0.223	-0.00118	782	-0.0227	1.91	6	1	2.84	26.65	26.01	26.66	498.82	498.61	14.397	14.375	41.79	41.73	599.9	0	6	101.8	-1.03	-0.142	1.0	111115
171	"12:59:35"	437.5	0.265	-0.00122	825	-0.0235	1.91	6	1	2.84	26.65	26.01	26.65	498.84	498.59	14.395	14.372	41.79	41.72	599.9	0	6	101.8	-1.03	-0.142	1.0	111115
172	"12:59:36"	439.0	0.242	-0.00125	789	-0.024	1.91	6	1	2.84	26.65	26.00	26.65	498.81	498.58	14.393	14.369	41.79	41.72	599.9	0	6	101.8	-1.03	-0.142	1.0	111115
173	"12:59:37"	440.5	0.179	-0.00108	745	-0.0208	1.91	6	1	2.84	26.64	26.00	26.65	498.77	498.60	14.389	14.369	41.79	41.73	599.9	0	6	101.8	-1.03	-0.142	1.0	111115
174	"12:59:38"	441.5	0.0429	-0.00103	549	-0.0199	1.91	6	1	2.84	26.64	26.00	26.65	498.70	498.66	14.388	14.368	41.79	41.73	599.9	0	6	101.8	-1.03	-0.142	1.0	111115
175	"12:59:40"	443.0	0.116	-0.000835	703	-0.0161	1.91	6	1	2.84	26.64	26.00	26.64	498.74	498.63	14.385	14.370	41.79	41.75	599.9	0	6	101.8	-1.03	-0.142	1.0	111115
176	"12:59:41"	444.0	0.143	-0.00104	701	-0.02	1.91	6	1	2.84	26.63	26.00	26.64	498.75	498.62	14.384	14.365	41.79	41.74	599.9	0	6	101.8	-1.03	-0.142	1.0	111115
177	"12:59:42"	445.5	0.225	-0.00114	794	-0.0219	1.91	6	1	2.84	26.63	25.99	26.64	498.79	498.58	14.382	14.361	41.80	41.73	599.9	0	6	101.8	-1.03	-0.142	1.0	111115
178	"12:59:43"	446.5	0.214	-0.00126	751	-0.0242	1.91	6	1	2.84	26.63	25.99	26.63	498.79	498.59	14.380	14.356	41.80	41.73	600.0	0	6	101.8	-1.03	-0.142	1.0	111115
179	"12:59:45"	448.0	0.217	-0.00139	729	-0.0267	1.91	6	1	2.84	26.62	25.98	26.63	498.80	498.59	14.377	14.351	41.80	41.72	600.0	0	6	101.8	-1.03	-0.142	1.0	111115
180	"12:59:46"	449.0	0.276	-0.00136	804	-0.0261	1.91	6	1	2.84	26.62	25.98	26.63	498.81	498.55	14.376	14.350	41.80	41.72	599.9	-0	6	101.8	-1.03	-0.142	1.0	111115
181	"12:59:47"	449.5	0.285	-0.00131	826	-0.0252	1.91	6	1	2.84	26.62	25.98	26.63	498.82	498.54	14.374	14.350	41.80	41.72	599.9	-0	6	101.8	-1.03	-0.142	1.0	111115
182	"12:59:48"	451.5	0.199	-0.00108	773	-0.0208	1.91	6	1	2.84	26.62	25.98	26.62	498.78	498.59	14.370	14.349	41.80	41.74	599.9	-0	6	101.8	-1.03	-0.142	1.0	111115
183	"12:59:49"	452.5	0.198	-0.00121	741	-0.0233	1.91	6	1	2.84	26.61	25.98	26.62	498.75	498.56	14.367	14.344	41.79	41.73	599.9	-0	6	101.8	-1.03	-0.142	1.0	111115
184	"12:59:50"	453.0	0.11	-0.0011	641	-0.0211	1.91	6	1	2.84	26.61	25.98	26.62	498.73	498.63	14.366	14.345	41.79	41.73	599.9	0	6	101.8	-1.03	-0.142	1.0	111115
185	"12:59:52"	455.0	0.23	-0.00117	792	-0.0226	1.91	6	1	2.84	26.61	25.97	26.62	498.77	498.55	14.363	14.341	41.80	41.73	599.9	0	7	101.8	-1.03	-0.142	1.0	111115
186	"12:59:53"	455.5	0.274	-0.00122	836	-0.0235	1.91	6	1	2.84	26.61	25.97	26.61	498.78	498.51	14.363	14.340	41.80	41.73	599.8	0	7	101.8	-1.03	-0.142	1.0	111115
187	"12:59:54"	456.5	0.353	-0.00113	975	-0.0218	1.91	6	1	2.84	26.60	25.96	26.61	498.82	498.48	14.361	14.339	41.80	41.74	599.9	0	7	101.8	-1.03	-0.142	1.0	111115
188	"12:59:55"	458.0	0.343	-0.00121	930	-0.0233	1.91	6	1	2.84	26.60	25.96	26.61	498.83	498.50	14.358	14.335	41.80	41.73	599.9	0	7	101.8	-1.03	-0.142	1.0	111115
189	"12:59:56"	459.5	0.267	-0.00109	869	-0.021	1.91	6	1	2.84	26.60	25.95	26.61	498.84	498.58	14.354	14.333	41.79	41.73	599.9	0	7	101.8	-1.03	-0.142	1.0	111115
190	"12:59:57"	460.0	0.204	-0.000978	811	-0.0188	1.9	6	1	2.84	26.60	25.95	26.60	498.82	498.62	14.352	14.334	41.79	41.74	599.9	0	7	101.8	-1.03	-0.142	1.0	111115
191	"12:59:58"	461.5	0.0315	-0.000928	537	-0.0178	1.9	6	1	2.84	26.59	25.94	26.60	498.72	498.69	14.349	14.332	41.79	41.74	600.0	0	7	101.8	-1.03	-0.142	1.0	111115
192	"13:00:00"	463.0	-0.0223	-0.00107	451	-0.0204	1.9	6	1	2.84	26.59	25.93	26.60	498.65	498.69	14.346	14.326	41.79	41.73	600.2	0	7	101.8	-1.03	-0.142	1.0	111115
193	"13:00:01"	464.0	-0.000879	-0.00106	482	-0.0203	1.9	6	1	2.84	26.59	25.93	26.60	498.69	498.70	14.344	14.324	41.79	41.73	600.2	0	7	101.8	-1.03	-0.142	1.0	111115
194	"13:00:02"	465.5	0.167	-0.00116	710	-0.0223	1.9	6	1	2.84	26.59	25.93	26.59	498.76	498.60	14.342	14.320	41.79	41.73	600.2	0	7	101.8	-1.03	-0.142	1.0	111115
195	"13:00:03"	466.5	0.222	-0.00129	755	-0.0247	1.9	6	1	2.84	26.58	25.94	26.59	498.79	498.58	14.340	14.316	41.79	41.72	600.2	0	7	101.8	-1.03	-0.142	1.0	111115
196	"13:00:04"	467.0	0.234	-0.00112	811	-0.0215	1.9	6	1	2.84	26.58	25.94	26.59	498.80	498.58	14.339	14.318	41.79	41.73	600.1	0	7	101.8	-1.03	-0.142	1.0	111115
197	"13:00:06"	469.0	0.338	-0.00109	973	-0.0208	1.9	6	1	2.84	26.58	25.94	26.58	498.81	498.48	14.336	14.315	41.79	41.73	600.0	-0	7	101.8	-1.03	-0.142	1.0	111115
198	"13:00:07"	470.0	0.344	-0.00109	981	-0.0208	1.9	6	1	2.84	26.57	25.93	26.58	498.80	498.47	14.334	14.313	41.79	41.73	600.0	-0	7	101.8	-1.03	-0.142	1.0	111115
199	"13:00:08"	471.5	0.343	-0.00109	979	-0.0209	1.9	6	1	2.84	26.57	25.94	26.58	498.80	498.46	14.332	14.311	41.79	41.73	599.9	0	7	101.8	-1.03	-0.142	1.0	111115
200	"13:00:09"	472.5	0.205	-0.00119	756	-0.0228	1.91	6	1	2.84	26.57	25.93	26.58	498.73	498.53	14.329	14.307	41.79	41.72	599.9	0	7	101.8	-1.03	-0.142	1.0	111115
201	"13:00:11"	474.0	0.105	-0.00127	615	-0.0243	1.9	6	1	2.84	26.57	25.93	26.57	498.70	498.60	14.327	14.303	41.79	41.72	599.8	-0	7	101.8	-1.03	-0.142	1.0	111115
202	"13:00:12"	475.0	0.0765	-0.00129	577	-0.0247	1.9	6	1	2.84	26.57	25.92	26.57	498.68	498.62	14.324	14.300	41.79	41.71	599.9	-0	7	101.8	-1.03	-0.142	1.0	111115
203	"13:00:13"	476.5	0.236	-0.00134	761	-0.0257	1.9	6	1	2.84	26.56	25.92	26.57	498.78	498.56	14.322	14.297	41.79	41.71	599.9	-0	7	101.8	-1.03	-0.142	1.0	111115
204	"13:00:14"	477.5	0.249	-0.00125	796	-0.024	1.9	6	1	2.84	26.56	25.91	26.57	498.80	498.56	14.320	14.296	41.79	41.72	599.9	-0	7	101.8	-1.03	-0.142	1.0	111115
205	"13:00:16"	479.0	0.247	-0.00146	749	-0.028	1.9	6	1	2.84	26.56	25.91	26.56	498.78	498.55	14.317	14.290	41.79	41.71	599.9	-0	7	101.8	-1.03	-0.142	1.0	111115
206	"13:00:17"	480.0	0.126	-0.00153	613	-0.0293	1.9	6	1	2.84	26.56	25.91	26.56	498.73	498.62	14.316	14.287	41.79	41.70	599.9	0	7	101.8	-1.03	-0.142	0.7	111115
207	"13:00:18"	481.5	0.184	-0.00163	662	-0.0311	1.9	6	1	2.84	26.55	25.91	26.56	498.75	498.58	14.313	14.282	41.79	41.70	599.9	0	7	101.8	-1.03	-0.142	0.7	111115
208	"13:00:19"	482.5	0.169	-0.00143	669	-0.0275	1.9	6	1	2.84	26.55	25.91	26.56	498.73	498.57	14.311	14.284	41.79	41.71	599.9	0	7	101.8	-1.03	-0.142	0.7	111115
209	"13:00:21"	484.0	0.153	-0.00143	652	-0.0274	1.9	6	1	2.84	26.55	25.91	26.55	498.73	498.59	14.309	14.282	41.79	41.71	599.9	-0	7	101.8	-1.03	-0.142	1.0	111115
210	"13:00:22"	485.0	0.149	-0.00127	668	-0.0243	1.9	6	1	2.84	26.55	25.91	26.55	498.73	498.59	14.307	14.283	41.79	41.72	600.0	-0	7	101.8	-1.03	-0.142	1.0	111115
211	"13:00:23"	486.5	0.126	-0.0012	649	-0.0229	1.9	6	1	2.84	26.54	25.90	26.55	498.72	498.61	14.304	14.282	41.78	41.72	600.0	-0	7	101.8	-1.03	-0.142	1.0	111115
212	"13:00:24"	487.5	0.24	-0.00118	805	-0.0225	1.9	6	1	2.84	26.54	25.90	26.55	498.75	498.52	14.302	14.280	41.78	41.72	600.0	0	7	101.8	-1.03	-0.142	1.0	111115
213	"13:00:26"	489.0	0.176	-0.00139	683	-0.0265	1.9	6	1	2.84	26.54	25.90	26.54	498.68	498.52	14.300	14.274	41.78	41.71	600.0	0	7	101.8	-1.03	-0.142	1.0	111115
214	"13:00:27"	490.0	0.226	-0.00134	749	-0.0257	1.9	6	1	2.84	26.54	25.90	26.54	498.70	498.48	14.299	14.273	41.79	41.71	600.0	0	7	101.8	-1.03	-0.142	1.0	111115
215	"13:00:28"	491.5	0.252	-0.00117	822	-0.0224	1.9	6	1	2.84	26.53	25.90	26.54	498.73	498.49	14.294	14.272	41.78	41.71	600.2	0	7	101.8	-1.03	-0.142	1.0	111115
216	"13:00:29"	492.5	0.272	-0.00126	823	-0.0241	1.9	6	1	2.84	26.53	25.90	26.54	498.76	498.50	14.292	14.268	41.78	41.71	600.2	0	7	101.8	-1.03	-0.142	1.0	111115
217	"13:00:31"	494.0	0.236	-0.00134	760	-0.0257	1.9	6	1	2.84	26.53	25.90	26.54	498.75	498.52	14.290	14.264	41.78	41.70	600.1	-0	7	101.8	-1.03	-0.142	1.0	111115
218	"13:00:32"	495.0	0.254	-0.00122	812	-0.0233	1.9	6	1	2.84	26.53	25.89	26.53	498.74	498.50	14.286	14.263	41.77	41.71	600.1	-0	7	101.8	-1.03	-0.142	1.0	111115
219	"13:00:33"	496.5	0.282	-0.00117	862	-0.0224	1.9	6	1	2.84	26.52	25.89	26.53	498.74	498.47	14.283	14.260	41.77	41.70	600.0	-0	7	101.8	-1.03	-0.142	1.0	111115
220	"13:00:34"	497.5	0.272	-0.00121	838	-0.0231	1.9	6	1	2.84	26.52	25.88	26.53	498.75	498.49	14.280	14.257	41.77	41.70	600.0	0	7	101.8	-1.03	-0.142	1.0	111115
221	"13:00:36"	499.0	0.172	-0.0013	692	-0.0249	1.9	6	1	2.84	26.52	25.88	26.52	498.71	498.55	14.278	14.254	41.77	41.70	599.9	-0	7	101.8	-1.03	-0.142	1.0	111115
222	"13:00:37"	500.0	0.181	-0.00124	714	-0.0236	1.9	6	1	2.84	26.52	25.87	26.52	498.72	498.55	14.276	14.253	41.77	41.70	599.9	-0	7	101.8	-1.03	-0.142	1.0	111115
223	"13:00:38"	501.5	0.252	-0.00138	770	-0.0264	1.9	6	1	2.84	26.51	25.87	26.52	498.74	498.50	14.274	14.248	41.77	41.69	599.9	-0	7	101.8	-1.03	-0.142	1.0	111115
224	"13:00:39"	502.5	0.274	-0.00139	794	-0.0265	1.9	6	1	2.84	26.51	25.87	26.52	498.74	498.48	14.272	14.246	41.77	41.69	599.9	-0	7	101.8	-1.03	-0.142	1.0	111115
225	"13:00:41"	504.0	0.218	-0.0013	747	-0.0248	1.9	6	1	2.84	26.51	25.87	26.52	498.70	498.50	14.269	14.244	41.77	41.69	599.9	-0	7	101.8	-1.03	-0.142	1.0	111115
226	"13:00:42"	505.0	0.109	-0.00113	634	-0.0217	1.9	6	1	2.84	26.51	25.87	26.51	498.63	498.53	14.266	14.244	41.76	41.70	599.9	0	7	101.8	-1.03	-0.142	1.0	111115
227	"13:00:43"	506.5	0.0206	-0.00135	508	-0.0257	1.9	6	1	2.84	26.50	25.86	26.51	498.57	498.56	14.262	14.237	41.76	41.68	599.9	0	7	101.8	-1.03	-0.142	1.0	111115
228	"13:00:44"	507.5	-0.0654	-0.00121	399	-0.0231	1.9	6	1	2.84	26.50	25.86	26.51	498.52	498.60	14.260	14.237	41.76	41.69	600.0	0	7	101.8	-1.03	-0.142	1.0	111115
229	"13:00:45"	508.0	-0.0475	-0.00117	420	-0.0224	1.9	6	1	2.84	26.50	25.86	26.51	498.51	498.57	14.258	14.236	41.75	41.69	600.0	0	7	101.8	-1.03	-0.142	1.0	111115
230	"13:00:47"	510.0	0.0756	-0.00102	601	-0.0194	1.9	6	1	2.84	26.50	25.85	26.50	498.60	498.53	14.254	14.235	41.75	41.69	599.9	0	7	101.8	-1.03	-0.142	1.0	111115
231	"13:00:48"	511.0	0.14	-0.00106	691	-0.0202	1.9	6	1	2.84	26.50	25.85	26.50	498.65	498.52	14.253	14.233	41.75	41.69	600.0	0	7	101.8	-1.03	-0.142	1.0	111115
232	"13:00:49"	512.5	0.317	-0.00129	872	-0.0245	1.9	6	1	2.84	26.49	25.84	26.50	498.74	498.44	14.251	14.227	41.75	41.68	599.9	-0	7	101.8	-1.03	-0.142	1.0	111115
233	"13:00:50"	513.5	0.228	-0.00135	750	-0.0257	1.89	6	1	2.84	26.49	25.83	26.50	498.69	498.48	14.248	14.223	41.75	41.67	599.9	-0	7	101.8	-1.03	-0.142	1.0	111115
234	"13:00:52"	515.0	0.0648	-0.00121	568	-0.023	1.89	6	1	2.84	26.49	25.80	26.49	498.60	498.54	14.244	14.221	41.74	41.68	599.9	-0	7	101.8	-1.03	-0.142	1.0	111115
235	"13:00:53"	516.0	0.0326	-0.00113	529	-0.0215	1.89	6	1	2.84	26.49	25.80	26.49	498.63	498.61	14.242	14.220	41.74	41.68	599.9	-0	7	101.8	-1.03	-0.142	1.0	111115
236	"13:00:54"	517.5	0.0272	-0.00134	516	-0.0255	1.89	6	1	2.84	26.48	25.81	26.49	498.63	498.61	14.240	14.215	41.74	41.67	599.9	-0	7	101.8	-1.03	-0.142	1.0	111115
237	"13:00:55"	518.5	0.18	-0.0012	719	-0.0229	1.89	6	1	2.84	26.48	25.82	26.49	498.72	498.55	14.238	14.215	41.74	41.67	599.9	-0	7	101.8	-1.03	-0.142	1.0	111115
238	"13:00:57"	520.0	0.258	-0.00134	787	-0.0255	1.89	6	1	2.84	26.48	25.83	26.48	498.74	498.49	14.236	14.211	41.74	41.67	599.9	0	7	101.8	-1.03	-0.142	1.0	111115
239	"13:00:58"	520.5	0.278	-0.00123	839	-0.0234	1.89	6	1	2.84	26.48	25.83	26.48	498.75	498.48	14.235	14.212	41.74	41.68	599.9	0	7	101.8	-1.03	-0.142	1.0	111115
240	"13:00:59"	522.0	0.269	-0.0011	867	-0.021	1.89	6	1	2.84	26.47	25.83	26.48	498.71	498.46	14.231	14.210	41.74	41.68	600.0	0	7	101.8	-1.03	-0.142	1.0	111115
241	"13:01:00"	523.5	0.163	-0.00131	680	-0.0249	1.89	6	1	2.84	26.47	25.82	26.48	498.71	498.55	14.228	14.204	41.74	41.67	600.2	0	7	101.8	-1.03	-0.142	1.0	111115
242	"13:01:01"	524.5	0.115	-0.00135	618	-0.0257	1.89	6	1	2.84	26.47	25.82	26.48	498.68	498.57	14.226	14.200	41.74	41.66	600.3	-0	7	101.8	-1.03	-0.142	1.0	111115
243	"13:01:03"	526.0	0.155	-0.00164	633	-0.0312	1.89	6	1	2.84	26.46	25.81	26.47	498.70	498.56	14.225	14.194	41.74	41.65	600.3	-0	7	101.8	-1.03	-0.142	1.0	111115
244	"13:01:04"	527.0	0.111	-0.00162	592	-0.0309	1.89	6	1	2.84	26.46	25.81	26.47	498.65	498.55	14.222	14.191	41.74	41.65	600.2	-0	7	101.8	-1.03	-0.142	0.7	111115
245	"13:01:05"	528.5	0.126	-0.00164	605	-0.0312	1.89	6	1	2.84	26.46	25.81	26.47	498.64	498.53	14.219	14.188	41.74	41.65	600.0	0	7	101.8	-1.03	-0.142	0.7	111115
246	"13:01:06"	529.5	0.139	-0.00164	617	-0.0312	1.89	6	1	2.84	26.46	25.81	26.46	498.64	498.51	14.216	14.185	41.74	41.65	599.8	-0	7	101.8	-1.03	-0.142	1.0	111115
247	"13:01:08"	531.0	0.132	-0.00163	611	-0.031	1.89	6	1	2.84	26.45	25.80	26.46	498.65	498.54	14.213	14.182	41.74	41.65	599.8	-0	7	101.8	-1.03	-0.142	1.0	111115
