"OPEN 5.3.2"
"Fri Aug  3 2018 11:53:12"
"Unit="	"PSC-895"
"ComputeList="	"/User/Configs/Comps/Default"
"BLCTable="	"/Sys/Lib/StdBLCTable"
"LightSource="	"Sun+Sky"	1	0.19
"LogFormat="	"/User/Configs/LogFormats/Std Output"
"LogCodes="	-35	-21	-36	30	23	36	21	25	-33	-34	-32	-9	-10	-8	-1	-2	-4	-5	-14	-15	-7	-12	-13	-11	-65	-66	-72	-23
"PromptList="	"/User/Configs/Prompts/Default (none)"
"Stability= (CO2S 15s SLP<1)(H2OS 15s SLP<1)(Flow 15s SLP<1)"
"11:53:14 "
$STARTOFDATA$
"Obs"	"HHMMSS"	"FTime"	"Photo"	"Cond"	"Ci"	"Trmmol"	"VpdL"	"Area"	"StmRat"	"BLCond"	"Tair"	"Tleaf"	"TBlk"	"CO2R"	"CO2S"	"H2OR"	"H2OS"	"RH_R"	"RH_S"	"Flow"	"PARi"	"PARo"	"Press"	"CsMch"	"HsMch"	"StableF"	"Status"
1	"11:55:40"	206.5	-22.3	0.14	740	5.89	4.22	6	1	2.84	43.17	42.49	43.17	498.99	518.24	35.953	41.598	41.76	48.31	600.0	0	124	101.8	20.2	0.082	0.3	111115
2	"11:55:41"	207.0	-22.2	0.14	739	5.89	4.22	6	1	2.84	43.17	42.49	43.17	499.00	518.13	35.954	41.599	41.76	48.31	600.0	0	126	101.8	20.2	0.082	0.3	111115
3	"11:55:42"	208.5	-22.4	0.14	741	5.89	4.22	6	1	2.84	43.17	42.49	43.17	498.91	518.25	35.958	41.606	41.76	48.32	600.0	-0	127	101.8	20.2	0.082	0.3	111115
4	"11:55:43"	209.0	-22.3	0.14	741	5.89	4.22	6	1	2.84	43.17	42.49	43.17	498.98	518.27	35.960	41.607	41.76	48.32	600.0	-0	128	101.8	20.2	0.082	0.3	111115
5	"11:55:45"	211.0	-22	0.14	736	5.9	4.22	6	1	2.84	43.18	42.49	43.18	499.31	518.25	35.970	41.625	41.77	48.34	599.9	-0	130	101.8	20.2	0.082	0.3	111115
6	"11:55:46"	212.0	-21.8	0.14	734	5.9	4.22	6	1	2.84	43.18	42.50	43.18	499.55	518.27	35.974	41.632	41.77	48.34	599.9	-0	129	101.8	20.2	0.082	0.7	111115
7	"11:55:47"	213.5	-21.5	0.14	730	5.91	4.22	6	1	2.84	43.18	42.50	43.18	499.84	518.24	35.985	41.651	41.78	48.36	600.0	-0	130	101.8	20.2	0.082	1.0	111115
8	"11:55:48"	214.5	-21.4	0.14	728	5.92	4.22	6	1	2.84	43.18	42.51	43.18	499.97	518.26	35.991	41.663	41.78	48.37	600.0	-0	130	101.8	20.2	0.082	1.0	111115
9	"11:55:50"	216.0	-21.3	0.141	728	5.93	4.22	6	1	2.84	43.18	42.51	43.18	500.02	518.29	36.001	41.681	41.79	48.38	600.0	-0	133	101.8	20.2	0.082	1.0	111115
10	"11:55:51"	217.0	-21.4	0.141	728	5.93	4.22	6	1	2.84	43.18	42.51	43.18	500.00	518.30	36.008	41.689	41.80	48.39	600.0	-0	134	101.8	20.2	0.082	1.0	111115
11	"11:55:52"	218.5	-21.5	0.141	730	5.93	4.22	6	1	2.84	43.19	42.51	43.19	499.95	518.42	36.018	41.699	41.80	48.40	600.0	-0	136	101.8	20.2	0.082	1.0	111115
12	"11:55:53"	219.5	-21.6	0.141	731	5.94	4.22	6	1	2.84	43.19	42.51	43.19	499.95	518.50	36.024	41.713	41.81	48.41	600.1	-0	136	101.8	20.2	0.082	0.7	111115
13	"11:55:55"	221.0	-21.8	0.141	732	5.95	4.22	6	1	2.84	43.19	42.52	43.19	499.91	518.65	36.032	41.732	41.81	48.43	600.1	-0	136	101.8	20.2	0.082	0.7	111115
14	"11:55:56"	222.0	-21.8	0.141	732	5.95	4.22	6	1	2.84	43.19	42.52	43.19	499.90	518.62	36.036	41.737	41.81	48.43	600.1	-0	136	101.8	20.2	0.082	0.7	111115
15	"11:55:57"	223.5	-21.9	0.141	733	5.96	4.22	6	1	2.84	43.19	42.52	43.19	499.86	518.66	36.045	41.752	41.82	48.44	600.1	-0	136	101.8	20.2	0.082	0.7	111115
16	"11:55:58"	224.5	-21.9	0.141	733	5.96	4.22	6	1	2.84	43.19	42.52	43.19	499.86	518.68	36.051	41.761	41.82	48.45	600.1	-0	136	101.8	20.2	0.082	0.7	111115
17	"11:56:00"	226.0	-21.9	0.142	733	5.96	4.22	6	1	2.84	43.20	42.53	43.20	499.86	518.72	36.060	41.772	41.83	48.45	600.1	-0	136	101.8	20.2	0.082	0.7	111115
18	"11:56:01"	227.0	-21.9	0.142	733	5.96	4.22	6	1	2.84	43.20	42.53	43.20	499.91	518.76	36.066	41.780	41.83	48.46	600.1	-0	136	101.8	20.2	0.082	0.7	111115
19	"11:56:02"	228.5	-21.9	0.142	733	5.97	4.22	6	1	2.84	43.20	42.53	43.20	499.94	518.78	36.075	41.797	41.84	48.47	600.0	-0	135	101.8	20.2	0.082	0.7	111115
20	"11:56:03"	229.5	-22	0.142	733	5.98	4.22	6	1	2.84	43.20	42.53	43.20	499.95	518.81	36.082	41.810	41.84	48.48	600.0	-0	135	101.8	20.2	0.082	0.7	111115
21	"11:56:05"	231.0	-22	0.142	732	5.99	4.22	6	1	2.84	43.20	42.53	43.20	499.96	518.80	36.091	41.827	41.85	48.50	600.0	-0	134	101.8	20.2	0.082	0.7	111115
22	"11:56:06"	232.0	-22	0.142	734	5.98	4.22	6	1	2.84	43.21	42.54	43.21	499.96	518.90	36.096	41.831	41.85	48.50	600.0	-0	134	101.8	20.2	0.082	0.7	111115
23	"11:56:07"	233.5	-22	0.142	733	5.99	4.22	6	1	2.84	43.21	42.54	43.21	499.97	518.89	36.106	41.846	41.86	48.51	600.0	-0	134	101.8	20.2	0.082	0.7	111115
24	"11:56:08"	234.5	-22	0.142	733	5.99	4.22	6	1	2.84	43.21	42.54	43.21	499.99	518.91	36.111	41.853	41.86	48.52	600.0	-0	134	101.8	20.2	0.082	0.7	111115
25	"11:56:10"	236.0	-22.1	0.143	734	6	4.22	6	1	2.84	43.21	42.54	43.21	499.96	518.96	36.119	41.872	41.86	48.53	600.1	-0	133	101.8	20.2	0.082	0.7	111115
26	"11:56:11"	237.0	-22.2	0.143	735	6	4.22	6	1	2.84	43.21	42.54	43.21	499.95	519.04	36.127	41.879	41.87	48.54	600.1	-0	133	101.8	20.2	0.082	0.7	111115
27	"11:56:12"	238.5	-22.2	0.143	734	6.02	4.22	6	1	2.84	43.21	42.54	43.21	500.00	519.10	36.138	41.901	41.88	48.56	600.1	-0	133	101.8	20.2	0.082	0.7	111115
28	"11:56:13"	239.5	-22.1	0.143	733	6.02	4.22	6	1	2.84	43.22	42.55	43.22	500.06	519.04	36.144	41.907	41.88	48.56	600.1	-0	132	101.8	20.2	0.082	0.7	111115
29	"11:56:15"	241.0	-22	0.143	732	6.02	4.22	6	1	2.84	43.22	42.55	43.22	500.11	519.00	36.153	41.921	41.89	48.57	600.1	-0	132	101.8	20.2	0.082	0.7	111115
30	"11:56:16"	242.0	-22.1	0.143	733	6.02	4.22	6	1	2.84	43.22	42.55	43.22	500.06	519.04	36.159	41.927	41.89	48.57	600.0	-0	132	101.8	20.2	0.082	0.7	111115
31	"11:56:17"	243.5	-22.3	0.143	735	6.03	4.22	6	1	2.84	43.22	42.55	43.22	499.92	519.10	36.166	41.945	41.90	48.59	600.0	-0	131	101.8	20.2	0.082	0.7	111115
32	"11:56:18"	244.5	-22.4	0.143	736	6.03	4.22	6	1	2.84	43.22	42.56	43.23	499.89	519.20	36.172	41.954	41.90	48.59	600.0	-0	131	101.8	20.2	0.082	0.7	111115
33	"11:56:20"	246.0	-22.3	0.144	734	6.04	4.22	6	1	2.84	43.23	42.56	43.23	500.02	519.15	36.181	41.969	41.90	48.61	600.1	-0	131	101.8	20.2	0.082	0.7	111115
34	"11:56:21"	247.0	-22.2	0.144	733	6.04	4.22	6	1	2.84	43.23	42.56	43.23	500.10	519.13	36.188	41.979	41.91	48.61	600.1	-0	131	101.8	20.2	0.082	0.7	111115
35	"11:56:22"	248.5	-22.1	0.144	731	6.05	4.21	6	1	2.84	43.23	42.56	43.23	500.18	519.10	36.197	41.992	41.91	48.62	600.1	-0	133	101.8	20.2	0.082	0.7	111115
36	"11:56:23"	249.5	-22.1	0.144	731	6.05	4.21	6	1	2.84	43.23	42.56	43.23	500.14	519.06	36.204	42.001	41.92	48.63	600.0	-0	134	101.8	20.2	0.082	1.0	111115
37	"11:56:25"	251.0	-22.2	0.144	733	6.05	4.21	6	1	2.84	43.23	42.56	43.24	500.09	519.14	36.213	42.011	41.92	48.63	600.0	-0	136	101.8	20.2	0.082	1.0	111115
38	"11:56:26"	252.0	-22.2	0.144	732	6.05	4.21	6	1	2.84	43.24	42.57	43.24	500.10	519.14	36.219	42.017	41.93	48.64	600.0	-0	136	101.8	20.2	0.082	1.0	111115
39	"11:56:27"	253.5	-22.1	0.144	732	6.06	4.22	6	1	2.84	43.24	42.57	43.24	500.15	519.15	36.227	42.030	41.93	48.65	600.0	-0	136	101.8	20.2	0.082	1.0	111115
40	"11:56:28"	254.5	-22.2	0.144	733	6.06	4.22	6	1	2.84	43.24	42.57	43.24	500.11	519.18	36.232	42.038	41.93	48.65	600.0	-0	133	101.8	20.2	0.082	1.0	111115
41	"11:56:30"	256.0	-22.3	0.144	734	6.06	4.22	6	1	2.84	43.24	42.58	43.24	500.04	519.24	36.242	42.043	41.94	48.65	600.0	-0	97	101.8	20.2	0.082	1.0	111115
42	"11:56:31"	256.5	-22.4	0.144	735	6.05	4.22	6	1	2.84	43.24	42.58	43.24	500.01	519.28	36.245	42.044	41.94	48.65	600.0	-0	89	101.8	20.2	0.082	1.0	111115
43	"11:56:32"	258.5	-22.5	0.144	736	6.06	4.22	6	1	2.84	43.25	42.58	43.25	499.92	519.29	36.256	42.061	41.95	48.66	600.1	-0	97	101.8	20.2	0.082	1.0	111115
44	"11:56:33"	259.5	-22.5	0.144	736	6.07	4.22	6	1	2.84	43.25	42.58	43.25	499.90	519.26	36.260	42.074	41.95	48.68	600.0	-0	127	101.8	20.2	0.082	1.0	111115
45	"11:56:34"	260.0	-22.5	0.144	735	6.07	4.22	6	1	2.84	43.25	42.59	43.25	499.92	519.24	36.263	42.077	41.95	48.68	600.0	-0	149	101.8	20.2	0.082	1.0	111115
46	"11:56:36"	261.0	-22.5	0.145	735	6.08	4.22	6	1	2.84	43.25	42.59	43.25	499.91	519.24	36.267	42.093	41.95	48.69	600.0	-0	186	101.8	20.2	0.082	1.0	111115
47	"11:56:37"	263.5	-22.8	0.148	733	6.21	4.2	6	1	2.84	43.25	42.59	43.25	500.00	519.55	36.283	42.232	41.96	48.84	600.0	-0	534	101.8	20.2	0.082	1.0	111115
48	"11:56:38"	264.5	-23.2	0.151	733	6.32	4.19	6	1	2.84	43.25	42.59	43.25	499.99	519.93	36.287	42.338	41.96	48.96	600.0	-0	835	101.8	20.2	0.082	0.7	111115
49	"11:56:40"	266.0	-23.9	0.156	734	6.48	4.18	6	1	2.84	43.26	42.60	43.26	500.05	520.56	36.292	42.492	41.96	49.13	600.0	-0	1272	101.8	20.2	0.082	0.3	111115
50	"11:56:41"	267.5	-24.2	0.157	736	6.51	4.18	6	1	2.84	43.26	42.60	43.26	499.95	520.81	36.295	42.525	41.96	49.16	600.0	-0	1441	101.8	20.2	0.082	0.3	111115
51	"11:56:43"	269.0	-24.1	0.153	741	6.37	4.19	6	1	2.84	43.26	42.60	43.26	499.67	520.50	36.296	42.397	41.96	49.01	600.1	-0	1157	101.8	20.2	0.082	0.3	111115
52	"11:56:44"	270.0	-23.7	0.148	743	6.22	4.2	6	1	2.84	43.26	42.59	43.26	499.51	520.00	36.295	42.249	41.95	48.84	600.1	-0	1031	101.8	20.2	0.082	0.3	111115
53	"11:56:45"	270.5	-23.4	0.146	743	6.14	4.21	6	1	2.84	43.26	42.59	43.26	499.47	519.68	36.293	42.175	41.95	48.75	600.0	-0	1017	101.8	20.2	0.082	0.3	111115
54	"11:56:46"	272.5	-21.8	0.14	734	5.92	4.23	6	1	2.84	43.26	42.60	43.27	499.74	518.49	36.288	41.958	41.94	48.49	600.0	-0	1171	101.8	20.2	0.082	0.7	111115
55	"11:56:47"	273.5	-21.5	0.139	733	5.87	4.24	6	1	2.84	43.27	42.60	43.27	499.81	518.27	36.286	41.911	41.94	48.44	600.0	-0	1412	101.8	20.2	0.082	0.7	111115
56	"11:56:49"	275.0	-21.4	0.138	732	5.86	4.24	6	1	2.84	43.27	42.60	43.27	499.88	518.22	36.282	41.900	41.93	48.42	600.0	-0	1452	101.8	20.2	0.082	1.0	111115
57	"11:56:50"	276.0	-21.7	0.139	735	5.89	4.24	6	1	2.84	43.27	42.61	43.27	499.78	518.44	36.282	41.925	41.93	48.45	600.1	-0	1462	101.8	20.2	0.082	0.7	111115
58	"11:56:51"	277.5	-22.1	0.141	736	5.95	4.24	6	1	2.84	43.27	42.61	43.27	499.78	518.75	36.279	41.982	41.92	48.51	600.0	-0	1461	101.8	20.2	0.082	0.7	111115
59	"11:56:52"	278.5	-22.4	0.142	738	6	4.23	6	1	2.84	43.27	42.61	43.27	499.73	519.01	36.280	42.032	41.92	48.56	600.0	-0	1375	101.8	20.2	0.082	0.7	111115
60	"11:56:54"	280.0	-22.7	0.144	737	6.08	4.23	6	1	2.84	43.27	42.61	43.27	499.80	519.32	36.279	42.107	41.91	48.64	600.0	-0	1194	101.8	20.2	0.082	0.3	111115
61	"11:56:55"	281.0	-23	0.146	739	6.15	4.22	6	1	2.84	43.27	42.61	43.27	499.74	519.57	36.276	42.162	41.90	48.70	600.1	-0	1169	101.8	20.2	0.082	0.3	111115
62	"11:56:56"	282.5	-23.3	0.148	738	6.21	4.22	6	1	2.84	43.28	42.62	43.27	499.76	519.78	36.271	42.220	41.89	48.76	600.1	-0	1211	101.8	20.2	0.082	0.3	111115
63	"11:56:57"	283.5	-23.3	0.149	737	6.25	4.21	6	1	2.84	43.28	42.62	43.27	499.83	519.84	36.266	42.247	41.88	48.79	600.0	-0	1274	101.8	20.2	0.082	0.3	111115
64	"11:56:59"	285.0	-23.1	0.149	734	6.27	4.21	6	1	2.84	43.28	42.62	43.28	500.02	519.83	36.267	42.268	41.88	48.81	600.0	-0	1282	101.8	20.2	0.082	0.7	111115
65	"11:57:00"	286.0	-23.1	0.15	733	6.28	4.21	6	1	2.84	43.28	42.62	43.28	500.04	519.83	36.269	42.288	41.88	48.83	600.0	-0	1297	101.8	20.2	0.082	1.0	111115
66	"11:57:01"	287.5	-23.3	0.151	735	6.32	4.21	6	1	2.84	43.28	42.62	43.28	499.90	519.94	36.273	42.321	41.88	48.87	600.0	-0	1372	101.8	20.2	0.082	0.7	111115
67	"11:57:02"	288.5	-23.5	0.152	735	6.34	4.2	6	1	2.84	43.28	42.62	43.28	499.83	520.00	36.277	42.349	41.88	48.90	600.0	-0	1443	101.8	20.2	0.082	0.3	111115
68	"11:57:04"	290.0	-23.5	0.152	735	6.37	4.2	6	1	2.84	43.29	42.62	43.28	499.85	520.06	36.288	42.387	41.89	48.94	600.0	-0	1467	101.8	20.2	0.082	0.3	111115
69	"11:57:05"	291.0	-23.5	0.153	734	6.38	4.2	6	1	2.84	43.29	42.62	43.27	499.86	520.08	36.296	42.410	41.90	48.96	600.0	-0	1470	101.8	20.2	0.082	0.3	111115
70	"11:57:06"	292.5	-23.8	0.154	736	6.41	4.19	6	1	2.84	43.29	42.62	43.27	499.74	520.19	36.306	42.441	41.91	49.00	600.0	-0	1478	101.8	20.2	0.082	0.3	111115
71	"11:57:07"	293.5	-23.9	0.154	736	6.43	4.19	6	1	2.84	43.29	42.62	43.27	499.69	520.21	36.311	42.466	41.92	49.03	600.0	-0	1468	101.8	20.2	0.082	0.3	111115
72	"11:57:09"	295.0	-24	0.155	736	6.45	4.19	6	1	2.84	43.29	42.62	43.27	499.66	520.26	36.317	42.491	41.93	49.05	600.1	-0	1446	101.8	20.2	0.082	0.3	111115
73	"11:57:10"	296.0	-23.7	0.155	732	6.46	4.19	6	1	2.84	43.29	42.62	43.27	499.82	520.12	36.321	42.506	41.93	49.07	600.1	-0	1409	101.8	20.2	0.082	0.3	111115
74	"11:57:11"	297.5	-23.4	0.155	729	6.46	4.19	6	1	2.84	43.29	42.62	43.27	499.89	519.95	36.327	42.513	41.94	49.08	600.1	-0	1319	101.8	20.2	0.082	0.3	111115
75	"11:57:12"	298.5	-23.7	0.155	732	6.46	4.19	6	1	2.84	43.29	42.62	43.27	499.69	520.06	36.328	42.516	41.94	49.08	600.1	-0	1187	101.8	20.2	0.082	0.3	111115
76	"11:57:14"	300.0	-23.8	0.155	734	6.46	4.19	6	1	2.84	43.29	42.62	43.26	499.63	520.10	36.334	42.521	41.95	49.09	600.0	-0	836	101.8	20.2	0.082	0.3	111115
77	"11:57:15"	301.0	-23.9	0.156	733	6.48	4.19	6	1	2.84	43.28	42.62	43.26	499.61	520.10	36.333	42.538	41.95	49.11	600.1	-0	588	101.8	20.2	0.082	0.7	111115
78	"11:57:16"	302.5	-23.7	0.156	730	6.5	4.18	6	1	2.84	43.28	42.62	43.26	499.71	520.01	36.336	42.563	41.95	49.14	600.0	-0	466	101.8	20.2	0.082	0.7	111115
79	"11:57:17"	303.5	-23.7	0.157	730	6.52	4.18	6	1	2.84	43.28	42.62	43.26	499.67	520.00	36.340	42.578	41.96	49.16	600.1	-0	688	101.8	20.2	0.082	1.0	111115
80	"11:57:19"	305.0	-23.9	0.157	732	6.52	4.18	6	1	2.84	43.28	42.62	43.26	499.53	520.08	36.350	42.593	41.97	49.18	600.0	-0	1155	101.8	20.2	0.082	1.0	111115
81	"11:57:20"	306.0	-23.9	0.157	731	6.53	4.18	6	1	2.84	43.28	42.62	43.26	499.53	520.07	36.358	42.611	41.98	49.20	600.0	-0	1429	101.8	20.2	0.082	1.0	111115
82	"11:57:21"	307.5	-23.7	0.158	728	6.55	4.18	6	1	2.84	43.28	42.62	43.26	499.68	519.97	36.370	42.645	42.00	49.24	600.0	-0	1467	101.8	20.2	0.082	1.0	111115
83	"11:57:22"	308.5	-23.6	0.158	726	6.57	4.18	6	1	2.84	43.28	42.63	43.25	499.75	519.88	36.377	42.666	42.01	49.27	600.0	-0	1452	101.8	20.2	0.082	1.0	111115
84	"11:57:24"	310.0	-23.3	0.158	723	6.57	4.18	6	1	2.84	43.28	42.63	43.25	499.86	519.71	36.385	42.670	42.02	49.27	600.0	-0	1350	101.8	20.2	0.082	0.7	111115
85	"11:57:25"	311.0	-23.3	0.158	723	6.56	4.18	6	1	2.84	43.28	42.63	43.25	499.81	519.69	36.389	42.668	42.02	49.27	600.0	-0	1035	101.8	20.2	0.082	0.7	111115
86	"11:57:26"	312.5	-23.3	0.158	724	6.56	4.18	6	1	2.84	43.28	42.63	43.25	499.78	519.71	36.395	42.676	42.03	49.29	600.0	-0	676	101.8	20.2	0.082	0.7	111115
87	"11:57:27"	313.5	-23.3	0.159	723	6.58	4.17	6	1	2.84	43.28	42.63	43.25	499.85	519.75	36.398	42.697	42.03	49.31	600.0	-0	522	101.8	20.2	0.082	0.7	111115
88	"11:57:29"	315.0	-23.6	0.159	725	6.59	4.17	6	1	2.84	43.28	42.63	43.25	499.75	519.88	36.399	42.711	42.04	49.32	600.0	-0	433	101.8	20.2	0.082	0.7	111115
89	"11:57:30"	316.0	-23.6	0.16	724	6.61	4.17	6	1	2.84	43.28	42.64	43.25	499.77	519.88	36.401	42.728	42.04	49.34	600.1	-0	442	101.8	20.2	0.082	0.7	111115
90	"11:57:31"	317.5	-23.8	0.16	726	6.62	4.17	6	1	2.84	43.28	42.64	43.25	499.65	520.00	36.407	42.744	42.04	49.36	600.1	-0	498	101.8	20.2	0.082	0.7	111115
91	"11:57:32"	318.5	-24	0.16	729	6.63	4.17	6	1	2.84	43.28	42.64	43.25	499.51	520.10	36.412	42.754	42.05	49.37	600.0	-0	759	101.8	20.2	0.082	1.0	111115
92	"11:57:34"	320.0	-24	0.16	728	6.63	4.17	6	1	2.84	43.28	42.64	43.25	499.47	520.05	36.422	42.770	42.06	49.39	600.0	-0	1125	101.8	20.2	0.082	1.0	111115
93	"11:57:35"	321.0	-23.9	0.16	727	6.64	4.17	6	1	2.84	43.28	42.64	43.25	499.53	519.97	36.429	42.783	42.07	49.40	600.0	-0	1273	101.8	20.2	0.082	1.0	111115
94	"11:57:36"	322.5	-23.9	0.162	724	6.68	4.17	6	1	2.84	43.28	42.64	43.25	499.65	520.02	36.440	42.835	42.08	49.46	600.0	-0	993	101.8	20.2	0.082	1.0	111115
95	"11:57:37"	323.5	-23.8	0.163	723	6.71	4.16	6	1	2.84	43.28	42.65	43.26	499.73	520.06	36.447	42.873	42.08	49.50	600.0	-0	996	101.8	20.2	0.082	1.0	111115
96	"11:57:39"	325.0	-23.9	0.163	723	6.73	4.16	6	1	2.84	43.28	42.65	43.26	499.75	520.12	36.455	42.898	42.09	49.53	600.0	-0	742	101.8	20.2	0.082	1.0	111115
97	"11:57:40"	326.0	-23.8	0.163	722	6.74	4.16	6	1	2.84	43.28	42.65	43.26	499.76	520.05	36.457	42.908	42.09	49.54	600.0	-0	721	101.8	20.2	0.082	0.7	111115
98	"11:57:41"	327.5	-23.7	0.164	720	6.75	4.16	6	1	2.84	43.28	42.65	43.26	499.78	519.98	36.459	42.922	42.10	49.56	600.1	-0	690	101.8	20.2	0.082	0.7	111115
99	"11:57:42"	328.5	-23.5	0.164	718	6.76	4.16	6	1	2.84	43.29	42.65	43.26	499.85	519.87	36.458	42.923	42.09	49.56	600.1	-0	617	101.8	20.2	0.082	0.7	111115
100	"11:57:44"	330.0	-23.8	0.164	721	6.76	4.16	6	1	2.84	43.29	42.66	43.26	499.67	519.97	36.456	42.928	42.09	49.56	600.1	-0	753	101.8	20.2	0.082	1.0	111115
101	"11:57:45"	330.5	-23.8	0.164	721	6.76	4.16	6	1	2.84	43.29	42.66	43.26	499.64	519.93	36.457	42.926	42.09	49.56	600.1	-0	707	101.8	20.2	0.082	1.0	111115
102	"11:57:46"	332.5	-24.3	0.164	726	6.76	4.16	6	1	2.84	43.29	42.66	43.26	499.28	520.08	36.465	42.932	42.10	49.56	600.1	-0	660	101.8	20.2	0.082	1.0	111115
103	"11:57:47"	333.0	-24.4	0.164	727	6.76	4.16	6	1	2.84	43.29	42.66	43.26	499.24	520.12	36.468	42.936	42.10	49.57	600.1	-0	622	101.8	20.2	0.082	1.0	111115
104	"11:57:48"	334.5	-24.1	0.164	724	6.75	4.16	6	1	2.84	43.29	42.66	43.26	499.43	519.97	36.479	42.939	42.11	49.57	600.0	-0	936	101.8	20.2	0.082	1.0	111115
105	"11:57:50"	336.0	-23.5	0.164	718	6.75	4.16	6	1	2.84	43.29	42.66	43.26	499.75	519.78	36.487	42.949	42.12	49.58	600.0	-0	1029	101.8	20.2	0.082	1.0	111115
106	"11:57:51"	337.0	-23.5	0.164	718	6.77	4.16	6	1	2.84	43.29	42.66	43.26	499.78	519.81	36.486	42.963	42.12	49.60	600.0	-0	1036	101.8	20.2	0.082	1.0	111115
107	"11:57:52"	337.5	-23.5	0.164	717	6.77	4.16	6	1	2.84	43.29	42.66	43.26	499.83	519.78	36.486	42.968	42.12	49.60	600.0	-0	1030	101.8	20.2	0.082	1.0	111115
108	"11:57:53"	338.5	-23.5	0.165	717	6.79	4.16	6	1	2.84	43.29	42.67	43.26	499.78	519.78	36.484	42.983	42.11	49.62	600.0	-0	887	101.8	20.2	0.082	1.0	111115
109	"11:57:54"	340.5	-23.9	0.165	720	6.81	4.16	6	1	2.84	43.29	42.67	43.27	499.58	519.89	36.479	42.995	42.11	49.63	600.1	-0	689	101.8	20.2	0.082	1.0	111115
110	"11:57:56"	342.0	-23.8	0.165	719	6.81	4.16	6	1	2.84	43.29	42.66	43.27	499.65	519.91	36.487	43.003	42.11	49.64	600.1	-0	980	101.8	20.2	0.082	1.0	111115
111	"11:57:57"	343.0	-23.8	0.165	719	6.8	4.16	6	1	2.84	43.29	42.66	43.27	499.68	519.92	36.495	43.000	42.12	49.63	600.1	-0	1145	101.8	20.2	0.082	1.0	111115
112	"11:57:58"	344.5	-23.6	0.165	717	6.8	4.16	6	1	2.84	43.29	42.67	43.27	499.80	519.84	36.507	43.019	42.13	49.65	600.1	-0	1286	101.8	20.2	0.082	1.0	111115
113	"11:57:59"	345.5	-23.8	0.165	719	6.81	4.16	6	1	2.84	43.29	42.67	43.27	499.67	519.94	36.514	43.034	42.14	49.66	600.0	-0	1106	101.8	20.2	0.082	1.0	111115
114	"11:58:01"	347.0	-23.6	0.166	716	6.82	4.16	6	1	2.84	43.29	42.67	43.27	499.81	519.86	36.526	43.052	42.15	49.68	600.1	-0	664	101.8	20.2	0.082	1.0	111115
115	"11:58:02"	348.0	-23.7	0.166	717	6.82	4.15	6	1	2.84	43.30	42.67	43.27	499.77	519.92	36.531	43.060	42.16	49.69	600.0	-0	435	101.8	20.2	0.082	1.0	111115
116	"11:58:03"	349.5	-23.8	0.166	718	6.83	4.15	6	1	2.84	43.30	42.67	43.27	499.73	519.93	36.539	43.074	42.17	49.71	600.0	-0	258	101.8	20.2	0.082	1.0	111115
117	"11:58:04"	350.5	-23.7	0.166	717	6.84	4.15	6	1	2.84	43.30	42.67	43.27	499.72	519.89	36.541	43.089	42.17	49.72	600.0	-0	266	101.8	20.2	0.082	1.0	111115
118	"11:58:06"	352.0	-23.7	0.167	716	6.86	4.15	6	1	2.84	43.30	42.67	43.27	499.76	519.88	36.545	43.109	42.17	49.75	600.0	-0	468	101.8	20.2	0.082	1.0	111115
119	"11:58:07"	352.5	-23.6	0.167	714	6.86	4.15	6	1	2.84	43.30	42.67	43.27	499.83	519.81	36.546	43.113	42.17	49.75	600.0	-0	543	101.8	20.2	0.082	1.0	111115
120	"11:58:08"	353.5	-23.3	0.167	711	6.88	4.15	6	1	2.84	43.30	42.68	43.27	500.02	519.76	36.547	43.129	42.17	49.77	600.0	-0	733	101.8	20.2	0.082	1.0	111115
121	"11:58:09"	354.5	-23.5	0.168	712	6.9	4.15	6	1	2.84	43.30	42.68	43.27	499.97	519.84	36.547	43.152	42.17	49.79	600.1	-0	969	101.8	20.2	0.082	1.0	111115
122	"11:58:10"	356.5	-23.7	0.17	712	6.96	4.15	6	1	2.84	43.30	42.68	43.27	499.91	519.95	36.545	43.204	42.17	49.85	600.1	-0	1165	101.8	20.2	0.082	1.0	111115
123	"11:58:11"	357.5	-23.8	0.17	713	6.98	4.14	6	1	2.84	43.30	42.68	43.27	499.81	520.00	36.542	43.223	42.16	49.87	600.1	-0	1176	101.8	20.2	0.082	1.0	111115
124	"11:58:13"	359.0	-23.7	0.17	712	6.99	4.14	6	1	2.84	43.30	42.68	43.26	499.83	519.93	36.542	43.225	42.17	49.88	600.0	-0	1049	101.8	20.2	0.082	1.0	111115
125	"11:58:14"	360.0	-23.8	0.17	712	6.98	4.14	6	1	2.84	43.30	42.68	43.26	499.79	519.92	36.542	43.216	42.17	49.87	600.0	-0	1030	101.8	20.2	0.082	1.0	111115
126	"11:58:15"	361.5	-23.7	0.17	712	6.96	4.14	6	1	2.84	43.30	42.68	43.26	499.73	519.83	36.551	43.208	42.18	49.86	600.0	-0	960	101.8	20.2	0.082	1.0	111115
127	"11:58:16"	362.5	-23.8	0.17	713	6.96	4.14	6	1	2.84	43.30	42.67	43.26	499.67	519.80	36.556	43.212	42.18	49.86	600.0	-0	885	101.8	20.2	0.082	1.0	111115
128	"11:58:17"	364.0	-23.8	0.17	713	6.97	4.14	6	1	2.84	43.30	42.67	43.26	499.64	519.86	36.560	43.232	42.19	49.89	600.1	-0	737	101.8	20.2	0.082	1.0	111115
129	"11:58:19"	365.0	-23.8	0.171	711	7.01	4.13	6	1	2.84	43.30	42.67	43.25	499.75	519.90	36.560	43.263	42.19	49.93	600.1	-0	635	101.8	20.2	0.082	1.0	111115
130	"11:58:20"	366.5	-24	0.173	711	7.07	4.13	6	1	2.84	43.30	42.67	43.25	499.83	520.14	36.564	43.331	42.20	50.01	600.1	-0	648	101.8	20.2	0.082	1.0	111115
131	"11:58:21"	367.0	-24.1	0.174	711	7.1	4.12	6	1	2.84	43.30	42.67	43.25	499.84	520.25	36.565	43.355	42.20	50.03	600.1	-0	732	101.8	20.2	0.082	1.0	111115
132	"11:58:22"	368.5	-24.1	0.175	710	7.13	4.12	6	1	2.84	43.29	42.67	43.25	499.88	520.30	36.573	43.396	42.21	50.09	600.0	-0	931	101.8	20.2	0.082	1.0	111115
133	"11:58:23"	369.0	-24.1	0.175	710	7.13	4.12	6	1	2.84	43.29	42.67	43.25	499.84	520.26	36.576	43.394	42.21	50.08	600.1	-0	1080	101.8	20.2	0.082	1.0	111115
134	"11:58:25"	371.0	-23.8	0.172	710	7.03	4.13	6	1	2.84	43.29	42.67	43.24	499.70	519.87	36.584	43.307	42.23	49.99	600.0	-0	1266	101.8	20.2	0.082	1.0	111115
135	"11:58:26"	372.5	-23.5	0.17	710	6.96	4.13	6	1	2.84	43.29	42.66	43.23	499.69	519.61	36.590	43.252	42.24	49.93	600.1	-0	1212	101.8	20.2	0.082	1.0	111115
136	"11:58:27"	373.5	-23.4	0.17	709	6.95	4.13	6	1	2.84	43.29	42.66	43.23	499.75	519.56	36.594	43.242	42.25	49.93	600.0	-0	1242	101.8	20.2	0.082	1.0	111115
137	"11:58:28"	375.0	-23.7	0.171	711	6.97	4.13	6	1	2.84	43.28	42.66	43.22	499.71	519.75	36.596	43.269	42.26	49.97	600.0	-0	1325	101.8	20.2	0.082	1.0	111115
138	"11:58:30"	376.0	-23.7	0.172	710	7	4.13	6	1	2.84	43.28	42.66	43.21	499.75	519.84	36.595	43.293	42.26	50.00	600.0	-0	1373	101.8	20.2	0.082	1.0	111115
139	"11:58:31"	377.5	-23.7	0.173	708	7.05	4.12	6	1	2.84	43.28	42.65	43.20	499.90	519.92	36.589	43.335	42.26	50.05	600.1	-0	1363	101.8	20.2	0.082	1.0	111115
140	"11:58:32"	378.0	-23.6	0.174	707	7.06	4.12	6	1	2.84	43.28	42.65	43.20	499.98	519.95	36.587	43.344	42.26	50.07	600.1	-0	1353	101.8	20.2	0.082	1.0	111115
141	"11:58:33"	379.0	-23.5	0.174	706	7.08	4.11	6	1	2.84	43.27	42.65	43.19	500.08	519.93	36.582	43.357	42.26	50.09	600.1	-0	1334	101.8	20.2	0.082	1.0	111115
142	"11:58:34"	380.0	-23.6	0.175	706	7.1	4.11	6	1	2.84	43.27	42.64	43.19	500.07	520.00	36.575	43.366	42.26	50.11	600.0	-0	1346	101.8	20.2	0.082	1.0	111115
143	"11:58:35"	382.0	-23.5	0.175	704	7.12	4.11	6	1	2.84	43.26	42.63	43.17	500.09	519.93	36.563	43.371	42.26	50.13	600.0	-0	1341	101.8	20.2	0.082	1.0	111115
144	"11:58:37"	382.5	-23.6	0.176	704	7.12	4.1	6	1	2.84	43.26	42.63	43.17	500.06	519.92	36.561	43.376	42.26	50.14	600.0	-0	1354	101.8	20.2	0.082	1.0	111115
145	"11:58:38"	384.0	-23.6	0.177	703	7.15	4.1	6	1	2.84	43.26	42.62	43.16	500.09	519.96	36.554	43.390	42.27	50.17	600.0	-0	1376	101.8	20.2	0.082	1.0	111115
146	"11:58:39"	385.5	-23.8	0.177	704	7.17	4.1	6	1	2.84	43.25	42.62	43.14	499.98	520.02	36.547	43.403	42.27	50.20	600.0	-0	1397	101.8	20.2	0.082	1.0	111115
147	"11:58:40"	387.0	-23.8	0.178	704	7.19	4.09	6	1	2.84	43.25	42.61	43.13	499.93	520.03	36.543	43.418	42.28	50.24	600.0	-0	1406	101.8	20.2	0.082	1.0	111115
148	"11:58:42"	388.0	-24.3	0.178	708	7.19	4.09	6	1	2.84	43.24	42.61	43.13	499.63	520.15	36.540	43.419	42.29	50.25	600.0	-0	1282	101.8	20.2	0.082	1.0	111115
149	"11:58:43"	389.5	-24.2	0.178	707	7.2	4.09	6	1	2.84	43.24	42.61	43.12	499.61	520.09	36.539	43.426	42.30	50.27	600.0	-0	927	101.8	20.2	0.082	1.0	111115
150	"11:58:44"	390.5	-24.2	0.178	707	7.2	4.09	6	1	2.84	43.23	42.61	43.12	499.60	520.09	36.539	43.428	42.31	50.28	600.0	-0	844	101.8	20.2	0.082	0.7	111115
151	"11:58:45"	392.0	-23.9	0.179	704	7.21	4.09	6	1	2.84	43.23	42.61	43.11	499.80	519.94	36.538	43.438	42.32	50.31	600.0	-0	959	101.8	20.2	0.082	0.7	111115
152	"11:58:47"	393.0	-24.2	0.179	706	7.23	4.09	6	1	2.84	43.22	42.61	43.11	499.66	520.05	36.537	43.451	42.32	50.33	600.0	-0	1213	101.8	20.2	0.082	0.7	111115
153	"11:58:48"	394.5	-24.3	0.18	706	7.25	4.08	6	1	2.84	43.22	42.61	43.11	499.60	520.08	36.537	43.473	42.33	50.37	600.0	-0	1406	101.8	20.2	0.082	1.0	111115
154	"11:58:49"	395.0	-24.3	0.18	706	7.25	4.08	6	1	2.84	43.22	42.60	43.11	499.57	520.11	36.535	43.473	42.33	50.37	600.0	-0	1419	101.8	20.2	0.082	1.0	111115
155	"11:58:50"	396.5	-24.3	0.181	705	7.26	4.08	6	1	2.84	43.21	42.60	43.11	499.65	520.13	36.535	43.484	42.34	50.39	600.0	-0	1424	101.8	20.2	0.082	1.0	111115
156	"11:58:52"	398.0	-24.2	0.181	705	7.27	4.08	6	1	2.84	43.21	42.60	43.11	499.69	520.11	36.536	43.488	42.35	50.41	600.0	-0	1426	101.8	20.2	0.082	1.0	111115
157	"11:58:53"	399.0	-24.5	0.181	707	7.28	4.08	6	1	2.84	43.21	42.60	43.11	499.55	520.29	36.536	43.498	42.35	50.42	600.0	-0	1425	101.8	20.2	0.082	1.0	111115
158	"11:58:54"	399.5	-24.6	0.181	708	7.28	4.08	6	1	2.84	43.21	42.60	43.11	499.48	520.33	36.537	43.495	42.36	50.42	600.0	-0	1425	101.8	20.2	0.082	1.0	111115
159	"11:58:55"	401.5	-25.1	0.182	712	7.29	4.07	6	1	2.84	43.20	42.59	43.11	499.19	520.53	36.534	43.509	42.37	50.45	600.0	-0	1427	101.8	20.2	0.082	0.7	111115
160	"11:58:57"	403.0	-25.2	0.182	712	7.3	4.07	6	1	2.84	43.20	42.59	43.11	499.20	520.55	36.534	43.520	42.37	50.47	600.0	-0	1427	101.8	20.2	0.082	0.7	111115
161	"11:58:58"	403.5	-25.1	0.182	711	7.32	4.07	6	1	2.84	43.20	42.59	43.11	499.24	520.55	36.534	43.533	42.37	50.49	600.0	-0	1427	101.8	20.2	0.082	0.7	111115
162	"11:58:59"	405.5	-24.7	0.183	707	7.33	4.07	6	1	2.84	43.20	42.59	43.11	499.52	520.44	36.534	43.545	42.38	50.51	600.1	-0	1432	101.8	20.2	0.082	0.7	111115
163	"11:59:00"	406.0	-24.7	0.183	706	7.33	4.07	6	1	2.84	43.20	42.59	43.11	499.55	520.39	36.533	43.543	42.38	50.51	600.0	-0	1434	101.8	20.2	0.082	0.7	111115
164	"11:59:01"	407.0	-24.5	0.183	705	7.33	4.07	6	1	2.84	43.19	42.59	43.11	499.63	520.28	36.532	43.541	42.39	50.52	600.0	-0	1438	101.8	20.2	0.082	0.7	111115
165	"11:59:03"	409.0	-24.3	0.182	704	7.31	4.07	6	1	2.84	43.19	42.59	43.11	499.63	520.14	36.529	43.524	42.39	50.51	600.0	-0	1445	101.8	20.2	0.082	0.7	111115
166	"11:59:04"	410.0	-24.2	0.182	703	7.31	4.07	6	1	2.84	43.19	42.59	43.11	499.68	520.07	36.530	43.521	42.39	50.51	600.0	-0	1450	101.8	20.2	0.082	1.0	111115
167	"11:59:05"	411.5	-24.2	0.182	702	7.32	4.07	6	1	2.84	43.19	42.59	43.11	499.73	520.10	36.531	43.530	42.40	50.52	600.0	-0	1456	101.8	20.2	0.082	1.0	111115
168	"11:59:06"	412.5	-24.2	0.183	702	7.34	4.07	6	1	2.84	43.19	42.59	43.11	499.80	520.14	36.530	43.547	42.40	50.54	600.0	-0	1458	101.8	20.2	0.082	1.0	111115
169	"11:59:07"	413.0	-24.3	0.184	702	7.35	4.07	6	1	2.84	43.19	42.59	43.11	499.75	520.21	36.529	43.560	42.40	50.56	600.0	-0	1457	101.8	20.2	0.082	1.0	111115
170	"11:59:09"	415.0	-24.4	0.184	703	7.37	4.06	6	1	2.84	43.18	42.58	43.11	499.75	520.30	36.527	43.571	42.40	50.58	600.0	-0	1443	101.8	20.2	0.082	1.0	111115
171	"11:59:10"	416.5	-24.4	0.184	703	7.35	4.06	6	1	2.84	43.18	42.58	43.10	499.64	520.24	36.526	43.555	42.41	50.57	600.0	-0	1432	101.8	20.2	0.082	1.0	111115
172	"11:59:11"	417.5	-24.2	0.183	702	7.33	4.06	6	1	2.84	43.18	42.58	43.10	499.73	520.07	36.527	43.533	42.41	50.55	600.0	-0	1426	101.8	20.2	0.082	1.0	111115
173	"11:59:12"	418.0	-24.1	0.183	702	7.32	4.06	6	1	2.84	43.18	42.58	43.10	499.72	520.03	36.526	43.524	42.41	50.54	600.0	-0	1423	101.8	20.2	0.082	1.0	111115
174	"11:59:13"	420.0	-24.2	0.183	702	7.34	4.06	6	1	2.84	43.18	42.57	43.10	499.70	520.10	36.522	43.538	42.41	50.56	600.0	-0	815	101.8	20.2	0.082	0.7	111115
175	"11:59:15"	421.0	-24.3	0.184	702	7.35	4.06	6	1	2.84	43.18	42.57	43.10	499.66	520.17	36.521	43.552	42.41	50.58	600.0	-0	468	101.8	20.2	0.082	0.7	111115
176	"11:59:16"	422.5	-24.4	0.184	702	7.36	4.06	6	1	2.84	43.17	42.57	43.10	499.65	520.18	36.519	43.562	42.42	50.59	600.0	-0	38	101.8	20.2	0.082	0.7	111115
177	"11:59:17"	423.5	-24.4	0.184	703	7.35	4.06	6	1	2.84	43.17	42.57	43.10	499.62	520.18	36.519	43.551	42.42	50.58	600.0	-0	36	101.8	20.2	0.082	1.0	111115
178	"11:59:18"	424.0	-24.4	0.184	703	7.34	4.06	6	1	2.84	43.17	42.57	43.10	499.62	520.16	36.518	43.542	42.42	50.58	600.0	-0	36	101.8	20.2	0.082	1.0	111115
179	"11:59:20"	426.0	-24.5	0.184	704	7.34	4.06	6	1	2.84	43.17	42.57	43.10	499.59	520.28	36.512	43.537	42.41	50.57	600.1	-0	25	101.8	20.2	0.082	1.0	111115
180	"11:59:21"	426.5	-24.6	0.184	705	7.36	4.06	6	1	2.84	43.17	42.57	43.10	499.54	520.32	36.510	43.545	42.41	50.59	600.1	-0	21	101.8	20.2	0.082	1.0	111115
181	"11:59:22"	427.5	-24.7	0.185	705	7.38	4.06	6	1	2.84	43.17	42.57	43.10	499.53	520.37	36.505	43.563	42.41	50.61	600.0	-0	14	101.8	20.2	0.082	1.0	111115
182	"11:59:23"	428.5	-24.8	0.186	704	7.41	4.06	6	1	2.84	43.17	42.57	43.10	499.51	520.41	36.498	43.585	42.40	50.64	600.0	-0	7	101.8	20.2	0.082	1.0	111115
183	"11:59:24"	430.5	-24.9	0.187	705	7.44	4.05	6	1	2.84	43.17	42.56	43.10	499.42	520.44	36.479	43.597	42.38	50.65	600.0	-0	2	101.8	20.2	0.082	1.0	111115
184	"11:59:25"	431.5	-24.8	0.187	704	7.44	4.05	6	1	2.84	43.17	42.56	43.10	499.47	520.38	36.469	43.584	42.37	50.64	600.1	0	2	101.8	20.2	0.082	1.0	111115
185	"11:59:26"	432.0	-24.7	0.187	702	7.44	4.05	6	1	2.84	43.17	42.56	43.10	499.52	520.30	36.463	43.577	42.37	50.63	600.1	-0	2	101.8	20.2	0.082	1.0	111115
186	"11:59:28"	434.0	-24.6	0.186	702	7.42	4.05	6	1	2.84	43.16	42.55	43.10	499.52	520.21	36.437	43.534	42.34	50.59	600.1	-0	2	101.8	20.2	0.082	1.0	111115
187	"11:59:29"	435.0	-24.5	0.186	702	7.41	4.05	6	1	2.84	43.16	42.55	43.10	499.47	520.11	36.426	43.517	42.33	50.57	600.0	-0	2	101.8	20.2	0.082	1.0	111115
188	"11:59:30"	436.5	-24.5	0.185	702	7.4	4.05	6	1	2.84	43.16	42.54	43.10	499.42	520.10	36.408	43.485	42.32	50.54	600.0	-0	2	101.8	20.2	0.082	1.0	111115
189	"11:59:31"	437.5	-24.5	0.186	702	7.41	4.05	6	1	2.84	43.16	42.54	43.09	499.41	520.08	36.397	43.480	42.31	50.54	600.0	-0	2	101.8	20.2	0.082	1.0	111115
190	"11:59:33"	439.0	-24.5	0.186	702	7.41	4.05	6	1	2.84	43.16	42.54	43.09	499.45	520.06	36.381	43.465	42.30	50.53	600.1	-0	2	101.8	20.2	0.082	1.0	111115
191	"11:59:34"	440.0	-24.5	0.186	701	7.42	4.05	6	1	2.84	43.15	42.53	43.09	499.44	520.08	36.370	43.465	42.29	50.54	600.1	-0	2	101.8	20.2	0.082	1.0	111115
192	"11:59:35"	441.5	-24.5	0.186	702	7.42	4.05	6	1	2.84	43.15	42.53	43.09	499.41	520.09	36.354	43.451	42.27	50.53	600.0	-0	1	101.8	20.2	0.082	1.0	111115
193	"11:59:36"	442.0	-24.5	0.186	701	7.42	4.05	6	1	2.84	43.15	42.52	43.09	499.46	520.09	36.349	43.447	42.27	50.53	600.0	-0	1	101.8	20.2	0.082	1.0	111115
194	"11:59:37"	443.5	-24.3	0.187	699	7.43	4.05	6	1	2.84	43.15	42.51	43.09	499.62	520.01	36.333	43.441	42.26	50.53	600.0	-0	1	101.8	20.2	0.082	1.0	111115
195	"11:59:38"	444.0	-24.3	0.187	698	7.43	4.04	6	1	2.84	43.14	42.51	43.08	499.63	520.02	36.328	43.436	42.26	50.52	600.0	-0	1	101.8	20.2	0.082	1.0	111115
196	"11:59:40"	446.0	-24.3	0.187	699	7.45	4.04	6	1	2.84	43.14	42.50	43.08	499.68	520.12	36.305	43.427	42.24	50.53	600.1	-0	1	101.8	20.2	0.082	0.7	111115
197	"11:59:41"	447.5	-24.6	0.188	701	7.45	4.04	6	1	2.84	43.14	42.49	43.07	499.53	520.24	36.288	43.416	42.23	50.53	600.1	0	2	101.8	20.2	0.082	0.7	111115
198	"11:59:42"	448.5	-24.6	0.188	701	7.45	4.04	6	1	2.84	43.13	42.49	43.07	499.50	520.25	36.279	43.404	42.23	50.52	600.1	0	1	101.8	20.2	0.082	1.0	111115
199	"11:59:43"	450.0	-24.7	0.188	702	7.45	4.04	6	1	2.84	43.13	42.48	43.07	499.46	520.30	36.264	43.395	42.22	50.52	600.0	0	1	101.8	20.2	0.082	1.0	111115
200	"11:59:45"	451.0	-24.6	0.188	700	7.46	4.04	6	1	2.84	43.12	42.48	43.06	499.57	520.25	36.250	43.385	42.21	50.52	600.0	-0	1	101.8	20.2	0.082	1.0	111115
201	"11:59:46"	452.5	-24.6	0.188	700	7.47	4.03	6	1	2.84	43.12	42.47	43.06	499.57	520.28	36.233	43.380	42.20	50.53	600.0	-0	2	101.8	20.2	0.082	1.0	111115
202	"11:59:47"	453.5	-24.7	0.189	701	7.48	4.03	6	1	2.84	43.12	42.47	43.05	499.55	520.33	36.220	43.371	42.20	50.53	600.0	-0	2	101.8	20.2	0.082	1.0	111115
203	"11:59:48"	455.0	-24.8	0.189	701	7.49	4.03	6	1	2.84	43.11	42.46	43.05	499.49	520.37	36.204	43.366	42.19	50.53	600.1	-0	2	101.8	20.2	0.082	1.0	111115
204	"11:59:49"	455.5	-24.8	0.189	702	7.49	4.03	6	1	2.84	43.11	42.46	43.05	499.43	520.38	36.198	43.361	42.18	50.53	600.1	-0	1	101.8	20.2	0.082	0.7	111115
205	"11:59:51"	456.5	-24.9	0.189	702	7.48	4.03	6	1	2.84	43.11	42.46	43.04	499.42	520.42	36.187	43.344	42.18	50.52	600.1	-0	1	101.8	20.2	0.082	0.7	111115
206	"11:59:52"	458.5	-24.9	0.189	702	7.5	4.03	6	1	2.84	43.10	42.46	43.03	499.39	520.38	36.161	43.332	42.16	50.53	600.1	-0	2	101.8	20.2	0.082	0.7	111115
207	"11:59:53"	459.5	-24.8	0.189	701	7.5	4.03	6	1	2.84	43.10	42.45	43.03	499.44	520.32	36.149	43.324	42.16	50.52	600.1	-0	2	101.8	20.2	0.082	0.7	111115
208	"11:59:54"	461.0	-24.8	0.19	701	7.52	4.03	6	1	2.84	43.09	42.45	43.03	499.40	520.33	36.130	43.319	42.14	50.53	600.1	-0	2	101.8	20.2	0.082	0.7	111115
209	"11:59:56"	462.0	-24.8	0.19	700	7.52	4.03	6	1	2.84	43.09	42.44	43.02	499.40	520.31	36.117	43.311	42.14	50.53	600.0	-0	2	101.8	20.2	0.082	1.0	111115
210	"11:59:57"	463.5	-24.8	0.19	700	7.53	4.03	6	1	2.84	43.08	42.44	43.02	499.42	520.34	36.099	43.303	42.13	50.53	600.0	-0	2	101.8	20.2	0.082	1.0	111115
211	"11:59:58"	464.5	-24.9	0.19	701	7.53	4.03	6	1	2.84	43.08	42.44	43.01	499.39	520.35	36.087	43.289	42.12	50.53	600.0	-0	2	101.8	20.2	0.082	1.0	111115
212	"11:59:59"	465.0	-24.9	0.19	701	7.53	4.03	6	1	2.84	43.08	42.44	43.01	499.36	520.36	36.082	43.284	42.12	50.52	600.0	-0	2	101.8	20.2	0.082	1.0	111115
213	"12:00:00"	467.0	-25.1	0.19	703	7.54	4.03	6	1	2.84	43.07	42.43	43.01	499.21	520.41	36.059	43.268	42.10	50.52	600.1	-0	2	101.8	20.2	0.082	1.0	111115
214	"12:00:02"	467.5	-25.1	0.19	702	7.53	4.03	6	1	2.84	43.07	42.43	43.00	499.21	520.38	36.053	43.260	42.10	50.52	600.1	-0	2	101.8	20.2	0.082	1.0	111115
215	"12:00:03"	469.0	-25	0.191	701	7.54	4.03	6	1	2.84	43.06	42.42	43.00	499.27	520.35	36.033	43.248	42.09	50.52	600.1	0	2	101.8	20.2	0.082	1.0	111115
216	"12:00:04"	470.5	-25	0.191	701	7.54	4.02	6	1	2.84	43.06	42.42	42.99	499.31	520.36	36.014	43.231	42.08	50.51	600.0	0	2	101.8	20.2	0.082	1.0	111115
217	"12:00:05"	471.0	-25	0.191	701	7.54	4.02	6	1	2.84	43.06	42.41	42.99	499.28	520.35	36.008	43.224	42.08	50.51	600.0	0	2	101.8	20.2	0.082	1.0	111115
218	"12:00:06"	472.0	-25.1	0.191	702	7.54	4.02	6	1	2.84	43.05	42.41	42.99	499.20	520.38	35.994	43.211	42.07	50.51	600.0	0	2	101.8	20.2	0.082	1.0	111115
219	"12:00:07"	473.0	-25.1	0.191	702	7.54	4.02	6	1	2.84	43.05	42.40	42.98	499.16	520.37	35.983	43.196	42.07	50.50	600.0	0	2	101.8	20.2	0.082	1.0	111115
220	"12:00:08"	474.0	-25.2	0.191	703	7.54	4.02	6	1	2.84	43.05	42.40	42.98	499.14	520.41	35.970	43.186	42.06	50.50	600.0	0	2	101.8	20.2	0.082	1.0	111115
221	"12:00:09"	476.0	-25.1	0.191	701	7.55	4.02	6	1	2.84	43.04	42.39	42.97	499.20	520.37	35.944	43.169	42.05	50.50	600.1	-0	2	101.8	20.2	0.082	1.0	111115
222	"12:00:11"	477.0	-25.1	0.192	701	7.56	4.02	6	1	2.84	43.03	42.38	42.97	499.18	520.39	35.930	43.166	42.04	50.50	600.1	-0	2	101.8	20.2	0.082	1.0	111115
223	"12:00:12"	478.5	-25.2	0.192	702	7.57	4.01	6	1	2.84	43.03	42.37	42.96	499.16	520.42	35.910	43.151	42.03	50.51	600.1	-0	2	101.8	20.2	0.082	1.0	111115
224	"12:00:13"	479.5	-25.3	0.192	702	7.58	4.01	6	1	2.84	43.02	42.37	42.95	499.12	520.46	35.895	43.143	42.03	50.51	600.1	-0	2	101.8	20.2	0.082	1.0	111115
225	"12:00:14"	481.0	-25.4	0.193	702	7.59	4.01	6	1	2.84	43.01	42.36	42.95	499.06	520.47	35.872	43.130	42.01	50.51	600.1	0	2	101.8	20.2	0.082	1.0	111115
226	"12:00:16"	482.0	-25.3	0.193	702	7.59	4.01	6	1	2.84	43.01	42.35	42.94	499.08	520.46	35.858	43.119	42.01	50.51	600.0	0	1	101.8	20.2	0.082	1.0	111115
227	"12:00:17"	483.5	-25.3	0.193	701	7.59	4	6	1	2.84	43.00	42.34	42.93	499.11	520.43	35.837	43.104	42.00	50.51	600.0	0	1	101.8	20.2	0.082	1.0	111115
228	"12:00:18"	484.5	-25.2	0.194	701	7.6	4	6	1	2.84	43.00	42.33	42.93	499.18	520.47	35.823	43.091	41.99	50.51	600.1	-0	1	101.8	20.2	0.082	1.0	111115
229	"12:00:19"	486.0	-25.4	0.194	701	7.61	4	6	1	2.84	42.99	42.32	42.92	499.12	520.52	35.800	43.079	41.98	50.52	600.0	-0	1	101.8	20.2	0.082	1.0	111115
230	"12:00:21"	487.0	-25.5	0.194	703	7.61	4	6	1	2.84	42.99	42.31	42.91	499.07	520.63	35.787	43.068	41.98	50.52	600.0	-0	1	101.8	20.2	0.082	1.0	111115
231	"12:00:22"	488.5	-25.7	0.194	704	7.61	3.99	6	1	2.84	42.98	42.31	42.91	498.94	520.68	35.766	43.053	41.97	50.52	599.9	-0	1	101.8	20.2	0.082	1.0	111115
232	"12:00:23"	489.5	-25.8	0.195	705	7.62	3.99	6	1	2.84	42.97	42.30	42.90	498.90	520.73	35.750	43.046	41.96	50.53	600.0	-0	1	101.8	20.2	0.082	1.0	111115
233	"12:00:24"	491.0	-25.8	0.195	704	7.63	3.99	6	1	2.84	42.96	42.30	42.89	498.90	520.67	35.725	43.028	41.95	50.53	600.0	-0	1	101.8	20.2	0.082	0.7	111115
234	"12:00:26"	492.0	-25.7	0.195	703	7.64	3.99	6	1	2.84	42.96	42.29	42.89	498.90	520.66	35.708	43.019	41.94	50.53	600.1	-0	1	101.8	20.2	0.082	0.7	111115
235	"12:00:27"	493.5	-25.6	0.196	702	7.64	3.99	6	1	2.84	42.95	42.28	42.88	498.96	520.61	35.685	43.000	41.93	50.53	600.1	-0	1	101.8	20.2	0.082	0.7	111115
236	"12:00:28"	494.5	-25.6	0.196	702	7.65	3.99	6	1	2.84	42.94	42.27	42.87	498.98	520.57	35.671	42.989	41.93	50.53	600.0	-0	1	101.8	20.2	0.082	0.7	111115
237	"12:00:29"	496.0	-25.5	0.196	701	7.65	3.98	6	1	2.84	42.94	42.27	42.86	499.01	520.54	35.649	42.970	41.92	50.53	599.9	-0	1	101.8	20.2	0.082	1.0	111115
238	"12:00:31"	497.0	-25.5	0.196	701	7.66	3.98	6	1	2.84	42.93	42.26	42.86	498.97	520.54	35.633	42.961	41.92	50.54	599.9	-0	1	101.8	20.2	0.082	1.0	111115
239	"12:00:32"	498.5	-25.6	0.196	701	7.66	3.98	6	1	2.84	42.92	42.25	42.85	498.93	520.56	35.609	42.941	41.91	50.53	600.0	-0	1	101.8	20.2	0.082	1.0	111115
240	"12:00:33"	499.5	-25.5	0.196	700	7.66	3.98	6	1	2.84	42.92	42.25	42.84	498.97	520.51	35.593	42.924	41.90	50.53	600.0	-0	1	101.8	20.2	0.082	1.0	111115
241	"12:00:34"	501.0	-25.4	0.196	699	7.66	3.98	6	1	2.84	42.91	42.24	42.83	499.03	520.45	35.571	42.902	41.89	50.53	600.1	-0	1	101.8	20.2	0.082	1.0	111115
242	"12:00:36"	502.0	-25.4	0.197	699	7.67	3.98	6	1	2.84	42.90	42.23	42.83	499.02	520.46	35.558	42.893	41.89	50.53	600.1	-0	1	101.8	20.2	0.082	1.0	111115
243	"12:00:37"	503.5	-25.5	0.197	700	7.68	3.97	6	1	2.84	42.89	42.22	42.82	499.01	520.52	35.534	42.881	41.88	50.54	600.1	-0	1	101.8	20.2	0.082	1.0	111115
244	"12:00:38"	504.5	-25.5	0.197	699	7.68	3.97	6	1	2.84	42.89	42.22	42.81	499.02	520.53	35.516	42.867	41.87	50.54	600.0	-0	1	101.8	20.2	0.082	1.0	111115
245	"12:00:39"	506.0	-25.6	0.198	700	7.69	3.97	6	1	2.84	42.88	42.21	42.80	498.97	520.54	35.491	42.846	41.86	50.54	600.0	0	2	101.8	20.2	0.082	1.0	111115
