"OPEN 5.3.2"
"Tue Jul 31 2018 15:04:56"
"Unit="	"PSC-895"
"ComputeList="	"/User/Configs/Comps/Default"
"BLCTable="	"/Sys/Lib/StdBLCTable"
"LightSource="	"Sun+Sky"	1	0.19
"LogFormat="	"/User/Configs/LogFormats/Std Output"
"LogCodes="	-35	-21	-36	30	23	36	21	25	-33	-34	-32	-9	-10	-8	-1	-2	-4	-5	-14	-15	-7	-12	-13	-11	-65	-66	-72	-23
"PromptList="	"/User/Configs/Prompts/Default (none)"
"Stability= (CO2S 15s SLP<1)(H2OS 15s SLP<1)(Flow 15s SLP<1)"
"15:05:56 test for leakages. on reference side. matched pre logging. "
$STARTOFDATA$
"Obs"	"HHMMSS"	"FTime"	"Photo"	"Cond"	"Ci"	"Trmmol"	"VpdL"	"Area"	"StmRat"	"BLCond"	"Tair"	"Tleaf"	"TBlk"	"CO2R"	"CO2S"	"H2OR"	"H2OS"	"RH_R"	"RH_S"	"Flow"	"PARi"	"PARo"	"Press"	"CsMch"	"HsMch"	"StableF"	"Status"
1	"15:08:35"	231.5	0.0992	0.000387	-408	0.00357	0.912	6	1	2.84	26.14	25.29	26.18	-1.20	-1.32	22.848	22.853	68.26	68.27	499.9	0	6	101.7	-0.615	-0.0465	1.0	111105
2	"15:08:40"	236.5	0.0097	-0.000464	32	-0.00428	0.911	6	1	2.84	26.14	25.28	26.18	-1.20	-1.21	22.845	22.840	68.27	68.26	500.0	0	6	101.7	-0.615	-0.0465	1.0	111105
3	"15:08:46"	242.0	0.0858	0.000686	-200	0.00629	0.907	6	1	2.84	26.13	25.26	26.17	-1.22	-1.32	22.843	22.851	68.30	68.32	500.0	0	6	101.7	-0.615	-0.0465	1.0	111105
4	"15:10:14"	330.0	0.861	0.0147	-93.8	0.133	0.9	6	1	2.84	26.06	25.18	26.11	0.74	-0.29	22.598	22.753	67.86	68.33	500.0	0	6	101.7	-0.615	-0.0465	0.7	111105
5	"15:10:23"	339.0	0.841	0.0103	-131	0.0933	0.9	6	1	2.84	26.05	25.18	26.11	-0.00	-1.01	22.648	22.757	68.03	68.36	499.9	0	6	101.7	-0.615	-0.0465	0.7	111105
6	"15:10:30"	346.0	0.737	0.00704	-168	0.064	0.901	6	1	2.84	26.05	25.18	26.11	-0.38	-1.26	22.675	22.750	68.12	68.35	500.0	0	6	101.7	-0.615	-0.0465	0.7	111105
7	"15:11:41"	418.5	0.508	0.00185	-438	0.0172	0.917	6	1	2.84	26.07	25.26	26.11	-1.01	-1.62	22.712	22.732	68.17	68.23	499.9	-0	6	101.7	-0.615	-0.0465	1.0	111105
8	"15:11:45"	422.5	0.43	0.00181	-380	0.0168	0.918	6	1	2.84	26.07	25.26	26.12	-1.09	-1.61	22.710	22.730	68.15	68.21	500.0	0	6	101.7	-0.615	-0.0465	1.0	111105
9	"15:11:48"	425.5	0.461	0.00221	-333	0.0205	0.92	6	1	2.84	26.07	25.27	26.12	-1.06	-1.61	22.706	22.730	68.13	68.21	500.0	0	6	101.7	-0.615	-0.0465	1.0	111105
10	"15:12:18"	455.5	0.562	0.00141	-635	0.0133	0.931	6	1	2.84	26.09	25.32	26.13	-1.04	-1.71	22.706	22.722	68.05	68.10	500.0	-0	5	101.7	-0.615	-0.0465	1.0	111105
11	"15:12:20"	456.5	0.514	0.00134	-613	0.0126	0.931	6	1	2.84	26.09	25.32	26.13	-1.07	-1.69	22.707	22.722	68.05	68.10	500.0	-0	5	101.7	-0.615	-0.0465	1.0	111105
12	"15:12:21"	458.5	0.389	0.00116	-534	0.0109	0.93	6	1	2.84	26.09	25.32	26.13	-1.13	-1.59	22.717	22.730	68.08	68.11	499.9	-0	5	101.7	-0.615	-0.0465	1.0	111105
13	"15:12:23"	460.5	0.37	2.19E-05	-2.68E+04	0.000207	0.932	6	1	2.84	26.09	25.33	26.13	-1.13	-1.58	22.724	22.725	68.09	68.09	500.0	-0	5	101.7	-0.615	-0.0465	1.0	111105
14	"15:12:27"	464.5	0.553	-0.000848	1.03E+03	-0.008	0.933	6	1	2.84	26.09	25.34	26.13	-0.99	-1.66	22.741	22.732	68.14	68.11	499.9	0	6	101.7	-0.615	-0.0465	1.0	111105
15	"15:12:29"	466.5	0.494	-0.00202	386	-0.0191	0.934	6	1	2.84	26.10	25.34	26.13	-1.01	-1.60	22.753	22.731	68.16	68.10	499.9	0	6	101.7	-0.615	-0.0465	1.0	111105
16	"15:12:31"	468.0	0.484	-0.00274	279	-0.0259	0.934	6	1	2.84	26.10	25.34	26.13	-1.02	-1.60	22.754	22.724	68.16	68.07	500.0	0	5	101.7	-0.615	-0.0465	1.0	111105
17	"15:12:32"	468.0	0.484	-0.00274	279	-0.0259	0.934	6	1	2.84	26.10	25.34	26.13	-1.02	-1.60	22.754	22.724	68.16	68.07	500.0	0	5	101.7	-0.615	-0.0465	1.0	111105
18	"15:12:33"	469.0	0.472	-0.00237	315	-0.0224	0.933	6	1	2.84	26.10	25.34	26.14	-1.04	-1.60	22.753	22.727	68.15	68.08	500.0	0	5	101.7	-0.615	-0.0465	1.0	111105
19	"15:12:34"	471.5	0.454	-0.00245	293	-0.0232	0.935	6	1	2.84	26.10	25.34	26.14	-1.08	-1.63	22.751	22.724	68.14	68.06	499.9	0	5	101.7	-0.615	-0.0465	1.0	111105
20	"15:12:35"	472.0	0.458	-0.00232	312	-0.022	0.935	6	1	2.84	26.10	25.34	26.14	-1.09	-1.64	22.752	22.726	68.14	68.06	499.9	0	5	101.7	-0.615	-0.0465	1.0	111105
21	"15:12:36"	472.5	0.419	-0.00228	290	-0.0216	0.935	6	1	2.84	26.10	25.34	26.14	-1.10	-1.61	22.752	22.726	68.14	68.06	499.9	0	5	101.7	-0.615	-0.0465	1.0	111105
22	"15:12:37"	473.0	0.431	-0.00226	301	-0.0214	0.935	6	1	2.84	26.10	25.34	26.14	-1.09	-1.61	22.751	22.726	68.14	68.06	499.9	-0	5	101.7	-0.615	-0.0465	1.0	111105
23	"15:12:38"	474.0	0.4	-0.00188	335	-0.0178	0.935	6	1	2.84	26.10	25.35	26.14	-1.05	-1.53	22.750	22.730	68.13	68.07	500.0	0	5	101.7	-0.615	-0.0465	1.0	111105
24	"15:12:39"	475.0	0.491	-0.00172	451	-0.0163	0.935	6	1	2.84	26.10	25.35	26.14	-1.04	-1.63	22.751	22.732	68.13	68.07	500.0	0	5	101.7	-0.615	-0.0465	1.0	111105
25	"15:12:40"	475.5	0.441	-0.00178	392	-0.0168	0.935	6	1	2.84	26.10	25.35	26.14	-1.07	-1.60	22.752	22.732	68.13	68.07	500.0	0	5	101.7	-0.615	-0.0465	1.0	111105
26	"15:12:41"	476.5	0.465	-0.00217	338	-0.0205	0.935	6	1	2.84	26.11	25.35	26.14	-1.07	-1.62	22.752	22.728	68.13	68.06	499.9	0	5	101.7	-0.615	-0.0465	1.0	111105
27	"15:12:42"	477.5	0.435	-0.00167	411	-0.0158	0.935	6	1	2.84	26.11	25.35	26.14	-1.09	-1.61	22.753	22.735	68.13	68.07	499.9	0	5	101.7	-0.615	-0.0465	1.0	111105
28	"15:12:43"	478.5	0.391	-0.00194	319	-0.0183	0.936	6	1	2.84	26.11	25.35	26.14	-1.12	-1.59	22.753	22.732	68.13	68.06	499.9	0	5	101.7	-0.615	-0.0465	1.0	111105
29	"15:12:44"	479.5	0.284	-0.00208	216	-0.0197	0.936	6	1	2.84	26.11	25.35	26.14	-1.13	-1.47	22.754	22.730	68.13	68.06	499.9	0	5	101.7	-0.615	-0.0465	1.0	111105
30	"15:12:45"	480.5	0.317	-0.0014	358	-0.0132	0.936	6	1	2.84	26.11	25.36	26.14	-1.09	-1.47	22.753	22.737	68.12	68.08	500.0	0	5	101.7	-0.615	-0.0465	1.0	111105
31	"15:12:46"	481.5	0.346	-0.00181	302	-0.0172	0.937	6	1	2.84	26.11	25.36	26.14	-1.09	-1.51	22.753	22.732	68.12	68.06	500.0	-0	5	101.7	-0.615	-0.0465	1.0	111105
32	"15:12:47"	482.5	0.379	-0.00194	309	-0.0184	0.938	6	1	2.84	26.11	25.36	26.14	-1.08	-1.53	22.754	22.732	68.12	68.06	500.0	-0	5	101.7	-0.615	-0.0465	1.0	111105
33	"15:12:47"	483.5	0.453	-0.00206	347	-0.0196	0.939	6	1	2.84	26.11	25.37	26.14	-1.07	-1.62	22.754	22.731	68.12	68.05	500.0	0	5	101.7	-0.615	-0.0465	1.0	111105
34	"15:12:48"	484.0	0.418	-0.00226	292	-0.0215	0.939	6	1	2.84	26.11	25.37	26.14	-1.08	-1.58	22.754	22.729	68.12	68.04	500.0	0	5	101.7	-0.615	-0.0465	1.0	111105
35	"15:12:49"	485.0	0.432	-0.00248	275	-0.0236	0.94	6	1	2.84	26.11	25.37	26.14	-1.07	-1.59	22.756	22.728	68.12	68.04	500.0	0	5	101.7	-0.615	-0.0465	1.0	111105
36	"15:12:50"	486.0	0.458	-0.00257	281	-0.0244	0.94	6	1	2.84	26.11	25.37	26.14	-1.06	-1.61	22.758	22.730	68.12	68.04	499.9	0	5	101.7	-0.615	-0.0465	1.0	111105
37	"15:12:51"	487.0	0.425	-0.00266	252	-0.0253	0.94	6	1	2.84	26.11	25.37	26.15	-1.08	-1.59	22.758	22.729	68.12	68.03	500.0	0	6	101.7	-0.615	-0.0465	1.0	111105
38	"15:12:52"	488.0	0.474	-0.00267	280	-0.0254	0.94	6	1	2.84	26.11	25.37	26.15	-1.06	-1.62	22.759	22.729	68.12	68.03	500.0	0	6	101.7	-0.615	-0.0465	1.0	111105
39	"15:12:53"	489.0	0.462	-0.00266	274	-0.0253	0.94	6	1	2.84	26.11	25.37	26.15	-1.05	-1.60	22.759	22.729	68.12	68.03	499.9	0	5	101.7	-0.615	-0.0465	1.0	111105
40	"15:12:54"	490.0	0.422	-0.00294	226	-0.028	0.94	6	1	2.84	26.11	25.37	26.15	-1.06	-1.57	22.759	22.726	68.12	68.02	499.9	0	6	101.7	-0.615	-0.0465	1.0	111105
41	"15:12:55"	490.5	0.47	-0.00277	268	-0.0263	0.939	6	1	2.84	26.11	25.37	26.15	-1.03	-1.59	22.758	22.727	68.12	68.02	500.0	0	6	101.7	-0.615	-0.0465	1.0	111105
42	"15:12:56"	491.5	0.428	-0.0027	250	-0.0257	0.94	6	1	2.84	26.11	25.37	26.15	-1.04	-1.55	22.757	22.727	68.11	68.02	500.0	0	6	101.7	-0.615	-0.0465	1.0	111105
43	"15:12:57"	492.5	0.454	-0.00294	243	-0.028	0.94	6	1	2.84	26.11	25.37	26.15	-1.04	-1.59	22.757	22.724	68.11	68.01	499.9	0	6	101.7	-0.615	-0.0465	1.0	111105
44	"15:12:58"	493.5	0.457	-0.00249	289	-0.0237	0.94	6	1	2.84	26.12	25.37	26.15	-1.04	-1.59	22.755	22.727	68.10	68.01	499.9	0	6	101.7	-0.615	-0.0465	1.0	111105
45	"15:12:59"	494.5	0.464	-0.00231	317	-0.022	0.94	6	1	2.84	26.12	25.37	26.15	-1.05	-1.61	22.753	22.727	68.09	68.01	499.9	0	6	101.7	-0.615	-0.0465	1.0	111105
46	"15:13:00"	495.5	0.444	-0.00243	288	-0.0231	0.94	6	1	2.84	26.12	25.37	26.15	-1.05	-1.58	22.753	22.726	68.09	68.01	499.9	0	6	101.7	-0.615	-0.0465	1.0	111105
47	"15:13:01"	496.5	0.419	-0.0026	254	-0.0248	0.941	6	1	2.84	26.12	25.37	26.15	-1.06	-1.56	22.751	22.722	68.08	68.00	500.0	0	6	101.7	-0.615	-0.0465	1.0	111105
48	"15:13:02"	497.5	0.448	-0.0026	272	-0.0248	0.941	6	1	2.84	26.12	25.37	26.15	-1.04	-1.58	22.750	22.721	68.08	67.99	500.0	0	6	101.7	-0.615	-0.0465	1.0	111105
49	"15:13:02"	498.5	0.448	-0.00249	284	-0.0237	0.941	6	1	2.84	26.12	25.37	26.15	-1.02	-1.56	22.749	22.721	68.07	67.99	500.0	0	6	101.7	-0.615	-0.0465	1.0	111105
50	"15:13:02"	499.0	0.479	-0.00239	316	-0.0227	0.941	6	1	2.84	26.12	25.37	26.15	-1.02	-1.59	22.748	22.722	68.07	67.99	499.9	0	6	101.7	-0.615	-0.0465	1.0	111105
51	"15:13:04"	499.0	0.479	-0.00239	316	-0.0227	0.941	6	1	2.84	26.12	25.37	26.15	-1.02	-1.59	22.748	22.722	68.07	67.99	499.9	0	6	101.7	-0.615	-0.0465	1.0	111105
52	"15:13:05"	500.0	0.464	-0.00196	374	-0.0186	0.94	6	1	2.84	26.12	25.37	26.15	-1.01	-1.57	22.746	22.724	68.06	67.99	499.9	0	6	101.7	-0.615	-0.0465	1.0	111105
53	"15:13:06"	501.5	0.433	-0.00206	332	-0.0196	0.94	6	1	2.84	26.12	25.37	26.15	-1.03	-1.55	22.745	22.722	68.05	67.98	500.0	0	6	101.7	-0.615	-0.0465	1.0	111105
54	"15:14:16"	572.5	531	-0.14	5.79E+03	-1.39	0.937	6	1	2.84	26.13	25.32	26.17	650.15	13.06	24.287	22.652	72.63	67.74	500.1	0	5	101.7	-0.615	-0.0465	0.7	111105
55	"15:14:17"	573.0	793	-0.197	6.07E+03	-2	0.936	6	1	2.84	26.13	25.31	26.17	996.26	44.72	25.002	22.655	74.77	67.75	500.1	0	5	101.7	-0.615	-0.0465	0.7	111105
56	"15:14:19"	573.5	1.11E+03	-0.252	6.56E+03	-2.61	0.935	6	1	2.84	26.13	25.31	26.17	1433.85	104.04	25.729	22.664	76.95	67.78	500.1	0	5	101.7	-0.615	-0.0465	0.7	111105
57	"15:14:20"	574.5	1.94E+03	-0.357	7.98E+03	-3.85	0.932	6	1	2.84	26.13	25.31	26.17	2624.21	298.37	27.210	22.692	81.38	67.87	500.1	0	6	101.7	-0.615	-0.0465	0.7	111105
58	"15:14:21"	575.5	2.25E+03	-0.435	7.75E+03	-4.81	0.926	6	1	2.84	26.13	25.31	26.17	3318.95	620.30	28.393	22.754	84.92	68.05	500.0	0	6	101.7	-0.615	-0.0465	0.7	111105
59	"15:14:22"	577.0	1.68E+03	-0.438	6.58E+03	-4.78	0.915	6	1	2.84	26.13	25.32	26.17	3318.77	1313.08	28.491	22.880	85.20	68.42	500.0	0	6	101.7	-0.615	-0.0465	0.7	111105
60	"15:14:23"	578.0	1.4E+03	-0.435	6.08E+03	-4.71	0.908	6	1	2.84	26.13	25.33	26.17	3318.78	1642.05	28.481	22.959	85.17	68.65	500.0	0	6	101.7	-0.615	-0.0465	0.7	111105
61	"15:14:24"	579.0	1.22E+03	-0.432	5.75E+03	-4.64	0.901	6	1	2.84	26.13	25.33	26.17	3318.87	1862.02	28.468	23.027	85.13	68.86	500.0	0	6	101.7	-0.615	-0.0465	0.7	111105
62	"15:14:25"	580.0	1.11E+03	-0.43	5.53E+03	-4.59	0.896	6	1	2.84	26.13	25.33	26.17	3318.91	2000.84	28.458	23.079	85.10	69.01	500.0	0	6	101.7	-0.615	-0.0465	0.7	111105
63	"15:14:26"	581.0	1.04E+03	-0.428	5.41E+03	-4.54	0.89	6	1	2.84	26.13	25.32	26.17	3318.88	2080.25	28.450	23.125	85.07	69.15	499.9	0	6	101.7	-0.615	-0.0465	0.3	111105
64	"15:14:27"	582.0	1.01E+03	-0.427	5.37E+03	-4.5	0.885	6	1	2.84	26.13	25.32	26.17	3318.91	2112.82	28.442	23.170	85.05	69.28	499.9	0	6	101.7	-0.615	-0.0465	0.3	111105
65	"15:14:28"	583.0	1.02E+03	-0.426	5.38E+03	-4.47	0.881	6	1	2.84	26.13	25.31	26.17	3318.82	2111.61	28.438	23.200	85.04	69.37	499.9	0	6	101.7	-0.615	-0.0465	0.3	111105
66	"15:14:29"	584.0	1.03E+03	-0.425	5.42E+03	-4.44	0.877	6	1	2.84	26.13	25.31	26.17	3318.88	2089.96	28.432	23.230	85.02	69.47	499.9	0	6	101.7	-0.615	-0.0465	0.3	111105
67	"15:15:50"	666.5	86.9	-0.404	327	-3.96	0.832	6	1	2.84	26.09	25.21	26.15	131.94	27.77	28.127	23.481	84.31	70.39	499.9	0	6	101.7	-0.615	-0.0465	0.7	111105
68	"15:15:51"	668.0	80.2	-0.403	303	-3.95	0.832	6	1	2.84	26.09	25.20	26.15	121.54	25.41	28.106	23.475	84.25	70.37	499.9	0	6	101.7	-0.615	-0.0465	0.7	111105
69	"15:15:53"	670.0	73.1	-0.402	276	-3.93	0.831	6	1	2.84	26.09	25.20	26.15	110.10	22.49	28.087	23.477	84.20	70.38	500.0	0	6	101.7	-0.615	-0.0465	0.7	111105
70	"15:17:26"	762.5	1.01	-0.0103	154	-0.0947	0.902	6	1	2.84	26.05	25.12	26.12	-0.16	-1.38	22.736	22.625	68.32	67.99	499.9	0	6	101.7	-0.615	-0.0465	1.0	111105
71	"15:17:29"	765.5	0.926	-0.00917	159	-0.084	0.903	6	1	2.84	26.04	25.12	26.12	-0.30	-1.41	22.721	22.623	68.28	67.98	499.9	0	6	101.7	-0.615	-0.0465	0.7	111105
72	"15:17:33"	769.5	0.892	-0.00821	171	-0.0754	0.906	6	1	2.84	26.04	25.13	26.12	-0.41	-1.48	22.698	22.610	68.22	67.95	500.0	0	6	101.7	-0.615	-0.0465	0.7	111105
73	"15:17:37"	773.5	0.809	-0.00788	161	-0.0723	0.905	6	1	2.84	26.04	25.12	26.12	-0.51	-1.48	22.683	22.598	68.18	67.92	499.9	0	6	101.7	-0.615	-0.0465	0.7	111105
74	"15:17:40"	777.0	0.69	-0.00758	143	-0.0696	0.906	6	1	2.84	26.04	25.12	26.12	-0.63	-1.46	22.666	22.585	68.13	67.89	499.9	0	6	101.7	-0.615	-0.0465	1.0	111105
75	"15:17:44"	780.5	0.643	-0.0063	160	-0.0579	0.907	6	1	2.84	26.04	25.12	26.12	-0.66	-1.43	22.650	22.582	68.08	67.88	500.0	0	6	101.7	-0.615	-0.0465	1.0	111105
76	"15:17:47"	784.0	0.617	-0.00504	193	-0.0464	0.909	6	1	2.84	26.04	25.13	26.12	-0.76	-1.50	22.639	22.584	68.05	67.89	499.9	0	6	101.7	-0.615	-0.0465	1.0	111105
77	"15:18:30"	826.5	0.403	-0.00333	191	-0.031	0.919	6	1	2.84	26.04	25.16	26.12	-0.85	-1.33	22.576	22.540	67.85	67.74	500.0	-0	6	101.7	-0.615	-0.0465	1.0	111105
78	"15:18:33"	830.0	0.221	-0.00381	91.2	-0.0355	0.919	6	1	2.84	26.05	25.16	26.12	-0.62	-0.89	22.578	22.537	67.85	67.72	499.9	-0	6	101.7	-0.615	-0.0465	0.7	111105
79	"15:18:37"	833.5	-0.463	-0.0041	-179	-0.0382	0.92	6	1	2.84	26.05	25.16	26.12	0.13	0.68	22.581	22.536	67.85	67.71	499.9	0	6	101.7	-0.615	-0.0465	0.7	111105
80	"15:18:40"	837.0	-1.81	-0.00484	-589	-0.0453	0.923	6	1	2.84	26.05	25.18	26.12	1.29	3.46	22.580	22.527	67.84	67.68	500.0	0	6	101.7	-0.615	-0.0465	0.7	111105
81	"15:18:45"	841.5	-3.43	-0.00564	-956	-0.053	0.927	6	1	2.84	26.05	25.19	26.12	3.54	7.65	22.578	22.516	67.82	67.63	500.0	0	7	101.7	-0.615	-0.0465	0.7	111105
82	"15:18:51"	848.0	-5.13	-0.00517	-1.56E+03	-0.0487	0.93	6	1	2.84	26.06	25.20	26.13	7.89	14.04	22.561	22.504	67.75	67.58	499.9	0	7	101.7	-0.615	-0.0465	0.7	111105
