"OPEN 5.3.2"
"Fri Aug  3 2018 13:05:25"
"Unit="	"PSC-895"
"ComputeList="	"/User/Configs/Comps/Default"
"BLCTable="	"/Sys/Lib/StdBLCTable"
"LightSource="	"Sun+Sky"	1	0.19
"LogFormat="	"/User/Configs/LogFormats/Std Output"
"LogCodes="	-35	-21	-36	30	23	36	21	25	-33	-34	-32	-9	-10	-8	-1	-2	-4	-5	-14	-15	-7	-12	-13	-11	-65	-66	-72	-23
"PromptList="	"/User/Configs/Prompts/Default (none)"
"Stability= (CO2S 15s SLP<1)(H2OS 15s SLP<1)(Flow 15s SLP<1)"
"13:05:29 "
$STARTOFDATA$
"Obs"	"HHMMSS"	"FTime"	"Photo"	"Cond"	"Ci"	"Trmmol"	"VpdL"	"Area"	"StmRat"	"BLCond"	"Tair"	"Tleaf"	"TBlk"	"CO2R"	"CO2S"	"H2OR"	"H2OS"	"RH_R"	"RH_S"	"Flow"	"PARi"	"PARo"	"Press"	"CsMch"	"HsMch"	"StableF"	"Status"
1	"13:08:05"	177.5	-2.1	0.317	500	4.01	1.4	6	1	2.84	25.54	24.88	25.55	499.12	499.21	13.364	17.306	41.42	53.64	600.0	0	8	101.8	-1.56	-0.0657	0.3	111115
2	"13:08:06"	178.5	-2.27	0.318	501	4.02	1.39	6	1	2.84	25.54	24.88	25.55	499.03	499.30	13.362	17.311	41.42	53.66	600.0	0	8	101.8	-1.56	-0.0657	0.3	111115
3	"13:08:08"	180.0	-2.24	0.319	501	4.03	1.39	6	1	2.84	25.54	24.88	25.55	499.11	499.34	13.360	17.318	41.42	53.69	600.0	0	8	101.8	-1.56	-0.0657	1.0	111115
4	"13:08:09"	181.0	-2.16	0.32	500	4.03	1.39	6	1	2.84	25.54	24.87	25.55	499.19	499.33	13.358	17.322	41.41	53.70	600.0	0	8	101.8	-1.56	-0.0657	1.0	111115
5	"13:08:10"	182.5	-1.86	0.321	498	4.04	1.39	6	1	2.84	25.53	24.87	25.54	499.50	499.34	13.356	17.329	41.41	53.73	600.0	-0	8	101.8	-1.56	-0.0657	1.0	111115
6	"13:08:11"	183.5	-1.75	0.321	498	4.04	1.39	6	1	2.84	25.53	24.87	25.54	499.63	499.36	13.355	17.329	41.41	53.73	600.0	-0	8	101.8	-1.56	-0.0657	1.0	111115
7	"13:08:13"	184.0	-1.7	0.321	498	4.05	1.39	6	1	2.84	25.53	24.87	25.54	499.69	499.36	13.354	17.330	41.41	53.74	600.0	-0	8	101.8	-1.56	-0.0657	1.0	111115
8	"13:08:14"	186.0	-1.59	0.323	497	4.06	1.39	6	1	2.84	25.53	24.87	25.54	499.86	499.43	13.351	17.339	41.41	53.77	599.9	0	8	101.8	-1.56	-0.0657	1.0	111115
9	"13:08:15"	187.0	-1.58	0.323	497	4.06	1.39	6	1	2.84	25.53	24.87	25.54	499.88	499.44	13.349	17.339	41.40	53.78	600.0	0	8	101.8	-1.56	-0.0657	1.0	111115
10	"13:08:16"	188.5	-1.52	0.324	497	4.07	1.39	6	1	2.84	25.53	24.87	25.54	499.98	499.47	13.346	17.347	41.40	53.81	600.0	-0	8	101.8	-1.56	-0.0657	1.0	111115
11	"13:08:18"	189.5	-1.59	0.325	497	4.08	1.39	6	1	2.84	25.53	24.87	25.53	499.95	499.51	13.343	17.350	41.39	53.82	600.0	0	8	101.8	-1.56	-0.0657	0.7	111115
12	"13:08:19"	191.0	-1.67	0.326	498	4.09	1.39	6	1	2.84	25.52	24.87	25.53	499.95	499.58	13.341	17.355	41.39	53.84	600.0	0	8	101.8	-1.56	-0.0657	0.7	111115
13	"13:08:20"	192.0	-1.81	0.326	498	4.09	1.39	6	1	2.84	25.52	24.86	25.53	499.92	499.69	13.337	17.355	41.38	53.85	600.0	0	8	101.8	-1.56	-0.0657	0.7	111115
14	"13:08:21"	193.5	-1.76	0.327	498	4.1	1.39	6	1	2.84	25.52	24.86	25.53	499.95	499.67	13.336	17.361	41.38	53.87	600.0	0	8	101.8	-1.56	-0.0657	0.7	111115
15	"13:08:23"	194.5	-1.82	0.328	498	4.1	1.39	6	1	2.84	25.52	24.86	25.53	499.93	499.70	13.335	17.365	41.38	53.89	600.0	0	8	101.8	-1.56	-0.0657	0.7	111115
16	"13:08:24"	196.0	-1.74	0.329	498	4.11	1.39	6	1	2.84	25.52	24.86	25.53	499.98	499.67	13.334	17.373	41.38	53.92	599.9	-0	8	101.8	-1.56	-0.0657	0.7	111115
17	"13:08:25"	197.0	-1.82	0.33	499	4.12	1.38	6	1	2.84	25.52	24.86	25.52	499.98	499.74	13.330	17.379	41.37	53.94	599.9	-0	8	101.8	-1.56	-0.0657	0.7	111115
18	"13:08:26"	197.5	-1.85	0.33	499	4.12	1.38	6	1	2.84	25.52	24.86	25.52	500.00	499.79	13.329	17.379	41.37	53.94	599.9	0	8	101.8	-1.56	-0.0657	0.7	111115
19	"13:08:27"	199.5	-1.8	0.331	498	4.13	1.38	6	1	2.84	25.51	24.86	25.52	500.03	499.76	13.326	17.380	41.37	53.95	599.9	0	8	101.8	-1.56	-0.0657	0.7	111115
20	"13:08:29"	200.5	-1.71	0.331	498	4.13	1.38	6	1	2.84	25.51	24.85	25.52	500.04	499.69	13.323	17.381	41.36	53.96	600.0	0	8	101.8	-1.56	-0.0657	0.7	111115
21	"13:08:30"	202.0	-1.67	0.332	498	4.14	1.38	6	1	2.84	25.51	24.85	25.52	500.05	499.66	13.321	17.385	41.36	53.98	600.2	0	8	101.8	-1.56	-0.0657	0.7	111115
22	"13:08:31"	203.0	-1.84	0.333	499	4.15	1.38	6	1	2.84	25.51	24.85	25.52	500.00	499.77	13.319	17.391	41.36	54.00	600.2	0	8	101.8	-1.56	-0.0657	0.7	111115
23	"13:08:32"	204.5	-2.01	0.334	500	4.15	1.38	6	1	2.84	25.51	24.85	25.52	499.96	499.89	13.315	17.396	41.35	54.02	600.2	-0	8	101.8	-1.56	-0.0657	0.7	111115
24	"13:08:34"	205.5	-2.05	0.335	500	4.16	1.38	6	1	2.84	25.51	24.84	25.51	499.93	499.90	13.314	17.398	41.35	54.03	600.2	-0	8	101.8	-1.56	-0.0657	0.7	111115
25	"13:08:35"	207.0	-1.99	0.335	499	4.16	1.38	6	1	2.84	25.50	24.85	25.51	499.98	499.90	13.312	17.400	41.35	54.05	600.0	-0	8	101.8	-1.56	-0.0657	0.7	111115
26	"13:08:36"	208.0	-1.98	0.335	499	4.16	1.38	6	1	2.84	25.50	24.85	25.51	500.01	499.90	13.312	17.402	41.35	54.05	599.9	-0	8	101.8	-1.56	-0.0657	0.7	111115
27	"13:08:37"	209.5	-1.92	0.335	499	4.17	1.38	6	1	2.84	25.50	24.85	25.51	500.05	499.88	13.309	17.405	41.34	54.07	599.9	0	8	101.8	-1.56	-0.0657	1.0	111115
28	"13:08:39"	210.5	-1.97	0.336	499	4.17	1.38	6	1	2.84	25.50	24.85	25.51	500.02	499.90	13.306	17.406	41.34	54.08	599.9	0	8	101.8	-1.56	-0.0657	1.0	111115
29	"13:08:40"	212.0	-2.01	0.336	499	4.18	1.38	6	1	2.84	25.50	24.85	25.51	499.96	499.89	13.302	17.407	41.33	54.09	599.9	0	8	101.8	-1.56	-0.0657	1.0	111115
30	"13:08:41"	213.0	-2	0.337	499	4.18	1.38	6	1	2.84	25.50	24.85	25.51	500.00	499.90	13.300	17.412	41.33	54.10	599.9	0	8	101.8	-1.56	-0.0657	1.0	111115
31	"13:08:42"	214.5	-1.95	0.339	499	4.19	1.38	6	1	2.84	25.49	24.84	25.50	500.03	499.88	13.297	17.419	41.32	54.13	599.9	0	8	101.8	-1.56	-0.0657	1.0	111115
32	"13:08:44"	215.5	-1.87	0.339	499	4.2	1.38	6	1	2.84	25.49	24.84	25.50	500.09	499.85	13.295	17.423	41.32	54.15	600.0	0	8	101.8	-1.56	-0.0657	1.0	111115
33	"13:08:45"	217.0	-1.95	0.34	499	4.2	1.38	6	1	2.84	25.49	24.83	25.50	500.01	499.87	13.292	17.423	41.32	54.16	600.0	-0	8	101.8	-1.56	-0.0657	1.0	111115
34	"13:08:46"	218.0	-2	0.34	499	4.21	1.38	6	1	2.84	25.49	24.83	25.50	500.01	499.91	13.291	17.423	41.32	54.16	600.0	-0	8	101.8	-1.56	-0.0657	1.0	111115
35	"13:08:47"	219.5	-2.07	0.34	500	4.21	1.38	6	1	2.84	25.49	24.83	25.50	499.97	499.93	13.288	17.423	41.31	54.17	599.9	-0	9	101.8	-1.56	-0.0657	1.0	111115
36	"13:08:49"	220.5	-2	0.341	499	4.21	1.37	6	1	2.84	25.49	24.83	25.50	500.02	499.91	13.287	17.426	41.31	54.18	599.9	-0	8	101.8	-1.56	-0.0657	1.0	111115
37	"13:08:50"	222.0	-1.95	0.341	499	4.22	1.37	6	1	2.84	25.49	24.83	25.50	500.02	499.86	13.284	17.429	41.31	54.19	599.9	-0	8	101.8	-1.56	-0.0657	1.0	111115
38	"13:08:51"	223.0	-1.96	0.342	499	4.22	1.37	6	1	2.84	25.48	24.83	25.49	500.01	499.86	13.283	17.431	41.31	54.21	599.9	0	8	101.8	-1.56	-0.0657	1.0	111115
39	"13:08:52"	224.5	-2.09	0.343	500	4.23	1.37	6	1	2.84	25.48	24.83	25.49	499.95	499.93	13.280	17.435	41.30	54.22	600.0	0	8	101.8	-1.56	-0.0657	1.0	111115
40	"13:08:54"	225.5	-2.11	0.342	500	4.23	1.37	6	1	2.84	25.48	24.83	25.49	499.93	499.93	13.279	17.432	41.30	54.21	600.0	0	8	101.8	-1.56	-0.0657	1.0	111115
41	"13:08:55"	227.0	-2.16	0.343	500	4.23	1.37	6	1	2.84	25.48	24.83	25.49	499.92	499.97	13.275	17.434	41.29	54.23	600.0	0	8	101.8	-1.56	-0.0657	1.0	111115
42	"13:08:56"	228.0	-2.11	0.344	500	4.24	1.37	6	1	2.84	25.48	24.82	25.49	499.93	499.92	13.273	17.436	41.29	54.24	600.0	-0	8	101.8	-1.56	-0.0657	1.0	111115
43	"13:08:57"	229.5	-2.04	0.345	499	4.25	1.37	6	1	2.84	25.48	24.82	25.49	499.98	499.90	13.270	17.442	41.29	54.26	600.0	0	7	101.8	-1.56	-0.0657	1.0	111115
44	"13:08:59"	230.5	-2.13	0.345	500	4.25	1.37	6	1	2.84	25.48	24.82	25.48	499.94	499.95	13.269	17.444	41.28	54.27	600.0	0	7	101.8	-1.56	-0.0657	1.0	111115
45	"13:09:00"	232.0	-2.09	0.346	500	4.25	1.37	6	1	2.84	25.47	24.81	25.48	499.98	499.94	13.266	17.442	41.28	54.27	600.0	0	7	101.8	-1.56	-0.0657	1.0	111115
46	"13:09:01"	233.0	-2.11	0.346	500	4.26	1.37	6	1	2.84	25.47	24.81	25.48	499.97	499.95	13.263	17.444	41.27	54.28	600.0	0	7	101.8	-1.56	-0.0657	1.0	111115
47	"13:09:02"	234.5	-2.09	0.347	500	4.26	1.37	6	1	2.84	25.47	24.81	25.48	499.98	499.94	13.261	17.446	41.27	54.30	600.0	0	7	101.8	-1.56	-0.0657	1.0	111115
48	"13:09:04"	235.5	-2.1	0.347	500	4.26	1.37	6	1	2.84	25.47	24.81	25.48	499.99	499.96	13.259	17.449	41.27	54.31	600.0	0	7	101.8	-1.56	-0.0657	1.0	111115
49	"13:09:05"	237.0	-2.02	0.347	499	4.26	1.37	6	1	2.84	25.47	24.81	25.48	500.04	499.93	13.259	17.446	41.27	54.31	600.0	0	8	101.8	-1.56	-0.0657	1.0	111115
50	"13:09:06"	238.0	-1.97	0.347	499	4.26	1.37	6	1	2.84	25.47	24.81	25.48	500.06	499.90	13.257	17.445	41.27	54.31	600.0	-0	7	101.8	-1.56	-0.0657	1.0	111115
51	"13:09:07"	239.5	-1.99	0.347	499	4.27	1.37	6	1	2.84	25.46	24.81	25.47	500.03	499.89	13.253	17.446	41.26	54.31	600.0	-0	7	101.8	-1.56	-0.0657	1.0	111115
52	"13:09:08"	240.0	-2.1	0.348	500	4.27	1.37	6	1	2.84	25.46	24.81	25.47	499.99	499.95	13.252	17.448	41.26	54.32	600.0	-0	7	101.8	-1.56	-0.0657	1.0	111115
53	"13:09:09"	241.0	-2.16	0.349	500	4.28	1.37	6	1	2.84	25.46	24.81	25.47	499.97	499.99	13.249	17.449	41.25	54.33	600.0	-0	7	101.8	-1.56	-0.0657	1.0	111115
54	"13:09:11"	243.0	-2.24	0.349	501	4.28	1.37	6	1	2.84	25.46	24.80	25.47	499.97	500.07	13.244	17.451	41.24	54.34	600.0	-0	7	101.8	-1.56	-0.0657	1.0	111115
55	"13:09:12"	244.0	-2.11	0.35	500	4.28	1.37	6	1	2.84	25.46	24.80	25.47	500.02	499.99	13.243	17.450	41.24	54.35	600.0	0	7	101.8	-1.56	-0.0657	1.0	111115
56	"13:09:13"	245.5	-2.1	0.35	500	4.28	1.36	6	1	2.84	25.46	24.79	25.47	500.02	499.98	13.243	17.450	41.25	54.35	600.0	0	7	101.8	-1.56	-0.0657	1.0	111115
57	"13:09:15"	246.5	-2.12	0.35	500	4.28	1.36	6	1	2.84	25.46	24.79	25.46	500.02	499.99	13.242	17.451	41.25	54.36	599.9	0	7	101.8	-1.56	-0.0657	1.0	111115
58	"13:09:16"	248.0	-2.15	0.35	500	4.29	1.36	6	1	2.84	25.45	24.79	25.46	500.00	500.00	13.238	17.450	41.24	54.36	600.0	0	7	101.8	-1.56	-0.0657	1.0	111115
59	"13:09:17"	249.0	-2.12	0.351	500	4.29	1.36	6	1	2.84	25.45	24.79	25.46	499.99	499.96	13.234	17.452	41.23	54.37	600.0	0	7	101.8	-1.56	-0.0657	1.0	111115
60	"13:09:18"	250.5	-2.15	0.352	500	4.3	1.36	6	1	2.84	25.45	24.79	25.46	499.94	499.95	13.233	17.455	41.23	54.38	600.0	0	7	101.8	-1.56	-0.0657	1.0	111115
61	"13:09:20"	251.5	-2.19	0.352	500	4.3	1.36	6	1	2.84	25.45	24.79	25.46	499.93	499.98	13.232	17.455	41.23	54.39	600.0	-0	7	101.8	-1.56	-0.0657	1.0	111115
62	"13:09:21"	253.0	-2.21	0.352	500	4.3	1.36	6	1	2.84	25.45	24.79	25.46	499.95	500.01	13.229	17.456	41.23	54.40	600.0	-0	7	101.8	-1.56	-0.0657	1.0	111115
63	"13:09:22"	254.0	-2.06	0.352	499	4.3	1.36	6	1	2.84	25.45	24.79	25.46	500.03	499.94	13.227	17.455	41.22	54.40	600.1	0	7	101.8	-1.56	-0.0657	1.0	111115
64	"13:09:23"	255.5	-2	0.353	499	4.31	1.36	6	1	2.84	25.44	24.79	25.45	500.03	499.88	13.225	17.460	41.22	54.42	600.2	0	7	101.8	-1.56	-0.0657	1.0	111115
65	"13:09:25"	256.5	-1.99	0.353	499	4.31	1.36	6	1	2.84	25.44	24.79	25.45	500.03	499.86	13.223	17.460	41.21	54.42	600.2	0	7	101.8	-1.56	-0.0657	1.0	111115
66	"13:09:26"	258.0	-2.1	0.353	500	4.31	1.36	6	1	2.84	25.44	24.79	25.45	500.01	499.95	13.221	17.459	41.21	54.42	600.1	-0	7	101.8	-1.56	-0.0657	1.0	111115
67	"13:09:27"	259.0	-2.18	0.353	500	4.31	1.36	6	1	2.84	25.44	24.79	25.45	499.98	500.01	13.218	17.452	41.20	54.41	600.1	0	7	101.8	-1.56	-0.0657	1.0	111115
68	"13:09:28"	260.5	-2.22	0.354	500	4.31	1.36	6	1	2.84	25.44	24.78	25.45	499.96	500.03	13.214	17.452	41.20	54.41	600.0	0	7	101.8	-1.56	-0.0657	1.0	111115
69	"13:09:30"	261.5	-2.36	0.354	501	4.31	1.36	6	1	2.84	25.44	24.78	25.45	499.87	500.07	13.212	17.451	41.20	54.41	600.0	0	7	101.8	-1.56	-0.0657	1.0	111115
70	"13:09:31"	263.0	-2.35	0.354	501	4.32	1.36	6	1	2.84	25.44	24.78	25.45	499.85	500.04	13.211	17.456	41.19	54.43	600.0	0	7	101.8	-1.56	-0.0657	1.0	111115
71	"13:09:32"	264.0	-2.29	0.355	501	4.33	1.36	6	1	2.84	25.44	24.79	25.44	499.88	500.01	13.208	17.458	41.19	54.44	600.1	0	7	101.8	-1.56	-0.0657	1.0	111115
72	"13:09:33"	265.5	-2.22	0.355	500	4.33	1.36	6	1	2.84	25.44	24.79	25.44	499.91	499.97	13.207	17.459	41.19	54.45	600.0	0	7	101.8	-1.56	-0.0657	1.0	111115
73	"13:09:35"	266.5	-2.11	0.355	500	4.33	1.36	6	1	2.84	25.43	24.78	25.44	499.95	499.90	13.203	17.460	41.18	54.45	600.0	0	7	101.8	-1.56	-0.0657	1.0	111115
74	"13:09:36"	268.0	-2.1	0.355	500	4.33	1.36	6	1	2.84	25.43	24.78	25.44	499.98	499.91	13.200	17.458	41.17	54.45	600.0	0	7	101.8	-1.56	-0.0657	1.0	111115
75	"13:09:37"	269.0	-1.94	0.356	499	4.33	1.36	6	1	2.84	25.43	24.78	25.44	500.04	499.81	13.198	17.457	41.17	54.45	600.0	0	7	101.8	-1.56	-0.0657	1.0	111115
76	"13:09:38"	270.5	-1.95	0.356	499	4.34	1.36	6	1	2.84	25.43	24.78	25.44	500.07	499.85	13.196	17.456	41.17	54.46	599.9	0	8	101.8	-1.56	-0.0657	1.0	111115
77	"13:09:40"	271.5	-1.93	0.356	499	4.34	1.36	6	1	2.84	25.43	24.78	25.44	500.07	499.83	13.194	17.456	41.16	54.46	599.9	0	8	101.8	-1.56	-0.0657	1.0	111115
78	"13:09:41"	273.0	-2.08	0.356	499	4.34	1.36	6	1	2.84	25.43	24.78	25.44	500.00	499.92	13.191	17.457	41.16	54.47	599.8	0	8	101.8	-1.56	-0.0657	1.0	111115
79	"13:09:42"	274.0	-2.14	0.357	500	4.34	1.36	6	1	2.84	25.43	24.78	25.43	499.97	499.94	13.190	17.458	41.16	54.47	599.9	0	8	101.8	-1.56	-0.0657	0.7	111115
80	"13:09:43"	275.5	-2.16	0.357	500	4.34	1.36	6	1	2.84	25.43	24.78	25.43	499.96	499.95	13.189	17.458	41.16	54.48	599.9	0	8	101.8	-1.56	-0.0657	1.0	111115
81	"13:09:45"	276.5	-2.18	0.357	500	4.35	1.36	6	1	2.84	25.42	24.77	25.43	499.95	499.97	13.187	17.457	41.15	54.48	600.0	0	8	101.8	-1.56	-0.0657	1.0	111115
82	"13:09:46"	277.0	-2.2	0.357	500	4.35	1.36	6	1	2.84	25.42	24.77	25.43	499.95	499.98	13.188	17.458	41.16	54.49	599.9	0	8	101.8	-1.56	-0.0657	1.0	111115
83	"13:09:47"	278.0	-2.26	0.358	500	4.35	1.36	6	1	2.84	25.42	24.76	25.43	499.93	500.02	13.185	17.460	41.15	54.49	599.9	0	8	101.8	-1.56	-0.0657	1.0	111115
84	"13:09:48"	280.0	-2.28	0.359	500	4.36	1.36	6	1	2.84	25.42	24.76	25.43	499.88	499.98	13.179	17.460	41.14	54.50	599.9	0	8	101.8	-1.56	-0.0657	1.0	111115
85	"13:09:49"	281.5	-2.28	0.359	500	4.36	1.36	6	1	2.84	25.42	24.76	25.43	499.88	499.98	13.176	17.457	41.13	54.50	600.0	0	8	101.8	-1.56	-0.0657	1.0	111115
86	"13:09:50"	282.0	-2.23	0.359	500	4.36	1.36	6	1	2.84	25.42	24.76	25.43	499.91	499.97	13.175	17.457	41.13	54.50	600.0	0	8	101.8	-1.56	-0.0657	1.0	111115
87	"13:09:52"	283.5	-2.2	0.359	500	4.36	1.36	6	1	2.84	25.42	24.77	25.43	499.93	499.95	13.175	17.459	41.13	54.51	600.0	0	8	101.8	-1.56	-0.0657	1.0	111115
88	"13:09:53"	285.0	-2.23	0.359	500	4.36	1.36	6	1	2.84	25.42	24.77	25.42	499.91	499.96	13.172	17.457	41.13	54.51	600.0	0	8	101.8	-1.56	-0.0657	1.0	111115
89	"13:09:54"	286.0	-2.23	0.359	500	4.36	1.36	6	1	2.84	25.41	24.77	25.42	499.88	499.94	13.171	17.456	41.13	54.51	600.0	0	8	101.8	-1.56	-0.0657	1.0	111115
90	"13:09:55"	287.5	-2.35	0.359	501	4.36	1.36	6	1	2.84	25.41	24.76	25.42	499.84	500.01	13.167	17.454	41.12	54.51	600.1	0	7	101.8	-1.56	-0.0657	1.0	111115
91	"13:09:57"	288.5	-2.35	0.36	501	4.36	1.36	6	1	2.84	25.41	24.76	25.42	499.88	500.05	13.165	17.453	41.11	54.51	600.1	-0	7	101.8	-1.56	-0.0657	1.0	111115
92	"13:09:58"	290.0	-2.21	0.36	500	4.37	1.36	6	1	2.84	25.41	24.75	25.42	499.95	499.98	13.163	17.456	41.11	54.52	600.0	0	7	101.8	-1.56	-0.0657	1.0	111115
93	"13:09:59"	291.0	-2.12	0.36	500	4.37	1.36	6	1	2.84	25.41	24.75	25.42	499.96	499.89	13.162	17.454	41.11	54.52	599.9	0	7	101.8	-1.56	-0.0657	1.0	111115
94	"13:10:00"	291.5	-2.14	0.36	500	4.37	1.36	6	1	2.84	25.41	24.75	25.42	499.95	499.90	13.162	17.453	41.11	54.52	599.9	0	7	101.8	-1.56	-0.0657	1.0	111115
95	"13:10:01"	292.5	-2.08	0.36	499	4.37	1.36	6	1	2.84	25.41	24.75	25.41	499.96	499.85	13.160	17.454	41.11	54.52	599.9	0	7	101.8	-1.56	-0.0657	1.0	111115
96	"13:10:02"	294.5	-2.24	0.36	500	4.37	1.36	6	1	2.84	25.41	24.75	25.41	499.97	500.02	13.157	17.453	41.10	54.52	600.0	0	7	101.8	-1.56	-0.0657	1.0	111115
97	"13:10:04"	295.0	-2.27	0.361	500	4.37	1.36	6	1	2.84	25.41	24.75	25.41	499.97	500.05	13.156	17.454	41.10	54.53	600.0	0	7	101.8	-1.56	-0.0657	1.0	111115
98	"13:10:05"	297.0	-2.32	0.362	501	4.38	1.36	6	1	2.84	25.40	24.75	25.41	499.94	500.07	13.151	17.456	41.09	54.55	599.9	0	7	101.8	-1.56	-0.0657	1.0	111115
99	"13:10:06"	298.0	-2.19	0.362	500	4.38	1.35	6	1	2.84	25.40	24.74	25.41	499.99	499.99	13.150	17.458	41.09	54.55	599.9	0	7	101.8	-1.56	-0.0657	1.0	111115
100	"13:10:07"	298.5	-2.19	0.363	500	4.39	1.35	6	1	2.84	25.40	24.74	25.41	499.99	499.98	13.150	17.459	41.09	54.56	599.9	0	7	101.8	-1.56	-0.0657	1.0	111115
101	"13:10:08"	299.5	-2.16	0.363	500	4.39	1.35	6	1	2.84	25.40	24.74	25.41	499.99	499.95	13.149	17.460	41.09	54.57	599.9	-0	7	101.8	-1.56	-0.0657	1.0	111115
102	"13:10:10"	301.5	-2.18	0.363	500	4.39	1.35	6	1	2.84	25.40	24.74	25.41	499.98	499.97	13.145	17.456	41.09	54.56	600.0	0	7	101.8	-1.56	-0.0657	1.0	111115
103	"13:10:11"	303.0	-2.25	0.362	500	4.39	1.36	6	1	2.84	25.39	24.74	25.40	499.95	500.01	13.141	17.450	41.08	54.55	600.0	0	7	101.8	-1.56	-0.0657	1.0	111115
104	"13:10:12"	304.0	-2.15	0.362	500	4.38	1.36	6	1	2.84	25.39	24.74	25.40	500.01	499.97	13.141	17.447	41.08	54.54	600.0	0	7	101.8	-1.56	-0.0657	1.0	111115
105	"13:10:13"	305.5	-2.2	0.363	500	4.39	1.35	6	1	2.84	25.39	24.73	25.40	499.95	499.96	13.137	17.448	41.07	54.55	600.0	0	7	101.8	-1.56	-0.0657	1.0	111115
106	"13:10:15"	306.5	-2.06	0.363	499	4.39	1.35	6	1	2.84	25.39	24.73	25.40	500.03	499.90	13.137	17.448	41.08	54.55	600.0	0	7	101.8	-1.56	-0.0657	1.0	111115
107	"13:10:16"	308.0	-2.19	0.364	500	4.39	1.35	6	1	2.84	25.39	24.73	25.40	499.96	499.95	13.134	17.449	41.07	54.57	600.0	-0	7	101.8	-1.56	-0.0657	1.0	111115
108	"13:10:17"	309.0	-2.2	0.364	500	4.39	1.35	6	1	2.84	25.39	24.73	25.40	499.99	499.99	13.134	17.447	41.08	54.56	600.0	0	7	101.8	-1.56	-0.0657	1.0	111115
109	"13:10:18"	310.5	-2.19	0.364	500	4.39	1.35	6	1	2.84	25.39	24.73	25.39	499.99	499.98	13.131	17.445	41.07	54.57	600.0	0	7	101.8	-1.56	-0.0657	1.0	111115
110	"13:10:20"	311.5	-2.15	0.364	500	4.39	1.35	6	1	2.84	25.38	24.72	25.39	499.99	499.94	13.128	17.444	41.07	54.57	600.0	0	7	101.8	-1.56	-0.0657	1.0	111115
111	"13:10:21"	312.0	-2.15	0.364	500	4.39	1.35	6	1	2.84	25.38	24.72	25.39	499.98	499.94	13.128	17.442	41.07	54.56	600.0	0	7	101.8	-1.56	-0.0657	1.0	111115
112	"13:10:22"	314.0	-2.2	0.364	500	4.39	1.35	6	1	2.84	25.38	24.72	25.39	499.95	499.95	13.123	17.438	41.06	54.56	599.9	0	7	101.8	-1.56	-0.0657	1.0	111115
113	"13:10:23"	315.5	-2.23	0.364	500	4.39	1.35	6	1	2.84	25.38	24.72	25.39	499.98	500.01	13.122	17.438	41.06	54.57	600.0	0	7	101.8	-1.56	-0.0657	1.0	111115
114	"13:10:25"	316.5	-2.19	0.365	500	4.4	1.35	6	1	2.84	25.38	24.72	25.39	500.01	500.00	13.120	17.443	41.06	54.59	600.0	0	7	101.8	-1.56	-0.0657	1.0	111115
115	"13:10:26"	318.0	-2.13	0.365	500	4.4	1.35	6	1	2.84	25.37	24.72	25.38	500.03	499.95	13.118	17.442	41.06	54.59	600.1	0	7	101.8	-1.56	-0.0657	1.0	111115
116	"13:10:27"	319.0	-2.05	0.365	499	4.4	1.35	6	1	2.84	25.37	24.72	25.38	500.04	499.89	13.116	17.438	41.06	54.58	600.1	0	7	101.8	-1.56	-0.0657	1.0	111115
117	"13:10:28"	320.5	-2.14	0.364	500	4.4	1.35	6	1	2.84	25.37	24.72	25.38	499.99	499.93	13.114	17.435	41.05	54.58	600.2	0	7	101.8	-1.56	-0.0657	1.0	111115
118	"13:10:30"	321.5	-2.09	0.364	499	4.4	1.35	6	1	2.84	25.37	24.72	25.38	500.03	499.92	13.114	17.434	41.05	54.58	600.2	0	7	101.8	-1.56	-0.0657	1.0	111115
119	"13:10:31"	323.0	-2.11	0.365	499	4.4	1.35	6	1	2.84	25.37	24.71	25.38	500.03	499.94	13.109	17.435	41.05	54.59	600.1	0	7	101.8	-1.56	-0.0657	1.0	111115
120	"13:10:32"	324.0	-2.06	0.365	499	4.4	1.35	6	1	2.84	25.37	24.71	25.38	500.06	499.92	13.107	17.434	41.04	54.59	600.1	0	7	101.8	-1.56	-0.0657	1.0	111115
121	"13:10:33"	325.5	-1.99	0.365	499	4.4	1.35	6	1	2.84	25.36	24.70	25.37	500.09	499.88	13.104	17.428	41.04	54.58	600.0	0	7	101.8	-1.56	-0.0657	1.0	111115
122	"13:10:34"	326.0	-1.95	0.365	499	4.4	1.35	6	1	2.84	25.36	24.70	25.37	500.10	499.85	13.104	17.429	41.04	54.58	599.9	0	8	101.8	-1.56	-0.0657	1.0	111115
123	"13:10:36"	328.0	-2.02	0.366	499	4.4	1.35	6	1	2.84	25.36	24.70	25.37	500.07	499.89	13.103	17.429	41.04	54.59	600.0	0	7	101.8	-1.56	-0.0657	1.0	111115
124	"13:10:37"	329.0	-2.08	0.366	499	4.41	1.35	6	1	2.84	25.36	24.70	25.37	500.04	499.92	13.102	17.431	41.04	54.60	600.0	0	8	101.8	-1.56	-0.0657	1.0	111115
125	"13:10:38"	330.5	-2.04	0.367	499	4.41	1.35	6	1	2.84	25.36	24.69	25.37	500.05	499.88	13.100	17.431	41.04	54.61	600.0	0	7	101.8	-1.56	-0.0657	1.0	111115
126	"13:10:40"	331.5	-1.95	0.367	499	4.41	1.35	6	1	2.84	25.36	24.69	25.37	500.07	499.81	13.096	17.429	41.03	54.61	600.0	0	8	101.8	-1.56	-0.0657	1.0	111115
127	"13:10:41"	333.0	-2.01	0.367	499	4.41	1.35	6	1	2.84	25.35	24.69	25.36	500.00	499.81	13.094	17.425	41.04	54.61	600.0	0	7	101.8	-1.56	-0.0657	1.0	111115
128	"13:10:42"	334.0	-2.05	0.367	499	4.41	1.35	6	1	2.84	25.35	24.69	25.36	499.97	499.82	13.092	17.425	41.03	54.61	600.0	0	8	101.8	-1.56	-0.0657	1.0	111115
129	"13:10:43"	335.5	-2.22	0.367	500	4.41	1.35	6	1	2.84	25.35	24.69	25.36	499.91	499.92	13.091	17.423	41.04	54.61	600.0	0	8	101.8	-1.56	-0.0657	1.0	111115
130	"13:10:45"	336.5	-2.17	0.366	500	4.41	1.35	6	1	2.84	25.35	24.69	25.36	499.95	499.91	13.089	17.421	41.03	54.61	599.9	0	8	101.8	-1.56	-0.0657	1.0	111115
131	"13:10:46"	338.0	-2.18	0.366	500	4.41	1.35	6	1	2.84	25.35	24.69	25.36	499.98	499.96	13.085	17.416	41.02	54.60	600.0	0	8	101.8	-1.56	-0.0657	1.0	111115
132	"13:10:47"	339.0	-2.05	0.366	499	4.41	1.35	6	1	2.84	25.34	24.69	25.35	500.05	499.89	13.085	17.414	41.03	54.60	599.9	-0	8	101.8	-1.56	-0.0657	1.0	111115
133	"13:10:48"	340.5	-2	0.367	499	4.41	1.35	6	1	2.84	25.34	24.68	25.35	500.06	499.86	13.081	17.416	41.02	54.61	599.9	-0	7	101.8	-1.56	-0.0657	1.0	111115
134	"13:10:50"	341.5	-2.01	0.367	499	4.41	1.35	6	1	2.84	25.34	24.69	25.35	500.03	499.83	13.081	17.415	41.02	54.62	600.0	-0	7	101.8	-1.56	-0.0657	1.0	111115
135	"13:10:51"	343.0	-2.23	0.367	500	4.41	1.35	6	1	2.84	25.34	24.69	25.35	499.89	499.91	13.078	17.415	41.02	54.62	600.0	-0	7	101.8	-1.56	-0.0657	1.0	111115
136	"13:10:52"	344.0	-2.19	0.368	500	4.42	1.35	6	1	2.84	25.34	24.69	25.35	499.89	499.87	13.076	17.417	41.02	54.63	600.0	-0	7	101.8	-1.56	-0.0657	1.0	111115
137	"13:10:53"	345.5	-2.15	0.368	500	4.42	1.35	6	1	2.84	25.34	24.68	25.34	499.92	499.87	13.073	17.413	41.01	54.63	600.0	-0	7	101.8	-1.56	-0.0657	1.0	111115
138	"13:10:55"	346.5	-2.06	0.368	499	4.42	1.35	6	1	2.84	25.33	24.68	25.34	500.02	499.87	13.070	17.415	41.01	54.64	600.0	0	7	101.8	-1.56	-0.0657	1.0	111115
139	"13:10:56"	348.0	-2	0.368	499	4.42	1.35	6	1	2.84	25.33	24.68	25.34	500.03	499.82	13.068	17.411	41.00	54.63	600.0	0	7	101.8	-1.56	-0.0657	1.0	111115
140	"13:10:57"	349.0	-2.09	0.368	499	4.42	1.35	6	1	2.84	25.33	24.68	25.34	499.95	499.84	13.066	17.412	41.00	54.64	600.0	-0	7	101.8	-1.56	-0.0657	1.0	111115
141	"13:10:58"	350.5	-2.12	0.368	499	4.42	1.35	6	1	2.84	25.33	24.68	25.34	499.90	499.81	13.065	17.408	41.00	54.64	599.9	-0	7	101.8	-1.56	-0.0657	1.0	111115
142	"13:11:00"	351.5	-2.13	0.368	499	4.42	1.35	6	1	2.84	25.33	24.67	25.34	499.95	499.86	13.064	17.408	41.00	54.64	599.9	0	7	101.8	-1.56	-0.0657	1.0	111115
143	"13:11:01"	353.0	-2.02	0.369	499	4.42	1.35	6	1	2.84	25.33	24.67	25.34	500.06	499.87	13.060	17.408	41.00	54.64	599.9	0	7	101.8	-1.56	-0.0657	1.0	111115
144	"13:11:02"	354.0	-2.06	0.369	499	4.42	1.35	6	1	2.84	25.32	24.67	25.33	500.03	499.89	13.058	17.404	41.00	54.64	599.9	0	7	101.8	-1.56	-0.0657	1.0	111115
145	"13:11:03"	355.5	-2.07	0.369	499	4.42	1.35	6	1	2.84	25.32	24.66	25.33	499.98	499.84	13.056	17.404	40.99	54.64	600.0	-0	7	101.8	-1.56	-0.0657	1.0	111115
146	"13:11:05"	356.5	-2.09	0.369	499	4.42	1.34	6	1	2.84	25.32	24.66	25.33	499.95	499.83	13.055	17.401	40.99	54.64	600.0	-0	7	101.8	-1.56	-0.0657	1.0	111115
147	"13:11:06"	358.0	-2.01	0.369	499	4.42	1.35	6	1	2.84	25.32	24.66	25.33	499.96	499.77	13.053	17.397	40.99	54.63	600.0	-0	7	101.8	-1.56	-0.0657	1.0	111115
148	"13:11:07"	359.0	-2.11	0.369	499	4.42	1.35	6	1	2.84	25.32	24.66	25.33	499.94	499.84	13.051	17.395	40.99	54.63	600.0	-0	7	101.8	-1.56	-0.0657	1.0	111115
149	"13:11:08"	360.5	-2.1	0.369	499	4.42	1.35	6	1	2.84	25.32	24.66	25.33	499.97	499.86	13.048	17.394	40.98	54.63	600.0	-0	7	101.8	-1.56	-0.0657	1.0	111115
150	"13:11:10"	361.5	-2.15	0.369	500	4.42	1.35	6	1	2.84	25.31	24.66	25.33	499.96	499.91	13.047	17.392	40.98	54.63	600.0	-0	7	101.8	-1.56	-0.0657	1.0	111115
151	"13:11:11"	363.0	-2.15	0.369	500	4.43	1.35	6	1	2.84	25.31	24.66	25.32	499.96	499.89	13.045	17.394	40.98	54.65	600.0	0	7	101.8	-1.56	-0.0657	1.0	111115
152	"13:11:12"	364.0	-2.14	0.37	500	4.43	1.34	6	1	2.84	25.31	24.65	25.32	499.96	499.89	13.043	17.395	40.98	54.65	600.0	0	7	101.8	-1.56	-0.0657	1.0	111115
153	"13:11:13"	365.5	-2.14	0.37	500	4.43	1.34	6	1	2.84	25.31	24.65	25.32	499.97	499.90	13.040	17.395	40.97	54.66	600.0	0	7	101.8	-1.56	-0.0657	1.0	111115
154	"13:11:15"	366.5	-2.18	0.371	500	4.44	1.34	6	1	2.84	25.31	24.66	25.32	499.98	499.94	13.038	17.398	40.97	54.67	600.0	0	7	101.8	-1.56	-0.0657	1.0	111115
155	"13:11:16"	368.0	-2.27	0.37	500	4.44	1.34	6	1	2.84	25.31	24.66	25.32	499.93	499.98	13.036	17.395	40.97	54.67	600.0	-0	7	101.8	-1.56	-0.0657	1.0	111115
156	"13:11:17"	369.0	-2.26	0.37	500	4.44	1.35	6	1	2.84	25.30	24.66	25.32	499.91	499.95	13.035	17.393	40.97	54.67	600.0	-0	7	101.8	-1.56	-0.0657	1.0	111115
157	"13:11:18"	370.5	-2.12	0.37	499	4.43	1.35	6	1	2.84	25.30	24.65	25.31	499.97	499.87	13.034	17.387	40.97	54.65	600.0	-0	7	101.8	-1.56	-0.0657	1.0	111115
158	"13:11:20"	371.5	-2.08	0.37	499	4.43	1.34	6	1	2.84	25.30	24.65	25.31	499.98	499.85	13.032	17.387	40.96	54.65	600.0	-0	7	101.8	-1.56	-0.0657	1.0	111115
159	"13:11:21"	373.0	-1.98	0.37	499	4.43	1.34	6	1	2.84	25.30	24.65	25.31	500.08	499.85	13.031	17.386	40.96	54.66	600.0	0	7	101.8	-1.56	-0.0657	1.0	111115
160	"13:11:22"	374.0	-2.09	0.371	499	4.44	1.34	6	1	2.84	25.30	24.65	25.31	500.00	499.87	13.029	17.387	40.96	54.66	600.0	0	7	101.8	-1.56	-0.0657	1.0	111115
161	"13:11:23"	375.5	-2.16	0.37	500	4.43	1.34	6	1	2.84	25.30	24.65	25.31	499.99	499.93	13.025	17.382	40.95	54.65	600.0	0	7	101.8	-1.56	-0.0657	1.0	111115
162	"13:11:25"	376.5	-2.15	0.371	500	4.44	1.34	6	1	2.84	25.30	24.65	25.31	499.99	499.92	13.023	17.382	40.95	54.65	600.0	-0	7	101.8	-1.56	-0.0657	1.0	111115
163	"13:11:26"	378.0	-2.04	0.37	499	4.44	1.34	6	1	2.84	25.30	24.65	25.31	500.06	499.88	13.021	17.380	40.95	54.65	599.9	-0	7	101.8	-1.56	-0.0657	1.0	111115
164	"13:11:27"	379.0	-2.01	0.37	499	4.44	1.34	6	1	2.84	25.29	24.65	25.30	500.05	499.84	13.020	17.379	40.94	54.65	600.0	0	7	101.8	-1.56	-0.0657	1.0	111115
165	"13:11:28"	380.5	-1.99	0.371	499	4.44	1.34	6	1	2.84	25.29	24.65	25.30	500.01	499.78	13.018	17.379	40.94	54.66	600.0	0	7	101.8	-1.56	-0.0657	1.0	111115
166	"13:11:30"	381.5	-2.07	0.371	499	4.44	1.34	6	1	2.84	25.29	24.65	25.30	499.98	499.84	13.016	17.379	40.94	54.66	600.0	0	7	101.8	-1.56	-0.0657	1.0	111115
167	"13:11:31"	383.0	-2.16	0.371	500	4.44	1.34	6	1	2.84	25.29	24.64	25.30	499.96	499.90	13.015	17.380	40.94	54.67	600.0	0	7	101.8	-1.56	-0.0657	1.0	111115
168	"13:11:32"	384.0	-2.13	0.371	499	4.44	1.34	6	1	2.84	25.29	24.64	25.30	499.96	499.87	13.014	17.380	40.93	54.67	600.0	-0	7	101.8	-1.56	-0.0657	1.0	111115
169	"13:11:33"	385.5	-2.06	0.371	499	4.44	1.34	6	1	2.84	25.29	24.64	25.30	500.00	499.84	13.012	17.377	40.93	54.66	600.0	0	7	101.8	-1.56	-0.0657	1.0	111115
170	"13:11:34"	386.0	-2.04	0.371	499	4.44	1.34	6	1	2.84	25.29	24.64	25.30	500.02	499.84	13.011	17.375	40.93	54.66	600.0	0	7	101.8	-1.56	-0.0657	1.0	111115
171	"13:11:36"	388.0	-1.97	0.371	499	4.45	1.34	6	1	2.84	25.29	24.64	25.30	500.08	499.83	13.006	17.373	40.92	54.66	600.1	0	7	101.8	-1.56	-0.0657	1.0	111115
172	"13:11:37"	389.0	-1.91	0.371	498	4.44	1.34	6	1	2.84	25.29	24.64	25.29	500.12	499.81	13.005	17.372	40.92	54.66	600.0	-0	7	101.8	-1.56	-0.0657	1.0	111115
173	"13:11:38"	390.5	-1.95	0.371	499	4.44	1.34	6	1	2.84	25.29	24.64	25.29	500.08	499.81	13.003	17.370	40.91	54.65	600.0	0	7	101.8	-1.56	-0.0657	1.0	111115
174	"13:11:39"	391.5	-1.95	0.371	499	4.44	1.34	6	1	2.84	25.28	24.64	25.29	500.09	499.82	13.002	17.370	40.91	54.66	600.0	-0	7	101.8	-1.56	-0.0657	1.0	111115
175	"13:11:41"	393.0	-2.05	0.372	499	4.45	1.34	6	1	2.84	25.28	24.63	25.29	500.02	499.85	12.999	17.369	40.91	54.66	600.0	0	7	101.8	-1.56	-0.0657	1.0	111115
176	"13:11:42"	394.0	-2.01	0.372	499	4.45	1.34	6	1	2.84	25.28	24.63	25.29	500.03	499.82	12.997	17.365	40.90	54.65	600.0	-0	7	101.8	-1.56	-0.0657	1.0	111115
177	"13:11:43"	395.5	-2.09	0.372	499	4.45	1.34	6	1	2.84	25.28	24.63	25.29	499.97	499.84	12.995	17.365	40.90	54.65	600.0	-0	7	101.8	-1.56	-0.0657	1.0	111115
178	"13:11:44"	396.5	-2.19	0.372	500	4.45	1.34	6	1	2.84	25.28	24.63	25.29	499.93	499.90	12.994	17.364	40.90	54.65	600.0	-0	7	101.8	-1.56	-0.0657	1.0	111115
179	"13:11:46"	398.0	-2.23	0.372	500	4.45	1.34	6	1	2.84	25.28	24.64	25.29	499.87	499.87	12.990	17.367	40.89	54.67	599.9	-0	7	101.8	-1.56	-0.0657	1.0	111115
180	"13:11:47"	399.0	-2.17	0.373	500	4.46	1.34	6	1	2.84	25.28	24.64	25.29	499.92	499.86	12.989	17.368	40.88	54.67	600.0	-0	7	101.8	-1.56	-0.0657	1.0	111115
181	"13:11:48"	400.5	-2.07	0.373	499	4.46	1.34	6	1	2.84	25.28	24.63	25.29	500.01	499.85	12.988	17.367	40.88	54.67	600.0	-0	7	101.8	-1.56	-0.0657	1.0	111115
182	"13:11:49"	401.5	-1.95	0.372	499	4.45	1.34	6	1	2.84	25.28	24.63	25.28	500.12	499.85	12.987	17.362	40.88	54.66	600.0	-0	7	101.8	-1.56	-0.0657	1.0	111115
183	"13:11:51"	403.0	-1.93	0.372	498	4.45	1.34	6	1	2.84	25.28	24.63	25.28	500.13	499.83	12.986	17.358	40.88	54.65	600.0	-0	7	101.8	-1.56	-0.0657	1.0	111115
184	"13:11:52"	404.0	-1.97	0.372	499	4.45	1.34	6	1	2.84	25.28	24.63	25.28	500.07	499.82	12.984	17.356	40.88	54.65	599.9	-0	7	101.8	-1.56	-0.0657	1.0	111115
185	"13:11:53"	405.5	-2.07	0.372	499	4.45	1.34	6	1	2.84	25.27	24.63	25.28	499.99	499.84	12.980	17.355	40.87	54.65	599.9	-0	7	101.8	-1.56	-0.0657	1.0	111115
186	"13:11:54"	406.5	-2.05	0.372	499	4.45	1.34	6	1	2.84	25.27	24.63	25.28	499.98	499.80	12.978	17.354	40.86	54.64	599.9	-0	7	101.8	-1.56	-0.0657	1.0	111115
187	"13:11:56"	408.0	-2.05	0.372	499	4.46	1.34	6	1	2.84	25.27	24.63	25.28	500.02	499.85	12.975	17.354	40.86	54.65	599.9	-0	7	101.8	-1.56	-0.0657	1.0	111115
188	"13:11:57"	409.0	-2.02	0.372	499	4.45	1.34	6	1	2.84	25.27	24.63	25.28	500.06	499.85	12.974	17.350	40.86	54.64	599.9	0	7	101.8	-1.56	-0.0657	1.0	111115
189	"13:11:58"	410.5	-2.16	0.373	500	4.46	1.34	6	1	2.84	25.27	24.62	25.28	499.99	499.93	12.971	17.351	40.85	54.64	600.1	0	7	101.8	-1.56	-0.0657	1.0	111115
190	"13:11:59"	411.5	-2.15	0.373	500	4.46	1.34	6	1	2.84	25.27	24.62	25.28	499.97	499.89	12.970	17.347	40.85	54.63	600.2	0	7	101.8	-1.56	-0.0657	1.0	111115
191	"13:12:01"	413.0	-2.11	0.373	499	4.46	1.34	6	1	2.84	25.27	24.61	25.28	499.98	499.87	12.968	17.347	40.85	54.64	600.3	0	7	101.8	-1.56	-0.0657	1.0	111115
192	"13:12:02"	414.0	-2.04	0.373	499	4.45	1.34	6	1	2.84	25.27	24.62	25.28	500.01	499.82	12.967	17.342	40.84	54.62	600.2	0	7	101.8	-1.56	-0.0657	1.0	111115
193	"13:12:03"	415.5	-2.09	0.373	499	4.45	1.34	6	1	2.84	25.27	24.62	25.27	499.98	499.84	12.965	17.342	40.84	54.63	600.0	0	7	101.8	-1.56	-0.0657	1.0	111115
194	"13:12:04"	416.5	-2.16	0.373	500	4.45	1.34	6	1	2.84	25.27	24.62	25.27	499.94	499.88	12.964	17.341	40.84	54.63	599.9	0	7	101.8	-1.56	-0.0657	1.0	111115
195	"13:12:06"	418.0	-2.14	0.372	499	4.45	1.34	6	1	2.84	25.27	24.62	25.27	499.97	499.89	12.963	17.340	40.84	54.62	599.9	0	7	101.8	-1.56	-0.0657	1.0	111115
196	"13:12:07"	419.0	-2.09	0.373	499	4.46	1.34	6	1	2.84	25.26	24.62	25.27	500.00	499.87	12.961	17.342	40.83	54.63	599.9	0	7	101.8	-1.56	-0.0657	1.0	111115
197	"13:12:08"	420.5	-2.12	0.373	499	4.46	1.34	6	1	2.84	25.26	24.62	25.27	499.99	499.88	12.958	17.339	40.82	54.63	599.9	0	7	101.8	-1.56	-0.0657	1.0	111115
198	"13:12:09"	421.5	-2.22	0.373	500	4.46	1.34	6	1	2.84	25.26	24.62	25.27	499.92	499.92	12.955	17.337	40.82	54.63	600.0	0	7	101.8	-1.56	-0.0657	1.0	111115
199	"13:12:11"	423.0	-2.22	0.372	500	4.45	1.34	6	1	2.84	25.26	24.62	25.27	499.92	499.91	12.954	17.329	40.82	54.60	600.0	0	7	101.8	-1.56	-0.0657	1.0	111115
200	"13:12:12"	424.0	-2.19	0.372	500	4.45	1.34	6	1	2.84	25.26	24.62	25.27	499.93	499.90	12.952	17.330	40.81	54.61	599.9	0	7	101.8	-1.56	-0.0657	1.0	111115
201	"13:12:13"	425.5	-1.97	0.372	499	4.45	1.34	6	1	2.84	25.26	24.62	25.27	500.06	499.81	12.950	17.327	40.81	54.60	599.9	-0	7	101.8	-1.56	-0.0657	1.0	111115
202	"13:12:14"	426.5	-2	0.373	499	4.46	1.34	6	1	2.84	25.26	24.62	25.27	500.03	499.80	12.947	17.329	40.80	54.61	599.9	-0	7	101.8	-1.56	-0.0657	1.0	111115
203	"13:12:16"	428.0	-2.02	0.374	499	4.47	1.34	6	1	2.84	25.26	24.61	25.27	500.04	499.83	12.944	17.335	40.80	54.63	599.9	-0	7	101.8	-1.56	-0.0657	0.7	111115
204	"13:12:17"	429.0	-2.11	0.374	499	4.47	1.34	6	1	2.84	25.26	24.61	25.26	500.00	499.88	12.942	17.337	40.79	54.64	600.0	0	7	101.8	-1.56	-0.0657	0.7	111115
205	"13:12:18"	430.5	-2.06	0.375	499	4.47	1.34	6	1	2.84	25.26	24.61	25.26	500.02	499.85	12.941	17.338	40.79	54.65	600.0	-0	7	101.8	-1.56	-0.0657	1.0	111115
206	"13:12:20"	431.5	-2.05	0.374	499	4.46	1.34	6	1	2.84	25.26	24.61	25.26	500.02	499.84	12.941	17.328	40.79	54.62	600.0	0	7	101.8	-1.56	-0.0657	1.0	111115
207	"13:12:21"	433.0	-2.03	0.374	499	4.46	1.34	6	1	2.84	25.25	24.61	25.26	500.00	499.80	12.940	17.325	40.79	54.62	600.0	0	7	101.8	-1.56	-0.0657	1.0	111115
208	"13:12:22"	434.0	-2.09	0.373	499	4.46	1.34	6	1	2.84	25.25	24.61	25.26	499.97	499.83	12.938	17.322	40.79	54.61	600.0	0	7	101.8	-1.56	-0.0657	1.0	111115
209	"13:12:23"	435.5	-2.16	0.373	500	4.46	1.34	6	1	2.84	25.25	24.61	25.26	499.93	499.86	12.934	17.319	40.78	54.60	600.1	0	7	101.8	-1.56	-0.0657	1.0	111115
210	"13:12:24"	436.5	-2.15	0.373	499	4.46	1.34	6	1	2.84	25.25	24.61	25.26	499.93	499.84	12.933	17.319	40.78	54.61	600.1	-0	7	101.8	-1.56	-0.0657	1.0	111115
211	"13:12:26"	438.0	-2.17	0.374	500	4.47	1.34	6	1	2.84	25.25	24.60	25.26	499.90	499.83	12.929	17.319	40.77	54.61	600.0	-0	7	101.8	-1.56	-0.0657	1.0	111115
212	"13:12:27"	439.0	-2.24	0.374	500	4.47	1.34	6	1	2.84	25.25	24.60	25.26	499.83	499.84	12.928	17.317	40.77	54.61	600.0	-0	7	101.8	-1.56	-0.0657	1.0	111115
213	"13:12:28"	440.5	-2.29	0.374	500	4.46	1.34	6	1	2.84	25.25	24.60	25.25	499.84	499.89	12.926	17.311	40.76	54.59	600.0	0	7	101.8	-1.56	-0.0657	1.0	111115
214	"13:12:29"	441.5	-2.25	0.373	500	4.46	1.34	6	1	2.84	25.25	24.60	25.25	499.88	499.90	12.925	17.309	40.76	54.59	600.0	0	7	101.8	-1.56	-0.0657	1.0	111115
215	"13:12:31"	443.0	-2.25	0.373	500	4.46	1.34	6	1	2.84	25.25	24.60	25.25	499.91	499.93	12.922	17.308	40.76	54.59	600.0	0	7	101.8	-1.56	-0.0657	1.0	111115
216	"13:12:32"	444.0	-2.25	0.374	500	4.47	1.34	6	1	2.84	25.24	24.60	25.25	499.92	499.93	12.919	17.309	40.75	54.60	600.0	0	7	101.8	-1.56	-0.0657	1.0	111115
217	"13:12:33"	445.5	-2.34	0.374	500	4.47	1.34	6	1	2.84	25.24	24.60	25.25	499.86	499.96	12.917	17.306	40.75	54.59	600.0	0	7	101.8	-1.56	-0.0657	1.0	111115
218	"13:12:34"	446.5	-2.31	0.374	500	4.47	1.34	6	1	2.84	25.24	24.60	25.25	499.87	499.94	12.916	17.308	40.74	54.60	600.0	0	7	101.8	-1.56	-0.0657	1.0	111115
219	"13:12:36"	448.0	-2.14	0.374	499	4.47	1.34	6	1	2.84	25.24	24.60	25.25	499.96	499.87	12.914	17.304	40.74	54.59	600.0	-0	7	101.8	-1.56	-0.0657	1.0	111115
220	"13:12:37"	449.0	-2.1	0.374	499	4.47	1.34	6	1	2.84	25.24	24.60	25.25	499.97	499.84	12.913	17.305	40.74	54.60	599.9	0	7	101.8	-1.56	-0.0657	1.0	111115
221	"13:12:38"	450.5	-2.18	0.374	500	4.47	1.34	6	1	2.84	25.24	24.59	25.25	499.93	499.87	12.911	17.304	40.74	54.60	600.0	-0	7	101.8	-1.56	-0.0657	1.0	111115
222	"13:12:39"	451.5	-2.24	0.375	500	4.47	1.34	6	1	2.84	25.24	24.59	25.25	499.91	499.91	12.910	17.305	40.73	54.60	600.0	-0	7	101.8	-1.56	-0.0657	1.0	111115
223	"13:12:41"	453.0	-2.24	0.374	500	4.47	1.34	6	1	2.84	25.24	24.59	25.25	499.92	499.93	12.908	17.299	40.73	54.59	600.0	0	7	101.8	-1.56	-0.0657	1.0	111115
224	"13:12:42"	454.0	-2.22	0.374	500	4.47	1.34	6	1	2.84	25.24	24.59	25.24	499.93	499.92	12.906	17.299	40.73	54.59	600.0	0	7	101.8	-1.56	-0.0657	1.0	111115
225	"13:12:43"	455.5	-2.1	0.374	499	4.47	1.34	6	1	2.84	25.24	24.59	25.24	500.00	499.87	12.905	17.295	40.72	54.58	600.0	0	7	101.8	-1.56	-0.0657	1.0	111115
226	"13:12:44"	456.5	-2.13	0.375	499	4.47	1.34	6	1	2.84	25.23	24.58	25.24	499.97	499.87	12.903	17.296	40.72	54.59	599.9	0	7	101.8	-1.56	-0.0657	1.0	111115
227	"13:12:46"	458.0	-2.1	0.375	499	4.47	1.34	6	1	2.84	25.23	24.58	25.24	499.95	499.82	12.900	17.294	40.72	54.58	599.9	-0	7	101.8	-1.56	-0.0657	1.0	111115
228	"13:12:47"	459.0	-2.12	0.375	499	4.47	1.34	6	1	2.84	25.23	24.58	25.24	499.93	499.82	12.898	17.294	40.71	54.59	600.0	-0	7	101.8	-1.56	-0.0657	1.0	111115
229	"13:12:48"	460.5	-2.21	0.376	500	4.48	1.34	6	1	2.84	25.23	24.58	25.24	499.88	499.85	12.895	17.294	40.70	54.59	600.0	0	8	101.8	-1.56	-0.0657	1.0	111115
230	"13:12:49"	461.5	-2.23	0.375	500	4.48	1.34	6	1	2.84	25.23	24.58	25.24	499.90	499.90	12.894	17.293	40.70	54.59	600.0	0	8	101.8	-1.56	-0.0657	1.0	111115
231	"13:12:51"	463.0	-2.33	0.375	500	4.48	1.34	6	1	2.84	25.23	24.58	25.24	499.86	499.96	12.891	17.290	40.70	54.58	600.1	0	8	101.8	-1.56	-0.0657	1.0	111115
232	"13:12:52"	464.0	-2.33	0.375	500	4.48	1.34	6	1	2.84	25.23	24.58	25.24	499.86	499.95	12.890	17.289	40.70	54.58	600.0	0	8	101.8	-1.56	-0.0657	1.0	111115
233	"13:12:53"	465.5	-2.17	0.375	500	4.47	1.34	6	1	2.84	25.23	24.58	25.23	499.90	499.84	12.889	17.285	40.70	54.57	600.0	0	8	101.8	-1.56	-0.0657	1.0	111115
234	"13:12:54"	466.5	-2.11	0.375	499	4.47	1.34	6	1	2.84	25.23	24.58	25.23	499.92	499.79	12.888	17.284	40.69	54.58	600.0	0	8	101.8	-1.56	-0.0657	1.0	111115
235	"13:12:56"	468.0	-2	0.375	499	4.47	1.34	6	1	2.84	25.23	24.58	25.23	499.98	499.75	12.885	17.280	40.69	54.57	599.9	0	8	101.8	-1.56	-0.0657	1.0	111115
236	"13:12:57"	469.0	-1.98	0.375	499	4.47	1.34	6	1	2.84	25.22	24.58	25.23	500.00	499.74	12.883	17.279	40.68	54.56	599.9	-0	8	101.8	-1.56	-0.0657	1.0	111115
237	"13:12:58"	470.5	-2.04	0.375	499	4.47	1.34	6	1	2.84	25.22	24.57	25.23	499.97	499.78	12.880	17.276	40.68	54.56	599.9	-0	8	101.8	-1.56	-0.0657	1.0	111115
238	"13:12:59"	471.5	-2.05	0.375	499	4.47	1.34	6	1	2.84	25.22	24.57	25.23	499.96	499.78	12.879	17.275	40.68	54.56	599.9	-0	8	101.8	-1.56	-0.0657	1.0	111115
239	"13:13:01"	473.0	-2.09	0.375	499	4.47	1.34	6	1	2.84	25.22	24.57	25.23	499.91	499.77	12.877	17.270	40.67	54.55	599.9	-0	8	101.8	-1.56	-0.0657	1.0	111115
240	"13:13:02"	474.0	-2.16	0.375	499	4.47	1.34	6	1	2.84	25.22	24.57	25.23	499.90	499.82	12.877	17.271	40.68	54.55	600.0	-0	8	101.8	-1.56	-0.0657	1.0	111115
241	"13:13:03"	475.5	-2.14	0.375	499	4.47	1.34	6	1	2.84	25.22	24.57	25.23	499.95	499.86	12.876	17.272	40.67	54.56	600.0	-0	8	101.8	-1.56	-0.0657	1.0	111115
242	"13:13:04"	476.5	-2.17	0.375	500	4.48	1.34	6	1	2.84	25.22	24.57	25.23	499.95	499.89	12.874	17.272	40.67	54.56	599.9	0	8	101.8	-1.56	-0.0657	1.0	111115
