"OPEN 5.3.2"
"Thr Aug  2 2018 09:41:50"
"Unit="	"PSC-895"
"ComputeList="	"/User/Configs/Comps/Default"
"BLCTable="	"/Sys/Lib/StdBLCTable"
"LightSource="	"Sun+Sky"	1	0.19
"LogFormat="	"/User/Configs/LogFormats/Std Output"
"LogCodes="	-35	-21	-36	30	23	36	21	25	-33	-34	-32	-9	-10	-8	-1	-2	-4	-5	-14	-15	-7	-12	-13	-11	-65	-66	-72	-23
"PromptList="	"/User/Configs/Prompts/Default (none)"
"Stability= (CO2S 15s SLP<1)(H2OS 15s SLP<1)(Flow 15s SLP<1)"
"09:41:52 cut. matched before hand.tteststabe co2 at 500.flow 600. full scrub"
$STARTOFDATA$
"Obs"	"HHMMSS"	"FTime"	"Photo"	"Cond"	"Ci"	"Trmmol"	"VpdL"	"Area"	"StmRat"	"BLCond"	"Tair"	"Tleaf"	"TBlk"	"CO2R"	"CO2S"	"H2OR"	"H2OS"	"RH_R"	"RH_S"	"Flow"	"PARi"	"PARo"	"Press"	"CsMch"	"HsMch"	"StableF"	"Status"
1	"09:41:53"	24.0	-13.2	0.862	508	20.9	3.07	6	1	2.84	38.05	37.11	38.09	499.02	501.75	12.000	32.257	18.27	49.11	600.0	-0	82	101.6	16.7	0.114	0.3	111115
2	"09:42:24"	56.0	-21.9	0.756	541	19.4	3.16	6	1	2.84	37.94	37.02	38.01	498.85	510.78	12.200	31.039	18.69	47.54	599.9	0	59	101.6	16.7	0.114	0.7	111115
3	"09:42:25"	56.5	-21.8	0.755	541	19.4	3.16	6	1	2.84	37.94	37.01	38.01	498.93	510.78	12.201	31.027	18.69	47.53	599.9	-0	58	101.6	16.7	0.114	0.3	111115
4	"09:42:26"	57.5	-21.7	0.754	541	19.4	3.15	6	1	2.84	37.94	37.00	38.00	499.03	510.81	12.203	30.998	18.70	47.49	600.0	-0	58	101.6	16.7	0.114	0.0	111115
5	"09:42:28"	59.5	-21.2	0.75	540	19.3	3.16	6	1	2.84	37.93	37.00	38.00	499.37	510.73	12.212	30.942	18.71	47.42	600.0	-0	56	101.6	16.7	0.114	0.0	111115
6	"09:42:29"	60.5	-21.1	0.745	540	19.3	3.16	6	1	2.84	37.93	36.99	38.00	499.60	510.88	12.219	30.893	18.73	47.35	600.1	-0	55	101.6	16.7	0.114	0.0	111115
7	"09:42:30"	62.0	-20.9	0.74	540	19.2	3.17	6	1	2.84	37.92	37.00	37.99	499.82	510.91	12.228	30.835	18.75	47.27	600.0	-0	54	101.6	16.7	0.114	0.3	111115
8	"09:42:31"	63.0	-21	0.736	540	19.1	3.18	6	1	2.84	37.92	37.00	37.99	499.82	511.06	12.233	30.790	18.76	47.21	600.1	-0	54	101.6	16.7	0.114	0.3	111115
9	"09:42:33"	64.5	-21	0.732	540	19.1	3.18	6	1	2.84	37.91	36.99	37.98	499.86	511.09	12.242	30.737	18.78	47.15	600.0	-0	53	101.6	16.7	0.114	0.3	111115
10	"09:42:34"	65.5	-21.2	0.729	541	19	3.18	6	1	2.84	37.91	36.99	37.98	499.89	511.33	12.248	30.708	18.79	47.11	600.0	-0	53	101.6	16.7	0.114	0.3	111115
11	"09:42:35"	67.0	-21.3	0.725	542	19	3.18	6	1	2.84	37.90	36.99	37.97	499.89	511.49	12.257	30.655	18.81	47.04	600.0	-0	55	101.6	16.7	0.114	0.3	111115
12	"09:42:36"	68.0	-21.5	0.723	543	18.9	3.19	6	1	2.84	37.90	36.98	37.97	499.83	511.66	12.263	30.620	18.82	47.00	600.0	-0	62	101.6	16.7	0.114	0.3	111115
13	"09:42:38"	69.5	-21.4	0.718	543	18.9	3.19	6	1	2.84	37.90	36.97	37.96	499.85	511.58	12.273	30.558	18.84	46.92	600.0	-0	70	101.6	16.7	0.114	0.3	111115
14	"09:42:39"	71.0	-21.3	0.715	543	18.8	3.19	6	1	2.84	37.89	36.96	37.96	499.88	511.58	12.282	30.511	18.86	46.86	600.0	-0	77	101.6	16.7	0.114	0.3	111115
15	"09:42:40"	72.0	-21.2	0.713	542	18.8	3.19	6	1	2.84	37.89	36.96	37.95	499.93	511.50	12.287	30.484	18.87	46.82	600.0	-0	82	101.6	16.7	0.114	0.3	111115
16	"09:42:42"	73.5	-21.4	0.71	543	18.7	3.2	6	1	2.84	37.88	36.96	37.95	499.86	511.69	12.293	30.439	18.89	46.76	600.1	-0	91	101.6	16.7	0.114	0.3	111115
17	"09:42:43"	74.0	-21.5	0.708	544	18.7	3.2	6	1	2.84	37.88	36.96	37.95	499.86	511.74	12.295	30.426	18.89	46.75	600.1	-0	93	101.6	16.7	0.114	0.3	111115
18	"09:42:44"	76.0	-21.5	0.704	544	18.6	3.2	6	1	2.84	37.88	36.96	37.94	499.93	511.94	12.304	30.373	18.91	46.68	600.0	-0	99	101.6	16.7	0.114	0.3	111115
19	"09:42:45"	76.5	-21.4	0.702	544	18.6	3.21	6	1	2.84	37.87	36.96	37.94	500.01	511.90	12.307	30.356	18.92	46.66	600.0	-0	99	101.6	16.7	0.114	0.3	111115
20	"09:42:47"	78.5	-21.5	0.697	544	18.5	3.21	6	1	2.84	37.87	36.96	37.94	500.03	512.01	12.318	30.296	18.94	46.58	600.0	-0	98	101.6	16.7	0.114	0.3	111115
21	"09:42:48"	79.5	-21.6	0.694	545	18.5	3.21	6	1	2.84	37.87	36.95	37.93	499.94	512.02	12.324	30.258	18.95	46.53	600.0	-0	98	101.6	16.7	0.114	0.3	111115
22	"09:42:49"	81.0	-21.7	0.691	546	18.4	3.22	6	1	2.84	37.86	36.95	37.93	499.86	512.12	12.333	30.206	18.97	46.46	600.0	-0	98	101.6	16.7	0.114	0.3	111115
23	"09:42:50"	81.5	-21.7	0.689	546	18.4	3.22	6	1	2.84	37.86	36.94	37.93	499.85	512.12	12.336	30.186	18.97	46.43	600.0	-0	98	101.6	16.7	0.114	0.3	111115
24	"09:42:52"	83.5	-21.7	0.685	546	18.3	3.22	6	1	2.84	37.86	36.94	37.92	499.88	512.16	12.346	30.137	19.00	46.37	600.0	-0	98	101.6	16.7	0.114	0.3	111115
25	"09:42:53"	84.0	-21.8	0.684	546	18.3	3.22	6	1	2.84	37.85	36.94	37.92	499.88	512.26	12.348	30.126	19.00	46.36	600.0	-0	98	101.6	16.7	0.114	0.3	111115
26	"09:42:54"	85.0	-21.6	0.682	546	18.3	3.23	6	1	2.84	37.85	36.94	37.92	499.94	512.22	12.354	30.094	19.01	46.31	600.0	-0	98	101.6	16.7	0.114	0.3	111115
27	"09:42:55"	87.0	-21.5	0.677	546	18.2	3.23	6	1	2.84	37.85	36.94	37.91	499.96	512.16	12.363	30.034	19.03	46.23	600.0	-0	96	101.6	16.7	0.114	0.3	111115
28	"09:42:56"	88.0	-21.5	0.674	546	18.2	3.24	6	1	2.84	37.84	36.94	37.91	499.93	512.12	12.369	29.998	19.04	46.18	600.0	-0	95	101.6	16.7	0.114	0.3	111115
29	"09:42:58"	89.5	-21.6	0.67	547	18.1	3.24	6	1	2.84	37.84	36.94	37.90	499.88	512.21	12.376	29.944	19.06	46.11	600.0	-0	95	101.6	16.7	0.114	0.3	111115
30	"09:42:59"	90.5	-21.7	0.667	547	18.1	3.24	6	1	2.84	37.84	36.94	37.90	499.84	512.28	12.383	29.910	19.07	46.06	600.0	-0	97	101.6	16.7	0.114	0.3	111115
31	"09:43:00"	91.0	-21.6	0.666	547	18	3.24	6	1	2.84	37.84	36.93	37.90	499.89	512.28	12.386	29.893	19.08	46.04	600.0	-0	97	101.6	16.7	0.114	0.3	111115
32	"09:43:01"	93.0	-21.7	0.662	547	18	3.25	6	1	2.84	37.83	36.93	37.90	499.82	512.26	12.398	29.838	19.10	45.97	600.1	-0	97	101.6	16.7	0.114	0.3	111115
33	"09:43:02"	94.0	-21.6	0.659	548	17.9	3.25	6	1	2.84	37.83	36.93	37.89	499.84	512.29	12.403	29.809	19.11	45.93	600.1	-0	98	101.6	16.7	0.114	0.3	111115
34	"09:43:04"	95.5	-21.6	0.656	548	17.9	3.26	6	1	2.84	37.83	36.93	37.89	499.85	512.29	12.411	29.773	19.12	45.88	600.1	-0	95	101.6	16.7	0.114	0.3	111115
35	"09:43:05"	97.0	-21.6	0.653	548	17.8	3.26	6	1	2.84	37.82	36.94	37.88	499.90	512.34	12.419	29.734	19.14	45.83	600.0	-0	88	101.6	16.7	0.114	0.3	111115
36	"09:43:06"	98.0	-21.5	0.651	548	17.8	3.26	6	1	2.84	37.82	36.94	37.88	499.91	512.30	12.424	29.714	19.15	45.80	600.0	-0	85	101.6	16.7	0.114	0.7	111115
37	"09:43:08"	99.5	-21.4	0.648	548	17.8	3.27	6	1	2.84	37.82	36.93	37.88	500.01	512.28	12.432	29.671	19.17	45.74	600.0	-0	87	101.6	16.7	0.114	0.7	111115
38	"09:43:09"	100.5	-21.4	0.646	548	17.7	3.27	6	1	2.84	37.82	36.93	37.88	500.04	512.33	12.438	29.646	19.18	45.71	600.0	-0	93	101.6	16.7	0.114	0.7	111115
39	"09:43:10"	102.0	-21.3	0.644	548	17.7	3.27	6	1	2.84	37.81	36.92	37.87	500.07	512.30	12.446	29.612	19.19	45.66	600.0	-0	98	101.6	16.7	0.114	0.7	111115
40	"09:43:11"	103.0	-21.4	0.642	548	17.7	3.27	6	1	2.84	37.81	36.92	37.87	500.01	512.37	12.452	29.589	19.20	45.63	600.0	-0	100	101.6	16.7	0.114	0.7	111115
41	"09:43:13"	104.5	-21.6	0.639	549	17.6	3.28	6	1	2.84	37.81	36.92	37.87	499.92	512.49	12.460	29.548	19.22	45.58	600.0	-0	102	101.6	16.7	0.114	0.7	111115
42	"09:43:14"	105.0	-21.7	0.638	550	17.6	3.28	6	1	2.84	37.81	36.92	37.87	499.93	512.66	12.462	29.539	19.22	45.57	600.0	-0	102	101.6	16.7	0.114	0.7	111115
43	"09:43:15"	107.0	-21.7	0.634	550	17.5	3.28	6	1	2.84	37.80	36.92	37.86	499.85	512.61	12.472	29.491	19.24	45.50	599.9	-0	103	101.6	16.7	0.114	0.7	111115
44	"09:43:16"	108.0	-21.6	0.633	549	17.5	3.28	6	1	2.84	37.80	36.92	37.86	499.86	512.47	12.478	29.475	19.26	45.48	599.9	-0	104	101.6	16.7	0.114	0.7	111115
45	"09:43:18"	109.5	-21.5	0.63	549	17.5	3.28	6	1	2.84	37.80	36.92	37.86	499.81	512.35	12.487	29.440	19.27	45.44	600.0	-0	104	101.6	16.7	0.114	0.7	111115
46	"09:43:19"	110.5	-21.4	0.628	549	17.4	3.29	6	1	2.84	37.80	36.92	37.85	499.95	512.38	12.493	29.414	19.28	45.40	600.0	-0	104	101.6	16.7	0.114	0.7	111115
47	"09:43:20"	112.0	-21.1	0.626	548	17.4	3.29	6	1	2.84	37.79	36.91	37.85	500.09	512.27	12.501	29.377	19.30	45.35	600.0	-0	103	101.6	16.7	0.114	0.7	111115
48	"09:43:21"	113.0	-21.1	0.624	549	17.4	3.29	6	1	2.84	37.79	36.91	37.85	500.12	512.33	12.506	29.357	19.31	45.33	600.0	-0	102	101.6	16.7	0.114	0.7	111115
49	"09:43:23"	114.5	-21.2	0.622	549	17.3	3.29	6	1	2.84	37.79	36.91	37.85	500.04	512.37	12.515	29.329	19.33	45.29	600.0	-0	99	101.6	16.7	0.114	0.7	111115
50	"09:43:24"	115.5	-21.3	0.62	550	17.3	3.3	6	1	2.84	37.79	36.92	37.84	499.95	512.42	12.521	29.313	19.34	45.27	600.0	-0	100	101.6	16.7	0.114	0.7	111115
51	"09:43:25"	117.0	-21.4	0.617	550	17.3	3.3	6	1	2.84	37.78	36.92	37.84	499.90	512.44	12.529	29.281	19.35	45.23	600.0	-0	102	101.6	16.7	0.114	0.7	111115
52	"09:43:27"	118.5	-21.5	0.615	551	17.2	3.3	6	1	2.84	37.78	36.92	37.84	499.81	512.52	12.537	29.253	19.37	45.19	600.0	-0	104	101.6	16.7	0.114	0.7	111115
53	"09:43:28"	119.5	-21.4	0.614	550	17.2	3.3	6	1	2.84	37.78	36.91	37.84	499.89	512.49	12.542	29.235	19.38	45.17	600.0	-0	104	101.6	16.7	0.114	0.7	111115
54	"09:43:29"	121.0	-21.3	0.612	550	17.2	3.31	6	1	2.84	37.78	36.91	37.83	499.92	512.46	12.550	29.205	19.39	45.13	600.0	-0	106	101.6	16.7	0.114	0.7	111115
55	"09:43:30"	122.0	-21.2	0.611	550	17.1	3.31	6	1	2.84	37.77	36.90	37.83	499.96	512.41	12.555	29.185	19.40	45.10	600.0	-0	107	101.6	16.7	0.114	0.7	111115
56	"09:43:32"	123.5	-21	0.609	549	17.1	3.31	6	1	2.84	37.77	36.90	37.83	499.96	512.20	12.566	29.158	19.42	45.07	600.0	-0	106	101.6	16.7	0.114	0.7	111115
57	"09:43:33"	124.5	-21	0.608	550	17.1	3.31	6	1	2.84	37.77	36.89	37.83	500.02	512.30	12.574	29.145	19.44	45.05	600.0	-0	106	101.6	16.7	0.114	0.7	111115
58	"09:43:34"	126.0	-21.1	0.607	550	17	3.31	6	1	2.84	37.77	36.88	37.82	500.04	512.41	12.586	29.120	19.46	45.02	600.0	-0	107	101.6	16.7	0.114	0.7	111115
59	"09:43:35"	127.0	-21.3	0.605	551	17	3.31	6	1	2.84	37.77	36.88	37.82	500.01	512.63	12.593	29.103	19.47	45.00	600.0	0	107	101.6	16.7	0.114	0.7	111115
60	"09:43:36"	127.5	-21.2	0.605	551	17	3.31	6	1	2.84	37.77	36.88	37.82	500.05	512.56	12.597	29.092	19.48	44.98	600.0	0	107	101.6	16.7	0.114	0.7	111115
61	"09:43:38"	129.5	-21	0.602	550	16.9	3.31	6	1	2.84	37.76	36.88	37.82	499.97	512.34	12.609	29.057	19.50	44.94	600.0	0	104	101.6	16.7	0.114	0.7	111115
62	"09:43:39"	131.0	-21	0.6	550	16.9	3.31	6	1	2.84	37.76	36.88	37.81	499.91	512.23	12.620	29.031	19.52	44.91	600.0	-0	102	101.6	16.7	0.114	0.7	111115
63	"09:43:40"	132.0	-20.9	0.599	550	16.9	3.31	6	1	2.84	37.76	36.88	37.81	499.87	512.17	12.627	29.019	19.53	44.89	600.1	-0	101	101.6	16.7	0.114	0.7	111115
64	"09:43:42"	133.5	-20.9	0.596	550	16.8	3.32	6	1	2.84	37.75	36.88	37.81	499.83	512.15	12.636	28.991	19.55	44.85	600.0	-0	101	101.6	16.7	0.114	0.7	111115
65	"09:43:43"	134.0	-20.8	0.595	550	16.8	3.32	6	1	2.84	37.75	36.88	37.81	499.87	512.08	12.639	28.982	19.56	44.84	600.0	-0	101	101.6	16.7	0.114	0.7	111115
66	"09:43:44"	136.0	-20.9	0.592	550	16.8	3.32	6	1	2.84	37.75	36.88	37.81	499.87	512.15	12.653	28.939	19.58	44.79	600.0	-0	99	101.6	16.7	0.114	0.3	111115
67	"09:43:45"	137.0	-20.9	0.59	551	16.7	3.33	6	1	2.84	37.75	36.88	37.80	499.90	512.22	12.659	28.921	19.59	44.76	600.0	-0	99	101.6	16.7	0.114	0.3	111115
68	"09:43:46"	137.5	-20.8	0.589	550	16.7	3.33	6	1	2.84	37.75	36.88	37.80	499.92	512.17	12.663	28.908	19.60	44.74	600.0	-0	99	101.6	16.7	0.114	0.3	111115
69	"09:43:48"	139.5	-20.6	0.587	550	16.7	3.33	6	1	2.84	37.74	36.87	37.80	499.99	512.08	12.678	28.879	19.63	44.71	600.0	-0	101	101.6	16.7	0.114	0.7	111115
70	"09:43:49"	141.0	-20.5	0.586	549	16.6	3.33	6	1	2.84	37.74	36.86	37.79	500.00	511.98	12.688	28.853	19.65	44.68	600.0	-0	101	101.6	16.7	0.114	0.3	111115
71	"09:43:50"	142.0	-20.5	0.585	550	16.6	3.33	6	1	2.84	37.74	36.86	37.79	499.98	511.99	12.694	28.845	19.66	44.67	600.0	-0	101	101.6	16.7	0.114	0.3	111115
72	"09:43:52"	143.5	-20.8	0.583	551	16.6	3.33	6	1	2.84	37.73	36.86	37.79	499.94	512.21	12.702	28.819	19.67	44.64	600.0	-0	101	101.6	16.7	0.114	0.3	111115
73	"09:43:53"	144.5	-20.9	0.583	551	16.6	3.33	6	1	2.84	37.73	36.86	37.79	499.87	512.26	12.708	28.808	19.69	44.62	600.0	-0	101	101.6	16.7	0.114	0.3	111115
74	"09:43:54"	146.0	-21	0.58	552	16.5	3.33	6	1	2.84	37.73	36.86	37.79	499.84	512.35	12.717	28.787	19.70	44.60	600.0	-0	101	101.6	16.7	0.114	0.7	111115
75	"09:43:55"	147.0	-21	0.58	552	16.5	3.33	6	1	2.84	37.73	36.86	37.78	499.90	512.39	12.723	28.779	19.71	44.59	600.1	-0	101	101.6	16.7	0.114	1.0	111115
76	"09:43:56"	147.5	-21	0.579	552	16.5	3.33	6	1	2.84	37.73	36.86	37.78	499.90	512.39	12.726	28.777	19.72	44.59	600.1	-0	101	101.6	16.7	0.114	1.0	111115
77	"09:43:58"	149.5	-20.7	0.578	551	16.5	3.34	6	1	2.84	37.72	36.86	37.78	499.99	512.24	12.738	28.760	19.74	44.57	600.0	-0	101	101.6	16.7	0.114	1.0	111115
78	"09:43:59"	151.0	-20.7	0.576	551	16.5	3.34	6	1	2.84	37.72	36.87	37.78	499.99	512.22	12.747	28.748	19.76	44.56	599.9	-0	101	101.6	16.7	0.114	1.0	111115
79	"09:44:00"	152.0	-20.8	0.576	552	16.5	3.34	6	1	2.84	37.72	36.86	37.77	499.93	512.31	12.753	28.746	19.77	44.56	600.0	-0	101	101.6	16.7	0.114	1.0	111115
80	"09:44:02"	153.5	-20.8	0.575	552	16.4	3.34	6	1	2.84	37.72	36.86	37.77	499.99	512.32	12.763	28.727	19.79	44.54	600.1	-0	101	101.6	16.7	0.114	1.0	111115
81	"09:44:03"	154.5	-20.8	0.575	552	16.4	3.34	6	1	2.84	37.71	36.86	37.77	499.99	512.33	12.769	28.726	19.80	44.54	600.0	-0	100	101.6	16.7	0.114	1.0	111115
82	"09:44:04"	155.0	-20.6	0.574	551	16.4	3.34	6	1	2.84	37.71	36.86	37.77	499.99	512.22	12.772	28.716	19.80	44.53	600.0	-0	99	101.6	16.7	0.114	1.0	111115
83	"09:44:05"	157.0	-20.3	0.572	550	16.4	3.34	6	1	2.84	37.71	36.85	37.76	500.08	512.00	12.784	28.694	19.83	44.50	600.0	-0	101	101.6	16.7	0.114	1.0	111115
84	"09:44:07"	158.5	-20.5	0.57	551	16.3	3.34	6	1	2.84	37.71	36.85	37.76	499.94	512.10	12.791	28.661	19.84	44.46	600.0	-0	104	101.6	16.7	0.114	1.0	111115
85	"09:44:08"	159.5	-20.9	0.568	553	16.3	3.34	6	1	2.84	37.70	36.85	37.76	499.72	512.27	12.794	28.633	19.85	44.42	600.0	-0	107	101.6	16.7	0.114	1.0	111115
86	"09:44:09"	160.0	-20.9	0.566	553	16.3	3.35	6	1	2.84	37.70	36.85	37.76	499.67	512.20	12.795	28.605	19.85	44.38	600.0	-0	108	101.6	16.7	0.114	1.0	111115
87	"09:44:10"	162.0	-21.3	0.552	555	16	3.37	6	1	2.84	37.70	36.86	37.75	499.37	512.41	12.792	28.379	19.85	44.03	600.0	-0	122	101.6	16.7	0.114	1.0	111115
88	"09:44:11"	162.5	-21.1	0.546	555	15.9	3.38	6	1	2.84	37.70	36.86	37.75	499.40	512.35	12.792	28.289	19.85	43.90	600.0	-0	127	101.6	16.7	0.114	0.7	111115
89	"09:44:13"	164.5	-20.3	0.52	555	15.5	3.42	6	1	2.84	37.69	36.85	37.75	499.61	511.94	12.795	27.858	19.86	43.24	600.1	-0	415	101.6	16.7	0.114	0.7	111115
90	"09:44:14"	165.5	-20	0.508	555	15.3	3.44	6	1	2.84	37.69	36.84	37.75	499.71	511.86	12.800	27.643	19.87	42.91	600.1	-0	607	101.6	16.7	0.114	0.7	111115
91	"09:44:15"	166.0	-19.8	0.502	555	15.2	3.45	6	1	2.84	37.69	36.84	37.75	499.72	511.76	12.802	27.550	19.87	42.77	600.1	-0	723	101.6	16.7	0.114	0.3	111115
92	"09:44:16"	168.0	-19.6	0.487	556	14.9	3.48	6	1	2.84	37.69	36.84	37.74	499.64	511.63	12.833	27.297	19.93	42.39	600.0	-0	988	101.6	16.7	0.114	0.3	111115
93	"09:44:18"	169.5	-19.8	0.482	557	14.8	3.48	6	1	2.84	37.68	36.84	37.74	499.53	511.79	12.862	27.228	19.97	42.28	600.0	-0	1056	101.6	16.7	0.114	0.3	111115
94	"09:44:19"	170.0	-19.9	0.481	558	14.8	3.48	6	1	2.84	37.68	36.84	37.74	499.51	511.90	12.872	27.226	19.99	42.28	600.0	-0	1058	101.6	16.7	0.114	0.3	111115
95	"09:44:20"	172.0	-20.4	0.486	559	14.8	3.47	6	1	2.84	37.68	36.84	37.74	499.54	512.34	12.886	27.326	20.01	42.44	600.0	-0	1038	101.6	16.7	0.114	0.3	111115
96	"09:44:21"	173.0	-20.6	0.493	559	15	3.46	6	1	2.84	37.68	36.84	37.74	499.58	512.49	12.883	27.450	20.01	42.64	600.0	-0	1020	101.6	16.7	0.114	0.7	111115
97	"09:44:23"	174.5	-20.9	0.506	559	15.2	3.44	6	1	2.84	37.68	36.84	37.73	499.61	512.71	12.859	27.663	19.97	42.97	600.0	-0	995	101.6	16.7	0.114	0.7	111115
98	"09:44:24"	176.0	-21.2	0.519	559	15.5	3.42	6	1	2.84	37.68	36.84	37.73	499.75	512.99	12.831	27.862	19.93	43.28	600.0	-0	1029	101.6	16.7	0.114	0.7	111115
99	"09:44:25"	177.0	-21.6	0.526	560	15.6	3.41	6	1	2.84	37.68	36.84	37.73	499.62	513.19	12.819	27.970	19.91	43.45	600.0	-0	1060	101.6	16.7	0.114	0.3	111115
100	"09:44:27"	178.5	-22	0.536	561	15.8	3.39	6	1	2.84	37.68	36.84	37.73	499.60	513.55	12.816	28.128	19.91	43.69	600.0	-0	1096	101.6	16.7	0.114	0.3	111115
101	"09:44:28"	179.0	-22.3	0.54	561	15.8	3.39	6	1	2.84	37.68	36.84	37.73	499.54	513.67	12.818	28.192	19.91	43.80	600.0	-0	1100	101.6	16.7	0.114	0.3	111115
102	"09:44:29"	180.0	-22.5	0.551	561	16	3.37	6	1	2.84	37.68	36.84	37.73	499.59	513.83	12.830	28.392	19.93	44.11	600.0	-0	1098	101.6	16.7	0.114	0.3	111115
103	"09:44:30"	182.0	-22.7	0.58	559	16.5	3.32	6	1	2.84	37.68	36.85	37.72	499.84	514.08	12.851	28.870	19.96	44.85	600.0	-0	1092	101.6	16.7	0.114	0.7	111115
104	"09:44:32"	183.5	-23.2	0.596	559	16.7	3.3	6	1	2.84	37.68	36.86	37.72	499.69	514.25	12.866	29.126	19.99	45.25	600.0	-0	1106	101.6	16.7	0.114	0.3	111115
105	"09:44:33"	184.0	-23.3	0.599	559	16.8	3.29	6	1	2.84	37.68	36.86	37.72	499.62	514.28	12.870	29.167	19.99	45.31	600.0	-0	1104	101.6	16.7	0.114	0.3	111115
106	"09:44:34"	186.0	-23.4	0.595	560	16.7	3.3	6	1	2.84	37.68	36.86	37.72	499.42	514.17	12.873	29.111	20.00	45.22	600.0	-0	1105	101.6	16.7	0.114	0.3	111115
107	"09:44:35"	187.0	-23	0.589	559	16.6	3.31	6	1	2.84	37.68	36.85	37.72	499.51	513.98	12.868	29.014	19.99	45.08	600.0	-0	1103	101.6	16.7	0.114	0.3	111115
108	"09:44:36"	187.5	-22.7	0.585	558	16.6	3.31	6	1	2.84	37.68	36.85	37.71	499.61	513.81	12.866	28.946	19.99	44.97	600.0	-0	1103	101.6	16.7	0.114	0.3	111115
109	"09:44:38"	189.5	-22	0.568	557	16.3	3.34	6	1	2.84	37.67	36.85	37.71	499.71	513.38	12.878	28.689	20.01	44.58	600.0	-0	1126	101.6	16.7	0.114	0.3	111115
110	"09:44:39"	190.0	-22.2	0.565	558	16.2	3.34	6	1	2.84	37.67	36.85	37.71	499.65	513.50	12.888	28.646	20.03	44.52	600.0	-0	1128	101.6	16.7	0.114	0.3	111115
111	"09:44:40"	192.0	-22.5	0.555	560	16	3.36	6	1	2.84	37.67	36.85	37.71	499.36	513.57	12.951	28.533	20.13	44.35	600.0	-0	1121	101.6	16.7	0.114	0.3	111115
112	"09:44:41"	192.5	-22.4	0.553	560	16	3.36	6	1	2.84	37.67	36.86	37.71	499.36	513.51	12.965	28.528	20.15	44.34	600.0	-0	1118	101.6	16.7	0.114	0.3	111115
113	"09:44:42"	194.0	-22.3	0.551	560	16	3.36	6	1	2.84	37.67	36.85	37.71	499.31	513.43	12.998	28.503	20.20	44.31	600.0	-0	1113	101.6	16.7	0.114	0.3	111115
114	"09:44:44"	195.5	-22.5	0.554	560	16	3.35	6	1	2.84	37.66	36.85	37.71	499.27	513.56	13.017	28.568	20.24	44.41	600.0	-0	1118	101.6	16.7	0.114	0.3	111115
115	"09:44:45"	197.0	-22.6	0.559	560	16.1	3.34	6	1	2.84	37.66	36.85	37.70	499.27	513.58	13.034	28.654	20.26	44.55	600.0	-0	1127	101.6	16.7	0.114	0.7	111115
116	"09:44:46"	197.5	-22.8	0.561	561	16.1	3.34	6	1	2.84	37.66	36.85	37.70	499.20	513.70	13.041	28.694	20.27	44.61	600.0	-0	1136	101.6	16.7	0.114	0.7	111115
117	"09:44:47"	199.0	-22.2	0.564	558	16.1	3.33	6	1	2.84	37.66	36.86	37.70	499.47	513.35	13.098	28.777	20.36	44.74	600.0	-0	1167	101.6	16.7	0.114	1.0	111115
118	"09:44:49"	200.5	-22.4	0.557	559	16	3.33	6	1	2.84	37.66	36.86	37.70	499.08	513.23	13.242	28.774	20.59	44.74	600.0	-0	1167	101.6	16.7	0.114	0.7	111115
119	"09:44:50"	202.0	-21.9	0.543	559	15.7	3.34	6	1	2.84	37.66	36.85	37.70	498.97	512.84	13.450	28.683	20.91	44.60	600.0	-0	1159	101.6	16.7	0.114	0.7	111115
120	"09:44:51"	202.5	-21.8	0.537	559	15.6	3.34	6	1	2.84	37.66	36.85	37.70	498.93	512.78	13.519	28.634	21.02	44.52	600.0	-0	1152	101.6	16.7	0.114	0.3	111115
121	"09:44:52"	204.0	-21.6	0.521	560	15.2	3.36	6	1	2.84	37.66	36.85	37.70	498.92	512.73	13.682	28.491	21.28	44.30	600.0	-0	1156	101.6	16.7	0.114	0.3	111115
122	"09:44:53"	204.5	-21.4	0.515	560	15.1	3.37	6	1	2.84	37.66	36.85	37.70	498.94	512.61	13.720	28.418	21.34	44.19	600.0	-0	1163	101.6	16.7	0.114	0.3	111115
123	"09:44:55"	206.5	-21.4	0.496	562	14.8	3.39	6	1	2.84	37.66	36.86	37.69	498.88	512.68	13.806	28.155	21.47	43.79	600.0	-0	1179	101.6	16.7	0.114	0.3	111115
124	"09:44:56"	207.0	-21.4	0.492	563	14.7	3.4	6	1	2.84	37.66	36.86	37.69	498.85	512.68	13.819	28.089	21.49	43.69	600.0	-0	1184	101.6	16.7	0.114	0.3	111115
125	"09:44:57"	208.0	-21	0.486	562	14.6	3.41	6	1	2.84	37.65	36.86	37.69	498.87	512.41	13.837	28.010	21.52	43.57	600.0	-0	1190	101.6	16.7	0.114	0.3	111115
126	"09:44:58"	210.0	-20.7	0.487	561	14.6	3.41	6	1	2.84	37.65	36.86	37.69	499.09	512.33	13.870	28.049	21.58	43.63	600.0	-0	1201	101.6	16.7	0.114	0.3	111115
127	"09:44:59"	211.0	-20.4	0.491	559	14.7	3.4	6	1	2.84	37.65	36.86	37.69	499.36	512.25	13.888	28.131	21.60	43.76	600.0	-0	1201	101.6	16.7	0.114	0.3	111115
128	"09:45:01"	212.5	-20.8	0.501	560	14.8	3.38	6	1	2.84	37.65	36.87	37.69	499.36	512.56	13.909	28.322	21.64	44.06	600.0	-0	1027	101.6	16.7	0.114	0.3	111115
129	"09:45:02"	213.5	-20.6	0.506	558	14.9	3.37	6	1	2.84	37.65	36.87	37.69	499.52	512.46	13.922	28.428	21.66	44.22	600.0	-0	765	101.6	16.7	0.114	0.3	111115
130	"09:45:03"	214.0	-20.7	0.509	558	15	3.37	6	1	2.84	37.65	36.87	37.69	499.49	512.48	13.929	28.473	21.67	44.29	600.0	-0	631	101.6	16.7	0.114	0.3	111115
131	"09:45:04"	216.0	-20.9	0.522	558	15.2	3.35	6	1	2.84	37.65	36.88	37.69	499.53	512.69	13.946	28.711	21.69	44.66	600.0	-0	134	101.6	16.7	0.114	0.3	111115
132	"09:45:06"	217.5	-21.1	0.539	557	15.5	3.32	6	1	2.84	37.66	36.88	37.69	499.65	512.76	13.913	28.968	21.64	45.06	600.0	-0	109	101.6	16.7	0.114	0.7	111115
133	"09:45:07"	218.5	-20.9	0.552	555	15.7	3.3	6	1	2.84	37.66	36.89	37.69	499.89	512.73	13.863	29.152	21.56	45.34	600.0	-0	104	101.6	16.7	0.114	0.7	111115
134	"09:45:08"	220.0	-20.7	0.567	553	16	3.29	6	1	2.84	37.66	36.88	37.68	500.11	512.57	13.773	29.312	21.42	45.59	600.0	-0	102	101.6	16.7	0.114	0.3	111115
135	"09:45:09"	221.0	-20.7	0.571	552	16.1	3.28	6	1	2.84	37.66	36.88	37.68	500.13	512.58	13.733	29.351	21.36	45.65	600.0	-0	102	101.6	16.7	0.114	0.7	111115
136	"09:45:11"	222.5	-20.5	0.572	551	16.1	3.28	6	1	2.84	37.66	36.88	37.68	500.10	512.32	13.721	29.341	21.34	45.64	600.0	-0	101	101.6	16.7	0.114	0.7	111115
137	"09:45:12"	223.5	-20.4	0.57	551	16.1	3.28	6	1	2.84	37.66	36.87	37.68	500.11	512.25	13.735	29.316	21.36	45.60	600.0	-0	100	101.6	16.7	0.114	0.7	111115
138	"09:45:13"	225.0	-20.3	0.565	551	16	3.29	6	1	2.84	37.66	36.87	37.68	500.14	512.22	13.768	29.269	21.41	45.53	600.0	-0	100	101.6	16.7	0.114	0.7	111115
139	"09:45:14"	226.0	-20.4	0.562	552	15.9	3.29	6	1	2.84	37.65	36.87	37.68	500.09	512.35	13.786	29.234	21.45	45.47	600.0	-0	101	101.6	16.7	0.114	0.7	111115
140	"09:45:15"	226.5	-20.4	0.561	552	15.9	3.29	6	1	2.84	37.65	36.87	37.68	500.09	512.37	13.793	29.216	21.46	45.45	600.0	-0	102	101.6	16.7	0.114	0.7	111115
141	"09:45:17"	228.5	-20.6	0.555	553	15.8	3.3	6	1	2.84	37.65	36.87	37.68	499.97	512.45	13.815	29.146	21.49	45.34	600.0	-0	103	101.6	16.7	0.114	0.7	111115
142	"09:45:18"	229.5	-20.3	0.552	553	15.7	3.3	6	1	2.84	37.65	36.88	37.68	500.08	512.31	13.823	29.108	21.51	45.29	600.0	-0	103	101.6	16.7	0.114	0.7	111115
143	"09:45:19"	231.0	-20	0.547	552	15.7	3.31	6	1	2.84	37.65	36.88	37.68	500.11	512.09	13.836	29.044	21.53	45.19	600.0	-0	103	101.6	16.7	0.114	0.3	111115
144	"09:45:20"	232.0	-19.7	0.545	551	15.6	3.31	6	1	2.84	37.65	36.88	37.68	500.13	511.89	13.843	29.000	21.54	45.12	600.1	-0	103	101.6	16.7	0.114	0.3	111115
145	"09:45:22"	233.5	-19.6	0.541	551	15.5	3.32	6	1	2.84	37.65	36.87	37.68	500.13	511.80	13.852	28.944	21.55	45.04	600.0	-0	104	101.6	16.7	0.114	0.7	111115
146	"09:45:23"	234.5	-19.7	0.539	552	15.5	3.32	6	1	2.84	37.65	36.87	37.68	500.07	511.87	13.856	28.909	21.56	44.99	600.0	-0	104	101.6	16.7	0.114	0.7	111115
147	"09:45:24"	236.0	-19.6	0.535	552	15.4	3.33	6	1	2.84	37.65	36.87	37.67	500.10	511.83	13.863	28.854	21.57	44.91	600.0	-0	105	101.6	16.7	0.114	0.3	111115
148	"09:45:25"	237.0	-19.4	0.533	551	15.4	3.33	6	1	2.84	37.64	36.87	37.67	500.13	511.66	13.868	28.819	21.58	44.85	600.0	-0	105	101.6	16.7	0.114	0.3	111115
149	"09:45:26"	237.5	-19.3	0.531	550	15.4	3.33	6	1	2.84	37.64	36.87	37.67	500.16	511.59	13.871	28.802	21.59	44.83	600.0	-0	105	101.6	16.7	0.114	0.3	111115
150	"09:45:28"	239.5	-19	0.526	550	15.3	3.34	6	1	2.84	37.64	36.87	37.67	500.21	511.40	13.883	28.730	21.61	44.72	600.0	-0	105	101.6	16.7	0.114	0.3	111115
151	"09:45:29"	240.0	-19	0.525	550	15.3	3.34	6	1	2.84	37.64	36.87	37.67	500.20	511.41	13.885	28.717	21.61	44.70	600.0	-0	105	101.6	16.7	0.114	0.3	111115
152	"09:45:30"	242.0	-19	0.52	550	15.2	3.35	6	1	2.84	37.64	36.87	37.67	500.09	511.32	13.896	28.644	21.63	44.59	600.0	-0	106	101.6	16.7	0.114	0.3	111115
153	"09:45:32"	243.5	-19	0.517	551	15.1	3.35	6	1	2.84	37.64	36.87	37.67	500.07	511.33	13.903	28.594	21.64	44.51	600.0	-0	106	101.6	16.7	0.114	0.3	111115
154	"09:45:33"	245.0	-19.1	0.514	551	15.1	3.36	6	1	2.84	37.64	36.87	37.67	500.00	511.37	13.909	28.545	21.65	44.44	600.0	-0	105	101.6	16.7	0.114	0.3	111115
155	"09:45:34"	246.0	-19	0.513	551	15	3.36	6	1	2.84	37.64	36.87	37.67	500.02	511.37	13.913	28.526	21.66	44.41	600.0	-0	105	101.6	16.7	0.114	0.3	111115
156	"09:45:36"	247.5	-19	0.51	551	15	3.37	6	1	2.84	37.64	36.88	37.67	500.02	511.39	13.919	28.487	21.67	44.35	600.0	-0	105	101.6	16.7	0.114	0.3	111115
157	"09:45:37"	248.5	-19	0.508	551	15	3.37	6	1	2.84	37.64	36.87	37.67	500.01	511.35	13.926	28.464	21.68	44.32	600.0	-0	106	101.6	16.7	0.114	0.3	111115
158	"09:45:38"	250.0	-18.9	0.506	551	14.9	3.37	6	1	2.84	37.64	36.87	37.67	500.12	511.37	13.934	28.437	21.70	44.28	600.0	-0	106	101.6	16.7	0.114	0.3	111115
159	"09:45:39"	251.0	-18.7	0.506	551	14.9	3.37	6	1	2.84	37.64	36.87	37.67	500.18	511.30	13.940	28.438	21.71	44.28	600.0	-0	105	101.6	16.7	0.114	0.3	111115
160	"09:45:41"	252.5	-18.7	0.507	550	14.9	3.37	6	1	2.84	37.64	36.87	37.67	500.26	511.30	13.947	28.447	21.72	44.29	600.0	-0	106	101.6	16.7	0.114	0.3	111115
161	"09:45:42"	253.5	-18.7	0.507	551	14.9	3.37	6	1	2.84	37.64	36.87	37.67	500.28	511.39	13.951	28.447	21.72	44.29	600.0	0	106	101.6	16.7	0.114	0.3	111115
162	"09:45:43"	255.0	-18.9	0.506	551	14.9	3.37	6	1	2.84	37.64	36.87	37.66	500.17	511.45	13.956	28.441	21.73	44.29	600.0	-0	106	101.6	16.7	0.114	0.7	111115
163	"09:45:44"	256.0	-19	0.505	552	14.9	3.37	6	1	2.84	37.63	36.87	37.66	500.10	511.48	13.959	28.433	21.74	44.27	600.0	-0	106	101.6	16.7	0.114	0.7	111115
164	"09:45:46"	257.5	-19.1	0.504	552	14.9	3.37	6	1	2.84	37.63	36.87	37.66	500.06	511.54	13.965	28.424	21.75	44.26	600.0	-0	107	101.6	16.7	0.114	0.7	111115
165	"09:45:47"	258.5	-19.2	0.503	553	14.9	3.37	6	1	2.84	37.63	36.88	37.66	500.11	511.68	13.969	28.414	21.75	44.25	600.0	-0	107	101.6	16.7	0.114	1.0	111115
166	"09:45:48"	260.0	-19.1	0.502	553	14.8	3.38	6	1	2.84	37.63	36.88	37.66	500.13	511.62	13.977	28.397	21.77	44.23	600.0	-0	107	101.6	16.7	0.114	1.0	111115
167	"09:45:49"	261.0	-19.2	0.501	553	14.8	3.38	6	1	2.84	37.63	36.88	37.66	500.12	511.70	13.981	28.382	21.77	44.20	600.0	-0	107	101.6	16.7	0.114	0.7	111115
168	"09:45:51"	262.5	-19.2	0.499	553	14.8	3.38	6	1	2.84	37.63	36.88	37.66	500.05	511.68	13.989	28.364	21.79	44.18	600.0	-0	107	101.6	16.7	0.114	0.7	111115
169	"09:45:52"	263.5	-19.2	0.498	554	14.8	3.38	6	1	2.84	37.63	36.89	37.66	500.01	511.66	13.993	28.358	21.79	44.17	600.0	-0	108	101.6	16.7	0.114	0.7	111115
170	"09:45:53"	265.0	-19.2	0.497	554	14.8	3.39	6	1	2.84	37.63	36.89	37.66	500.08	511.74	14.000	28.336	21.81	44.14	600.0	-0	108	101.6	16.7	0.114	0.7	111115
171	"09:45:54"	266.0	-19.2	0.496	554	14.7	3.39	6	1	2.84	37.63	36.88	37.66	500.13	511.78	14.004	28.326	21.81	44.12	600.0	-0	108	101.6	16.7	0.114	0.7	111115
172	"09:45:56"	267.5	-19.4	0.495	555	14.7	3.39	6	1	2.84	37.63	36.88	37.66	500.13	512.01	14.011	28.308	21.82	44.09	600.0	-0	108	101.6	16.7	0.114	0.7	111115
173	"09:45:57"	268.5	-19.5	0.494	555	14.7	3.39	6	1	2.84	37.63	36.88	37.65	500.09	512.07	14.016	28.293	21.83	44.07	600.0	-0	108	101.6	16.7	0.114	0.7	111115
174	"09:45:58"	270.0	-19.5	0.492	556	14.7	3.39	6	1	2.84	37.63	36.88	37.65	499.99	511.99	14.023	28.270	21.85	44.04	600.0	-0	108	101.6	16.7	0.114	0.7	111115
175	"09:45:59"	271.0	-19.4	0.491	555	14.6	3.39	6	1	2.84	37.63	36.88	37.65	500.01	511.92	14.031	28.253	21.86	44.01	600.0	-0	108	101.6	16.7	0.114	0.7	111115
176	"09:46:01"	272.5	-19.4	0.49	555	14.6	3.39	6	1	2.84	37.63	36.88	37.65	500.03	511.94	14.037	28.232	21.87	43.99	600.0	-0	108	101.6	16.7	0.114	0.7	111115
177	"09:46:02"	273.5	-19.5	0.489	556	14.6	3.39	6	1	2.84	37.62	36.87	37.65	500.07	512.14	14.042	28.220	21.88	43.97	600.0	-0	108	101.6	16.7	0.114	0.7	111115
178	"09:46:03"	275.0	-19.7	0.488	557	14.6	3.39	6	1	2.84	37.62	36.87	37.65	499.99	512.23	14.049	28.207	21.89	43.95	600.0	-0	108	101.6	16.7	0.114	0.7	111115
179	"09:46:04"	276.0	-19.6	0.487	557	14.6	3.4	6	1	2.84	37.62	36.87	37.65	500.01	512.13	14.054	28.196	21.90	43.93	600.0	-0	108	101.6	16.7	0.114	0.7	111115
180	"09:46:06"	277.5	-19.4	0.486	556	14.5	3.4	6	1	2.84	37.62	36.87	37.65	500.04	512.05	14.061	28.180	21.91	43.91	600.0	-0	107	101.6	16.7	0.114	0.7	111115
181	"09:46:07"	278.5	-19.2	0.485	555	14.5	3.4	6	1	2.84	37.62	36.87	37.65	500.09	511.91	14.066	28.167	21.92	43.89	600.0	-0	107	101.6	16.7	0.114	0.7	111115
182	"09:46:08"	280.0	-19.2	0.484	555	14.5	3.4	6	1	2.84	37.62	36.87	37.65	500.03	511.86	14.075	28.148	21.93	43.87	600.0	-0	106	101.6	16.7	0.114	0.7	111115
183	"09:46:09"	281.0	-19.2	0.483	555	14.5	3.4	6	1	2.84	37.62	36.87	37.64	500.06	511.85	14.081	28.137	21.95	43.85	600.0	-0	104	101.6	16.7	0.114	1.0	111115
184	"09:46:11"	282.5	-19.2	0.482	555	14.4	3.4	6	1	2.84	37.62	36.87	37.64	500.09	511.87	14.087	28.116	21.96	43.82	600.1	-0	99	101.6	16.7	0.114	1.0	111115
185	"09:46:12"	283.5	-19	0.481	555	14.4	3.4	6	1	2.84	37.62	36.86	37.64	500.11	511.74	14.092	28.096	21.97	43.79	600.1	-0	95	101.6	16.7	0.114	1.0	111115
186	"09:46:13"	285.0	-18.8	0.479	554	14.4	3.4	6	1	2.84	37.61	36.86	37.64	500.07	511.53	14.099	28.073	21.98	43.76	600.0	-0	93	101.6	16.7	0.114	1.0	111115
187	"09:46:14"	286.0	-18.7	0.478	554	14.4	3.41	6	1	2.84	37.61	36.86	37.64	500.06	511.43	14.105	28.060	21.99	43.74	600.0	-0	94	101.6	16.7	0.114	0.7	111115
188	"09:46:16"	287.5	-19	0.477	555	14.3	3.41	6	1	2.84	37.61	36.86	37.64	500.03	511.67	14.113	28.041	22.00	43.72	600.0	-0	98	101.6	16.7	0.114	0.7	111115
189	"09:46:17"	288.5	-19.1	0.476	556	14.3	3.41	6	1	2.84	37.61	36.86	37.64	500.03	511.79	14.118	28.030	22.01	43.70	600.0	-0	102	101.6	16.7	0.114	0.7	111115
190	"09:46:18"	290.0	-19.2	0.474	557	14.3	3.41	6	1	2.84	37.61	36.86	37.64	500.06	511.95	14.125	28.004	22.03	43.67	600.0	-0	106	101.6	16.7	0.114	0.7	111115
191	"09:46:19"	291.0	-19.3	0.474	557	14.3	3.41	6	1	2.84	37.61	36.86	37.64	499.96	512.01	14.129	27.992	22.03	43.65	600.0	-0	107	101.6	16.7	0.114	0.7	111115
192	"09:46:21"	292.5	-19.3	0.473	557	14.2	3.41	6	1	2.84	37.61	36.85	37.63	499.91	511.96	14.134	27.976	22.04	43.63	600.0	-0	107	101.6	16.7	0.114	0.7	111115
193	"09:46:22"	293.5	-19.3	0.472	557	14.2	3.41	6	1	2.84	37.60	36.85	37.63	499.89	511.91	14.139	27.967	22.05	43.62	600.0	-0	107	101.6	16.7	0.114	1.0	111115
194	"09:46:23"	295.0	-19.1	0.471	557	14.2	3.41	6	1	2.84	37.60	36.84	37.63	499.94	511.79	14.147	27.943	22.07	43.59	599.9	-0	107	101.6	16.7	0.114	1.0	111115
195	"09:46:24"	296.0	-19.1	0.47	557	14.2	3.41	6	1	2.84	37.60	36.84	37.63	499.98	511.81	14.151	27.928	22.08	43.57	600.0	-0	107	101.6	16.7	0.114	1.0	111115
196	"09:46:26"	297.5	-19.2	0.469	557	14.1	3.41	6	1	2.84	37.60	36.83	37.63	499.93	511.92	14.160	27.905	22.09	43.54	600.0	-0	107	101.6	16.7	0.114	1.0	111115
197	"09:46:27"	298.5	-19.2	0.468	557	14.1	3.41	6	1	2.84	37.60	36.83	37.63	499.95	511.92	14.167	27.890	22.10	43.52	600.0	-0	107	101.6	16.7	0.114	1.0	111115
198	"09:46:28"	300.0	-19.1	0.466	557	14.1	3.42	6	1	2.84	37.60	36.84	37.63	499.93	511.79	14.176	27.873	22.12	43.49	600.1	-0	106	101.6	16.7	0.114	1.0	111115
199	"09:46:29"	301.0	-19	0.465	557	14.1	3.42	6	1	2.84	37.60	36.84	37.62	499.93	511.72	14.181	27.863	22.13	43.48	600.1	-0	106	101.6	16.7	0.114	1.0	111115
200	"09:46:31"	302.5	-19	0.464	557	14	3.42	6	1	2.84	37.59	36.83	37.62	499.97	511.74	14.187	27.845	22.14	43.46	600.0	-0	106	101.6	16.7	0.114	1.0	111115
201	"09:46:32"	303.5	-19.1	0.463	558	14	3.42	6	1	2.84	37.59	36.83	37.62	499.94	511.88	14.192	27.830	22.15	43.44	600.0	-0	106	101.6	16.7	0.114	1.0	111115
202	"09:46:33"	305.0	-19.2	0.462	558	14	3.42	6	1	2.84	37.59	36.83	37.62	499.92	511.94	14.200	27.811	22.16	43.41	600.0	-0	106	101.6	16.7	0.114	1.0	111115
203	"09:46:34"	306.0	-19.2	0.461	558	14	3.42	6	1	2.84	37.59	36.83	37.62	499.90	511.98	14.204	27.798	22.17	43.39	600.0	-0	106	101.6	16.7	0.114	1.0	111115
204	"09:46:36"	307.5	-19.1	0.459	558	13.9	3.43	6	1	2.84	37.59	36.83	37.62	499.91	511.92	14.212	27.774	22.19	43.36	600.0	-0	107	101.6	16.7	0.114	1.0	111115
205	"09:46:37"	308.5	-18.9	0.458	558	13.9	3.43	6	1	2.84	37.59	36.83	37.61	500.02	511.83	14.217	27.755	22.20	43.33	600.0	-0	107	101.6	16.7	0.114	1.0	111115
206	"09:46:38"	310.0	-18.7	0.457	557	13.9	3.43	6	1	2.84	37.58	36.83	37.61	500.06	511.65	14.224	27.740	22.21	43.31	600.0	-0	107	101.6	16.7	0.114	1.0	111115
207	"09:46:39"	311.0	-18.5	0.456	556	13.9	3.43	6	1	2.84	37.58	36.83	37.61	500.14	511.55	14.229	27.726	22.22	43.29	600.0	-0	107	101.6	16.7	0.114	1.0	111115
208	"09:46:40"	311.5	-18.5	0.456	556	13.9	3.43	6	1	2.84	37.58	36.83	37.61	500.13	511.51	14.232	27.722	22.22	43.29	600.0	-0	107	101.6	16.7	0.114	1.0	111115
209	"09:46:42"	313.5	-18.8	0.454	557	13.8	3.43	6	1	2.84	37.58	36.82	37.61	499.90	511.64	14.241	27.695	22.24	43.25	600.0	-0	108	101.6	16.7	0.114	1.0	111115
210	"09:46:43"	315.0	-19.1	0.453	559	13.8	3.43	6	1	2.84	37.58	36.82	37.61	499.78	511.80	14.248	27.673	22.25	43.22	600.0	-0	108	101.6	16.7	0.114	1.0	111115
211	"09:46:44"	316.0	-19.1	0.452	559	13.8	3.43	6	1	2.84	37.58	36.82	37.61	499.79	511.87	14.253	27.659	22.26	43.20	600.0	-0	108	101.6	16.7	0.114	1.0	111115
212	"09:46:46"	317.5	-18.8	0.452	558	13.8	3.43	6	1	2.84	37.58	36.81	37.61	499.98	511.75	14.261	27.647	22.28	43.19	600.0	-0	107	101.6	16.7	0.114	1.0	111115
213	"09:46:47"	318.5	-18.7	0.451	557	13.8	3.43	6	1	2.84	37.57	36.81	37.60	500.04	511.66	14.267	27.640	22.29	43.18	600.0	-0	107	101.6	16.7	0.114	1.0	111115
214	"09:46:48"	320.0	-18.8	0.451	558	13.7	3.43	6	1	2.84	37.57	36.80	37.60	499.93	511.67	14.275	27.632	22.30	43.18	600.0	-0	107	101.6	16.7	0.114	1.0	111115
215	"09:46:49"	321.0	-18.8	0.45	558	13.7	3.43	6	1	2.84	37.57	36.79	37.60	499.85	511.67	14.279	27.615	22.31	43.15	600.0	-0	107	101.6	16.7	0.114	1.0	111115
216	"09:46:51"	322.5	-19	0.449	559	13.7	3.43	6	1	2.84	37.57	36.78	37.60	499.74	511.77	14.285	27.592	22.33	43.13	600.0	-0	107	101.6	16.7	0.114	1.0	111115
217	"09:46:52"	323.5	-19	0.449	559	13.7	3.43	6	1	2.84	37.56	36.78	37.60	499.73	511.75	14.290	27.580	22.34	43.11	600.0	-0	106	101.6	16.7	0.114	1.0	111115
218	"09:46:53"	325.0	-19	0.447	559	13.6	3.43	6	1	2.84	37.56	36.77	37.59	499.76	511.81	14.298	27.558	22.35	43.09	600.0	-0	106	101.6	16.7	0.114	1.0	111115
219	"09:46:54"	325.5	-18.9	0.447	559	13.6	3.43	6	1	2.84	37.56	36.77	37.59	499.77	511.75	14.301	27.553	22.36	43.08	600.0	-0	106	101.6	16.7	0.114	1.0	111115
220	"09:46:56"	327.5	-18.9	0.445	559	13.6	3.43	6	1	2.84	37.55	36.76	37.59	499.82	511.81	14.311	27.516	22.38	43.04	600.1	-0	106	101.6	16.7	0.114	1.0	111115
221	"09:46:57"	328.5	-19	0.444	560	13.6	3.43	6	1	2.84	37.55	36.76	37.59	499.82	511.91	14.315	27.499	22.39	43.02	600.1	-0	106	101.6	16.7	0.114	1.0	111115
222	"09:46:58"	330.0	-18.8	0.443	559	13.5	3.43	6	1	2.84	37.55	36.75	37.58	499.89	511.77	14.323	27.476	22.41	42.99	600.0	-0	106	101.6	16.7	0.114	1.0	111115
223	"09:46:59"	331.0	-18.8	0.442	559	13.5	3.43	6	1	2.84	37.54	36.75	37.58	499.83	511.71	14.329	27.457	22.42	42.97	600.0	-0	106	101.6	16.7	0.114	1.0	111115
224	"09:47:00"	332.5	-18.7	0.441	559	13.5	3.43	6	1	2.84	37.54	36.74	37.58	499.84	511.64	14.337	27.444	22.44	42.96	600.0	-0	105	101.6	16.7	0.114	1.0	111115
225	"09:47:02"	333.5	-18.8	0.44	559	13.5	3.43	6	1	2.84	37.54	36.74	37.57	499.81	511.69	14.341	27.431	22.45	42.94	600.0	-0	105	101.6	16.7	0.114	1.0	111115
226	"09:47:03"	334.0	-18.8	0.44	559	13.4	3.43	6	1	2.84	37.54	36.74	37.57	499.79	511.67	14.345	27.425	22.46	42.94	600.0	-0	105	101.6	16.7	0.114	1.0	111115
227	"09:47:04"	335.0	-18.7	0.44	559	13.4	3.43	6	1	2.84	37.53	36.74	37.57	499.85	511.64	14.349	27.417	22.47	42.93	600.0	-0	105	101.6	16.7	0.114	1.0	111115
228	"09:47:05"	337.0	-18.7	0.437	559	13.4	3.43	6	1	2.84	37.53	36.74	37.57	499.83	511.66	14.360	27.377	22.49	42.88	600.0	-0	105	101.6	16.7	0.114	1.0	111115
229	"09:47:06"	338.5	-18.9	0.435	561	13.3	3.44	6	1	2.84	37.52	36.74	37.56	499.69	511.78	14.367	27.352	22.51	42.85	600.0	-0	105	101.6	16.7	0.114	1.0	111115
230	"09:47:08"	339.0	-18.8	0.435	560	13.3	3.44	6	1	2.84	37.52	36.74	37.56	499.69	511.67	14.370	27.344	22.51	42.84	600.0	-0	104	101.6	16.7	0.114	1.0	111115
231	"09:47:09"	340.5	-18.9	0.434	561	13.3	3.44	6	1	2.84	37.52	36.73	37.56	499.70	511.76	14.377	27.323	22.53	42.82	600.0	-0	104	101.6	16.7	0.114	1.0	111115
232	"09:47:10"	342.0	-18.8	0.433	560	13.3	3.44	6	1	2.84	37.51	36.73	37.55	499.76	511.74	14.385	27.314	22.55	42.81	600.0	-0	104	101.6	16.7	0.114	1.0	111115
233	"09:47:11"	342.5	-18.8	0.433	561	13.3	3.44	6	1	2.84	37.51	36.73	37.55	499.78	511.77	14.388	27.310	22.55	42.81	600.0	-0	104	101.6	16.7	0.114	1.0	111115
234	"09:47:13"	344.5	-19	0.432	562	13.3	3.44	6	1	2.84	37.51	36.72	37.55	499.64	511.90	14.398	27.295	22.58	42.80	600.0	-0	104	101.6	16.7	0.114	1.0	111115
235	"09:47:14"	345.0	-19	0.432	562	13.3	3.44	6	1	2.84	37.51	36.72	37.55	499.64	511.83	14.400	27.289	22.58	42.79	600.0	-0	104	101.6	16.7	0.114	1.0	111115
236	"09:47:15"	347.0	-18.7	0.43	560	13.2	3.44	6	1	2.84	37.50	36.71	37.54	499.75	511.67	14.408	27.267	22.60	42.77	600.0	-0	98	101.6	16.7	0.114	1.0	111115
237	"09:47:16"	348.0	-18.5	0.43	560	13.2	3.44	6	1	2.84	37.50	36.71	37.54	499.79	511.56	14.414	27.255	22.61	42.75	600.0	-0	97	101.6	16.7	0.114	1.0	111115
238	"09:47:17"	349.5	-18.4	0.428	560	13.2	3.44	6	1	2.84	37.50	36.71	37.54	499.83	511.52	14.422	27.236	22.63	42.73	600.0	-0	96	101.6	16.7	0.114	1.0	111115
239	"09:47:19"	350.5	-18.5	0.428	560	13.2	3.44	6	1	2.84	37.49	36.71	37.53	499.82	511.55	14.427	27.223	22.64	42.72	600.0	0	99	101.6	16.7	0.114	1.0	111115
240	"09:47:20"	352.0	-18.5	0.427	560	13.1	3.44	6	1	2.84	37.49	36.70	37.53	499.81	511.57	14.434	27.210	22.65	42.70	600.0	0	87	101.6	16.7	0.114	1.0	111115
241	"09:47:21"	353.0	-18.4	0.427	560	13.1	3.44	6	1	2.84	37.49	36.70	37.53	499.81	511.52	14.438	27.213	22.66	42.72	600.0	-0	78	101.6	16.7	0.114	1.0	111115
242	"09:47:22"	354.5	-18.4	0.423	560	13	3.44	6	1	2.84	37.48	36.69	37.52	499.82	511.58	14.444	27.128	22.68	42.59	600.0	-0	71	101.6	16.7	0.114	1.0	111115
243	"09:47:24"	355.5	-18.3	0.414	561	12.9	3.46	6	1	2.84	37.48	36.69	37.52	499.85	511.53	14.449	26.963	22.69	42.33	600.0	-0	69	101.6	16.7	0.114	1.0	111115
244	"09:47:25"	356.0	-18.3	0.41	562	12.8	3.47	6	1	2.84	37.48	36.69	37.52	499.84	511.63	14.450	26.876	22.69	42.20	600.0	-0	74	101.6	16.7	0.114	1.0	111115
245	"09:47:26"	358.0	-18.3	0.398	564	12.5	3.49	6	1	2.84	37.48	36.69	37.52	499.87	511.74	14.460	26.659	22.71	41.87	600.0	-0	81	101.6	16.7	0.114	0.7	111115
246	"09:47:28"	359.5	-18.7	0.403	565	12.6	3.48	6	1	2.84	37.47	36.68	37.51	499.79	512.07	14.467	26.747	22.73	42.02	600.0	-0	91	101.6	16.7	0.114	0.7	111115
247	"09:47:29"	360.0	-18.9	0.406	566	12.7	3.47	6	1	2.84	37.47	36.68	37.51	499.74	512.18	14.470	26.813	22.73	42.12	600.0	-0	95	101.6	16.7	0.114	0.7	111115
248	"09:47:30"	362.0	-19.8	0.421	568	13	3.44	6	1	2.84	37.47	36.67	37.51	499.60	512.74	14.477	27.094	22.75	42.58	600.0	-0	104	101.6	16.7	0.114	0.3	111115
249	"09:47:31"	362.5	-19.9	0.426	567	13.1	3.43	6	1	2.84	37.47	36.67	37.51	499.59	512.79	14.479	27.192	22.75	42.73	600.0	-0	104	101.6	16.7	0.114	0.3	111115
250	"09:47:33"	364.5	-20.5	0.449	567	13.5	3.38	6	1	2.84	37.46	36.67	37.50	499.62	513.18	14.485	27.630	22.77	43.43	600.0	-0	104	101.6	16.7	0.114	0.7	111115
251	"09:47:34"	365.5	-20.8	0.461	566	13.7	3.36	6	1	2.84	37.46	36.67	37.50	499.64	513.39	14.490	27.841	22.78	43.76	600.0	-0	104	101.6	16.7	0.114	0.7	111115
252	"09:47:35"	366.0	-21	0.466	566	13.8	3.35	6	1	2.84	37.46	36.67	37.50	499.64	513.54	14.493	27.942	22.78	43.92	600.0	-0	104	101.6	16.7	0.114	0.7	111115
253	"09:47:36"	367.0	-21.2	0.476	566	14	3.34	6	1	2.84	37.46	36.68	37.49	499.67	513.67	14.499	28.113	22.79	44.20	600.0	-0	104	101.6	16.7	0.114	0.3	111115
254	"09:47:37"	369.0	-21.5	0.492	565	14.3	3.31	6	1	2.84	37.46	36.67	37.49	499.79	513.94	14.510	28.396	22.81	44.65	600.0	-0	103	101.6	16.7	0.114	0.3	111115
255	"09:47:39"	370.5	-21.6	0.502	565	14.5	3.29	6	1	2.84	37.45	36.67	37.49	499.86	514.00	14.518	28.563	22.83	44.92	600.0	-0	98	101.6	16.7	0.114	0.3	111115
256	"09:47:40"	371.5	-21.8	0.508	565	14.5	3.28	6	1	2.84	37.45	36.66	37.48	499.78	514.11	14.522	28.654	22.84	45.07	600.0	-0	96	101.6	16.7	0.114	0.3	111115
257	"09:47:41"	373.0	-21.8	0.514	564	14.7	3.27	6	1	2.84	37.45	36.66	37.48	499.74	514.04	14.530	28.763	22.86	45.24	600.0	-0	95	101.6	16.7	0.114	0.3	111115
258	"09:47:42"	374.0	-21.8	0.518	564	14.7	3.26	6	1	2.84	37.45	36.66	37.48	499.75	514.04	14.534	28.818	22.86	45.34	600.0	-0	97	101.6	16.7	0.114	0.3	111115
259	"09:47:43"	375.5	-21.6	0.522	562	14.8	3.25	6	1	2.84	37.44	36.65	37.48	499.84	513.81	14.541	28.884	22.88	45.45	600.0	-0	102	101.6	16.7	0.114	0.3	111115
260	"09:47:45"	376.5	-21.5	0.524	562	14.8	3.25	6	1	2.84	37.44	36.65	37.47	499.82	513.71	14.545	28.920	22.89	45.51	600.0	-0	102	101.6	16.7	0.114	0.3	111115
261	"09:47:46"	378.0	-21.5	0.527	561	14.8	3.24	6	1	2.84	37.44	36.65	37.47	499.69	513.60	14.552	28.964	22.90	45.58	600.0	-0	102	101.6	16.7	0.114	0.3	111115
262	"09:47:47"	378.5	-21.6	0.527	561	14.8	3.24	6	1	2.84	37.44	36.65	37.47	499.68	513.61	14.555	28.971	22.91	45.60	600.0	-0	102	101.6	16.7	0.114	0.3	111115
263	"09:47:48"	380.0	-21.4	0.529	561	14.9	3.23	6	1	2.84	37.43	36.64	37.47	499.64	513.45	14.561	29.000	22.92	45.65	600.0	-0	99	101.6	16.7	0.114	0.3	111115
264	"09:47:49"	380.5	-21.4	0.53	560	14.9	3.23	6	1	2.84	37.43	36.64	37.47	499.68	513.41	14.565	29.011	22.93	45.67	600.0	-0	98	101.6	16.7	0.114	0.3	111115
265	"09:47:51"	382.5	-21	0.531	558	14.9	3.23	6	1	2.84	37.43	36.63	37.46	499.70	513.05	14.574	29.027	22.95	45.71	600.0	-0	97	101.6	16.7	0.114	0.7	111115
266	"09:47:52"	383.5	-21	0.531	559	14.9	3.23	6	1	2.84	37.43	36.63	37.46	499.66	513.03	14.579	29.030	22.96	45.72	600.0	-0	98	101.6	16.7	0.114	0.7	111115
267	"09:47:53"	384.0	-20.9	0.532	558	14.9	3.23	6	1	2.84	37.42	36.62	37.46	499.67	512.96	14.581	29.031	22.97	45.73	600.0	-0	100	101.6	16.7	0.114	0.3	111115
268	"09:47:54"	386.0	-20.6	0.532	557	14.9	3.22	6	1	2.84	37.42	36.61	37.46	499.67	512.68	14.590	29.038	22.99	45.75	600.0	-0	100	101.6	16.7	0.114	0.3	111115
269	"09:47:55"	387.5	-20.3	0.533	556	14.9	3.22	6	1	2.84	37.41	36.60	37.45	499.73	512.45	14.597	29.044	23.01	45.77	600.0	-0	100	101.6	16.7	0.114	0.3	111115
270	"09:47:57"	388.5	-20.3	0.533	555	14.9	3.22	6	1	2.84	37.41	36.60	37.45	499.77	512.41	14.602	29.044	23.02	45.78	600.0	-0	100	101.6	16.7	0.114	0.3	111115
271	"09:47:58"	390.0	-20.5	0.534	556	14.9	3.21	6	1	2.84	37.40	36.59	37.44	499.70	512.56	14.607	29.050	23.03	45.81	600.0	-0	100	101.6	16.7	0.114	0.3	111115
272	"09:47:59"	391.0	-20.5	0.535	556	14.9	3.21	6	1	2.84	37.40	36.58	37.44	499.69	512.52	14.610	29.053	23.04	45.82	600.0	-0	100	101.6	16.7	0.114	0.7	111115
273	"09:48:00"	392.5	-20.3	0.535	555	14.9	3.21	6	1	2.84	37.39	36.57	37.44	499.59	512.32	14.617	29.049	23.06	45.83	600.0	-0	100	101.6	16.7	0.114	0.7	111115
274	"09:48:02"	393.5	-20.3	0.535	555	14.9	3.2	6	1	2.84	37.39	36.56	37.44	499.58	512.31	14.622	29.043	23.07	45.83	600.0	-0	100	101.6	16.7	0.114	0.7	111115
275	"09:48:03"	395.0	-20.2	0.534	555	14.8	3.2	6	1	2.84	37.39	36.56	37.43	499.60	512.17	14.631	29.035	23.09	45.83	600.0	-0	100	101.6	16.7	0.114	0.7	111115
276	"09:48:04"	396.0	-20.1	0.534	555	14.8	3.2	6	1	2.84	37.38	36.55	37.43	499.61	512.16	14.636	29.035	23.11	45.84	600.0	-0	100	101.6	16.7	0.114	0.7	111115
277	"09:48:05"	397.5	-20.1	0.534	554	14.8	3.2	6	1	2.84	37.38	36.55	37.42	499.63	512.10	14.644	29.039	23.12	45.86	600.0	-0	100	101.6	16.7	0.114	0.7	111115
278	"09:48:07"	398.5	-20	0.534	554	14.8	3.2	6	1	2.84	37.37	36.55	37.42	499.63	512.02	14.648	29.041	23.13	45.87	600.0	-0	100	101.6	16.7	0.114	0.7	111115
279	"09:48:08"	400.0	-19.8	0.535	553	14.8	3.2	6	1	2.84	37.37	36.55	37.42	499.69	511.91	14.654	29.048	23.15	45.89	600.0	-0	100	101.6	16.7	0.114	0.7	111115
280	"09:48:09"	401.0	-19.7	0.534	553	14.8	3.2	6	1	2.84	37.37	36.55	37.42	499.70	511.84	14.661	29.044	23.17	45.89	600.0	-0	100	101.6	16.7	0.114	0.7	111115
281	"09:48:10"	401.5	-19.7	0.534	553	14.8	3.2	6	1	2.84	37.36	36.54	37.41	499.68	511.77	14.663	29.040	23.17	45.89	600.0	-0	100	101.6	16.7	0.114	0.7	111115
282	"09:48:12"	403.5	-19.6	0.534	553	14.8	3.2	6	1	2.84	37.36	36.53	37.41	499.63	511.71	14.674	29.033	23.20	45.89	600.0	-0	100	101.6	16.7	0.114	0.7	111115
283	"09:48:13"	404.5	-19.8	0.533	553	14.8	3.19	6	1	2.84	37.35	36.53	37.40	499.55	511.74	14.678	29.028	23.21	45.89	600.0	-0	100	101.6	16.7	0.114	0.7	111115
284	"09:48:14"	406.0	-19.4	0.533	552	14.8	3.19	6	1	2.84	37.35	36.53	37.40	499.69	511.58	14.687	29.021	23.23	45.89	600.0	-0	100	101.6	16.7	0.114	0.7	111115
285	"09:48:15"	406.5	-19.5	0.533	552	14.8	3.19	6	1	2.84	37.35	36.52	37.40	499.69	511.65	14.689	29.021	23.23	45.90	600.0	-0	100	101.6	16.7	0.114	0.7	111115
286	"09:48:16"	408.0	-19.4	0.532	552	14.7	3.19	6	1	2.84	37.34	36.52	37.39	499.66	511.50	14.696	29.012	23.25	45.89	600.0	-0	100	101.6	16.7	0.114	0.7	111115
287	"09:48:18"	409.5	-19.4	0.532	552	14.7	3.19	6	1	2.84	37.34	36.51	37.39	499.64	511.47	14.703	29.009	23.26	45.90	600.0	-0	100	101.6	16.7	0.114	0.7	111115
288	"09:48:19"	410.5	-19.3	0.532	552	14.7	3.19	6	1	2.84	37.34	36.51	37.39	499.66	511.47	14.708	28.999	23.28	45.89	600.0	-0	99	101.6	16.7	0.114	0.7	111115
289	"09:48:20"	412.0	-19.2	0.531	551	14.7	3.19	6	1	2.84	37.33	36.51	37.38	499.76	511.44	14.716	28.992	23.29	45.89	600.0	-0	100	101.6	16.7	0.114	0.7	111115
290	"09:48:21"	413.0	-19.1	0.53	551	14.7	3.19	6	1	2.84	37.33	36.50	37.38	499.80	511.38	14.722	28.982	23.31	45.88	600.0	-0	100	101.6	16.7	0.114	0.7	111115
291	"09:48:23"	414.5	-19	0.529	551	14.7	3.19	6	1	2.84	37.33	36.51	37.38	499.74	511.27	14.729	28.974	23.32	45.88	599.9	-0	100	101.6	16.7	0.114	0.7	111115
292	"09:48:24"	416.0	-19	0.529	550	14.7	3.19	6	1	2.84	37.32	36.51	37.37	499.65	511.11	14.736	28.967	23.34	45.88	600.0	-0	100	101.6	16.7	0.114	0.7	111115
293	"09:48:25"	417.0	-19	0.528	551	14.7	3.19	6	1	2.84	37.32	36.51	37.37	499.61	511.13	14.740	28.969	23.35	45.89	600.0	-0	99	101.6	16.7	0.114	0.7	111115
294	"09:48:27"	418.5	-19	0.528	551	14.7	3.19	6	1	2.84	37.32	36.51	37.37	499.64	511.15	14.747	28.973	23.36	45.90	600.1	-0	100	101.6	16.7	0.114	0.7	111115
295	"09:48:28"	419.5	-19.2	0.528	551	14.6	3.19	6	1	2.84	37.31	36.51	37.36	499.62	511.28	14.751	28.971	23.37	45.91	600.1	-0	100	101.6	16.7	0.114	0.7	111115
296	"09:48:29"	421.0	-19.1	0.529	551	14.6	3.19	6	1	2.84	37.31	36.50	37.36	499.63	511.24	14.756	28.975	23.39	45.92	600.0	-0	100	101.6	16.7	0.114	0.7	111115
297	"09:48:30"	422.0	-19.2	0.529	551	14.6	3.19	6	1	2.84	37.31	36.49	37.36	499.52	511.24	14.759	28.973	23.39	45.93	600.0	-0	101	101.6	16.7	0.114	0.7	111115
298	"09:48:31"	423.5	-19.2	0.53	551	14.6	3.18	6	1	2.84	37.30	36.48	37.35	499.49	511.25	14.765	28.977	23.41	45.94	600.0	-0	101	101.6	16.7	0.114	0.7	111115
299	"09:48:33"	424.5	-19.3	0.53	552	14.6	3.18	6	1	2.84	37.30	36.47	37.35	499.47	511.32	14.769	28.974	23.42	45.95	600.0	-0	101	101.6	16.7	0.114	0.7	111115
300	"09:48:34"	426.0	-19.1	0.53	551	14.6	3.18	6	1	2.84	37.30	36.47	37.35	499.62	511.27	14.777	28.973	23.44	45.95	600.1	-0	102	101.6	16.7	0.114	1.0	111115
301	"09:48:35"	427.0	-19.2	0.53	551	14.6	3.18	6	1	2.84	37.29	36.46	37.34	499.64	511.37	14.782	28.965	23.45	45.95	600.0	-0	102	101.6	16.7	0.114	1.0	111115
302	"09:48:36"	428.5	-19.1	0.529	551	14.6	3.17	6	1	2.84	37.29	36.45	37.34	499.64	511.28	14.789	28.952	23.47	45.94	600.0	-0	103	101.6	16.7	0.114	1.0	111115
303	"09:48:38"	429.5	-19	0.529	551	14.6	3.17	6	1	2.84	37.28	36.44	37.34	499.63	511.19	14.794	28.941	23.48	45.93	599.9	-0	103	101.6	16.7	0.114	1.0	111115
304	"09:48:39"	431.0	-18.7	0.529	549	14.6	3.17	6	1	2.84	37.28	36.43	37.33	499.68	510.94	14.802	28.937	23.50	45.94	600.0	-0	103	101.6	16.7	0.114	1.0	111115
305	"09:48:40"	431.5	-18.8	0.529	550	14.5	3.17	6	1	2.84	37.28	36.42	37.33	499.64	510.98	14.804	28.932	23.50	45.93	600.0	-0	103	101.6	16.7	0.114	1.0	111115
306	"09:48:41"	433.0	-19	0.529	551	14.5	3.17	6	1	2.84	37.27	36.41	37.33	499.57	511.11	14.811	28.927	23.52	45.94	600.0	-0	104	101.6	16.7	0.114	1.0	111115
307	"09:48:43"	434.5	-19	0.529	551	14.5	3.16	6	1	2.84	37.27	36.40	37.32	499.52	511.08	14.817	28.921	23.54	45.95	600.0	-0	104	101.6	16.7	0.114	1.0	111115
308	"09:48:44"	435.5	-18.9	0.529	550	14.5	3.16	6	1	2.84	37.26	36.39	37.32	499.59	511.02	14.822	28.919	23.55	45.95	600.0	-0	104	101.6	16.7	0.114	1.0	111115
309	"09:48:45"	437.0	-18.7	0.529	550	14.5	3.16	6	1	2.84	37.25	36.38	37.32	499.70	510.97	14.828	28.909	23.57	45.96	600.0	-0	104	101.6	16.7	0.114	1.0	111115
310	"09:48:46"	438.0	-18.7	0.529	550	14.5	3.16	6	1	2.84	37.25	36.38	37.31	499.74	511.08	14.833	28.901	23.59	45.95	600.0	-0	105	101.6	16.7	0.114	1.0	111115
311	"09:48:47"	439.5	-18.9	0.529	550	14.5	3.15	6	1	2.84	37.24	36.37	37.31	499.69	511.15	14.841	28.899	23.61	45.97	600.0	-0	105	101.6	16.7	0.114	1.0	111115
312	"09:48:49"	440.5	-18.8	0.529	550	14.5	3.15	6	1	2.84	37.24	36.36	37.30	499.67	511.09	14.846	28.891	23.62	45.97	600.0	-0	105	101.6	16.7	0.114	1.0	111115
313	"09:48:50"	442.0	-18.8	0.528	550	14.4	3.15	6	1	2.84	37.23	36.35	37.30	499.60	511.02	14.851	28.880	23.64	45.97	600.0	-0	105	101.6	16.7	0.114	1.0	111115
314	"09:48:51"	443.0	-19	0.528	551	14.4	3.15	6	1	2.84	37.23	36.34	37.29	499.52	511.13	14.855	28.871	23.65	45.97	600.0	-0	106	101.6	16.7	0.114	1.0	111115
315	"09:48:52"	444.5	-19.2	0.528	552	14.4	3.14	6	1	2.84	37.22	36.33	37.29	499.40	511.26	14.859	28.860	23.67	45.97	600.0	-0	106	101.6	16.7	0.114	1.0	111115
316	"09:48:54"	445.5	-19	0.528	551	14.4	3.14	6	1	2.84	37.21	36.32	37.28	499.44	511.13	14.865	28.849	23.69	45.97	600.0	-0	107	101.6	16.7	0.114	1.0	111115
317	"09:48:55"	447.0	-18.7	0.527	550	14.4	3.14	6	1	2.84	37.20	36.31	37.28	499.52	510.88	14.872	28.832	23.71	45.96	600.0	0	107	101.6	16.7	0.114	1.0	111115
318	"09:48:56"	448.0	-18.6	0.527	549	14.4	3.14	6	1	2.84	37.20	36.30	37.27	499.58	510.83	14.879	28.822	23.73	45.96	600.0	-0	107	101.6	16.7	0.114	1.0	111115
319	"09:48:57"	449.5	-18.7	0.526	550	14.3	3.14	6	1	2.84	37.19	36.29	37.27	499.59	510.95	14.887	28.806	23.75	45.96	600.0	-0	108	101.6	16.7	0.114	1.0	111115
320	"09:48:59"	450.5	-18.7	0.526	550	14.3	3.13	6	1	2.84	37.18	36.28	37.26	499.55	510.98	14.891	28.799	23.77	45.96	599.9	-0	108	101.6	16.7	0.114	1.0	111115
321	"09:49:00"	452.0	-18.8	0.526	550	14.3	3.13	6	1	2.84	37.18	36.26	37.25	499.58	511.03	14.899	28.787	23.79	45.96	600.0	-0	109	101.6	16.7	0.114	1.0	111115
322	"09:49:01"	453.0	-18.9	0.527	551	14.3	3.13	6	1	2.84	37.17	36.25	37.25	499.53	511.10	14.903	28.787	23.80	45.98	600.0	-0	109	101.6	16.7	0.114	1.0	111115
323	"09:49:02"	454.5	-19.1	0.527	552	14.3	3.12	6	1	2.84	37.16	36.24	37.24	499.50	511.32	14.910	28.787	23.82	46.00	600.1	-0	109	101.6	16.7	0.114	1.0	111115
324	"09:49:04"	455.5	-19.3	0.527	553	14.3	3.12	6	1	2.84	37.15	36.23	37.24	499.45	511.49	14.915	28.777	23.84	46.00	600.0	-0	109	101.6	16.7	0.114	1.0	111115
325	"09:49:05"	457.0	-19.1	0.526	552	14.2	3.12	6	1	2.84	37.15	36.22	37.23	499.49	511.32	14.922	28.760	23.86	45.99	600.0	-0	109	101.6	16.7	0.114	1.0	111115
326	"09:49:06"	458.0	-18.8	0.526	551	14.2	3.12	6	1	2.84	37.14	36.21	37.22	499.54	511.10	14.926	28.747	23.88	45.99	599.9	-0	109	101.6	16.7	0.114	1.0	111115
327	"09:49:07"	459.5	-18.5	0.526	549	14.2	3.11	6	1	2.84	37.13	36.20	37.22	499.58	510.79	14.934	28.736	23.90	45.99	600.0	-0	110	101.6	16.7	0.114	1.0	111115
328	"09:49:09"	460.5	-18.4	0.525	549	14.2	3.11	6	1	2.84	37.12	36.19	37.21	499.50	510.69	14.938	28.728	23.92	46.00	600.0	-0	110	101.6	16.7	0.114	1.0	111115
329	"09:49:10"	462.0	-18.5	0.525	549	14.2	3.11	6	1	2.84	37.11	36.18	37.20	499.47	510.70	14.945	28.720	23.94	46.01	600.0	-0	110	101.6	16.7	0.114	1.0	111115
330	"09:49:11"	463.0	-18.5	0.525	550	14.2	3.11	6	1	2.84	37.11	36.17	37.20	499.48	510.76	14.949	28.716	23.96	46.02	600.0	0	110	101.6	16.7	0.114	1.0	111115
331	"09:49:12"	464.5	-18.6	0.526	550	14.2	3.1	6	1	2.84	37.10	36.15	37.19	499.48	510.84	14.957	28.712	23.98	46.04	600.0	-0	110	101.6	16.7	0.114	1.0	111115
332	"09:49:14"	465.5	-18.7	0.526	550	14.2	3.1	6	1	2.84	37.09	36.15	37.18	499.49	510.93	14.962	28.707	24.00	46.05	600.0	-0	110	101.6	16.7	0.114	1.0	111115
333	"09:49:15"	467.0	-18.9	0.525	551	14.1	3.1	6	1	2.84	37.08	36.14	37.17	499.43	511.09	14.967	28.696	24.02	46.06	600.0	-0	110	101.6	16.7	0.114	1.0	111115
334	"09:49:16"	468.0	-18.8	0.525	551	14.1	3.1	6	1	2.84	37.07	36.13	37.17	499.44	511.03	14.971	28.686	24.04	46.06	600.0	0	110	101.6	16.7	0.114	1.0	111115
335	"09:49:17"	469.5	-18.7	0.525	551	14.1	3.09	6	1	2.84	37.06	36.12	37.16	499.48	510.95	14.979	28.679	24.06	46.07	600.0	-0	110	101.6	16.7	0.114	1.0	111115
336	"09:49:19"	470.5	-18.6	0.525	550	14.1	3.09	6	1	2.84	37.06	36.11	37.15	499.48	510.86	14.983	28.674	24.08	46.08	600.0	-0	110	101.6	16.7	0.114	0.7	111115
337	"09:49:20"	472.0	-18.4	0.525	549	14.1	3.09	6	1	2.84	37.05	36.10	37.15	499.51	510.75	14.991	28.669	24.10	46.09	600.0	-0	109	101.6	16.7	0.114	0.7	111115
338	"09:49:21"	473.0	-18.6	0.525	550	14.1	3.09	6	1	2.84	37.04	36.10	37.14	499.46	510.90	14.995	28.663	24.12	46.10	600.1	-0	109	101.6	16.7	0.114	0.7	111115
339	"09:49:22"	474.5	-18.7	0.524	551	14.1	3.09	6	1	2.84	37.03	36.09	37.13	499.46	510.99	15.001	28.653	24.14	46.10	600.0	-0	109	101.6	16.7	0.114	1.0	111115
340	"09:49:24"	475.5	-18.7	0.524	551	14	3.08	6	1	2.84	37.03	36.08	37.13	499.48	510.96	15.005	28.650	24.15	46.11	600.0	-0	109	101.6	16.7	0.114	1.0	111115
341	"09:49:25"	477.0	-18.5	0.524	550	14	3.08	6	1	2.84	37.02	36.07	37.12	499.53	510.88	15.012	28.641	24.17	46.12	600.0	-0	109	101.6	16.7	0.114	1.0	111115
342	"09:49:26"	478.0	-18.4	0.525	550	14	3.08	6	1	2.84	37.01	36.07	37.11	499.54	510.81	15.016	28.645	24.19	46.14	600.0	-0	109	101.6	16.7	0.114	1.0	111115
343	"09:49:27"	479.5	-18.5	0.524	550	14	3.08	6	1	2.84	37.01	36.06	37.10	499.51	510.85	15.024	28.631	24.21	46.14	600.0	-0	109	101.6	16.7	0.114	1.0	111115
344	"09:49:29"	480.5	-18.5	0.524	550	14	3.08	6	1	2.84	37.00	36.06	37.10	499.45	510.79	15.027	28.633	24.22	46.16	600.0	-0	109	101.6	16.7	0.114	1.0	111115
345	"09:49:30"	482.0	-18.8	0.524	551	14	3.07	6	1	2.84	36.99	36.05	37.09	499.32	510.95	15.032	28.623	24.24	46.16	600.0	-0	109	101.6	16.7	0.114	1.0	111115
346	"09:49:31"	483.0	-18.8	0.524	551	14	3.07	6	1	2.84	36.99	36.04	37.09	499.31	511.01	15.036	28.622	24.26	46.17	600.0	-0	108	101.6	16.7	0.114	1.0	111115
347	"09:49:32"	484.5	-19	0.523	552	14	3.07	6	1	2.84	36.98	36.04	37.08	499.30	511.20	15.044	28.620	24.28	46.18	600.0	-0	108	101.6	16.7	0.114	1.0	111115
348	"09:49:34"	485.5	-18.8	0.523	552	14	3.07	6	1	2.84	36.98	36.04	37.07	499.36	511.07	15.049	28.615	24.29	46.19	600.0	-0	108	101.6	16.7	0.114	1.0	111115
349	"09:49:35"	487.0	-18.8	0.523	551	14	3.07	6	1	2.84	36.97	36.04	37.07	499.39	511.05	15.055	28.613	24.31	46.20	600.0	-0	108	101.6	16.7	0.114	1.0	111115
350	"09:49:36"	487.5	-18.8	0.523	551	14	3.07	6	1	2.84	36.97	36.04	37.06	499.38	511.04	15.057	28.616	24.31	46.21	600.0	-0	108	101.6	16.7	0.114	1.0	111115
351	"09:49:37"	489.0	-18.8	0.523	551	13.9	3.07	6	1	2.84	36.96	36.03	37.06	499.37	511.05	15.063	28.613	24.33	46.22	600.0	-0	108	101.6	16.7	0.114	1.0	111115
352	"09:49:38"	490.5	-18.8	0.522	551	13.9	3.07	6	1	2.84	36.95	36.03	37.05	499.38	511.02	15.070	28.605	24.35	46.23	600.0	-0	108	101.6	16.7	0.114	1.0	111115
353	"09:49:40"	491.5	-18.6	0.522	551	13.9	3.07	6	1	2.84	36.95	36.02	37.05	499.41	510.91	15.075	28.599	24.37	46.23	600.0	-0	108	101.6	16.7	0.114	1.0	111115
354	"09:49:41"	492.0	-18.6	0.522	551	13.9	3.07	6	1	2.84	36.95	36.02	37.04	499.39	510.91	15.077	28.596	24.37	46.23	600.1	-0	108	101.6	16.7	0.114	1.0	111115
355	"09:49:42"	493.0	-18.6	0.522	551	13.9	3.07	6	1	2.84	36.94	36.01	37.04	499.41	510.88	15.082	28.594	24.39	46.24	600.0	-0	108	101.6	16.7	0.114	1.0	111115
356	"09:49:43"	495.0	-18.7	0.521	551	13.9	3.06	6	1	2.84	36.93	36.00	37.03	499.39	510.98	15.092	28.585	24.41	46.24	600.0	-0	108	101.6	16.7	0.114	1.0	111115
357	"09:49:44"	496.0	-18.7	0.521	551	13.9	3.06	6	1	2.84	36.93	36.00	37.03	499.41	510.97	15.096	28.576	24.43	46.24	600.0	-0	108	101.6	16.7	0.114	1.0	111115
358	"09:49:45"	496.5	-18.5	0.521	551	13.9	3.06	6	1	2.84	36.93	36.00	37.03	499.48	510.91	15.098	28.574	24.43	46.24	600.0	-0	108	101.6	16.7	0.114	1.0	111115
359	"09:49:46"	497.5	-18.4	0.521	550	13.9	3.06	6	1	2.84	36.92	36.00	37.02	499.55	510.83	15.104	28.574	24.45	46.25	600.0	-0	108	101.6	16.7	0.114	1.0	111115
360	"09:49:47"	498.5	-18.3	0.52	550	13.9	3.06	6	1	2.84	36.92	35.99	37.02	499.59	510.77	15.109	28.570	24.46	46.25	599.9	-0	109	101.6	16.7	0.114	1.0	111115
361	"09:49:49"	500.5	-18.4	0.52	550	13.8	3.06	6	1	2.84	36.91	35.99	37.01	499.60	510.93	15.116	28.569	24.48	46.27	599.9	-0	108	101.6	16.7	0.114	1.0	111115
362	"09:49:50"	502.0	-18.5	0.52	551	13.8	3.06	6	1	2.84	36.91	35.99	37.00	499.51	510.98	15.122	28.564	24.50	46.27	600.0	-0	108	101.6	16.7	0.114	1.0	111115
363	"09:49:51"	502.5	-18.5	0.519	551	13.8	3.06	6	1	2.84	36.91	35.99	37.00	499.52	510.98	15.124	28.562	24.50	46.27	600.0	-0	108	101.6	16.7	0.114	1.0	111115
364	"09:49:52"	504.0	-18.4	0.519	550	13.8	3.06	6	1	2.84	36.90	35.98	37.00	499.52	510.88	15.132	28.557	24.52	46.28	600.0	-0	108	101.6	16.7	0.114	1.0	111115
365	"09:49:53"	504.5	-18.4	0.519	550	13.8	3.06	6	1	2.84	36.90	35.98	36.99	499.51	510.86	15.134	28.554	24.53	46.28	600.0	-0	108	101.6	16.7	0.114	1.0	111115
366	"09:49:55"	506.5	-18.6	0.519	551	13.8	3.06	6	1	2.84	36.90	35.97	36.99	499.45	511.02	15.142	28.550	24.55	46.29	600.0	-0	108	101.6	16.7	0.114	1.0	111115
367	"09:49:56"	507.0	-18.6	0.519	551	13.8	3.06	6	1	2.84	36.89	35.97	36.99	499.45	510.96	15.145	28.551	24.56	46.29	600.0	-0	108	101.6	16.7	0.114	1.0	111115
368	"09:49:57"	508.0	-18.7	0.519	551	13.8	3.06	6	1	2.84	36.89	35.97	36.98	499.42	511.02	15.148	28.553	24.56	46.30	600.0	-0	108	101.6	16.7	0.114	1.0	111115
369	"09:49:58"	510.0	-18.7	0.518	552	13.8	3.06	6	1	2.84	36.88	35.97	36.98	499.45	511.09	15.157	28.550	24.59	46.31	600.0	-0	108	101.6	16.7	0.114	1.0	111115
370	"09:49:59"	511.0	-18.6	0.518	551	13.8	3.06	6	1	2.84	36.88	35.97	36.97	499.54	511.09	15.162	28.544	24.60	46.31	600.0	-0	108	101.6	16.7	0.114	1.0	111115
371	"09:50:00"	512.5	-18.5	0.518	551	13.8	3.05	6	1	2.84	36.88	35.96	36.97	499.54	511.05	15.169	28.543	24.62	46.32	600.0	-0	108	101.6	16.7	0.114	1.0	111115
372	"09:50:01"	513.0	-18.5	0.518	551	13.8	3.05	6	1	2.84	36.88	35.96	36.97	499.56	510.99	15.171	28.542	24.62	46.32	600.0	-0	108	101.6	16.7	0.114	1.0	111115
373	"09:50:03"	514.5	-18.5	0.517	551	13.8	3.05	6	1	2.84	36.87	35.96	36.96	499.48	510.96	15.178	28.542	24.64	46.33	600.0	-0	108	101.6	16.7	0.114	1.0	111115
374	"09:50:04"	516.0	-18.8	0.517	552	13.7	3.06	6	1	2.84	36.87	35.96	36.96	499.40	511.18	15.185	28.539	24.65	46.33	600.0	-0	108	101.6	16.7	0.114	1.0	111115
375	"09:50:05"	516.5	-19	0.517	553	13.7	3.06	6	1	2.84	36.87	35.96	36.96	499.37	511.30	15.187	28.537	24.66	46.34	600.0	-0	108	101.6	16.7	0.114	1.0	111115
376	"09:50:06"	518.0	-19	0.516	553	13.7	3.06	6	1	2.84	36.86	35.96	36.95	499.38	511.35	15.193	28.538	24.67	46.35	600.0	-0	108	101.6	16.7	0.114	1.0	111115
377	"09:50:07"	519.5	-18.9	0.516	553	13.7	3.06	6	1	2.84	36.86	35.96	36.95	499.33	511.18	15.200	28.532	24.69	46.35	600.0	-0	108	101.6	16.7	0.114	0.7	111115
378	"09:50:09"	520.0	-18.8	0.516	552	13.7	3.05	6	1	2.84	36.86	35.96	36.95	499.35	511.12	15.202	28.531	24.70	46.35	600.0	-0	108	101.6	16.7	0.114	0.7	111115
379	"09:50:10"	521.0	-18.6	0.516	551	13.7	3.05	6	1	2.84	36.86	35.95	36.94	499.34	510.93	15.206	28.529	24.71	46.35	600.0	-0	108	101.6	16.7	0.114	1.0	111115
380	"09:50:11"	523.0	-18.9	0.516	553	13.7	3.05	6	1	2.84	36.85	35.95	36.94	499.36	511.24	15.216	28.528	24.73	46.36	600.0	-0	108	101.6	16.7	0.114	1.0	111115
381	"09:50:12"	524.0	-18.8	0.516	552	13.7	3.05	6	1	2.84	36.85	35.94	36.93	499.39	511.18	15.220	28.527	24.74	46.37	600.0	-0	108	101.6	16.7	0.114	1.0	111115
382	"09:50:13"	525.5	-18.5	0.515	551	13.7	3.05	6	1	2.84	36.84	35.94	36.93	499.49	511.01	15.228	28.524	24.76	46.37	600.0	-0	108	101.6	16.7	0.114	1.0	111115
383	"09:50:15"	526.5	-18.6	0.515	552	13.7	3.05	6	1	2.84	36.84	35.94	36.93	499.43	511.06	15.233	28.519	24.77	46.37	600.0	-0	108	101.6	16.7	0.114	1.0	111115
384	"09:50:16"	528.0	-18.5	0.515	551	13.7	3.05	6	1	2.84	36.84	35.93	36.92	499.46	510.93	15.238	28.519	24.78	46.38	600.0	-0	108	101.6	16.7	0.114	1.0	111115
385	"09:50:17"	529.0	-18.6	0.515	552	13.7	3.05	6	1	2.84	36.83	35.92	36.92	499.41	511.00	15.241	28.513	24.79	46.38	600.0	-0	108	101.6	16.7	0.114	1.0	111115
386	"09:50:18"	530.5	-18.5	0.516	551	13.7	3.04	6	1	2.84	36.83	35.92	36.91	499.52	511.04	15.248	28.517	24.81	46.40	600.0	-0	108	101.6	16.7	0.114	1.0	111115
387	"09:50:20"	531.5	-18.6	0.516	552	13.7	3.04	6	1	2.84	36.83	35.91	36.91	499.50	511.09	15.254	28.519	24.82	46.41	600.0	-0	108	101.6	16.7	0.114	1.0	111115
388	"09:50:21"	533.0	-18.5	0.516	551	13.6	3.04	6	1	2.84	36.82	35.91	36.91	499.48	511.01	15.260	28.517	24.84	46.42	600.0	-0	109	101.6	16.7	0.114	1.0	111115
389	"09:50:22"	534.0	-18.5	0.515	551	13.6	3.04	6	1	2.84	36.82	35.90	36.90	499.44	510.99	15.266	28.512	24.85	46.42	600.0	-0	109	101.6	16.7	0.114	1.0	111115
390	"09:50:23"	535.5	-18.6	0.515	552	13.6	3.04	6	1	2.84	36.81	35.90	36.90	499.36	510.99	15.272	28.506	24.87	46.42	600.0	-0	109	101.6	16.7	0.114	1.0	111115
391	"09:50:25"	536.5	-18.6	0.514	552	13.6	3.04	6	1	2.84	36.81	35.90	36.90	499.34	511.02	15.276	28.499	24.88	46.42	600.0	-0	109	101.6	16.7	0.114	1.0	111115
392	"09:50:26"	538.0	-18.6	0.514	552	13.6	3.04	6	1	2.84	36.80	35.90	36.89	499.35	510.97	15.282	28.496	24.90	46.43	599.9	-0	109	101.6	16.7	0.114	1.0	111115
393	"09:50:27"	539.0	-18.7	0.514	552	13.6	3.04	6	1	2.84	36.80	35.89	36.89	499.30	511.04	15.286	28.488	24.91	46.42	600.0	-0	110	101.6	16.7	0.114	1.0	111115
394	"09:50:28"	540.5	-18.7	0.514	552	13.6	3.03	6	1	2.84	36.80	35.88	36.88	499.32	511.05	15.293	28.481	24.93	46.42	600.0	-0	110	101.6	16.7	0.114	1.0	111115
395	"09:50:30"	541.5	-18.7	0.513	553	13.6	3.03	6	1	2.84	36.79	35.87	36.88	499.30	511.10	15.299	28.476	24.94	46.42	600.0	-0	110	101.6	16.7	0.114	1.0	111115
396	"09:50:31"	543.0	-18.7	0.513	552	13.6	3.03	6	1	2.84	36.79	35.87	36.88	499.39	511.15	15.307	28.479	24.96	46.44	599.9	-0	111	101.6	16.7	0.114	1.0	111115
397	"09:50:32"	544.0	-18.7	0.513	553	13.5	3.03	6	1	2.84	36.79	35.86	36.87	499.38	511.17	15.312	28.476	24.97	46.44	599.9	-0	111	101.6	16.7	0.114	1.0	111115
398	"09:50:33"	545.5	-18.7	0.514	553	13.5	3.03	6	1	2.84	36.78	35.86	36.87	499.44	511.22	15.318	28.482	24.99	46.47	600.0	0	111	101.6	16.7	0.114	1.0	111115
399	"09:50:35"	546.5	-18.7	0.514	553	13.5	3.03	6	1	2.84	36.78	35.85	36.87	499.44	511.25	15.321	28.474	25.00	46.47	600.0	-0	112	101.6	16.7	0.114	1.0	111115
400	"09:50:36"	548.0	-18.5	0.514	552	13.5	3.02	6	1	2.84	36.77	35.84	36.86	499.51	511.11	15.326	28.465	25.02	46.47	600.0	-0	112	101.6	16.7	0.114	1.0	111115
401	"09:50:37"	549.0	-18.5	0.513	552	13.5	3.02	6	1	2.84	36.77	35.83	36.86	499.49	511.11	15.331	28.455	25.03	46.46	600.0	-0	113	101.6	16.7	0.114	1.0	111115
402	"09:50:38"	550.5	-18.6	0.513	552	13.5	3.02	6	1	2.84	36.76	35.82	36.85	499.42	511.11	15.339	28.444	25.05	46.46	600.0	-0	114	101.6	16.7	0.114	1.0	111115
403	"09:50:40"	551.5	-18.6	0.513	552	13.5	3.02	6	1	2.84	36.76	35.81	36.85	499.33	511.03	15.343	28.439	25.06	46.46	600.0	-0	114	101.6	16.7	0.114	1.0	111115
404	"09:50:41"	553.0	-18.6	0.513	552	13.5	3.01	6	1	2.84	36.75	35.80	36.84	499.35	511.05	15.351	28.436	25.09	46.47	600.0	-0	115	101.6	16.7	0.114	1.0	111115
405	"09:50:42"	554.0	-18.6	0.513	552	13.5	3.01	6	1	2.84	36.74	35.80	36.84	499.34	511.03	15.355	28.429	25.10	46.47	600.0	-0	115	101.6	16.7	0.114	1.0	111115
406	"09:50:43"	555.5	-18.5	0.512	552	13.4	3.01	6	1	2.84	36.74	35.79	36.83	499.39	511.03	15.362	28.429	25.12	46.49	600.0	-0	116	101.6	16.7	0.114	1.0	111115
407	"09:50:45"	556.5	-18.6	0.512	552	13.4	3.01	6	1	2.84	36.73	35.79	36.83	499.35	511.07	15.365	28.430	25.13	46.50	600.0	-0	116	101.6	16.7	0.114	1.0	111115
408	"09:50:46"	558.0	-18.4	0.512	552	13.4	3.01	6	1	2.84	36.73	35.79	36.82	499.43	510.98	15.371	28.424	25.15	46.50	600.0	-0	116	101.6	16.7	0.114	1.0	111115
409	"09:50:47"	559.0	-18.4	0.512	552	13.4	3.01	6	1	2.84	36.72	35.79	36.82	499.42	510.98	15.377	28.421	25.16	46.51	600.0	-0	116	101.6	16.7	0.114	1.0	111115
410	"09:50:48"	560.5	-18.5	0.511	552	13.4	3.01	6	1	2.84	36.72	35.79	36.82	499.45	511.13	15.383	28.415	25.18	46.52	600.0	-0	117	101.6	16.7	0.114	1.0	111115
411	"09:50:50"	561.5	-18.6	0.511	553	13.4	3.01	6	1	2.84	36.71	35.79	36.81	499.41	511.15	15.388	28.419	25.19	46.53	600.0	-0	117	101.6	16.7	0.114	1.0	111115
412	"09:50:51"	563.0	-18.7	0.51	553	13.4	3.01	6	1	2.84	36.71	35.79	36.81	499.27	511.11	15.394	28.409	25.21	46.53	600.0	-0	118	101.6	16.7	0.114	1.0	111115
413	"09:50:52"	564.0	-18.6	0.51	553	13.4	3.01	6	1	2.84	36.71	35.78	36.80	499.22	510.97	15.399	28.403	25.23	46.53	600.0	-0	118	101.6	16.7	0.114	1.0	111115
414	"09:50:53"	565.5	-18.6	0.509	552	13.4	3.01	6	1	2.84	36.70	35.78	36.80	499.22	510.94	15.406	28.402	25.24	46.54	600.0	-0	119	101.6	16.7	0.114	1.0	111115
415	"09:50:55"	566.5	-18.6	0.509	553	13.4	3.01	6	1	2.84	36.70	35.78	36.79	499.28	511.03	15.412	28.403	25.26	46.55	599.9	-0	119	101.6	16.7	0.114	1.0	111115
416	"09:50:56"	568.0	-18.6	0.509	553	13.4	3.01	6	1	2.84	36.69	35.78	36.79	499.26	511.06	15.417	28.406	25.27	46.56	600.0	-0	119	101.6	16.7	0.114	1.0	111115
417	"09:50:57"	569.0	-18.7	0.509	553	13.4	3.01	6	1	2.84	36.69	35.78	36.78	499.26	511.10	15.419	28.402	25.28	46.57	600.0	-0	120	101.6	16.7	0.114	1.0	111115
418	"09:50:58"	570.5	-18.9	0.509	554	13.4	3.01	6	1	2.84	36.68	35.77	36.78	499.19	511.22	15.425	28.399	25.30	46.58	600.0	-0	121	101.6	16.7	0.114	1.0	111115
419	"09:51:00"	571.5	-18.8	0.509	554	13.3	3.01	6	1	2.84	36.68	35.77	36.77	499.25	511.21	15.430	28.393	25.31	46.57	600.0	-0	121	101.6	16.7	0.114	1.0	111115
420	"09:51:01"	573.0	-18.7	0.508	553	13.3	3.01	6	1	2.84	36.68	35.77	36.77	499.31	511.16	15.440	28.393	25.33	46.58	600.0	-0	121	101.6	16.7	0.114	1.0	111115
421	"09:51:02"	574.0	-18.5	0.508	552	13.3	3.01	6	1	2.84	36.67	35.77	36.77	499.32	510.98	15.444	28.396	25.34	46.60	600.0	-0	122	101.6	16.7	0.114	1.0	111115
422	"09:51:03"	575.5	-18.5	0.508	552	13.3	3.01	6	1	2.84	36.67	35.76	36.76	499.32	510.97	15.450	28.401	25.36	46.62	600.0	-0	122	101.6	16.7	0.114	1.0	111115
423	"09:51:05"	576.5	-18.4	0.509	552	13.3	3	6	1	2.84	36.67	35.76	36.76	499.31	510.94	15.453	28.402	25.37	46.62	600.0	-0	123	101.6	16.7	0.114	1.0	111115
424	"09:51:06"	578.0	-18.5	0.508	552	13.3	3	6	1	2.84	36.66	35.76	36.75	499.37	511.06	15.459	28.401	25.38	46.63	600.0	-0	123	101.6	16.7	0.114	1.0	111115
425	"09:51:07"	579.0	-18.5	0.508	552	13.3	3	6	1	2.84	36.66	35.76	36.75	499.42	511.08	15.465	28.404	25.39	46.64	600.0	0	124	101.6	16.7	0.114	1.0	111115
426	"09:51:08"	580.5	-18.6	0.507	553	13.3	3.01	6	1	2.84	36.66	35.76	36.74	499.35	511.16	15.471	28.391	25.41	46.63	600.0	-0	124	101.6	16.7	0.114	1.0	111115
427	"09:51:10"	581.5	-18.6	0.507	553	13.3	3	6	1	2.84	36.65	35.76	36.74	499.32	511.15	15.475	28.387	25.42	46.63	600.0	-0	124	101.6	16.7	0.114	1.0	111115
428	"09:51:11"	583.0	-18.7	0.506	554	13.3	3	6	1	2.84	36.65	35.75	36.74	499.32	511.26	15.482	28.377	25.44	46.62	600.0	-0	125	101.6	16.7	0.114	1.0	111115
429	"09:51:12"	584.0	-18.7	0.506	554	13.3	3	6	1	2.84	36.65	35.75	36.74	499.36	511.26	15.485	28.377	25.44	46.63	600.0	-0	125	101.6	16.7	0.114	1.0	111115
430	"09:51:13"	585.5	-18.6	0.506	553	13.3	3	6	1	2.84	36.64	35.75	36.73	499.38	511.24	15.492	28.374	25.46	46.63	600.0	-0	126	101.6	16.7	0.114	1.0	111115
431	"09:51:15"	586.5	-18.4	0.505	552	13.3	3	6	1	2.84	36.64	35.75	36.73	499.38	511.00	15.496	28.375	25.47	46.64	600.0	-0	126	101.6	16.7	0.114	1.0	111115
432	"09:51:16"	588.0	-18.4	0.506	552	13.3	3	6	1	2.84	36.64	35.75	36.72	499.41	510.99	15.503	28.382	25.49	46.66	600.0	-0	127	101.6	16.7	0.114	1.0	111115
433	"09:51:17"	589.0	-18.4	0.506	552	13.3	3	6	1	2.84	36.64	35.75	36.72	499.37	510.96	15.507	28.384	25.50	46.67	600.0	-0	127	101.6	16.7	0.114	1.0	111115
434	"09:51:18"	590.5	-18.4	0.506	552	13.2	3	6	1	2.84	36.63	35.74	36.72	499.42	511.02	15.513	28.383	25.51	46.68	600.0	-0	128	101.6	16.7	0.114	1.0	111115
435	"09:51:20"	591.5	-18.4	0.506	552	13.2	3	6	1	2.84	36.63	35.74	36.71	499.40	511.00	15.517	28.381	25.52	46.68	600.0	-0	128	101.6	16.7	0.114	1.0	111115
436	"09:51:21"	593.0	-18.4	0.505	553	13.2	3	6	1	2.84	36.63	35.74	36.71	499.39	511.05	15.523	28.378	25.54	46.68	600.0	-0	129	101.6	16.7	0.114	1.0	111115
437	"09:51:22"	594.0	-18.5	0.506	553	13.2	3	6	1	2.84	36.63	35.74	36.71	499.38	511.16	15.526	28.381	25.54	46.69	600.0	-0	129	101.6	16.7	0.114	1.0	111115
438	"09:51:23"	595.5	-18.6	0.506	553	13.2	3	6	1	2.84	36.62	35.73	36.70	499.31	511.15	15.531	28.383	25.56	46.71	600.0	-0	130	101.6	16.7	0.114	1.0	111115
439	"09:51:25"	596.5	-18.8	0.506	554	13.2	2.99	6	1	2.84	36.62	35.72	36.70	499.30	511.30	15.536	28.380	25.57	46.70	600.0	-0	130	101.6	16.7	0.114	1.0	111115
440	"09:51:26"	597.0	-18.7	0.506	554	13.2	2.99	6	1	2.84	36.62	35.72	36.70	499.31	511.27	15.538	28.384	25.57	46.71	600.0	-0	130	101.6	16.7	0.114	1.0	111115
441	"09:51:27"	599.0	-18.5	0.506	553	13.2	2.99	6	1	2.84	36.62	35.72	36.69	499.32	511.02	15.548	28.379	25.59	46.72	600.0	-0	131	101.6	16.7	0.114	1.0	111115
442	"09:51:28"	600.0	-18.5	0.505	553	13.2	2.99	6	1	2.84	36.61	35.72	36.69	499.29	511.05	15.552	28.377	25.61	46.72	600.0	-0	131	101.6	16.7	0.114	1.0	111115
443	"09:51:29"	601.5	-18.4	0.504	553	13.2	2.99	6	1	2.84	36.61	35.72	36.69	499.31	510.99	15.558	28.371	25.62	46.72	600.0	-0	131	101.6	16.7	0.114	1.0	111115
444	"09:51:31"	602.5	-18.4	0.504	553	13.2	2.99	6	1	2.84	36.61	35.72	36.69	499.29	510.94	15.561	28.371	25.63	46.73	600.0	-0	131	101.6	16.7	0.114	1.0	111115
445	"09:51:32"	604.0	-18.4	0.504	553	13.2	2.99	6	1	2.84	36.60	35.72	36.68	499.33	510.97	15.567	28.372	25.64	46.73	600.0	-0	131	101.6	16.7	0.114	1.0	111115
446	"09:51:33"	605.0	-18.4	0.504	553	13.2	2.99	6	1	2.84	36.60	35.71	36.68	499.36	511.05	15.571	28.371	25.65	46.74	600.0	-0	131	101.6	16.7	0.114	1.0	111115
447	"09:51:34"	606.5	-18.3	0.504	552	13.2	2.99	6	1	2.84	36.60	35.71	36.68	499.46	511.00	15.578	28.367	25.67	46.74	600.1	-0	131	101.6	16.7	0.114	1.0	111115
448	"09:51:36"	607.0	-18.3	0.503	552	13.2	2.99	6	1	2.84	36.60	35.71	36.68	499.46	511.02	15.581	28.364	25.67	46.74	600.1	-0	131	101.6	16.7	0.114	1.0	111115
449	"09:51:37"	609.0	-18.2	0.503	552	13.1	2.99	6	1	2.84	36.59	35.71	36.67	499.48	510.96	15.589	28.361	25.69	46.74	600.0	-0	130	101.6	16.7	0.114	1.0	111115
450	"09:51:38"	610.0	-18.3	0.503	552	13.1	2.99	6	1	2.84	36.59	35.71	36.67	499.42	511.01	15.594	28.362	25.70	46.75	600.0	-0	129	101.6	16.7	0.114	1.0	111115
451	"09:51:39"	611.5	-18.3	0.502	553	13.1	2.99	6	1	2.84	36.59	35.71	36.67	499.36	510.98	15.599	28.360	25.72	46.75	600.0	-0	128	101.6	16.7	0.114	1.0	111115
452	"09:51:41"	612.5	-18.4	0.503	553	13.1	2.99	6	1	2.84	36.59	35.71	36.66	499.38	511.07	15.604	28.364	25.73	46.77	600.0	-0	128	101.6	16.7	0.114	1.0	111115
453	"09:51:42"	614.0	-18.5	0.502	554	13.1	2.99	6	1	2.84	36.58	35.70	36.66	499.39	511.22	15.610	28.360	25.74	46.77	600.0	-0	127	101.6	16.7	0.114	1.0	111115
454	"09:51:43"	615.0	-18.7	0.502	554	13.1	2.99	6	1	2.84	36.58	35.70	36.66	499.32	511.35	15.615	28.360	25.75	46.77	600.0	-0	127	101.6	16.7	0.114	1.0	111115
455	"09:51:44"	616.5	-18.6	0.502	554	13.1	2.99	6	1	2.84	36.58	35.70	36.66	499.33	511.28	15.620	28.357	25.76	46.77	600.0	-0	126	101.6	16.7	0.114	1.0	111115
456	"09:51:46"	617.5	-18.7	0.502	554	13.1	2.99	6	1	2.84	36.58	35.69	36.65	499.34	511.31	15.624	28.358	25.77	46.78	600.0	-0	125	101.6	16.7	0.114	0.7	111115
457	"09:51:47"	619.0	-18.5	0.502	554	13.1	2.99	6	1	2.84	36.58	35.70	36.65	499.36	511.21	15.630	28.359	25.79	46.79	600.0	-0	125	101.6	16.7	0.114	0.7	111115
458	"09:51:48"	620.0	-18.6	0.501	554	13.1	2.99	6	1	2.84	36.57	35.70	36.65	499.31	511.18	15.635	28.355	25.80	46.78	600.0	-0	124	101.6	16.7	0.114	0.7	111115
459	"09:51:49"	621.5	-18.4	0.501	553	13.1	2.99	6	1	2.84	36.57	35.69	36.65	499.24	510.97	15.640	28.352	25.81	46.78	600.0	-0	123	101.6	16.7	0.114	0.7	111115
460	"09:51:51"	622.5	-18.4	0.501	553	13.1	2.99	6	1	2.84	36.57	35.69	36.64	499.20	510.90	15.644	28.350	25.82	46.79	600.0	-0	123	101.6	16.7	0.114	1.0	111115
461	"09:51:52"	623.0	-18.3	0.501	553	13.1	2.99	6	1	2.84	36.57	35.69	36.64	499.23	510.87	15.645	28.345	25.82	46.78	600.0	-0	122	101.6	16.7	0.114	1.0	111115
462	"09:51:53"	625.0	-18.3	0.5	553	13.1	2.99	6	1	2.84	36.57	35.68	36.64	499.22	510.82	15.654	28.344	25.84	46.79	600.0	-0	121	101.6	16.7	0.114	1.0	111115
463	"09:51:54"	626.0	-18.2	0.5	552	13	2.99	6	1	2.84	36.56	35.68	36.64	499.30	510.80	15.658	28.338	25.85	46.78	600.0	-0	121	101.6	16.7	0.114	1.0	111115
464	"09:51:55"	627.5	-18.1	0.5	552	13	2.99	6	1	2.84	36.56	35.68	36.63	499.39	510.81	15.665	28.335	25.87	46.79	600.0	-0	120	101.6	16.7	0.114	1.0	111115
465	"09:51:57"	628.5	-18.1	0.499	552	13	2.99	6	1	2.84	36.56	35.68	36.63	499.45	510.84	15.668	28.333	25.87	46.79	600.0	-0	119	101.6	16.7	0.114	0.7	111115
466	"09:51:58"	630.0	-18.1	0.499	552	13	2.99	6	1	2.84	36.55	35.68	36.63	499.43	510.89	15.674	28.335	25.89	46.80	600.0	-0	119	101.6	16.7	0.114	0.7	111115
467	"09:51:59"	631.0	-18.3	0.499	553	13	2.99	6	1	2.84	36.55	35.68	36.63	499.35	510.98	15.677	28.340	25.90	46.81	600.0	-0	118	101.6	16.7	0.114	0.7	111115
468	"09:52:00"	632.5	-18.4	0.499	553	13	2.99	6	1	2.84	36.55	35.68	36.62	499.26	511.01	15.684	28.333	25.91	46.81	600.1	-0	118	101.6	16.7	0.114	0.7	111115
469	"09:52:02"	633.5	-18.5	0.498	554	13	2.99	6	1	2.84	36.55	35.68	36.62	499.24	511.11	15.689	28.330	25.92	46.81	600.1	-0	118	101.6	16.7	0.114	0.7	111115
470	"09:52:03"	635.0	-18.6	0.498	554	13	2.98	6	1	2.84	36.54	35.67	36.62	499.23	511.14	15.695	28.320	25.94	46.80	600.0	-0	117	101.6	16.7	0.114	1.0	111115
471	"09:52:04"	636.0	-18.5	0.498	554	13	2.98	6	1	2.84	36.54	35.67	36.62	499.23	511.10	15.698	28.319	25.95	46.81	600.0	-0	117	101.6	16.7	0.114	1.0	111115
472	"09:52:05"	637.5	-18.5	0.498	554	13	2.98	6	1	2.84	36.54	35.67	36.61	499.23	511.07	15.705	28.323	25.96	46.82	600.0	-0	116	101.6	16.7	0.114	1.0	111115
473	"09:52:06"	638.0	-18.5	0.498	554	13	2.98	6	1	2.84	36.54	35.67	36.61	499.25	511.11	15.708	28.328	25.97	46.83	600.0	-0	116	101.6	16.7	0.114	1.0	111115
474	"09:52:08"	639.5	-18.4	0.497	554	13	2.98	6	1	2.84	36.54	35.67	36.61	499.29	511.06	15.715	28.320	25.98	46.82	600.0	-0	116	101.6	16.7	0.114	1.0	111115
475	"09:52:09"	641.0	-18.5	0.497	554	13	2.98	6	1	2.84	36.53	35.66	36.61	499.34	511.21	15.720	28.322	25.99	46.83	600.0	-0	115	101.6	16.7	0.114	0.7	111115
476	"09:52:10"	642.0	-18.6	0.496	554	12.9	2.98	6	1	2.84	36.53	35.66	36.60	499.26	511.20	15.723	28.306	26.00	46.81	600.0	-0	114	101.6	16.7	0.114	0.7	111115
477	"09:52:11"	643.5	-18.7	0.496	555	12.9	2.98	6	1	2.84	36.53	35.66	36.60	499.19	511.23	15.729	28.309	26.02	46.82	600.0	-0	114	101.6	16.7	0.114	0.7	111115
478	"09:52:13"	644.5	-18.7	0.496	555	12.9	2.98	6	1	2.84	36.53	35.66	36.60	499.10	511.22	15.733	28.310	26.02	46.83	600.0	-0	113	101.6	16.7	0.114	0.7	111115
479	"09:52:14"	646.0	-18.8	0.496	555	12.9	2.98	6	1	2.84	36.53	35.66	36.60	499.17	511.34	15.740	28.317	26.04	46.85	600.0	-0	113	101.6	16.7	0.114	0.7	111115
480	"09:52:15"	647.0	-18.8	0.496	555	12.9	2.98	6	1	2.84	36.52	35.66	36.59	499.15	511.33	15.744	28.313	26.05	46.84	600.0	-0	112	101.6	16.7	0.114	0.7	111115
481	"09:52:16"	648.5	-18.7	0.495	555	12.9	2.98	6	1	2.84	36.52	35.66	36.59	499.09	511.21	15.749	28.306	26.06	46.84	600.0	-0	112	101.6	16.7	0.114	0.7	111115
482	"09:52:18"	649.5	-18.5	0.494	554	12.9	2.98	6	1	2.84	36.52	35.67	36.59	499.13	511.01	15.753	28.299	26.07	46.83	600.0	-0	112	101.6	16.7	0.114	1.0	111115
483	"09:52:19"	651.0	-18.2	0.494	553	12.9	2.98	6	1	2.84	36.52	35.66	36.59	499.16	510.81	15.759	28.303	26.09	46.85	600.0	-0	111	101.6	16.7	0.114	1.0	111115
484	"09:52:20"	652.0	-18.1	0.494	553	12.9	2.98	6	1	2.84	36.51	35.66	36.58	499.27	510.81	15.765	28.303	26.10	46.85	600.0	-0	111	101.6	16.7	0.114	1.0	111115
485	"09:52:21"	653.5	-18.2	0.495	553	12.9	2.98	6	1	2.84	36.51	35.65	36.58	499.32	510.96	15.771	28.304	26.11	46.86	600.0	-0	110	101.6	16.7	0.114	1.0	111115
486	"09:52:23"	654.5	-18.3	0.495	554	12.9	2.98	6	1	2.84	36.51	35.64	36.58	499.33	511.08	15.774	28.300	26.12	46.86	600.0	-0	110	101.6	16.7	0.114	1.0	111115
487	"09:52:24"	656.0	-18.3	0.494	554	12.9	2.98	6	1	2.84	36.51	35.64	36.58	499.25	511.01	15.781	28.298	26.13	46.86	600.0	-0	110	101.6	16.7	0.114	1.0	111115
