"OPEN 5.3.2"
"Thr Aug  2 2018 09:03:31"
"Unit="	"PSC-895"
"ComputeList="	"/User/Configs/Comps/Default"
"BLCTable="	"/Sys/Lib/StdBLCTable"
"LightSource="	"Sun+Sky"	1	0.19
"LogFormat="	"/User/Configs/LogFormats/Std Output"
"LogCodes="	-35	-21	-36	30	23	36	21	25	-33	-34	-32	-9	-10	-8	-1	-2	-4	-5	-14	-15	-7	-12	-13	-11	-65	-66	-72	-23
"PromptList="	"/User/Configs/Prompts/Default (none)"
"Stability= (CO2S 15s SLP<1)(H2OS 15s SLP<1)(Flow 15s SLP<1)"
"09:03:51 cut. matched before hand.tteststabe co2 at 500.flow 600. full scrub"
$STARTOFDATA$
"Obs"	"HHMMSS"	"FTime"	"Photo"	"Cond"	"Ci"	"Trmmol"	"VpdL"	"Area"	"StmRat"	"BLCond"	"Tair"	"Tleaf"	"TBlk"	"CO2R"	"CO2S"	"H2OR"	"H2OS"	"RH_R"	"RH_S"	"Flow"	"PARi"	"PARo"	"Press"	"CsMch"	"HsMch"	"StableF"	"Status"
1	"09:04:14"	65.0	9.2	0.08	257	5.8	7.26	6	1	2.84	41.53	41.19	41.42	501.29	489.24	0.546	6.315	0.69	7.98	599.5	-0	310	101.6	16.7	0.114	0.0	111115
2	"09:04:28"	79.0	15.4	0.486	378	23.7	5.51	6	1	2.84	41.61	41.22	41.45	501.07	474.40	0.550	23.655	0.69	29.78	600.0	-0	546	101.6	16.7	0.114	0.3	111115
3	"09:04:29"	80.0	14.5	0.483	382	23.6	5.51	6	1	2.84	41.61	41.22	41.45	501.00	475.29	0.550	23.576	0.69	29.68	600.0	-0	547	101.6	16.7	0.114	0.3	111115
4	"09:04:31"	81.5	13.5	0.479	386	23.5	5.53	6	1	2.84	41.60	41.22	41.45	500.96	476.26	0.550	23.457	0.69	29.53	600.0	-0	548	101.6	16.7	0.114	0.3	111115
5	"09:04:32"	82.5	12.4	0.475	391	23.3	5.54	6	1	2.84	41.60	41.21	41.45	500.79	477.30	0.550	23.338	0.69	29.39	600.0	-1	547	101.6	16.7	0.114	0.3	111115
6	"09:04:33"	84.0	10.3	0.466	399	23.1	5.56	6	1	2.84	41.60	41.21	41.45	500.60	479.26	0.550	23.088	0.69	29.08	600.0	-1	546	101.6	16.7	0.114	0.3	111115
7	"09:04:34"	85.0	8.99	0.46	405	22.9	5.58	6	1	2.84	41.60	41.21	41.45	500.45	480.46	0.550	22.912	0.69	28.86	600.1	-1	546	101.6	16.7	0.114	0.3	111115
8	"09:04:35"	85.5	8.39	0.457	407	22.8	5.59	6	1	2.84	41.59	41.21	41.46	500.38	481.02	0.550	22.819	0.69	28.74	600.0	-1	547	101.6	16.7	0.114	0.3	111115
9	"09:04:37"	87.5	6.34	0.445	416	22.4	5.62	6	1	2.84	41.59	41.20	41.46	500.27	483.10	0.549	22.456	0.69	28.29	600.0	-1	552	101.6	16.7	0.114	0.3	111115
10	"09:04:38"	88.5	5.36	0.44	421	22.2	5.64	6	1	2.84	41.59	41.20	41.46	500.22	484.10	0.550	22.279	0.69	28.07	600.0	-0	553	101.6	16.7	0.114	0.3	111115
11	"09:04:39"	90.0	4.03	0.431	427	22	5.66	6	1	2.84	41.59	41.19	41.46	500.16	485.48	0.551	22.020	0.69	27.75	600.0	-1	553	101.6	16.7	0.114	0.3	111115
12	"09:04:40"	91.0	3.2	0.426	430	21.8	5.68	6	1	2.84	41.59	41.19	41.46	500.10	486.31	0.552	21.854	0.70	27.54	600.1	-0	552	101.6	16.7	0.114	0.3	111115
13	"09:04:42"	92.5	2.17	0.418	435	21.5	5.7	6	1	2.84	41.58	41.19	41.47	500.04	487.38	0.552	21.614	0.70	27.24	600.0	-0	550	101.6	16.7	0.114	0.3	111115
14	"09:04:43"	93.5	1.45	0.413	439	21.4	5.72	6	1	2.84	41.58	41.19	41.47	500.06	488.17	0.552	21.461	0.70	27.05	600.0	-1	549	101.6	16.7	0.114	0.3	111115
15	"09:04:44"	95.0	0.756	0.407	442	21.1	5.74	6	1	2.84	41.58	41.20	41.47	500.18	489.08	0.551	21.245	0.70	26.78	600.0	-1	548	101.6	16.7	0.114	0.3	111115
16	"09:04:45"	95.5	0.486	0.405	444	21.1	5.75	6	1	2.84	41.58	41.20	41.47	500.18	489.38	0.551	21.178	0.69	26.69	600.0	-0	547	101.6	16.7	0.114	0.3	111115
17	"09:04:47"	97.5	-0.154	0.396	447	20.8	5.78	6	1	2.84	41.58	41.20	41.48	500.29	490.25	0.552	20.908	0.70	26.35	600.0	-0	546	101.6	16.7	0.114	0.3	111115
18	"09:04:48"	98.0	-0.305	0.394	448	20.7	5.78	6	1	2.84	41.58	41.20	41.48	500.29	490.44	0.552	20.844	0.70	26.27	600.1	-0	546	101.6	16.7	0.114	0.3	111115
19	"09:04:49"	99.0	-0.803	0.391	450	20.6	5.8	6	1	2.84	41.58	41.20	41.48	500.25	490.94	0.553	20.718	0.70	26.11	600.1	-0	546	101.6	16.7	0.114	0.3	111115
20	"09:04:50"	100.0	-1.22	0.387	452	20.5	5.81	6	1	2.84	41.58	41.20	41.48	500.22	491.38	0.553	20.595	0.70	25.96	600.1	-0	545	101.6	16.7	0.114	0.3	111115
21	"09:04:51"	101.0	-1.56	0.383	454	20.3	5.82	6	1	2.84	41.58	41.20	41.48	500.17	491.73	0.553	20.480	0.70	25.81	600.0	-1	545	101.6	16.7	0.114	0.3	111115
22	"09:04:52"	102.0	-1.95	0.38	456	20.2	5.83	6	1	2.84	41.58	41.20	41.48	500.18	492.17	0.553	20.367	0.70	25.67	600.0	-1	544	101.6	16.7	0.114	0.3	111115
23	"09:04:53"	103.0	-2.16	0.377	457	20.1	5.84	6	1	2.84	41.58	41.20	41.48	500.20	492.45	0.554	20.259	0.70	25.53	600.0	-1	544	101.6	16.7	0.114	0.3	111115
24	"09:04:54"	104.5	-2.33	0.372	459	19.9	5.86	6	1	2.84	41.59	41.20	41.49	500.32	492.82	0.555	20.100	0.70	25.33	600.0	-1	545	101.6	16.7	0.114	0.3	111115
25	"09:04:56"	105.5	-2.62	0.369	460	19.8	5.87	6	1	2.84	41.59	41.20	41.49	500.27	493.11	0.555	20.002	0.70	25.20	600.1	-1	545	101.6	16.7	0.114	0.3	111115
26	"09:04:57"	106.5	-2.89	0.366	462	19.7	5.88	6	1	2.84	41.59	41.20	41.49	500.22	493.37	0.555	19.900	0.70	25.07	600.0	-1	546	101.6	16.7	0.114	0.3	111115
27	"09:04:58"	108.0	-3.38	0.362	464	19.6	5.89	6	1	2.84	41.59	41.20	41.49	500.13	493.83	0.555	19.765	0.70	24.90	600.0	-1	547	101.6	16.7	0.114	0.3	111115
28	"09:04:59"	109.0	-3.63	0.36	466	19.5	5.9	6	1	2.84	41.59	41.20	41.50	500.11	494.10	0.555	19.678	0.70	24.79	600.0	-1	548	101.6	16.7	0.114	0.3	111115
29	"09:05:00"	110.0	-3.84	0.358	467	19.4	5.91	6	1	2.84	41.59	41.20	41.50	500.08	494.32	0.556	19.593	0.70	24.68	599.9	-1	548	101.6	16.7	0.114	0.3	111115
30	"09:05:01"	111.5	-4.07	0.354	468	19.3	5.92	6	1	2.84	41.59	41.20	41.50	500.02	494.55	0.556	19.469	0.70	24.52	600.0	-1	548	101.6	16.7	0.114	0.3	111115
31	"09:05:03"	112.5	-4.18	0.352	469	19.2	5.93	6	1	2.84	41.59	41.20	41.50	500.06	494.74	0.556	19.383	0.70	24.41	600.1	-0	549	101.6	16.7	0.114	0.3	111115
32	"09:05:04"	113.5	-4.27	0.349	470	19.1	5.94	6	1	2.84	41.60	41.20	41.50	500.14	494.94	0.557	19.301	0.70	24.31	600.1	-1	549	101.6	16.7	0.114	0.3	111115
33	"09:05:05"	115.0	-4.23	0.346	470	19	5.95	6	1	2.84	41.60	41.20	41.51	500.27	495.09	0.556	19.180	0.70	24.15	600.1	-1	551	101.6	16.7	0.114	0.3	111115
34	"09:05:06"	116.0	-4.19	0.344	470	18.9	5.96	6	1	2.84	41.60	41.20	41.51	500.33	495.16	0.558	19.101	0.70	24.05	600.0	-1	552	101.6	16.7	0.114	0.3	111115
35	"09:05:07"	117.0	-4.16	0.342	470	18.8	5.97	6	1	2.84	41.60	41.20	41.51	500.30	495.14	0.559	19.026	0.70	23.96	600.0	-1	553	101.6	16.7	0.114	0.3	111115
36	"09:05:08"	118.0	-4.44	0.34	471	18.7	5.97	6	1	2.84	41.60	41.20	41.51	500.24	495.39	0.559	18.953	0.70	23.86	600.0	-1	553	101.6	16.7	0.114	0.3	111115
37	"09:05:09"	119.0	-4.56	0.338	472	18.7	5.98	6	1	2.84	41.60	41.20	41.51	500.14	495.45	0.560	18.879	0.70	23.77	600.0	-1	554	101.6	16.7	0.114	0.3	111115
38	"09:05:10"	120.0	-4.66	0.336	473	18.6	5.99	6	1	2.84	41.60	41.20	41.51	500.13	495.57	0.560	18.811	0.71	23.68	600.0	-1	554	101.6	16.7	0.114	0.3	111115
39	"09:05:11"	121.0	-4.89	0.334	474	18.5	6	6	1	2.84	41.61	41.20	41.52	500.12	495.82	0.560	18.744	0.71	23.60	600.0	-1	554	101.6	16.7	0.114	0.3	111115
40	"09:05:12"	122.0	-4.87	0.332	474	18.5	6	6	1	2.84	41.61	41.20	41.52	500.17	495.88	0.561	18.684	0.71	23.52	600.0	-1	555	101.6	16.7	0.114	0.3	111115
41	"09:05:13"	123.5	-4.97	0.33	475	18.4	6.01	6	1	2.84	41.61	41.20	41.52	500.29	496.14	0.562	18.605	0.71	23.42	600.0	-1	557	101.6	16.7	0.114	0.3	111115
42	"09:05:14"	124.5	-5.09	0.329	476	18.3	6.02	6	1	2.84	41.61	41.21	41.52	500.22	496.21	0.562	18.547	0.71	23.34	600.0	-1	559	101.6	16.7	0.114	0.3	111115
43	"09:05:16"	125.5	-5.12	0.327	476	18.3	6.03	6	1	2.84	41.61	41.21	41.52	500.22	496.27	0.562	18.496	0.71	23.28	600.0	-1	561	101.6	16.7	0.114	0.3	111115
44	"09:05:17"	126.5	-5.16	0.326	476	18.2	6.03	6	1	2.84	41.61	41.21	41.52	500.21	496.33	0.563	18.443	0.71	23.21	600.0	-1	563	101.6	16.7	0.114	0.3	111115
45	"09:05:18"	128.0	-5.27	0.324	477	18.1	6.04	6	1	2.84	41.61	41.21	41.53	500.17	496.43	0.563	18.367	0.71	23.11	600.0	-1	565	101.6	16.7	0.114	0.3	111115
46	"09:05:19"	129.0	-5.21	0.322	477	18.1	6.05	6	1	2.84	41.62	41.21	41.53	500.24	496.47	0.564	18.320	0.71	23.05	600.0	-0	565	101.6	16.7	0.114	0.3	111115
47	"09:05:20"	130.0	-5.22	0.321	477	18	6.05	6	1	2.84	41.62	41.21	41.53	500.25	496.52	0.565	18.277	0.71	22.99	600.0	-0	565	101.6	16.7	0.114	0.3	111115
48	"09:05:21"	131.0	-5.18	0.32	477	18	6.06	6	1	2.84	41.62	41.22	41.53	500.29	496.53	0.566	18.238	0.71	22.94	600.1	-0	566	101.6	16.7	0.114	0.3	111115
49	"09:05:22"	132.0	-5.16	0.319	477	18	6.06	6	1	2.84	41.62	41.22	41.53	500.27	496.51	0.566	18.201	0.71	22.89	600.1	-0	566	101.6	16.7	0.114	0.3	111115
50	"09:05:23"	133.0	-5.13	0.318	477	17.9	6.06	6	1	2.84	41.62	41.22	41.53	500.32	496.55	0.566	18.168	0.71	22.85	600.1	-0	566	101.6	16.7	0.114	0.3	111115
51	"09:05:24"	134.0	-5.27	0.317	478	17.9	6.07	6	1	2.84	41.62	41.22	41.54	500.32	496.70	0.566	18.130	0.71	22.80	600.0	-0	567	101.6	16.7	0.114	0.3	111115
52	"09:05:25"	135.0	-5.27	0.316	478	17.8	6.07	6	1	2.84	41.63	41.22	41.54	500.29	496.70	0.567	18.092	0.71	22.75	600.0	-0	567	101.6	16.7	0.114	0.3	111115
53	"09:05:26"	136.0	-5.49	0.315	479	17.8	6.08	6	1	2.84	41.63	41.22	41.54	500.33	496.97	0.567	18.057	0.71	22.70	600.0	-0	568	101.6	16.7	0.114	0.3	111115
54	"09:05:27"	137.0	-5.63	0.314	480	17.8	6.08	6	1	2.84	41.63	41.22	41.54	500.31	497.10	0.567	18.023	0.71	22.66	600.0	-0	568	101.6	16.7	0.114	0.3	111115
55	"09:05:28"	138.5	-5.65	0.313	480	17.7	6.09	6	1	2.84	41.63	41.23	41.54	500.34	497.18	0.568	17.975	0.71	22.60	600.0	-0	569	101.6	16.7	0.114	0.3	111115
56	"09:05:29"	139.5	-5.55	0.312	480	17.7	6.09	6	1	2.84	41.63	41.23	41.55	500.38	497.13	0.569	17.942	0.72	22.55	600.0	-1	569	101.6	16.7	0.114	0.3	111115
57	"09:05:30"	140.5	-5.55	0.311	480	17.7	6.1	6	1	2.84	41.64	41.23	41.55	500.35	497.12	0.569	17.911	0.72	22.51	600.0	-1	570	101.6	16.7	0.114	0.3	111115
58	"09:05:31"	141.5	-5.49	0.31	480	17.6	6.1	6	1	2.84	41.64	41.24	41.55	500.42	497.14	0.570	17.879	0.72	22.47	600.0	-1	571	101.6	16.7	0.114	0.3	111115
59	"09:05:32"	142.5	-5.46	0.309	479	17.6	6.11	6	1	2.84	41.64	41.24	41.55	500.41	497.12	0.570	17.845	0.72	22.43	600.0	-0	572	101.6	16.7	0.114	0.3	111115
60	"09:05:33"	143.5	-5.45	0.308	479	17.6	6.11	6	1	2.84	41.64	41.24	41.55	500.36	497.09	0.570	17.813	0.72	22.38	600.1	-0	572	101.6	16.7	0.114	0.3	111115
61	"09:05:34"	144.5	-5.35	0.307	479	17.5	6.11	6	1	2.84	41.64	41.25	41.55	500.35	496.99	0.572	17.784	0.72	22.35	600.0	-0	573	101.6	16.7	0.114	0.3	111115
62	"09:05:35"	145.5	-5.36	0.307	479	17.5	6.12	6	1	2.84	41.64	41.25	41.56	500.30	496.97	0.572	17.755	0.72	22.31	600.1	-0	573	101.6	16.7	0.114	0.3	111115
63	"09:05:36"	146.5	-5.45	0.306	479	17.5	6.12	6	1	2.84	41.65	41.25	41.56	500.29	497.06	0.572	17.728	0.72	22.27	600.1	-0	574	101.6	16.7	0.114	0.3	111115
64	"09:05:38"	147.5	-5.49	0.305	480	17.4	6.12	6	1	2.84	41.65	41.25	41.56	500.33	497.14	0.573	17.705	0.72	22.24	600.0	-0	574	101.6	16.7	0.114	0.3	111115
65	"09:05:39"	148.5	-5.44	0.304	480	17.4	6.13	6	1	2.84	41.65	41.26	41.56	500.38	497.17	0.573	17.674	0.72	22.20	600.1	-1	575	101.6	16.7	0.114	0.3	111115
66	"09:05:40"	149.5	-5.57	0.304	480	17.4	6.13	6	1	2.84	41.65	41.26	41.56	500.36	497.28	0.574	17.646	0.72	22.16	600.0	-1	575	101.6	16.7	0.114	0.3	111115
67	"09:05:41"	150.5	-5.57	0.303	480	17.4	6.14	6	1	2.84	41.65	41.26	41.57	500.33	497.26	0.574	17.621	0.72	22.13	600.1	-1	574	101.6	16.7	0.114	0.3	111115
68	"09:05:42"	151.5	-5.55	0.302	480	17.3	6.14	6	1	2.84	41.66	41.26	41.57	500.30	497.23	0.575	17.596	0.72	22.09	600.0	-1	574	101.6	16.7	0.114	0.3	111115
69	"09:05:43"	152.5	-5.59	0.302	481	17.3	6.14	6	1	2.84	41.66	41.26	41.57	500.27	497.26	0.575	17.574	0.72	22.06	600.0	-1	573	101.6	16.7	0.114	0.3	111115
70	"09:05:44"	153.5	-5.46	0.301	480	17.3	6.14	6	1	2.84	41.66	41.26	41.57	500.32	497.18	0.576	17.557	0.72	22.04	600.0	-1	572	101.6	16.7	0.114	0.3	111115
71	"09:05:45"	154.5	-5.44	0.3	480	17.3	6.15	6	1	2.84	41.66	41.26	41.57	500.34	497.20	0.576	17.531	0.72	22.01	600.0	-1	572	101.6	16.7	0.114	0.3	111115
72	"09:05:46"	156.0	-5.43	0.3	480	17.2	6.15	6	1	2.84	41.66	41.26	41.58	500.36	497.23	0.578	17.495	0.73	21.96	600.0	-1	572	101.6	16.7	0.114	0.3	111115
73	"09:05:47"	157.0	-5.43	0.299	480	17.2	6.15	6	1	2.84	41.66	41.26	41.58	500.28	497.16	0.579	17.471	0.73	21.92	600.0	-1	573	101.6	16.7	0.114	0.3	111115
74	"09:05:48"	158.0	-5.41	0.298	480	17.2	6.16	6	1	2.84	41.67	41.26	41.58	500.27	497.15	0.580	17.449	0.73	21.90	600.0	-1	573	101.6	16.7	0.114	0.3	111115
75	"09:05:49"	159.0	-5.33	0.298	479	17.2	6.16	6	1	2.84	41.67	41.27	41.58	500.29	497.10	0.580	17.432	0.73	21.87	600.1	-1	574	101.6	16.7	0.114	0.3	111115
76	"09:05:50"	160.0	-5.37	0.297	480	17.1	6.16	6	1	2.84	41.67	41.27	41.58	500.23	497.09	0.580	17.408	0.73	21.84	600.0	-1	576	101.6	16.7	0.114	0.3	111115
77	"09:05:51"	161.0	-5.34	0.297	479	17.1	6.16	6	1	2.84	41.67	41.27	41.59	500.31	497.15	0.581	17.384	0.73	21.81	600.1	-0	578	101.6	16.7	0.114	0.3	111115
78	"09:05:52"	162.0	-5.41	0.296	480	17.1	6.17	6	1	2.84	41.67	41.27	41.59	500.31	497.23	0.581	17.363	0.73	21.78	600.0	-0	581	101.6	16.7	0.114	0.7	111115
79	"09:05:53"	163.0	-5.35	0.295	480	17.1	6.17	6	1	2.84	41.68	41.27	41.59	500.32	497.19	0.582	17.340	0.73	21.75	600.0	-0	582	101.6	16.7	0.114	0.7	111115
80	"09:05:54"	164.0	-5.37	0.295	480	17	6.17	6	1	2.84	41.68	41.27	41.59	500.37	497.27	0.583	17.319	0.73	21.72	600.0	-1	582	101.6	16.7	0.114	0.7	111115
81	"09:05:55"	165.0	-5.38	0.294	480	17	6.18	6	1	2.84	41.68	41.27	41.59	500.35	497.27	0.583	17.297	0.73	21.69	600.0	-1	581	101.6	16.7	0.114	0.7	111115
82	"09:05:56"	166.0	-5.31	0.294	480	17	6.18	6	1	2.84	41.68	41.28	41.59	500.37	497.23	0.584	17.277	0.73	21.66	600.0	-1	581	101.6	16.7	0.114	0.7	111115
83	"09:05:57"	167.0	-5.33	0.293	480	17	6.18	6	1	2.84	41.68	41.28	41.60	500.40	497.30	0.584	17.254	0.73	21.63	600.0	-1	580	101.6	16.7	0.114	0.7	111115
84	"09:05:58"	168.0	-5.32	0.292	480	16.9	6.19	6	1	2.84	41.68	41.29	41.60	500.44	497.33	0.585	17.231	0.73	21.60	600.0	-1	581	101.6	16.7	0.114	0.7	111115
85	"09:05:59"	169.0	-5.35	0.292	480	16.9	6.19	6	1	2.84	41.69	41.29	41.60	500.48	497.41	0.585	17.214	0.73	21.58	600.0	-1	581	101.6	16.7	0.114	0.7	111115
86	"09:06:00"	170.0	-5.47	0.291	481	16.9	6.2	6	1	2.84	41.69	41.30	41.60	500.45	497.51	0.586	17.191	0.73	21.54	600.1	-1	581	101.6	16.7	0.114	0.7	111115
87	"09:06:01"	171.0	-5.6	0.291	482	16.9	6.2	6	1	2.84	41.69	41.30	41.61	500.36	497.56	0.587	17.170	0.74	21.52	600.1	-1	581	101.6	16.7	0.114	0.7	111115
88	"09:06:02"	172.0	-5.62	0.29	482	16.9	6.2	6	1	2.84	41.69	41.30	41.61	500.30	497.54	0.587	17.149	0.74	21.49	600.0	-1	581	101.6	16.7	0.114	0.7	111115
89	"09:06:03"	173.0	-5.65	0.289	482	16.8	6.2	6	1	2.84	41.70	41.30	41.61	500.22	497.50	0.588	17.128	0.74	21.46	600.0	-1	581	101.6	16.7	0.114	0.7	111115
90	"09:06:04"	174.0	-5.62	0.289	482	16.8	6.21	6	1	2.84	41.70	41.30	41.61	500.21	497.46	0.588	17.109	0.74	21.43	600.0	-1	581	101.6	16.7	0.114	0.7	111115
91	"09:06:05"	175.0	-5.5	0.288	481	16.8	6.21	6	1	2.84	41.70	41.30	41.61	500.26	497.41	0.589	17.094	0.74	21.41	600.0	-1	582	101.6	16.7	0.114	0.7	111115
92	"09:06:06"	176.0	-5.41	0.288	480	16.8	6.21	6	1	2.84	41.70	41.31	41.62	500.27	497.33	0.589	17.071	0.74	21.38	600.0	-1	582	101.6	16.7	0.114	0.7	111115
93	"09:06:07"	177.0	-5.42	0.287	481	16.8	6.22	6	1	2.84	41.70	41.31	41.62	500.31	497.39	0.589	17.054	0.74	21.36	600.0	-1	582	101.6	16.7	0.114	0.7	111115
94	"09:06:08"	178.5	-5.29	0.287	480	16.7	6.22	6	1	2.84	41.71	41.31	41.62	500.39	497.36	0.590	17.028	0.74	21.32	600.0	-1	582	101.6	16.7	0.114	0.7	111115
95	"09:06:09"	179.5	-5.33	0.286	480	16.7	6.22	6	1	2.84	41.71	41.32	41.62	500.40	497.42	0.591	17.010	0.74	21.30	600.0	-1	582	101.6	16.7	0.114	0.7	111115
96	"09:06:10"	180.5	-5.21	0.286	479	16.7	6.23	6	1	2.84	41.71	41.32	41.63	500.44	497.35	0.592	16.997	0.74	21.28	600.0	-1	582	101.6	16.7	0.114	0.7	111115
97	"09:06:11"	181.5	-5.29	0.285	480	16.7	6.23	6	1	2.84	41.71	41.33	41.63	500.42	497.42	0.593	16.979	0.74	21.25	600.0	-1	582	101.6	16.7	0.114	0.7	111115
98	"09:06:12"	182.5	-5.37	0.285	481	16.7	6.23	6	1	2.84	41.72	41.33	41.63	500.40	497.49	0.595	16.962	0.74	21.23	600.1	-1	582	101.6	16.7	0.114	0.7	111115
99	"09:06:13"	183.5	-5.29	0.284	480	16.6	6.23	6	1	2.84	41.72	41.33	41.63	500.48	497.49	0.596	16.947	0.75	21.21	600.0	-1	582	101.6	16.7	0.114	0.7	111115
100	"09:06:14"	184.5	-5.38	0.284	481	16.6	6.24	6	1	2.84	41.72	41.33	41.63	500.49	497.60	0.597	16.931	0.75	21.18	600.0	-1	582	101.6	16.7	0.114	0.7	111115
101	"09:06:15"	185.5	-5.3	0.283	480	16.6	6.24	6	1	2.84	41.72	41.34	41.64	500.54	497.58	0.598	16.913	0.75	21.16	600.0	-0	582	101.6	16.7	0.114	0.7	111115
102	"09:06:16"	186.5	-5.32	0.283	480	16.6	6.24	6	1	2.84	41.73	41.34	41.64	500.54	497.60	0.599	16.899	0.75	21.14	600.0	-0	582	101.6	16.7	0.114	0.7	111115
103	"09:06:18"	187.5	-5.39	0.282	481	16.6	6.25	6	1	2.84	41.73	41.35	41.64	500.45	497.59	0.599	16.884	0.75	21.12	600.0	-1	582	101.6	16.7	0.114	0.7	111115
104	"09:06:19"	189.0	-5.35	0.281	481	16.5	6.25	6	1	2.84	41.73	41.35	41.64	500.35	497.48	0.600	16.855	0.75	21.08	600.0	-1	582	101.6	16.7	0.114	0.7	111115
105	"09:06:20"	190.0	-5.41	0.281	481	16.5	6.25	6	1	2.84	41.73	41.35	41.65	500.28	497.48	0.600	16.835	0.75	21.05	600.0	-1	583	101.6	16.7	0.114	0.7	111115
106	"09:06:21"	191.5	-5.24	0.28	480	16.5	6.26	6	1	2.84	41.74	41.36	41.65	500.35	497.39	0.602	16.811	0.75	21.02	600.1	-1	582	101.6	16.7	0.114	0.7	111115
107	"09:06:23"	192.5	-5.22	0.28	480	16.5	6.26	6	1	2.84	41.74	41.36	41.65	500.37	497.39	0.602	16.801	0.75	21.00	600.1	-1	582	101.6	16.7	0.114	0.7	111115
108	"09:06:24"	193.5	-5.3	0.279	480	16.5	6.27	6	1	2.84	41.74	41.36	41.66	500.40	497.51	0.603	16.787	0.75	20.98	600.1	-1	582	101.6	16.7	0.114	0.7	111115
109	"09:06:25"	195.0	-5.27	0.279	480	16.4	6.27	6	1	2.84	41.75	41.37	41.66	500.44	497.53	0.604	16.766	0.75	20.95	600.1	-1	582	101.6	16.7	0.114	0.7	111115
110	"09:06:26"	196.0	-5.23	0.278	480	16.4	6.27	6	1	2.84	41.75	41.37	41.66	500.47	497.53	0.605	16.753	0.76	20.93	600.0	-0	582	101.6	16.7	0.114	0.7	111115
111	"09:06:27"	197.5	-5.26	0.278	480	16.4	6.27	6	1	2.84	41.75	41.37	41.66	500.52	497.62	0.607	16.739	0.76	20.91	600.0	-1	581	101.6	16.7	0.114	0.7	111115
112	"09:06:29"	198.5	-5.1	0.278	479	16.4	6.28	6	1	2.84	41.76	41.38	41.67	500.57	497.51	0.608	16.729	0.76	20.89	600.0	-1	581	101.6	16.7	0.114	0.7	111115
113	"09:06:30"	200.0	-5.16	0.277	480	16.4	6.28	6	1	2.84	41.76	41.38	41.67	500.56	497.57	0.608	16.718	0.76	20.88	600.0	-1	581	101.6	16.7	0.114	1.0	111115
114	"09:06:31"	201.0	-5.06	0.277	479	16.4	6.28	6	1	2.84	41.76	41.38	41.67	500.57	497.49	0.609	16.710	0.76	20.86	600.0	-1	580	101.6	16.7	0.114	1.0	111115
115	"09:06:32"	202.5	-5.18	0.276	480	16.4	6.29	6	1	2.84	41.76	41.39	41.67	500.52	497.56	0.609	16.692	0.76	20.84	600.0	-1	580	101.6	16.7	0.114	1.0	111115
116	"09:06:34"	203.5	-5	0.276	479	16.3	6.29	6	1	2.84	41.77	41.39	41.68	500.57	497.44	0.610	16.682	0.76	20.82	600.0	-1	579	101.6	16.7	0.114	1.0	111115
117	"09:06:35"	204.5	-5	0.276	479	16.3	6.29	6	1	2.84	41.77	41.39	41.68	500.63	497.50	0.611	16.666	0.76	20.80	600.0	-1	579	101.6	16.7	0.114	1.0	111115
118	"09:06:36"	206.0	-5	0.275	479	16.3	6.29	6	1	2.84	41.77	41.40	41.68	500.61	497.50	0.612	16.647	0.76	20.77	600.0	-1	578	101.6	16.7	0.114	1.0	111115
119	"09:06:37"	207.0	-5.24	0.275	480	16.3	6.3	6	1	2.84	41.78	41.40	41.69	500.50	497.63	0.613	16.635	0.76	20.75	600.1	-1	578	101.6	16.7	0.114	1.0	111115
120	"09:06:38"	208.0	-5.35	0.274	481	16.3	6.3	6	1	2.84	41.78	41.40	41.69	500.40	497.65	0.614	16.620	0.77	20.73	600.1	-0	577	101.6	16.7	0.114	1.0	111115
121	"09:06:39"	209.5	-5.24	0.274	480	16.3	6.3	6	1	2.84	41.78	41.41	41.69	500.39	497.54	0.616	16.600	0.77	20.70	600.0	-0	577	101.6	16.7	0.114	1.0	111115
122	"09:06:41"	210.5	-5.14	0.273	480	16.2	6.31	6	1	2.84	41.79	41.42	41.69	500.43	497.49	0.616	16.589	0.77	20.69	600.0	-0	576	101.6	16.7	0.114	1.0	111115
123	"09:06:42"	211.5	-5.02	0.273	479	16.2	6.31	6	1	2.84	41.79	41.42	41.70	500.49	497.44	0.616	16.582	0.77	20.67	599.9	-1	575	101.6	16.7	0.114	1.0	111115
124	"09:06:43"	213.0	-4.98	0.272	479	16.2	6.31	6	1	2.84	41.79	41.42	41.70	500.56	497.47	0.617	16.563	0.77	20.65	599.9	-1	574	101.6	16.7	0.114	1.0	111115
125	"09:06:44"	214.0	-4.98	0.272	479	16.2	6.32	6	1	2.84	41.79	41.43	41.70	500.61	497.54	0.618	16.550	0.77	20.63	600.0	-1	574	101.6	16.7	0.114	1.0	111115
126	"09:06:45"	215.0	-5.07	0.272	479	16.2	6.32	6	1	2.84	41.80	41.43	41.70	500.57	497.59	0.620	16.532	0.77	20.60	600.0	-1	573	101.6	16.7	0.114	1.0	111115
127	"09:06:46"	216.0	-5.17	0.271	480	16.2	6.32	6	1	2.84	41.80	41.43	41.71	500.54	497.66	0.621	16.516	0.77	20.58	600.0	-1	572	101.6	16.7	0.114	1.0	111115
128	"09:06:47"	217.5	-5.19	0.271	480	16.1	6.32	6	1	2.84	41.80	41.43	41.71	500.56	497.71	0.622	16.502	0.77	20.56	600.0	-1	571	101.6	16.7	0.114	1.0	111115
129	"09:06:49"	218.5	-5.27	0.271	481	16.1	6.32	6	1	2.84	41.80	41.44	41.71	500.52	497.76	0.622	16.494	0.78	20.55	600.0	-1	571	101.6	16.7	0.114	1.0	111115
130	"09:06:50"	219.5	-5.22	0.27	481	16.1	6.33	6	1	2.84	41.81	41.44	41.71	500.53	497.73	0.624	16.484	0.78	20.53	600.0	-1	570	101.6	16.7	0.114	1.0	111115
131	"09:06:51"	221.0	-5.4	0.27	482	16.1	6.33	6	1	2.84	41.81	41.44	41.72	500.45	497.83	0.624	16.470	0.78	20.51	600.1	-1	569	101.6	16.7	0.114	1.0	111115
132	"09:06:52"	222.0	-5.47	0.269	482	16.1	6.33	6	1	2.84	41.81	41.45	41.72	500.44	497.89	0.625	16.457	0.78	20.49	600.1	-1	568	101.6	16.7	0.114	1.0	111115
133	"09:06:53"	223.0	-5.47	0.269	482	16.1	6.34	6	1	2.84	41.82	41.45	41.72	500.45	497.91	0.626	16.447	0.78	20.48	600.1	-1	568	101.6	16.7	0.114	1.0	111115
134	"09:06:54"	224.0	-5.45	0.269	482	16.1	6.34	6	1	2.84	41.82	41.45	41.73	500.47	497.91	0.627	16.438	0.78	20.46	600.1	-1	567	101.6	16.7	0.114	1.0	111115
135	"09:06:55"	225.5	-5.23	0.268	481	16.1	6.34	6	1	2.84	41.82	41.46	41.73	500.59	497.83	0.629	16.423	0.78	20.44	600.0	-1	566	101.6	16.7	0.114	1.0	111115
136	"09:06:56"	226.5	-5.14	0.268	480	16.1	6.34	6	1	2.84	41.83	41.46	41.73	500.60	497.75	0.629	16.416	0.78	20.43	600.0	-1	566	101.6	16.7	0.114	1.0	111115
137	"09:06:57"	227.5	-5.1	0.268	480	16	6.35	6	1	2.84	41.83	41.47	41.73	500.63	497.75	0.630	16.409	0.78	20.42	600.0	-1	566	101.6	16.7	0.114	1.0	111115
138	"09:06:58"	228.5	-5.11	0.267	480	16	6.35	6	1	2.84	41.83	41.47	41.74	500.62	497.75	0.630	16.400	0.78	20.40	600.0	-1	566	101.6	16.7	0.114	1.0	111115
139	"09:07:00"	229.5	-5.07	0.267	480	16	6.35	6	1	2.84	41.83	41.48	41.74	500.58	497.67	0.632	16.392	0.79	20.39	600.0	-1	566	101.6	16.7	0.114	1.0	111115
140	"09:07:01"	230.5	-5.08	0.267	480	16	6.36	6	1	2.84	41.83	41.48	41.74	500.59	497.70	0.633	16.380	0.79	20.37	600.0	-1	566	101.6	16.7	0.114	1.0	111115
141	"09:07:02"	231.5	-5.04	0.266	480	16	6.36	6	1	2.84	41.84	41.48	41.74	500.58	497.66	0.635	16.373	0.79	20.36	600.0	-0	566	101.6	16.7	0.114	1.0	111115
142	"09:07:03"	233.0	-5.08	0.266	480	16	6.36	6	1	2.84	41.84	41.49	41.75	500.54	497.67	0.635	16.366	0.79	20.35	599.9	-0	567	101.6	16.7	0.114	1.0	111115
143	"09:07:04"	234.0	-5.07	0.266	480	16	6.36	6	1	2.84	41.84	41.49	41.75	500.51	497.62	0.636	16.360	0.79	20.34	600.0	-0	567	101.6	16.7	0.114	1.0	111115
144	"09:07:05"	235.0	-5.06	0.266	480	16	6.36	6	1	2.84	41.85	41.49	41.75	500.50	497.62	0.637	16.350	0.79	20.32	600.0	-1	568	101.6	16.7	0.114	1.0	111115
145	"09:07:06"	236.0	-5.06	0.265	480	16	6.37	6	1	2.84	41.85	41.50	41.76	500.51	497.62	0.639	16.337	0.79	20.30	600.0	-1	568	101.6	16.7	0.114	1.0	111115
146	"09:07:07"	237.0	-5.04	0.265	480	15.9	6.37	6	1	2.84	41.85	41.50	41.76	500.55	497.65	0.640	16.326	0.80	20.29	600.1	-1	569	101.6	16.7	0.114	1.0	111115
147	"09:07:08"	238.0	-5.07	0.265	480	15.9	6.37	6	1	2.84	41.86	41.51	41.76	500.60	497.74	0.641	16.315	0.80	20.27	600.0	-1	569	101.6	16.7	0.114	1.0	111115
148	"09:07:09"	239.0	-5.03	0.264	480	15.9	6.38	6	1	2.84	41.86	41.51	41.76	500.66	497.76	0.642	16.304	0.80	20.25	600.0	-1	570	101.6	16.7	0.114	1.0	111115
149	"09:07:10"	240.0	-5.18	0.264	481	15.9	6.38	6	1	2.84	41.86	41.51	41.77	500.66	497.92	0.643	16.296	0.80	20.24	600.0	-0	571	101.6	16.7	0.114	1.0	111115
150	"09:07:11"	241.0	-5.2	0.264	481	15.9	6.38	6	1	2.84	41.86	41.52	41.77	500.64	497.92	0.643	16.289	0.80	20.23	600.0	-1	572	101.6	16.7	0.114	1.0	111115
151	"09:07:12"	242.0	-5.24	0.263	481	15.9	6.38	6	1	2.84	41.87	41.52	41.77	500.60	497.93	0.644	16.279	0.80	20.21	600.0	-0	573	101.6	16.7	0.114	1.0	111115
152	"09:07:13"	243.0	-5.3	0.263	482	15.9	6.38	6	1	2.84	41.87	41.52	41.77	500.61	497.99	0.644	16.274	0.80	20.20	600.0	-0	574	101.6	16.7	0.114	1.0	111115
153	"09:07:14"	244.0	-5.04	0.263	480	15.9	6.39	6	1	2.84	41.87	41.52	41.78	500.67	497.81	0.645	16.264	0.80	20.19	600.0	-0	575	101.6	16.7	0.114	1.0	111115
154	"09:07:15"	245.5	-4.99	0.262	480	15.9	6.39	6	1	2.84	41.88	41.53	41.78	500.77	497.87	0.647	16.248	0.80	20.16	600.0	-0	577	101.6	16.7	0.114	1.0	111115
155	"09:07:16"	246.5	-4.94	0.262	479	15.8	6.39	6	1	2.84	41.88	41.53	41.78	500.77	497.82	0.648	16.237	0.80	20.15	600.0	-0	579	101.6	16.7	0.114	1.0	111115
156	"09:07:17"	247.5	-4.97	0.262	480	15.8	6.39	6	1	2.84	41.88	41.54	41.79	500.71	497.79	0.649	16.229	0.81	20.13	600.0	-0	580	101.6	16.7	0.114	1.0	111115
157	"09:07:18"	248.5	-5.14	0.262	481	15.8	6.4	6	1	2.84	41.89	41.54	41.79	500.67	497.93	0.650	16.223	0.81	20.12	600.0	-0	581	101.6	16.7	0.114	1.0	111115
158	"09:07:19"	249.5	-5.08	0.261	480	15.8	6.4	6	1	2.84	41.89	41.55	41.79	500.67	497.87	0.651	16.218	0.81	20.11	600.0	-0	583	101.6	16.7	0.114	1.0	111115
159	"09:07:20"	250.5	-5.07	0.261	480	15.8	6.4	6	1	2.84	41.89	41.55	41.79	500.66	497.86	0.653	16.209	0.81	20.10	600.0	-0	584	101.6	16.7	0.114	1.0	111115
160	"09:07:21"	251.5	-5.07	0.261	480	15.8	6.4	6	1	2.84	41.90	41.55	41.80	500.69	497.89	0.654	16.203	0.81	20.09	600.0	-0	585	101.6	16.7	0.114	1.0	111115
161	"09:07:23"	253.5	-4.93	0.26	479	15.8	6.41	6	1	2.84	41.90	41.55	41.80	500.79	497.86	0.656	16.187	0.81	20.06	600.0	-0	588	101.6	16.7	0.114	1.0	111115
162	"09:07:24"	254.5	-5.09	0.26	481	15.8	6.41	6	1	2.84	41.90	41.56	41.81	500.78	498.01	0.656	16.180	0.81	20.05	600.0	-0	589	101.6	16.7	0.114	1.0	111115
163	"09:07:25"	255.0	-5.09	0.26	481	15.8	6.41	6	1	2.84	41.91	41.56	41.81	500.81	498.05	0.656	16.177	0.81	20.04	600.0	-0	590	101.6	16.7	0.114	1.0	111115
164	"09:07:26"	256.0	-5.04	0.26	480	15.8	6.41	6	1	2.84	41.91	41.56	41.81	500.82	498.01	0.657	16.170	0.81	20.03	600.1	-0	592	101.6	16.7	0.114	1.0	111115
165	"09:07:27"	257.0	-5.22	0.26	482	15.8	6.41	6	1	2.84	41.91	41.56	41.81	500.75	498.12	0.658	16.159	0.81	20.02	600.1	-0	593	101.6	16.7	0.114	1.0	111115
166	"09:07:28"	258.0	-5.23	0.259	482	15.7	6.42	6	1	2.84	41.91	41.57	41.82	500.72	498.10	0.659	16.149	0.82	20.00	600.0	-0	594	101.6	16.7	0.114	1.0	111115
167	"09:07:29"	259.0	-5.22	0.259	481	15.7	6.42	6	1	2.84	41.92	41.57	41.82	500.70	498.07	0.661	16.145	0.82	19.99	600.0	-1	595	101.6	16.7	0.114	1.0	111115
168	"09:07:30"	260.0	-5.19	0.259	481	15.7	6.42	6	1	2.84	41.92	41.57	41.82	500.70	498.05	0.662	16.139	0.82	19.98	600.0	-1	596	101.6	16.7	0.114	1.0	111115
169	"09:07:31"	261.0	-5.06	0.259	480	15.7	6.42	6	1	2.84	41.92	41.57	41.82	500.73	497.96	0.663	16.140	0.82	19.98	600.1	-1	597	101.6	16.7	0.114	1.0	111115
170	"09:07:32"	262.0	-5.01	0.259	480	15.7	6.42	6	1	2.84	41.92	41.58	41.83	500.77	497.94	0.664	16.142	0.82	19.98	600.1	-1	598	101.6	16.7	0.114	1.0	111115
171	"09:07:33"	263.0	-4.95	0.259	480	15.7	6.42	6	1	2.84	41.93	41.58	41.83	500.79	497.90	0.665	16.137	0.82	19.97	600.1	-1	599	101.6	16.7	0.114	1.0	111115
172	"09:07:34"	264.0	-5.08	0.258	481	15.7	6.42	6	1	2.84	41.93	41.58	41.83	500.74	497.99	0.665	16.132	0.82	19.96	600.1	-1	600	101.6	16.7	0.114	1.0	111115
173	"09:07:35"	265.0	-5.16	0.258	481	15.7	6.43	6	1	2.84	41.93	41.59	41.83	500.68	498.02	0.666	16.121	0.82	19.95	600.0	-1	601	101.6	16.7	0.114	1.0	111115
174	"09:07:36"	266.0	-5.17	0.258	481	15.7	6.43	6	1	2.84	41.94	41.59	41.84	500.67	498.03	0.667	16.112	0.83	19.93	600.0	-0	602	101.6	16.7	0.114	1.0	111115
175	"09:07:37"	267.0	-5.17	0.258	481	15.7	6.43	6	1	2.84	41.94	41.59	41.84	500.71	498.07	0.668	16.107	0.83	19.92	599.9	-0	602	101.6	16.7	0.114	1.0	111115
176	"09:07:38"	268.0	-4.93	0.257	480	15.7	6.43	6	1	2.84	41.94	41.59	41.84	500.84	497.96	0.670	16.098	0.83	19.91	599.9	-0	603	101.6	16.7	0.114	1.0	111115
177	"09:07:39"	269.0	-4.77	0.257	479	15.7	6.43	6	1	2.84	41.94	41.60	41.85	500.91	497.87	0.672	16.095	0.83	19.90	599.9	-0	604	101.6	16.7	0.114	1.0	111115
178	"09:07:40"	270.0	-4.92	0.257	480	15.7	6.44	6	1	2.84	41.95	41.60	41.85	500.84	497.96	0.673	16.089	0.83	19.89	600.0	-0	604	101.6	16.7	0.114	1.0	111115
179	"09:07:41"	271.0	-5.02	0.257	480	15.7	6.44	6	1	2.84	41.95	41.60	41.85	500.77	497.99	0.675	16.080	0.83	19.88	600.1	-0	605	101.6	16.7	0.114	1.0	111115
180	"09:07:42"	272.0	-5.15	0.257	481	15.7	6.44	6	1	2.84	41.95	41.61	41.85	500.67	498.03	0.676	16.079	0.84	19.88	600.1	-0	605	101.6	16.7	0.114	1.0	111115
181	"09:07:43"	273.0	-5.23	0.256	482	15.6	6.44	6	1	2.84	41.95	41.61	41.86	500.62	498.06	0.677	16.071	0.84	19.86	600.1	-0	606	101.6	16.7	0.114	1.0	111115
182	"09:07:44"	274.0	-5.09	0.256	481	15.6	6.44	6	1	2.84	41.96	41.61	41.86	500.65	497.96	0.678	16.064	0.84	19.85	600.0	-0	606	101.6	16.7	0.114	1.0	111115
183	"09:07:45"	275.0	-4.94	0.256	480	15.6	6.45	6	1	2.84	41.96	41.61	41.86	500.73	497.89	0.678	16.059	0.84	19.84	600.0	-0	606	101.6	16.7	0.114	1.0	111115
184	"09:07:46"	276.0	-4.83	0.256	479	15.6	6.45	6	1	2.84	41.96	41.62	41.87	500.82	497.87	0.678	16.050	0.84	19.83	600.0	-0	607	101.6	16.7	0.114	1.0	111115
185	"09:07:47"	277.0	-4.74	0.255	478	15.6	6.45	6	1	2.84	41.97	41.62	41.87	500.87	497.83	0.680	16.044	0.84	19.82	600.0	-0	607	101.6	16.7	0.114	1.0	111115
186	"09:07:48"	278.0	-4.74	0.255	478	15.6	6.45	6	1	2.84	41.97	41.63	41.87	500.85	497.83	0.682	16.034	0.84	19.80	600.0	-1	608	101.6	16.7	0.114	1.0	111115
187	"09:07:49"	279.5	-4.77	0.255	479	15.6	6.46	6	1	2.84	41.97	41.63	41.88	500.82	497.83	0.684	16.019	0.84	19.78	600.0	-1	608	101.6	16.7	0.114	1.0	111115
188	"09:07:51"	281.5	-4.94	0.254	480	15.6	6.46	6	1	2.84	41.98	41.63	41.88	500.77	497.95	0.686	16.012	0.85	19.76	600.0	-0	608	101.6	16.7	0.114	1.0	111115
189	"09:07:52"	282.5	-4.88	0.254	479	15.6	6.46	6	1	2.84	41.98	41.64	41.88	500.83	497.96	0.687	16.007	0.85	19.75	600.0	-0	608	101.6	16.7	0.114	1.0	111115
190	"09:07:53"	284.0	-4.92	0.254	480	15.6	6.46	6	1	2.84	41.99	41.64	41.89	500.81	497.98	0.688	15.997	0.85	19.74	600.0	-0	609	101.6	16.7	0.114	1.0	111115
191	"09:07:54"	284.5	-4.96	0.254	480	15.6	6.46	6	1	2.84	41.99	41.64	41.89	500.80	498.02	0.689	15.995	0.85	19.73	600.0	-1	609	101.6	16.7	0.114	1.0	111115
192	"09:07:55"	285.5	-4.96	0.254	480	15.5	6.46	6	1	2.84	41.99	41.64	41.89	500.84	498.05	0.690	15.990	0.85	19.73	600.0	-1	609	101.6	16.7	0.114	1.0	111115
193	"09:07:57"	287.5	-5.02	0.253	481	15.5	6.47	6	1	2.84	42.00	41.65	41.90	500.85	498.12	0.692	15.984	0.85	19.71	600.1	-1	610	101.6	16.7	0.114	1.0	111115
194	"09:07:58"	288.0	-5	0.253	480	15.5	6.47	6	1	2.84	42.00	41.65	41.90	500.84	498.10	0.693	15.980	0.85	19.71	600.1	-1	610	101.6	16.7	0.114	1.0	111115
195	"09:07:59"	289.0	-4.94	0.253	480	15.5	6.47	6	1	2.84	42.00	41.65	41.90	500.81	498.01	0.694	15.975	0.86	19.70	600.1	-1	610	101.6	16.7	0.114	1.0	111115
196	"09:08:00"	291.0	-4.84	0.253	479	15.5	6.47	6	1	2.84	42.00	41.66	41.91	500.76	497.88	0.697	15.959	0.86	19.67	600.0	-1	610	101.6	16.7	0.114	1.0	111115
197	"09:08:01"	292.0	-4.99	0.252	480	15.5	6.47	6	1	2.84	42.01	41.66	41.91	500.70	497.97	0.697	15.949	0.86	19.66	600.0	-1	610	101.6	16.7	0.114	1.0	111115
198	"09:08:02"	292.5	-5.03	0.252	481	15.5	6.48	6	1	2.84	42.01	41.66	41.91	500.70	498.01	0.698	15.942	0.86	19.65	600.0	-1	610	101.6	16.7	0.114	1.0	111115
199	"09:08:03"	293.5	-5.07	0.252	481	15.5	6.48	6	1	2.84	42.01	41.66	41.91	500.63	497.99	0.699	15.931	0.86	19.63	600.0	-1	611	101.6	16.7	0.114	1.0	111115
200	"09:08:04"	294.5	-5.05	0.252	481	15.5	6.48	6	1	2.84	42.01	41.66	41.92	500.67	498.02	0.700	15.922	0.86	19.62	600.1	-1	611	101.6	16.7	0.114	1.0	111115
201	"09:08:05"	295.5	-5.1	0.251	481	15.5	6.48	6	1	2.84	42.02	41.66	41.92	500.67	498.07	0.702	15.914	0.86	19.60	600.1	-0	611	101.6	16.7	0.114	1.0	111115
202	"09:08:06"	296.5	-5	0.251	480	15.5	6.48	6	1	2.84	42.02	41.66	41.92	500.72	498.02	0.703	15.910	0.87	19.60	600.0	-0	611	101.6	16.7	0.114	1.0	111115
203	"09:08:07"	297.5	-4.9	0.251	480	15.4	6.48	6	1	2.84	42.02	41.66	41.93	500.78	498.00	0.704	15.897	0.87	19.58	600.0	-1	611	101.6	16.7	0.114	1.0	111115
204	"09:08:08"	298.5	-4.94	0.251	480	15.4	6.48	6	1	2.84	42.02	41.66	41.93	500.76	498.01	0.705	15.890	0.87	19.57	600.0	-1	610	101.6	16.7	0.114	1.0	111115
205	"09:08:09"	299.5	-4.93	0.25	480	15.4	6.48	6	1	2.84	42.03	41.66	41.93	500.78	498.03	0.706	15.880	0.87	19.55	600.0	-1	610	101.6	16.7	0.114	1.0	111115
206	"09:08:10"	300.5	-4.99	0.25	481	15.4	6.49	6	1	2.84	42.03	41.67	41.93	500.74	498.05	0.707	15.877	0.87	19.54	600.0	-1	610	101.6	16.7	0.114	1.0	111115
207	"09:08:11"	301.5	-5.07	0.25	481	15.4	6.49	6	1	2.84	42.03	41.67	41.94	500.72	498.11	0.709	15.878	0.87	19.54	600.1	-1	609	101.6	16.7	0.114	1.0	111115
208	"09:08:12"	302.5	-5.01	0.25	481	15.4	6.49	6	1	2.84	42.03	41.68	41.94	500.70	498.03	0.710	15.870	0.87	19.53	600.1	-1	609	101.6	16.7	0.114	1.0	111115
209	"09:08:13"	303.5	-4.95	0.25	480	15.4	6.49	6	1	2.84	42.04	41.68	41.94	500.66	497.94	0.712	15.870	0.88	19.53	600.1	-1	609	101.6	16.7	0.114	1.0	111115
210	"09:08:14"	304.5	-4.88	0.25	480	15.4	6.5	6	1	2.84	42.04	41.69	41.94	500.67	497.89	0.712	15.863	0.88	19.52	600.1	-1	609	101.6	16.7	0.114	1.0	111115
211	"09:08:15"	305.5	-4.89	0.249	480	15.4	6.5	6	1	2.84	42.04	41.69	41.95	500.64	497.87	0.713	15.858	0.88	19.51	600.0	-1	608	101.6	16.7	0.114	1.0	111115
212	"09:08:17"	306.5	-4.88	0.249	480	15.4	6.5	6	1	2.84	42.04	41.69	41.95	500.67	497.89	0.713	15.853	0.88	19.50	600.0	-1	608	101.6	16.7	0.114	1.0	111115
213	"09:08:18"	307.5	-4.76	0.249	479	15.4	6.5	6	1	2.84	42.05	41.69	41.95	500.75	497.85	0.715	15.847	0.88	19.49	600.0	-1	607	101.6	16.7	0.114	1.0	111115
214	"09:08:19"	308.5	-4.83	0.249	479	15.4	6.5	6	1	2.84	42.05	41.69	41.95	500.73	497.90	0.717	15.841	0.88	19.48	600.0	-1	606	101.6	16.7	0.114	1.0	111115
215	"09:08:20"	310.5	-4.72	0.248	479	15.4	6.5	6	1	2.84	42.06	41.70	41.96	500.80	497.87	0.721	15.830	0.89	19.46	600.0	-1	605	101.6	16.7	0.114	1.0	111115
216	"09:08:21"	312.0	-4.9	0.248	480	15.3	6.51	6	1	2.84	42.06	41.70	41.97	500.69	497.95	0.722	15.820	0.89	19.44	600.0	-1	604	101.6	16.7	0.114	1.0	111115
217	"09:08:23"	313.5	-4.97	0.248	480	15.3	6.51	6	1	2.84	42.06	41.70	41.97	500.59	497.92	0.723	15.814	0.89	19.43	600.0	-1	603	101.6	16.7	0.114	1.0	111115
218	"09:08:24"	314.5	-5	0.248	481	15.3	6.51	6	1	2.84	42.07	41.71	41.97	500.57	497.94	0.724	15.810	0.89	19.42	600.0	-1	603	101.6	16.7	0.114	1.0	111115
219	"09:08:25"	315.0	-5	0.248	481	15.3	6.51	6	1	2.84	42.07	41.71	41.97	500.56	497.93	0.724	15.807	0.89	19.42	600.0	-1	602	101.6	16.7	0.114	1.0	111115
220	"09:08:26"	317.0	-4.92	0.248	480	15.3	6.51	6	1	2.84	42.07	41.71	41.98	500.72	498.00	0.727	15.803	0.89	19.41	600.0	-1	601	101.6	16.7	0.114	1.0	111115
221	"09:08:27"	317.5	-4.91	0.247	480	15.3	6.51	6	1	2.84	42.07	41.71	41.98	500.71	497.99	0.728	15.800	0.89	19.41	600.1	-1	600	101.6	16.7	0.114	1.0	111115
222	"09:08:29"	319.5	-5.13	0.247	482	15.3	6.51	6	1	2.84	42.08	41.71	41.98	500.61	498.11	0.730	15.793	0.90	19.39	600.1	-1	599	101.6	16.7	0.114	1.0	111115
223	"09:08:30"	320.5	-5.14	0.247	482	15.3	6.51	6	1	2.84	42.08	41.70	41.99	500.62	498.14	0.731	15.789	0.90	19.39	600.1	-1	598	101.6	16.7	0.114	1.0	111115
224	"09:08:31"	321.0	-5.06	0.247	481	15.3	6.51	6	1	2.84	42.08	41.71	41.99	500.62	498.07	0.732	15.788	0.90	19.38	600.1	-1	597	101.6	16.7	0.114	1.0	111115
225	"09:08:32"	323.0	-5.01	0.247	481	15.3	6.51	6	1	2.84	42.08	41.71	41.99	500.66	498.05	0.734	15.783	0.90	19.37	600.0	-1	596	101.6	16.7	0.114	1.0	111115
226	"09:08:33"	323.5	-5.03	0.247	481	15.3	6.51	6	1	2.84	42.08	41.71	42.00	500.66	498.08	0.734	15.780	0.90	19.37	600.0	-1	595	101.6	16.7	0.114	1.0	111115
227	"09:08:35"	325.5	-4.97	0.246	481	15.3	6.52	6	1	2.84	42.09	41.71	42.00	500.64	498.01	0.738	15.769	0.91	19.35	600.0	-0	594	101.6	16.7	0.114	1.0	111115
228	"09:08:36"	326.5	-4.91	0.246	480	15.3	6.52	6	1	2.84	42.09	41.71	42.00	500.65	497.96	0.739	15.763	0.91	19.34	600.0	-1	593	101.6	16.7	0.114	1.0	111115
229	"09:08:37"	327.0	-4.82	0.246	479	15.3	6.52	6	1	2.84	42.09	41.71	42.00	500.66	497.88	0.740	15.761	0.91	19.34	600.0	-0	593	101.6	16.7	0.114	1.0	111115
230	"09:08:38"	328.0	-4.68	0.246	478	15.3	6.52	6	1	2.84	42.10	41.72	42.01	500.69	497.77	0.741	15.754	0.91	19.33	600.0	-1	592	101.6	16.7	0.114	1.0	111115
231	"09:08:39"	329.0	-4.65	0.246	478	15.2	6.52	6	1	2.84	42.10	41.72	42.01	500.65	497.72	0.743	15.743	0.91	19.31	600.0	-1	591	101.6	16.7	0.114	1.0	111115
232	"09:08:40"	330.0	-4.87	0.245	480	15.2	6.53	6	1	2.84	42.10	41.73	42.01	500.61	497.90	0.744	15.738	0.91	19.30	600.0	-0	590	101.6	16.7	0.114	1.0	111115
233	"09:08:41"	331.0	-4.96	0.245	481	15.2	6.53	6	1	2.84	42.10	41.73	42.02	500.59	497.97	0.745	15.729	0.91	19.29	600.1	-1	589	101.6	16.7	0.114	1.0	111115
234	"09:08:42"	332.0	-5.06	0.245	481	15.2	6.53	6	1	2.84	42.10	41.73	42.02	500.54	498.01	0.746	15.726	0.91	19.28	600.1	-0	589	101.6	16.7	0.114	1.0	111115
235	"09:08:43"	333.0	-5.02	0.245	481	15.2	6.53	6	1	2.84	42.11	41.73	42.02	500.60	498.04	0.747	15.723	0.92	19.28	600.1	-0	588	101.6	16.7	0.114	1.0	111115
236	"09:08:44"	335.0	-4.65	0.244	478	15.2	6.53	6	1	2.84	42.11	41.74	42.03	500.73	497.82	0.750	15.709	0.92	19.25	600.0	-0	587	101.6	16.7	0.114	1.0	111115
237	"09:08:45"	335.5	-4.7	0.244	479	15.2	6.53	6	1	2.84	42.11	41.74	42.03	500.76	497.90	0.751	15.706	0.92	19.25	600.0	-1	587	101.6	16.7	0.114	1.0	111115
238	"09:08:46"	336.5	-4.63	0.244	478	15.2	6.54	6	1	2.84	42.12	41.74	42.03	500.74	497.82	0.753	15.696	0.92	19.24	600.0	-1	586	101.6	16.7	0.114	1.0	111115
239	"09:08:47"	337.5	-4.62	0.244	478	15.2	6.54	6	1	2.84	42.12	41.74	42.03	500.75	497.82	0.754	15.684	0.92	19.22	600.0	-0	586	101.6	16.7	0.114	1.0	111115
240	"09:08:48"	338.5	-4.65	0.243	478	15.2	6.54	6	1	2.84	42.12	41.74	42.04	500.73	497.85	0.756	15.671	0.93	19.20	600.0	-0	586	101.6	16.7	0.114	1.0	111115
241	"09:08:50"	340.5	-4.77	0.243	479	15.1	6.54	6	1	2.84	42.13	41.75	42.04	500.66	497.89	0.758	15.653	0.93	19.17	599.9	-0	585	101.6	16.7	0.114	1.0	111115
242	"09:08:51"	342.0	-4.97	0.243	481	15.1	6.55	6	1	2.84	42.13	41.75	42.04	500.60	498.03	0.760	15.641	0.93	19.15	600.0	-0	585	101.6	16.7	0.114	1.0	111115
243	"09:08:52"	343.0	-4.97	0.242	481	15.1	6.55	6	1	2.84	42.13	41.75	42.05	500.55	497.99	0.761	15.632	0.93	19.14	600.1	-0	584	101.6	16.7	0.114	1.0	111115
244	"09:08:54"	344.5	-4.88	0.242	480	15.1	6.55	6	1	2.84	42.13	41.75	42.05	500.54	497.91	0.763	15.619	0.93	19.12	600.1	-0	584	101.6	16.7	0.114	1.0	111115
245	"09:08:55"	345.0	-4.93	0.242	481	15.1	6.55	6	1	2.84	42.14	41.76	42.05	500.53	497.95	0.764	15.613	0.94	19.11	600.1	-0	584	101.6	16.7	0.114	1.0	111115
246	"09:08:56"	347.0	-4.67	0.241	479	15.1	6.55	6	1	2.84	42.14	41.76	42.06	500.65	497.81	0.767	15.607	0.94	19.10	600.0	-0	583	101.6	16.7	0.114	1.0	111115
247	"09:08:57"	348.0	-4.55	0.241	478	15.1	6.56	6	1	2.84	42.14	41.77	42.06	500.70	497.75	0.769	15.602	0.94	19.09	600.0	-0	583	101.6	16.7	0.114	1.0	111115
248	"09:08:59"	348.5	-4.53	0.241	478	15.1	6.56	6	1	2.84	42.15	41.77	42.06	500.74	497.78	0.770	15.599	0.94	19.09	600.0	-0	583	101.6	16.7	0.114	1.0	111115
249	"09:09:00"	350.5	-4.4	0.241	477	15.1	6.56	6	1	2.84	42.15	41.77	42.07	500.83	497.74	0.771	15.591	0.94	19.07	600.1	-0	582	101.6	16.7	0.114	1.0	111115
250	"09:09:01"	351.0	-4.44	0.241	477	15.1	6.56	6	1	2.84	42.15	41.78	42.07	500.82	497.77	0.772	15.586	0.94	19.06	600.1	-0	582	101.6	16.7	0.114	1.0	111115
251	"09:09:02"	353.0	-4.78	0.24	480	15	6.56	6	1	2.84	42.16	41.78	42.07	500.62	497.91	0.775	15.581	0.95	19.05	600.1	-0	583	101.6	16.7	0.114	1.0	111115
252	"09:09:03"	353.5	-4.93	0.24	481	15	6.57	6	1	2.84	42.16	41.78	42.08	500.57	498.02	0.776	15.577	0.95	19.05	600.0	-0	583	101.6	16.7	0.114	1.0	111115
253	"09:09:05"	355.5	-4.94	0.24	481	15	6.57	6	1	2.84	42.16	41.79	42.08	500.57	498.03	0.780	15.568	0.95	19.03	600.0	-0	583	101.6	16.7	0.114	1.0	111115
254	"09:09:06"	357.0	-4.82	0.24	480	15	6.57	6	1	2.84	42.17	41.79	42.09	500.68	498.03	0.782	15.558	0.96	19.01	600.0	-1	581	101.6	16.7	0.114	1.0	111115
255	"09:09:07"	358.0	-4.73	0.239	479	15	6.58	6	1	2.84	42.17	41.80	42.09	500.73	498.00	0.783	15.550	0.96	19.00	600.0	-1	580	101.6	16.7	0.114	1.0	111115
256	"09:09:09"	359.5	-4.66	0.239	479	15	6.58	6	1	2.84	42.18	41.81	42.09	500.77	497.97	0.785	15.538	0.96	18.98	600.0	-1	578	101.6	16.7	0.114	1.0	111115
257	"09:09:10"	360.0	-4.72	0.239	479	15	6.58	6	1	2.84	42.18	41.81	42.09	500.73	497.99	0.786	15.533	0.96	18.97	600.0	-1	578	101.6	16.7	0.114	1.0	111115
258	"09:09:11"	362.0	-4.51	0.238	478	15	6.59	6	1	2.84	42.18	41.83	42.10	500.82	497.87	0.791	15.533	0.97	18.97	600.0	-0	578	101.6	16.7	0.114	1.0	111115
259	"09:09:12"	363.0	-4.45	0.238	477	15	6.59	6	1	2.84	42.19	41.83	42.10	500.86	497.85	0.793	15.542	0.97	18.97	600.0	-1	579	101.6	16.7	0.114	1.0	111115
260	"09:09:14"	364.5	-4.45	0.239	477	15	6.59	6	1	2.84	42.19	41.83	42.11	500.92	497.90	0.797	15.555	0.97	18.99	600.0	-1	578	101.6	16.7	0.114	1.0	111115
261	"09:09:15"	365.5	-4.5	0.239	478	15	6.59	6	1	2.84	42.19	41.82	42.11	500.94	497.98	0.798	15.550	0.97	18.98	600.1	-1	578	101.6	16.7	0.114	1.0	111115
262	"09:09:16"	367.0	-4.31	0.238	477	15	6.59	6	1	2.84	42.20	41.82	42.12	501.18	498.03	0.800	15.533	0.98	18.95	600.1	-1	577	101.6	16.7	0.114	1.0	111115
263	"09:09:17"	368.0	-4.11	0.238	475	15	6.59	6	1	2.84	42.20	41.82	42.12	501.36	498.03	0.802	15.529	0.98	18.94	600.0	-1	577	101.6	16.7	0.114	1.0	111115
264	"09:09:19"	369.5	-3.64	0.238	472	15	6.59	6	1	2.84	42.21	41.82	42.12	501.84	498.03	0.804	15.521	0.98	18.93	600.0	-1	577	101.6	16.7	0.114	1.0	111115
265	"09:09:20"	370.0	-3.6	0.238	472	14.9	6.59	6	1	2.84	42.21	41.82	42.12	501.93	498.09	0.804	15.518	0.98	18.93	600.0	-1	577	101.6	16.7	0.114	1.0	111115
266	"09:09:21"	372.0	-3.27	0.238	470	14.9	6.59	6	1	2.84	42.21	41.82	42.13	502.26	498.09	0.807	15.501	0.98	18.90	600.1	-1	577	101.6	16.7	0.114	1.0	111115
267	"09:09:22"	372.5	-3.11	0.238	468	14.9	6.59	6	1	2.84	42.21	41.81	42.13	502.38	498.06	0.808	15.499	0.99	18.90	600.1	-1	577	101.6	16.7	0.114	1.0	111115
268	"09:09:23"	373.5	-3.03	0.237	468	14.9	6.59	6	1	2.84	42.22	41.81	42.13	502.56	498.16	0.810	15.494	0.99	18.89	600.0	-1	578	101.6	16.7	0.114	1.0	111115
269	"09:09:25"	375.5	-2.68	0.237	466	14.9	6.59	6	1	2.84	42.22	41.81	42.14	502.87	498.12	0.812	15.489	0.99	18.87	600.0	-1	579	101.6	16.7	0.114	1.0	111115
270	"09:09:26"	376.0	-2.66	0.237	466	14.9	6.59	6	1	2.84	42.22	41.81	42.14	502.92	498.16	0.813	15.482	0.99	18.86	600.0	-1	579	101.6	16.7	0.114	1.0	111115
271	"09:09:27"	378.0	-2.72	0.237	466	14.9	6.59	6	1	2.84	42.23	41.82	42.15	502.90	498.21	0.816	15.459	0.99	18.83	600.1	-1	578	101.6	16.7	0.114	1.0	111115
272	"09:14:32"	683.0	-3.65	0.198	474	13.2	6.86	6	1	2.84	42.78	42.23	42.74	500.88	497.97	1.576	14.547	1.86	17.21	600.0	-1	608	101.6	16.7	0.114	0.3	111115
273	"09:14:33"	684.0	-3.77	0.199	475	13.2	6.86	6	1	2.84	42.78	42.22	42.74	500.84	498.05	1.578	14.550	1.87	17.22	600.0	-0	611	101.6	16.7	0.114	0.7	111115
274	"09:14:35"	685.5	-3.61	0.198	474	13.2	6.87	6	1	2.84	42.78	42.23	42.74	500.80	497.86	1.581	14.544	1.87	17.21	600.0	-0	613	101.6	16.7	0.114	0.7	111115
275	"09:14:36"	686.5	-3.7	0.198	475	13.1	6.87	6	1	2.84	42.79	42.23	42.74	500.74	497.89	1.584	14.540	1.87	17.20	600.1	-0	615	101.6	16.7	0.114	0.7	111115
276	"09:14:37"	688.0	-3.78	0.198	475	13.1	6.87	6	1	2.84	42.79	42.24	42.74	500.56	497.80	1.590	14.538	1.88	17.20	600.1	-0	617	101.6	16.7	0.114	0.7	111115
277	"09:14:38"	689.0	-3.91	0.198	476	13.1	6.87	6	1	2.84	42.79	42.24	42.74	500.45	497.82	1.594	14.540	1.89	17.19	600.1	-1	618	101.6	16.7	0.114	0.7	111115
278	"09:14:40"	690.5	-3.96	0.198	477	13.1	6.87	6	1	2.84	42.80	42.24	42.75	500.31	497.73	1.599	14.541	1.89	17.19	600.1	-1	618	101.6	16.7	0.114	0.7	111115
279	"09:14:41"	691.5	-3.95	0.198	477	13.1	6.87	6	1	2.84	42.80	42.24	42.75	500.27	497.69	1.603	14.536	1.90	17.19	600.1	-1	618	101.6	16.7	0.114	0.7	111115
280	"09:14:42"	693.0	-4.11	0.197	478	13.1	6.88	6	1	2.84	42.80	42.25	42.75	500.14	497.72	1.608	14.530	1.90	17.18	600.0	-1	618	101.6	16.7	0.114	0.7	111115
281	"09:14:43"	694.0	-4.25	0.197	479	13.1	6.88	6	1	2.84	42.80	42.25	42.76	500.10	497.83	1.613	14.527	1.91	17.17	600.0	-1	618	101.6	16.7	0.114	0.7	111115
282	"09:14:45"	695.5	-4.1	0.197	478	13.1	6.88	6	1	2.84	42.81	42.26	42.76	500.13	497.71	1.619	14.525	1.91	17.16	600.1	-1	619	101.6	16.7	0.114	0.7	111115
283	"09:14:46"	696.5	-3.93	0.197	476	13.1	6.88	6	1	2.84	42.81	42.25	42.76	500.19	497.60	1.623	14.523	1.92	17.16	600.1	-1	619	101.6	16.7	0.114	0.7	111115
284	"09:14:47"	698.0	-3.7	0.197	475	13.1	6.88	6	1	2.84	42.81	42.26	42.77	500.22	497.42	1.629	14.525	1.92	17.16	600.0	-1	619	101.6	16.7	0.114	0.7	111115
285	"09:14:48"	699.0	-3.77	0.197	475	13.1	6.88	6	1	2.84	42.82	42.26	42.77	500.18	497.45	1.632	14.527	1.93	17.16	600.0	-1	619	101.6	16.7	0.114	0.7	111115
286	"09:14:50"	700.5	-3.85	0.197	476	13.1	6.88	6	1	2.84	42.82	42.26	42.77	500.15	497.50	1.639	14.527	1.94	17.16	600.0	-1	619	101.6	16.7	0.114	0.7	111115
287	"09:14:51"	701.5	-3.86	0.196	476	13.1	6.88	6	1	2.84	42.82	42.26	42.78	500.12	497.47	1.643	14.526	1.94	17.15	600.1	-1	619	101.6	16.7	0.114	0.7	111115
288	"09:14:52"	703.0	-3.64	0.196	474	13.1	6.88	6	1	2.84	42.83	42.27	42.78	500.21	497.35	1.649	14.524	1.95	17.15	600.1	-1	619	101.6	16.7	0.114	0.7	111115
289	"09:14:54"	704.0	-3.62	0.196	474	13.1	6.89	6	1	2.84	42.83	42.27	42.78	500.23	497.35	1.652	14.525	1.95	17.15	600.1	-1	619	101.6	16.7	0.114	0.7	111115
290	"09:14:55"	705.5	-3.36	0.196	472	13.1	6.89	6	1	2.84	42.83	42.28	42.79	500.32	497.19	1.658	14.525	1.96	17.14	600.1	-1	619	101.6	16.7	0.114	0.7	111115
291	"09:14:56"	706.5	-3.4	0.196	472	13.1	6.89	6	1	2.84	42.83	42.28	42.79	500.29	497.20	1.661	14.522	1.96	17.14	600.1	-1	619	101.6	16.7	0.114	0.7	111115
292	"09:14:57"	708.0	-3.31	0.196	471	13	6.89	6	1	2.84	42.84	42.28	42.79	500.27	497.09	1.668	14.517	1.97	17.13	600.1	-0	619	101.6	16.7	0.114	0.7	111115
293	"09:14:58"	709.0	-3.44	0.196	472	13	6.89	6	1	2.84	42.84	42.28	42.79	500.20	497.15	1.672	14.518	1.97	17.13	600.0	-0	619	101.6	16.7	0.114	0.7	111115
294	"09:15:00"	710.5	-3.47	0.195	472	13	6.89	6	1	2.84	42.84	42.29	42.80	500.09	497.08	1.677	14.516	1.98	17.12	600.0	-0	619	101.6	16.7	0.114	0.7	111115
295	"09:15:01"	711.5	-3.49	0.195	473	13	6.9	6	1	2.84	42.84	42.29	42.80	500.06	497.07	1.681	14.515	1.98	17.12	600.0	-0	618	101.6	16.7	0.114	0.7	111115
296	"09:15:02"	713.0	-3.36	0.195	471	13	6.9	6	1	2.84	42.85	42.30	42.80	500.10	496.99	1.687	14.510	1.99	17.11	600.0	-1	618	101.6	16.7	0.114	0.7	111115
297	"09:15:03"	714.0	-3.27	0.195	471	13	6.9	6	1	2.84	42.85	42.30	42.80	500.18	497.00	1.693	14.507	2.00	17.11	600.0	-1	617	101.6	16.7	0.114	0.7	111115
298	"09:15:05"	715.5	-3.2	0.194	470	13	6.9	6	1	2.84	42.85	42.30	42.81	500.28	497.03	1.699	14.500	2.00	17.09	600.0	-1	616	101.6	16.7	0.114	0.7	111115
299	"09:15:06"	716.5	-3.34	0.194	471	13	6.9	6	1	2.84	42.85	42.30	42.81	500.22	497.11	1.702	14.500	2.01	17.09	600.0	-1	616	101.6	16.7	0.114	0.7	111115
300	"09:15:07"	718.0	-3.36	0.194	472	13	6.9	6	1	2.84	42.86	42.31	42.81	500.26	497.17	1.707	14.497	2.01	17.08	600.0	-0	614	101.6	16.7	0.114	0.7	111115
301	"09:15:08"	719.0	-3.34	0.194	471	13	6.91	6	1	2.84	42.86	42.31	42.82	500.26	497.15	1.711	14.495	2.02	17.08	600.0	-1	613	101.6	16.7	0.114	0.7	111115
302	"09:15:10"	720.5	-3.06	0.194	469	13	6.91	6	1	2.84	42.86	42.31	42.82	500.38	497.00	1.718	14.488	2.02	17.07	600.0	-1	611	101.6	16.7	0.114	1.0	111115
303	"09:15:11"	721.5	-2.92	0.194	468	13	6.91	6	1	2.84	42.87	42.32	42.82	500.43	496.91	1.723	14.486	2.03	17.07	600.1	-1	610	101.6	16.7	0.114	1.0	111115
304	"09:15:12"	723.0	-2.84	0.193	467	12.9	6.91	6	1	2.84	42.87	42.32	42.83	500.43	496.84	1.729	14.484	2.04	17.06	600.1	-1	609	101.6	16.7	0.114	1.0	111115
305	"09:15:13"	724.0	-2.88	0.193	467	12.9	6.91	6	1	2.84	42.87	42.32	42.83	500.47	496.91	1.733	14.484	2.04	17.06	600.1	-1	609	101.6	16.7	0.114	1.0	111115
306	"09:15:15"	725.5	-2.91	0.193	468	12.9	6.91	6	1	2.84	42.88	42.32	42.83	500.43	496.92	1.739	14.481	2.05	17.05	600.1	-1	608	101.6	16.7	0.114	1.0	111115
307	"09:15:16"	726.5	-2.98	0.193	468	12.9	6.91	6	1	2.84	42.88	42.32	42.83	500.44	497.00	1.743	14.478	2.05	17.05	600.0	-1	608	101.6	16.7	0.114	1.0	111115
308	"09:15:17"	728.0	-2.94	0.193	468	12.9	6.91	6	1	2.84	42.88	42.33	42.84	500.48	497.00	1.750	14.473	2.06	17.04	600.0	-0	607	101.6	16.7	0.114	1.0	111115
309	"09:15:18"	729.0	-2.95	0.193	468	12.9	6.92	6	1	2.84	42.88	42.32	42.84	500.49	497.03	1.755	14.468	2.07	17.03	600.0	-0	606	101.6	16.7	0.114	1.0	111115
310	"09:15:20"	730.5	-3.12	0.193	470	12.9	6.92	6	1	2.84	42.89	42.33	42.84	500.34	497.05	1.762	14.469	2.07	17.03	600.1	-1	606	101.6	16.7	0.114	1.0	111115
311	"09:15:21"	731.5	-3.14	0.192	470	12.9	6.92	6	1	2.84	42.89	42.33	42.84	500.32	497.05	1.766	14.467	2.08	17.02	600.1	-1	606	101.6	16.7	0.114	1.0	111115
312	"09:15:22"	733.0	-3.17	0.192	470	12.9	6.92	6	1	2.84	42.89	42.34	42.85	500.31	497.08	1.772	14.464	2.08	17.02	600.1	-1	607	101.6	16.7	0.114	1.0	111115
313	"09:15:23"	734.0	-3.02	0.192	469	12.9	6.92	6	1	2.84	42.89	42.34	42.85	500.33	496.96	1.775	14.458	2.09	17.01	600.1	-1	607	101.6	16.7	0.114	1.0	111115
314	"09:15:25"	735.5	-2.98	0.192	469	12.9	6.92	6	1	2.84	42.90	42.34	42.85	500.42	497.01	1.782	14.456	2.10	17.00	600.1	-0	608	101.6	16.7	0.114	1.0	111115
315	"09:15:26"	736.5	-3.01	0.192	469	12.9	6.92	6	1	2.84	42.90	42.34	42.85	500.41	497.02	1.786	14.460	2.10	17.00	600.1	-0	607	101.6	16.7	0.114	1.0	111115
316	"09:15:27"	738.0	-3.04	0.192	469	12.9	6.92	6	1	2.84	42.90	42.35	42.86	500.42	497.07	1.792	14.463	2.11	17.01	600.1	-1	607	101.6	16.7	0.114	1.0	111115
317	"09:15:28"	739.0	-3.05	0.192	469	12.9	6.93	6	1	2.84	42.90	42.35	42.86	500.36	497.03	1.798	14.466	2.11	17.01	600.1	-1	606	101.6	16.7	0.114	1.0	111115
318	"09:15:30"	740.5	-3.08	0.191	469	12.8	6.93	6	1	2.84	42.91	42.36	42.86	500.33	497.03	1.804	14.464	2.12	17.00	600.1	-1	603	101.6	16.7	0.114	1.0	111115
319	"09:15:31"	741.5	-3.01	0.191	469	12.8	6.93	6	1	2.84	42.91	42.36	42.86	500.33	496.95	1.807	14.467	2.12	17.00	600.1	-1	602	101.6	16.7	0.114	1.0	111115
320	"09:15:32"	743.0	-3.01	0.191	469	12.8	6.93	6	1	2.84	42.91	42.36	42.87	500.36	496.99	1.813	14.469	2.13	17.00	600.1	-0	599	101.6	16.7	0.114	1.0	111115
321	"09:15:33"	744.0	-2.93	0.191	468	12.8	6.93	6	1	2.84	42.92	42.37	42.87	500.36	496.91	1.818	14.474	2.14	17.01	600.1	-0	597	101.6	16.7	0.114	1.0	111115
322	"09:15:35"	745.5	-3.02	0.191	469	12.8	6.93	6	1	2.84	42.92	42.37	42.87	500.32	496.96	1.824	14.479	2.14	17.01	600.1	-0	595	101.6	16.7	0.114	1.0	111115
323	"09:15:36"	746.5	-3.15	0.191	470	12.8	6.93	6	1	2.84	42.92	42.37	42.88	500.27	497.03	1.828	14.480	2.15	17.01	600.1	-0	595	101.6	16.7	0.114	1.0	111115
324	"09:15:37"	748.0	-3.31	0.191	471	12.8	6.93	6	1	2.84	42.93	42.37	42.88	500.24	497.18	1.833	14.477	2.15	17.00	600.1	-0	596	101.6	16.7	0.114	1.0	111115
325	"09:15:38"	749.0	-3.27	0.191	471	12.8	6.94	6	1	2.84	42.93	42.37	42.88	500.27	497.17	1.838	14.473	2.16	17.00	600.1	-1	597	101.6	16.7	0.114	1.0	111115
326	"09:15:40"	750.5	-2.95	0.19	468	12.8	6.94	6	1	2.84	42.93	42.38	42.88	500.38	496.97	1.844	14.463	2.17	16.98	600.1	-1	597	101.6	16.7	0.114	1.0	111115
327	"09:15:41"	751.0	-2.93	0.19	468	12.8	6.94	6	1	2.84	42.93	42.38	42.89	500.40	496.97	1.846	14.462	2.17	16.98	600.1	-1	596	101.6	16.7	0.114	1.0	111115
328	"09:15:42"	752.5	-2.81	0.19	467	12.8	6.94	6	1	2.84	42.93	42.38	42.89	500.47	496.93	1.849	14.460	2.17	16.97	600.2	-0	596	101.6	16.7	0.114	1.0	111115
329	"09:15:43"	754.0	-3.2	0.19	471	12.8	6.94	6	1	2.84	42.94	42.37	42.89	500.37	497.21	1.859	14.461	2.18	16.97	600.1	-0	595	101.6	16.7	0.114	1.0	111115
330	"09:15:44"	754.5	-3.23	0.19	471	12.8	6.94	6	1	2.84	42.94	42.37	42.89	500.38	497.26	1.862	14.461	2.19	16.97	600.1	-0	595	101.6	16.7	0.114	1.0	111115
331	"09:15:46"	756.5	-3.18	0.19	470	12.8	6.94	6	1	2.84	42.94	42.38	42.90	500.35	497.18	1.870	14.455	2.19	16.96	600.1	-1	594	101.6	16.7	0.114	1.0	111115
332	"09:15:47"	757.5	-2.84	0.19	467	12.8	6.94	6	1	2.84	42.94	42.38	42.90	500.46	496.96	1.876	14.453	2.20	16.96	600.0	-0	593	101.6	16.7	0.114	1.0	111115
333	"09:15:48"	758.0	-2.86	0.19	468	12.8	6.94	6	1	2.84	42.94	42.38	42.90	500.44	496.96	1.878	14.453	2.20	16.96	600.0	-0	593	101.6	16.7	0.114	1.0	111115
334	"09:15:49"	760.0	-3.1	0.19	470	12.8	6.94	6	1	2.84	42.95	42.38	42.90	500.31	497.07	1.887	14.456	2.21	16.96	600.0	-1	592	101.6	16.7	0.114	1.0	111115
335	"09:15:51"	761.5	-3.27	0.189	471	12.8	6.94	6	1	2.84	42.95	42.38	42.91	500.29	497.21	1.891	14.459	2.22	16.96	600.0	-0	592	101.6	16.7	0.114	1.0	111115
336	"09:15:52"	762.0	-3.18	0.189	471	12.8	6.94	6	1	2.84	42.95	42.38	42.91	500.32	497.16	1.893	14.459	2.22	16.96	600.0	-0	592	101.6	16.7	0.114	1.0	111115
337	"09:15:53"	764.0	-3.18	0.189	471	12.7	6.94	6	1	2.84	42.96	42.39	42.91	500.35	497.20	1.902	14.465	2.23	16.96	600.0	-0	591	101.6	16.7	0.114	1.0	111115
338	"09:15:54"	765.0	-3.1	0.189	470	12.7	6.94	6	1	2.84	42.96	42.39	42.91	500.37	497.14	1.907	14.466	2.24	16.96	600.1	-0	590	101.6	16.7	0.114	1.0	111115
339	"09:15:56"	766.5	-3.17	0.189	470	12.7	6.95	6	1	2.84	42.96	42.39	42.91	500.31	497.15	1.914	14.469	2.24	16.96	600.1	-0	589	101.6	16.7	0.114	1.0	111115
340	"09:15:57"	767.5	-3.11	0.189	470	12.7	6.95	6	1	2.84	42.96	42.40	42.91	500.31	497.09	1.918	14.468	2.25	16.96	600.1	-0	588	101.6	16.7	0.114	1.0	111115
341	"09:15:58"	769.0	-3.01	0.189	469	12.7	6.95	6	1	2.84	42.96	42.40	42.92	500.37	497.06	1.926	14.465	2.26	16.95	600.1	-0	588	101.6	16.7	0.114	1.0	111115
342	"09:15:59"	770.0	-2.93	0.189	468	12.7	6.95	6	1	2.84	42.97	42.40	42.92	500.41	497.02	1.930	14.460	2.26	16.95	600.1	-1	587	101.6	16.7	0.114	1.0	111115
343	"09:16:01"	771.5	-2.82	0.188	467	12.7	6.95	6	1	2.84	42.97	42.41	42.92	500.49	496.99	1.936	14.461	2.27	16.94	600.1	-1	586	101.6	16.7	0.114	1.0	111115
344	"09:16:02"	772.5	-2.79	0.188	467	12.7	6.96	6	1	2.84	42.97	42.41	42.93	500.51	496.99	1.941	14.460	2.27	16.94	600.1	-1	586	101.6	16.7	0.114	1.0	111115
345	"09:16:03"	774.0	-2.77	0.188	467	12.7	6.96	6	1	2.84	42.97	42.42	42.93	500.51	496.97	1.948	14.456	2.28	16.93	600.1	-0	585	101.6	16.7	0.114	1.0	111115
346	"09:16:04"	775.0	-2.72	0.188	466	12.7	6.96	6	1	2.84	42.98	42.42	42.93	500.50	496.92	1.952	14.454	2.29	16.93	600.1	-0	584	101.6	16.7	0.114	1.0	111115
347	"09:16:06"	776.5	-2.81	0.188	467	12.7	6.96	6	1	2.84	42.98	42.42	42.93	500.42	496.93	1.959	14.454	2.29	16.93	600.1	-0	583	101.6	16.7	0.114	1.0	111115
348	"09:16:07"	777.5	-2.89	0.188	468	12.7	6.96	6	1	2.84	42.98	42.42	42.93	500.37	496.96	1.962	14.452	2.30	16.92	600.1	-1	582	101.6	16.7	0.114	1.0	111115
349	"09:16:08"	779.0	-2.94	0.188	468	12.7	6.96	6	1	2.84	42.98	42.42	42.94	500.37	497.02	1.970	14.450	2.31	16.92	600.1	-1	581	101.6	16.7	0.114	1.0	111115
350	"09:16:09"	780.0	-2.93	0.187	468	12.7	6.96	6	1	2.84	42.99	42.43	42.94	500.35	497.00	1.974	14.448	2.31	16.91	600.1	-1	580	101.6	16.7	0.114	1.0	111115
351	"09:16:11"	781.5	-2.9	0.187	468	12.7	6.96	6	1	2.84	42.99	42.43	42.94	500.40	497.01	1.981	14.448	2.32	16.91	600.1	-1	579	101.6	16.7	0.114	1.0	111115
352	"09:16:12"	782.5	-2.99	0.187	469	12.7	6.96	6	1	2.84	42.99	42.43	42.95	500.39	497.09	1.985	14.453	2.32	16.92	600.1	-0	578	101.6	16.7	0.114	1.0	111115
353	"09:16:13"	784.0	-2.94	0.187	468	12.6	6.96	6	1	2.84	42.99	42.43	42.95	500.41	497.06	1.993	14.452	2.33	16.91	600.1	-0	577	101.6	16.7	0.114	1.0	111115
354	"09:16:14"	784.5	-2.87	0.187	468	12.6	6.96	6	1	2.84	42.99	42.43	42.95	500.45	497.03	1.995	14.452	2.33	16.91	600.1	-0	576	101.6	16.7	0.114	1.0	111115
355	"09:16:16"	786.5	-2.92	0.187	468	12.6	6.97	6	1	2.84	43.00	42.44	42.95	500.40	497.04	2.004	14.442	2.34	16.90	600.1	-0	574	101.6	16.7	0.114	1.0	111115
356	"09:16:17"	787.0	-2.93	0.187	468	12.6	6.97	6	1	2.84	43.00	42.44	42.96	500.40	497.06	2.006	14.443	2.35	16.89	600.1	-0	574	101.6	16.7	0.114	1.0	111115
357	"09:16:18"	789.0	-3.01	0.186	469	12.6	6.97	6	1	2.84	43.01	42.45	42.96	500.28	497.02	2.015	14.442	2.36	16.89	600.0	-0	572	101.6	16.7	0.114	1.0	111115
358	"09:16:19"	789.5	-2.96	0.186	469	12.6	6.97	6	1	2.84	43.01	42.45	42.96	500.29	496.99	2.017	14.442	2.36	16.89	600.0	-0	572	101.6	16.7	0.114	1.0	111115
359	"09:16:21"	791.0	-2.94	0.186	468	12.6	6.97	6	1	2.84	43.01	42.45	42.97	500.31	496.99	2.024	14.439	2.37	16.88	600.0	-0	572	101.6	16.7	0.114	1.0	111115
360	"09:16:22"	792.5	-3.04	0.186	469	12.6	6.98	6	1	2.84	43.01	42.45	42.97	500.30	497.09	2.031	14.435	2.37	16.87	600.0	-0	571	101.6	16.7	0.114	1.0	111115
361	"09:16:23"	793.5	-3.16	0.186	471	12.6	6.98	6	1	2.84	43.02	42.45	42.97	500.24	497.15	2.037	14.431	2.38	16.87	600.1	-1	570	101.6	16.7	0.114	1.0	111115
362	"09:16:24"	795.0	-3.19	0.185	471	12.6	6.98	6	1	2.84	43.02	42.45	42.97	500.20	497.14	2.044	14.425	2.39	16.86	600.0	-0	569	101.6	16.7	0.114	1.0	111115
363	"09:16:25"	796.0	-3.14	0.185	470	12.6	6.98	6	1	2.84	43.02	42.46	42.98	500.19	497.10	2.049	14.421	2.39	16.85	600.0	-0	568	101.6	16.7	0.114	1.0	111115
364	"09:16:27"	797.5	-2.99	0.185	469	12.5	6.98	6	1	2.84	43.02	42.46	42.98	500.29	497.05	2.055	14.417	2.40	16.84	600.1	-0	567	101.6	16.7	0.114	1.0	111115
365	"09:16:28"	798.5	-2.89	0.185	468	12.5	6.98	6	1	2.84	43.03	42.46	42.98	500.32	496.97	2.060	14.418	2.41	16.84	600.1	-1	567	101.6	16.7	0.114	1.0	111115
366	"09:16:29"	800.0	-2.92	0.185	468	12.5	6.98	6	1	2.84	43.03	42.47	42.98	500.32	497.01	2.067	14.415	2.41	16.84	600.0	-1	564	101.6	16.7	0.114	1.0	111115
367	"09:16:30"	801.0	-2.94	0.185	469	12.5	6.98	6	1	2.84	43.03	42.47	42.99	500.34	497.05	2.072	14.414	2.42	16.84	600.0	-0	563	101.6	16.7	0.114	1.0	111115
368	"09:16:32"	802.5	-2.84	0.184	468	12.5	6.99	6	1	2.84	43.03	42.47	42.99	500.41	497.03	2.079	14.411	2.43	16.83	600.1	-0	562	101.6	16.7	0.114	1.0	111115
