"OPEN 5.3.2"
"Fri Aug  3 2018 11:33:47"
"Unit="	"PSC-895"
"ComputeList="	"/User/Configs/Comps/Default"
"BLCTable="	"/Sys/Lib/StdBLCTable"
"LightSource="	"Sun+Sky"	1	0.19
"LogFormat="	"/User/Configs/LogFormats/Std Output"
"LogCodes="	-35	-21	-36	30	23	36	21	25	-33	-34	-32	-9	-10	-8	-1	-2	-4	-5	-14	-15	-7	-12	-13	-11	-65	-66	-72	-23
"PromptList="	"/User/Configs/Prompts/Default (none)"
"Stability= (CO2S 15s SLP<1)(H2OS 15s SLP<1)(Flow 15s SLP<1)"
"11:35:11 "
$STARTOFDATA$
"Obs"	"HHMMSS"	"FTime"	"Photo"	"Cond"	"Ci"	"Trmmol"	"VpdL"	"Area"	"StmRat"	"BLCond"	"Tair"	"Tleaf"	"TBlk"	"CO2R"	"CO2S"	"H2OR"	"H2OS"	"RH_R"	"RH_S"	"Flow"	"PARi"	"PARo"	"Press"	"CsMch"	"HsMch"	"StableF"	"Status"
1	"11:36:27"	192.5	-6.28	0.183	527	6.89	3.85	6	1	2.84	41.03	40.34	41.02	499.29	502.11	29.651	36.292	38.54	47.17	600.0	-0	119	101.8	16.2	0.057	0.0	111115
2	"11:36:28"	193.0	-6.17	0.183	526	6.89	3.85	6	1	2.84	41.03	40.34	41.02	499.35	502.05	29.651	36.294	38.54	47.17	600.0	-0	122	101.8	16.2	0.057	0.3	111115
3	"11:36:29"	194.5	-6.14	0.183	526	6.89	3.85	6	1	2.84	41.03	40.34	41.02	499.36	502.04	29.651	36.290	38.54	47.17	600.0	-0	137	101.8	16.2	0.057	0.7	111115
4	"11:36:30"	196.0	-6.1	0.183	526	6.89	3.85	6	1	2.84	41.03	40.34	41.02	499.41	502.05	29.649	36.291	38.54	47.17	600.0	-0	149	101.8	16.2	0.057	0.7	111115
5	"11:36:31"	197.0	-6.11	0.183	526	6.9	3.85	6	1	2.84	41.03	40.34	41.02	499.46	502.10	29.645	36.296	38.54	47.18	600.0	-0	139	101.8	16.2	0.057	1.0	111115
6	"11:36:33"	198.5	-6.08	0.183	526	6.87	3.86	6	1	2.84	41.03	40.34	41.02	499.57	502.19	29.640	36.266	38.53	47.14	600.0	-0	115	101.8	16.2	0.057	1.0	111115
7	"11:36:34"	199.5	-6.04	0.183	525	6.89	3.85	6	1	2.84	41.03	40.33	41.02	499.70	502.28	29.635	36.275	38.53	47.16	600.0	-0	101	101.8	16.2	0.057	0.7	111115
8	"11:36:35"	201.0	-5.99	0.186	524	6.97	3.85	6	1	2.84	41.03	40.33	41.02	499.87	502.36	29.632	36.352	38.52	47.26	600.0	-0	112	101.8	16.2	0.057	0.7	111115
9	"11:36:36"	202.0	-6.05	0.188	524	7.03	3.84	6	1	2.84	41.03	40.33	41.02	499.93	502.45	29.629	36.401	38.52	47.32	600.0	0	105	101.8	16.2	0.057	0.7	111115
10	"11:36:38"	203.5	-6	0.186	524	6.98	3.84	6	1	2.84	41.03	40.33	41.02	499.98	502.47	29.626	36.353	38.52	47.26	600.0	-0	84	101.8	16.2	0.057	0.7	111115
11	"11:36:39"	204.5	-5.88	0.182	524	6.84	3.86	6	1	2.84	41.03	40.33	41.02	500.02	502.46	29.624	36.215	38.51	47.09	600.0	0	53	101.8	16.2	0.057	0.7	111115
12	"11:36:40"	206.0	-5.56	0.175	523	6.62	3.88	6	1	2.84	41.03	40.32	41.02	500.08	502.32	29.621	36.007	38.52	46.82	600.0	-0	28	101.8	16.2	0.057	0.7	111115
13	"11:36:41"	207.0	-5.4	0.171	523	6.51	3.89	6	1	2.84	41.03	40.32	41.02	500.14	502.27	29.620	35.899	38.52	46.68	600.0	-0	17	101.8	16.2	0.057	0.7	111115
14	"11:36:43"	208.5	-5.31	0.168	523	6.41	3.9	6	1	2.84	41.02	40.32	41.02	500.14	502.24	29.619	35.800	38.52	46.56	600.0	-0	15	101.8	16.2	0.057	0.3	111115
15	"11:36:44"	209.5	-5.41	0.166	524	6.37	3.9	6	1	2.84	41.02	40.32	41.02	500.08	502.29	29.616	35.755	38.51	46.50	599.9	-0	16	101.8	16.2	0.057	0.3	111115
16	"11:36:45"	211.0	-5.56	0.165	526	6.33	3.9	6	1	2.84	41.02	40.32	41.02	499.99	502.38	29.614	35.719	38.52	46.46	599.9	-0	16	101.8	16.2	0.057	0.3	111115
17	"11:36:46"	212.0	-5.72	0.165	528	6.32	3.91	6	1	2.84	41.02	40.32	41.02	499.92	502.46	29.611	35.709	38.51	46.44	600.0	-0	16	101.8	16.2	0.057	0.3	111115
18	"11:36:48"	213.5	-5.7	0.165	527	6.32	3.9	6	1	2.84	41.02	40.32	41.02	499.96	502.49	29.610	35.703	38.51	46.44	600.0	-0	16	101.8	16.2	0.057	0.7	111115
19	"11:36:49"	214.5	-5.75	0.165	528	6.32	3.9	6	1	2.84	41.02	40.32	41.02	499.97	502.55	29.608	35.704	38.51	46.44	600.1	-0	16	101.8	16.2	0.057	0.7	111115
20	"11:36:50"	216.0	-5.76	0.165	528	6.33	3.9	6	1	2.84	41.02	40.31	41.02	500.02	502.60	29.610	35.712	38.51	46.45	600.1	-0	16	101.8	16.2	0.057	0.7	111115
21	"11:36:51"	217.0	-5.84	0.165	529	6.34	3.9	6	1	2.84	41.02	40.31	41.02	500.00	502.65	29.608	35.720	38.51	46.46	600.1	-0	16	101.8	16.2	0.057	0.7	111115
22	"11:36:53"	218.5	-5.86	0.166	529	6.34	3.9	6	1	2.84	41.02	40.31	41.02	500.05	502.72	29.605	35.722	38.51	46.47	600.0	0	16	101.8	16.2	0.057	0.7	111115
23	"11:36:54"	219.5	-5.82	0.166	529	6.35	3.9	6	1	2.84	41.02	40.31	41.02	500.10	502.73	29.601	35.724	38.51	46.47	600.0	0	16	101.8	16.2	0.057	0.3	111115
24	"11:36:55"	221.0	-5.83	0.166	529	6.36	3.9	6	1	2.84	41.02	40.31	41.02	500.13	502.76	29.598	35.728	38.50	46.48	600.0	-0	16	101.8	16.2	0.057	0.3	111115
25	"11:36:56"	222.0	-5.87	0.166	529	6.37	3.9	6	1	2.84	41.02	40.31	41.02	500.11	502.78	29.597	35.735	38.50	46.49	600.0	-0	16	101.8	16.2	0.057	0.3	111115
26	"11:36:58"	223.5	-5.91	0.167	529	6.38	3.9	6	1	2.84	41.02	40.31	41.02	500.11	502.81	29.594	35.744	38.50	46.50	600.0	-0	17	101.8	16.2	0.057	0.7	111115
27	"11:36:59"	224.5	-5.88	0.167	529	6.39	3.9	6	1	2.84	41.02	40.31	41.02	500.14	502.81	29.591	35.750	38.50	46.51	599.9	-0	17	101.8	16.2	0.057	0.7	111115
28	"11:37:00"	226.0	-5.92	0.167	529	6.39	3.89	6	1	2.84	41.02	40.30	41.02	500.15	502.85	29.589	35.755	38.50	46.52	600.0	-0	17	101.8	16.2	0.057	0.7	111115
29	"11:37:01"	227.0	-5.99	0.167	530	6.4	3.89	6	1	2.84	41.02	40.30	41.02	500.14	502.91	29.588	35.758	38.49	46.52	600.0	-0	17	101.8	16.2	0.057	0.7	111115
30	"11:37:03"	228.5	-6.08	0.168	531	6.4	3.89	6	1	2.84	41.02	40.30	41.02	500.11	502.97	29.589	35.761	38.50	46.53	600.0	-0	17	101.8	16.2	0.057	0.7	111115
31	"11:37:04"	229.0	-6.09	0.168	531	6.4	3.89	6	1	2.84	41.02	40.30	41.02	500.10	502.98	29.590	35.762	38.50	46.53	600.0	-0	17	101.8	16.2	0.057	0.7	111115
32	"11:37:05"	230.5	-6.14	0.168	531	6.41	3.89	6	1	2.84	41.02	40.30	41.02	500.07	502.98	29.590	35.771	38.50	46.54	600.0	-0	17	101.8	16.2	0.057	0.7	111115
33	"11:37:06"	232.0	-6.27	0.168	533	6.42	3.89	6	1	2.84	41.02	40.31	41.02	500.02	503.07	29.587	35.774	38.50	46.54	600.1	-0	18	101.8	16.2	0.057	0.7	111115
34	"11:37:07"	232.5	-6.34	0.168	533	6.42	3.89	6	1	2.84	41.02	40.31	41.02	500.00	503.11	29.587	35.775	38.49	46.55	600.1	-0	18	101.8	16.2	0.057	0.7	111115
35	"11:37:08"	233.5	-6.4	0.168	534	6.42	3.89	6	1	2.84	41.02	40.31	41.02	499.99	503.16	29.587	35.780	38.50	46.55	600.1	0	18	101.8	16.2	0.057	0.7	111115
36	"11:37:10"	235.5	-6.46	0.168	534	6.43	3.89	6	1	2.84	41.02	40.31	41.02	499.99	503.22	29.586	35.786	38.49	46.56	600.0	0	21	101.8	16.2	0.057	0.7	111115
37	"11:37:11"	236.0	-6.5	0.168	535	6.43	3.89	6	1	2.84	41.02	40.31	41.02	499.97	503.24	29.585	35.788	38.49	46.56	600.0	-0	21	101.8	16.2	0.057	0.7	111115
38	"11:37:12"	237.5	-6.62	0.169	536	6.44	3.89	6	1	2.84	41.02	40.31	41.02	499.89	503.27	29.580	35.791	38.49	46.57	600.0	-0	23	101.8	16.2	0.057	0.7	111115
39	"11:37:13"	239.0	-6.56	0.169	535	6.44	3.89	6	1	2.84	41.02	40.31	41.02	499.96	503.28	29.581	35.794	38.49	46.57	600.0	-0	28	101.8	16.2	0.057	0.7	111115
40	"11:37:14"	240.0	-6.45	0.169	534	6.45	3.89	6	1	2.84	41.02	40.31	41.02	500.02	503.22	29.579	35.795	38.49	46.57	600.0	-0	33	101.8	16.2	0.057	0.7	111115
41	"11:37:16"	241.5	-6.41	0.169	534	6.45	3.89	6	1	2.84	41.02	40.31	41.02	500.07	503.23	29.579	35.795	38.49	46.57	600.0	-0	46	101.8	16.2	0.057	0.7	111115
42	"11:37:17"	242.5	-6.44	0.169	534	6.45	3.89	6	1	2.84	41.01	40.31	41.02	500.03	503.22	29.577	35.796	38.48	46.58	600.0	-0	54	101.8	16.2	0.057	0.7	111115
43	"11:37:18"	244.0	-6.49	0.169	535	6.45	3.89	6	1	2.84	41.01	40.30	41.02	500.04	503.28	29.574	35.795	38.48	46.58	600.0	-0	60	101.8	16.2	0.057	0.7	111115
44	"11:37:19"	245.0	-6.53	0.169	535	6.46	3.89	6	1	2.84	41.01	40.30	41.02	500.03	503.32	29.575	35.799	38.48	46.58	600.0	-0	61	101.8	16.2	0.057	0.7	111115
45	"11:37:21"	246.5	-6.65	0.17	536	6.46	3.89	6	1	2.84	41.01	40.30	41.02	500.00	503.40	29.574	35.806	38.48	46.59	600.0	-0	64	101.8	16.2	0.057	0.7	111115
46	"11:37:22"	247.0	-6.65	0.17	536	6.47	3.89	6	1	2.84	41.01	40.30	41.02	500.01	503.41	29.574	35.809	38.48	46.59	600.0	-0	67	101.8	16.2	0.057	0.7	111115
47	"11:37:23"	248.5	-6.7	0.17	537	6.47	3.89	6	1	2.84	41.01	40.30	41.02	499.99	503.44	29.576	35.811	38.49	46.60	600.0	-0	78	101.8	16.2	0.057	0.7	111115
48	"11:37:24"	250.0	-6.61	0.17	536	6.46	3.89	6	1	2.84	41.01	40.30	41.02	500.05	503.41	29.581	35.811	38.49	46.60	600.0	-0	86	101.8	16.2	0.057	0.7	111115
49	"11:37:25"	251.0	-6.53	0.169	535	6.45	3.89	6	1	2.84	41.01	40.30	41.02	500.07	503.36	29.583	35.806	38.50	46.59	600.0	-0	87	101.8	16.2	0.057	1.0	111115
50	"11:37:27"	252.5	-6.54	0.169	535	6.45	3.89	6	1	2.84	41.01	40.30	41.02	500.04	503.33	29.587	35.805	38.50	46.59	600.0	-0	87	101.8	16.2	0.057	1.0	111115
51	"11:37:28"	253.5	-6.7	0.169	537	6.45	3.88	6	1	2.84	41.01	40.29	41.02	499.94	503.40	29.588	35.807	38.50	46.60	600.0	-0	87	101.8	16.2	0.057	1.0	111115
52	"11:37:29"	255.0	-6.72	0.169	537	6.45	3.88	6	1	2.84	41.01	40.29	41.02	499.99	503.46	29.592	35.811	38.51	46.60	600.0	-0	87	101.8	16.2	0.057	1.0	111115
53	"11:37:30"	256.0	-6.77	0.169	537	6.45	3.89	6	1	2.84	41.01	40.30	41.02	499.99	503.52	29.595	35.816	38.51	46.61	600.0	-0	87	101.8	16.2	0.057	1.0	111115
54	"11:37:32"	257.5	-6.71	0.169	537	6.45	3.89	6	1	2.84	41.01	40.30	41.02	500.04	503.51	29.602	35.819	38.52	46.61	600.0	-0	87	101.8	16.2	0.057	1.0	111115
55	"11:37:33"	258.5	-6.67	0.169	536	6.44	3.89	6	1	2.84	41.01	40.30	41.02	500.06	503.49	29.608	35.821	38.53	46.62	600.0	-0	87	101.8	16.2	0.057	1.0	111115
56	"11:37:34"	260.0	-6.62	0.169	536	6.44	3.89	6	1	2.84	41.01	40.30	41.02	500.07	503.45	29.614	35.825	38.54	46.62	600.0	-0	87	101.8	16.2	0.057	1.0	111115
57	"11:37:35"	261.0	-6.51	0.169	535	6.44	3.88	6	1	2.84	41.01	40.30	41.02	500.13	503.40	29.618	35.829	38.54	46.63	600.0	-0	87	101.8	16.2	0.057	1.0	111115
58	"11:37:37"	262.5	-6.5	0.169	535	6.43	3.88	6	1	2.84	41.01	40.29	41.02	500.15	503.42	29.624	35.825	38.55	46.62	600.0	-0	86	101.8	16.2	0.057	1.0	111115
59	"11:37:38"	263.5	-6.54	0.169	535	6.43	3.88	6	1	2.84	41.01	40.29	41.02	500.14	503.44	29.627	35.824	38.56	46.62	600.1	-0	86	101.8	16.2	0.057	1.0	111115
60	"11:37:39"	265.0	-6.68	0.169	537	6.43	3.88	6	1	2.84	41.01	40.30	41.02	500.09	503.53	29.633	35.828	38.56	46.63	600.1	-0	87	101.8	16.2	0.057	1.0	111115
61	"11:37:40"	266.0	-6.83	0.169	538	6.43	3.88	6	1	2.84	41.01	40.30	41.02	500.03	503.62	29.636	35.836	38.57	46.64	600.2	-0	87	101.8	16.2	0.057	1.0	111115
62	"11:37:41"	266.5	-6.87	0.169	539	6.43	3.88	6	1	2.84	41.01	40.30	41.02	500.00	503.63	29.638	35.838	38.57	46.64	600.1	-0	87	101.8	16.2	0.057	1.0	111115
63	"11:37:43"	268.5	-6.82	0.169	538	6.43	3.88	6	1	2.84	41.01	40.29	41.02	500.04	503.62	29.646	35.842	38.58	46.64	600.0	-0	86	101.8	16.2	0.057	1.0	111115
64	"11:37:44"	269.5	-6.74	0.169	538	6.42	3.88	6	1	2.84	41.01	40.29	41.02	500.07	503.58	29.650	35.839	38.59	46.64	600.0	-0	86	101.8	16.2	0.057	1.0	111115
65	"11:37:45"	271.0	-6.82	0.169	538	6.42	3.88	6	1	2.84	41.01	40.29	41.02	500.07	503.66	29.654	35.845	38.59	46.65	600.0	-0	86	101.8	16.2	0.057	1.0	111115
66	"11:37:46"	272.0	-6.91	0.169	539	6.42	3.88	6	1	2.84	41.01	40.29	41.02	500.02	503.70	29.658	35.847	38.60	46.65	600.0	-0	86	101.8	16.2	0.057	1.0	111115
67	"11:37:48"	273.5	-6.91	0.169	539	6.42	3.88	6	1	2.84	41.01	40.30	41.02	500.02	503.70	29.664	35.853	38.60	46.66	600.0	-0	86	101.8	16.2	0.057	1.0	111115
68	"11:37:49"	274.5	-6.83	0.169	538	6.42	3.88	6	1	2.84	41.01	40.30	41.02	500.04	503.63	29.667	35.857	38.61	46.67	600.0	-0	86	101.8	16.2	0.057	1.0	111115
69	"11:37:50"	276.0	-6.84	0.169	538	6.43	3.88	6	1	2.84	41.01	40.30	41.02	500.04	503.65	29.670	35.866	38.61	46.68	600.0	-0	86	101.8	16.2	0.057	1.0	111115
70	"11:37:51"	277.0	-6.84	0.169	538	6.43	3.88	6	1	2.84	41.01	40.30	41.02	500.04	503.64	29.671	35.872	38.62	46.69	600.0	-0	86	101.8	16.2	0.057	1.0	111115
71	"11:37:53"	278.5	-6.78	0.169	538	6.43	3.88	6	1	2.84	41.01	40.29	41.02	500.09	503.63	29.674	35.876	38.62	46.69	600.0	-0	86	101.8	16.2	0.057	1.0	111115
72	"11:37:54"	279.5	-6.65	0.169	536	6.43	3.88	6	1	2.84	41.01	40.30	41.02	500.17	503.58	29.678	35.873	38.62	46.68	600.0	-0	86	101.8	16.2	0.057	1.0	111115
73	"11:37:55"	281.0	-6.56	0.169	536	6.42	3.88	6	1	2.84	41.01	40.30	41.03	500.28	503.61	29.683	35.875	38.63	46.68	600.0	-0	86	101.8	16.2	0.057	1.0	111115
74	"11:37:56"	282.0	-6.61	0.169	536	6.42	3.88	6	1	2.84	41.01	40.30	41.03	500.30	503.67	29.687	35.878	38.63	46.69	600.0	-0	86	101.8	16.2	0.057	1.0	111115
75	"11:37:58"	283.5	-6.76	0.169	538	6.42	3.88	6	1	2.84	41.01	40.31	41.02	500.22	503.74	29.691	35.883	38.64	46.70	600.0	-0	86	101.8	16.2	0.057	1.0	111115
76	"11:37:59"	284.5	-6.79	0.169	538	6.42	3.88	6	1	2.84	41.01	40.31	41.03	500.18	503.73	29.695	35.886	38.64	46.70	600.1	-0	86	101.8	16.2	0.057	1.0	111115
77	"11:38:00"	286.0	-6.78	0.169	538	6.43	3.88	6	1	2.84	41.01	40.31	41.03	500.12	503.66	29.698	35.896	38.65	46.71	600.1	-0	86	101.8	16.2	0.057	1.0	111115
78	"11:38:01"	287.0	-6.76	0.169	538	6.43	3.88	6	1	2.84	41.01	40.31	41.03	500.14	503.66	29.702	35.898	38.65	46.71	600.1	-0	85	101.8	16.2	0.057	1.0	111115
79	"11:38:03"	288.5	-6.77	0.169	538	6.43	3.88	6	1	2.84	41.01	40.31	41.03	500.14	503.68	29.705	35.901	38.65	46.71	600.0	-0	85	101.8	16.2	0.057	1.0	111115
80	"11:38:04"	289.5	-6.67	0.169	537	6.42	3.88	6	1	2.84	41.01	40.31	41.03	500.20	503.64	29.710	35.901	38.66	46.71	600.0	-0	85	101.8	16.2	0.057	1.0	111115
81	"11:38:05"	291.0	-6.72	0.169	537	6.42	3.88	6	1	2.84	41.01	40.31	41.03	500.19	503.68	29.713	35.903	38.66	46.71	600.0	-0	85	101.8	16.2	0.057	1.0	111115
82	"11:38:06"	292.0	-6.78	0.169	538	6.43	3.88	6	1	2.84	41.01	40.31	41.03	500.16	503.70	29.717	35.913	38.67	46.73	600.0	-0	85	101.8	16.2	0.057	1.0	111115
83	"11:38:08"	293.5	-6.81	0.169	538	6.43	3.88	6	1	2.84	41.02	40.31	41.03	500.17	503.74	29.722	35.916	38.67	46.73	600.0	-0	85	101.8	16.2	0.057	1.0	111115
84	"11:38:09"	294.5	-6.84	0.169	538	6.43	3.88	6	1	2.84	41.02	40.32	41.03	500.15	503.75	29.723	35.925	38.67	46.74	600.0	-0	85	101.8	16.2	0.057	1.0	111115
85	"11:38:10"	296.0	-6.73	0.169	537	6.43	3.88	6	1	2.84	41.02	40.32	41.03	500.20	503.69	29.729	35.927	38.68	46.74	600.0	-0	85	101.8	16.2	0.057	1.0	111115
86	"11:38:11"	297.0	-6.78	0.169	538	6.44	3.88	6	1	2.84	41.02	40.32	41.03	500.18	503.72	29.730	35.934	38.68	46.75	600.0	-0	85	101.8	16.2	0.057	1.0	111115
87	"11:38:13"	298.5	-6.81	0.169	538	6.44	3.88	6	1	2.84	41.02	40.32	41.03	500.18	503.75	29.734	35.941	38.68	46.76	600.0	-0	85	101.8	16.2	0.057	1.0	111115
88	"11:38:14"	299.5	-6.85	0.169	539	6.44	3.88	6	1	2.84	41.02	40.32	41.03	500.17	503.77	29.734	35.942	38.68	46.76	600.0	-0	85	101.8	16.2	0.057	1.0	111115
89	"11:38:15"	301.0	-6.82	0.169	538	6.44	3.88	6	1	2.84	41.02	40.32	41.03	500.22	503.79	29.737	35.946	38.69	46.76	600.0	-0	85	101.8	16.2	0.057	1.0	111115
90	"11:38:16"	302.0	-6.79	0.169	538	6.44	3.88	6	1	2.84	41.02	40.32	41.03	500.24	503.78	29.738	35.948	38.69	46.76	600.1	-0	84	101.8	16.2	0.057	1.0	111115
91	"11:38:18"	303.5	-6.66	0.169	537	6.44	3.88	6	1	2.84	41.02	40.32	41.03	500.30	503.72	29.744	35.947	38.69	46.76	600.1	-0	84	101.8	16.2	0.057	1.0	111115
92	"11:38:19"	304.5	-6.69	0.169	537	6.44	3.88	6	1	2.84	41.02	40.32	41.03	500.27	503.71	29.747	35.952	38.69	46.77	600.1	-0	84	101.8	16.2	0.057	1.0	111115
93	"11:38:20"	306.0	-6.9	0.169	539	6.43	3.88	6	1	2.84	41.02	40.33	41.03	500.14	503.81	29.752	35.955	38.70	46.77	600.0	-0	84	101.8	16.2	0.057	1.0	111115
94	"11:38:21"	307.0	-7.02	0.169	540	6.44	3.88	6	1	2.84	41.02	40.33	41.03	500.09	503.87	29.753	35.964	38.70	46.78	600.0	-0	84	101.8	16.2	0.057	1.0	111115
95	"11:38:22"	307.5	-6.99	0.169	540	6.44	3.88	6	1	2.84	41.02	40.33	41.03	500.10	503.85	29.754	35.967	38.70	46.78	600.0	-0	84	101.8	16.2	0.057	1.0	111115
96	"11:38:24"	309.5	-7.01	0.169	540	6.45	3.88	6	1	2.84	41.02	40.33	41.03	500.08	503.85	29.760	35.978	38.71	46.79	600.0	-0	84	101.8	16.2	0.057	1.0	111115
97	"11:38:25"	310.5	-7.05	0.169	540	6.45	3.88	6	1	2.84	41.02	40.33	41.03	500.05	503.85	29.762	35.978	38.71	46.79	600.0	-0	84	101.8	16.2	0.057	1.0	111115
98	"11:38:26"	312.0	-6.98	0.169	540	6.45	3.88	6	1	2.84	41.02	40.33	41.03	500.09	503.82	29.765	35.982	38.71	46.80	600.0	-0	84	101.8	16.2	0.057	1.0	111115
99	"11:38:27"	312.5	-6.99	0.169	540	6.45	3.88	6	1	2.84	41.02	40.33	41.03	500.10	503.84	29.765	35.980	38.71	46.79	600.0	-0	84	101.8	16.2	0.057	1.0	111115
100	"11:38:28"	313.0	-6.97	0.169	540	6.45	3.88	6	1	2.84	41.02	40.34	41.03	500.13	503.84	29.766	35.981	38.71	46.79	600.0	-0	84	101.8	16.2	0.057	1.0	111115
101	"11:38:29"	314.5	-6.8	0.169	538	6.45	3.88	6	1	2.84	41.02	40.34	41.03	500.23	503.78	29.769	35.985	38.71	46.80	600.0	-0	84	101.8	16.2	0.057	1.0	111115
102	"11:38:31"	316.5	-6.74	0.169	537	6.45	3.88	6	1	2.84	41.02	40.33	41.03	500.26	503.75	29.774	35.989	38.72	46.80	600.0	-0	84	101.8	16.2	0.057	1.0	111115
103	"11:38:32"	317.5	-6.73	0.169	537	6.45	3.88	6	1	2.84	41.03	40.34	41.03	500.25	503.73	29.778	35.993	38.72	46.81	600.0	-0	84	101.8	16.2	0.057	1.0	111115
104	"11:38:33"	319.0	-6.73	0.169	537	6.45	3.88	6	1	2.84	41.03	40.34	41.03	500.27	503.76	29.784	36.001	38.73	46.81	600.0	-0	84	101.8	16.2	0.057	1.0	111115
105	"11:38:34"	320.0	-6.9	0.169	539	6.45	3.88	6	1	2.84	41.03	40.34	41.03	500.19	503.84	29.787	36.009	38.73	46.82	600.0	-0	84	101.8	16.2	0.057	1.0	111115
106	"11:38:36"	321.5	-6.98	0.169	540	6.45	3.88	6	1	2.84	41.03	40.34	41.03	500.15	503.87	29.790	36.013	38.73	46.83	599.9	-0	84	101.8	16.2	0.057	1.0	111115
107	"11:38:37"	322.5	-6.97	0.17	540	6.46	3.88	6	1	2.84	41.03	40.34	41.03	500.15	503.87	29.792	36.016	38.74	46.83	599.9	-0	84	101.8	16.2	0.057	1.0	111115
108	"11:38:38"	324.0	-6.77	0.169	538	6.45	3.88	6	1	2.84	41.03	40.34	41.03	500.26	503.78	29.797	36.018	38.74	46.83	600.0	-0	84	101.8	16.2	0.057	1.0	111115
109	"11:38:39"	325.0	-6.8	0.169	538	6.45	3.88	6	1	2.84	41.03	40.34	41.03	500.25	503.79	29.801	36.022	38.75	46.84	599.9	-0	84	101.8	16.2	0.057	1.0	111115
110	"11:38:41"	326.5	-6.89	0.17	539	6.46	3.88	6	1	2.84	41.03	40.34	41.03	500.19	503.82	29.803	36.028	38.75	46.84	600.0	-0	84	101.8	16.2	0.057	1.0	111115
111	"11:38:42"	327.5	-6.84	0.17	538	6.46	3.88	6	1	2.84	41.03	40.34	41.03	500.24	503.82	29.806	36.033	38.75	46.85	600.0	-0	84	101.8	16.2	0.057	1.0	111115
112	"11:38:43"	329.0	-6.9	0.17	539	6.46	3.88	6	1	2.84	41.03	40.34	41.03	500.22	503.86	29.808	36.033	38.75	46.85	600.0	-0	83	101.8	16.2	0.057	1.0	111115
113	"11:38:44"	330.0	-6.87	0.17	539	6.46	3.88	6	1	2.84	41.03	40.34	41.03	500.24	503.85	29.810	36.037	38.75	46.85	600.0	-0	84	101.8	16.2	0.057	1.0	111115
114	"11:38:46"	331.5	-6.89	0.17	539	6.46	3.88	6	1	2.84	41.03	40.35	41.03	500.24	503.87	29.814	36.042	38.76	46.86	600.0	-0	83	101.8	16.2	0.057	1.0	111115
115	"11:38:47"	332.0	-6.91	0.17	539	6.46	3.88	6	1	2.84	41.03	40.35	41.03	500.26	503.91	29.816	36.047	38.76	46.86	600.0	-0	83	101.8	16.2	0.057	1.0	111115
116	"11:38:48"	333.0	-6.74	0.17	537	6.46	3.88	6	1	2.84	41.03	40.35	41.03	500.34	503.82	29.819	36.049	38.76	46.86	600.0	-0	83	101.8	16.2	0.057	1.0	111115
117	"11:38:49"	334.0	-6.72	0.17	537	6.47	3.88	6	1	2.84	41.03	40.35	41.03	500.35	503.81	29.822	36.055	38.77	46.87	600.0	-0	83	101.8	16.2	0.057	1.0	111115
118	"11:38:50"	335.5	-6.78	0.17	538	6.47	3.88	6	1	2.84	41.03	40.35	41.03	500.32	503.85	29.826	36.060	38.77	46.88	600.0	-0	83	101.8	16.2	0.057	1.0	111115
119	"11:38:51"	337.0	-6.81	0.17	538	6.47	3.88	6	1	2.84	41.03	40.35	41.03	500.31	503.86	29.828	36.063	38.77	46.88	600.1	-0	83	101.8	16.2	0.057	1.0	111115
120	"11:38:52"	337.5	-6.79	0.17	538	6.47	3.88	6	1	2.84	41.03	40.35	41.03	500.34	503.87	29.829	36.063	38.77	46.88	600.1	-0	83	101.8	16.2	0.057	1.0	111115
121	"11:38:53"	339.0	-6.8	0.17	538	6.47	3.88	6	1	2.84	41.03	40.35	41.03	500.34	503.88	29.832	36.067	38.78	46.88	600.1	-0	83	101.8	16.2	0.057	1.0	111115
122	"11:38:55"	340.5	-6.8	0.17	538	6.48	3.88	6	1	2.84	41.03	40.36	41.04	500.32	503.86	29.837	36.078	38.78	46.89	600.1	-0	83	101.8	16.2	0.057	1.0	111115
123	"11:38:56"	341.5	-6.87	0.17	538	6.47	3.88	6	1	2.84	41.03	40.36	41.04	500.28	503.89	29.840	36.078	38.78	46.89	600.1	-0	83	101.8	16.2	0.057	1.0	111115
124	"11:38:57"	343.0	-6.94	0.17	539	6.47	3.88	6	1	2.84	41.03	40.36	41.04	500.19	503.87	29.841	36.080	38.79	46.90	600.0	-0	83	101.8	16.2	0.057	1.0	111115
125	"11:38:58"	344.0	-6.86	0.17	538	6.47	3.89	6	1	2.84	41.04	40.36	41.04	500.23	503.83	29.843	36.079	38.79	46.89	600.0	-0	83	101.8	16.2	0.057	1.0	111115
126	"11:39:00"	345.5	-6.92	0.17	539	6.47	3.89	6	1	2.84	41.04	40.37	41.04	500.19	503.85	29.844	36.081	38.79	46.89	600.0	-0	83	101.8	16.2	0.057	1.0	111115
127	"11:39:01"	346.5	-6.94	0.17	539	6.47	3.89	6	1	2.84	41.04	40.37	41.04	500.17	503.85	29.846	36.084	38.79	46.90	600.0	-0	83	101.8	16.2	0.057	1.0	111115
128	"11:39:02"	347.0	-6.97	0.17	539	6.47	3.89	6	1	2.84	41.04	40.37	41.04	500.18	503.88	29.848	36.086	38.79	46.90	600.0	-0	83	101.8	16.2	0.057	1.0	111115
129	"11:39:03"	349.0	-6.83	0.17	538	6.48	3.89	6	1	2.84	41.04	40.37	41.04	500.31	503.88	29.853	36.095	38.79	46.90	600.0	-0	82	101.8	16.2	0.057	1.0	111115
130	"11:39:04"	349.5	-6.73	0.17	537	6.48	3.89	6	1	2.84	41.04	40.37	41.04	500.38	503.85	29.855	36.097	38.80	46.91	600.0	-0	82	101.8	16.2	0.057	1.0	111115
131	"11:39:06"	351.5	-6.58	0.17	536	6.48	3.88	6	1	2.84	41.04	40.37	41.04	500.47	503.79	29.860	36.101	38.80	46.91	600.0	-0	82	101.8	16.2	0.057	1.0	111115
132	"11:39:07"	352.0	-6.57	0.17	536	6.48	3.88	6	1	2.84	41.04	40.37	41.04	500.45	503.76	29.860	36.102	38.80	46.91	600.0	-0	82	101.8	16.2	0.057	1.0	111115
133	"11:39:08"	353.0	-6.75	0.17	537	6.48	3.89	6	1	2.84	41.04	40.37	41.04	500.27	503.76	29.863	36.106	38.80	46.92	600.0	-0	82	101.8	16.2	0.057	1.0	111115
134	"11:39:09"	354.0	-6.9	0.17	539	6.48	3.89	6	1	2.84	41.04	40.37	41.04	500.17	503.80	29.865	36.108	38.80	46.92	600.0	-0	82	101.8	16.2	0.057	1.0	111115
135	"11:39:10"	355.5	-6.89	0.17	539	6.48	3.89	6	1	2.84	41.04	40.37	41.04	500.19	503.82	29.869	36.111	38.81	46.92	600.0	-0	82	101.8	16.2	0.057	1.0	111115
136	"11:39:11"	357.0	-6.83	0.17	538	6.47	3.89	6	1	2.84	41.04	40.38	41.04	500.32	503.88	29.873	36.113	38.81	46.92	600.1	-0	82	101.8	16.2	0.057	1.0	111115
137	"11:39:12"	357.5	-6.78	0.17	538	6.48	3.89	6	1	2.84	41.04	40.38	41.04	500.34	503.86	29.874	36.116	38.81	46.92	600.0	-0	82	101.8	16.2	0.057	1.0	111115
138	"11:39:13"	359.0	-6.91	0.17	539	6.48	3.89	6	1	2.84	41.04	40.38	41.04	500.29	503.93	29.878	36.122	38.82	46.93	600.0	-0	82	101.8	16.2	0.057	1.0	111115
139	"11:39:15"	360.5	-6.8	0.17	538	6.47	3.89	6	1	2.84	41.04	40.38	41.04	500.28	503.82	29.882	36.120	38.82	46.92	600.0	-0	81	101.8	16.2	0.057	1.0	111115
140	"11:39:16"	361.5	-6.84	0.17	538	6.48	3.89	6	1	2.84	41.05	40.38	41.04	500.26	503.84	29.885	36.129	38.82	46.93	599.9	-0	81	101.8	16.2	0.057	1.0	111115
141	"11:39:17"	363.0	-6.66	0.17	536	6.48	3.89	6	1	2.84	41.05	40.38	41.04	500.35	503.75	29.890	36.137	38.82	46.94	600.0	-0	81	101.8	16.2	0.057	1.0	111115
142	"11:39:18"	364.0	-6.64	0.17	536	6.48	3.89	6	1	2.84	41.05	40.38	41.04	500.39	503.76	29.893	36.138	38.83	46.94	600.0	-0	81	101.8	16.2	0.057	1.0	111115
143	"11:39:19"	364.5	-6.65	0.17	536	6.48	3.89	6	1	2.84	41.05	40.38	41.05	500.40	503.78	29.893	36.137	38.83	46.94	600.0	-0	81	101.8	16.2	0.057	1.0	111115
144	"11:39:21"	366.5	-6.68	0.17	537	6.47	3.89	6	1	2.84	41.05	40.38	41.05	500.39	503.80	29.898	36.137	38.83	46.93	600.0	-0	81	101.8	16.2	0.057	1.0	111115
145	"11:39:22"	367.5	-6.77	0.17	537	6.47	3.89	6	1	2.84	41.05	40.38	41.05	500.31	503.82	29.900	36.136	38.83	46.93	600.0	-0	81	101.8	16.2	0.057	1.0	111115
146	"11:39:23"	369.0	-6.91	0.17	539	6.48	3.89	6	1	2.84	41.05	40.38	41.05	500.23	503.87	29.903	36.145	38.83	46.94	600.0	-0	81	101.8	16.2	0.057	1.0	111115
147	"11:39:24"	370.0	-6.99	0.17	540	6.48	3.89	6	1	2.84	41.05	40.38	41.05	500.17	503.90	29.905	36.149	38.83	46.94	600.0	-0	81	101.8	16.2	0.057	1.0	111115
148	"11:39:26"	371.5	-7.01	0.17	540	6.48	3.89	6	1	2.84	41.05	40.39	41.05	500.15	503.89	29.907	36.157	38.84	46.95	600.0	-0	81	101.8	16.2	0.057	1.0	111115
149	"11:39:27"	372.5	-7.02	0.17	540	6.49	3.89	6	1	2.84	41.05	40.39	41.05	500.13	503.87	29.909	36.163	38.84	46.96	600.0	-0	81	101.8	16.2	0.057	1.0	111115
150	"11:39:28"	374.0	-6.87	0.17	538	6.48	3.89	6	1	2.84	41.05	40.39	41.05	500.19	503.80	29.915	36.163	38.84	46.96	600.1	-0	81	101.8	16.2	0.057	1.0	111115
151	"11:39:29"	375.0	-6.86	0.17	538	6.48	3.89	6	1	2.84	41.06	40.39	41.05	500.20	503.80	29.918	36.164	38.85	46.95	600.0	-0	81	101.8	16.2	0.057	1.0	111115
152	"11:39:31"	376.5	-6.7	0.17	537	6.48	3.89	6	1	2.84	41.06	40.39	41.05	500.33	503.76	29.920	36.167	38.85	46.96	600.0	-0	81	101.8	16.2	0.057	1.0	111115
153	"11:39:32"	377.5	-6.68	0.17	537	6.48	3.89	6	1	2.84	41.06	40.39	41.05	500.36	503.78	29.921	36.169	38.85	46.96	600.0	-0	81	101.8	16.2	0.057	1.0	111115
154	"11:39:33"	379.0	-6.68	0.17	537	6.48	3.89	6	1	2.84	41.06	40.40	41.05	500.41	503.82	29.924	36.171	38.85	46.96	599.9	-0	81	101.8	16.2	0.057	1.0	111115
155	"11:39:34"	380.0	-6.69	0.17	537	6.48	3.89	6	1	2.84	41.06	40.40	41.05	500.42	503.84	29.927	36.168	38.85	46.95	599.9	-0	81	101.8	16.2	0.057	1.0	111115
156	"11:39:36"	381.5	-6.78	0.17	538	6.48	3.89	6	1	2.84	41.06	40.40	41.05	500.37	503.89	29.932	36.175	38.86	46.96	600.0	-0	81	101.8	16.2	0.057	1.0	111115
157	"11:39:37"	382.5	-6.88	0.17	539	6.49	3.89	6	1	2.84	41.06	40.41	41.05	500.29	503.90	29.934	36.184	38.86	46.97	600.0	-0	81	101.8	16.2	0.057	1.0	111115
158	"11:39:38"	384.0	-6.85	0.17	538	6.49	3.89	6	1	2.84	41.06	40.41	41.05	500.28	503.86	29.938	36.193	38.86	46.98	600.1	-0	81	101.8	16.2	0.057	1.0	111115
159	"11:39:39"	384.5	-6.81	0.17	538	6.49	3.89	6	1	2.84	41.06	40.41	41.05	500.27	503.81	29.939	36.195	38.86	46.98	600.1	-0	81	101.8	16.2	0.057	1.0	111115
160	"11:39:40"	386.0	-6.89	0.17	539	6.49	3.89	6	1	2.84	41.06	40.41	41.05	500.24	503.86	29.942	36.199	38.86	46.98	600.1	-0	81	101.8	16.2	0.057	1.0	111115
161	"11:39:42"	387.5	-6.76	0.17	537	6.49	3.89	6	1	2.84	41.06	40.41	41.05	500.31	503.80	29.947	36.199	38.87	46.98	600.0	-0	81	101.8	16.2	0.057	1.0	111115
162	"11:39:43"	388.5	-6.79	0.17	538	6.49	3.89	6	1	2.84	41.06	40.41	41.05	500.30	503.82	29.949	36.199	38.87	46.98	600.1	-0	81	101.8	16.2	0.057	1.0	111115
163	"11:39:44"	390.0	-6.83	0.17	538	6.49	3.89	6	1	2.84	41.06	40.42	41.06	500.25	503.81	29.954	36.204	38.87	46.98	600.0	-0	81	101.8	16.2	0.057	1.0	111115
164	"11:39:45"	391.0	-6.9	0.17	539	6.49	3.89	6	1	2.84	41.07	40.42	41.06	500.20	503.83	29.958	36.213	38.88	46.99	600.0	-0	81	101.8	16.2	0.057	1.0	111115
165	"11:39:47"	392.5	-7.1	0.17	541	6.5	3.89	6	1	2.84	41.07	40.42	41.06	500.06	503.89	29.959	36.222	38.87	47.00	600.0	-0	81	101.8	16.2	0.057	1.0	111115
166	"11:39:48"	393.5	-7.09	0.17	540	6.5	3.9	6	1	2.84	41.07	40.42	41.06	500.06	503.87	29.961	36.223	38.87	47.00	600.0	-0	81	101.8	16.2	0.057	1.0	111115
167	"11:39:49"	395.0	-7.13	0.17	541	6.5	3.9	6	1	2.84	41.07	40.42	41.06	500.03	503.89	29.964	36.224	38.87	47.00	600.0	-0	81	101.8	16.2	0.057	1.0	111115
168	"11:39:50"	396.0	-7	0.17	540	6.49	3.9	6	1	2.84	41.07	40.42	41.06	500.13	503.86	29.966	36.224	38.87	46.99	600.0	-0	81	101.8	16.2	0.057	1.0	111115
169	"11:39:52"	397.5	-6.87	0.17	538	6.5	3.89	6	1	2.84	41.07	40.42	41.06	500.22	503.81	29.971	36.231	38.88	47.00	599.9	-0	81	101.8	16.2	0.057	1.0	111115
170	"11:39:53"	398.5	-6.73	0.17	537	6.5	3.89	6	1	2.84	41.07	40.42	41.06	500.31	503.77	29.972	36.236	38.88	47.00	600.0	-0	81	101.8	16.2	0.057	1.0	111115
171	"11:39:54"	400.0	-6.72	0.17	537	6.5	3.89	6	1	2.84	41.07	40.42	41.06	500.29	503.74	29.977	36.237	38.88	47.00	600.0	-0	81	101.8	16.2	0.057	1.0	111115
172	"11:39:55"	401.0	-6.81	0.17	538	6.5	3.89	6	1	2.84	41.08	40.42	41.07	500.23	503.77	29.980	36.240	38.88	47.00	600.0	-0	81	101.8	16.2	0.057	1.0	111115
173	"11:39:57"	402.5	-6.79	0.17	538	6.48	3.89	6	1	2.84	41.08	40.43	41.07	500.20	503.73	29.986	36.234	38.89	46.99	600.0	-0	81	101.8	16.2	0.057	1.0	111115
174	"11:39:58"	403.5	-6.92	0.17	539	6.49	3.9	6	1	2.84	41.08	40.43	41.07	500.14	503.80	29.988	36.241	38.89	47.00	600.0	-0	81	101.8	16.2	0.057	1.0	111115
175	"11:39:59"	405.0	-6.9	0.17	539	6.48	3.9	6	1	2.84	41.08	40.43	41.07	500.13	503.77	29.993	36.242	38.89	47.00	600.0	-0	81	101.8	16.2	0.057	1.0	111115
176	"11:40:00"	406.0	-6.88	0.17	538	6.49	3.9	6	1	2.84	41.08	40.43	41.07	500.15	503.77	29.996	36.250	38.90	47.00	600.0	-0	81	101.8	16.2	0.057	1.0	111115
177	"11:40:02"	407.5	-6.87	0.17	538	6.49	3.9	6	1	2.84	41.08	40.43	41.07	500.16	503.76	29.997	36.250	38.89	47.00	600.0	-0	81	101.8	16.2	0.057	1.0	111115
178	"11:40:03"	408.5	-6.76	0.17	537	6.49	3.9	6	1	2.84	41.08	40.43	41.07	500.22	503.71	29.999	36.253	38.89	47.00	600.1	-0	81	101.8	16.2	0.057	1.0	111115
179	"11:40:04"	410.0	-6.88	0.17	538	6.49	3.9	6	1	2.84	41.08	40.43	41.07	500.18	503.79	30.003	36.258	38.90	47.01	600.1	-0	81	101.8	16.2	0.057	1.0	111115
180	"11:40:05"	411.0	-6.74	0.17	537	6.49	3.9	6	1	2.84	41.09	40.44	41.08	500.28	503.75	30.009	36.261	38.90	47.01	600.0	-0	81	101.8	16.2	0.057	1.0	111115
181	"11:40:06"	411.5	-6.77	0.17	537	6.49	3.9	6	1	2.84	41.09	40.44	41.08	500.27	503.77	30.012	36.263	38.90	47.01	600.0	-0	81	101.8	16.2	0.057	1.0	111115
182	"11:40:08"	413.5	-6.84	0.17	538	6.48	3.9	6	1	2.84	41.09	40.44	41.08	500.21	503.78	30.018	36.268	38.91	47.01	600.0	-0	81	101.8	16.2	0.057	1.0	111115
183	"11:40:09"	414.0	-6.81	0.17	538	6.48	3.9	6	1	2.84	41.09	40.44	41.08	500.21	503.75	30.021	36.269	38.91	47.01	600.0	-0	81	101.8	16.2	0.057	1.0	111115
184	"11:40:10"	416.0	-6.86	0.169	538	6.48	3.9	6	1	2.84	41.09	40.45	41.08	500.16	503.75	30.025	36.270	38.91	47.01	600.0	-0	81	101.8	16.2	0.057	1.0	111115
185	"11:40:12"	417.5	-6.76	0.169	538	6.47	3.9	6	1	2.84	41.09	40.45	41.08	500.25	503.76	30.031	36.268	38.92	47.00	600.0	-0	81	101.8	16.2	0.057	1.0	111115
186	"11:40:13"	418.5	-6.69	0.169	537	6.47	3.9	6	1	2.84	41.09	40.45	41.09	500.29	503.72	30.034	36.274	38.92	47.00	600.0	-0	81	101.8	16.2	0.057	1.0	111115
187	"11:40:14"	420.0	-6.76	0.169	537	6.47	3.9	6	1	2.84	41.09	40.45	41.09	500.26	503.76	30.040	36.277	38.92	47.00	599.9	-0	81	101.8	16.2	0.057	1.0	111115
188	"11:40:15"	421.0	-6.76	0.169	537	6.48	3.9	6	1	2.84	41.10	40.45	41.09	500.25	503.74	30.042	36.284	38.92	47.01	599.9	-0	81	101.8	16.2	0.057	1.0	111115
189	"11:40:17"	422.5	-6.88	0.169	539	6.47	3.9	6	1	2.84	41.10	40.45	41.09	500.19	503.81	30.048	36.288	38.93	47.01	599.9	-0	81	101.8	16.2	0.057	1.0	111115
190	"11:40:18"	423.5	-6.87	0.169	538	6.48	3.9	6	1	2.84	41.10	40.45	41.09	500.17	503.78	30.051	36.296	38.93	47.02	600.0	-0	81	101.8	16.2	0.057	1.0	111115
191	"11:40:19"	425.0	-6.78	0.169	538	6.48	3.9	6	1	2.84	41.10	40.45	41.09	500.20	503.72	30.055	36.300	38.93	47.02	600.0	-0	81	101.8	16.2	0.057	1.0	111115
192	"11:40:20"	426.0	-6.61	0.169	536	6.48	3.9	6	1	2.84	41.10	40.45	41.09	500.31	503.66	30.059	36.304	38.93	47.02	600.0	-0	81	101.8	16.2	0.057	1.0	111115
193	"11:40:22"	427.5	-6.68	0.169	537	6.48	3.9	6	1	2.84	41.10	40.45	41.10	500.33	503.75	30.064	36.308	38.94	47.02	600.1	-0	81	101.8	16.2	0.057	1.0	111115
194	"11:40:23"	428.5	-6.77	0.169	537	6.48	3.9	6	1	2.84	41.10	40.45	41.10	500.29	503.79	30.067	36.313	38.94	47.03	600.1	-0	81	101.8	16.2	0.057	1.0	111115
195	"11:40:24"	430.0	-6.89	0.169	539	6.48	3.9	6	1	2.84	41.10	40.46	41.10	500.21	503.83	30.073	36.316	38.94	47.03	600.1	-0	81	101.8	16.2	0.057	1.0	111115
196	"11:40:25"	431.0	-6.99	0.169	540	6.47	3.9	6	1	2.84	41.11	40.46	41.10	500.15	503.87	30.077	36.316	38.95	47.03	600.1	-0	81	101.8	16.2	0.057	1.0	111115
197	"11:40:27"	432.5	-6.86	0.169	538	6.48	3.9	6	1	2.84	41.11	40.46	41.10	500.16	503.76	30.081	36.320	38.95	47.03	600.1	-0	81	101.8	16.2	0.057	1.0	111115
198	"11:40:28"	433.5	-6.97	0.169	540	6.47	3.9	6	1	2.84	41.11	40.46	41.10	500.13	503.84	30.084	36.322	38.95	47.03	600.1	-0	81	101.8	16.2	0.057	1.0	111115
199	"11:40:29"	435.0	-6.89	0.169	539	6.48	3.9	6	1	2.84	41.11	40.46	41.10	500.15	503.78	30.090	36.330	38.96	47.04	600.1	-0	81	101.8	16.2	0.057	1.0	111115
200	"11:40:30"	436.0	-6.92	0.169	539	6.48	3.9	6	1	2.84	41.11	40.46	41.11	500.15	503.81	30.093	36.332	38.96	47.04	600.1	-0	81	101.8	16.2	0.057	1.0	111115
201	"11:40:32"	437.5	-6.81	0.169	538	6.47	3.9	6	1	2.84	41.11	40.46	41.11	500.20	503.76	30.100	36.333	38.96	47.03	600.0	-0	81	101.8	16.2	0.057	1.0	111115
202	"11:40:33"	438.5	-6.82	0.169	538	6.47	3.9	6	1	2.84	41.11	40.46	41.11	500.20	503.76	30.104	36.335	38.97	47.03	600.0	-0	81	101.8	16.2	0.057	1.0	111115
203	"11:40:34"	440.0	-6.73	0.169	537	6.45	3.9	6	1	2.84	41.11	40.46	41.11	500.26	503.75	30.111	36.329	38.97	47.02	600.0	-0	81	101.8	16.2	0.057	1.0	111115
204	"11:40:35"	441.0	-6.69	0.168	537	6.45	3.9	6	1	2.84	41.12	40.47	41.11	500.29	503.73	30.115	36.327	38.98	47.02	599.9	-0	81	101.8	16.2	0.057	1.0	111115
205	"11:40:37"	442.5	-6.8	0.168	538	6.45	3.9	6	1	2.84	41.12	40.47	41.11	500.25	503.80	30.121	36.336	38.98	47.02	600.0	-0	81	101.8	16.2	0.057	1.0	111115
206	"11:40:38"	443.5	-6.8	0.168	538	6.45	3.9	6	1	2.84	41.12	40.47	41.11	500.20	503.76	30.124	36.339	38.98	47.03	600.0	-0	81	101.8	16.2	0.057	1.0	111115
207	"11:40:39"	445.0	-6.89	0.169	539	6.45	3.9	6	1	2.84	41.12	40.47	41.12	500.15	503.79	30.130	36.349	38.99	47.03	600.0	-0	81	101.8	16.2	0.057	1.0	111115
208	"11:40:40"	446.0	-6.97	0.169	540	6.45	3.9	6	1	2.84	41.12	40.47	41.12	500.12	503.83	30.133	36.350	38.99	47.03	600.0	-0	81	101.8	16.2	0.057	1.0	111115
209	"11:40:42"	447.5	-6.86	0.168	539	6.45	3.9	6	1	2.84	41.12	40.47	41.12	500.19	503.80	30.141	36.357	39.00	47.04	600.0	-0	81	101.8	16.2	0.057	1.0	111115
210	"11:40:43"	448.5	-6.79	0.168	538	6.45	3.9	6	1	2.84	41.12	40.47	41.12	500.24	503.78	30.146	36.362	39.00	47.04	600.1	-0	81	101.8	16.2	0.057	1.0	111115
211	"11:40:44"	450.0	-6.63	0.168	536	6.45	3.9	6	1	2.84	41.12	40.47	41.12	500.29	503.67	30.153	36.365	39.01	47.05	600.1	-0	81	101.8	16.2	0.057	1.0	111115
212	"11:40:45"	451.0	-6.8	0.169	538	6.45	3.9	6	1	2.84	41.12	40.47	41.12	500.20	503.75	30.157	36.371	39.01	47.05	600.1	-0	81	101.8	16.2	0.057	1.0	111115
213	"11:40:47"	452.5	-6.78	0.169	538	6.45	3.9	6	1	2.84	41.12	40.46	41.12	500.20	503.73	30.163	36.378	39.02	47.06	600.0	-0	81	101.8	16.2	0.057	1.0	111115
214	"11:40:48"	453.5	-6.86	0.169	539	6.45	3.89	6	1	2.84	41.13	40.46	41.13	500.17	503.79	30.169	36.382	39.02	47.06	600.0	-0	81	101.8	16.2	0.057	1.0	111115
215	"11:40:49"	455.0	-6.85	0.169	539	6.44	3.89	6	1	2.84	41.13	40.46	41.13	500.19	503.79	30.176	36.387	39.03	47.07	600.0	-0	81	101.8	16.2	0.057	1.0	111115
216	"11:40:50"	456.0	-6.98	0.169	540	6.44	3.89	6	1	2.84	41.13	40.45	41.13	500.09	503.83	30.182	36.389	39.04	47.07	599.9	-0	81	101.8	16.2	0.057	1.0	111115
217	"11:40:52"	457.5	-7.06	0.169	541	6.44	3.89	6	1	2.84	41.13	40.45	41.13	500.05	503.87	30.186	36.389	39.04	47.07	599.9	-0	81	101.8	16.2	0.057	1.0	111115
218	"11:40:53"	458.5	-7.02	0.169	540	6.44	3.89	6	1	2.84	41.13	40.45	41.13	500.08	503.86	30.189	36.392	39.05	47.07	600.0	-0	81	101.8	16.2	0.057	1.0	111115
219	"11:40:54"	460.0	-6.89	0.168	539	6.43	3.89	6	1	2.84	41.13	40.45	41.13	500.16	503.81	30.197	36.391	39.06	47.07	600.0	-0	81	101.8	16.2	0.057	1.0	111115
220	"11:40:55"	461.0	-6.84	0.168	539	6.43	3.89	6	1	2.84	41.13	40.45	41.13	500.15	503.76	30.202	36.394	39.06	47.07	600.0	-0	81	101.8	16.2	0.057	1.0	111115
221	"11:40:57"	462.5	-6.79	0.168	538	6.42	3.89	6	1	2.84	41.13	40.45	41.13	500.20	503.76	30.210	36.397	39.07	47.08	600.0	-0	81	101.8	16.2	0.057	1.0	111115
222	"11:40:58"	463.5	-6.86	0.168	539	6.42	3.89	6	1	2.84	41.13	40.45	41.13	500.19	503.82	30.215	36.402	39.08	47.08	600.0	-0	81	101.8	16.2	0.057	1.0	111115
223	"11:40:59"	465.0	-6.8	0.168	538	6.42	3.89	6	1	2.84	41.13	40.45	41.13	500.24	503.81	30.223	36.407	39.09	47.09	600.0	-0	81	101.8	16.2	0.057	1.0	111115
224	"11:41:00"	466.0	-6.76	0.168	538	6.42	3.89	6	1	2.84	41.13	40.45	41.13	500.23	503.75	30.227	36.415	39.10	47.10	600.0	-0	81	101.8	16.2	0.057	1.0	111115
225	"11:41:02"	467.5	-6.87	0.169	539	6.43	3.88	6	1	2.84	41.13	40.45	41.14	500.16	503.79	30.234	36.425	39.10	47.11	600.0	-0	81	101.8	16.2	0.057	1.0	111115
226	"11:41:03"	468.5	-6.96	0.169	540	6.43	3.88	6	1	2.84	41.13	40.45	41.14	500.09	503.81	30.240	36.434	39.11	47.12	600.0	-0	81	101.8	16.2	0.057	1.0	111115
227	"11:41:04"	470.0	-7.05	0.169	541	6.42	3.88	6	1	2.84	41.13	40.45	41.14	500.05	503.86	30.249	36.439	39.12	47.12	600.0	-0	123	101.8	16.2	0.057	1.0	111115
228	"11:41:05"	471.0	-6.99	0.168	540	6.42	3.88	6	1	2.84	41.13	40.45	41.14	500.05	503.81	30.255	36.439	39.13	47.12	600.0	-0	266	101.8	16.2	0.057	1.0	111115
229	"11:41:07"	472.5	-6.99	0.168	540	6.41	3.88	6	1	2.84	41.13	40.45	41.14	500.06	503.81	30.261	36.441	39.13	47.13	600.0	-0	675	101.8	16.2	0.057	1.0	111115
230	"11:41:08"	473.5	-6.99	0.168	540	6.41	3.88	6	1	2.84	41.13	40.45	41.14	500.05	503.81	30.265	36.444	39.14	47.13	600.0	-0	1005	101.8	16.2	0.057	1.0	111115
231	"11:41:09"	475.0	-6.81	0.168	539	6.41	3.88	6	1	2.84	41.13	40.45	41.14	500.19	503.77	30.272	36.443	39.15	47.13	600.0	-0	854	101.8	16.2	0.057	1.0	111115
232	"11:41:10"	476.0	-6.69	0.168	537	6.41	3.88	6	1	2.84	41.13	40.46	41.14	500.27	503.74	30.277	36.449	39.15	47.13	600.1	-0	584	101.8	16.2	0.057	1.0	111115
233	"11:41:12"	477.5	-6.7	0.168	537	6.41	3.88	6	1	2.84	41.13	40.46	41.14	500.28	503.75	30.283	36.455	39.16	47.14	600.1	-0	162	101.8	16.2	0.057	1.0	111115
234	"11:41:13"	478.5	-6.79	0.168	538	6.41	3.88	6	1	2.84	41.13	40.46	41.14	500.21	503.78	30.284	36.460	39.16	47.14	600.1	-0	162	101.8	16.2	0.057	1.0	111115
235	"11:41:14"	480.0	-6.96	0.168	540	6.42	3.88	6	1	2.84	41.13	40.46	41.14	500.10	503.82	30.286	36.469	39.16	47.15	600.0	-0	162	101.8	16.2	0.057	1.0	111115
236	"11:41:15"	481.0	-7.08	0.168	541	6.42	3.88	6	1	2.84	41.13	40.46	41.14	500.02	503.86	30.288	36.474	39.16	47.16	600.0	-0	162	101.8	16.2	0.057	1.0	111115
237	"11:41:16"	481.5	-7.07	0.168	541	6.42	3.88	6	1	2.84	41.13	40.46	41.14	500.01	503.85	30.289	36.474	39.16	47.16	600.0	-0	162	101.8	16.2	0.057	1.0	111115
238	"11:41:18"	483.5	-6.88	0.168	539	6.42	3.88	6	1	2.84	41.14	40.46	41.14	500.15	503.79	30.299	36.484	39.17	47.17	600.0	-0	162	101.8	16.2	0.057	1.0	111115
239	"11:41:19"	484.5	-6.78	0.168	538	6.42	3.88	6	1	2.84	41.14	40.46	41.15	500.22	503.77	30.303	36.490	39.17	47.17	600.0	-0	161	101.8	16.2	0.057	1.0	111115
240	"11:41:20"	486.0	-6.63	0.168	537	6.42	3.88	6	1	2.84	41.14	40.46	41.15	500.30	503.70	30.311	36.496	39.18	47.18	600.0	-0	161	101.8	16.2	0.057	1.0	111115
241	"11:41:21"	487.0	-6.76	0.168	538	6.42	3.88	6	1	2.84	41.14	40.46	41.15	500.22	503.75	30.315	36.497	39.18	47.18	600.0	-0	161	101.8	16.2	0.057	1.0	111115
242	"11:41:23"	488.5	-6.7	0.168	537	6.41	3.88	6	1	2.84	41.14	40.47	41.15	500.26	503.73	30.325	36.505	39.19	47.18	600.0	-0	161	101.8	16.2	0.057	1.0	111115
243	"11:41:24"	489.5	-6.69	0.168	537	6.42	3.88	6	1	2.84	41.14	40.47	41.15	500.28	503.74	30.329	36.511	39.20	47.19	599.9	-0	161	101.8	16.2	0.057	1.0	111115
244	"11:41:25"	491.0	-6.64	0.168	537	6.41	3.89	6	1	2.84	41.14	40.47	41.15	500.30	503.70	30.338	36.517	39.21	47.19	599.9	-0	161	101.8	16.2	0.057	1.0	111115
245	"11:41:26"	492.0	-6.74	0.168	538	6.41	3.89	6	1	2.84	41.14	40.48	41.15	500.23	503.75	30.342	36.519	39.21	47.19	600.0	-0	161	101.8	16.2	0.057	1.0	111115
