"OPEN 5.3.2"
"Thr Aug  2 2018 11:04:00"
"Unit="	"PSC-895"
"ComputeList="	"/User/Configs/Comps/Default"
"BLCTable="	"/Sys/Lib/StdBLCTable"
"LightSource="	"Sun+Sky"	1	0.19
"LogFormat="	"/User/Configs/LogFormats/Std Output"
"LogCodes="	-35	-21	-36	30	23	36	21	25	-33	-34	-32	-9	-10	-8	-1	-2	-4	-5	-14	-15	-7	-12	-13	-11	-65	-66	-72	-23
"PromptList="	"/User/Configs/Prompts/Default (none)"
"Stability= (CO2S 15s SLP<1)(H2OS 15s SLP<1)(Flow 15s SLP<1)"
"11:05:18 cos 500 flow 600 match post roots"
$STARTOFDATA$
"Obs"	"HHMMSS"	"FTime"	"Photo"	"Cond"	"Ci"	"Trmmol"	"VpdL"	"Area"	"StmRat"	"BLCond"	"Tair"	"Tleaf"	"TBlk"	"CO2R"	"CO2S"	"H2OR"	"H2OS"	"RH_R"	"RH_S"	"Flow"	"PARi"	"PARo"	"Press"	"CsMch"	"HsMch"	"StableF"	"Status"
1	"11:07:33"	229.5	-19.2	1.85	523	18.3	1.56	6	1	2.84	39.23	38.66	39.21	500.00	509.84	35.223	52.563	50.31	75.08	600.0	-0	200	101.6	5.83	-0.0915	0.7	111115
2	"11:07:43"	240.0	-18.7	1.92	521	18.5	1.54	6	1	2.84	39.24	38.68	39.22	500.20	509.43	35.239	52.775	50.30	75.33	600.0	-0	375	101.6	5.83	-0.0915	0.0	111115
3	"11:07:44"	241.0	-18.8	1.92	522	18.5	1.54	6	1	2.84	39.24	38.68	39.22	500.10	509.51	35.239	52.786	50.30	75.35	600.0	-0	540	101.6	5.83	-0.0915	1.0	111115
4	"11:07:45"	242.5	-19	1.92	522	18.5	1.54	6	1	2.84	39.24	38.68	39.22	500.00	509.51	35.241	52.801	50.30	75.37	600.0	-0	692	101.6	5.83	-0.0915	0.7	111115
5	"11:07:47"	243.5	-18.9	1.93	522	18.6	1.54	6	1	2.84	39.24	38.69	39.23	499.98	509.45	35.243	52.826	50.30	75.40	600.0	-0	830	101.6	5.83	-0.0915	1.0	111115
6	"11:07:48"	245.0	-19	1.95	522	18.6	1.54	6	1	2.84	39.24	38.69	39.23	499.93	509.40	35.248	52.877	50.30	75.46	600.0	-0	923	101.6	5.83	-0.0915	0.7	111115
7	"11:07:49"	246.0	-18.9	1.96	521	18.7	1.53	6	1	2.84	39.25	38.69	39.23	499.97	509.33	35.250	52.917	50.30	75.51	600.0	-0	844	101.6	5.83	-0.0915	0.3	111115
8	"11:07:50"	247.5	-18.8	1.98	521	18.7	1.53	6	1	2.84	39.25	38.70	39.23	500.01	509.33	35.255	52.973	50.30	75.58	600.0	-0	606	101.6	5.83	-0.0915	0.3	111115
9	"11:07:52"	248.5	-18.8	1.99	521	18.7	1.53	6	1	2.84	39.25	38.70	39.23	500.02	509.27	35.259	53.007	50.31	75.63	600.0	-0	468	101.6	5.83	-0.0915	0.3	111115
10	"11:07:53"	250.0	-18.8	2.01	521	18.8	1.52	6	1	2.84	39.25	38.71	39.23	499.97	509.23	35.268	53.065	50.31	75.70	600.0	-0	380	101.6	5.83	-0.0915	0.3	111115
11	"11:07:54"	251.0	-18.7	2.02	521	18.8	1.52	6	1	2.84	39.25	38.71	39.24	499.99	509.14	35.274	53.099	50.31	75.74	600.0	-0	356	101.6	5.83	-0.0915	0.3	111115
12	"11:07:55"	252.5	-18.7	2.04	521	18.9	1.52	6	1	2.84	39.26	38.71	39.24	500.01	509.11	35.282	53.152	50.32	75.80	600.0	-0	339	101.6	5.83	-0.0915	0.3	111115
13	"11:07:57"	253.5	-18.7	2.05	520	18.9	1.52	6	1	2.84	39.26	38.71	39.24	500.04	509.09	35.287	53.181	50.32	75.84	600.0	-0	329	101.6	5.83	-0.0915	0.3	111115
14	"11:07:58"	255.0	-18.6	2.07	520	18.9	1.51	6	1	2.84	39.26	38.71	39.24	500.08	509.08	35.293	53.227	50.32	75.89	600.0	-0	319	101.6	5.83	-0.0915	0.3	111115
15	"11:07:59"	256.0	-18.6	2.08	520	19	1.51	6	1	2.84	39.26	38.72	39.24	500.11	509.08	35.294	53.250	50.32	75.92	600.1	-0	314	101.6	5.83	-0.0915	0.3	111115
16	"11:08:00"	257.5	-18.7	2.09	520	19	1.51	6	1	2.84	39.27	38.72	39.24	500.03	509.09	35.293	53.285	50.31	75.96	600.1	-0	308	101.6	5.83	-0.0915	0.3	111115
17	"11:08:02"	258.5	-18.8	2.1	520	19	1.5	6	1	2.84	39.27	38.72	39.24	499.99	509.09	35.294	53.305	50.31	75.99	600.0	-0	305	101.6	5.83	-0.0915	0.3	111115
18	"11:08:03"	260.0	-18.8	2.11	520	19	1.5	6	1	2.84	39.27	38.72	39.25	499.97	509.03	35.296	53.330	50.31	76.01	600.0	-0	302	101.6	5.83	-0.0915	0.3	111115
19	"11:08:04"	261.0	-18.8	2.11	520	19.1	1.5	6	1	2.84	39.27	38.72	39.25	499.96	509.08	35.299	53.343	50.31	76.03	600.0	-0	301	101.6	5.83	-0.0915	0.3	111115
20	"11:08:05"	262.5	-18.8	2.12	520	19.1	1.5	6	1	2.84	39.27	38.72	39.25	499.99	509.05	35.300	53.351	50.31	76.04	600.0	-0	300	101.6	5.83	-0.0915	0.3	111115
21	"11:08:07"	263.5	-18.8	2.12	520	19.1	1.5	6	1	2.84	39.27	38.72	39.25	500.03	509.07	35.299	53.346	50.31	76.03	600.0	-0	300	101.6	5.83	-0.0915	0.7	111115
22	"11:08:08"	265.0	-18.7	2.12	520	19.1	1.5	6	1	2.84	39.27	38.71	39.25	500.07	509.04	35.303	53.342	50.31	76.01	600.0	-0	300	101.6	5.83	-0.0915	0.7	111115
23	"11:08:09"	266.0	-18.7	2.12	520	19	1.5	6	1	2.84	39.27	38.71	39.25	500.06	509.07	35.307	53.339	50.31	76.01	600.0	-0	301	101.6	5.83	-0.0915	0.7	111115
24	"11:08:10"	267.5	-18.7	2.11	520	19	1.5	6	1	2.84	39.27	38.71	39.26	500.07	509.03	35.314	53.336	50.32	76.00	600.0	-0	303	101.6	5.83	-0.0915	0.7	111115
25	"11:08:12"	268.5	-18.7	2.11	520	19	1.5	6	1	2.84	39.27	38.71	39.26	500.06	509.05	35.315	53.336	50.32	75.99	600.0	-0	304	101.6	5.83	-0.0915	1.0	111115
26	"11:08:13"	270.0	-18.5	2.11	520	19	1.5	6	1	2.84	39.28	38.71	39.26	500.10	508.95	35.319	53.341	50.32	76.00	600.0	-0	306	101.6	5.83	-0.0915	1.0	111115
27	"11:08:14"	271.0	-18.5	2.11	520	19	1.5	6	1	2.84	39.28	38.71	39.26	500.08	508.92	35.320	53.342	50.32	75.99	600.0	-0	308	101.6	5.83	-0.0915	1.0	111115
28	"11:08:15"	272.5	-18.7	2.12	520	19	1.5	6	1	2.84	39.28	38.72	39.26	499.95	508.93	35.325	53.354	50.32	76.01	600.0	-0	312	101.6	5.83	-0.0915	1.0	111115
29	"11:08:17"	273.5	-18.8	2.12	520	19.1	1.5	6	1	2.84	39.28	38.72	39.26	499.87	508.94	35.327	53.364	50.32	76.02	600.0	-0	314	101.6	5.83	-0.0915	1.0	111115
30	"11:08:18"	275.0	-18.8	2.12	520	19.1	1.5	6	1	2.84	39.28	38.72	39.27	499.86	508.95	35.331	53.381	50.32	76.03	600.0	-0	318	101.6	5.83	-0.0915	1.0	111115
31	"11:08:19"	276.0	-18.7	2.13	520	19.1	1.5	6	1	2.84	39.28	38.72	39.27	499.89	508.93	35.333	53.390	50.32	76.04	600.0	-0	320	101.6	5.83	-0.0915	1.0	111115
32	"11:08:20"	277.5	-18.7	2.13	520	19.1	1.5	6	1	2.84	39.28	38.72	39.27	499.92	508.91	35.336	53.394	50.32	76.04	600.1	-0	324	101.6	5.83	-0.0915	1.0	111115
33	"11:08:22"	278.5	-18.7	2.13	520	19.1	1.5	6	1	2.84	39.29	38.73	39.27	499.91	508.89	35.339	53.403	50.32	76.05	600.1	-0	326	101.6	5.83	-0.0915	1.0	111115
34	"11:08:23"	280.0	-18.7	2.13	520	19.1	1.5	6	1	2.84	39.29	38.73	39.27	499.92	508.87	35.342	53.414	50.32	76.06	600.1	-0	329	101.6	5.83	-0.0915	1.0	111115
35	"11:08:24"	281.0	-18.6	2.13	520	19.1	1.5	6	1	2.84	39.29	38.73	39.27	499.92	508.79	35.344	53.413	50.32	76.05	600.0	-0	331	101.6	5.83	-0.0915	1.0	111115
36	"11:08:25"	282.5	-18.6	2.13	520	19.1	1.5	6	1	2.84	39.29	38.73	39.27	499.90	508.81	35.348	53.423	50.32	76.06	599.9	-0	334	101.6	5.83	-0.0915	1.0	111115
37	"11:08:27"	283.5	-18.6	2.13	520	19.1	1.5	6	1	2.84	39.29	38.73	39.28	499.94	508.81	35.349	53.428	50.32	76.06	600.0	-0	335	101.6	5.83	-0.0915	1.0	111115
38	"11:08:28"	285.0	-18.6	2.13	520	19.1	1.5	6	1	2.84	39.29	38.73	39.28	499.99	508.84	35.354	53.429	50.32	76.05	599.9	-0	337	101.6	5.83	-0.0915	1.0	111115
39	"11:08:29"	286.0	-18.6	2.13	520	19.1	1.5	6	1	2.84	39.30	38.74	39.28	500.03	508.89	35.358	53.436	50.32	76.05	599.9	-0	338	101.6	5.83	-0.0915	1.0	111115
40	"11:08:30"	287.5	-18.7	2.12	520	19.1	1.5	6	1	2.84	39.30	38.74	39.28	499.95	508.91	35.363	53.438	50.33	76.05	600.0	-0	338	101.6	5.83	-0.0915	1.0	111115
41	"11:08:32"	288.5	-18.7	2.13	520	19.1	1.5	6	1	2.84	39.30	38.74	39.28	499.92	508.88	35.367	53.453	50.33	76.06	600.0	-0	339	101.6	5.83	-0.0915	1.0	111115
42	"11:08:33"	290.0	-18.7	2.14	520	19.1	1.5	6	1	2.84	39.30	38.75	39.28	499.88	508.82	35.368	53.480	50.33	76.10	600.0	-0	339	101.6	5.83	-0.0915	1.0	111115
43	"11:08:34"	291.0	-18.7	2.14	520	19.1	1.5	6	1	2.84	39.30	38.75	39.29	499.85	508.78	35.372	53.495	50.33	76.11	600.0	-0	339	101.6	5.83	-0.0915	1.0	111115
44	"11:08:35"	292.5	-18.8	2.15	520	19.2	1.5	6	1	2.84	39.30	38.76	39.29	499.78	508.78	35.375	53.523	50.32	76.14	600.0	-0	340	101.6	5.83	-0.0915	1.0	111115
45	"11:08:37"	293.5	-18.7	2.16	520	19.2	1.49	6	1	2.84	39.31	38.76	39.29	499.76	508.74	35.376	53.544	50.32	76.17	600.0	-0	340	101.6	5.83	-0.0915	1.0	111115
46	"11:08:38"	295.0	-18.5	2.16	519	19.2	1.49	6	1	2.84	39.31	38.76	39.29	499.87	508.64	35.381	53.574	50.32	76.20	600.0	-0	340	101.6	5.83	-0.0915	1.0	111115
47	"11:08:39"	296.0	-18.4	2.17	519	19.2	1.49	6	1	2.84	39.31	38.76	39.29	499.92	508.56	35.384	53.593	50.33	76.22	600.0	-0	341	101.6	5.83	-0.0915	1.0	111115
48	"11:08:40"	297.5	-18.2	2.18	519	19.3	1.49	6	1	2.84	39.31	38.77	39.29	500.04	508.46	35.388	53.629	50.32	76.26	600.0	-0	341	101.6	5.83	-0.0915	1.0	111115
49	"11:08:42"	298.5	-18.2	2.19	519	19.3	1.49	6	1	2.84	39.31	38.77	39.30	500.02	508.45	35.387	53.650	50.32	76.28	600.0	-0	342	101.6	5.83	-0.0915	0.7	111115
50	"11:08:43"	300.0	-18.2	2.2	518	19.3	1.49	6	1	2.84	39.32	38.77	39.30	499.97	508.39	35.388	53.673	50.31	76.31	600.0	-0	342	101.6	5.83	-0.0915	0.7	111115
51	"11:08:44"	301.0	-18.3	2.2	518	19.3	1.49	6	1	2.84	39.32	38.78	39.30	499.88	508.36	35.389	53.690	50.31	76.32	600.0	-0	342	101.6	5.83	-0.0915	0.7	111115
52	"11:08:45"	302.5	-18.4	2.22	518	19.4	1.48	6	1	2.84	39.32	38.78	39.30	499.74	508.29	35.393	53.720	50.31	76.36	600.1	-0	342	101.6	5.83	-0.0915	0.3	111115
53	"11:08:47"	303.5	-18.3	2.22	518	19.4	1.48	6	1	2.84	39.32	38.78	39.30	499.74	508.22	35.395	53.739	50.31	76.38	600.1	-0	343	101.6	5.83	-0.0915	0.3	111115
54	"11:08:48"	305.0	-18.2	2.24	518	19.4	1.48	6	1	2.84	39.32	38.78	39.30	499.78	508.13	35.397	53.775	50.31	76.43	600.0	-0	345	101.6	5.83	-0.0915	0.3	111115
55	"11:08:49"	306.0	-18.1	2.25	518	19.5	1.48	6	1	2.84	39.32	38.78	39.30	499.86	508.04	35.396	53.802	50.30	76.46	600.0	-0	346	101.6	5.83	-0.0915	0.3	111115
56	"11:08:50"	307.5	-18	2.27	518	19.5	1.47	6	1	2.84	39.33	38.78	39.30	499.91	508.03	35.394	53.839	50.29	76.50	600.0	-0	348	101.6	5.83	-0.0915	0.3	111115
57	"11:08:52"	308.5	-17.9	2.27	517	19.5	1.47	6	1	2.84	39.33	38.79	39.31	499.95	507.96	35.395	53.844	50.29	76.51	600.0	-0	351	101.6	5.83	-0.0915	0.3	111115
58	"11:08:53"	310.0	-17.9	2.27	517	19.5	1.47	6	1	2.84	39.33	38.78	39.31	499.94	507.94	35.395	53.852	50.29	76.51	600.0	-0	357	101.6	5.83	-0.0915	0.3	111115
59	"11:08:54"	311.0	-17.9	2.27	517	19.5	1.47	6	1	2.84	39.33	38.78	39.31	499.90	507.90	35.395	53.850	50.29	76.51	600.0	-0	363	101.6	5.83	-0.0915	0.3	111115
60	"11:08:55"	312.5	-18	2.28	517	19.5	1.47	6	1	2.84	39.33	38.78	39.31	499.81	507.87	35.395	53.853	50.28	76.50	599.9	-0	376	101.6	5.83	-0.0915	0.3	111115
61	"11:08:57"	313.5	-18.1	2.27	517	19.5	1.47	6	1	2.84	39.33	38.78	39.31	499.75	507.92	35.397	53.840	50.28	76.48	599.9	-0	385	101.6	5.83	-0.0915	0.7	111115
62	"11:08:58"	315.0	-18.1	2.26	518	19.5	1.48	6	1	2.84	39.33	38.78	39.31	499.75	507.92	35.399	53.813	50.28	76.44	600.0	-0	397	101.6	5.83	-0.0915	0.7	111115
63	"11:08:59"	316.0	-18	2.24	518	19.4	1.48	6	1	2.84	39.33	38.78	39.31	499.78	507.91	35.401	53.786	50.29	76.40	600.0	-0	404	101.6	5.83	-0.0915	0.7	111115
64	"11:09:00"	317.5	-17.8	2.23	517	19.4	1.48	6	1	2.84	39.33	38.78	39.31	499.85	507.78	35.403	53.767	50.29	76.38	600.0	-0	415	101.6	5.83	-0.0915	0.7	111115
65	"11:09:02"	318.5	-17.7	2.23	517	19.4	1.48	6	1	2.84	39.33	38.78	39.32	499.84	507.74	35.404	53.754	50.29	76.36	600.0	-0	428	101.6	5.83	-0.0915	0.7	111115
66	"11:09:03"	320.0	-17.9	2.22	517	19.4	1.48	6	1	2.84	39.33	38.78	39.32	499.80	507.83	35.404	53.730	50.29	76.32	599.9	-0	460	101.6	5.83	-0.0915	0.7	111115
67	"11:09:04"	321.0	-17.9	2.21	518	19.3	1.48	6	1	2.84	39.33	38.78	39.32	499.80	507.89	35.405	53.715	50.28	76.29	600.0	-0	500	101.6	5.83	-0.0915	0.7	111115
68	"11:09:05"	322.5	-18	2.2	518	19.3	1.49	6	1	2.84	39.34	38.78	39.32	499.79	507.94	35.407	53.698	50.28	76.26	600.0	-0	542	101.6	5.83	-0.0915	1.0	111115
69	"11:09:07"	323.5	-17.8	2.2	517	19.3	1.49	6	1	2.84	39.34	38.78	39.32	499.85	507.86	35.406	53.695	50.28	76.25	600.0	-0	548	101.6	5.83	-0.0915	1.0	111115
70	"11:09:08"	325.0	-17.8	2.2	517	19.3	1.49	6	1	2.84	39.34	38.78	39.32	499.84	507.80	35.411	53.690	50.28	76.24	600.1	-0	525	101.6	5.83	-0.0915	1.0	111115
71	"11:09:09"	326.0	-17.7	2.19	517	19.3	1.49	6	1	2.84	39.34	38.78	39.32	499.86	507.76	35.413	53.685	50.28	76.23	600.1	-0	510	101.6	5.83	-0.0915	1.0	111115
72	"11:09:10"	327.5	-17.8	2.19	517	19.3	1.49	6	1	2.84	39.34	38.78	39.33	499.81	507.81	35.416	53.681	50.29	76.22	600.1	-0	524	101.6	5.83	-0.0915	1.0	111115
73	"11:09:12"	328.5	-17.8	2.18	518	19.3	1.49	6	1	2.84	39.34	38.79	39.33	499.81	507.86	35.417	53.680	50.28	76.21	600.1	-0	550	101.6	5.83	-0.0915	1.0	111115
74	"11:09:13"	330.0	-17.8	2.18	517	19.3	1.49	6	1	2.84	39.34	38.79	39.33	499.80	507.79	35.421	53.680	50.28	76.20	600.0	-0	621	101.6	5.83	-0.0915	1.0	111115
75	"11:09:14"	331.0	-17.7	2.18	517	19.3	1.49	6	1	2.84	39.35	38.79	39.33	499.81	507.76	35.423	53.688	50.28	76.21	600.0	-0	690	101.6	5.83	-0.0915	1.0	111115
76	"11:09:15"	332.5	-17.6	2.18	517	19.3	1.49	6	1	2.84	39.35	38.79	39.33	499.82	507.65	35.428	53.691	50.28	76.20	600.0	-0	827	101.6	5.83	-0.0915	1.0	111115
77	"11:09:17"	333.5	-17.6	2.18	517	19.3	1.49	6	1	2.84	39.35	38.80	39.33	499.80	507.62	35.431	53.700	50.28	76.21	600.0	-0	901	101.6	5.83	-0.0915	1.0	111115
78	"11:09:18"	335.0	-17.7	2.18	517	19.3	1.49	6	1	2.84	39.35	38.80	39.33	499.75	507.64	35.432	53.710	50.28	76.22	600.0	-0	980	101.6	5.83	-0.0915	1.0	111115
79	"11:09:19"	336.0	-17.7	2.19	517	19.3	1.49	6	1	2.84	39.35	38.80	39.34	499.74	507.64	35.434	53.724	50.28	76.23	600.0	-0	961	101.6	5.83	-0.0915	1.0	111115
80	"11:09:20"	337.5	-17.7	2.2	517	19.3	1.49	6	1	2.84	39.35	38.80	39.34	499.73	507.62	35.437	53.744	50.28	76.26	600.0	-0	867	101.6	5.83	-0.0915	1.0	111115
81	"11:09:22"	338.5	-17.5	2.2	517	19.4	1.49	6	1	2.84	39.35	38.80	39.34	499.83	507.54	35.443	53.761	50.28	76.27	600.0	-0	789	101.6	5.83	-0.0915	0.7	111115
82	"11:09:23"	340.0	-17.6	2.21	517	19.4	1.49	6	1	2.84	39.36	38.80	39.34	499.82	507.54	35.448	53.787	50.29	76.30	600.0	-0	733	101.6	5.83	-0.0915	0.7	111115
83	"11:09:24"	341.0	-17.5	2.22	517	19.4	1.49	6	1	2.84	39.36	38.80	39.34	499.85	507.49	35.452	53.803	50.29	76.32	600.0	-0	747	101.6	5.83	-0.0915	0.7	111115
84	"11:09:25"	342.5	-17.6	2.22	517	19.4	1.48	6	1	2.84	39.36	38.81	39.34	499.74	507.50	35.456	53.826	50.29	76.34	600.0	-0	803	101.6	5.83	-0.0915	0.7	111115
85	"11:09:27"	343.5	-17.7	2.23	517	19.4	1.48	6	1	2.84	39.36	38.81	39.34	499.68	507.49	35.455	53.845	50.29	76.37	600.0	-0	780	101.6	5.83	-0.0915	0.7	111115
86	"11:09:28"	345.0	-17.6	2.24	517	19.5	1.48	6	1	2.84	39.36	38.81	39.34	499.73	507.42	35.457	53.867	50.29	76.40	600.0	-0	681	101.6	5.83	-0.0915	0.7	111115
87	"11:09:29"	346.0	-17.6	2.25	516	19.5	1.48	6	1	2.84	39.36	38.81	39.34	499.76	507.42	35.458	53.885	50.28	76.42	600.0	-0	578	101.6	5.83	-0.0915	0.7	111115
88	"11:09:30"	347.5	-17.3	2.26	516	19.5	1.48	6	1	2.84	39.37	38.81	39.34	499.89	507.30	35.461	53.915	50.28	76.45	600.0	-0	478	101.6	5.83	-0.0915	0.7	111115
89	"11:09:32"	348.5	-17.3	2.27	516	19.5	1.48	6	1	2.84	39.37	38.82	39.35	499.91	507.32	35.462	53.935	50.28	76.47	600.0	-0	455	101.6	5.83	-0.0915	0.7	111115
90	"11:09:33"	350.0	-17.3	2.27	516	19.5	1.48	6	1	2.84	39.37	38.82	39.35	499.91	507.26	35.464	53.958	50.28	76.49	600.0	-0	437	101.6	5.83	-0.0915	0.7	111115
91	"11:09:34"	351.0	-17.4	2.28	516	19.6	1.48	6	1	2.84	39.37	38.82	39.35	499.84	507.33	35.465	53.972	50.27	76.51	600.0	-0	433	101.6	5.83	-0.0915	0.7	111115
92	"11:09:35"	352.5	-17.5	2.29	516	19.6	1.47	6	1	2.84	39.37	38.82	39.35	499.76	507.30	35.463	53.990	50.27	76.53	600.0	-0	416	101.6	5.83	-0.0915	0.7	111115
93	"11:09:37"	353.5	-17.6	2.3	516	19.6	1.47	6	1	2.84	39.37	38.83	39.35	499.70	507.31	35.460	54.009	50.26	76.55	600.0	-0	401	101.6	5.83	-0.0915	0.7	111115
94	"11:09:38"	355.0	-17.4	2.31	516	19.6	1.47	6	1	2.84	39.38	38.83	39.35	499.80	507.20	35.457	54.034	50.25	76.57	600.0	-0	378	101.6	5.83	-0.0915	0.7	111115
95	"11:09:39"	356.0	-17.4	2.31	516	19.7	1.47	6	1	2.84	39.38	38.83	39.36	499.79	507.22	35.457	54.046	50.24	76.58	600.0	-0	367	101.6	5.83	-0.0915	0.7	111115
96	"11:09:40"	357.5	-17.4	2.32	516	19.7	1.47	6	1	2.84	39.38	38.83	39.36	499.82	507.22	35.459	54.076	50.24	76.61	600.0	-0	359	101.6	5.83	-0.0915	0.7	111115
97	"11:09:42"	358.5	-17.5	2.33	516	19.7	1.47	6	1	2.84	39.38	38.83	39.36	499.76	507.23	35.458	54.086	50.23	76.62	600.0	-0	355	101.6	5.83	-0.0915	0.7	111115
98	"11:09:43"	360.0	-17.5	2.34	516	19.7	1.47	6	1	2.84	39.39	38.84	39.36	499.67	507.20	35.454	54.108	50.22	76.64	600.0	-0	350	101.6	5.83	-0.0915	1.0	111115
99	"11:09:44"	361.0	-17.6	2.34	516	19.7	1.47	6	1	2.84	39.39	38.84	39.36	499.60	507.21	35.452	54.118	50.21	76.65	600.0	-0	347	101.6	5.83	-0.0915	1.0	111115
100	"11:09:45"	362.5	-17.5	2.35	516	19.8	1.46	6	1	2.84	39.39	38.84	39.36	499.64	507.15	35.449	54.130	50.20	76.66	600.0	-0	343	101.6	5.83	-0.0915	1.0	111115
101	"11:09:46"	363.0	-17.5	2.35	516	19.8	1.46	6	1	2.84	39.39	38.84	39.36	499.66	507.15	35.449	54.132	50.20	76.66	600.0	-0	342	101.6	5.83	-0.0915	1.0	111115
102	"11:09:48"	364.0	-17.4	2.35	516	19.8	1.46	6	1	2.84	39.39	38.84	39.37	499.72	507.10	35.446	54.135	50.20	76.66	600.0	-0	340	101.6	5.83	-0.0915	1.0	111115
103	"11:09:49"	366.0	-17.3	2.35	515	19.8	1.47	6	1	2.84	39.39	38.84	39.37	499.74	506.99	35.444	54.134	50.19	76.65	600.0	-0	338	101.6	5.83	-0.0915	1.0	111115
104	"11:09:50"	367.0	-17.3	2.35	515	19.8	1.47	6	1	2.84	39.39	38.84	39.37	499.74	506.98	35.440	54.147	50.18	76.67	600.0	-0	337	101.6	5.83	-0.0915	0.7	111115
105	"11:09:51"	368.5	-17.4	2.35	515	19.8	1.47	6	1	2.84	39.39	38.85	39.37	499.72	507.05	35.437	54.151	50.17	76.66	600.0	-0	337	101.6	5.83	-0.0915	0.7	111115
106	"11:09:53"	369.5	-17.4	2.36	515	19.8	1.47	6	1	2.84	39.40	38.85	39.37	499.72	507.07	35.436	54.158	50.16	76.67	600.0	-0	338	101.6	5.83	-0.0915	0.7	111115
107	"11:09:54"	371.0	-17.4	2.35	516	19.8	1.47	6	1	2.84	39.40	38.85	39.38	499.70	507.07	35.436	54.156	50.16	76.66	600.0	-0	339	101.6	5.83	-0.0915	1.0	111115
108	"11:09:55"	372.0	-17.3	2.35	515	19.8	1.47	6	1	2.84	39.40	38.85	39.38	499.71	507.01	35.436	54.155	50.16	76.65	600.0	-0	339	101.6	5.83	-0.0915	1.0	111115
109	"11:09:56"	373.5	-17.3	2.35	515	19.8	1.47	6	1	2.84	39.40	38.85	39.38	499.72	506.98	35.438	54.154	50.15	76.64	600.0	-0	341	101.6	5.83	-0.0915	1.0	111115
110	"11:09:57"	374.0	-17.3	2.35	515	19.8	1.47	6	1	2.84	39.40	38.85	39.38	499.74	506.99	35.437	54.157	50.15	76.64	600.0	-0	342	101.6	5.83	-0.0915	1.0	111115
111	"11:09:59"	375.5	-17.2	2.35	515	19.8	1.47	6	1	2.84	39.40	38.85	39.38	499.72	506.89	35.437	54.158	50.14	76.64	600.0	-0	345	101.6	5.83	-0.0915	1.0	111115
112	"11:10:00"	377.0	-17.1	2.35	515	19.8	1.47	6	1	2.84	39.41	38.85	39.39	499.75	506.84	35.435	54.157	50.14	76.63	600.0	-0	350	101.6	5.83	-0.0915	0.7	111115
113	"11:10:01"	377.5	-17.1	2.35	515	19.8	1.47	6	1	2.84	39.41	38.85	39.39	499.78	506.84	35.436	54.160	50.14	76.63	600.0	-0	351	101.6	5.83	-0.0915	0.7	111115
114	"11:10:02"	379.0	-17.1	2.34	515	19.8	1.47	6	1	2.84	39.41	38.86	39.39	499.72	506.83	35.433	54.162	50.13	76.62	600.0	-0	358	101.6	5.83	-0.0915	0.7	111115
115	"11:10:03"	380.5	-17.2	2.34	515	19.8	1.47	6	1	2.84	39.41	38.86	39.39	499.70	506.82	35.433	54.157	50.12	76.61	600.0	-0	366	101.6	5.83	-0.0915	0.7	111115
116	"11:10:05"	381.5	-17.2	2.34	515	19.8	1.47	6	1	2.84	39.41	38.86	39.39	499.64	506.84	35.431	54.156	50.12	76.60	600.0	-0	372	101.6	5.83	-0.0915	0.7	111115
117	"11:10:06"	383.0	-17.2	2.34	515	19.8	1.47	6	1	2.84	39.41	38.86	39.39	499.67	506.84	35.431	54.161	50.11	76.60	600.0	-0	384	101.6	5.83	-0.0915	1.0	111115
118	"11:10:07"	384.0	-17.2	2.35	515	19.8	1.47	6	1	2.84	39.41	38.86	39.39	499.66	506.78	35.430	54.170	50.11	76.61	600.0	-0	394	101.6	5.83	-0.0915	1.0	111115
119	"11:10:08"	385.5	-17.2	2.36	515	19.8	1.47	6	1	2.84	39.42	38.87	39.40	499.62	506.82	35.428	54.192	50.10	76.63	600.0	-0	408	101.6	5.83	-0.0915	1.0	111115
120	"11:10:10"	386.5	-17.2	2.36	515	19.9	1.47	6	1	2.84	39.42	38.87	39.40	499.63	506.72	35.429	54.211	50.10	76.65	600.0	-0	417	101.6	5.83	-0.0915	0.7	111115
121	"11:10:11"	388.0	-17.1	2.37	515	19.9	1.47	6	1	2.84	39.42	38.87	39.40	499.66	506.72	35.430	54.224	50.09	76.67	600.0	-0	431	101.6	5.83	-0.0915	0.7	111115
122	"11:10:12"	389.0	-17.1	2.37	515	19.9	1.47	6	1	2.84	39.42	38.87	39.40	499.68	506.69	35.429	54.235	50.09	76.68	600.0	-0	447	101.6	5.83	-0.0915	0.7	111115
123	"11:10:13"	390.5	-17.1	2.38	515	19.9	1.47	6	1	2.84	39.42	38.87	39.40	499.69	506.74	35.429	54.239	50.08	76.67	600.0	-0	524	101.6	5.83	-0.0915	1.0	111115
124	"11:10:15"	391.5	-17.2	2.38	515	19.9	1.46	6	1	2.84	39.42	38.86	39.40	499.69	506.77	35.428	54.244	50.08	76.68	600.0	-0	609	101.6	5.83	-0.0915	1.0	111115
125	"11:10:16"	393.0	-17.1	2.38	515	19.9	1.46	6	1	2.84	39.42	38.86	39.40	499.70	506.73	35.428	54.222	50.08	76.64	600.0	-0	720	101.6	5.83	-0.0915	1.0	111115
126	"11:10:17"	394.0	-17.1	2.38	515	19.9	1.46	6	1	2.84	39.42	38.86	39.40	499.66	506.70	35.426	54.214	50.07	76.63	600.0	-0	747	101.6	5.83	-0.0915	1.0	111115
127	"11:10:18"	395.5	-17.1	2.37	515	19.8	1.46	6	1	2.84	39.42	38.85	39.41	499.58	506.66	35.425	54.174	50.07	76.57	600.0	-0	718	101.6	5.83	-0.0915	1.0	111115
128	"11:10:20"	396.5	-17.1	2.35	515	19.8	1.47	6	1	2.84	39.42	38.84	39.41	499.55	506.67	35.427	54.139	50.08	76.53	600.0	-0	730	101.6	5.83	-0.0915	1.0	111115
129	"11:10:21"	398.0	-17.2	2.33	515	19.7	1.47	6	1	2.84	39.42	38.84	39.41	499.56	506.72	35.427	54.073	50.08	76.44	600.0	-0	836	101.6	5.83	-0.0915	1.0	111115
130	"11:10:22"	399.0	-17.1	2.3	515	19.7	1.47	6	1	2.84	39.42	38.83	39.41	499.60	506.75	35.426	54.024	50.08	76.37	600.0	-0	986	101.6	5.83	-0.0915	1.0	111115
131	"11:10:23"	399.5	-17.1	2.3	515	19.6	1.48	6	1	2.84	39.42	38.83	39.41	499.59	506.76	35.425	54.005	50.08	76.35	600.0	-0	1059	101.6	5.83	-0.0915	1.0	111115
132	"11:10:24"	401.5	-17.3	2.26	516	19.5	1.48	6	1	2.84	39.42	38.82	39.41	499.48	506.84	35.423	53.909	50.08	76.22	600.0	-0	1315	101.6	5.83	-0.0915	1.0	111115
133	"11:10:26"	402.5	-17.3	2.23	516	19.5	1.49	6	1	2.84	39.42	38.82	39.41	499.47	506.88	35.426	53.858	50.09	76.15	600.0	-0	1397	101.6	5.83	-0.0915	1.0	111115
134	"11:10:27"	404.0	-17.1	2.2	515	19.4	1.49	6	1	2.84	39.42	38.82	39.41	499.58	506.83	35.430	53.790	50.09	76.05	600.1	-0	1506	101.6	5.83	-0.0915	0.7	111115
135	"11:10:28"	405.0	-16.9	2.18	515	19.4	1.5	6	1	2.84	39.42	38.82	39.41	499.69	506.77	35.433	53.744	50.10	75.99	600.2	-0	1576	101.6	5.83	-0.0915	0.7	111115
136	"11:10:29"	406.5	-16.8	2.16	515	19.3	1.5	6	1	2.84	39.42	38.81	39.41	499.74	506.80	35.441	53.693	50.11	75.91	600.1	-0	1656	101.6	5.83	-0.0915	0.7	111115
137	"11:10:31"	408.0	-16.9	2.12	516	19.2	1.51	6	1	2.84	39.42	38.81	39.41	499.69	506.85	35.450	53.625	50.12	75.82	600.1	-0	1703	101.6	5.83	-0.0915	0.7	111115
138	"11:10:32"	409.0	-17	2.11	516	19.2	1.51	6	1	2.84	39.42	38.81	39.41	499.62	506.94	35.457	53.586	50.13	75.76	600.0	-0	1704	101.6	5.83	-0.0915	0.7	111115
139	"11:10:33"	410.5	-17.1	2.08	516	19.1	1.52	6	1	2.84	39.42	38.82	39.41	499.58	506.96	35.468	53.528	50.15	75.68	600.0	-0	1689	101.6	5.83	-0.0915	0.7	111115
140	"11:10:35"	411.5	-17.1	2.06	516	19	1.52	6	1	2.84	39.42	38.82	39.42	499.56	507.05	35.477	53.501	50.16	75.64	600.0	-0	1675	101.6	5.83	-0.0915	0.7	111115
141	"11:10:36"	413.0	-17.2	2.04	517	19	1.53	6	1	2.84	39.42	38.82	39.42	499.57	507.10	35.486	53.466	50.17	75.58	599.9	-0	1662	101.6	5.83	-0.0915	0.3	111115
142	"11:10:37"	414.0	-17.2	2.03	517	19	1.53	6	1	2.84	39.42	38.83	39.42	499.59	507.13	35.493	53.455	50.17	75.57	599.9	-0	1670	101.6	5.83	-0.0915	0.3	111115
143	"11:10:38"	415.5	-17.2	2.02	517	18.9	1.53	6	1	2.84	39.42	38.83	39.42	499.50	507.14	35.501	53.439	50.18	75.54	599.9	-0	1692	101.6	5.83	-0.0915	0.3	111115
144	"11:10:40"	416.5	-17.2	2.01	517	18.9	1.53	6	1	2.84	39.43	38.83	39.42	499.53	507.12	35.508	53.434	50.19	75.53	599.9	-0	1708	101.6	5.83	-0.0915	0.3	111115
145	"11:10:41"	418.0	-17.2	2.01	517	18.9	1.53	6	1	2.84	39.43	38.83	39.42	499.54	507.17	35.518	53.422	50.20	75.50	600.0	-0	1706	101.6	5.83	-0.0915	0.3	111115
146	"11:10:42"	419.0	-17.1	2	517	18.9	1.53	6	1	2.84	39.43	38.83	39.42	499.65	507.15	35.525	53.419	50.20	75.49	600.0	-0	1663	101.6	5.83	-0.0915	0.3	111115
147	"11:10:43"	419.5	-17	2	517	18.9	1.54	6	1	2.84	39.43	38.83	39.42	499.71	507.17	35.530	53.416	50.21	75.48	600.1	-0	1614	101.6	5.83	-0.0915	0.3	111115
148	"11:10:44"	421.5	-17	1.99	517	18.9	1.54	6	1	2.84	39.43	38.83	39.43	499.81	507.22	35.543	53.395	50.22	75.44	600.1	-0	1301	101.6	5.83	-0.0915	0.3	111115
149	"11:10:46"	422.5	-17	1.98	517	18.8	1.54	6	1	2.84	39.43	38.83	39.43	499.77	507.26	35.547	53.386	50.22	75.42	600.1	-0	1102	101.6	5.83	-0.0915	0.3	111115
150	"11:10:47"	424.0	-17.2	1.98	517	18.8	1.54	6	1	2.84	39.44	38.84	39.43	499.66	507.29	35.554	53.373	50.23	75.40	600.0	-0	894	101.6	5.83	-0.0915	0.3	111115
151	"11:10:48"	425.0	-17.2	1.97	517	18.8	1.54	6	1	2.84	39.44	38.84	39.43	499.63	507.28	35.559	53.357	50.23	75.37	599.9	-0	847	101.6	5.83	-0.0915	0.7	111115
152	"11:10:49"	426.5	-17.2	1.96	517	18.8	1.54	6	1	2.84	39.44	38.84	39.43	499.65	507.28	35.568	53.344	50.24	75.35	599.9	-0	966	101.6	5.83	-0.0915	0.7	111115
153	"11:10:51"	427.5	-17.1	1.96	517	18.8	1.55	6	1	2.84	39.44	38.84	39.43	499.72	507.30	35.572	53.338	50.24	75.33	599.9	-0	1150	101.6	5.83	-0.0915	0.7	111115
154	"11:10:52"	429.0	-17.1	1.95	517	18.8	1.55	6	1	2.84	39.44	38.84	39.43	499.75	507.29	35.574	53.328	50.24	75.31	600.0	-0	1439	101.6	5.83	-0.0915	1.0	111115
155	"11:10:53"	429.5	-17.1	1.95	517	18.8	1.55	6	1	2.84	39.44	38.84	39.44	499.74	507.29	35.574	53.325	50.24	75.30	600.0	-0	1502	101.6	5.83	-0.0915	1.0	111115
156	"11:10:54"	431.0	-17.1	1.95	517	18.8	1.55	6	1	2.84	39.44	38.85	39.44	499.74	507.28	35.571	53.331	50.23	75.30	600.1	-0	1591	101.6	5.83	-0.0915	1.0	111115
157	"11:10:55"	432.5	-17.1	1.95	517	18.8	1.55	6	1	2.84	39.45	38.85	39.44	499.75	507.35	35.574	53.350	50.22	75.32	600.1	-0	1510	101.6	5.83	-0.0915	1.0	111115
158	"11:10:57"	433.5	-17.1	1.95	517	18.8	1.55	6	1	2.84	39.45	38.86	39.44	499.78	507.33	35.574	53.366	50.22	75.33	600.1	-0	1365	101.6	5.83	-0.0915	1.0	111115
159	"11:10:58"	435.0	-17	1.96	517	18.8	1.55	6	1	2.84	39.45	38.86	39.44	499.84	507.30	35.580	53.386	50.22	75.35	600.1	-0	1008	101.6	5.83	-0.0915	1.0	111115
160	"11:10:59"	436.0	-17.1	1.96	517	18.8	1.55	6	1	2.84	39.45	38.86	39.45	499.77	507.32	35.585	53.405	50.22	75.37	600.0	-0	772	101.6	5.83	-0.0915	1.0	111115
161	"11:11:00"	437.5	-17.1	1.97	517	18.8	1.55	6	1	2.84	39.46	38.87	39.45	499.79	507.32	35.593	53.431	50.22	75.39	600.0	-0	537	101.6	5.83	-0.0915	1.0	111115
162	"11:11:02"	438.5	-17	1.97	517	18.9	1.55	6	1	2.84	39.46	38.87	39.45	499.84	507.32	35.598	53.453	50.22	75.42	600.0	-0	489	101.6	5.83	-0.0915	1.0	111115
163	"11:11:03"	439.0	-17.1	1.97	517	18.9	1.55	6	1	2.84	39.46	38.87	39.45	499.85	507.34	35.600	53.466	50.22	75.43	600.0	-0	477	101.6	5.83	-0.0915	1.0	111115
164	"11:11:04"	441.0	-16.9	1.98	517	18.9	1.55	6	1	2.84	39.46	38.88	39.45	499.88	507.24	35.605	53.503	50.22	75.47	600.0	-0	529	101.6	5.83	-0.0915	1.0	111115
165	"11:11:05"	442.0	-17.1	1.99	517	18.9	1.54	6	1	2.84	39.47	38.88	39.45	499.78	507.28	35.606	53.529	50.22	75.50	600.0	-0	628	101.6	5.83	-0.0915	1.0	111115
166	"11:11:06"	443.5	-17.2	2	517	19	1.54	6	1	2.84	39.47	38.89	39.46	499.69	507.29	35.606	53.559	50.21	75.53	600.0	-0	788	101.6	5.83	-0.0915	1.0	111115
167	"11:11:08"	444.5	-17.3	2.01	517	19	1.54	6	1	2.84	39.47	38.89	39.46	499.66	507.28	35.605	53.587	50.20	75.56	600.0	-0	931	101.6	5.83	-0.0915	1.0	111115
168	"11:11:09"	446.0	-17.1	2.03	517	19	1.54	6	1	2.84	39.47	38.89	39.46	499.73	507.17	35.601	53.620	50.19	75.60	600.0	-0	1038	101.6	5.83	-0.0915	1.0	111115
169	"11:11:10"	447.0	-16.9	2.04	516	19.1	1.53	6	1	2.84	39.47	38.89	39.46	499.79	507.07	35.600	53.647	50.19	75.63	600.0	-0	1021	101.6	5.83	-0.0915	0.7	111115
170	"11:11:11"	448.5	-16.9	2.05	516	19.1	1.53	6	1	2.84	39.48	38.89	39.46	499.79	507.06	35.597	53.672	50.18	75.65	600.0	-0	884	101.6	5.83	-0.0915	0.7	111115
171	"11:11:13"	449.5	-17.1	2.05	516	19.1	1.53	6	1	2.84	39.48	38.89	39.47	499.71	507.10	35.597	53.681	50.17	75.66	600.0	-0	828	101.6	5.83	-0.0915	0.7	111115
172	"11:11:14"	451.0	-17.1	2.05	516	19.1	1.53	6	1	2.84	39.48	38.89	39.47	499.68	507.09	35.601	53.689	50.17	75.66	600.0	-0	945	101.6	5.83	-0.0915	0.7	111115
173	"11:11:15"	452.0	-17.1	2.05	516	19.1	1.53	6	1	2.84	39.48	38.89	39.47	499.66	507.08	35.605	53.684	50.17	75.65	600.0	-0	1043	101.6	5.83	-0.0915	0.3	111115
174	"11:11:16"	453.5	-17	2.05	516	19.1	1.53	6	1	2.84	39.48	38.89	39.47	499.70	507.01	35.607	53.678	50.17	75.64	600.0	-0	1192	101.6	5.83	-0.0915	0.3	111115
175	"11:11:18"	454.5	-16.9	2.04	516	19.1	1.53	6	1	2.84	39.48	38.89	39.47	499.71	506.95	35.608	53.670	50.17	75.62	600.0	-0	1246	101.6	5.83	-0.0915	0.3	111115
176	"11:11:19"	456.0	-16.9	2.04	516	19.1	1.53	6	1	2.84	39.48	38.89	39.48	499.71	506.91	35.607	53.663	50.17	75.61	599.9	-0	1331	101.6	5.83	-0.0915	0.7	111115
177	"11:11:20"	457.0	-16.8	2.03	516	19.1	1.53	6	1	2.84	39.49	38.89	39.48	499.73	506.84	35.613	53.655	50.17	75.59	599.9	-0	1274	101.6	5.83	-0.0915	0.7	111115
178	"11:11:21"	458.5	-16.7	2.03	516	19	1.54	6	1	2.84	39.49	38.89	39.48	499.74	506.83	35.621	53.639	50.18	75.56	600.0	-0	1160	101.6	5.83	-0.0915	0.7	111115
179	"11:11:23"	459.5	-16.6	2.02	516	19	1.54	6	1	2.84	39.49	38.90	39.48	499.74	506.73	35.628	53.626	50.18	75.53	600.1	-0	1102	101.6	5.83	-0.0915	0.7	111115
180	"11:11:24"	461.0	-16.7	2.01	516	19	1.54	6	1	2.84	39.49	38.90	39.48	499.73	506.78	35.634	53.603	50.19	75.50	600.1	-0	1186	101.6	5.83	-0.0915	0.7	111115
181	"11:11:25"	462.0	-16.7	2	516	19	1.54	6	1	2.84	39.49	38.90	39.48	499.71	506.83	35.637	53.595	50.19	75.48	600.1	-0	1274	101.6	5.83	-0.0915	0.7	111115
182	"11:11:26"	463.5	-16.8	2	516	19	1.54	6	1	2.84	39.49	38.89	39.49	499.67	506.90	35.644	53.584	50.19	75.46	600.0	-0	1352	101.6	5.83	-0.0915	0.7	111115
183	"11:11:28"	464.5	-16.9	1.99	516	18.9	1.54	6	1	2.84	39.50	38.89	39.49	499.63	506.96	35.648	53.576	50.20	75.44	600.0	-0	1352	101.6	5.83	-0.0915	0.7	111115
184	"11:11:29"	466.0	-16.8	1.99	516	18.9	1.54	6	1	2.84	39.50	38.90	39.49	499.69	506.89	35.656	53.565	50.20	75.41	600.0	-0	1333	101.6	5.83	-0.0915	1.0	111115
185	"11:11:30"	467.0	-16.7	1.98	516	18.9	1.55	6	1	2.84	39.50	38.90	39.49	499.69	506.83	35.662	53.553	50.20	75.39	600.0	-0	1333	101.6	5.83	-0.0915	1.0	111115
186	"11:11:31"	468.5	-16.8	1.97	516	18.9	1.55	6	1	2.84	39.50	38.90	39.49	499.64	506.83	35.670	53.538	50.21	75.36	600.0	-0	1367	101.6	5.83	-0.0915	1.0	111115
187	"11:11:33"	469.5	-16.9	1.96	516	18.9	1.55	6	1	2.84	39.50	38.91	39.50	499.57	506.87	35.675	53.524	50.21	75.34	600.0	-0	1415	101.6	5.83	-0.0915	1.0	111115
188	"11:11:34"	471.0	-16.8	1.94	516	18.8	1.56	6	1	2.84	39.51	38.91	39.50	499.57	506.86	35.682	53.499	50.22	75.29	600.0	-0	1486	101.6	5.83	-0.0915	1.0	111115
189	"11:11:35"	472.0	-16.8	1.94	516	18.8	1.56	6	1	2.84	39.51	38.91	39.50	499.58	506.85	35.686	53.485	50.22	75.27	600.0	-0	1537	101.6	5.83	-0.0915	1.0	111115
190	"11:11:36"	473.5	-16.8	1.92	516	18.8	1.56	6	1	2.84	39.51	38.91	39.50	499.59	506.88	35.692	53.453	50.22	75.22	600.0	-0	1550	101.6	5.83	-0.0915	1.0	111115
191	"11:11:38"	474.5	-16.9	1.91	517	18.7	1.56	6	1	2.84	39.51	38.91	39.50	499.58	506.95	35.697	53.428	50.23	75.18	600.0	-0	1546	101.6	5.83	-0.0915	1.0	111115
192	"11:11:39"	476.0	-16.8	1.9	517	18.7	1.57	6	1	2.84	39.51	38.91	39.51	499.67	506.96	35.706	53.392	50.23	75.11	600.0	-0	1541	101.6	5.83	-0.0915	1.0	111115
193	"11:11:40"	477.0	-16.8	1.89	517	18.7	1.57	6	1	2.84	39.51	38.91	39.51	499.67	507.02	35.712	53.369	50.24	75.08	600.0	-0	1540	101.6	5.83	-0.0915	1.0	111115
194	"11:11:41"	478.5	-16.7	1.87	517	18.6	1.57	6	1	2.84	39.52	38.90	39.51	499.75	506.99	35.723	53.330	50.25	75.01	600.0	-0	1539	101.6	5.83	-0.0915	1.0	111115
195	"11:11:43"	479.5	-16.6	1.87	516	18.6	1.57	6	1	2.84	39.52	38.91	39.51	499.76	506.96	35.729	53.311	50.25	74.98	600.0	-0	1538	101.6	5.83	-0.0915	1.0	111115
196	"11:11:44"	481.0	-16.5	1.85	516	18.5	1.58	6	1	2.84	39.52	38.91	39.51	499.82	506.90	35.738	53.276	50.26	74.92	600.0	-0	1537	101.6	5.83	-0.0915	0.7	111115
197	"11:11:45"	482.0	-16.5	1.84	517	18.5	1.58	6	1	2.84	39.52	38.91	39.52	499.84	507.00	35.744	53.258	50.26	74.89	600.0	-0	1536	101.6	5.83	-0.0915	0.7	111115
198	"11:11:46"	483.5	-16.7	1.83	517	18.5	1.58	6	1	2.84	39.52	38.91	39.52	499.73	507.10	35.755	53.227	50.27	74.84	600.0	-0	1533	101.6	5.83	-0.0915	0.7	111115
199	"11:11:48"	484.5	-16.8	1.82	517	18.4	1.59	6	1	2.84	39.53	38.91	39.52	499.69	507.15	35.761	53.210	50.28	74.81	600.0	-0	1531	101.6	5.83	-0.0915	0.7	111115
200	"11:11:49"	486.0	-16.8	1.81	517	18.4	1.59	6	1	2.84	39.53	38.91	39.52	499.70	507.13	35.772	53.187	50.28	74.76	600.0	-0	1528	101.6	5.83	-0.0915	0.7	111115
201	"11:11:50"	487.0	-16.6	1.8	517	18.4	1.59	6	1	2.84	39.53	38.91	39.52	499.77	507.10	35.776	53.182	50.29	74.75	600.0	-0	1526	101.6	5.83	-0.0915	0.7	111115
202	"11:11:51"	488.5	-16.6	1.79	517	18.4	1.59	6	1	2.84	39.53	38.92	39.53	499.76	507.09	35.787	53.163	50.30	74.72	600.0	-0	1525	101.6	5.83	-0.0915	0.7	111115
203	"11:11:53"	489.5	-16.6	1.79	517	18.3	1.6	6	1	2.84	39.53	38.92	39.53	499.76	507.04	35.792	53.152	50.30	74.70	600.0	-0	1524	101.6	5.83	-0.0915	0.7	111115
204	"11:11:54"	491.0	-16.7	1.78	517	18.3	1.6	6	1	2.84	39.53	38.92	39.53	499.75	507.14	35.802	53.141	50.31	74.68	600.0	-0	1524	101.6	5.83	-0.0915	0.7	111115
205	"11:11:55"	492.0	-16.7	1.78	517	18.3	1.6	6	1	2.84	39.54	38.92	39.53	499.77	507.16	35.808	53.136	50.32	74.66	600.0	-0	1524	101.6	5.83	-0.0915	0.7	111115
206	"11:11:56"	493.5	-16.7	1.77	517	18.3	1.6	6	1	2.84	39.54	38.92	39.54	499.79	507.19	35.817	53.130	50.32	74.64	599.9	-0	1521	101.6	5.83	-0.0915	1.0	111115
207	"11:11:58"	494.5	-16.6	1.77	517	18.3	1.6	6	1	2.84	39.54	38.93	39.54	499.77	507.14	35.823	53.123	50.32	74.63	600.0	-0	1514	101.6	5.83	-0.0915	1.0	111115
208	"11:11:59"	496.0	-16.7	1.76	517	18.2	1.6	6	1	2.84	39.54	38.93	39.54	499.67	507.14	35.833	53.110	50.33	74.60	600.0	-0	1503	101.6	5.83	-0.0915	1.0	111115
209	"11:12:00"	497.0	-16.8	1.76	517	18.2	1.6	6	1	2.84	39.54	38.93	39.54	499.65	507.16	35.840	53.115	50.34	74.60	600.0	-0	1498	101.6	5.83	-0.0915	1.0	111115
210	"11:12:01"	498.5	-16.8	1.76	518	18.2	1.6	6	1	2.84	39.55	38.93	39.54	499.68	507.20	35.848	53.124	50.35	74.61	600.1	-0	1498	101.6	5.83	-0.0915	1.0	111115
211	"11:12:03"	499.5	-16.9	1.77	518	18.3	1.6	6	1	2.84	39.55	38.93	39.54	499.64	507.27	35.851	53.147	50.35	74.63	600.1	-0	1498	101.6	5.83	-0.0915	1.0	111115
212	"11:12:04"	501.0	-16.8	1.77	518	18.3	1.6	6	1	2.84	39.55	38.94	39.54	499.66	507.22	35.860	53.170	50.35	74.65	600.1	-0	1498	101.6	5.83	-0.0915	1.0	111115
213	"11:12:05"	502.0	-16.9	1.77	518	18.3	1.6	6	1	2.84	39.55	38.94	39.55	499.64	507.24	35.863	53.184	50.35	74.66	600.1	-0	1497	101.6	5.83	-0.0915	1.0	111115
214	"11:12:06"	503.5	-16.7	1.78	517	18.3	1.6	6	1	2.84	39.55	38.94	39.55	499.76	507.13	35.873	53.210	50.35	74.69	600.0	-0	1497	101.6	5.83	-0.0915	1.0	111115
215	"11:12:08"	504.5	-16.6	1.78	517	18.3	1.6	6	1	2.84	39.56	38.94	39.55	499.78	507.08	35.878	53.224	50.36	74.70	600.0	-0	1498	101.6	5.83	-0.0915	1.0	111115
216	"11:12:09"	506.0	-16.7	1.79	517	18.3	1.6	6	1	2.84	39.56	38.95	39.55	499.74	507.10	35.887	53.249	50.36	74.73	600.0	-0	1497	101.6	5.83	-0.0915	1.0	111115
217	"11:12:10"	507.0	-16.7	1.79	517	18.3	1.6	6	1	2.84	39.56	38.95	39.55	499.71	507.09	35.892	53.258	50.36	74.73	600.0	-0	1497	101.6	5.83	-0.0915	1.0	111115
218	"11:12:11"	508.5	-16.8	1.79	517	18.3	1.59	6	1	2.84	39.56	38.95	39.55	499.66	507.15	35.900	53.272	50.37	74.74	600.0	-0	1497	101.6	5.83	-0.0915	1.0	111115
219	"11:12:13"	509.5	-16.7	1.79	517	18.4	1.59	6	1	2.84	39.56	38.95	39.56	499.72	507.09	35.903	53.278	50.37	74.74	600.0	-0	1497	101.6	5.83	-0.0915	1.0	111115
220	"11:12:14"	511.0	-16.6	1.79	517	18.3	1.59	6	1	2.84	39.57	38.95	39.56	499.81	507.09	35.910	53.272	50.37	74.72	599.9	-0	1497	101.6	5.83	-0.0915	1.0	111115
221	"11:12:15"	512.0	-16.6	1.78	517	18.3	1.6	6	1	2.84	39.57	38.95	39.56	499.82	507.10	35.914	53.264	50.37	74.71	599.9	-0	1496	101.6	5.83	-0.0915	1.0	111115
222	"11:12:16"	513.5	-16.6	1.78	517	18.3	1.6	6	1	2.84	39.57	38.95	39.56	499.79	507.13	35.924	53.254	50.38	74.68	599.9	-0	1495	101.6	5.83	-0.0915	1.0	111115
223	"11:12:18"	514.5	-16.8	1.77	518	18.3	1.6	6	1	2.84	39.57	38.96	39.57	499.68	507.22	35.929	53.254	50.38	74.67	600.0	-0	1494	101.6	5.83	-0.0915	1.0	111115
224	"11:12:19"	516.0	-16.7	1.77	517	18.3	1.6	6	1	2.84	39.58	38.96	39.57	499.69	507.15	35.939	53.252	50.39	74.66	600.0	-0	1493	101.6	5.83	-0.0915	1.0	111115
225	"11:12:20"	517.0	-16.6	1.77	517	18.3	1.6	6	1	2.84	39.58	38.96	39.57	499.74	507.12	35.945	53.253	50.39	74.66	600.0	-0	1494	101.6	5.83	-0.0915	1.0	111115
226	"11:12:21"	518.5	-16.5	1.76	517	18.3	1.6	6	1	2.84	39.58	38.97	39.57	499.81	507.00	35.953	53.253	50.39	74.64	599.9	-0	1493	101.6	5.83	-0.0915	1.0	111115
227	"11:12:23"	519.5	-16.5	1.76	517	18.3	1.6	6	1	2.84	39.58	38.97	39.58	499.82	507.03	35.960	53.257	50.40	74.64	600.0	-0	1493	101.6	5.83	-0.0915	1.0	111115
228	"11:12:24"	521.0	-16.5	1.76	517	18.3	1.6	6	1	2.84	39.59	38.97	39.58	499.87	507.12	35.969	53.261	50.40	74.64	600.0	-0	1493	101.6	5.83	-0.0915	1.0	111115
229	"11:12:25"	521.5	-16.5	1.76	517	18.3	1.6	6	1	2.84	39.59	38.97	39.58	499.85	507.13	35.972	53.265	50.41	74.64	600.0	-0	1493	101.6	5.83	-0.0915	1.0	111115
230	"11:12:26"	523.0	-16.5	1.77	517	18.3	1.6	6	1	2.84	39.59	38.97	39.58	499.91	507.18	35.981	53.275	50.41	74.64	600.0	-0	1493	101.6	5.83	-0.0915	1.0	111115
231	"11:12:27"	524.5	-16.6	1.77	517	18.3	1.6	6	1	2.84	39.59	38.97	39.58	499.90	507.22	35.988	53.283	50.41	74.64	600.0	-0	1493	101.6	5.83	-0.0915	1.0	111115
232	"11:12:29"	525.5	-16.6	1.77	517	18.3	1.6	6	1	2.84	39.59	38.97	39.59	499.87	507.21	35.993	53.289	50.42	74.64	600.0	-0	1493	101.6	5.83	-0.0915	1.0	111115
233	"11:12:30"	527.0	-16.6	1.76	517	18.3	1.6	6	1	2.84	39.60	38.97	39.59	499.89	507.23	36.001	53.293	50.42	74.64	600.0	-0	1495	101.6	5.83	-0.0915	1.0	111115
234	"11:12:31"	528.0	-16.7	1.77	517	18.3	1.6	6	1	2.84	39.60	38.97	39.59	499.84	507.28	36.006	53.302	50.42	74.64	600.0	-0	1496	101.6	5.83	-0.0915	1.0	111115
235	"11:12:32"	529.5	-16.7	1.77	517	18.3	1.6	6	1	2.84	39.60	38.97	39.59	499.91	507.30	36.015	53.318	50.43	74.66	600.0	-0	1497	101.6	5.83	-0.0915	1.0	111115
236	"11:12:34"	530.5	-16.7	1.77	517	18.3	1.6	6	1	2.84	39.60	38.98	39.60	499.92	507.33	36.021	53.329	50.43	74.66	600.0	-0	1496	101.6	5.83	-0.0915	1.0	111115
237	"11:12:35"	532.0	-16.7	1.77	518	18.3	1.6	6	1	2.84	39.61	38.98	39.60	499.90	507.33	36.031	53.347	50.44	74.68	600.0	-0	1495	101.6	5.83	-0.0915	1.0	111115
238	"11:12:36"	533.0	-16.8	1.77	518	18.3	1.6	6	1	2.84	39.61	38.98	39.60	499.85	507.34	36.037	53.356	50.44	74.69	600.0	-0	1495	101.6	5.83	-0.0915	1.0	111115
239	"11:12:37"	534.5	-16.9	1.78	518	18.3	1.6	6	1	2.84	39.61	38.98	39.60	499.77	507.37	36.046	53.385	50.45	74.72	600.1	-0	1495	101.6	5.83	-0.0915	0.7	111115
240	"11:12:39"	535.5	-16.9	1.79	518	18.3	1.59	6	1	2.84	39.61	38.98	39.60	499.73	507.36	36.050	53.404	50.45	74.74	600.0	-0	1495	101.6	5.83	-0.0915	0.7	111115
241	"11:12:40"	537.0	-16.9	1.8	518	18.4	1.59	6	1	2.84	39.61	38.99	39.61	499.75	507.36	36.058	53.436	50.45	74.77	600.0	-0	1494	101.6	5.83	-0.0915	0.7	111115
242	"11:12:41"	538.0	-16.8	1.8	517	18.4	1.59	6	1	2.84	39.62	38.99	39.61	499.80	507.30	36.064	53.461	50.46	74.80	600.0	-0	1493	101.6	5.83	-0.0915	1.0	111115
243	"11:12:42"	539.5	-16.8	1.81	517	18.4	1.59	6	1	2.84	39.62	39.00	39.61	499.84	507.27	36.075	53.502	50.46	74.84	600.0	-0	1493	101.6	5.83	-0.0915	1.0	111115
244	"11:12:44"	540.5	-16.6	1.81	517	18.4	1.59	6	1	2.84	39.62	39.01	39.61	499.90	507.18	36.081	53.535	50.47	74.88	600.0	-0	1494	101.6	5.83	-0.0915	1.0	111115
245	"11:12:45"	542.0	-16.6	1.83	517	18.5	1.59	6	1	2.84	39.62	39.01	39.62	499.90	507.10	36.088	53.587	50.47	74.94	600.1	-0	1494	101.6	5.83	-0.0915	1.0	111115
246	"11:12:46"	543.0	-16.7	1.84	517	18.5	1.58	6	1	2.84	39.63	39.02	39.62	499.85	507.11	36.092	53.627	50.47	74.98	600.1	-0	1494	101.6	5.83	-0.0915	0.7	111115
247	"11:12:47"	544.5	-16.7	1.86	517	18.6	1.58	6	1	2.84	39.63	39.03	39.62	499.79	507.11	36.099	53.693	50.47	75.06	600.0	-0	1493	101.6	5.83	-0.0915	0.7	111115
248	"11:12:49"	545.5	-16.8	1.87	517	18.6	1.58	6	1	2.84	39.63	39.03	39.62	499.76	507.13	36.103	53.740	50.46	75.12	600.1	-0	1494	101.6	5.83	-0.0915	0.7	111115
249	"11:12:50"	547.0	-16.8	1.88	517	18.7	1.58	6	1	2.84	39.64	39.04	39.62	499.75	507.07	36.108	53.806	50.46	75.20	600.1	-0	1494	101.6	5.83	-0.0915	0.7	111115
250	"11:12:51"	548.0	-16.8	1.89	517	18.7	1.57	6	1	2.84	39.64	39.05	39.63	499.77	507.02	36.114	53.843	50.46	75.23	600.1	-0	1495	101.6	5.83	-0.0915	0.3	111115
251	"11:12:52"	549.5	-16.7	1.91	516	18.8	1.57	6	1	2.84	39.64	39.06	39.63	499.80	506.96	36.119	53.909	50.46	75.31	600.0	-0	1495	101.6	5.83	-0.0915	0.3	111115
252	"11:12:54"	550.5	-16.7	1.92	516	18.9	1.57	6	1	2.84	39.65	39.06	39.63	499.82	506.94	36.122	53.956	50.45	75.36	600.0	-0	1495	101.6	5.83	-0.0915	0.3	111115
253	"11:12:55"	552.0	-16.7	1.94	516	18.9	1.56	6	1	2.84	39.65	39.07	39.64	499.82	506.92	36.126	54.016	50.45	75.43	600.0	-0	1495	101.6	5.83	-0.0915	0.3	111115
254	"11:12:56"	553.0	-16.6	1.95	516	19	1.56	6	1	2.84	39.65	39.07	39.64	499.88	506.85	36.131	54.059	50.45	75.48	600.0	-0	1494	101.6	5.83	-0.0915	0.3	111115
255	"11:12:57"	554.5	-16.4	1.98	515	19	1.56	6	1	2.84	39.66	39.08	39.64	499.97	506.73	36.139	54.125	50.45	75.55	600.0	-0	1494	101.6	5.83	-0.0915	0.3	111115
256	"11:12:59"	555.5	-16.3	1.99	515	19.1	1.55	6	1	2.84	39.66	39.08	39.64	500.04	506.65	36.145	54.179	50.45	75.61	600.0	-0	1494	101.6	5.83	-0.0915	0.3	111115
257	"11:13:00"	557.0	-16.3	2.01	515	19.1	1.55	6	1	2.84	39.67	39.09	39.65	500.02	506.60	36.152	54.245	50.44	75.69	600.0	-0	1494	101.6	5.83	-0.0915	0.3	111115
258	"11:13:01"	557.5	-16.3	2.02	515	19.2	1.55	6	1	2.84	39.67	39.09	39.65	499.99	506.60	36.154	54.268	50.44	75.71	600.0	-0	1493	101.6	5.83	-0.0915	0.3	111115
259	"11:13:02"	559.0	-16.4	2.04	515	19.2	1.54	6	1	2.84	39.67	39.10	39.65	499.88	506.53	36.161	54.321	50.44	75.77	600.0	-0	1493	101.6	5.83	-0.0915	0.3	111115
260	"11:13:03"	560.5	-16.5	2.05	515	19.3	1.54	6	1	2.84	39.68	39.10	39.66	499.78	506.50	36.167	54.376	50.44	75.83	600.0	-0	1493	101.6	5.83	-0.0915	0.3	111115
261	"11:13:05"	561.5	-16.5	2.06	515	19.3	1.54	6	1	2.84	39.68	39.11	39.66	499.77	506.49	36.171	54.405	50.43	75.85	600.0	-0	1492	101.6	5.83	-0.0915	0.3	111115
262	"11:13:06"	563.0	-16.3	2.08	514	19.3	1.54	6	1	2.84	39.69	39.11	39.66	499.89	506.40	36.177	54.459	50.43	75.91	600.0	-0	1492	101.6	5.83	-0.0915	0.3	111115
263	"11:13:07"	564.0	-16.1	2.09	514	19.4	1.53	6	1	2.84	39.69	39.12	39.67	499.97	506.30	36.183	54.493	50.43	75.95	600.0	-0	1491	101.6	5.83	-0.0915	0.3	111115
264	"11:13:08"	565.5	-16.1	2.1	514	19.4	1.53	6	1	2.84	39.69	39.12	39.67	499.97	506.26	36.190	54.548	50.42	76.00	599.9	-0	1491	101.6	5.83	-0.0915	0.3	111115
265	"11:13:09"	566.0	-16.1	2.11	514	19.4	1.53	6	1	2.84	39.69	39.13	39.67	499.97	506.27	36.192	54.563	50.42	76.02	599.9	-0	1491	101.6	5.83	-0.0915	0.3	111115
266	"11:13:11"	567.5	-16.2	2.12	514	19.5	1.53	6	1	2.84	39.70	39.13	39.68	499.97	506.28	36.199	54.606	50.42	76.06	599.9	-0	1491	101.6	5.83	-0.0915	0.3	111115
267	"11:13:12"	569.0	-16.1	2.13	514	19.5	1.53	6	1	2.84	39.70	39.14	39.68	500.02	506.25	36.208	54.637	50.42	76.08	599.9	-0	1491	101.6	5.83	-0.0915	0.3	111115
268	"11:13:13"	570.0	-16.1	2.13	514	19.5	1.53	6	1	2.84	39.71	39.14	39.68	500.00	506.24	36.213	54.651	50.41	76.08	600.0	-0	1492	101.6	5.83	-0.0915	0.3	111115
269	"11:13:14"	571.5	-16.2	2.14	514	19.5	1.53	6	1	2.84	39.71	39.14	39.69	499.95	506.24	36.217	54.669	50.41	76.09	599.9	-0	1492	101.6	5.83	-0.0915	0.3	111115
270	"11:13:16"	572.5	-16.3	2.14	514	19.5	1.53	6	1	2.84	39.72	39.14	39.69	499.89	506.28	36.223	54.679	50.41	76.09	600.0	-0	1493	101.6	5.83	-0.0915	0.3	111115
271	"11:13:17"	574.0	-16.4	2.14	514	19.5	1.53	6	1	2.84	39.72	39.15	39.70	499.79	506.31	36.231	54.679	50.41	76.08	600.0	-0	1492	101.6	5.83	-0.0915	0.3	111115
272	"11:13:18"	575.0	-16.5	2.13	514	19.5	1.53	6	1	2.84	39.72	39.15	39.70	499.74	506.34	36.238	54.673	50.41	76.06	600.0	-0	1492	101.6	5.83	-0.0915	0.3	111115
273	"11:13:19"	576.5	-16.4	2.12	514	19.5	1.53	6	1	2.84	39.73	39.15	39.70	499.83	506.34	36.244	54.653	50.41	76.02	600.0	-0	1492	101.6	5.83	-0.0915	0.7	111115
274	"11:13:20"	577.0	-16.2	2.11	514	19.5	1.53	6	1	2.84	39.73	39.15	39.71	499.90	506.29	36.246	54.645	50.41	76.00	600.0	-0	1492	101.6	5.83	-0.0915	0.7	111115
275	"11:13:22"	579.0	-16.1	2.1	514	19.5	1.53	6	1	2.84	39.73	39.16	39.71	500.00	506.22	36.255	54.644	50.41	75.97	600.0	-0	1493	101.6	5.83	-0.0915	0.7	111115
276	"11:13:23"	580.0	-16.1	2.1	514	19.5	1.53	6	1	2.84	39.73	39.16	39.71	499.98	506.22	36.261	54.650	50.41	75.97	600.0	-0	1493	101.6	5.83	-0.0915	1.0	111115
277	"11:13:24"	581.5	-16.2	2.1	514	19.5	1.53	6	1	2.84	39.74	39.16	39.72	499.91	506.23	36.270	54.664	50.41	75.98	600.0	-0	1493	101.6	5.83	-0.0915	1.0	111115
278	"11:13:26"	582.5	-16.2	2.1	514	19.5	1.54	6	1	2.84	39.74	39.17	39.72	499.94	506.24	36.278	54.677	50.42	75.98	600.0	-0	1493	101.6	5.83	-0.0915	1.0	111115
279	"11:13:27"	584.0	-16.1	2.1	514	19.5	1.54	6	1	2.84	39.75	39.18	39.73	499.92	506.20	36.290	54.712	50.42	76.01	600.0	-0	1493	101.6	5.83	-0.0915	1.0	111115
280	"11:13:28"	585.0	-16.2	2.11	514	19.5	1.54	6	1	2.84	39.75	39.19	39.73	499.92	506.24	36.295	54.747	50.42	76.05	600.0	-0	1493	101.6	5.83	-0.0915	1.0	111115
281	"11:13:29"	586.5	-16.2	2.13	514	19.6	1.53	6	1	2.84	39.75	39.19	39.73	499.92	506.20	36.300	54.800	50.41	76.10	600.0	-0	1493	101.6	5.83	-0.0915	1.0	111115
282	"11:13:31"	587.5	-16.2	2.14	514	19.6	1.53	6	1	2.84	39.76	39.20	39.74	499.95	506.21	36.303	54.836	50.40	76.14	600.0	-0	1493	101.6	5.83	-0.0915	1.0	111115
283	"11:13:32"	589.0	-16.2	2.17	514	19.7	1.53	6	1	2.84	39.76	39.20	39.74	499.94	506.15	36.311	54.904	50.40	76.21	600.0	-0	1493	101.6	5.83	-0.0915	1.0	111115
284	"11:13:33"	590.0	-16.2	2.18	514	19.7	1.52	6	1	2.84	39.77	39.21	39.74	499.93	506.14	36.318	54.948	50.40	76.25	600.0	-0	1493	101.6	5.83	-0.0915	1.0	111115
285	"11:13:34"	591.5	-16.1	2.2	513	19.8	1.52	6	1	2.84	39.77	39.22	39.75	499.99	506.05	36.327	55.017	50.40	76.32	600.0	-0	1493	101.6	5.83	-0.0915	1.0	111115
286	"11:13:36"	592.5	-16.1	2.22	513	19.8	1.52	6	1	2.84	39.78	39.22	39.75	499.96	506.04	36.330	55.061	50.39	76.37	600.0	-0	1494	101.6	5.83	-0.0915	0.7	111115
287	"11:13:37"	594.0	-16.2	2.24	513	19.9	1.51	6	1	2.84	39.78	39.23	39.76	499.90	506.07	36.336	55.123	50.38	76.43	600.0	-0	1494	101.6	5.83	-0.0915	0.7	111115
288	"11:13:38"	595.0	-16.3	2.25	513	19.9	1.51	6	1	2.84	39.79	39.24	39.76	499.87	506.05	36.342	55.168	50.38	76.48	600.0	-0	1493	101.6	5.83	-0.0915	0.7	111115
289	"11:13:39"	596.5	-16.1	2.28	513	20	1.51	6	1	2.84	39.79	39.24	39.76	499.94	505.93	36.351	55.239	50.38	76.55	599.9	-0	1493	101.6	5.83	-0.0915	0.7	111115
290	"11:13:40"	597.0	-16.1	2.29	513	20	1.51	6	1	2.84	39.79	39.25	39.77	499.92	505.92	36.353	55.262	50.38	76.58	599.9	-0	1493	101.6	5.83	-0.0915	0.7	111115
291	"11:13:42"	598.5	-16.1	2.31	513	20.1	1.5	6	1	2.84	39.80	39.25	39.77	499.96	505.86	36.358	55.331	50.37	76.65	599.9	-0	1493	101.6	5.83	-0.0915	0.3	111115
292	"11:13:43"	599.0	-16.2	2.32	513	20.1	1.5	6	1	2.84	39.80	39.26	39.77	499.91	505.93	36.359	55.353	50.36	76.67	599.9	-0	1493	101.6	5.83	-0.0915	0.3	111115
293	"11:13:44"	601.5	-16.3	2.36	513	20.2	1.49	6	1	2.84	39.81	39.27	39.78	499.86	505.92	36.374	55.450	50.36	76.77	600.1	-0	1493	101.6	5.83	-0.0915	0.3	111115
294	"11:13:46"	602.5	-16.2	2.37	513	20.2	1.49	6	1	2.84	39.81	39.27	39.78	499.89	505.86	36.382	55.482	50.36	76.80	600.2	-0	1493	101.6	5.83	-0.0915	0.3	111115
295	"11:13:47"	604.0	-16	2.39	512	20.3	1.49	6	1	2.84	39.82	39.27	39.79	500.00	505.78	36.390	55.528	50.36	76.84	600.2	-0	1493	101.6	5.83	-0.0915	0.3	111115
296	"11:13:48"	605.0	-16	2.4	512	20.3	1.49	6	1	2.84	39.82	39.28	39.79	500.04	505.76	36.396	55.557	50.36	76.87	600.1	-0	1494	101.6	5.83	-0.0915	0.3	111115
297	"11:13:49"	606.5	-15.9	2.41	512	20.3	1.48	6	1	2.84	39.83	39.28	39.80	500.09	505.75	36.405	55.607	50.36	76.92	600.0	-0	1495	101.6	5.83	-0.0915	0.3	111115
298	"11:13:51"	608.0	-15.9	2.43	512	20.4	1.48	6	1	2.84	39.83	39.29	39.80	500.09	505.68	36.415	55.645	50.36	76.95	599.9	-0	1495	101.6	5.83	-0.0915	0.3	111115
299	"11:13:52"	608.5	-15.9	2.44	512	20.4	1.48	6	1	2.84	39.83	39.29	39.80	500.09	505.72	36.419	55.661	50.36	76.97	599.9	-0	1494	101.6	5.83	-0.0915	0.3	111115
300	"11:13:53"	610.0	-15.9	2.45	512	20.4	1.48	6	1	2.84	39.84	39.29	39.81	500.05	505.67	36.426	55.691	50.36	76.99	599.9	-0	1494	101.6	5.83	-0.0915	0.3	111115
301	"11:13:54"	611.5	-15.9	2.46	512	20.4	1.48	6	1	2.84	39.84	39.29	39.81	500.04	505.65	36.432	55.720	50.35	77.01	599.9	-0	1494	101.6	5.83	-0.0915	0.3	111115
302	"11:13:55"	612.5	-15.9	2.46	512	20.4	1.47	6	1	2.84	39.85	39.29	39.82	500.04	505.64	36.438	55.735	50.35	77.02	600.0	-0	1494	101.6	5.83	-0.0915	0.3	111115
303	"11:13:57"	614.0	-16	2.47	512	20.5	1.47	6	1	2.84	39.85	39.30	39.82	500.04	505.69	36.448	55.765	50.36	77.04	600.0	-0	1494	101.6	5.83	-0.0915	0.3	111115
304	"11:13:58"	615.0	-16.2	2.48	512	20.5	1.47	6	1	2.84	39.85	39.30	39.83	499.95	505.75	36.456	55.785	50.36	77.06	600.1	-0	1494	101.6	5.83	-0.0915	0.3	111115
305	"11:13:59"	616.5	-16.1	2.5	512	20.5	1.47	6	1	2.84	39.86	39.31	39.83	499.96	505.67	36.467	55.838	50.36	77.11	600.2	-0	1494	101.6	5.83	-0.0915	0.7	111115
306	"11:14:01"	617.5	-16	2.51	512	20.5	1.47	6	1	2.84	39.86	39.31	39.83	499.99	505.64	36.475	55.866	50.37	77.14	600.2	-0	1494	101.6	5.83	-0.0915	0.7	111115
307	"11:14:02"	619.0	-15.9	2.53	512	20.6	1.47	6	1	2.84	39.87	39.32	39.84	500.05	505.54	36.483	55.918	50.36	77.19	600.1	-0	1494	101.6	5.83	-0.0915	0.7	111115
308	"11:14:03"	620.0	-16.1	2.54	512	20.6	1.46	6	1	2.84	39.87	39.32	39.84	499.99	505.62	36.492	55.952	50.37	77.22	600.1	-0	1494	101.6	5.83	-0.0915	0.7	111115
309	"11:14:04"	621.5	-16	2.56	512	20.7	1.46	6	1	2.84	39.88	39.33	39.85	499.95	505.56	36.503	56.003	50.37	77.27	600.0	-0	1494	101.6	5.83	-0.0915	0.7	111115
310	"11:14:06"	622.5	-16.1	2.58	512	20.7	1.46	6	1	2.84	39.88	39.33	39.85	499.96	505.57	36.511	56.045	50.37	77.31	600.0	-0	1494	101.6	5.83	-0.0915	0.7	111115
311	"11:14:07"	624.0	-15.9	2.6	511	20.7	1.45	6	1	2.84	39.89	39.34	39.86	500.07	505.45	36.521	56.102	50.37	77.37	600.0	-0	1493	101.6	5.83	-0.0915	0.7	111115
312	"11:14:08"	625.0	-15.9	2.62	511	20.8	1.45	6	1	2.84	39.89	39.34	39.86	499.99	505.43	36.527	56.150	50.36	77.42	599.9	-0	1493	101.6	5.83	-0.0915	0.7	111115
313	"11:14:09"	626.5	-16	2.65	511	20.8	1.45	6	1	2.84	39.89	39.35	39.86	499.94	505.42	36.533	56.212	50.36	77.48	600.0	-0	1491	101.6	5.83	-0.0915	0.7	111115
314	"11:14:10"	627.5	-16	2.67	511	20.9	1.45	6	1	2.84	39.90	39.35	39.87	499.93	505.39	36.540	56.256	50.36	77.53	599.9	-0	1491	101.6	5.83	-0.0915	0.7	111115
315	"11:14:12"	629.0	-16	2.69	511	20.9	1.44	6	1	2.84	39.90	39.36	39.87	499.97	505.38	36.551	56.317	50.36	77.59	600.0	-0	1491	101.6	5.83	-0.0915	0.3	111115
316	"11:14:13"	630.0	-16	2.71	511	21	1.44	6	1	2.84	39.91	39.37	39.87	499.97	505.39	36.559	56.358	50.36	77.63	600.0	-0	1490	101.6	5.83	-0.0915	0.3	111115
317	"11:14:14"	631.5	-16	2.73	511	21	1.44	6	1	2.84	39.91	39.37	39.88	499.95	505.36	36.570	56.402	50.36	77.67	600.0	-0	1490	101.6	5.83	-0.0915	0.3	111115
318	"11:14:16"	632.5	-16	2.74	511	21	1.44	6	1	2.84	39.92	39.38	39.88	499.95	505.33	36.576	56.425	50.36	77.69	600.0	-0	1490	101.6	5.83	-0.0915	0.3	111115
319	"11:14:17"	633.0	-16	2.74	511	21	1.44	6	1	2.84	39.92	39.38	39.88	499.96	505.31	36.579	56.436	50.36	77.70	600.0	-0	1490	101.6	5.83	-0.0915	0.3	111115
320	"11:14:18"	635.0	-15.8	2.76	511	21.1	1.43	6	1	2.84	39.92	39.38	39.89	500.11	505.26	36.594	56.484	50.36	77.73	600.0	-0	1489	101.6	5.83	-0.0915	0.3	111115
321	"11:14:19"	636.0	-15.7	2.77	511	21.1	1.43	6	1	2.84	39.93	39.38	39.90	500.15	505.22	36.600	56.503	50.36	77.74	600.0	-0	1489	101.6	5.83	-0.0915	0.3	111115
322	"11:14:20"	637.5	-15.8	2.77	511	21.1	1.43	6	1	2.84	39.93	39.39	39.90	500.16	505.25	36.611	56.528	50.36	77.76	600.0	-0	1488	101.6	5.83	-0.0915	0.3	111115
323	"11:14:22"	638.5	-15.7	2.77	510	21.1	1.43	6	1	2.84	39.93	39.39	39.90	500.19	505.21	36.618	56.537	50.36	77.76	600.0	-0	1487	101.6	5.83	-0.0915	0.3	111115
324	"11:14:23"	640.0	-15.8	2.79	511	21.1	1.43	6	1	2.84	39.94	39.39	39.91	500.15	505.23	36.628	56.563	50.37	77.78	600.0	-0	1487	101.6	5.83	-0.0915	0.3	111115
325	"11:14:24"	641.0	-15.7	2.8	510	21.1	1.43	6	1	2.84	39.94	39.39	39.91	500.12	505.15	36.635	56.578	50.37	77.79	600.0	-0	1487	101.6	5.83	-0.0915	0.3	111115
326	"11:14:25"	642.5	-15.7	2.8	510	21.1	1.43	6	1	2.84	39.95	39.40	39.92	500.07	505.08	36.646	56.590	50.37	77.79	600.0	-0	1487	101.6	5.83	-0.0915	0.3	111115
327	"11:14:27"	643.5	-15.7	2.8	510	21.1	1.43	6	1	2.84	39.95	39.40	39.92	500.07	505.11	36.653	56.598	50.37	77.78	600.0	-0	1487	101.6	5.83	-0.0915	0.3	111115
328	"11:14:28"	645.0	-15.8	2.78	511	21.1	1.43	6	1	2.84	39.95	39.40	39.92	500.08	505.26	36.663	56.585	50.38	77.75	600.0	-0	1486	101.6	5.83	-0.0915	0.3	111115
329	"11:14:29"	646.0	-15.9	2.77	511	21.1	1.43	6	1	2.84	39.96	39.40	39.93	500.06	505.31	36.672	56.586	50.38	77.74	600.0	-0	1486	101.6	5.83	-0.0915	0.7	111115
330	"11:14:30"	647.5	-16	2.76	511	21.1	1.43	6	1	2.84	39.96	39.41	39.93	500.01	505.33	36.682	56.569	50.39	77.70	600.0	-0	1486	101.6	5.83	-0.0915	1.0	111115
331	"11:14:32"	648.5	-16	2.75	511	21.1	1.43	6	1	2.84	39.96	39.41	39.93	499.98	505.29	36.689	56.557	50.39	77.68	600.0	-0	1486	101.6	5.83	-0.0915	1.0	111115
332	"11:14:33"	650.0	-16	2.72	511	21	1.44	6	1	2.84	39.96	39.41	39.94	499.88	505.29	36.697	56.520	50.39	77.61	600.0	-0	1487	101.6	5.83	-0.0915	1.0	111115
333	"11:14:34"	651.0	-16.1	2.7	511	21	1.44	6	1	2.84	39.97	39.41	39.94	499.85	505.37	36.705	56.495	50.40	77.57	600.0	-0	1487	101.6	5.83	-0.0915	1.0	111115
334	"11:14:35"	652.5	-16.1	2.67	511	20.9	1.45	6	1	2.84	39.97	39.41	39.94	499.89	505.39	36.715	56.458	50.40	77.50	600.0	-0	1487	101.6	5.83	-0.0915	1.0	111115
335	"11:14:37"	653.5	-16	2.66	511	20.9	1.45	6	1	2.84	39.97	39.41	39.95	499.94	505.41	36.723	56.440	50.41	77.47	600.0	-0	1488	101.6	5.83	-0.0915	1.0	111115
336	"11:14:38"	655.0	-15.9	2.64	511	20.9	1.45	6	1	2.84	39.98	39.41	39.95	500.05	505.40	36.735	56.420	50.41	77.43	600.0	-0	1488	101.6	5.83	-0.0915	1.0	111115
337	"11:14:39"	656.0	-15.8	2.63	511	20.8	1.45	6	1	2.84	39.98	39.41	39.95	500.10	505.39	36.745	56.412	50.42	77.41	600.0	-0	1488	101.6	5.83	-0.0915	1.0	111115
338	"11:14:40"	657.5	-15.9	2.61	511	20.8	1.46	6	1	2.84	39.98	39.42	39.96	500.10	505.44	36.757	56.391	50.43	77.37	600.1	-0	1488	101.6	5.83	-0.0915	0.7	111115
339	"11:14:42"	658.5	-15.9	2.6	511	20.8	1.46	6	1	2.84	39.98	39.42	39.96	500.06	505.45	36.765	56.381	50.43	77.34	600.1	-0	1488	101.6	5.83	-0.0915	0.7	111115
340	"11:14:43"	660.0	-15.9	2.58	511	20.7	1.46	6	1	2.84	39.99	39.42	39.96	500.00	505.43	36.779	56.358	50.44	77.30	600.0	-0	1488	101.6	5.83	-0.0915	0.7	111115
341	"11:14:44"	661.0	-15.8	2.57	511	20.7	1.46	6	1	2.84	39.99	39.42	39.97	500.02	505.38	36.787	56.342	50.45	77.26	600.0	-0	1488	101.6	5.83	-0.0915	1.0	111115
342	"11:14:45"	662.5	-15.9	2.55	511	20.7	1.46	6	1	2.84	39.99	39.42	39.97	499.99	505.41	36.799	56.324	50.46	77.23	600.0	-0	1488	101.6	5.83	-0.0915	1.0	111115
343	"11:14:47"	663.5	-15.9	2.54	511	20.7	1.47	6	1	2.84	40.00	39.42	39.97	499.96	505.40	36.807	56.311	50.46	77.20	600.0	-0	1488	101.6	5.83	-0.0915	1.0	111115
344	"11:14:48"	664.0	-15.9	2.54	511	20.7	1.47	6	1	2.84	40.00	39.42	39.98	499.95	505.43	36.809	56.305	50.46	77.19	600.0	-0	1488	101.6	5.83	-0.0915	1.0	111115
345	"11:14:49"	666.0	-16.1	2.52	512	20.6	1.47	6	1	2.84	40.00	39.43	39.98	499.91	505.59	36.825	56.294	50.47	77.15	600.2	-0	1486	101.6	5.83	-0.0915	1.0	111115
346	"11:14:50"	667.0	-16.1	2.51	512	20.6	1.47	6	1	2.84	40.00	39.44	39.98	500.00	505.62	36.834	56.295	50.47	77.14	600.2	-0	1486	101.6	5.83	-0.0915	1.0	111115
347	"11:14:51"	668.5	-15.9	2.51	512	20.6	1.47	6	1	2.84	40.01	39.44	39.99	500.04	505.51	36.844	56.304	50.48	77.14	600.1	-0	1485	101.6	5.83	-0.0915	1.0	111115
348	"11:14:53"	669.5	-15.9	2.5	512	20.6	1.47	6	1	2.84	40.01	39.44	39.99	500.02	505.48	36.850	56.309	50.48	77.14	600.1	-0	1485	101.6	5.83	-0.0915	1.0	111115
349	"11:14:54"	671.0	-15.9	2.5	511	20.6	1.48	6	1	2.84	40.01	39.45	39.99	499.94	505.42	36.861	56.325	50.49	77.14	600.0	-0	1484	101.6	5.83	-0.0915	1.0	111115
350	"11:14:55"	672.0	-15.9	2.5	512	20.6	1.48	6	1	2.84	40.02	39.45	40.00	499.98	505.47	36.870	56.332	50.49	77.14	599.9	-0	1483	101.6	5.83	-0.0915	1.0	111115
351	"11:14:56"	673.5	-15.8	2.5	511	20.6	1.48	6	1	2.84	40.02	39.46	40.00	500.04	505.45	36.884	56.350	50.50	77.15	599.9	-0	1483	101.6	5.83	-0.0915	1.0	111115
352	"11:14:58"	674.5	-15.8	2.51	511	20.6	1.48	6	1	2.84	40.02	39.46	40.00	500.06	505.45	36.891	56.372	50.50	77.16	599.9	-0	1482	101.6	5.83	-0.0915	1.0	111115
353	"11:14:59"	676.0	-15.7	2.52	511	20.7	1.47	6	1	2.84	40.03	39.47	40.01	500.10	505.36	36.904	56.418	50.50	77.21	599.9	-0	1482	101.6	5.83	-0.0915	1.0	111115
354	"11:15:00"	676.5	-15.7	2.52	511	20.7	1.47	6	1	2.84	40.03	39.47	40.01	500.11	505.32	36.907	56.430	50.50	77.22	599.9	-0	1482	101.6	5.83	-0.0915	1.0	111115
355	"11:15:01"	678.0	-15.7	2.53	511	20.7	1.47	6	1	2.84	40.04	39.48	40.01	500.09	505.32	36.919	56.458	50.51	77.24	600.0	-0	1481	101.6	5.83	-0.0915	1.0	111115
356	"11:15:02"	679.5	-15.8	2.54	511	20.7	1.47	6	1	2.84	40.04	39.48	40.01	500.00	505.32	36.932	56.476	50.51	77.24	600.1	-0	1481	101.6	5.83	-0.0915	1.0	111115
357	"11:15:03"	680.0	-15.8	2.54	511	20.7	1.47	6	1	2.84	40.04	39.48	40.02	499.98	505.32	36.936	56.477	50.51	77.24	600.2	-0	1482	101.6	5.83	-0.0915	1.0	111115
358	"11:15:05"	682.0	-16	2.53	511	20.7	1.47	6	1	2.84	40.05	39.48	40.02	499.89	505.39	36.953	56.464	50.52	77.20	600.1	-0	1482	101.6	5.83	-0.0915	1.0	111115
359	"11:15:06"	683.0	-15.9	2.52	511	20.7	1.47	6	1	2.84	40.05	39.47	40.02	499.95	505.41	36.960	56.443	50.53	77.16	600.1	-0	1481	101.6	5.83	-0.0915	1.0	111115
360	"11:15:07"	684.5	-15.8	2.49	511	20.6	1.48	6	1	2.84	40.05	39.47	40.03	500.02	505.39	36.968	56.408	50.53	77.10	600.0	-0	1481	101.6	5.83	-0.0915	1.0	111115
361	"11:15:09"	685.5	-15.6	2.47	511	20.6	1.48	6	1	2.84	40.05	39.47	40.03	500.09	505.34	36.976	56.374	50.54	77.05	600.0	-0	1481	101.6	5.83	-0.0915	1.0	111115
362	"11:15:10"	687.0	-15.8	2.44	512	20.5	1.48	6	1	2.84	40.06	39.47	40.04	499.98	505.42	36.988	56.323	50.54	76.96	600.0	-0	1480	101.6	5.83	-0.0915	1.0	111115
363	"11:15:11"	688.0	-15.8	2.42	512	20.4	1.49	6	1	2.84	40.06	39.48	40.04	499.92	505.44	36.996	56.283	50.55	76.90	599.9	-0	1480	101.6	5.83	-0.0915	1.0	111115
364	"11:15:12"	689.5	-15.8	2.38	512	20.4	1.5	6	1	2.84	40.06	39.48	40.04	499.95	505.48	37.008	56.229	50.56	76.82	599.9	-0	1479	101.6	5.83	-0.0915	1.0	111115
365	"11:15:14"	690.5	-15.6	2.36	512	20.3	1.5	6	1	2.84	40.06	39.48	40.04	500.07	505.41	37.015	56.196	50.56	76.76	599.9	-0	1478	101.6	5.83	-0.0915	1.0	111115
366	"11:15:15"	692.0	-15.5	2.33	512	20.3	1.51	6	1	2.84	40.07	39.49	40.05	500.14	505.43	37.027	56.154	50.57	76.69	600.0	-0	1478	101.6	5.83	-0.0915	1.0	111115
367	"11:15:16"	693.0	-15.6	2.32	512	20.2	1.51	6	1	2.84	40.07	39.49	40.05	500.09	505.45	37.035	56.134	50.57	76.66	600.0	-0	1479	101.6	5.83	-0.0915	1.0	111115
368	"11:15:17"	694.5	-15.6	2.29	512	20.2	1.51	6	1	2.84	40.07	39.49	40.05	500.09	505.46	37.046	56.107	50.58	76.60	600.0	-0	1480	101.6	5.83	-0.0915	0.7	111115
369	"11:15:19"	695.5	-15.5	2.28	512	20.2	1.52	6	1	2.84	40.08	39.50	40.06	500.11	505.44	37.054	56.101	50.58	76.58	600.0	-0	1480	101.6	5.83	-0.0915	0.7	111115
370	"11:15:20"	697.0	-15.5	2.28	512	20.2	1.52	6	1	2.84	40.08	39.50	40.06	500.11	505.46	37.066	56.107	50.59	76.58	600.0	-0	1481	101.6	5.83	-0.0915	0.7	111115
371	"11:15:21"	698.0	-15.8	2.28	512	20.2	1.52	6	1	2.84	40.08	39.51	40.06	500.00	505.58	37.075	56.123	50.59	76.59	600.0	-0	1481	101.6	5.83	-0.0915	0.7	111115
372	"11:15:22"	699.5	-15.9	2.28	512	20.2	1.52	6	1	2.84	40.09	39.52	40.07	499.97	505.61	37.087	56.148	50.60	76.60	600.0	-0	1481	101.6	5.83	-0.0915	0.7	111115
373	"11:15:24"	700.5	-15.8	2.28	512	20.2	1.52	6	1	2.84	40.09	39.52	40.07	499.98	505.59	37.095	56.173	50.60	76.62	600.0	-0	1480	101.6	5.83	-0.0915	0.7	111115
374	"11:15:25"	702.0	-15.6	2.29	512	20.2	1.52	6	1	2.84	40.10	39.53	40.07	500.14	505.48	37.108	56.205	50.60	76.64	600.0	-0	1480	101.6	5.83	-0.0915	1.0	111115
375	"11:15:26"	702.5	-15.6	2.29	512	20.2	1.52	6	1	2.84	40.10	39.54	40.08	500.15	505.47	37.111	56.223	50.60	76.66	600.0	-0	1480	101.6	5.83	-0.0915	1.0	111115
376	"11:15:27"	704.0	-15.5	2.3	512	20.3	1.52	6	1	2.84	40.10	39.54	40.08	500.15	505.41	37.125	56.265	50.60	76.70	599.9	-0	1480	101.6	5.83	-0.0915	1.0	111115
377	"11:15:28"	705.5	-15.6	2.32	512	20.3	1.52	6	1	2.84	40.11	39.55	40.09	500.07	505.44	37.136	56.318	50.61	76.74	600.0	-0	1480	101.6	5.83	-0.0915	1.0	111115
378	"11:15:30"	706.5	-15.8	2.32	512	20.3	1.51	6	1	2.84	40.11	39.56	40.09	499.96	505.51	37.146	56.347	50.61	76.77	599.9	-0	1481	101.6	5.83	-0.0915	1.0	111115
379	"11:15:31"	708.0	-15.8	2.34	512	20.4	1.51	6	1	2.84	40.12	39.57	40.09	499.95	505.47	37.158	56.402	50.61	76.82	600.0	-0	1481	101.6	5.83	-0.0915	1.0	111115
380	"11:15:32"	709.0	-15.8	2.34	512	20.4	1.51	6	1	2.84	40.12	39.57	40.10	499.94	505.45	37.165	56.432	50.61	76.84	599.9	-0	1481	101.6	5.83	-0.0915	1.0	111115
381	"11:15:33"	710.5	-15.7	2.35	512	20.4	1.51	6	1	2.84	40.13	39.58	40.10	499.98	505.36	37.175	56.462	50.61	76.86	600.0	-0	1481	101.6	5.83	-0.0915	0.7	111115
382	"11:15:35"	711.5	-15.7	2.36	511	20.4	1.51	6	1	2.84	40.13	39.58	40.10	499.99	505.34	37.181	56.477	50.61	76.87	600.0	-0	1482	101.6	5.83	-0.0915	0.7	111115
383	"11:15:36"	713.0	-15.5	2.36	511	20.5	1.51	6	1	2.84	40.13	39.59	40.11	500.06	505.26	37.192	56.495	50.61	76.87	600.0	-0	1482	101.6	5.83	-0.0915	0.7	111115
384	"11:15:37"	714.0	-15.5	2.35	511	20.5	1.51	6	1	2.84	40.14	39.59	40.11	500.07	505.28	37.199	56.505	50.61	76.87	600.0	-0	1482	101.6	5.83	-0.0915	0.7	111115
385	"11:15:38"	715.5	-15.4	2.35	511	20.5	1.51	6	1	2.84	40.14	39.60	40.12	500.09	505.18	37.210	56.510	50.61	76.86	600.0	-0	1482	101.6	5.83	-0.0915	0.3	111115
386	"11:15:40"	716.5	-15.5	2.34	511	20.4	1.51	6	1	2.84	40.15	39.60	40.12	500.04	505.21	37.218	56.508	50.61	76.84	600.0	-0	1481	101.6	5.83	-0.0915	0.3	111115
387	"11:15:41"	718.0	-15.3	2.33	511	20.4	1.52	6	1	2.84	40.15	39.60	40.12	500.14	505.13	37.228	56.503	50.61	76.82	600.0	-0	1481	101.6	5.83	-0.0915	0.3	111115
388	"11:15:42"	719.0	-15.3	2.33	511	20.4	1.52	6	1	2.84	40.15	39.61	40.13	500.16	505.16	37.236	56.502	50.62	76.81	600.0	-0	1481	101.6	5.83	-0.0915	0.3	111115
389	"11:15:43"	719.5	-15.3	2.32	511	20.4	1.52	6	1	2.84	40.15	39.61	40.13	500.17	505.17	37.240	56.504	50.62	76.80	600.0	-0	1481	101.6	5.83	-0.0915	0.3	111115
390	"11:15:44"	721.5	-15.3	2.32	511	20.4	1.52	6	1	2.84	40.16	39.62	40.13	500.15	505.13	37.251	56.514	50.62	76.79	600.1	-0	1482	101.6	5.83	-0.0915	0.7	111115
391	"11:15:46"	722.5	-15.3	2.31	511	20.4	1.52	6	1	2.84	40.17	39.62	40.14	500.13	505.14	37.257	56.518	50.62	76.78	600.1	-0	1482	101.6	5.83	-0.0915	0.7	111115
392	"11:15:47"	724.0	-15.3	2.31	511	20.4	1.53	6	1	2.84	40.17	39.63	40.14	500.09	505.10	37.272	56.528	50.62	76.77	600.1	-0	1483	101.6	5.83	-0.0915	0.7	111115
393	"11:15:48"	725.0	-15.4	2.3	511	20.4	1.53	6	1	2.84	40.17	39.64	40.15	500.07	505.13	37.281	56.532	50.62	76.76	600.0	-0	1483	101.6	5.83	-0.0915	0.7	111115
394	"11:15:49"	726.5	-15.4	2.3	511	20.4	1.53	6	1	2.84	40.18	39.64	40.15	500.01	505.13	37.294	56.543	50.63	76.76	600.0	-0	1484	101.6	5.83	-0.0915	0.7	111115
395	"11:15:51"	727.5	-15.3	2.29	511	20.4	1.53	6	1	2.84	40.18	39.65	40.15	500.08	505.12	37.302	56.555	50.63	76.76	600.0	-0	1484	101.6	5.83	-0.0915	1.0	111115
396	"11:15:52"	729.0	-15.2	2.29	511	20.4	1.53	6	1	2.84	40.19	39.66	40.16	500.19	505.09	37.313	56.576	50.63	76.76	600.0	-0	1485	101.6	5.83	-0.0915	1.0	111115
397	"11:15:53"	730.0	-15.3	2.29	511	20.4	1.53	6	1	2.84	40.19	39.66	40.16	500.17	505.13	37.321	56.583	50.63	76.76	600.0	-0	1485	101.6	5.83	-0.0915	1.0	111115
398	"11:15:54"	731.5	-15.2	2.29	511	20.4	1.53	6	1	2.84	40.20	39.67	40.17	500.16	505.09	37.332	56.595	50.63	76.76	600.0	-0	1485	101.6	5.83	-0.0915	1.0	111115
399	"11:15:56"	732.5	-15.3	2.29	511	20.4	1.53	6	1	2.84	40.20	39.67	40.17	500.11	505.09	37.338	56.606	50.63	76.76	600.1	-0	1484	101.6	5.83	-0.0915	1.0	111115
400	"11:15:57"	734.0	-15.3	2.28	511	20.4	1.54	6	1	2.84	40.21	39.68	40.18	500.09	505.04	37.349	56.617	50.63	76.75	600.0	-0	1484	101.6	5.83	-0.0915	1.0	111115
401	"11:15:58"	735.0	-15.2	2.28	511	20.4	1.54	6	1	2.84	40.21	39.69	40.18	500.09	505.02	37.356	56.630	50.63	76.75	600.0	-0	1484	101.6	5.83	-0.0915	1.0	111115
402	"11:15:59"	736.5	-15.3	2.28	511	20.4	1.54	6	1	2.84	40.22	39.69	40.18	499.99	505.02	37.366	56.647	50.63	76.75	599.9	-0	1485	101.6	5.83	-0.0915	1.0	111115
403	"11:16:01"	737.5	-15.4	2.28	511	20.4	1.54	6	1	2.84	40.22	39.70	40.19	499.97	505.07	37.373	56.657	50.63	76.75	599.9	-0	1485	101.6	5.83	-0.0915	1.0	111115
404	"11:16:02"	739.0	-15.5	2.29	511	20.5	1.54	6	1	2.84	40.22	39.70	40.19	499.96	505.10	37.387	56.687	50.63	76.77	599.9	-0	1485	101.6	5.83	-0.0915	1.0	111115
405	"11:16:03"	740.0	-15.4	2.29	511	20.5	1.53	6	1	2.84	40.23	39.70	40.20	500.01	505.11	37.394	56.713	50.63	76.79	599.9	-0	1485	101.6	5.83	-0.0915	1.0	111115
406	"11:16:04"	741.5	-15.4	2.3	511	20.5	1.53	6	1	2.84	40.23	39.71	40.20	500.03	505.09	37.408	56.756	50.64	76.83	600.0	-0	1484	101.6	5.83	-0.0915	1.0	111115
407	"11:16:06"	742.5	-15.4	2.31	511	20.5	1.53	6	1	2.84	40.24	39.72	40.20	500.07	505.07	37.415	56.782	50.64	76.85	599.9	-0	1485	101.6	5.83	-0.0915	1.0	111115
408	"11:16:07"	744.0	-15.3	2.32	511	20.6	1.53	6	1	2.84	40.24	39.73	40.21	500.12	504.98	37.432	56.831	50.64	76.89	600.0	-0	1485	101.6	5.83	-0.0915	1.0	111115
409	"11:16:08"	745.0	-15.2	2.33	511	20.6	1.53	6	1	2.84	40.25	39.73	40.21	500.14	504.97	37.439	56.860	50.64	76.91	600.0	-0	1486	101.6	5.83	-0.0915	1.0	111115
410	"11:16:09"	746.5	-15.3	2.35	510	20.6	1.53	6	1	2.84	40.25	39.74	40.22	500.09	504.92	37.451	56.923	50.64	76.97	600.1	-0	1486	101.6	5.83	-0.0915	0.7	111115
411	"11:16:11"	747.5	-15.3	2.36	510	20.7	1.52	6	1	2.84	40.26	39.74	40.22	500.07	504.90	37.458	56.960	50.64	77.01	600.1	-0	1486	101.6	5.83	-0.0915	0.7	111115
412	"11:16:12"	749.0	-15.3	2.39	510	20.8	1.52	6	1	2.84	40.26	39.75	40.22	500.06	504.87	37.468	57.038	50.64	77.09	600.1	-0	1485	101.6	5.83	-0.0915	0.7	111115
413	"11:16:13"	750.0	-15.3	2.41	510	20.8	1.52	6	1	2.84	40.26	39.76	40.23	500.07	504.84	37.473	57.086	50.64	77.14	600.1	-0	1485	101.6	5.83	-0.0915	0.7	111115
414	"11:16:14"	751.5	-15.4	2.44	510	20.9	1.51	6	1	2.84	40.27	39.77	40.23	499.99	504.87	37.484	57.168	50.64	77.23	600.1	-0	1485	101.6	5.83	-0.0915	0.7	111115
415	"11:16:16"	752.5	-15.3	2.46	510	20.9	1.51	6	1	2.84	40.27	39.77	40.23	500.02	504.78	37.489	57.216	50.63	77.28	600.1	-0	1485	101.6	5.83	-0.0915	0.7	111115
416	"11:16:17"	754.0	-15.3	2.49	510	21	1.5	6	1	2.84	40.28	39.78	40.24	500.04	504.75	37.497	57.297	50.63	77.37	600.0	-0	1485	101.6	5.83	-0.0915	0.3	111115
417	"11:16:18"	754.5	-15.2	2.5	510	21	1.5	6	1	2.84	40.28	39.78	40.24	500.07	504.68	37.500	57.320	50.63	77.39	600.0	-0	1485	101.6	5.83	-0.0915	0.3	111115
418	"11:16:19"	756.0	-15.1	2.53	510	21.1	1.5	6	1	2.84	40.29	39.79	40.24	500.14	504.62	37.507	57.394	50.62	77.47	600.0	-0	1484	101.6	5.83	-0.0915	0.3	111115
419	"11:16:20"	757.5	-15.1	2.56	509	21.2	1.49	6	1	2.84	40.29	39.79	40.25	500.12	504.60	37.516	57.461	50.62	77.53	599.9	-0	1484	101.6	5.83	-0.0915	0.3	111115
420	"11:16:22"	758.5	-15.3	2.58	510	21.2	1.49	6	1	2.84	40.30	39.79	40.25	500.06	504.70	37.521	57.503	50.62	77.57	599.9	-0	1484	101.6	5.83	-0.0915	0.3	111115
421	"11:16:23"	760.0	-15.4	2.6	510	21.2	1.49	6	1	2.84	40.30	39.80	40.26	500.04	504.72	37.529	57.548	50.62	77.61	599.9	-0	1485	101.6	5.83	-0.0915	0.3	111115
422	"11:16:24"	761.0	-15.5	2.62	510	21.3	1.48	6	1	2.84	40.30	39.80	40.26	500.01	504.77	37.533	57.585	50.61	77.65	599.9	-0	1486	101.6	5.83	-0.0915	0.3	111115
423	"11:16:25"	762.5	-15.5	2.63	510	21.3	1.48	6	1	2.84	40.31	39.81	40.26	500.03	504.73	37.540	57.627	50.61	77.69	600.0	-0	1340	101.6	5.83	-0.0915	0.3	111115
424	"11:16:26"	763.5	-15.3	2.65	510	21.3	1.48	6	1	2.84	40.31	39.81	40.27	500.10	504.67	37.542	57.660	50.60	77.72	600.0	-0	987	101.6	5.83	-0.0915	0.7	111115
425	"11:16:28"	765.0	-15.2	2.67	509	21.4	1.48	6	1	2.84	40.32	39.82	40.27	500.20	504.59	37.551	57.710	50.60	77.76	600.1	-0	459	101.6	5.83	-0.0915	0.7	111115
426	"11:16:29"	766.0	-15.2	2.69	509	21.4	1.48	6	1	2.84	40.32	39.82	40.28	500.23	504.58	37.557	57.751	50.60	77.80	600.1	-0	107	101.6	5.83	-0.0915	0.7	111115
427	"11:16:30"	767.5	-15.2	2.7	509	21.5	1.47	6	1	2.84	40.33	39.83	40.28	500.15	504.56	37.566	57.801	50.60	77.85	600.0	-0	77	101.6	5.83	-0.0915	0.7	111115
428	"11:16:31"	768.5	-15.3	2.72	509	21.5	1.47	6	1	2.84	40.33	39.83	40.28	500.14	504.56	37.572	57.840	50.60	77.89	600.0	-0	77	101.6	5.83	-0.0915	0.7	111115
429	"11:16:33"	770.0	-15.2	2.75	509	21.6	1.47	6	1	2.84	40.33	39.84	40.29	500.16	504.43	37.574	57.898	50.59	77.95	600.0	-0	83	101.6	5.83	-0.0915	0.7	111115
430	"11:16:34"	770.5	-15.1	2.76	509	21.6	1.47	6	1	2.84	40.34	39.84	40.29	500.17	504.42	37.574	57.923	50.58	77.98	600.0	-0	85	101.6	5.83	-0.0915	0.7	111115
431	"11:16:35"	772.0	-15	2.8	508	21.7	1.46	6	1	2.84	40.34	39.85	40.29	500.24	504.27	37.579	57.999	50.57	78.06	600.0	-0	96	101.6	5.83	-0.0915	0.3	111115
432	"11:16:37"	773.5	-15	2.84	508	21.8	1.46	6	1	2.84	40.35	39.86	40.30	500.16	504.16	37.583	58.072	50.57	78.13	600.0	-0	608	101.6	5.83	-0.0915	0.3	111115
433	"11:16:38"	775.0	-15	2.88	508	21.8	1.45	6	1	2.84	40.35	39.86	40.30	500.07	504.05	37.589	58.147	50.56	78.22	600.0	-0	1130	101.6	5.83	-0.0915	0.3	111115
434	"11:16:39"	776.0	-15	2.9	508	21.9	1.45	6	1	2.84	40.35	39.86	40.31	500.03	504.00	37.594	58.189	50.56	78.26	600.0	-0	1473	101.6	5.83	-0.0915	0.3	111115
435	"11:16:40"	777.5	-15	2.93	508	21.9	1.44	6	1	2.84	40.36	39.87	40.31	500.05	504.00	37.601	58.259	50.56	78.33	600.0	-0	1486	101.6	5.83	-0.0915	0.3	111115
436	"11:16:41"	778.5	-15	2.96	508	22	1.44	6	1	2.84	40.36	39.88	40.31	500.03	503.98	37.605	58.307	50.55	78.38	600.0	-0	1488	101.6	5.83	-0.0915	0.3	111115
437	"11:16:43"	779.0	-15	2.97	508	22	1.44	6	1	2.84	40.36	39.88	40.32	500.06	503.96	37.608	58.333	50.55	78.41	600.0	-0	1488	101.6	5.83	-0.0915	0.3	111115
438	"11:16:44"	781.0	-14.9	3.03	508	22.1	1.43	6	1	2.84	40.37	39.89	40.32	500.09	503.86	37.617	58.432	50.55	78.52	600.0	-0	1490	101.6	5.83	-0.0915	0.3	111115
439	"11:16:45"	782.0	-14.8	3.05	507	22.1	1.43	6	1	2.84	40.37	39.89	40.32	500.13	503.77	37.623	58.476	50.55	78.57	600.0	-0	1491	101.6	5.83	-0.0915	0.3	111115
440	"11:16:46"	783.5	-14.8	3.09	507	22.2	1.43	6	1	2.84	40.38	39.90	40.33	500.13	503.71	37.629	58.541	50.55	78.63	600.0	-0	1490	101.6	5.83	-0.0915	0.3	111115
441	"11:16:48"	784.5	-14.7	3.12	507	22.3	1.42	6	1	2.84	40.38	39.90	40.33	500.14	503.66	37.632	58.589	50.54	78.69	599.9	-0	1488	101.6	5.83	-0.0915	0.3	111115
442	"11:16:49"	786.0	-14.9	3.16	507	22.3	1.42	6	1	2.84	40.39	39.91	40.34	500.11	503.72	37.640	58.657	50.54	78.75	600.0	-0	1487	101.6	5.83	-0.0915	0.3	111115
443	"11:16:50"	787.0	-14.8	3.18	507	22.4	1.41	6	1	2.84	40.39	39.91	40.34	500.12	503.67	37.644	58.699	50.53	78.79	600.0	-0	1487	101.6	5.83	-0.0915	0.3	111115
444	"11:16:51"	788.5	-14.8	3.22	507	22.4	1.41	6	1	2.84	40.40	39.92	40.34	500.16	503.68	37.651	58.761	50.53	78.86	600.1	-0	1487	101.6	5.83	-0.0915	0.3	111115
445	"11:16:53"	789.5	-14.8	3.24	507	22.5	1.41	6	1	2.84	40.40	39.92	40.35	500.18	503.65	37.655	58.800	50.53	78.90	600.1	-0	1487	101.6	5.83	-0.0915	0.3	111115
446	"11:16:54"	790.0	-14.8	3.26	507	22.5	1.41	6	1	2.84	40.40	39.93	40.35	500.16	503.66	37.657	58.826	50.52	78.93	600.1	-0	1487	101.6	5.83	-0.0915	0.3	111115
447	"11:16:55"	791.0	-14.9	3.28	507	22.5	1.4	6	1	2.84	40.40	39.93	40.35	500.15	503.70	37.661	58.867	50.52	78.97	600.1	-0	1487	101.6	5.83	-0.0915	0.3	111115
448	"11:16:56"	793.0	-15.1	3.33	507	22.6	1.4	6	1	2.84	40.41	39.94	40.36	500.04	503.75	37.667	58.947	50.51	79.04	600.0	-0	1487	101.6	5.83	-0.0915	0.3	111115
449	"11:16:57"	794.5	-15.2	3.37	507	22.7	1.4	6	1	2.84	40.42	39.95	40.36	499.98	503.74	37.672	59.005	50.50	79.10	599.9	-0	1487	101.6	5.83	-0.0915	0.3	111115
450	"11:16:58"	795.5	-15.1	3.38	507	22.7	1.4	6	1	2.84	40.42	39.95	40.37	500.00	503.69	37.677	59.035	50.50	79.12	599.9	-0	1487	101.6	5.83	-0.0915	0.7	111115
451	"11:17:00"	797.0	-15.1	3.41	507	22.7	1.39	6	1	2.84	40.42	39.96	40.37	500.04	503.67	37.684	59.077	50.49	79.16	599.9	-0	1487	101.6	5.83	-0.0915	0.7	111115
452	"11:17:01"	798.0	-15	3.41	507	22.7	1.39	6	1	2.84	40.43	39.96	40.37	500.09	503.60	37.689	59.092	50.49	79.17	600.0	-0	1487	101.6	5.83	-0.0915	0.7	111115
453	"11:17:02"	799.5	-14.8	3.41	507	22.8	1.39	6	1	2.84	40.43	39.96	40.38	500.18	503.53	37.695	59.111	50.49	79.17	600.0	-0	1487	101.6	5.83	-0.0915	0.7	111115
454	"11:17:03"	800.5	-14.8	3.41	507	22.8	1.39	6	1	2.84	40.44	39.97	40.38	500.23	503.54	37.699	59.117	50.48	79.16	600.0	-0	1487	101.6	5.83	-0.0915	0.7	111115
455	"11:17:05"	802.0	-14.8	3.41	507	22.8	1.39	6	1	2.84	40.44	39.97	40.39	500.21	503.58	37.707	59.132	50.48	79.16	600.0	-0	1486	101.6	5.83	-0.0915	0.7	111115
456	"11:17:06"	803.0	-15	3.41	507	22.8	1.39	6	1	2.84	40.44	39.97	40.39	500.12	503.64	37.711	59.141	50.48	79.16	600.0	-0	1487	101.6	5.83	-0.0915	0.7	111115
457	"11:17:07"	804.5	-15	3.41	507	22.8	1.39	6	1	2.84	40.45	39.98	40.40	500.10	503.63	37.719	59.148	50.47	79.15	600.0	-0	1487	101.6	5.83	-0.0915	0.7	111115
458	"11:17:08"	805.5	-15	3.4	507	22.8	1.4	6	1	2.84	40.45	39.98	40.40	500.09	503.64	37.723	59.137	50.47	79.12	600.0	-0	1487	101.6	5.83	-0.0915	0.7	111115
459	"11:17:10"	807.0	-14.9	3.37	507	22.7	1.4	6	1	2.84	40.46	39.98	40.41	500.18	503.67	37.731	59.116	50.47	79.07	600.0	-0	1488	101.6	5.83	-0.0915	0.7	111115
460	"11:17:11"	808.0	-15.1	3.35	507	22.7	1.4	6	1	2.84	40.46	39.98	40.41	500.13	503.74	37.735	59.098	50.46	79.03	600.0	-0	1483	101.6	5.83	-0.0915	0.7	111115
461	"11:17:12"	809.5	-15.1	3.31	507	22.7	1.41	6	1	2.84	40.47	39.99	40.42	500.07	503.75	37.744	59.073	50.46	78.98	600.0	-0	1483	101.6	5.83	-0.0915	1.0	111115
462	"11:17:13"	810.5	-15.2	3.29	507	22.6	1.41	6	1	2.84	40.47	39.99	40.42	500.01	503.80	37.751	59.051	50.46	78.94	600.0	-0	1483	101.6	5.83	-0.0915	1.0	111115
463	"11:17:15"	812.0	-15.2	3.24	508	22.6	1.42	6	1	2.84	40.47	39.99	40.42	500.04	503.85	37.760	59.010	50.46	78.86	600.0	-0	1219	101.6	5.83	-0.0915	1.0	111115
464	"11:17:16"	813.0	-15.1	3.22	507	22.5	1.42	6	1	2.84	40.48	39.99	40.43	500.10	503.80	37.766	58.981	50.46	78.81	600.0	-0	1107	101.6	5.83	-0.0915	1.0	111115
465	"11:17:17"	814.5	-14.9	3.19	507	22.5	1.42	6	1	2.84	40.48	40.00	40.43	500.20	503.75	37.773	58.954	50.46	78.75	600.0	-0	722	101.6	5.83	-0.0915	1.0	111115
466	"11:17:18"	815.5	-14.7	3.17	507	22.5	1.42	6	1	2.84	40.48	40.00	40.44	500.28	503.66	37.778	58.939	50.46	78.72	600.0	-0	465	101.6	5.83	-0.0915	1.0	111115
467	"11:17:20"	817.0	-14.8	3.15	507	22.4	1.43	6	1	2.84	40.49	40.00	40.44	500.19	503.69	37.788	58.912	50.46	78.67	600.0	-0	227	101.6	5.83	-0.0915	1.0	111115
468	"11:17:21"	818.0	-14.9	3.13	507	22.4	1.43	6	1	2.84	40.49	40.00	40.45	500.09	503.69	37.793	58.894	50.46	78.63	600.1	-0	84	101.6	5.83	-0.0915	1.0	111115
469	"11:17:22"	819.5	-15.1	3.11	508	22.4	1.43	6	1	2.84	40.50	40.00	40.45	499.95	503.77	37.799	58.878	50.45	78.59	600.1	-0	81	101.6	5.83	-0.0915	0.7	111115
470	"11:17:23"	820.5	-15.1	3.09	508	22.4	1.44	6	1	2.84	40.50	40.01	40.45	499.97	503.83	37.801	58.870	50.45	78.57	600.1	-0	77	101.6	5.83	-0.0915	0.7	111115
471	"11:17:25"	822.0	-15.1	3.08	508	22.4	1.44	6	1	2.84	40.50	40.01	40.46	500.02	503.82	37.801	58.864	50.44	78.54	599.9	-0	391	101.6	5.83	-0.0915	0.7	111115
472	"11:17:26"	823.0	-15	3.07	508	22.4	1.44	6	1	2.84	40.51	40.01	40.46	500.08	503.82	37.800	58.862	50.43	78.52	599.9	-0	743	101.6	5.83	-0.0915	0.7	111115
473	"11:17:27"	824.5	-15.1	3.06	508	22.4	1.44	6	1	2.84	40.51	40.02	40.47	500.02	503.88	37.798	58.853	50.41	78.49	599.9	-0	1274	101.6	5.83	-0.0915	1.0	111115
474	"11:17:28"	825.0	-15.1	3.06	508	22.4	1.44	6	1	2.84	40.51	40.02	40.47	500.02	503.88	37.797	58.853	50.40	78.49	600.0	-0	1450	101.6	5.83	-0.0915	1.0	111115
475	"11:17:30"	826.5	-15.2	3.05	508	22.4	1.44	6	1	2.84	40.52	40.03	40.47	499.99	503.91	37.796	58.858	50.39	78.47	600.0	-0	1479	101.6	5.83	-0.0915	1.0	111115
476	"11:17:31"	828.0	-15.2	3.05	508	22.4	1.44	6	1	2.84	40.52	40.03	40.48	500.00	503.90	37.797	58.869	50.38	78.47	600.0	-0	1480	101.6	5.83	-0.0915	1.0	111115
477	"11:17:32"	829.0	-15.1	3.05	508	22.4	1.45	6	1	2.84	40.53	40.04	40.48	500.02	503.83	37.801	58.885	50.38	78.47	600.0	-0	1479	101.6	5.83	-0.0915	1.0	111115
478	"11:17:33"	830.5	-15.2	3.05	508	22.4	1.45	6	1	2.84	40.53	40.05	40.49	499.94	503.83	37.813	58.914	50.38	78.49	600.0	-0	1479	101.6	5.83	-0.0915	1.0	111115
479	"11:17:34"	831.5	-15.1	3.05	508	22.4	1.45	6	1	2.84	40.54	40.05	40.49	499.98	503.77	37.824	58.936	50.38	78.50	600.1	-0	1479	101.6	5.83	-0.0915	1.0	111115
480	"11:17:36"	833.0	-14.9	3.07	507	22.5	1.45	6	1	2.84	40.54	40.06	40.50	500.08	503.71	37.842	58.978	50.39	78.53	600.1	-0	1479	101.6	5.83	-0.0915	1.0	111115
481	"11:17:37"	834.0	-14.8	3.07	507	22.5	1.45	6	1	2.84	40.55	40.07	40.50	500.18	503.61	37.854	59.007	50.39	78.56	600.1	-0	1479	101.6	5.83	-0.0915	1.0	111115
482	"11:17:38"	835.5	-14.7	3.08	507	22.5	1.44	6	1	2.84	40.55	40.08	40.51	500.14	503.50	37.869	59.041	50.40	78.58	600.0	-0	1478	101.6	5.83	-0.0915	1.0	111115
483	"11:17:39"	836.5	-14.8	3.08	507	22.5	1.45	6	1	2.84	40.56	40.08	40.51	500.05	503.47	37.879	59.057	50.40	78.58	600.0	-0	1478	101.6	5.83	-0.0915	1.0	111115
484	"11:17:41"	838.0	-14.7	3.08	507	22.5	1.45	6	1	2.84	40.56	40.09	40.51	500.08	503.45	37.893	59.088	50.40	78.60	600.0	-0	1478	101.6	5.83	-0.0915	0.7	111115
485	"11:17:42"	839.0	-14.7	3.08	507	22.5	1.45	6	1	2.84	40.57	40.10	40.52	500.13	503.48	37.902	59.108	50.40	78.61	600.0	-0	1478	101.6	5.83	-0.0915	0.7	111115
